0,1,2,3,4,5
1733575260,0.00045510668861145,0.00045510668861145,0.000448413745240757,0.000448413745240757,320.89942299749
1733574960,0.000459251485394641,0.000459251485394641,0.00045510668861145,0.00045510668861145,27.20346079896
1733574900,0.000463880636817288,0.000463880636817288,0.000459251485394641,0.000459251485394641,389.13133325138
1733574660,0.00046501198704092,0.00046501198704092,0.000463880636817288,0.000463880636817288,49.8244963796
1733574540,0.000469869053332158,0.000469869053332158,0.00046501198704092,0.00046501198704092,42.40284671397
1733574480,0.000474853622084833,0.000474853622084833,0.000469869053332158,0.000469869053332158,487.99345746795
1733574420,0.000480334392047337,0.000480334392047337,0.000474853622084833,0.000474853622084833,20.86279338508
1733574180,0.000487459893903352,0.000487459893903352,0.000480334392047337,0.000480334392047337,538.0025336007
1733573880,0.000485139006862255,0.000487459893903352,0.000485139006862255,0.000487459893903352,2.3798
1733573820,0.000487741895877963,0.000487741895877963,0.000485139006862255,0.000485139006862255,5.85514882095
1733573760,0.000485348228070981,0.000487741895877963,0.000485348228070981,0.000487741895877963,2.3813
1733573700,0.000498574340750882,0.000498574340750882,0.000485225965782398,0.000485348228070981,12.02027123029
1733573640,0.000515242086540775,0.000515242086540775,0.000498574340750882,0.000498574340750882,1307.9524579452
1733573160,0.00051342472522434,0.000515242086540775,0.00051342472522434,0.000515242086540775,2.133081
1733573040,0.000513692159659945,0.000513692159659945,0.00051342472522434,0.00051342472522434,2.35208415455
1733572980,0.000517362262023784,0.000517362262023784,0.000513692159659945,0.000513692159659945,63.77516325491
1733572620,0.000516652819990312,0.000517362262023784,0.000516652819990312,0.000517362262023784,52.089444
1733572440,0.000514082381033377,0.000516652819990312,0.000514082381033377,0.000516652819990312,23.83217172
1733572380,0.000514093896952842,0.000514093896952842,0.000514082381033377,0.000514082381033377,2.0349837441
1733572320,0.000514318540617722,0.000514318540617722,0.000514093896952842,0.000514093896952842,3.17671699121
1733571540,0.000516839991293457,0.000516839991293457,0.000514318540617722,0.000514318540617722,8.00687147484
1733571480,0.000514476062768469,0.000516839991293457,0.000514476062768469,0.000516839991293457,5.46405315872
1733571060,0.000514595085693891,0.000514595085693891,0.000514476062768469,0.000514476062768469,3.5583845122
1733571000,0.000516239986089771,0.000516239986089771,0.000514595085693891,0.000514595085693891,78.96029904476
1733570940,0.000518895700141125,0.000518895700141125,0.000516239986089771,0.000516239986089771,4.9272429493
1733570820,0.000517405753120202,0.000518895700141125,0.000517405753120202,0.000518895700141125,4.9591593529
1733570760,0.000518690686388825,0.000518690686388825,0.000517405753120202,0.000517405753120202,122.26342693653
1733570640,0.000518640054718333,0.000518690686388825,0.000518640054718333,0.000518690686388825,0.2419318242
1733570460,0.000516971424576191,0.000520585782665651,0.000516971424576191,0.000518640054718333,87.22920164155
1733570340,0.000518175632985225,0.000518175632985225,0.000516971424576191,0.000516971424576191,3.57564373516
1733570100,0.000517167167521805,0.000518175632985225,0.000515786593599851,0.000518175632985225,161.64442257105
1733569920,0.000517764329949018,0.000517764329949018,0.000517167167521805,0.000517167167521805,49.72598310195
1733569860,0.000520544275541335,0.000520544275541335,0.000517764329949018,0.000517764329949018,7.16225576319
1733569620,0.000518073544091059,0.000520544275541335,0.000517895616207655,0.000520544275541335,4.21606491205
1733569560,0.00051825271836056,0.00051825271836056,0.000518073544091059,0.000518073544091059,17.14261065684
1733569500,0.000518446325026899,0.000518446325026899,0.00051825271836056,0.00051825271836056,1.98923889539
1733569440,0.000521224926421615,0.000521224926421615,0.000518446325026899,0.000518446325026899,14.3433796596
1733569260,0.000519878110810268,0.000521224926421615,0.000518441475962459,0.000521224926421615,11.13270678022
1733569200,0.000520474805468501,0.000520474805468501,0.000519878110810268,0.000519878110810268,135.36727254778
1733569020,0.000523765565042557,0.000523765565042557,0.000520474805468501,0.000520474805468501,9.5996665133
1733568420,0.000523212986470822,0.00052380484032604,0.000521277912655087,0.000523765565042557,74.54591577932
1733568240,0.000520644450355797,0.000523212986470822,0.000520644450355797,0.000523212986470822,4.95649235992
1733567940,0.000521237812532092,0.000521237812532092,0.000520644450355797,0.000520644450355797,19.47678824336
1733567820,0.000524123192837964,0.000524123192837964,0.000521237812532092,0.000521237812532092,14.01659866005
1733567400,0.000522555038155014,0.000524123192837964,0.000522555038155014,0.000524123192837964,23.862
1733567220,0.00051981048752153,0.000522555038155014,0.00051981048752153,0.000522555038155014,47.65
1733567160,0.000520888679138956,0.000520888679138956,0.00051981048752153,0.00051981048752153,69.761558784
1733567100,0.000521872052785929,0.000521872052785929,0.000520888679138956,0.000520888679138956,53.25742497202
1733567040,0.000523919371443997,0.000523919371443997,0.000521872052785929,0.000521872052785929,44.07334639776
1733566920,0.000526235706986485,0.000526235706986485,0.000523919371443997,0.000523919371443997,166.19156664836
1733566680,0.000526957296066135,0.000526957296066135,0.000526235706986485,0.000526235706986485,0.43740623294
1733566380,0.000527507918744703,0.000527507918744703,0.000526957296066135,0.000526957296066135,2.991867627
1733566320,0.000531541589748516,0.000531541589748516,0.000527507918744703,0.000527507918744703,55.13654880729
1733566260,0.000536803392976315,0.000536803392976315,0.000531541589748516,0.000531541589748516,301.68534677928
1733566200,0.000535603740471037,0.000536803392976315,0.000535603740471037,0.000536803392976315,59.63
1733566140,0.00053447483224055,0.000535603740471037,0.000531974000003947,0.000535603740471037,64.15393258986
1733566020,0.000534722617021179,0.000534722617021179,0.00053447483224055,0.00053447483224055,2.84194781325
1733565660,0.000531675757910885,0.000534722617021179,0.000531675757910885,0.000534722617021179,24.33006
1733565540,0.000531994743430939,0.000531994743430939,0.000531675757910885,0.000531675757910885,24.435809104
1733565300,0.000535140451768825,0.000535140451768825,0.000531994743430939,0.000531994743430939,66.21265809515
1733565120,0.000538241043389732,0.000538241043389732,0.000535140451768825,0.000535140451768825,241.07396270852
1733564400,0.000542325250846463,0.000542325250846463,0.000538241043389732,0.000538241043389732,83.93835398046
1733564340,0.00055397980992456,0.00055397980992456,0.000542325250846463,0.000542325250846463,551.08858745101
1733564280,0.000544470178005464,0.000556125415583909,0.000544470178005464,0.00055397980992456,829.05754965362
1733564220,0.000545141493030207,0.000547371429118077,0.000544470178005464,0.000544470178005464,18.431731262
1733564160,0.000545864700844486,0.000545864700844486,0.000545141493030207,0.000545141493030207,41.6828114937
1733564100,0.000546626187888057,0.000546626187888057,0.000545864700844486,0.000545864700844486,25.3262063366
1733563860,0.000549580543548207,0.000549580543548207,0.000546626187888057,0.000546626187888057,23.93245291377
1733563800,0.000549005254126453,0.000549580543548207,0.000549005254126453,0.000549580543548207,2.3609598
1733563680,0.000550671261168755,0.00065915006853156,0.000546916579171112,0.000549005254126453,12170.27915992492
1733563500,0.000568845142104384,0.000568845142104384,0.000550671261168755,0.000550671261168755,1009.22173849134
1733563140,0.000571974142287938,0.000571974142287938,0.000568843275434125,0.000568845142104384,115.45905924277
1733563080,0.000568955407163277,0.000571974142287938,0.000568955407163277,0.000571974142287938,3.52032075
1733562840,0.000571597158657059,0.000571597158657059,0.000568955407163277,0.000568955407163277,23.57387609618
1733562780,0.000574369850612585,0.000574369850612585,0.000570499567696485,0.000571597158657059,218.01740621376
1733562300,0.000573205375543462,0.000574369850612585,0.000573205375543462,0.000574369850612585,23.614
1733562240,0.000569491752895108,0.000573205375543462,0.000569491752895108,0.000573205375543462,83.19493064625
1733562180,0.000572081715147099,0.000572081715147099,0.000569491752895108,0.000569491752895108,6.03107712085
1733562120,0.000568352576022541,0.000572081715147099,0.000568352576022541,0.000572081715147099,48.63001305272
1733562060,0.000564824393494541,0.000568352576022541,0.000564824393494541,0.000568352576022541,12.0380258376
1733562000,0.00056033721288512,0.000564824393494541,0.000557723299070107,0.000564824393494541,733.49674768305
1733561940,0.000560704729431483,0.000560704729431483,0.00056033721288512,0.00056033721288512,23.73650631212
1733561880,0.000560754367141528,0.000560754367141528,0.000560704729431483,0.000560704729431483,11.87603455696
1733561820,0.000557043906673535,0.000560754367141528,0.000557043906673535,0.000560754367141528,255.89630424696
1733561700,0.000557577870032234,0.000557577870032234,0.000554197045337934,0.000557043906673535,113.8821829668
1733561580,0.00055691594812085,0.000557577870032234,0.00055691594812085,0.000557577870032234,21.8178938923
1733561400,0.000561466090705386,0.000562383066132099,0.00055691594812085,0.00055691594812085,329.55534359959
1733561340,0.000562845169471368,0.000562845169471368,0.000561466090705386,0.000561466090705386,3.42766818911
1733561280,0.000565973294004053,0.000565973294004053,0.000562845169471368,0.000562845169471368,194.525582615
1733561160,0.000569425216862282,0.000569425216862282,0.000565973294004053,0.000565973294004053,74.80518239984
1733561040,0.000566633087807876,0.000569425216862282,0.000566633087807876,0.000569425216862282,2.332242
1733560980,0.000571545621402811,0.000571545621402811,0.000566633087807876,0.000566633087807876,147.0116329071
1733560740,0.000566568281192587,0.000571545621402811,0.000566568281192587,0.000571545621402811,175.43601
1733560500,0.000569223882538363,0.000569223882538363,0.000566568281192587,0.000566568281192587,2.30307828303
1733560380,0.000569094604322066,0.000569223882538363,0.000569094604322066,0.000569223882538363,23.585
1733560320,0.000566285544659667,0.000569094604322066,0.000566285544659667,0.000569094604322066,1.1748318
1733560260,0.000573154687897356,0.000573154687897356,0.000566285544659667,0.000566285544659667,201.97255450893
1733560200,0.000576452705440702,0.000577734467224696,0.000570992109229366,0.000573154687897356,289.42863254462
1733560140,0.000556585269192172,0.00057890872250714,0.000556585269192172,0.000576452705440702,934.15793436789
1733559660,0.000554670541308585,0.000556585269192172,0.000554670541308585,0.000556585269192172,235.73
1733559540,0.000554877498124187,0.000554877498124187,0.000554670541308585,0.000554670541308585,1.96140715486
1733559300,0.000552047749806909,0.000554877498124187,0.000552047749806909,0.000554877498124187,32.7966387
1733559240,0.00055484642594259,0.00055484642594259,0.000552047749806909,0.000552047749806909,1.57734655155
1733558760,0.000545592428008228,0.00055484642594259,0.000545592428008228,0.00055484642594259,226.06732300624
1733558700,0.000541015827970467,0.00054969631959597,0.000541015827970467,0.000545592428008228,307.90173741912
1733558640,0.000538493460879528,0.000541015827970467,0.000538493460879528,0.000541015827970467,236.54
1733558460,0.000536040334668947,0.000538493460879528,0.000536040334668947,0.000538493460879528,0.23584035
1733558340,0.000537081383396281,0.000537081383396281,0.000536040334668947,0.000536040334668947,1.1503466573
1733558280,0.000510515915728293,0.000537081383396281,0.000510515915728293,0.000537081383396281,1624.29701523011
1733557860,0.00051264607560514,0.000513012786328011,0.000510515915728293,0.000510515915728293,19.03648990945
1733557740,0.000511531828509577,0.00051264607560514,0.000511531828509577,0.00051264607560514,4.703846
1733557680,0.000506462626851756,0.000511531828509577,0.000506462626851756,0.000511531828509577,223.553322
1733557500,0.000506891031553436,0.000506891031553436,0.000506462626851756,0.000506462626851756,12.14983055325
1733557380,0.000509137302209493,0.000509218717634519,0.000506891031553436,0.000506891031553436,33.23112884532
1733557080,0.000506360049721394,0.000509137302209493,0.000506360049721394,0.000509137302209493,11.712195
1733556840,0.000506498553033561,0.000506498553033561,0.000506360049721394,0.000506360049721394,5.57851818419
1733556720,0.000502837618292917,0.000506498553033561,0.000502837618292917,0.000506498553033561,259.534055
1733556540,0.000501743133042208,0.000502837618292917,0.000501743133042208,0.000502837618292917,24.96021221904
1733556300,0.000499745581107632,0.000501743133042208,0.000499745581107632,0.000501743133042208,10.75605004908
1733556240,0.000500947129972113,0.000500947129972113,0.000499745581107632,0.000499745581107632,63.67581307576
1733556180,0.00050402434141147,0.00050402434141147,0.000500947129972113,0.000500947129972113,53.23799307036
1733556060,0.000503781729756462,0.00050402434141147,0.000503781729756462,0.00050402434141147,5.78822242527
1733555520,0.000503508153276437,0.000503781729756462,0.000503508153276437,0.000503781729756462,23.604
1733555280,0.000501214606537831,0.000503508153276437,0.000501214606537831,0.000503508153276437,4.721
1733555100,0.000503652766827877,0.000503652766827877,0.000501214606537831,0.000501214606537831,1.45027651472
1733554740,0.000500885425768072,0.000503652766827877,0.000500885425768072,0.000503652766827877,35.445
1733554680,0.000503431345719725,0.000503431345719725,0.000500885425768072,0.000500885425768072,11.013420777
1733554620,0.000500472402104356,0.000503431345719725,0.000500472402104356,0.000503431345719725,3.85264085712
1733554500,0.000501201729856412,0.000501201729856412,0.000500472402104356,0.000500472402104356,30.35449782428
1733554440,0.000503471651890588,0.000503471651890588,0.000501201729856412,0.000501201729856412,39.8011279559
1733554140,0.000503062222788414,0.000503471651890588,0.000503062222788414,0.000503471651890588,22.38803237154
1733553840,0.000508170623781551,0.000508170623781551,0.000503062222788414,0.000503062222788414,240.25530898149
1733553660,0.000501237797099243,0.000508170623781551,0.000500869555804846,0.000508170623781551,265.09676611968
1733553420,0.000499424555423619,0.000501237797099243,0.000499424555423619,0.000501237797099243,118.44292494605
1733553360,0.000496943840491838,0.000499424555423619,0.000496943840491838,0.000499424555423619,39.66000005712
1733553060,0.000483578275139135,0.000498899645844685,0.000483578275139135,0.000496943840491838,188.4
1733553000,0.000469309609432919,0.000483578275139135,0.000469309609432919,0.000483578275139135,1167.49125
1733552880,0.00047007844594416,0.00047007844594416,0.000469309609432919,0.000469309609432919,11.41655210934
1733552580,0.000471680964771843,0.000471680964771843,0.00047007844594416,0.00047007844594416,14.31870451493
1733552460,0.000472602804514172,0.000472602804514172,0.000471680964771843,0.000471680964771843,104.07770231936
1733552220,0.000473945783890979,0.000473945783890979,0.000472602804514172,0.000472602804514172,38.85491331304
1733552100,0.000477221590849404,0.000477221590849404,0.000473945783890979,0.000473945783890979,118.32972292512
1733551620,0.000480354622390003,0.000480354622390003,0.000477221590849404,0.000477221590849404,116.6796933617
1733551200,0.000478245576580764,0.000480354622390003,0.000478245576580764,0.000480354622390003,2.3569
1733551080,0.000477099611565563,0.000479957593481513,0.000477099611565563,0.000478245576580764,119.13767106184
1733550960,0.000479801594765245,0.000479801594765245,0.000477099611565563,0.000477099611565563,30.5051976645
1733550900,0.000484762867896643,0.000484762867896643,0.000479801594765245,0.000479801594765245,245.35415966151
1733550660,0.000483982960331612,0.000484762867896643,0.000483982960331612,0.000484762867896643,0.12334929428
1733550480,0.000488324011474105,0.000488324011474105,0.000483982960331612,0.000483982960331612,11.7735
1733550420,0.000496005710792869,0.000496005710792869,0.000488324011474105,0.000488324011474105,685.2894848142
1733550360,0.00049882908942896,0.00049882908942896,0.000496005710792869,0.000496005710792869,21.08899056996
1733550120,0.000496641138972313,0.00049882908942896,0.000496641138972313,0.00049882908942896,23.576
1733550060,0.000505915377446461,0.000505915377446461,0.000496641138972313,0.000496641138972313,24.2772658702
1733549640,0.000509113758404942,0.000509113758404942,0.00049697564884135,0.000505915377446461,1141.97385457857
1733549580,0.000509275588534488,0.000509275588534488,0.000509113758404942,0.000509113758404942,7.4547263874
1733549220,0.000512706739358723,0.000512706739358723,0.000509275588534488,0.000509275588534488,116.9137683267
1733549100,0.000513496017011123,0.000513496017011123,0.000510455855652832,0.000512706739358723,76.4500392117
1733549040,0.000513139336529638,0.000513496017011123,0.000510745244647504,0.000513496017011123,5.57086421216
1733548980,0.000511472184846181,0.000513139336529638,0.000511472184846181,0.000513139336529638,53.336647
1733548560,0.00050767108823878,0.000511472184846181,0.00050767108823878,0.000511472184846181,117.418038231
1733548500,0.000507765479041767,0.000507765479041767,0.00050767108823878,0.00050767108823878,32.81656185446
1733548380,0.000509676585911431,0.000510362709305115,0.000507741726356043,0.000507765479041767,177.43342007835
1733548320,0.000506930203918269,0.000509676585911431,0.000506930203918269,0.000509676585911431,215.82404861951
1733548260,0.000509513821829208,0.000509513821829208,0.000506852629697281,0.000506930203918269,188.41616652
1733548200,0.000506937905478857,0.000509548380273995,0.000506924894389795,0.000509513821829208,194.17517890784
1733548140,0.000509092324375507,0.000509537070902244,0.000506911190587763,0.000506937905478857,199.99890648122
1733548080,0.000509697726411318,0.000509697726411318,0.000506773970916628,0.000509092324375507,208.92042731274
1733548020,0.00050923351365905,0.000509715618702331,0.000507083481533303,0.000509697726411318,232.91955539816
1733547960,0.000506994306477931,0.000509564375565626,0.000506932160275546,0.00050923351365905,225.60517566984
1733547900,0.000507005531618899,0.000509599836998492,0.000506960591514606,0.000506994306477931,223.11808970406
1733547840,0.000511647980949455,0.000511647980949455,0.000506910629976099,0.000507005531618899,330.49334195328
1733547780,0.000511616269405855,0.000511690415098123,0.000509038211528364,0.000511647980949455,238.57858032216
1733547720,0.000508778909007827,0.000511636971991234,0.000508778909007827,0.000511616269405855,257.15947697201
1733547660,0.000511118594112339,0.000511803475286058,0.000508778909007827,0.000508778909007827,257.2578928307
1733547600,0.00051062610740772,0.000511746172341044,0.00050908478167341,0.000511118594112339,284.68810563116
1733547540,0.000514910749213956,0.000514910749213956,0.00051062610740772,0.00051062610740772,167.84005959693
1733547480,0.000512560857175235,0.000515323311803679,0.000512560857175235,0.000514910749213956,279.70547637213
1733547420,0.000508520480882307,0.000512560857175235,0.000508520480882307,0.000512560857175235,450.65800109239
1733547360,0.000511152323314552,0.000511190580251996,0.000508520480882307,0.000508520480882307,290.29532222895
1733547300,0.000508751512233593,0.000511269753539185,0.00050859485267754,0.000511152323314552,297.64845268848
1733547240,0.000511440873311065,0.000511440873311065,0.000508627760180303,0.000508751512233593,307.79858927181
1733547180,0.00049897604064249,0.000511495816467353,0.00049897604064249,0.000511440873311065,311.28024722331
1733547120,0.000487400269626622,0.00049897604064249,0.000484873874277293,0.00049897604064249,1494.09201278496
1733547060,0.000487138112677442,0.000487489746888117,0.000484925318825371,0.000487400269626622,327.84853688466
1733547000,0.000486092400139919,0.000487138112677442,0.000484021310422592,0.000487138112677442,391.82187464112
1733546940,0.000486160643456224,0.000486186550449633,0.000483622055507358,0.000486092400139919,345.65544943424
1733546880,0.000486306040491628,0.000486306040491628,0.000483653689399336,0.000486160643456224,406.5573913422
1733546820,0.000483819877571163,0.000486335741138716,0.000483763162429685,0.000486306040491628,364.14079756096
1733546760,0.000486221326978858,0.000486309715950946,0.000483733621593561,0.000483819877571163,373.93566692074
1733546700,0.000485116883401313,0.000486325664324747,0.000483745168873391,0.000486221326978858,383.60027307968
1733546640,0.000484329513051565,0.00048525609293717,0.00048267752871078,0.000485116883401313,442.60788295262
1733546580,0.000485140013741187,0.000485140013741187,0.000481630750312433,0.000484329513051565,500.37306722442
1733546520,0.000485428632439339,0.000485428632439339,0.000482669229317332,0.000485140013741187,416.53952056899
1733546460,0.000459156529540015,0.000485462709876824,0.000459156529540015,0.000485428632439339,1597.94129990036
1733546400,0.000459149717737696,0.000461627387063504,0.000459149717737696,0.000459156529540015,430.5808012743
1733546340,0.000459320091544709,0.000461624842364073,0.000459149717737696,0.000459149717737696,441.81217476216
1733546280,0.000459273294803171,0.000461622628197016,0.000459143109998657,0.000459320091544709,453.26329011821
1733546220,0.000458909774836837,0.000461757965322909,0.000458909774836837,0.000459273294803171,465.16098652436
1733546160,0.000459117313572549,0.00046219910414301,0.000458909774836837,0.000458909774836837,524.06906760813
1733546100,0.000460474915440346,0.000462705706411029,0.000459117313572549,0.000459117313572549,536.30325122884
1733546040,0.00046512021190097,0.00046512021190097,0.00046031847625299,0.000460474915440346,614.46773945394
1733545980,0.000464234535860335,0.000465160914915906,0.000461909298541358,0.00046512021190097,540.09545952311
1733545920,0.000464896638761845,0.000464896638761845,0.000462275906287054,0.000464234535860335,552.00600784583
1733545860,0.000462642156592458,0.000464939362797438,0.000462408786535824,0.000464896638761845,542.52376640917
1733545800,0.000463815641481698,0.000464960508762052,0.000462423577629422,0.000462642156592458,555.64082231333
1733545740,0.00046181912263296,0.000464357948874644,0.00046181912263296,0.000463815641481698,594.85119737522
1733545680,0.000465676431058135,0.000466072959894125,0.00046181912263296,0.00046181912263296,683.69222519741
1733545620,0.000465918950370573,0.000465918950370573,0.000463220398356525,0.000465676431058135,599.26786688602
1733545560,0.0004630522223263,0.000466020137955134,0.0004630522223263,0.000465918950370573,610.92447408492
1733545500,0.000473248116367889,0.000473248116367889,0.0004630522223263,0.0004630522223263,643.1775559776
1733545440,0.00048718399768695,0.00048718399768695,0.000473248116367889,0.000473248116367889,1638.02884140004
1733545380,0.00048729328978025,0.000487363305294612,0.000484665413409143,0.00048718399768695,669.96233859152
1733545320,0.000485149621747458,0.000487409095782704,0.000484704350431437,0.00048729328978025,686.59789455119
1733545260,0.000484218877385774,0.000487579486078601,0.000484218877385774,0.000485149621747458,703.98000092304
1733545200,0.000487988223505447,0.000487988223505447,0.000484218877385774,0.000484218877385774,732.33344871138
1733545140,0.000485924706547279,0.000488185478705096,0.000485456129257255,0.000487988223505447,739.7700352812
1733545080,0.000485967760526858,0.000488357898356451,0.000485620107486792,0.000485924706547279,757.99293628063
1733545020,0.000486907916498457,0.000488530050932494,0.000485466653262986,0.000485967760526858,835.25758724742
1733544960,0.000487153729427979,0.000489667424749163,0.000486907916498457,0.000486907916498457,796.5041499954
1733544900,0.000489393434272681,0.000489592458805047,0.000486825747528925,0.000487153729427979,815.8398499953
1733544840,0.000489381992712899,0.000489393434272681,0.000486620023232089,0.000489393434272681,835.3682096649
1733544780,0.000489204207152616,0.000489381992712899,0.000486600707515578,0.000489381992712899,855.71363416064
1733544720,0.000487936038403324,0.000489350433900211,0.000486561081936691,0.000489204207152616,876.3742429211
1733544660,0.000489197772690698,0.000489342014236962,0.000486544430195842,0.000487936038403324,902.74223572992
1733544600,0.000489219700540908,0.000489270141614575,0.000486464434333838,0.000489197772690698,919.36103305719
1733544540,0.000489190752811596,0.000489219700540908,0.000486405598188002,0.000489219700540908,941.49606180916
1733544480,0.000486527575270545,0.000489190752811596,0.000486367850005411,0.000489190752811596,964.103737421
1733544420,0.000485113458276712,0.000489037590755159,0.000485113458276712,0.000486527575270545,987.11760782363
1733544360,0.000486013539492396,0.000489240274183095,0.000485113458276712,0.000485113458276712,1020.0258720946
1733544300,0.000485774935005154,0.000488443961366581,0.000485597584821964,0.000486013539492396,1033.4414621781
1733544240,0.000487984283099164,0.000488376105233601,0.000485520443040864,0.000485774935005154,1058.0660187944
1733544180,0.000488949611143687,0.000488949611143687,0.000485402407396729,0.000487984283099164,1083.09664121568
1733544120,0.000486618600356296,0.000488949611143687,0.000486070601124116,0.000488949611143687,1110.56378730949
1733544060,0.000488744746735299,0.000489050687366047,0.000486160384153699,0.000486618600356296,1137.0772914444
1733544000,0.000489767646312061,0.000489767646312061,0.000485173138262575,0.000488744746735299,1192.43620036678
1733543940,0.000490043825836326,0.000490077624982854,0.00048715969359298,0.000489767646312061,1193.1756862935
1733543880,0.000486730378261141,0.000490138125469242,0.000486730378261141,0.000490043825836326,1222.69222615475
1733543820,0.000489268235766687,0.000492466265140773,0.000486730378261141,0.000486730378261141,1359.47973710415
1733543760,0.00049448696849266,0.000494883327615426,0.000489268235766687,0.000489268235766687,1386.09884233308
1733543700,0.000492234517655594,0.000494969154519876,0.000491977212319904,0.00049448696849266,1315.27844483728
1733543640,0.000494590110216764,0.000495034764617658,0.000490405200655087,0.000492234517655594,1349.19541407744
1733543580,0.000492198242678661,0.00049494562820816,0.000491929066055434,0.000494590110216764,1377.75659968167
1733543520,0.000490239725613543,0.000494760495823997,0.000490239725613543,0.000492198242678661,1410.02979727704
1733543460,0.000492686111165683,0.000495367274400659,0.000490239725613543,0.000490239725613543,1474.6393563296
1733543400,0.000490064738040447,0.000495143555442661,0.000490064738040447,0.000492686111165683,1475.4049921251
1733543340,0.00049313229090527,0.00049313229090527,0.000490064738040447,0.000490064738040447,1508.45089839665
1733543280,0.000490397522062557,0.000493380329520335,0.00049031107140571,0.00049313229090527,1548.2440483885
1733543220,0.000494881425215951,0.000497459437787184,0.000490397522062557,0.000490397522062557,1780.46426348176
1733543160,0.000494426535739288,0.000497514727541062,0.000494385706572639,0.000494881425215951,1622.2518879045
1733543100,0.000493744102559269,0.000497563028750821,0.000493744102559269,0.000494426535739288,1664.03097544475
1733543040,0.000500163088431848,0.000502898785344386,0.000492757179026478,0.000493744102559269,2173.40089893198
1733542980,0.000500694850891887,0.000503019155882357,0.000498881218884354,0.000500163088431848,1864.57310445846
1733542920,0.000495250876186935,0.000500694850891887,0.000495250876186935,0.000500694850891887,1786.01331629976
1733542860,0.0005009871246796,0.0005009871246796,0.000495250876186935,0.000495250876186935,135.63088004172
1733542800,0.000503361270881748,0.000503479968385276,0.000500240786622967,0.0005009871246796,1825.08398192793
1733542740,0.000501190456965675,0.000503832324077593,0.00050057525464955,0.000503361270881748,1865.86241107461
1733542680,0.000500936255603027,0.000503821928622977,0.000500549101052794,0.000501190456965675,1906.22416221144
1733542620,0.000503284228033081,0.000503727073564389,0.000500438453579913,0.000500936255603027,1946.8988183269
1733542560,0.000500644239746659,0.000503782502010931,0.00050047751237716,0.000503284228033081,1989.45020307724
1733542500,0.000503083752387672,0.000503968803347485,0.000500644239746659,0.000500644239746659,2034.9559053193
1733542440,0.000503407417805791,0.000503600998109666,0.000497607311259678,0.000503083752387672,2103.97562243256
1733542380,0.000500667412332495,0.000503933164929445,0.000500569853451032,0.000503407417805791,2116.11564842416
1733542320,0.000513287188733498,0.000513287188733498,0.000500319232235168,0.000500667412332495,2651.00777415857
1733542260,0.00051388316013183,0.00051388316013183,0.000510385162816875,0.000513287188733498,2222.63206504227
1733542200,0.000510832204552321,0.00051388316013183,0.00051040720185628,0.00051388316013183,2270.40538596854
1733542140,0.000510866888233496,0.000513925557491346,0.000510430024178956,0.000510832204552321,2319.16854521016
1733542080,0.000511198343684198,0.000513969154119186,0.000510453633328174,0.000510866888233496,2368.92856170696
1733542020,0.000510526375563552,0.000513729491525639,0.000510195591018763,0.000511198343684198,2418.39921028532
1733541960,0.000510548757184328,0.000513644098617285,0.000510090269236016,0.000510526375563552,2469.4914334005
1733541900,0.000513292493206956,0.000513450319079628,0.000509877176823547,0.000510548757184328,2521.2440298969
1733541840,0.000513148770315959,0.000513477110744099,0.000509881990902135,0.000513292493206956,2574.68057391037
1733541780,0.000511113163240631,0.00051378811129844,0.000507581973251504,0.000513148770315959,2666.03303364175
1733541720,0.000514463057659169,0.000514760987657934,0.000511113163240631,0.000511113163240631,2689.84694674945
1733541660,0.000511023368801604,0.000514877454392745,0.00050921656173575,0.000514463057659169,2850.45307138502
1733541600,0.000520231006076565,0.000520231006076565,0.000507250735585015,0.000511023368801604,3655.93441480977
1733541540,0.000515495938028987,0.000526415682068307,0.000515495938028987,0.000520231006076565,4091.50993946877
1733541480,0.000516460994234872,0.000518234811616322,0.000511131916560194,0.000515495938028987,2966.38962267847
1733541420,0.00051625188827741,0.000519003336709035,0.000515208006399881,0.000516460994234872,2999.5105353547
1733541300,0.000516548430867994,0.000519503343198603,0.000512107361119106,0.00051625188827741,3256.34014375903
1733541240,0.000517744969435388,0.000517744969435388,0.000510081526845843,0.000516548430867994,3275.59918936474
1733541180,0.000517550059035577,0.000518833648829236,0.000513234780359798,0.000517744969435388,3286.51304824096
1733541120,0.000519640808642825,0.000519640808642825,0.000511214897681536,0.000517550059035577,3394.03307196661
1733541060,0.000515564359798871,0.000520132042597716,0.000513901478563632,0.000519640808642825,3464.96268261078
1733541000,0.000515873741892739,0.000518857904018503,0.000514877769818845,0.000515564359798871,3476.63412615457
1733540940,0.000510720469330497,0.000518883289966146,0.000510720469330497,0.000515873741892739,3549.52617217044
1733540880,0.00051881050972551,0.000519265825666958,0.000510720469330497,0.000510720469330497,3631.3832572332
1733540820,0.000515220123937929,0.000519648665174293,0.000511278875594843,0.00051881050972551,3780.35359231932
1733540760,0.000512073757013595,0.000519293801117862,0.000510710152174727,0.000515220123937929,3796.78578780138
1733540700,0.000515872433280686,0.000516953252706065,0.000510732841478065,0.000512073757013595,3891.18270171694
1733540640,0.000499067651481611,0.000516705850882922,0.000497274194586188,0.000515872433280686,4430.60781924735
1733540580,0.000496841150001847,0.000503025615248831,0.000496841150001847,0.000499067651481611,3774.64048918926
1733540520,0.000498118925269883,0.00050384500852777,0.000494837887146349,0.000496841150001847,3825.98246518924
1733540460,0.000502878444137042,0.000504128508513039,0.000498118925269883,0.000498118925269883,3777.666808647
1733540400,0.000497093330194457,0.000503712852246589,0.000497093330194457,0.000502878444137042,3761.52956087612
1733540340,0.000495196079023587,0.000502655066301368,0.000489032664092025,0.000497093330194457,4180.28086161735
1733540280,0.00049499192336894,0.000497607601723778,0.000491637821003537,0.000495196079023587,3761.6187350002
1733540220,0.000490076239864937,0.000497729649191513,0.000489503103279034,0.00049499192336894,4032.42652128381
1733540160,0.000484439737861936,0.000492952664206922,0.000484439737861936,0.000490076239864937,3777.59596228992
1733540100,0.000462860678065262,0.000493004036540503,0.000457038026689911,0.000484439737861936,5169.84910151432
1733540040,0.000457346162299871,0.000465110635101277,0.000456913364710835,0.000462860678065262,4007.28591536403
1733539980,0.000457312170682237,0.000460320648203972,0.000456636969865703,0.000457346162299871,3771.41738825439
1733539920,0.000459181678207084,0.000460286493360971,0.000456602816845122,0.000457312170682237,3771.86914582968
1733539860,0.000457755485655689,0.00046031082885931,0.000456626692117308,0.000459181678207084,3772.8134372745
1733539800,0.000460345899164804,0.000460345899164804,0.00045651513068411,0.000457755485655689,3772.62954985763
1733539740,0.000454823701678119,0.000460574698211921,0.000454823701678119,0.000460345899164804,3776.48839057993
1733539680,0.000460319661899158,0.000460490357588406,0.000454823701678119,0.000454823701678119,3785.03666047484
1733539620,0.000457904499596221,0.000460319661899158,0.000456634174767418,0.000460319661899158,3776.94974095512
1733539560,0.000456276475933372,0.000460129517868994,0.000456276475933372,0.000457904499596221,3776.1961912696
1733539500,0.000453949261416858,0.000459960345431015,0.000453949261416858,0.000456276475933372,3775.59776597124
1733539440,0.000458996884760287,0.000459578463012782,0.000453949261416858,0.000453949261416858,3785.36601788208
1733539380,0.000456829394739424,0.000459485760458589,0.000451374924530589,0.000458996884760287,3798.93109211589
1733539320,0.000459195327873758,0.000459516615885358,0.000455835935749779,0.000456829394739424,3775.7501605383
1733539260,0.000456973173860027,0.000459423864990968,0.000455743668980783,0.000459195327873758,3775.7211414805
1733539200,0.000453405177284292,0.000459412141030664,0.000453405177284292,0.000456973173860027,3776.50392612948
1733539140,0.000456428183276044,0.000458912929056261,0.000453405177284292,0.000453405177284292,3800.82018751023
1733539080,0.000455895942772687,0.000458866686492429,0.00045083056124684,0.000456428183276044,3783.17350292805
1733539020,0.000453261256179956,0.000458869519147765,0.000450914020290134,0.000455895942772687,3790.88077582412
1733538960,0.000458104152996736,0.000458879487715754,0.000453261256179956,0.000453261256179956,3789.15377584993
1733538900,0.000456027273475209,0.000458592684444813,0.000454917106369276,0.000458104152996736,3775.70309854665
1733538840,0.000458093254560475,0.000458461212024581,0.000454786419104743,0.000456027273475209,3775.36471256709
1733538780,0.000457573749653602,0.00045858193330485,0.000454905906035715,0.000458093254560475,3777.1032187632
1733538720,0.00045738433024512,0.000458702545591211,0.000455025282436557,0.000457573749653602,3778.83718824548
1733538660,0.000454667602255336,0.000458512812926653,0.000454667602255336,0.00045738433024512,3778.01434948938
1733538600,0.000455530996577483,0.000458342518924621,0.000454667602255336,0.000454667602255336,3777.34325101238
1733538540,0.000458234586422643,0.000458234586422643,0.000454536917249555,0.000455530996577483,3777.013310406
1733538480,0.000455198719470447,0.000458234586422643,0.000454560001207056,0.000458234586422643,3777.93951959424
1733538420,0.000456952168613017,0.000458161282103224,0.000454486994942412,0.000455198719470447,3778.08252061669
1733538360,0.000457555434252361,0.000458080394288901,0.000454410240262048,0.000456952168613017,3777.8336066464
1733538300,0.000450241111867797,0.000458040720701196,0.000450241111867797,0.000457555434252361,3784.91993619375
1733538240,0.000454521661505706,0.00045864983695191,0.000450241111867797,0.000450241111867797,3839.23914073741
1733538180,0.000450352062471356,0.00045819551669804,0.000450352062471356,0.000454521661505706,3778.83858896187
1733538120,0.000455820786416693,0.000458546704811513,0.000450352062471356,0.000450352062471356,3798.67399494416
1733538060,0.000454846813595384,0.000458502648837934,0.000454820011920071,0.000455820786416693,3780.2757036972
1733538000,0.000457821785406582,0.000458523720470656,0.000450485201242839,0.000454846813595384,3787.02944547504
1733537940,0.000453970673353219,0.000458609262537858,0.000451174504712302,0.000457821785406582,3864.85410325254
1733537880,0.000458213312486209,0.000459515576534956,0.000452108876926503,0.000453970673353219,3885.41172912246
1733537820,0.00045402206810956,0.000461194668376971,0.00045402206810956,0.000458213312486209,3786.49132497342
1733537760,0.000456767345142649,0.000456767345142649,0.00045402206810956,0.00045402206810956,121.28711457572
1733537700,0.00045582287502812,0.000461822566444036,0.00045582287502812,0.000456767345142649,3848.37278949644
1733537640,0.000457652657526832,0.000461565369302389,0.00045568617534874,0.00045582287502812,3781.52372910772
1733537580,0.000460501394252739,0.000461349425835511,0.000457652657526832,0.000457652657526832,3775.94432684896
1733537520,0.000459425680079439,0.000461291924397926,0.00045347607283814,0.000460501394252739,3800.02711418936
1733537460,0.000460660895196946,0.000461877744440223,0.00045817687533337,0.000459425680079439,3777.8818568794
1733537400,0.000454297175979167,0.000461796356280943,0.000454297175979167,0.000460660895196946,3777.64094156565
1733537340,0.000462185158437575,0.00046289880048185,0.000454297175979167,0.000454297175979167,3850.46752445628
1733537280,0.000456766938879919,0.000462977175214651,0.000456766938879919,0.000462185158437575,3784.64332672358
1733537220,0.000459997807206884,0.000462810825624219,0.000453971068369371,0.000456766938879919,3920.33371240672
1733537160,0.000461909018676481,0.000462452914817285,0.000458782445645744,0.000459997807206884,3771.03078256902
1733537100,0.00046097572464866,0.000462126968532866,0.000455846547193412,0.000461909018676481,3818.5813777972
1733537040,0.000470977933263739,0.000477008027169055,0.00046097572464866,0.00046097572464866,4581.8431290542
1733536980,0.000474838322961833,0.000476854764212662,0.000470977933263739,0.000470977933263739,3772.3788074195
1733536920,0.00047434244363209,0.000477147458506619,0.000470941147541281,0.000474838322961833,3796.31688699053
1733536800,0.000472679998795467,0.000476649069412027,0.000472679998795467,0.00047434244363209,3773.10796283369
1733536740,0.000475364391756673,0.000476480624771489,0.000469975195862593,0.000472679998795467,3823.99999820359
1733536680,0.000471670487901315,0.000475364391756673,0.000468926923452936,0.000475364391756673,3831.8787724
1733536620,0.000470584965284479,0.000474443128191393,0.000470584965284479,0.000471670487901315,3775.33344057006
1733536560,0.000468300864052434,0.000474369851827791,0.000468300864052434,0.000470584965284479,3775.5273316326
1733536500,0.000473510892642407,0.00047385954103917,0.000468300864052434,0.000468300864052434,3783.19162077703
1733536440,0.000470564446324053,0.000473744872078817,0.000469964803198872,0.000473510892642407,3773.47076562768
1733536380,0.000474495931551237,0.000474495931551237,0.000466419181709198,0.000470564446324053,3924.29988194143
1733536320,0.000474113978864645,0.000474730283204913,0.000470943479634749,0.000474495931551237,3773.5776376272
1733536260,0.000474975967392045,0.000474975967392045,0.000466480684319513,0.000474113978864645,3812.68560229426
1733536200,0.000475074416736759,0.000475210469236966,0.000471420436893926,0.000474975967392045,3772.19656384143
1733536140,0.00047700348203273,0.00047700348203273,0.000468005597565428,0.000475074416736759,3921.17573401107
1733536080,0.000476736110724498,0.000478165971939133,0.000474359956828173,0.00047700348203273,3772.78180997085
1733536020,0.000479783510529174,0.000479783510529174,0.000471298553375277,0.000476736110724498,3819.90571932112
1733535960,0.000472653353023404,0.000480019692627622,0.000471990675788639,0.000479783510529174,3790.422485851
1733535900,0.00047642643681746,0.000479236172481975,0.000472653353023404,0.000472653353023404,3928.73047389459
1733535840,0.000469230333065966,0.000478969151317196,0.000469230333065966,0.00047642643681746,3780.56811550675
1733535780,0.000471270312578115,0.000471484671411336,0.000467718198653284,0.000469230333065966,4125.65602803484
1733535720,0.000468153653469313,0.000471270312578115,0.000467505280443708,0.000471270312578115,3770.67038500108
1733535660,0.000470183621217931,0.000471196866270328,0.000465523461792002,0.000468153653469313,3777.9438163708
1733535600,0.000467615280374662,0.000471336134012519,0.00046314869277611,0.000470183621217931,3779.41790616759
1733535540,0.000467004744429028,0.000471386590994815,0.000464082953309875,0.000467615280374662,3838.12745648766
1733535480,0.000469158561953747,0.0004697509936246,0.000465995130341882,0.000467004744429028,3771.8511831588
1733535420,0.000467347782264796,0.000469656728342174,0.000465901345012714,0.000469158561953747,3771.85083597338
1733535360,0.000469382367354641,0.00046961916609197,0.000461749395505623,0.000467347782264796,3809.2884084474
1733535300,0.000469942103099102,0.000470184450631913,0.000461996785638691,0.000469382367354641,3778.023241452
1733535240,0.000467258007764901,0.000469942103099102,0.000461352155280086,0.000469942103099102,3783.79706874462
1733535180,0.000469071250368467,0.000469529022643178,0.000465775228663257,0.000467258007764901,3764.27969599488
1733535120,0.000462834375188261,0.000469303896192469,0.000461920896762111,0.000469071250368467,3847.31998638242
1733535060,0.000466931754770035,0.000466931754770035,0.000462834375188261,0.000462834375188261,81.55916332042
1733535000,0.000462568996881371,0.000469677641623707,0.000461496713788299,0.000466931754770035,4015.79005833241
1733534940,0.000464671898327091,0.000464816458837723,0.000461092181122419,0.000462568996881371,3768.94335658532
1733534880,0.00046376651846087,0.000465167216006957,0.000457671880724728,0.000464671898327091,3832.35061822843
1733534820,0.000465958736428103,0.000466494560080943,0.00046275966750276,0.00046376651846087,3774.16802790417
1733534760,0.00046086993105314,0.000466756554616583,0.000460791248135197,0.000465958736428103,3782.08863380964
1733534700,0.000465835470254911,0.000466727096378726,0.000460783458385133,0.00046086993105314,3781.69345363922
1733534640,0.000464739695379636,0.000466634869699937,0.000458715746219074,0.000465835470254911,3845.69204103343
1733534580,0.000463552566346742,0.000465885721838677,0.000457740074511908,0.000464739695379636,3785.17189451282
1733534520,0.000458357051610484,0.000466026661178419,0.000457712417483269,0.000463552566346742,4019.25820539552
1733534460,0.00045863573425821,0.000461054385575486,0.000457351784759579,0.000458357051610484,3779.7089204966
1733534400,0.000458139742703778,0.000460863248499415,0.000457161926970508,0.00045863573425821,3778.8758280801
1733534340,0.000456951627515843,0.000460364825506253,0.000454180066288226,0.000458139742703778,3805.9124610546
1733534280,0.000458663716870594,0.000459640878574783,0.000455947936942653,0.000456951627515843,3775.23624263194
1733534220,0.000457671915789382,0.000459800237710463,0.000456105719470352,0.000458663716870594,3777.30091514622
1733534160,0.000452344081439374,0.000459894569732969,0.000451898012694452,0.000457671915789382,3793.77432708424
1733534100,0.000452659609667693,0.000460715019773167,0.000452344081439374,0.000452344081439374,3809.6213277528
1733534040,0.000460870444733065,0.000460870444733065,0.000452659609667693,0.000452659609667693,246.58618537078
1733533980,0.000460740796680135,0.000461664765441401,0.000457957376263639,0.000460870444733065,3778.58956757604
1733533920,0.000457430653065174,0.000461534993511612,0.000455394718589362,0.000460740796680135,3800.67151212854
1733533860,0.000452953909758156,0.000461143634815648,0.000452953909758156,0.000457430653065174,3911.44468882341
1733533800,0.000452368393142777,0.000458721619747853,0.000452368393142777,0.000452953909758156,3796.23342380364
1733533740,0.000453124784556247,0.000455571032782581,0.00045024642265333,0.000452368393142777,3929.96738522049
1733533680,0.000449223471710711,0.000455543245667779,0.000449223471710711,0.000453124784556247,3780.18348076532
1733533620,0.000448855171585225,0.00045463751848868,0.000448855171585225,0.000449223471710711,3835.646891685
1733533560,0.000446596834153745,0.000454591432817991,0.000446596834153745,0.000448855171585225,3784.9309375803
1733533500,0.000451771432766154,0.000454663147831988,0.000446596834153745,0.000446596834153745,3792.40359205365
1733533440,0.000447811954088861,0.000454182671643063,0.000447811954088861,0.000451771432766154,3779.71756772602
1733533380,0.00045083292737135,0.000451507546236893,0.000446708972690223,0.000447811954088861,3885.99575081644
1733533320,0.000450485156699539,0.000451319280930596,0.000447735886329878,0.00045083292737135,3774.9338304306
1733533260,0.000445165344351854,0.00045126808373207,0.000445165344351854,0.000450485156699539,3775.244196822
1733533200,0.000450093554865334,0.000450891589736665,0.000445165344351854,0.000445165344351854,3800.206108115
1733533140,0.000443636162257116,0.000450876283546049,0.000443636162257116,0.000450093554865334,3778.0424079307
1733533080,0.000446637696721122,0.000447495815697356,0.000443636162257116,0.000443636162257116,3914.3039441226
1733533020,0.000441059790319676,0.000447121001715543,0.000441059790319676,0.000446637696721122,3770.4753614093
1733532960,0.000440776528203669,0.000446640955962088,0.000440776528203669,0.000441059790319676,3776.7584112947
1733532900,0.000443066165242753,0.00045086379225796,0.000440776528203669,0.000440776528203669,3982.69528995294
1733532840,0.000440628376657034,0.000446661744636826,0.000440628376657034,0.000443066165242753,3982.799330228
1733532780,0.000444530283972949,0.000447059762315412,0.000438698926898984,0.000440628376657034,3845.91360027295
1733532720,0.000446164684352556,0.000446902847511966,0.000443291217954585,0.000444530283972949,3769.6611457635
1733532660,0.000446337284907936,0.000446942888918487,0.000443330732426624,0.000446164684352556,3770.75744153944
1733532600,0.000440313319172268,0.000447115908962695,0.000440313319172268,0.000446337284907936,3773.7876949458
1733532540,0.000441555804136058,0.000444507497115882,0.000438672293102158,0.000440313319172268,3909.5666633776
1733532480,0.000444419309953341,0.000444437787613032,0.000436913591199202,0.000441555804136058,3814.39323445612
1733532420,0.00044272216205806,0.000445196130399849,0.00044159384528669,0.000444419309953341,3776.60408266872
1733532360,0.000441427294181194,0.000445085075286516,0.000441427294181194,0.00044272216205806,3776.4136505682
1733532300,0.000437418423959027,0.000445027080698815,0.000437418423959027,0.000441427294181194,3776.55234870648
1733532240,0.00043989756427301,0.000445729279006118,0.000437418423959027,0.000437418423959027,3803.19527637065
1733532180,0.000439207702994841,0.000445200397123183,0.000439207702994841,0.00043989756427301,3776.32864621588
1733532120,0.000452858449292274,0.000454074913575478,0.000439207702994841,0.000439207702994841,4269.91731329452
1733532060,0.000447724686246709,0.000453988730925133,0.000447724686246709,0.000452858449292274,3778.98357319588
1733532000,0.000450843446011166,0.000452954943101182,0.000447724686246709,0.000447724686246709,3828.48704915983
1733531940,0.000447180289443179,0.000453249723021311,0.000447180289443179,0.000450843446011166,3782.38169947695
1733531880,0.000442777555944293,0.00045283906928143,0.000442777555944293,0.000447180289443179,3852.22897112963
1733531820,0.00044258565807755,0.000444449853027287,0.000436285494093021,0.000442777555944293,4275.8882624456
1733531760,0.000443880774611066,0.000444732228820064,0.000441129306088822,0.00044258565807755,3788.65526646342
1733531700,0.000443973837879815,0.000444658499366464,0.000441055913451295,0.000443880774611066,3788.79899862755
1733531640,0.000438312492831341,0.000444456707718133,0.000438312492831341,0.000443973837879815,3788.40200163854
1733531580,0.000443774888407992,0.000443843067223071,0.000438312492831341,0.000438312492831341,3813.34774120056
1733531520,0.000442272317300351,0.000443774888407992,0.000436303091285311,0.000443774888407992,3838.4612336875
1733531460,0.000438830234492285,0.000444878568879408,0.000438830234492285,0.000442272317300351,3788.30995889834
1733531400,0.000438276977386496,0.000444321919476936,0.000436000727550624,0.000438830234492285,3906.26561377488
1733531340,0.000437752927174231,0.000443683653892084,0.000435573899612949,0.000438276977386496,3812.24168029804
1733531280,0.000436785815044855,0.000443091566888683,0.000435141191375244,0.000437752927174231,3844.47337840505
1733531220,0.000434730895674993,0.000442668054791631,0.000434576850431986,0.000436785815044855,3790.10991088765
1733531160,0.000436902691461361,0.000442699646967943,0.000434730895674993,0.000434730895674993,3791.4839303809
1733531100,0.000434484183957571,0.00044050894076831,0.000434484183957571,0.000436902691461361,3888.371763877
1733531040,0.000434344864012165,0.000440123946094503,0.000432274714598008,0.000434484183957571,3787.16005325703
1733530980,0.000433296223989726,0.000439035831722208,0.00043118646806009,0.000434344864012165,3833.47094858218
1733530920,0.000433254109958199,0.000439009976203871,0.000431120377158735,0.000433296223989726,3787.3509669501
1733530860,0.000429314491355057,0.000437047355039702,0.000429209434748253,0.000433254109958199,3881.44059596064
1733530800,0.000430904468084014,0.00043730616736647,0.000429314491355057,0.000429314491355057,3875.73174001002
1733530740,0.00043340548538236,0.000439037546859361,0.000430660230175463,0.000430904468084014,3837.15411442277
1733530680,0.000433525752604647,0.00043919843410368,0.000431019393268525,0.00043340548538236,3787.55674570506
1733530620,0.000433932334880084,0.000439642899797332,0.0004313421808945,0.000433525752604647,3810.54646709646
1733530560,0.00043330223829391,0.000439083493839412,0.000431755125378105,0.000433932334880084,3820.27302496305
1733530500,0.000430789216123539,0.00043669922884226,0.000428865723740872,0.00043330223829391,3908.05900969197
1733530440,0.000430790793424476,0.000436480494671699,0.000428619546699209,0.000430789216123539,3789.5722161898
1733530380,0.000421848657719545,0.000430802243418671,0.000419732584028629,0.000430790793424476,4246.73447631029
1733530320,0.000421793672541943,0.000427459053585695,0.000419738973985574,0.000421848657719545,3788.03291529996
1733530260,0.000421717058487129,0.000427400979551418,0.000419558473009559,0.000421793672541943,3788.54453643972
1733530200,0.000421212720100266,0.000427321871073879,0.000419581446977666,0.000421717058487129,3788.47542095374
1733530140,0.000421078414406547,0.000426796430688502,0.000418964229237869,0.000421212720100266,3784.85831726927
1733530080,0.000420699411885007,0.000426681252579858,0.000418967030056335,0.000421078414406547,3784.45531952556
1733530020,0.000412459422459322,0.000426360898655201,0.000412459422459322,0.000420699411885007,4098.28823497152
1733529960,0.000414420392328561,0.000420202675597454,0.000412459422459322,0.000412459422459322,3796.02516128552
1733529900,0.000413214988532096,0.000419286737918461,0.000411175780162869,0.000414420392328561,3814.69355374352
1733529840,0.000411629964645996,0.000419373035246107,0.0004111117552574,0.000413214988532096,3844.6015460784
1733529780,0.0004075269318455,0.000419524783439309,0.0004075269318455,0.000411629964645996,4001.29715164737
1733529720,0.000403484530845822,0.000410727542577455,0.000403230786573609,0.0004075269318455,4016.87596961088
1733529660,0.000405770902654642,0.000411388449985214,0.000403484530845822,0.000403484530845822,3821.87616282995
1733529600,0.000403793048844684,0.000411449761481483,0.000403732147001603,0.000405770902654642,3779.5355925501
1733529540,0.000405836927193088,0.000411442410831573,0.000403765598773991,0.000403793048844684,3781.14011129652
1733529480,0.000406854091267301,0.000412447327800388,0.000404352657996469,0.000405836927193088,3838.76048465791
1733529420,0.000406797800485834,0.000412398001176907,0.000404710980442028,0.000406854091267301,3788.71178437044
1733529360,0.000406596969145134,0.000412245765023248,0.000404692163789608,0.000406797800485834,3779.27396657324
1733529300,0.000405296419823301,0.000412310432366282,0.000404563228128317,0.000406596969145134,3817.19414633252
1733529240,0.000407383994822738,0.000413033751483659,0.000405296419823301,0.000405296419823301,3798.14123348255
1733529180,0.000406381640962179,0.000412717142696616,0.000406381640962179,0.000407383994822738,3770.40315087096
1733529120,0.000434443046619672,0.000439631828517778,0.000405252321165735,0.000406381640962179,5426.1723782421
1733529060,0.000434333504434108,0.000440050028318754,0.000434333504434108,0.000434443046619672,3788.79285767348
1733529000,0.000433623179135176,0.000440891849536189,0.000432434966913293,0.000434333504434108,3863.67059176689
1733528940,0.000435974415560288,0.000442287971411822,0.000433623179135176,0.000433623179135176,3854.66061695221
1733528880,0.000422561514157485,0.000435974415560288,0.000422561514157485,0.000435974415560288,4385.65489988248
1733528820,0.000429658730613299,0.000430495219516555,0.000422561514157485,0.000422561514157485,3798.29089904782
1733528760,0.000428021818123048,0.000430422065790425,0.000426907951772582,0.000429658730613299,3781.15993405962
1733528700,0.000424304162717041,0.00043009507403293,0.000424304162717041,0.000428021818123048,3779.0793437995
1733528640,0.000429708748560282,0.000429902836337007,0.000424304162717041,0.000424304162717041,3780.92197931983
1733528580,0.000423672675617099,0.000429708748560282,0.000423672675617099,0.000429708748560282,3776.35271378805
1733528520,0.000427852710001779,0.000433578970183656,0.000423672675617099,0.000423672675617099,3987.39797888976
1733528460,0.000432909295725177,0.000433866025725228,0.000425903745457937,0.000427852710001779,4041.75426136365
1733528400,0.000438877506871908,0.000439194531926477,0.000431126737328855,0.000432909295725177,3818.24492871096
1733528340,0.000449153217438727,0.000455211293452941,0.000438877506871908,0.000438877506871908,4581.29013643028
1733528280,0.000446663219645862,0.000454707472736991,0.000446663219645862,0.000449153217438727,3781.02071380524
1733528220,0.000454055268121591,0.000454743056962783,0.000446663219645862,0.000446663219645862,3777.96202396968
1733528160,0.000448145302630178,0.000454055268121591,0.000448145302630178,0.000454055268121591,3771.59293669356
1733528100,0.000450076997209776,0.000456240813732767,0.000446957150403862,0.000448145302630178,3893.0780058006
1733528040,0.000449234381990186,0.00045562943316602,0.000449234381990186,0.000450076997209776,3797.2572937341
1733527980,0.00043939678763526,0.000449234381990186,0.00043939678763526,0.000449234381990186,4354.31720152352
1733527920,0.000455145589875524,0.000459362276206168,0.00043939678763526,0.00043939678763526,4693.36828851076
1733527860,0.000459830492677166,0.000463050288869591,0.000455145589875524,0.000455145589875524,4005.33017393122
1733527800,0.000457322765362814,0.000463565413029017,0.000457322765362814,0.000459830492677166,3772.72191485604
1733527740,0.000455960354879152,0.000463072251850828,0.000455960354879152,0.000457322765362814,3780.26117861922
1733527680,0.000458405954592453,0.000465133454673041,0.000455960354879152,0.000455960354879152,3946.8698386779
1733527620,0.000457255400144888,0.000464737253340183,0.000456263454779298,0.000458405954592453,3806.29531066609
1733527560,0.000457464418963615,0.000465651887408218,0.000457255400144888,0.000457255400144888,3798.55466327229
1733527500,0.000460475520579055,0.000467835251529372,0.000457464418963615,0.000457464418963615,3871.49184941166
1733527440,0.000462827705383754,0.00046921954508989,0.000460475520579055,0.000460475520579055,3818.71506801861
1733527380,0.000465435712711784,0.000472361170149105,0.000462827705383754,0.000462827705383754,3933.13013468808
1733527320,0.000459008254637128,0.000465435712711784,0.000459008254637128,0.000465435712711784,4123.43654817884
1733527260,0.00045730601575061,0.000463604903390767,0.00045730601575061,0.000459008254637128,3882.91111844296
1733527200,0.000456742314471602,0.000462788723836839,0.000456742314471602,0.00045730601575061,3847.20246471085
1733527140,0.000456225657976876,0.000461882068894104,0.000453438722841912,0.000456742314471602,3888.18571482519
1733527080,0.000443262906981268,0.000456225657976876,0.000443262906981268,0.000456225657976876,4364.00615442587
1733527020,0.000444899071846527,0.00045131375945917,0.000443262906981268,0.000443262906981268,3932.52287543263
1733526960,0.000443507648856761,0.000449639721593999,0.000443507648856761,0.000444899071846527,3884.2084699968
1733526900,0.000445152918217997,0.000451247827146102,0.00044202527108837,0.000443507648856761,3942.43582722347
1733526840,0.000444899364718575,0.000451303742519099,0.00044274437151566,0.000445152918217997,3872.00351813114
1733526780,0.000440509573862364,0.000450731155962737,0.000440509573862364,0.000444899364718575,3972.06815038009
1733526720,0.000439424448580914,0.000445413300272396,0.000436789431378286,0.000440509573862364,4109.81396553009
1733526660,0.000427891665289182,0.000445413026864711,0.000427891665289182,0.000439424448580914,3824.89893993346
1733526600,0.000414475503136907,0.000427891665289182,0.000414475503136907,0.000427891665289182,4971.27831517317
1733526540,0.000416362100276469,0.00042237085959166,0.000414475503136907,0.000414475503136907,3816.63723340541
1733526480,0.000416458290786355,0.000421943469234231,0.000416362100276469,0.000416362100276469,3817.66659697032
1733526420,0.000419322202869615,0.00042198479799768,0.000416458290786355,0.000416458290786355,3806.33587544826
1733526360,0.000416319998427025,0.000422071105509497,0.000416319998427025,0.000419322202869615,3798.04682090106
1733526300,0.000413494183271533,0.000416319998427025,0.000413494183271533,0.000416319998427025,4.00031365083
1733526240,0.000421087710809133,0.000421221483882694,0.000413494183271533,0.000413494183271533,3805.6064837595
1733526180,0.000415538595019245,0.000421087710809133,0.000415538595019245,0.000421087710809133,3791.87317351542
1733526120,0.000416611411812832,0.000422244173035872,0.000413639091843386,0.000415538595019245,3921.10070451858
1733526060,0.000406525349940753,0.000416611411812832,0.000406525349940753,0.000416611411812832,4321.34807466815
1733526000,0.000404096494429994,0.000411699273869725,0.000404096494429994,0.000406525349940753,3816.27559190667
1733525940,0.000402919892606551,0.000409668483167377,0.000402919892606551,0.000404096494429994,3946.96178324713
1733525880,0.000384466080480855,0.000402919892606551,0.000384466080480855,0.000402919892606551,1318.0266541928
1733525820,0.000378112152275152,0.000385472360526058,0.000378112152275152,0.000384466080480855,7599.80199146598
1733525760,0.000378214626177228,0.000385469378366351,0.000378112152275152,0.000378112152275152,3804.62350858317
1733525700,0.000378582063337026,0.000378686187188684,0.000378214626177228,0.000378214626177228,35.33200271796
1733525640,0.000380737058806789,0.000387937071542805,0.000378582063337026,0.000378582063337026,3905.17907055359
1733525580,0.000380401667020092,0.000387869278291538,0.000380401667020092,0.000380737058806789,3784.792557126
1733525520,0.000437829513260332,0.000437829513260332,0.000380401667020092,0.000380401667020092,4708.86777357477
1733525460,0.000479379975716419,0.000479379975716419,0.00043140021769173,0.000437829513260332,5798.57029268911
1733525400,0.000485335242539785,0.000485335242539785,0.000473554413044808,0.000479379975716419,4071.37721580998
1733525340,0.000485088269868666,0.000485335242539785,0.00047772680981603,0.000485335242539785,3898.06750636076
1733525280,0.000484775896304605,0.000487872638196409,0.000479110322295494,0.000485088269868666,7638.39859424546
1733525220,0.000480275557506242,0.000487627479224514,0.000480275557506242,0.000484775896304605,3808.06142435527
1733525160,0.000484300850486054,0.000484300850486054,0.000480275557506242,0.000480275557506242,115.26922625595
1733525100,0.000482475348819014,0.000485132907280319,0.000481237979620504,0.000484300850486054,3807.62839950584
1733525040,0.000481585064881842,0.000485316317730425,0.000476818666266719,0.000482475348819014,4144.54739656686
1733524980,0.00047480051196302,0.000483189641479643,0.00047480051196302,0.000481585064881842,7619.3739907398
1733524920,0.000487461503801301,0.000487461503801301,0.00047480051196302,0.00047480051196302,254.77773102614
1733524860,0.000485783576878711,0.000488664407849449,0.000479846936814,0.000487461503801301,3835.29640691756
1733524800,0.000485140891435469,0.000488641010703308,0.000479965851666454,0.000485783576878711,3864.02156628459
1733524740,0.000501061933787829,0.000501061933787829,0.000480108650659038,0.000485140891435469,4460.00384530245
1733524680,0.000500439610581058,0.000502283451671203,0.000493873448839928,0.000501061933787829,3854.14948864176
1733524620,0.000495770557222718,0.000503110486525333,0.000487134394538904,0.000500439610581058,4316.99487954776
1733524560,0.000495888620790298,0.000495888620790298,0.000487241363098075,0.000495770557222718,3827.43130460554
1733524500,0.000494000160217918,0.000496413989041342,0.000488409699506026,0.000495888620790298,3870.76298127908
1733524440,0.000495293156018966,0.000498114082963445,0.000491707265792368,0.000494000160217918,3829.92169451755
1733524380,0.000501050254427623,0.000501050254427623,0.000489960982337943,0.000495293156018966,4094.49252554155
1733524320,0.000503300272125874,0.000504017191465071,0.000495263859065096,0.000501050254427623,3841.96025693329
1733524260,0.000498823095465,0.000504526077608119,0.000497291234424325,0.000503300272125874,3948.18170658686
1733524200,0.000507065627568082,0.000507065627568082,0.000498823095465,0.000498823095465,4.98823095465
1733524140,0.0005013484687423,0.000507599121969903,0.000496131627589848,0.000507065627568082,3996.56043578487
1733524080,0.000502036210125752,0.000505374096124423,0.000496684471919736,0.0005013484687423,3836.32829190591
1733524020,0.000501899829295727,0.000504986605097113,0.000496500730039931,0.000502036210125752,3846.69376150293
1733523960,0.00050478811569203,0.000505928497218931,0.000497181276762611,0.000501899829295727,3812.04282901125
1733523900,0.00050553708766663,0.000506017143639754,0.000497321130739231,0.00050478811569203,3950.6384270291
1733523840,0.000503660768034486,0.000506069791716313,0.000497385959354272,0.00050553708766663,3819.64718408345
1733523780,0.000508367873507052,0.000508367873507052,0.000497738739384801,0.000503660768034486,3946.50723721172
1733523720,0.000508016550349324,0.000509228513212742,0.000501224486965741,0.000508367873507052,3908.20327639054
1733523660,0.000505979547916273,0.000511313550826426,0.000503030891255698,0.000508016550349324,3890.67029319138
1733523600,0.000510873483810235,0.000511554882424094,0.000504851595191984,0.000505979547916273,3883.93139026027
1733523540,0.000508522090640602,0.00051111637422017,0.000501668284756754,0.000510873483810235,3929.6983910709
1733523480,0.000498960976645852,0.000509774151545518,0.000498960976645852,0.000508522090640602,3944.11303229892
1733523420,0.000506314166370621,0.00050767759319289,0.000498960976645852,0.000498960976645852,4057.806665088
1733523360,0.000545732626515592,0.000545732626515592,0.000500605567777999,0.000506314166370621,5799.74577479196
1733523300,0.000533546268337972,0.000557057527096699,0.000523097754058954,0.000545732626515592,16753.9682830393
1733523240,0.000541551865542895,0.000550803687484668,0.000525787601565262,0.000533546268337972,16005.69723921659
1733523180,0.000565037896011467,0.000565037896011467,0.000537925831985671,0.000541551865542895,13460.5463168286
1733523120,0.000571497299606374,0.000571497299606374,0.000555858937073472,0.000565037896011467,4265.95134749101
1733523060,0.000562789221899312,0.000571497299606374,0.000561503100345597,0.000571497299606374,3910.29968221273
1733523000,0.000567023446474986,0.000575475055781911,0.000562789221899312,0.000562789221899312,4016.36594450316
1733522940,0.000554761984134604,0.000571693764577333,0.000554761984134604,0.000567023446474986,2144.329530902
1733522880,0.000526748500456388,0.000558364187229855,0.00052204992335729,0.000554761984134604,5827.99470091259
1733522820,0.000512081346945405,0.000531266473080671,0.000499081329282759,0.000526748500456388,7857.66476173674
1733522760,0.000598615682929656,0.000598615682929656,0.000508451033408674,0.000512081346945405,8268.03210597633
1733522700,0.000624492066810829,0.000624492066810829,0.000598615682929656,0.000598615682929656,5032.21268370901
1733522640,0.00062827115709656,0.000634925885752682,0.000624492066810829,0.000624492066810829,4037.62069315686
1733522580,0.00063759524343262,0.000638729784031766,0.00062827115709656,0.00062827115709656,3995.02429623438
1733522520,0.000635716379797062,0.00064089336976562,0.000625244685559948,0.00063759524343262,4198.04094299182
1733522460,0.000650543983317627,0.000650543983317627,0.000628289158947059,0.000635716379797062,4572.85377189602
1733522400,0.000657900976468244,0.000657900976468244,0.000637491358084951,0.000650543983317627,4882.5702890422
1733522340,0.000668860363818856,0.000670646907647483,0.000647491287099143,0.000657900976468244,4636.77893750332
1733522280,0.000662528461095802,0.000674663649350199,0.0006606134729944,0.000668860363818856,4125.66717097006
1733522220,0.000667069689496255,0.000673415302590832,0.00065861747962991,0.000662528461095802,4428.28280782248
1733522160,0.000746301400341169,0.000746301400341169,0.000663335109853403,0.000667069689496255,6943.83024617438
1733522100,0.000738566180936349,0.000746624030724443,0.000735763506128554,0.000746301400341169,4024.99698793093
1733522040,0.000736458758202163,0.000738566180936349,0.00073499844444847,0.000738566180936349,315.71085858234
1733521980,0.000730028271987884,0.000741657125867422,0.000729687363345476,0.000736458758202163,3965.31731068792
