0,1,2,3,4,5
1730578440.0,5.404625230637087e-05,6.783565053100847e-05,1.4744966394097307e-05,3.823025780143168e-05,77586.52167964158
1730578500.0,3.823025780143168e-05,5.229341812073524e-05,1.938244689814068e-05,3.741650663534164e-05,26090.415114572213
1730578560.0,3.741650663534164e-05,3.8671256386172814e-05,2.4027140929138827e-05,2.40379900096779e-05,11887.30787257121
1730578620.0,2.40379900096779e-05,3.4596816860246727e-05,2.2195152093747776e-05,2.901482178318988e-05,10293.533107292084
1730578680.0,2.901482178318988e-05,4.660933963224945e-05,2.730181025541373e-05,4.2215172658859576e-05,15146.319133393285
1730578740.0,4.2215172658859576e-05,4.860919193333346e-05,3.256259310472981e-05,3.569478147656103e-05,6979.354454343105
1730578800.0,3.569478147656103e-05,5.473949440051812e-05,3.568805613901557e-05,4.9751529938537624e-05,7205.870629190668
1730578860.0,4.9751529938537624e-05,5.053306900813433e-05,3.684063367098809e-05,4.210981342702329e-05,8171.481241055556
1730578920.0,4.210981342702329e-05,4.555863179146971e-05,2.897273168021587e-05,3.2602549362044154e-05,4480.508140575117
1730578980.0,3.2602549362044154e-05,3.349721287935983e-05,1.6547530183650332e-05,1.836713046571224e-05,5222.0274583337905
1730579040.0,1.836713046571224e-05,1.9207163702317307e-05,1.256743080312574e-05,1.3008650302623582e-05,2992.576474960637
1730579100.0,1.3008650302623582e-05,1.6181835288885402e-05,1.2841338876196496e-05,1.6181835288885402e-05,1164.6353612328764
1730579160.0,1.6181835288885402e-05,1.720114435565243e-05,1.3124224814214367e-05,1.3279164057242603e-05,1052.1924323799662
1730579220.0,1.3279164057242603e-05,1.3279164057242603e-05,9.7556078968245e-06,9.7556078968245e-06,1910.138618222968
1730579280.0,9.7556078968245e-06,1.1048477958128164e-05,9.483001815466896e-06,9.483001815466896e-06,801.4590026683495
1730579340.0,9.483001815466896e-06,9.832581006135274e-06,7.885730842954909e-06,8.301800128676823e-06,1789.2844200399131
1730579400.0,8.301800128676823e-06,1.1001604061485592e-05,8.301800128676823e-06,1.1001604061485592e-05,713.4926749797506
1730579460.0,1.1001604061485592e-05,1.2087090994509326e-05,1.1001604061485592e-05,1.2087090994509326e-05,269.7597343981175
1730579520.0,1.2087090994509326e-05,1.2087090994509326e-05,8.79655315855825e-06,8.923699072069254e-06,908.832708519954
1730579580.0,8.923699072069254e-06,9.303177276851202e-06,8.923699072069254e-06,9.303177276851202e-06,166.26177330908462
1730579640.0,9.303177276851202e-06,9.85876258196731e-06,9.303177276851202e-06,9.85876258196731e-06,68.99115414347122
1730579700.0,9.85876258196731e-06,1.0048452226366923e-05,9.85876258196731e-06,1.0048452226366923e-05,73.55403859240674
1730579760.0,1.0048452226366923e-05,1.0048452226366923e-05,9.921624977064176e-06,9.921624977064176e-06,44.57507421114839
1730579820.0,9.921624977064176e-06,9.921624977064176e-06,8.603397310325756e-06,8.7987031330644e-06,456.141382758518
1730579880.0,8.7987031330644e-06,9.365501527475922e-06,8.496587898096232e-06,8.964346266235356e-06,423.2362768793986
1730579940.0,8.964346266235356e-06,8.964346266235356e-06,8.910269185457905e-06,8.910269185457905e-06,21.89669809502471
1730580000.0,8.910269185457905e-06,8.910269185457905e-06,8.833378115870893e-06,8.833378115870893e-06,22.193812751629327
1730580060.0,8.833378115870893e-06,8.833378115870893e-06,8.683765925181863e-06,8.683765925181863e-06,66.47445214050731
1730580120.0,8.683765925181863e-06,8.683765925181863e-06,8.683765925181863e-06,8.683765925181863e-06,0.0
1730580180.0,8.683765925181863e-06,8.683765925181863e-06,8.566368644661503e-06,8.566368644661503e-06,4.09084106254691
1730580240.0,8.566368644661503e-06,8.566368644661503e-06,8.47149837019919e-06,8.47149837019919e-06,30.36033365248912
1730580300.0,8.47149837019919e-06,8.47149837019919e-06,7.693901924423536e-06,7.693901924423536e-06,236.46965660320237
1730580360.0,7.693901924423536e-06,7.693901924423536e-06,7.403981408888979e-06,7.403981408888979e-06,219.76201093469055
1730580420.0,7.403981408888979e-06,7.650302594603557e-06,7.403981408888979e-06,7.650302594603557e-06,90.97076731449194
1730580480.0,7.650302594603557e-06,7.815396856541721e-06,7.650302594603557e-06,7.815396856541721e-06,16.67947045434263
1730580540.0,7.815396856541721e-06,7.815396856541721e-06,7.815396856541721e-06,7.815396856541721e-06,0.0
1730580600.0,7.815396856541721e-06,7.815396856541721e-06,7.815396856541721e-06,7.815396856541721e-06,0.0
1730580660.0,7.815396856541721e-06,7.815396856541721e-06,7.191994669397289e-06,7.191994669397289e-06,371.026466690139
1730580720.0,7.191994669397289e-06,7.191994669397289e-06,7.191994669397289e-06,7.191994669397289e-06,0.0
1730580780.0,7.191994669397289e-06,7.191994669397289e-06,7.191994669397289e-06,7.191994669397289e-06,0.0
1730580840.0,7.191994669397289e-06,7.191994669397289e-06,6.590000963942516e-06,6.590000963942516e-06,24.182571584536564
1730580900.0,6.590000963942516e-06,6.590000963942516e-06,6.590000963942516e-06,6.590000963942516e-06,0.0
1730580960.0,6.590000963942516e-06,6.590000963942516e-06,6.542631130561997e-06,6.542631130561997e-06,7.214982969421203
1730581020.0,6.542631130561997e-06,6.542631130561997e-06,6.542631130561997e-06,6.542631130561997e-06,0.0
1730581080.0,6.542631130561997e-06,6.542631130561997e-06,6.529329583700804e-06,6.529329583700804e-06,1.7453642499969595
1730581140.0,6.529329583700804e-06,6.529329583700804e-06,6.529329583700804e-06,6.529329583700804e-06,0.0
1730581200.0,6.529329583700804e-06,6.529329583700804e-06,6.529329583700804e-06,6.529329583700804e-06,0.0
1730581260.0,6.529329583700804e-06,6.529329583700804e-06,6.529329583700804e-06,6.529329583700804e-06,0.0
1730581320.0,6.529329583700804e-06,6.529329583700804e-06,6.529329583700804e-06,6.529329583700804e-06,0.0
1730581380.0,6.529329583700804e-06,6.529329583700804e-06,6.521570238361939e-06,6.521570238361939e-06,2.636613696730223
1730581440.0,6.521570238361939e-06,6.521570238361939e-06,6.521570238361939e-06,6.521570238361939e-06,0.0
1730581500.0,6.521570238361939e-06,6.521570238361939e-06,6.521570238361939e-06,6.521570238361939e-06,0.0
1730581560.0,6.521570238361939e-06,6.521570238361939e-06,6.521570238361939e-06,6.521570238361939e-06,0.0
1730581620.0,6.521570238361939e-06,6.521570238361939e-06,6.521570238361939e-06,6.521570238361939e-06,0.0
1730581680.0,6.521570238361939e-06,6.521570238361939e-06,6.495666806541472e-06,6.495666806541472e-06,5.693146745317008
1730581740.0,6.495666806541472e-06,6.495666806541472e-06,6.495666806541472e-06,6.495666806541472e-06,0.0
1730581800.0,6.495666806541472e-06,6.495666806541472e-06,6.495666806541472e-06,6.495666806541472e-06,0.0
1730581860.0,6.495666806541472e-06,6.495666806541472e-06,6.495666806541472e-06,6.495666806541472e-06,0.0
1730581920.0,6.495666806541472e-06,6.495666806541472e-06,6.495666806541472e-06,6.495666806541472e-06,0.0
1730581980.0,6.495666806541472e-06,6.495666806541472e-06,6.495666806541472e-06,6.495666806541472e-06,0.0
1730582040.0,6.495666806541472e-06,6.495666806541472e-06,6.483552962579659e-06,6.483552962579659e-06,2.3040301156198275
1730582100.0,6.483552962579659e-06,6.483552962579659e-06,6.459566054617948e-06,6.459566054617948e-06,13.602213660047006
1730582160.0,6.459566054617948e-06,6.459566054617948e-06,6.436747914987646e-06,6.436747914987646e-06,1.0728066202498756
1730582220.0,6.436747914987646e-06,6.436747914987646e-06,6.436747914987646e-06,6.436747914987646e-06,0.0
1730582280.0,6.436747914987646e-06,6.436747914987646e-06,6.436747914987646e-06,6.436747914987646e-06,0.0
1730582340.0,6.436747914987646e-06,6.436747914987646e-06,6.436747914987646e-06,6.436747914987646e-06,0.0
1730582400.0,6.436747914987646e-06,6.436747914987646e-06,6.289509762967327e-06,6.289509762967327e-06,97.16129796737714
1730582460.0,6.289509762967327e-06,6.289509762967327e-06,6.12071861218218e-06,6.12071861218218e-06,9.336378397738123
1730582520.0,6.12071861218218e-06,6.12071861218218e-06,6.12071861218218e-06,6.12071861218218e-06,0.0
1730582580.0,6.12071861218218e-06,6.12071861218218e-06,6.12071861218218e-06,6.12071861218218e-06,0.0
1730582640.0,6.12071861218218e-06,6.12071861218218e-06,6.12071861218218e-06,6.12071861218218e-06,0.0
1730582700.0,6.12071861218218e-06,6.12071861218218e-06,6.12071861218218e-06,6.12071861218218e-06,0.0
1730582760.0,6.12071861218218e-06,6.12071861218218e-06,6.12071861218218e-06,6.12071861218218e-06,0.0
1730582820.0,6.12071861218218e-06,6.12071861218218e-06,6.12071861218218e-06,6.12071861218218e-06,0.0
1730582880.0,6.12071861218218e-06,6.12071861218218e-06,6.12071861218218e-06,6.12071861218218e-06,0.0
1730582940.0,6.12071861218218e-06,6.12071861218218e-06,6.12071861218218e-06,6.12071861218218e-06,0.0
1730583000.0,6.12071861218218e-06,6.12071861218218e-06,6.12071861218218e-06,6.12071861218218e-06,0.0
1730583060.0,6.12071861218218e-06,6.12071861218218e-06,6.12071861218218e-06,6.12071861218218e-06,0.0
1730583120.0,6.12071861218218e-06,6.12071861218218e-06,6.12071861218218e-06,6.12071861218218e-06,0.0
1730583180.0,6.12071861218218e-06,6.158843628042314e-06,6.12071861218218e-06,6.158843628042314e-06,3.8287455313181327
1730583240.0,6.158843628042314e-06,6.158843628042314e-06,6.158843628042314e-06,6.158843628042314e-06,0.0
1730583300.0,6.158843628042314e-06,6.158843628042314e-06,6.158843628042314e-06,6.158843628042314e-06,0.0
1730583360.0,6.158843628042314e-06,6.158843628042314e-06,6.158843628042314e-06,6.158843628042314e-06,0.0
1730583420.0,6.158843628042314e-06,6.158843628042314e-06,6.158843628042314e-06,6.158843628042314e-06,0.0
1730583480.0,6.158843628042314e-06,6.158843628042314e-06,6.158843628042314e-06,6.158843628042314e-06,0.0
1730583540.0,6.158843628042314e-06,6.158843628042314e-06,6.158843628042314e-06,6.158843628042314e-06,0.0
1730583600.0,6.158843628042314e-06,6.158843628042314e-06,6.158843628042314e-06,6.158843628042314e-06,0.0
1730583660.0,6.158843628042314e-06,6.158843628042314e-06,6.158843628042314e-06,6.158843628042314e-06,0.0
1730583720.0,6.158843628042314e-06,6.158843628042314e-06,6.158843628042314e-06,6.158843628042314e-06,0.0
1730583780.0,6.158843628042314e-06,6.158843628042314e-06,6.158843628042314e-06,6.158843628042314e-06,0.0
1730583840.0,6.158843628042314e-06,6.158843628042314e-06,5.8240801892696e-06,5.8240801892696e-06,110.93567909808198
1730583900.0,5.8240801892696e-06,5.8240801892696e-06,5.8240801892696e-06,5.8240801892696e-06,0.0
1730583960.0,5.8240801892696e-06,5.8240801892696e-06,5.8240801892696e-06,5.8240801892696e-06,0.0
1730584020.0,5.8240801892696e-06,5.8240801892696e-06,5.8240801892696e-06,5.8240801892696e-06,0.0
1730584080.0,5.8240801892696e-06,5.8240801892696e-06,5.805509939840297e-06,5.805509939840297e-06,0.6900895091369239
1730584140.0,5.805509939840297e-06,5.805509939840297e-06,5.805509939840297e-06,5.805509939840297e-06,0.0
1730584200.0,5.805509939840297e-06,5.805509939840297e-06,5.805509939840297e-06,5.805509939840297e-06,0.0
1730584260.0,5.805509939840297e-06,5.805509939840297e-06,5.805509939840297e-06,5.805509939840297e-06,0.0
1730584320.0,5.805509939840297e-06,5.805509939840297e-06,5.805509939840297e-06,5.805509939840297e-06,0.0
1730584380.0,5.805509939840297e-06,5.805509939840297e-06,5.805509939840297e-06,5.805509939840297e-06,0.0
1730584440.0,5.805509939840297e-06,5.805509939840297e-06,5.805509939840297e-06,5.805509939840297e-06,0.0
1730584500.0,5.805509939840297e-06,5.805509939840297e-06,5.805509939840297e-06,5.805509939840297e-06,0.0
1730584560.0,5.805509939840297e-06,5.805509939840297e-06,5.805509939840297e-06,5.805509939840297e-06,0.0
1730584620.0,5.805509939840297e-06,5.805509939840297e-06,5.805509939840297e-06,5.805509939840297e-06,0.0
1730584680.0,5.805509939840297e-06,5.805509939840297e-06,5.805509939840297e-06,5.805509939840297e-06,0.0
1730584740.0,5.805509939840297e-06,5.805509939840297e-06,5.805509939840297e-06,5.805509939840297e-06,0.0
1730584800.0,5.805509939840297e-06,5.805509939840297e-06,5.805509939840297e-06,5.805509939840297e-06,0.0
1730584860.0,5.805509939840297e-06,5.805509939840297e-06,5.805509939840297e-06,5.805509939840297e-06,0.0
1730584920.0,5.805509939840297e-06,5.805509939840297e-06,5.805509939840297e-06,5.805509939840297e-06,0.0
1730584980.0,5.805509939840297e-06,5.805509939840297e-06,5.805509939840297e-06,5.805509939840297e-06,0.0
1730585040.0,5.805509939840297e-06,5.805509939840297e-06,5.805509939840297e-06,5.805509939840297e-06,0.0
1730585100.0,5.805509939840297e-06,5.805509939840297e-06,5.805509939840297e-06,5.805509939840297e-06,0.0
1730585160.0,5.805509939840297e-06,5.805509939840297e-06,5.805509939840297e-06,5.805509939840297e-06,0.0
1730585220.0,5.805509939840297e-06,5.839594158621621e-06,5.805509939840297e-06,5.839594158621621e-06,0.000332865492122
1730585280.0,5.839594158621621e-06,5.839594158621621e-06,5.839594158621621e-06,5.839594158621621e-06,0.0
1730585340.0,5.839594158621621e-06,5.839594158621621e-06,5.810396187828512e-06,5.810396187828512e-06,0.0003312011646613
1730585400.0,5.810396187828512e-06,5.810396187828512e-06,5.810396187828512e-06,5.810396187828512e-06,0.0
1730585460.0,5.810396187828512e-06,5.810396187828512e-06,5.810396187828512e-06,5.810396187828512e-06,0.0
1730585520.0,5.810396187828512e-06,5.810396187828512e-06,5.810396187828512e-06,5.810396187828512e-06,0.0
1730585580.0,5.810396187828512e-06,5.810396187828512e-06,5.750946203880759e-06,5.750946203880759e-06,42.020005842963634
1730585640.0,5.750946203880759e-06,5.750946203880759e-06,5.750946203880759e-06,5.750946203880759e-06,0.0
1730585700.0,5.750946203880759e-06,5.750946203880759e-06,5.750946203880759e-06,5.750946203880759e-06,0.0
1730585760.0,5.750946203880759e-06,5.750946203880759e-06,5.750946203880759e-06,5.750946203880759e-06,0.0
1730585820.0,5.750946203880759e-06,5.750946203880759e-06,5.750946203880759e-06,5.750946203880759e-06,0.0
1730585880.0,5.750946203880759e-06,5.750946203880759e-06,5.750946203880759e-06,5.750946203880759e-06,0.0
1730585940.0,5.750946203880759e-06,5.750946203880759e-06,5.750946203880759e-06,5.750946203880759e-06,0.0
1730586000.0,5.750946203880759e-06,5.750946203880759e-06,5.750946203880759e-06,5.750946203880759e-06,0.0
1730586060.0,5.750946203880759e-06,5.750946203880759e-06,5.750946203880759e-06,5.750946203880759e-06,0.0
1730586120.0,5.750946203880759e-06,5.750946203880759e-06,5.750946203880759e-06,5.750946203880759e-06,0.0
1730586180.0,5.750946203880759e-06,5.750946203880759e-06,5.750946203880759e-06,5.750946203880759e-06,0.0
1730586240.0,5.750946203880759e-06,5.750946203880759e-06,5.750946203880759e-06,5.750946203880759e-06,0.0
1730586300.0,5.750946203880759e-06,5.750946203880759e-06,5.750946203880759e-06,5.750946203880759e-06,0.0
1730586360.0,5.750946203880759e-06,5.750946203880759e-06,5.750946203880759e-06,5.750946203880759e-06,0.0
1730586420.0,5.750946203880759e-06,5.750946203880759e-06,5.750946203880759e-06,5.750946203880759e-06,0.0
1730586480.0,5.750946203880759e-06,5.750946203880759e-06,5.750946203880759e-06,5.750946203880759e-06,0.0
1730586540.0,5.750946203880759e-06,5.750946203880759e-06,5.6529395257037e-06,5.6529395257037e-06,19.411160191723965
1730586600.0,5.6529395257037e-06,5.6529395257037e-06,5.6529395257037e-06,5.6529395257037e-06,0.0
1730586660.0,5.6529395257037e-06,5.6529395257037e-06,5.6529395257037e-06,5.6529395257037e-06,0.0
1730586720.0,5.6529395257037e-06,5.6529395257037e-06,5.6529395257037e-06,5.6529395257037e-06,0.0
1730586780.0,5.6529395257037e-06,5.6529395257037e-06,5.6529395257037e-06,5.6529395257037e-06,0.0
1730586840.0,5.6529395257037e-06,5.6529395257037e-06,5.6529395257037e-06,5.6529395257037e-06,0.0
1730586900.0,5.6529395257037e-06,5.6529395257037e-06,5.6529395257037e-06,5.6529395257037e-06,0.0
1730586960.0,5.6529395257037e-06,5.6529395257037e-06,5.6529395257037e-06,5.6529395257037e-06,0.0
1730587020.0,5.6529395257037e-06,5.6529395257037e-06,5.6529395257037e-06,5.6529395257037e-06,0.0
1730587080.0,5.6529395257037e-06,5.6529395257037e-06,5.6529395257037e-06,5.6529395257037e-06,0.0
1730587140.0,5.6529395257037e-06,5.6529395257037e-06,5.6529395257037e-06,5.6529395257037e-06,0.0
1730587200.0,5.6529395257037e-06,5.6529395257037e-06,5.6529395257037e-06,5.6529395257037e-06,0.0
1730587260.0,5.6529395257037e-06,5.6529395257037e-06,5.607365041222544e-06,5.607365041222544e-06,5.692105199712321
1730587320.0,5.607365041222544e-06,5.635187246079709e-06,5.607365041222544e-06,5.635187246079709e-06,2.488946010187606
1730587380.0,5.635187246079709e-06,5.635187246079709e-06,5.635187246079709e-06,5.635187246079709e-06,0.0
1730587440.0,5.635187246079709e-06,5.635187246079709e-06,5.635187246079709e-06,5.635187246079709e-06,0.0
1730587500.0,5.635187246079709e-06,5.635187246079709e-06,5.635187246079709e-06,5.635187246079709e-06,0.0
1730587560.0,5.635187246079709e-06,5.635187246079709e-06,5.635187246079709e-06,5.635187246079709e-06,0.0
1730587620.0,5.635187246079709e-06,5.635187246079709e-06,5.635187246079709e-06,5.635187246079709e-06,0.0
1730587680.0,5.635187246079709e-06,5.635187246079709e-06,5.635187246079709e-06,5.635187246079709e-06,0.0
1730587740.0,5.635187246079709e-06,5.635187246079709e-06,5.635187246079709e-06,5.635187246079709e-06,0.0
1730587800.0,5.635187246079709e-06,5.635187246079709e-06,5.635187246079709e-06,5.635187246079709e-06,0.0
1730587860.0,5.635187246079709e-06,5.635187246079709e-06,5.635187246079709e-06,5.635187246079709e-06,0.0
1730587920.0,5.635187246079709e-06,5.635187246079709e-06,5.635187246079709e-06,5.635187246079709e-06,0.0
1730587980.0,5.635187246079709e-06,5.635187246079709e-06,5.635187246079709e-06,5.635187246079709e-06,0.0
1730588040.0,5.635187246079709e-06,5.635187246079709e-06,5.635187246079709e-06,5.635187246079709e-06,0.0
1730588100.0,5.635187246079709e-06,5.635187246079709e-06,5.635187246079709e-06,5.635187246079709e-06,0.0
1730588160.0,5.635187246079709e-06,5.635187246079709e-06,5.635187246079709e-06,5.635187246079709e-06,0.0
1730588220.0,5.635187246079709e-06,5.635187246079709e-06,5.635187246079709e-06,5.635187246079709e-06,0.0
1730588280.0,5.635187246079709e-06,5.635187246079709e-06,5.635187246079709e-06,5.635187246079709e-06,0.0
1730588340.0,5.635187246079709e-06,5.635187246079709e-06,5.635187246079709e-06,5.635187246079709e-06,0.0
1730588400.0,5.635187246079709e-06,5.635187246079709e-06,5.635187246079709e-06,5.635187246079709e-06,0.0
1730588460.0,5.635187246079709e-06,5.635187246079709e-06,5.635187246079709e-06,5.635187246079709e-06,0.0
1730588520.0,5.635187246079709e-06,5.635187246079709e-06,5.635187246079709e-06,5.635187246079709e-06,0.0
1730588580.0,5.635187246079709e-06,5.635187246079709e-06,5.635187246079709e-06,5.635187246079709e-06,0.0
1730588640.0,5.635187246079709e-06,5.635187246079709e-06,5.635187246079709e-06,5.635187246079709e-06,0.0
1730588700.0,5.635187246079709e-06,5.635187246079709e-06,5.602785959142409e-06,5.602785959142409e-06,0.3438773135860129
1730588760.0,5.602785959142409e-06,5.602785959142409e-06,5.602785959142409e-06,5.602785959142409e-06,0.0
1730588820.0,5.602785959142409e-06,5.602785959142409e-06,5.602785959142409e-06,5.602785959142409e-06,0.0
1730588880.0,5.602785959142409e-06,5.602785959142409e-06,5.602785959142409e-06,5.602785959142409e-06,0.0
1730588940.0,5.602785959142409e-06,5.602785959142409e-06,5.602785959142409e-06,5.602785959142409e-06,0.0
1730589000.0,5.602785959142409e-06,5.602785959142409e-06,5.595422019236165e-06,5.595422019236165e-06,4.817160366002626
1730589060.0,5.595422019236165e-06,5.595422019236165e-06,5.595422019236165e-06,5.595422019236165e-06,0.0
1730589120.0,5.595422019236165e-06,5.595422019236165e-06,5.595422019236165e-06,5.595422019236165e-06,0.0
1730589180.0,5.595422019236165e-06,5.595422019236165e-06,5.595422019236165e-06,5.595422019236165e-06,0.0
1730589240.0,5.595422019236165e-06,5.595422019236165e-06,5.595422019236165e-06,5.595422019236165e-06,0.0
1730589300.0,5.595422019236165e-06,5.595422019236165e-06,5.595422019236165e-06,5.595422019236165e-06,0.0
1730589360.0,5.595422019236165e-06,5.595422019236165e-06,5.595422019236165e-06,5.595422019236165e-06,0.0
1730589420.0,5.595422019236165e-06,5.606736959245507e-06,5.595422019236165e-06,5.606736959245507e-06,3.30559471609718
1730589480.0,5.606736959245507e-06,5.606736959245507e-06,5.606736959245507e-06,5.606736959245507e-06,0.0
1730589540.0,5.606736959245507e-06,5.606736959245507e-06,5.606736959245507e-06,5.606736959245507e-06,0.0
1730589600.0,5.606736959245507e-06,5.606736959245507e-06,5.606736959245507e-06,5.606736959245507e-06,0.0
1730589660.0,5.606736959245507e-06,5.606736959245507e-06,5.386290231422764e-06,5.386290231422764e-06,73.10412180569902
1730589720.0,5.386290231422764e-06,5.386290231422764e-06,5.386290231422764e-06,5.386290231422764e-06,0.0
1730589780.0,5.386290231422764e-06,5.386290231422764e-06,5.386290231422764e-06,5.386290231422764e-06,0.0
1730589840.0,5.386290231422764e-06,5.386290231422764e-06,5.386290231422764e-06,5.386290231422764e-06,0.0
1730589900.0,5.386290231422764e-06,5.386290231422764e-06,5.386290231422764e-06,5.386290231422764e-06,0.0
1730589960.0,5.386290231422764e-06,5.386290231422764e-06,5.386290231422764e-06,5.386290231422764e-06,0.0
1730590020.0,5.386290231422764e-06,5.386290231422764e-06,5.386290231422764e-06,5.386290231422764e-06,0.0
1730590080.0,5.386290231422764e-06,5.386290231422764e-06,5.386290231422764e-06,5.386290231422764e-06,0.0
1730590140.0,5.386290231422764e-06,5.386290231422764e-06,5.386290231422764e-06,5.386290231422764e-06,0.0
1730590200.0,5.386290231422764e-06,5.386290231422764e-06,5.386290231422764e-06,5.386290231422764e-06,0.0
1730590260.0,5.386290231422764e-06,5.386290231422764e-06,5.374103751358886e-06,5.374103751358886e-06,6.245114261370848
1730590320.0,5.374103751358886e-06,5.374103751358886e-06,5.374103751358886e-06,5.374103751358886e-06,0.0
1730590380.0,5.374103751358886e-06,5.374103751358886e-06,5.374103751358886e-06,5.374103751358886e-06,0.0
1730590440.0,5.374103751358886e-06,5.374103751358886e-06,5.374103751358886e-06,5.374103751358886e-06,0.0
1730590500.0,5.374103751358886e-06,5.374103751358886e-06,5.374103751358886e-06,5.374103751358886e-06,0.0
1730590560.0,5.374103751358886e-06,5.374103751358886e-06,5.374103751358886e-06,5.374103751358886e-06,0.0
1730590620.0,5.374103751358886e-06,5.374103751358886e-06,5.374103751358886e-06,5.374103751358886e-06,0.0
1730590680.0,5.374103751358886e-06,5.374103751358886e-06,5.374103751358886e-06,5.374103751358886e-06,0.0
1730590740.0,5.374103751358886e-06,5.374103751358886e-06,5.374103751358886e-06,5.374103751358886e-06,0.0
1730590800.0,5.374103751358886e-06,5.374103751358886e-06,5.374103751358886e-06,5.374103751358886e-06,0.0
1730590860.0,5.374103751358886e-06,5.374103751358886e-06,5.374103751358886e-06,5.374103751358886e-06,0.0
1730590920.0,5.374103751358886e-06,5.374103751358886e-06,5.374103751358886e-06,5.374103751358886e-06,0.0
1730590980.0,5.374103751358886e-06,5.374103751358886e-06,5.350931007467492e-06,5.350931007467492e-06,10.181908119901472
1730591040.0,5.350931007467492e-06,5.350931007467492e-06,5.350931007467492e-06,5.350931007467492e-06,0.0
1730591100.0,5.350931007467492e-06,5.401388918987534e-06,5.350931007467492e-06,5.401388918987534e-06,27.17898347328589
1730591160.0,5.401388918987534e-06,5.401388918987534e-06,5.394128785211145e-06,5.394128785211145e-06,12.87318934277422
1730591220.0,5.394128785211145e-06,5.394128785211145e-06,5.3383650913197195e-06,5.3383650913197195e-06,29.808820746807577
1730591280.0,5.3383650913197195e-06,5.3383650913197195e-06,5.3383650913197195e-06,5.3383650913197195e-06,0.0
1730591340.0,5.3383650913197195e-06,5.3383650913197195e-06,5.3383650913197195e-06,5.3383650913197195e-06,0.0
1730591400.0,5.3383650913197195e-06,5.3383650913197195e-06,5.3383650913197195e-06,5.3383650913197195e-06,0.0
1730591460.0,5.3383650913197195e-06,5.3383650913197195e-06,5.3383650913197195e-06,5.3383650913197195e-06,0.0
1730591520.0,5.3383650913197195e-06,5.3383650913197195e-06,5.3383650913197195e-06,5.3383650913197195e-06,0.0
1730591580.0,5.3383650913197195e-06,5.3383650913197195e-06,5.3383650913197195e-06,5.3383650913197195e-06,0.0
1730591640.0,5.3383650913197195e-06,5.3383650913197195e-06,5.3383650913197195e-06,5.3383650913197195e-06,0.0
1730591700.0,5.3383650913197195e-06,5.3383650913197195e-06,5.3383650913197195e-06,5.3383650913197195e-06,0.0
1730591760.0,5.3383650913197195e-06,5.3383650913197195e-06,5.305938630767022e-06,5.305938630767022e-06,0.9104608083883832
1730591820.0,5.305938630767022e-06,5.305938630767022e-06,5.305938630767022e-06,5.305938630767022e-06,0.0
1730591880.0,5.305938630767022e-06,5.305938630767022e-06,5.305938630767022e-06,5.305938630767022e-06,0.0
1730591940.0,5.305938630767022e-06,5.305938630767022e-06,5.305938630767022e-06,5.305938630767022e-06,0.0
1730592000.0,5.305938630767022e-06,5.305938630767022e-06,5.305938630767022e-06,5.305938630767022e-06,0.0
1730592060.0,5.305938630767022e-06,5.305938630767022e-06,5.305938630767022e-06,5.305938630767022e-06,0.0
1730592120.0,5.305938630767022e-06,5.305938630767022e-06,5.305938630767022e-06,5.305938630767022e-06,0.0
1730592180.0,5.305938630767022e-06,5.305938630767022e-06,5.305938630767022e-06,5.305938630767022e-06,0.0
1730592240.0,5.305938630767022e-06,5.305938630767022e-06,5.305938630767022e-06,5.305938630767022e-06,0.0
1730592300.0,5.305938630767022e-06,5.305938630767022e-06,5.305938630767022e-06,5.305938630767022e-06,0.0
1730592360.0,5.305938630767022e-06,5.305938630767022e-06,5.305938630767022e-06,5.305938630767022e-06,0.0
1730592420.0,5.305938630767022e-06,5.305938630767022e-06,5.305938630767022e-06,5.305938630767022e-06,0.0
1730592480.0,5.305938630767022e-06,5.305938630767022e-06,5.305938630767022e-06,5.305938630767022e-06,0.0
1730592540.0,5.305938630767022e-06,5.305938630767022e-06,5.305938630767022e-06,5.305938630767022e-06,0.0
1730592600.0,5.305938630767022e-06,5.305938630767022e-06,5.305938630767022e-06,5.305938630767022e-06,0.0
1730592660.0,5.305938630767022e-06,5.305938630767022e-06,5.305938630767022e-06,5.305938630767022e-06,0.0
1730592720.0,5.305938630767022e-06,5.305938630767022e-06,5.305938630767022e-06,5.305938630767022e-06,0.0
1730592780.0,5.305938630767022e-06,5.305938630767022e-06,5.305938630767022e-06,5.305938630767022e-06,0.0
1730592840.0,5.305938630767022e-06,5.305938630767022e-06,5.305938630767022e-06,5.305938630767022e-06,0.0
1730592900.0,5.305938630767022e-06,5.305938630767022e-06,5.281822362766044e-06,5.281822362766044e-06,25.975236219636205
1730592960.0,5.281822362766044e-06,5.281822362766044e-06,5.281822362766044e-06,5.281822362766044e-06,0.0
1730593020.0,5.281822362766044e-06,5.281822362766044e-06,5.281822362766044e-06,5.281822362766044e-06,0.0
1730593080.0,5.281822362766044e-06,5.281822362766044e-06,5.281822362766044e-06,5.281822362766044e-06,0.0
1730593140.0,5.281822362766044e-06,5.281822362766044e-06,5.281822362766044e-06,5.281822362766044e-06,0.0
1730593200.0,5.281822362766044e-06,5.281822362766044e-06,5.281822362766044e-06,5.281822362766044e-06,0.0
1730593260.0,5.281822362766044e-06,5.281822362766044e-06,5.281822362766044e-06,5.281822362766044e-06,0.0
1730593320.0,5.281822362766044e-06,5.281822362766044e-06,5.281822362766044e-06,5.281822362766044e-06,0.0
1730593380.0,5.281822362766044e-06,5.281822362766044e-06,5.281822362766044e-06,5.281822362766044e-06,0.0
1730593440.0,5.281822362766044e-06,5.281822362766044e-06,5.281822362766044e-06,5.281822362766044e-06,0.0
1730593500.0,5.281822362766044e-06,5.281822362766044e-06,5.281822362766044e-06,5.281822362766044e-06,0.0
1730593560.0,5.281822362766044e-06,5.281822362766044e-06,5.281822362766044e-06,5.281822362766044e-06,0.0
1730593620.0,5.281822362766044e-06,5.281822362766044e-06,5.281822362766044e-06,5.281822362766044e-06,0.0
1730593680.0,5.281822362766044e-06,5.281822362766044e-06,5.281822362766044e-06,5.281822362766044e-06,0.0
1730593740.0,5.281822362766044e-06,5.281822362766044e-06,5.281822362766044e-06,5.281822362766044e-06,0.0
1730593800.0,5.281822362766044e-06,5.281822362766044e-06,5.281822362766044e-06,5.281822362766044e-06,0.0
1730593860.0,5.281822362766044e-06,5.281822362766044e-06,5.281822362766044e-06,5.281822362766044e-06,0.0
1730593920.0,5.281822362766044e-06,5.281822362766044e-06,5.281822362766044e-06,5.281822362766044e-06,0.0
1730593980.0,5.281822362766044e-06,5.281822362766044e-06,5.281822362766044e-06,5.281822362766044e-06,0.0
1730594040.0,5.281822362766044e-06,5.281822362766044e-06,5.281822362766044e-06,5.281822362766044e-06,0.0
1730594100.0,5.281822362766044e-06,5.281822362766044e-06,5.281822362766044e-06,5.281822362766044e-06,0.0
1730594160.0,5.281822362766044e-06,5.281822362766044e-06,5.281822362766044e-06,5.281822362766044e-06,0.0
1730594220.0,5.281822362766044e-06,5.281822362766044e-06,5.281822362766044e-06,5.281822362766044e-06,0.0
1730594280.0,5.281822362766044e-06,5.281822362766044e-06,5.281822362766044e-06,5.281822362766044e-06,0.0
1730594340.0,5.281822362766044e-06,5.281822362766044e-06,5.281822362766044e-06,5.281822362766044e-06,0.0
1730594400.0,5.281822362766044e-06,5.281822362766044e-06,5.281822362766044e-06,5.281822362766044e-06,0.0
1730594460.0,5.281822362766044e-06,5.281822362766044e-06,5.281822362766044e-06,5.281822362766044e-06,0.0
1730594520.0,5.281822362766044e-06,5.281822362766044e-06,5.281822362766044e-06,5.281822362766044e-06,0.0
1730594580.0,5.281822362766044e-06,5.281822362766044e-06,5.281822362766044e-06,5.281822362766044e-06,0.0
1730594640.0,5.281822362766044e-06,5.281822362766044e-06,5.281822362766044e-06,5.281822362766044e-06,0.0
1730594700.0,5.281822362766044e-06,5.281822362766044e-06,5.281822362766044e-06,5.281822362766044e-06,0.0
1730594760.0,5.281822362766044e-06,5.281822362766044e-06,5.281822362766044e-06,5.281822362766044e-06,0.0
1730594820.0,5.281822362766044e-06,5.281822362766044e-06,5.281822362766044e-06,5.281822362766044e-06,0.0
1730594880.0,5.281822362766044e-06,5.281822362766044e-06,5.281822362766044e-06,5.281822362766044e-06,0.0
1730594940.0,5.281822362766044e-06,5.281822362766044e-06,5.281822362766044e-06,5.281822362766044e-06,0.0
1730595000.0,5.281822362766044e-06,5.281822362766044e-06,5.281822362766044e-06,5.281822362766044e-06,0.0
1730595060.0,5.281822362766044e-06,5.281822362766044e-06,5.281822362766044e-06,5.281822362766044e-06,0.0
1730595120.0,5.281822362766044e-06,5.281822362766044e-06,5.281822362766044e-06,5.281822362766044e-06,0.0
1730595180.0,5.281822362766044e-06,5.281822362766044e-06,5.281822362766044e-06,5.281822362766044e-06,0.0
1730595240.0,5.281822362766044e-06,5.281822362766044e-06,5.229682778978562e-06,5.229682778978562e-06,6.139745517331153
1730595300.0,5.229682778978562e-06,5.229682778978562e-06,5.229682778978562e-06,5.229682778978562e-06,0.0
1730595360.0,5.229682778978562e-06,5.229682778978562e-06,5.229682778978562e-06,5.229682778978562e-06,0.0
1730595420.0,5.229682778978562e-06,5.470123234192801e-06,5.229682778978562e-06,5.470123234192801e-06,165.78674162256152
1730595480.0,5.470123234192801e-06,5.470123234192801e-06,5.470123234192801e-06,5.470123234192801e-06,0.0
1730595540.0,5.470123234192801e-06,5.470123234192801e-06,5.470123234192801e-06,5.470123234192801e-06,0.0
1730595600.0,5.470123234192801e-06,5.470123234192801e-06,5.470123234192801e-06,5.470123234192801e-06,0.0
1730595660.0,5.470123234192801e-06,5.470123234192801e-06,5.470123234192801e-06,5.470123234192801e-06,0.0
1730595720.0,5.470123234192801e-06,5.470123234192801e-06,5.470123234192801e-06,5.470123234192801e-06,0.0
1730595780.0,5.470123234192801e-06,5.60160856262934e-06,5.470123234192801e-06,5.60160856262934e-06,45.00962710178971
1730595840.0,5.60160856262934e-06,5.60160856262934e-06,5.60160856262934e-06,5.60160856262934e-06,0.0
1730595900.0,5.60160856262934e-06,5.60160856262934e-06,5.60160856262934e-06,5.60160856262934e-06,0.0
1730595960.0,5.60160856262934e-06,5.60160856262934e-06,5.60160856262934e-06,5.60160856262934e-06,0.0
1730596020.0,5.60160856262934e-06,5.60160856262934e-06,5.60160856262934e-06,5.60160856262934e-06,0.0
1730596080.0,5.60160856262934e-06,5.60160856262934e-06,5.60160856262934e-06,5.60160856262934e-06,0.0
1730596140.0,5.60160856262934e-06,5.60160856262934e-06,5.60160856262934e-06,5.60160856262934e-06,0.0
1730596200.0,5.60160856262934e-06,5.60160856262934e-06,5.60160856262934e-06,5.60160856262934e-06,0.0
1730596260.0,5.60160856262934e-06,5.60160856262934e-06,5.60160856262934e-06,5.60160856262934e-06,0.0
1730596320.0,5.60160856262934e-06,5.60160856262934e-06,5.60160856262934e-06,5.60160856262934e-06,0.0
1730596380.0,5.60160856262934e-06,5.60160856262934e-06,5.60160856262934e-06,5.60160856262934e-06,0.0
1730596440.0,5.60160856262934e-06,5.60160856262934e-06,5.60160856262934e-06,5.60160856262934e-06,0.0
1730596500.0,5.60160856262934e-06,5.60160856262934e-06,5.60160856262934e-06,5.60160856262934e-06,0.0
1730596560.0,5.60160856262934e-06,5.60160856262934e-06,5.60160856262934e-06,5.60160856262934e-06,0.0
1730596620.0,5.60160856262934e-06,5.60160856262934e-06,5.60160856262934e-06,5.60160856262934e-06,0.0
1730596680.0,5.60160856262934e-06,5.60160856262934e-06,5.60160856262934e-06,5.60160856262934e-06,0.0
1730596740.0,5.60160856262934e-06,5.60160856262934e-06,5.60160856262934e-06,5.60160856262934e-06,0.0
1730596800.0,5.60160856262934e-06,5.60160856262934e-06,5.60160856262934e-06,5.60160856262934e-06,0.0
1730596860.0,5.60160856262934e-06,5.60160856262934e-06,5.60160856262934e-06,5.60160856262934e-06,0.0
1730596920.0,5.60160856262934e-06,5.60160856262934e-06,5.60160856262934e-06,5.60160856262934e-06,0.0
1730596980.0,5.60160856262934e-06,5.60160856262934e-06,5.60160856262934e-06,5.60160856262934e-06,0.0
1730597040.0,5.60160856262934e-06,5.60160856262934e-06,5.60160856262934e-06,5.60160856262934e-06,0.0
1730597100.0,5.60160856262934e-06,5.60160856262934e-06,5.60160856262934e-06,5.60160856262934e-06,0.0
1730597160.0,5.60160856262934e-06,5.60160856262934e-06,5.60160856262934e-06,5.60160856262934e-06,0.0
1730597220.0,5.60160856262934e-06,5.60160856262934e-06,5.60160856262934e-06,5.60160856262934e-06,0.0
1730597280.0,5.60160856262934e-06,5.60160856262934e-06,5.60160856262934e-06,5.60160856262934e-06,0.0
1730597340.0,5.60160856262934e-06,5.60160856262934e-06,5.60160856262934e-06,5.60160856262934e-06,0.0
1730597400.0,5.60160856262934e-06,5.60160856262934e-06,5.60160856262934e-06,5.60160856262934e-06,0.0
1730597460.0,5.60160856262934e-06,5.60160856262934e-06,5.60160856262934e-06,5.60160856262934e-06,0.0
1730597520.0,5.60160856262934e-06,5.60160856262934e-06,5.60160856262934e-06,5.60160856262934e-06,0.0
1730597580.0,5.60160856262934e-06,5.60160856262934e-06,5.60160856262934e-06,5.60160856262934e-06,0.0
1730597640.0,5.60160856262934e-06,5.60160856262934e-06,5.60160856262934e-06,5.60160856262934e-06,0.0
1730597700.0,5.60160856262934e-06,5.60160856262934e-06,5.60160856262934e-06,5.60160856262934e-06,0.0
1730597760.0,5.60160856262934e-06,5.60160856262934e-06,5.60160856262934e-06,5.60160856262934e-06,0.0
1730597820.0,5.60160856262934e-06,5.60160856262934e-06,5.511916734866395e-06,5.511916734866395e-06,2.5842921601347726
1730597880.0,5.511916734866395e-06,5.511916734866395e-06,5.511916734866395e-06,5.511916734866395e-06,0.0
1730597940.0,5.511916734866395e-06,5.511916734866395e-06,5.511916734866395e-06,5.511916734866395e-06,0.0
1730598000.0,5.511916734866395e-06,5.511916734866395e-06,5.511916734866395e-06,5.511916734866395e-06,0.0
1730598060.0,5.511916734866395e-06,5.511916734866395e-06,5.511916734866395e-06,5.511916734866395e-06,0.0
1730598120.0,5.511916734866395e-06,5.511916734866395e-06,5.511916734866395e-06,5.511916734866395e-06,0.0
1730598180.0,5.511916734866395e-06,5.511916734866395e-06,5.511916734866395e-06,5.511916734866395e-06,0.0
1730598240.0,5.511916734866395e-06,5.511916734866395e-06,5.511916734866395e-06,5.511916734866395e-06,0.0
1730598300.0,5.511916734866395e-06,5.511916734866395e-06,5.511916734866395e-06,5.511916734866395e-06,0.0
1730598360.0,5.511916734866395e-06,5.511916734866395e-06,5.511916734866395e-06,5.511916734866395e-06,0.0
1730598420.0,5.511916734866395e-06,5.511916734866395e-06,5.511916734866395e-06,5.511916734866395e-06,0.0
1730598480.0,5.511916734866395e-06,5.511916734866395e-06,5.511916734866395e-06,5.511916734866395e-06,0.0
1730598540.0,5.511916734866395e-06,5.511916734866395e-06,5.511916734866395e-06,5.511916734866395e-06,0.0
1730598600.0,5.511916734866395e-06,5.511916734866395e-06,5.511916734866395e-06,5.511916734866395e-06,0.0
1730598660.0,5.511916734866395e-06,5.511916734866395e-06,5.511916734866395e-06,5.511916734866395e-06,0.0
1730598720.0,5.511916734866395e-06,5.511916734866395e-06,5.511916734866395e-06,5.511916734866395e-06,0.0
1730598780.0,5.511916734866395e-06,5.511916734866395e-06,5.511916734866395e-06,5.511916734866395e-06,0.0
1730598840.0,5.511916734866395e-06,5.511916734866395e-06,5.511916734866395e-06,5.511916734866395e-06,0.0
1730598900.0,5.511916734866395e-06,5.511916734866395e-06,5.511916734866395e-06,5.511916734866395e-06,0.0
1730598960.0,5.511916734866395e-06,5.511916734866395e-06,5.511916734866395e-06,5.511916734866395e-06,0.0
1730599020.0,5.511916734866395e-06,5.511916734866395e-06,5.511916734866395e-06,5.511916734866395e-06,0.0
1730599080.0,5.511916734866395e-06,5.511916734866395e-06,5.511916734866395e-06,5.511916734866395e-06,0.0
1730599140.0,5.511916734866395e-06,5.511916734866395e-06,5.511916734866395e-06,5.511916734866395e-06,0.0
1730599200.0,5.511916734866395e-06,5.511916734866395e-06,5.511916734866395e-06,5.511916734866395e-06,0.0
1730599260.0,5.511916734866395e-06,5.511916734866395e-06,5.511916734866395e-06,5.511916734866395e-06,0.0
1730599320.0,5.511916734866395e-06,5.511916734866395e-06,5.511916734866395e-06,5.511916734866395e-06,0.0
1730599380.0,5.511916734866395e-06,5.511916734866395e-06,5.511916734866395e-06,5.511916734866395e-06,0.0
1730599440.0,5.511916734866395e-06,5.511916734866395e-06,5.511916734866395e-06,5.511916734866395e-06,0.0
1730599500.0,5.511916734866395e-06,5.511916734866395e-06,5.511916734866395e-06,5.511916734866395e-06,0.0
1730599560.0,5.511916734866395e-06,5.511916734866395e-06,5.511916734866395e-06,5.511916734866395e-06,0.0
1730599620.0,5.511916734866395e-06,5.511916734866395e-06,5.511916734866395e-06,5.511916734866395e-06,0.0
1730599680.0,5.511916734866395e-06,5.511916734866395e-06,5.511916734866395e-06,5.511916734866395e-06,0.0
1730599740.0,5.511916734866395e-06,5.511916734866395e-06,5.511916734866395e-06,5.511916734866395e-06,0.0
1730599800.0,5.511916734866395e-06,5.511916734866395e-06,5.511916734866395e-06,5.511916734866395e-06,0.0
1730599860.0,5.511916734866395e-06,5.511916734866395e-06,5.511916734866395e-06,5.511916734866395e-06,0.0
1730599920.0,5.511916734866395e-06,5.511916734866395e-06,5.511916734866395e-06,5.511916734866395e-06,0.0
1730599980.0,5.511916734866395e-06,5.511916734866395e-06,5.511916734866395e-06,5.511916734866395e-06,0.0
1730600040.0,5.511916734866395e-06,5.511916734866395e-06,5.511916734866395e-06,5.511916734866395e-06,0.0
1730600100.0,5.511916734866395e-06,5.511916734866395e-06,5.511916734866395e-06,5.511916734866395e-06,0.0
1730600160.0,5.511916734866395e-06,5.511916734866395e-06,5.511916734866395e-06,5.511916734866395e-06,0.0
1730600220.0,5.511916734866395e-06,5.511916734866395e-06,5.511916734866395e-06,5.511916734866395e-06,0.0
1730600280.0,5.511916734866395e-06,5.511916734866395e-06,5.511916734866395e-06,5.511916734866395e-06,0.0
1730600340.0,5.511916734866395e-06,5.511916734866395e-06,5.511916734866395e-06,5.511916734866395e-06,0.0
1730600400.0,5.511916734866395e-06,5.511916734866395e-06,5.511916734866395e-06,5.511916734866395e-06,0.0
1730600460.0,5.511916734866395e-06,5.511916734866395e-06,5.511916734866395e-06,5.511916734866395e-06,0.0
1730600520.0,5.511916734866395e-06,5.511916734866395e-06,5.511916734866395e-06,5.511916734866395e-06,0.0
1730600580.0,5.511916734866395e-06,5.511916734866395e-06,5.511916734866395e-06,5.511916734866395e-06,0.0
1730600640.0,5.511916734866395e-06,5.511916734866395e-06,5.511916734866395e-06,5.511916734866395e-06,0.0
1730600700.0,5.511916734866395e-06,5.511916734866395e-06,5.511916734866395e-06,5.511916734866395e-06,0.0
1730600760.0,5.511916734866395e-06,5.511916734866395e-06,5.511916734866395e-06,5.511916734866395e-06,0.0
1730600820.0,5.511916734866395e-06,5.511916734866395e-06,5.511916734866395e-06,5.511916734866395e-06,0.0
1730600880.0,5.511916734866395e-06,5.511916734866395e-06,5.511916734866395e-06,5.511916734866395e-06,0.0
1730600940.0,5.511916734866395e-06,5.511916734866395e-06,5.511916734866395e-06,5.511916734866395e-06,0.0
1730601000.0,5.511916734866395e-06,5.511916734866395e-06,5.511916734866395e-06,5.511916734866395e-06,0.0
1730601060.0,5.511916734866395e-06,5.511916734866395e-06,5.511916734866395e-06,5.511916734866395e-06,0.0
1730601120.0,5.511916734866395e-06,5.511916734866395e-06,5.511916734866395e-06,5.511916734866395e-06,0.0
1730601180.0,5.511916734866395e-06,5.511916734866395e-06,5.511916734866395e-06,5.511916734866395e-06,0.0
1730601240.0,5.511916734866395e-06,5.511916734866395e-06,5.511916734866395e-06,5.511916734866395e-06,0.0
1730601300.0,5.511916734866395e-06,5.511916734866395e-06,5.511916734866395e-06,5.511916734866395e-06,0.0
1730601360.0,5.511916734866395e-06,5.511916734866395e-06,5.511916734866395e-06,5.511916734866395e-06,0.0
1730601420.0,5.511916734866395e-06,5.511916734866395e-06,5.511916734866395e-06,5.511916734866395e-06,0.0
1730601480.0,5.511916734866395e-06,5.511916734866395e-06,5.511916734866395e-06,5.511916734866395e-06,0.0
1730601540.0,5.511916734866395e-06,5.511916734866395e-06,5.511916734866395e-06,5.511916734866395e-06,0.0
1730601600.0,5.511916734866395e-06,5.511916734866395e-06,5.511916734866395e-06,5.511916734866395e-06,0.0
1730601660.0,5.511916734866395e-06,5.511916734866395e-06,5.511916734866395e-06,5.511916734866395e-06,0.0
1730601720.0,5.511916734866395e-06,5.511916734866395e-06,5.511916734866395e-06,5.511916734866395e-06,0.0
1730601780.0,5.511916734866395e-06,5.511916734866395e-06,5.511916734866395e-06,5.511916734866395e-06,0.0
1730601840.0,5.511916734866395e-06,5.511916734866395e-06,5.511916734866395e-06,5.511916734866395e-06,0.0
1730601900.0,5.511916734866395e-06,5.511916734866395e-06,5.511916734866395e-06,5.511916734866395e-06,0.0
1730601960.0,5.511916734866395e-06,5.511916734866395e-06,5.511916734866395e-06,5.511916734866395e-06,0.0
1730602020.0,5.511916734866395e-06,5.511916734866395e-06,5.511916734866395e-06,5.511916734866395e-06,0.0
1730602080.0,5.511916734866395e-06,5.511916734866395e-06,5.511916734866395e-06,5.511916734866395e-06,0.0
1730602140.0,5.511916734866395e-06,5.511916734866395e-06,5.511916734866395e-06,5.511916734866395e-06,0.0
1730602200.0,5.511916734866395e-06,5.511916734866395e-06,5.511916734866395e-06,5.511916734866395e-06,0.0
1730602260.0,5.511916734866395e-06,5.511916734866395e-06,5.511916734866395e-06,5.511916734866395e-06,0.0
1730602320.0,5.511916734866395e-06,5.511916734866395e-06,5.511916734866395e-06,5.511916734866395e-06,0.0
1730602380.0,5.511916734866395e-06,5.511916734866395e-06,5.511916734866395e-06,5.511916734866395e-06,0.0
1730602440.0,5.511916734866395e-06,5.511916734866395e-06,5.511916734866395e-06,5.511916734866395e-06,0.0
1730602500.0,5.511916734866395e-06,5.511916734866395e-06,5.511916734866395e-06,5.511916734866395e-06,0.0
1730602560.0,5.511916734866395e-06,5.511916734866395e-06,5.511916734866395e-06,5.511916734866395e-06,0.0
1730602620.0,5.511916734866395e-06,5.511916734866395e-06,5.511916734866395e-06,5.511916734866395e-06,0.0
1730602680.0,5.511916734866395e-06,5.511916734866395e-06,5.511916734866395e-06,5.511916734866395e-06,0.0
1730602740.0,5.511916734866395e-06,5.511916734866395e-06,5.511916734866395e-06,5.511916734866395e-06,0.0
1730602800.0,5.511916734866395e-06,5.511916734866395e-06,5.511916734866395e-06,5.511916734866395e-06,0.0
1730602860.0,5.511916734866395e-06,5.511916734866395e-06,5.511916734866395e-06,5.511916734866395e-06,0.0
1730602920.0,5.511916734866395e-06,5.511916734866395e-06,5.511916734866395e-06,5.511916734866395e-06,0.0
1730602980.0,5.511916734866395e-06,5.511916734866395e-06,5.511916734866395e-06,5.511916734866395e-06,0.0
1730603040.0,5.511916734866395e-06,5.511916734866395e-06,5.511916734866395e-06,5.511916734866395e-06,0.0
1730603100.0,5.511916734866395e-06,5.511916734866395e-06,5.511916734866395e-06,5.511916734866395e-06,0.0
1730603160.0,5.511916734866395e-06,5.511916734866395e-06,5.511916734866395e-06,5.511916734866395e-06,0.0
1730603220.0,5.511916734866395e-06,5.511916734866395e-06,5.511916734866395e-06,5.511916734866395e-06,0.0
1730603280.0,5.511916734866395e-06,5.511916734866395e-06,5.511916734866395e-06,5.511916734866395e-06,0.0
1730603340.0,5.511916734866395e-06,5.511916734866395e-06,5.511916734866395e-06,5.511916734866395e-06,0.0
1730603400.0,5.511916734866395e-06,5.511916734866395e-06,5.511916734866395e-06,5.511916734866395e-06,0.0
1730603460.0,5.511916734866395e-06,5.511916734866395e-06,5.511916734866395e-06,5.511916734866395e-06,0.0
1730603520.0,5.511916734866395e-06,5.511916734866395e-06,5.511916734866395e-06,5.511916734866395e-06,0.0
1730603580.0,5.511916734866395e-06,5.511916734866395e-06,5.511916734866395e-06,5.511916734866395e-06,0.0
1730603640.0,5.511916734866395e-06,5.511916734866395e-06,5.511916734866395e-06,5.511916734866395e-06,0.0
1730603700.0,5.511916734866395e-06,5.511916734866395e-06,5.511916734866395e-06,5.511916734866395e-06,0.0
1730603760.0,5.511916734866395e-06,5.511916734866395e-06,5.511916734866395e-06,5.511916734866395e-06,0.0
1730603820.0,5.511916734866395e-06,5.511916734866395e-06,5.511916734866395e-06,5.511916734866395e-06,0.0
1730603880.0,5.511916734866395e-06,5.511916734866395e-06,5.511916734866395e-06,5.511916734866395e-06,0.0
1730603940.0,5.511916734866395e-06,5.511916734866395e-06,5.511916734866395e-06,5.511916734866395e-06,0.0
1730604000.0,5.511916734866395e-06,5.511916734866395e-06,5.511916734866395e-06,5.511916734866395e-06,0.0
1730604060.0,5.511916734866395e-06,5.511916734866395e-06,5.511916734866395e-06,5.511916734866395e-06,0.0
1730604120.0,5.511916734866395e-06,5.511916734866395e-06,5.511916734866395e-06,5.511916734866395e-06,0.0
1730604180.0,5.511916734866395e-06,5.511916734866395e-06,5.511916734866395e-06,5.511916734866395e-06,0.0
1730604240.0,5.511916734866395e-06,5.511916734866395e-06,5.511916734866395e-06,5.511916734866395e-06,0.0
1730604300.0,5.511916734866395e-06,5.511916734866395e-06,5.511916734866395e-06,5.511916734866395e-06,0.0
1730604360.0,5.511916734866395e-06,5.511916734866395e-06,5.511916734866395e-06,5.511916734866395e-06,0.0
1730604420.0,5.511916734866395e-06,5.511916734866395e-06,5.511916734866395e-06,5.511916734866395e-06,0.0
1730604480.0,5.511916734866395e-06,5.511916734866395e-06,5.511916734866395e-06,5.511916734866395e-06,0.0
1730604540.0,5.511916734866395e-06,5.511916734866395e-06,5.511916734866395e-06,5.511916734866395e-06,0.0
1730604600.0,5.511916734866395e-06,5.511916734866395e-06,5.511916734866395e-06,5.511916734866395e-06,0.0
1730604660.0,5.511916734866395e-06,5.511916734866395e-06,5.511916734866395e-06,5.511916734866395e-06,0.0
1730604720.0,5.511916734866395e-06,5.511916734866395e-06,5.511916734866395e-06,5.511916734866395e-06,0.0
1730604780.0,5.511916734866395e-06,5.511916734866395e-06,5.511916734866395e-06,5.511916734866395e-06,0.0
1730604840.0,5.511916734866395e-06,5.511916734866395e-06,5.511916734866395e-06,5.511916734866395e-06,0.0
1730604900.0,5.511916734866395e-06,5.511916734866395e-06,5.511916734866395e-06,5.511916734866395e-06,0.0
1730604960.0,5.511916734866395e-06,5.511916734866395e-06,5.511916734866395e-06,5.511916734866395e-06,0.0
1730605020.0,5.511916734866395e-06,5.511916734866395e-06,5.511916734866395e-06,5.511916734866395e-06,0.0
1730605080.0,5.511916734866395e-06,5.511916734866395e-06,5.511916734866395e-06,5.511916734866395e-06,0.0
1730605140.0,5.511916734866395e-06,5.511916734866395e-06,5.511916734866395e-06,5.511916734866395e-06,0.0
1730605200.0,5.511916734866395e-06,5.511916734866395e-06,5.511916734866395e-06,5.511916734866395e-06,0.0
1730605260.0,5.511916734866395e-06,5.511916734866395e-06,5.511916734866395e-06,5.511916734866395e-06,0.0
1730605320.0,5.511916734866395e-06,5.511916734866395e-06,5.511916734866395e-06,5.511916734866395e-06,0.0
1730605380.0,5.511916734866395e-06,5.511916734866395e-06,5.511916734866395e-06,5.511916734866395e-06,0.0
1730605440.0,5.511916734866395e-06,5.511916734866395e-06,5.511916734866395e-06,5.511916734866395e-06,0.0
1730605500.0,5.511916734866395e-06,5.511916734866395e-06,5.511916734866395e-06,5.511916734866395e-06,0.0
1730605560.0,5.511916734866395e-06,5.511916734866395e-06,5.511916734866395e-06,5.511916734866395e-06,0.0
1730605620.0,5.511916734866395e-06,5.511916734866395e-06,5.511916734866395e-06,5.511916734866395e-06,0.0
1730605680.0,5.511916734866395e-06,5.511916734866395e-06,5.511916734866395e-06,5.511916734866395e-06,0.0
1730605740.0,5.511916734866395e-06,5.511916734866395e-06,5.511916734866395e-06,5.511916734866395e-06,0.0
1730605800.0,5.511916734866395e-06,5.511916734866395e-06,5.511916734866395e-06,5.511916734866395e-06,0.0
1730605860.0,5.511916734866395e-06,5.511916734866395e-06,5.511916734866395e-06,5.511916734866395e-06,0.0
1730605920.0,5.511916734866395e-06,5.511916734866395e-06,5.511916734866395e-06,5.511916734866395e-06,0.0
1730605980.0,5.511916734866395e-06,5.511916734866395e-06,5.511916734866395e-06,5.511916734866395e-06,0.0
1730606040.0,5.511916734866395e-06,5.511916734866395e-06,5.511916734866395e-06,5.511916734866395e-06,0.0
1730606100.0,5.511916734866395e-06,5.511916734866395e-06,5.511916734866395e-06,5.511916734866395e-06,0.0
1730606160.0,5.511916734866395e-06,5.511916734866395e-06,5.511916734866395e-06,5.511916734866395e-06,0.0
1730606220.0,5.511916734866395e-06,5.511916734866395e-06,5.511916734866395e-06,5.511916734866395e-06,0.0
1730606280.0,5.511916734866395e-06,5.511916734866395e-06,5.511916734866395e-06,5.511916734866395e-06,0.0
1730606340.0,5.511916734866395e-06,5.511916734866395e-06,5.511916734866395e-06,5.511916734866395e-06,0.0
1730606400.0,5.511916734866395e-06,5.511916734866395e-06,5.511916734866395e-06,5.511916734866395e-06,0.0
1730606460.0,5.511916734866395e-06,5.511916734866395e-06,5.511916734866395e-06,5.511916734866395e-06,0.0
1730606520.0,5.511916734866395e-06,5.511916734866395e-06,5.511916734866395e-06,5.511916734866395e-06,0.0
1730606580.0,5.511916734866395e-06,5.511916734866395e-06,5.511916734866395e-06,5.511916734866395e-06,0.0
1730606640.0,5.511916734866395e-06,5.511916734866395e-06,5.511916734866395e-06,5.511916734866395e-06,0.0
1730606700.0,5.511916734866395e-06,5.511916734866395e-06,5.511916734866395e-06,5.511916734866395e-06,0.0
1730606760.0,5.511916734866395e-06,5.511916734866395e-06,5.511916734866395e-06,5.511916734866395e-06,0.0
1730606820.0,5.511916734866395e-06,5.511916734866395e-06,5.511916734866395e-06,5.511916734866395e-06,0.0
1730606880.0,5.511916734866395e-06,5.511916734866395e-06,5.511916734866395e-06,5.511916734866395e-06,0.0
1730606940.0,5.511916734866395e-06,5.511916734866395e-06,5.511916734866395e-06,5.511916734866395e-06,0.0
1730607000.0,5.511916734866395e-06,5.511916734866395e-06,5.511916734866395e-06,5.511916734866395e-06,0.0
1730607060.0,5.511916734866395e-06,5.511916734866395e-06,5.511916734866395e-06,5.511916734866395e-06,0.0
1730607120.0,5.511916734866395e-06,5.511916734866395e-06,5.511916734866395e-06,5.511916734866395e-06,0.0
1730607180.0,5.511916734866395e-06,5.511916734866395e-06,5.511916734866395e-06,5.511916734866395e-06,0.0
1730607240.0,5.511916734866395e-06,5.511916734866395e-06,5.511916734866395e-06,5.511916734866395e-06,0.0
1730607300.0,5.511916734866395e-06,5.511916734866395e-06,5.511916734866395e-06,5.511916734866395e-06,0.0
1730607360.0,5.511916734866395e-06,5.511916734866395e-06,5.511916734866395e-06,5.511916734866395e-06,0.0
1730607420.0,5.511916734866395e-06,5.511916734866395e-06,5.511916734866395e-06,5.511916734866395e-06,0.0
1730607480.0,5.511916734866395e-06,5.511916734866395e-06,5.511916734866395e-06,5.511916734866395e-06,0.0
1730607540.0,5.511916734866395e-06,5.511916734866395e-06,5.511916734866395e-06,5.511916734866395e-06,0.0
1730607600.0,5.511916734866395e-06,5.511916734866395e-06,5.511916734866395e-06,5.511916734866395e-06,0.0
1730607660.0,5.511916734866395e-06,5.511916734866395e-06,5.511916734866395e-06,5.511916734866395e-06,0.0
1730607720.0,5.511916734866395e-06,5.511916734866395e-06,5.511916734866395e-06,5.511916734866395e-06,0.0
1730607780.0,5.511916734866395e-06,5.511916734866395e-06,5.444631288935446e-06,5.444631288935446e-06,3.224899724122746
1730607840.0,5.444631288935446e-06,5.444631288935446e-06,5.444631288935446e-06,5.444631288935446e-06,0.0
1730607900.0,5.444631288935446e-06,5.444631288935446e-06,5.444631288935446e-06,5.444631288935446e-06,0.0
1730607960.0,5.444631288935446e-06,5.444631288935446e-06,5.444631288935446e-06,5.444631288935446e-06,0.0
1730608020.0,5.444631288935446e-06,5.444631288935446e-06,5.444631288935446e-06,5.444631288935446e-06,0.0
1730608080.0,5.444631288935446e-06,5.444631288935446e-06,5.444631288935446e-06,5.444631288935446e-06,0.0
1730608140.0,5.444631288935446e-06,5.444631288935446e-06,5.444631288935446e-06,5.444631288935446e-06,0.0
1730608200.0,5.444631288935446e-06,5.444631288935446e-06,5.342535149499649e-06,5.342535149499649e-06,70.8660021545785
1730608260.0,5.342535149499649e-06,5.342535149499649e-06,5.342535149499649e-06,5.342535149499649e-06,0.0
1730608320.0,5.342535149499649e-06,5.342535149499649e-06,5.342535149499649e-06,5.342535149499649e-06,0.0
1730608380.0,5.342535149499649e-06,5.342535149499649e-06,5.342535149499649e-06,5.342535149499649e-06,0.0
1730608440.0,5.342535149499649e-06,5.342535149499649e-06,5.342535149499649e-06,5.342535149499649e-06,0.0
1730608500.0,5.342535149499649e-06,5.342535149499649e-06,5.342535149499649e-06,5.342535149499649e-06,0.0
1730608560.0,5.342535149499649e-06,5.342535149499649e-06,5.342535149499649e-06,5.342535149499649e-06,0.0
1730608620.0,5.342535149499649e-06,5.342535149499649e-06,5.342535149499649e-06,5.342535149499649e-06,0.0
1730608680.0,5.342535149499649e-06,5.342535149499649e-06,5.342535149499649e-06,5.342535149499649e-06,0.0
1730608740.0,5.342535149499649e-06,5.342535149499649e-06,5.342535149499649e-06,5.342535149499649e-06,0.0
1730608800.0,5.342535149499649e-06,5.342535149499649e-06,5.342535149499649e-06,5.342535149499649e-06,0.0
1730608860.0,5.342535149499649e-06,5.342535149499649e-06,5.342535149499649e-06,5.342535149499649e-06,0.0
1730608920.0,5.342535149499649e-06,5.342535149499649e-06,5.342535149499649e-06,5.342535149499649e-06,0.0
1730608980.0,5.342535149499649e-06,5.342535149499649e-06,5.342535149499649e-06,5.342535149499649e-06,0.0
1730609040.0,5.342535149499649e-06,5.342535149499649e-06,5.342535149499649e-06,5.342535149499649e-06,0.0
1730609100.0,5.342535149499649e-06,5.342535149499649e-06,5.342535149499649e-06,5.342535149499649e-06,0.0
1730609160.0,5.342535149499649e-06,5.342535149499649e-06,5.342535149499649e-06,5.342535149499649e-06,0.0
1730609220.0,5.342535149499649e-06,5.342535149499649e-06,5.342535149499649e-06,5.342535149499649e-06,0.0
1730609280.0,5.342535149499649e-06,5.342535149499649e-06,5.342535149499649e-06,5.342535149499649e-06,0.0
1730609340.0,5.342535149499649e-06,5.342535149499649e-06,5.342535149499649e-06,5.342535149499649e-06,0.0
1730609400.0,5.342535149499649e-06,5.342535149499649e-06,5.342535149499649e-06,5.342535149499649e-06,0.0
1730609460.0,5.342535149499649e-06,5.342535149499649e-06,5.342535149499649e-06,5.342535149499649e-06,0.0
1730609520.0,5.342535149499649e-06,5.342535149499649e-06,5.342535149499649e-06,5.342535149499649e-06,0.0
1730609580.0,5.342535149499649e-06,5.342535149499649e-06,5.342535149499649e-06,5.342535149499649e-06,0.0
1730609640.0,5.342535149499649e-06,5.342535149499649e-06,5.342535149499649e-06,5.342535149499649e-06,0.0
1730609700.0,5.342535149499649e-06,5.342535149499649e-06,5.342535149499649e-06,5.342535149499649e-06,0.0
1730609760.0,5.342535149499649e-06,5.342535149499649e-06,5.342535149499649e-06,5.342535149499649e-06,0.0
1730609820.0,5.342535149499649e-06,5.342535149499649e-06,5.342535149499649e-06,5.342535149499649e-06,0.0
1730609880.0,5.342535149499649e-06,5.342535149499649e-06,5.342535149499649e-06,5.342535149499649e-06,0.0
1730609940.0,5.342535149499649e-06,5.342535149499649e-06,5.342535149499649e-06,5.342535149499649e-06,0.0
1730610000.0,5.342535149499649e-06,5.342535149499649e-06,5.342535149499649e-06,5.342535149499649e-06,0.0
1730610060.0,5.342535149499649e-06,5.342535149499649e-06,5.342535149499649e-06,5.342535149499649e-06,0.0
1730610120.0,5.342535149499649e-06,5.342535149499649e-06,5.342535149499649e-06,5.342535149499649e-06,0.0
1730610180.0,5.342535149499649e-06,5.342535149499649e-06,5.342535149499649e-06,5.342535149499649e-06,0.0
1730610240.0,5.342535149499649e-06,5.342535149499649e-06,5.342535149499649e-06,5.342535149499649e-06,0.0
1730610300.0,5.342535149499649e-06,5.342535149499649e-06,5.342535149499649e-06,5.342535149499649e-06,0.0
1730610360.0,5.342535149499649e-06,5.342535149499649e-06,5.342535149499649e-06,5.342535149499649e-06,0.0
1730610420.0,5.342535149499649e-06,5.342535149499649e-06,5.342535149499649e-06,5.342535149499649e-06,0.0
1730610480.0,5.342535149499649e-06,5.342535149499649e-06,5.342535149499649e-06,5.342535149499649e-06,0.0
1730610540.0,5.342535149499649e-06,5.342535149499649e-06,5.342535149499649e-06,5.342535149499649e-06,0.0
1730610600.0,5.342535149499649e-06,5.342535149499649e-06,5.342535149499649e-06,5.342535149499649e-06,0.0
1730610660.0,5.342535149499649e-06,5.342535149499649e-06,5.342535149499649e-06,5.342535149499649e-06,0.0
1730610720.0,5.342535149499649e-06,5.342535149499649e-06,5.24336140612205e-06,5.24336140612205e-06,1.9853571611078868
1730610780.0,5.24336140612205e-06,5.24336140612205e-06,5.24336140612205e-06,5.24336140612205e-06,0.0
1730610840.0,5.24336140612205e-06,5.24336140612205e-06,5.24336140612205e-06,5.24336140612205e-06,0.0
1730610900.0,5.24336140612205e-06,5.24336140612205e-06,5.24336140612205e-06,5.24336140612205e-06,0.0
1730610960.0,5.24336140612205e-06,5.24336140612205e-06,5.24336140612205e-06,5.24336140612205e-06,0.0
1730611020.0,5.24336140612205e-06,5.24336140612205e-06,5.211713632871088e-06,5.211713632871088e-06,18.48466618926022
1730611080.0,5.211713632871088e-06,5.211713632871088e-06,5.211713632871088e-06,5.211713632871088e-06,0.0
1730611140.0,5.211713632871088e-06,5.211713632871088e-06,5.211713632871088e-06,5.211713632871088e-06,0.0
1730611200.0,5.211713632871088e-06,5.211713632871088e-06,5.211713632871088e-06,5.211713632871088e-06,0.0
1730611260.0,5.211713632871088e-06,5.211713632871088e-06,5.211713632871088e-06,5.211713632871088e-06,0.0
1730611320.0,5.211713632871088e-06,5.211713632871088e-06,5.211713632871088e-06,5.211713632871088e-06,0.0
1730611380.0,5.211713632871088e-06,5.211713632871088e-06,5.211713632871088e-06,5.211713632871088e-06,0.0
1730611440.0,5.211713632871088e-06,5.211713632871088e-06,5.211713632871088e-06,5.211713632871088e-06,0.0
1730611500.0,5.211713632871088e-06,5.211713632871088e-06,5.211713632871088e-06,5.211713632871088e-06,0.0
1730611560.0,5.211713632871088e-06,5.211713632871088e-06,5.211713632871088e-06,5.211713632871088e-06,0.0
1730611620.0,5.211713632871088e-06,5.211713632871088e-06,5.211713632871088e-06,5.211713632871088e-06,0.0
1730611680.0,5.211713632871088e-06,5.211713632871088e-06,5.211713632871088e-06,5.211713632871088e-06,0.0
1730611740.0,5.211713632871088e-06,5.211713632871088e-06,5.211713632871088e-06,5.211713632871088e-06,0.0
1730611800.0,5.211713632871088e-06,5.211713632871088e-06,5.211713632871088e-06,5.211713632871088e-06,0.0
1730611860.0,5.211713632871088e-06,5.211713632871088e-06,5.211713632871088e-06,5.211713632871088e-06,0.0
1730611920.0,5.211713632871088e-06,5.211713632871088e-06,5.211713632871088e-06,5.211713632871088e-06,0.0
1730611980.0,5.211713632871088e-06,5.211713632871088e-06,5.211713632871088e-06,5.211713632871088e-06,0.0
1730612040.0,5.211713632871088e-06,5.211713632871088e-06,5.211713632871088e-06,5.211713632871088e-06,0.0
1730612100.0,5.211713632871088e-06,5.211713632871088e-06,5.211713632871088e-06,5.211713632871088e-06,0.0
1730612160.0,5.211713632871088e-06,5.211713632871088e-06,5.211713632871088e-06,5.211713632871088e-06,0.0
1730612220.0,5.211713632871088e-06,5.211713632871088e-06,5.211713632871088e-06,5.211713632871088e-06,0.0
1730612280.0,5.211713632871088e-06,5.211713632871088e-06,5.211713632871088e-06,5.211713632871088e-06,0.0
1730612340.0,5.211713632871088e-06,5.211713632871088e-06,5.211713632871088e-06,5.211713632871088e-06,0.0
1730612400.0,5.211713632871088e-06,5.211713632871088e-06,5.211713632871088e-06,5.211713632871088e-06,0.0
1730612460.0,5.211713632871088e-06,5.211713632871088e-06,5.211713632871088e-06,5.211713632871088e-06,0.0
1730612520.0,5.211713632871088e-06,5.211713632871088e-06,5.211713632871088e-06,5.211713632871088e-06,0.0
1730612580.0,5.211713632871088e-06,5.211713632871088e-06,5.211713632871088e-06,5.211713632871088e-06,0.0
1730612640.0,5.211713632871088e-06,5.211713632871088e-06,5.211713632871088e-06,5.211713632871088e-06,0.0
1730612700.0,5.211713632871088e-06,5.211713632871088e-06,5.211713632871088e-06,5.211713632871088e-06,0.0
1730612760.0,5.211713632871088e-06,5.211713632871088e-06,5.211713632871088e-06,5.211713632871088e-06,0.0
1730612820.0,5.211713632871088e-06,5.211713632871088e-06,5.211713632871088e-06,5.211713632871088e-06,0.0
1730612880.0,5.211713632871088e-06,5.211713632871088e-06,5.211713632871088e-06,5.211713632871088e-06,0.0
1730612940.0,5.211713632871088e-06,5.211713632871088e-06,5.211713632871088e-06,5.211713632871088e-06,0.0
1730613000.0,5.211713632871088e-06,5.211713632871088e-06,5.211713632871088e-06,5.211713632871088e-06,0.0
1730613060.0,5.211713632871088e-06,5.211713632871088e-06,5.211713632871088e-06,5.211713632871088e-06,0.0
1730613120.0,5.211713632871088e-06,5.211713632871088e-06,5.211713632871088e-06,5.211713632871088e-06,0.0
1730613180.0,5.211713632871088e-06,5.211713632871088e-06,5.211713632871088e-06,5.211713632871088e-06,0.0
1730613240.0,5.211713632871088e-06,5.211713632871088e-06,5.211713632871088e-06,5.211713632871088e-06,0.0
1730613300.0,5.211713632871088e-06,5.211713632871088e-06,5.211713632871088e-06,5.211713632871088e-06,0.0
1730613360.0,5.211713632871088e-06,5.211713632871088e-06,5.211713632871088e-06,5.211713632871088e-06,0.0
1730613420.0,5.211713632871088e-06,5.211713632871088e-06,5.211713632871088e-06,5.211713632871088e-06,0.0
1730613480.0,5.211713632871088e-06,5.211713632871088e-06,5.211713632871088e-06,5.211713632871088e-06,0.0
1730613540.0,5.211713632871088e-06,5.211713632871088e-06,5.211713632871088e-06,5.211713632871088e-06,0.0
1730613600.0,5.211713632871088e-06,5.211713632871088e-06,5.211713632871088e-06,5.211713632871088e-06,0.0
1730613660.0,5.211713632871088e-06,5.211713632871088e-06,5.211713632871088e-06,5.211713632871088e-06,0.0
1730613720.0,5.211713632871088e-06,5.211713632871088e-06,5.211713632871088e-06,5.211713632871088e-06,0.0
1730613780.0,5.211713632871088e-06,5.211713632871088e-06,5.211713632871088e-06,5.211713632871088e-06,0.0
1730613840.0,5.211713632871088e-06,5.211713632871088e-06,5.211713632871088e-06,5.211713632871088e-06,0.0
1730613900.0,5.211713632871088e-06,5.211713632871088e-06,5.211713632871088e-06,5.211713632871088e-06,0.0
1730613960.0,5.211713632871088e-06,5.211713632871088e-06,5.211713632871088e-06,5.211713632871088e-06,0.0
1730614020.0,5.211713632871088e-06,5.211713632871088e-06,5.211713632871088e-06,5.211713632871088e-06,0.0
1730614080.0,5.211713632871088e-06,5.211713632871088e-06,5.211713632871088e-06,5.211713632871088e-06,0.0
1730614140.0,5.211713632871088e-06,5.211713632871088e-06,5.211713632871088e-06,5.211713632871088e-06,0.0
1730614200.0,5.211713632871088e-06,5.211713632871088e-06,5.211713632871088e-06,5.211713632871088e-06,0.0
1730614260.0,5.211713632871088e-06,5.211713632871088e-06,5.211713632871088e-06,5.211713632871088e-06,0.0
1730614320.0,5.211713632871088e-06,5.211713632871088e-06,5.211713632871088e-06,5.211713632871088e-06,0.0
1730614380.0,5.211713632871088e-06,5.211713632871088e-06,5.211713632871088e-06,5.211713632871088e-06,0.0
