0,1,2,3,4,5
1740065820.0,8.59285546662913e-05,8.86704123707168e-05,3.46761885387996e-05,5.40957344567651e-05,68588.95621915972
1740065880.0,5.40957344567651e-05,7.3116900345161e-05,3.41018397978455e-05,3.45066743338379e-05,54183.44406330896
1740065940.0,3.45066743338379e-05,5.14820845275643e-05,3.18683530139488e-05,3.86153439775041e-05,31167.48601337244
1740066000.0,3.86153439775041e-05,4.93805910408474e-05,2.45680848187402e-05,3.8020429698434e-05,29311.44243168119
1740066060.0,3.8020429698434e-05,4.19015573394465e-05,2.92341429868851e-05,3.40760852225498e-05,10119.13918803038
1740066120.0,3.40760852225498e-05,4.42570424010117e-05,3.20445842806822e-05,4.16162604577005e-05,11357.88730073513
1740066180.0,4.16162604577005e-05,5.72715933931113e-05,3.87517167167216e-05,5.41371207236749e-05,21785.40234707831
1740066240.0,5.41371207236749e-05,6.78646502734881e-05,4.59421006210313e-05,5.81155164783855e-05,29636.5847110407
1740066300.0,5.81155164783855e-05,6.35251877551686e-05,4.24882421398491e-05,5.54959012016421e-05,16237.06848831754
1740066360.0,5.54959012016421e-05,5.54959012016421e-05,3.74181293861567e-05,4.27106314096852e-05,10712.14373067422
1740066420.0,4.27106314096852e-05,5.39707533279434e-05,2.63514667433104e-05,2.64818985903595e-05,15215.40496179493
1740066480.0,2.64818985903595e-05,2.99005855074115e-05,1.68456769215e-05,2.3880699614673e-05,25062.41210418429
1740066540.0,2.3880699614673e-05,3.14491557465034e-05,2.26154633254522e-05,2.26154633254522e-05,7066.01165847036
1740066600.0,2.26154633254522e-05,2.60745482924388e-05,1.30377959084455e-05,1.3878962651765e-05,8623.21504871071
1740066660.0,1.3878962651765e-05,2.15050670365292e-05,1.38627456739079e-05,1.45532591600029e-05,5535.91969958458
1740066720.0,1.45532591600029e-05,1.84795263827808e-05,1.45532591600029e-05,1.65619796221199e-05,1430.95782813098
1740066780.0,1.65619796221199e-05,1.9193279437193e-05,1.65619796221199e-05,1.68919540218683e-05,1421.83145493862
1740066840.0,1.68919540218683e-05,2.51111678598476e-05,1.58476044500513e-05,1.78653212887223e-05,8108.77578349532
1740066900.0,1.78653212887223e-05,2.25458944789159e-05,1.76178704719775e-05,2.16911741521784e-05,2998.12867852851
1740066960.0,2.16911741521784e-05,2.16911741521784e-05,2.06843328956521e-05,2.11991559581063e-05,449.86438078537
1740067020.0,2.11991559581063e-05,2.13599592333559e-05,1.97439794676256e-05,1.99464950948356e-05,488.46035145902
1740067080.0,1.99464950948356e-05,2.03630600295646e-05,1.39893448382072e-05,1.39893448382072e-05,1733.30568865041
1740067140.0,1.39893448382072e-05,1.57156410792642e-05,1.23337149361845e-05,1.40100724948194e-05,2190.72114483715
1740067200.0,1.40100724948194e-05,1.51404618601587e-05,1.400492314019e-05,1.48881305094427e-05,603.32463918625
1740067260.0,1.48881305094427e-05,1.48881305094427e-05,1.15604012264552e-05,1.27272323281748e-05,1466.1632988943
1740067320.0,1.27272323281748e-05,1.27272323281748e-05,1.10120285203139e-05,1.10120285203139e-05,585.8506834151
1740067380.0,1.10120285203139e-05,1.51136029279498e-05,1.10120285203139e-05,1.39943708137006e-05,1635.37114143688
1740067440.0,1.39943708137006e-05,1.52735994589606e-05,1.39943708137006e-05,1.52735994589606e-05,332.55262099532
1740067500.0,1.52735994589606e-05,1.54283399853066e-05,1.41042987948884e-05,1.41042987948884e-05,381.12097550486
1740067560.0,1.41042987948884e-05,1.41042987948884e-05,1.33267184716225e-05,1.33529482636573e-05,213.71607294096
1740067620.0,1.33529482636573e-05,1.39897047090006e-05,1.20693092944995e-05,1.35649245743314e-05,1059.27234993042
1740067680.0,1.35649245743314e-05,1.37897505978536e-05,1.34697273839297e-05,1.35998248216497e-05,151.76357243022
1740067740.0,1.35998248216497e-05,1.51026956597846e-05,1.32223626572944e-05,1.51026956597846e-05,740.09308203993
1740067800.0,1.51026956597846e-05,1.60355319277714e-05,1.33354170707783e-05,1.34380981049246e-05,1043.66967464875
1740067860.0,1.34380981049246e-05,1.55341550888912e-05,1.34380981049246e-05,1.55341550888912e-05,530.20979825118
1740067920.0,1.55341550888912e-05,1.59344727360915e-05,1.55341550888912e-05,1.59344727360915e-05,104.8936682673
1740067980.0,1.59344727360915e-05,1.60842064602255e-05,1.54244903372785e-05,1.54244903372785e-05,195.97873866304
1740068040.0,1.54244903372785e-05,1.55835901656565e-05,1.43969173130645e-05,1.55835901656565e-05,504.59450846883
1740068100.0,1.55835901656565e-05,1.55835901656565e-05,1.5402710111986e-05,1.54888199340666e-05,70.39362669491
1740068160.0,1.54888199340666e-05,1.55531134925822e-05,1.42426769581375e-05,1.53987367730283e-05,734.36761837372
1740068220.0,1.53987367730283e-05,1.53987367730283e-05,1.47851746311325e-05,1.47851746311325e-05,133.40906592222
1740068280.0,1.47851746311325e-05,1.54143743892172e-05,1.47251145496695e-05,1.53678808621386e-05,369.50635347878
1740068340.0,1.53678808621386e-05,1.53678808621386e-05,1.52626905395981e-05,1.532876458545e-05,72.48531322392
1740068400.0,1.532876458545e-05,1.56965885187679e-05,1.532876458545e-05,1.56965885187679e-05,98.99238125144
1740068460.0,1.56965885187679e-05,1.56965885187679e-05,1.54892188427316e-05,1.54892188427316e-05,48.49008800697
1740068520.0,1.54892188427316e-05,1.80882450858862e-05,1.54892188427316e-05,1.80882450858862e-05,555.59210798435
1740068580.0,1.80882450858862e-05,1.94281000279061e-05,9.25038482575287e-06,9.25038482575287e-06,2667.5329606303
1740068640.0,9.25038482575287e-06,9.25038482575287e-06,8.17555453415615e-06,8.42259808392264e-06,779.02070026141
1740068700.0,8.42259808392264e-06,8.73609726436788e-06,8.0953814951816e-06,8.73609726436788e-06,571.97665871423
1740068760.0,8.73609726436788e-06,9.03418010064743e-06,8.73609726436788e-06,9.03418010064743e-06,104.42848235728
1740068820.0,9.03418010064743e-06,9.03418010064743e-06,8.80122194747286e-06,8.80122194747286e-06,267.34735091098
1740068880.0,8.80122194747286e-06,8.80122194747286e-06,8.22715318713386e-06,8.22715318713386e-06,120.92774356314
1740068940.0,8.22715318713386e-06,8.22715318713386e-06,8.02504436805363e-06,8.02504436805363e-06,59.28738757178
1740069000.0,8.02504436805363e-06,8.02504436805363e-06,7.35622735713109e-06,7.48037951595668e-06,279.93010060169
1740069060.0,7.48037951595668e-06,7.63047338349658e-06,7.468119620375e-06,7.63047338349658e-06,109.70239343133
1740069120.0,7.63047338349658e-06,7.71973643994067e-06,7.63047338349658e-06,7.71400480341125e-06,1.36850938832
1740069180.0,7.71400480341125e-06,7.71400480341125e-06,7.67481301366345e-06,7.67481301366345e-06,17.20797466256
1740069240.0,7.67481301366345e-06,7.67481301366345e-06,7.50936546857316e-06,7.50936546857316e-06,45.07103351689
1740069300.0,7.50936546857316e-06,7.50936546857316e-06,7.25448246952963e-06,7.27398478205991e-06,111.8144959312
1740069360.0,7.27398478205991e-06,7.2782657746723e-06,7.24314656920375e-06,7.24314656920375e-06,3.87339086275
1740069420.0,7.24314656920375e-06,7.24314656920375e-06,7.20509888914846e-06,7.20509888914846e-06,14.47125189585
1740069480.0,7.20509888914846e-06,7.20509888914846e-06,6.41140851727406e-06,6.41140851727406e-06,266.78243038519
1740069540.0,6.41140851727406e-06,7.23158233298845e-06,6.3048434126159e-06,7.23158233298845e-06,369.23482108483
1740069600.0,7.23158233298845e-06,7.23158233298845e-06,6.8561141187744e-06,6.8561141187744e-06,118.04272341083
1740069660.0,6.8561141187744e-06,6.86431460127611e-06,6.84483987228575e-06,6.84483987228575e-06,13.02901817882
1740069720.0,6.84483987228575e-06,6.84483987228575e-06,6.81017620261716e-06,6.81017620261716e-06,8.00089421444
1740069780.0,6.81017620261716e-06,6.84610024383165e-06,6.81017620261716e-06,6.84610024383165e-06,1.55844
1740069840.0,6.84610024383165e-06,6.84610024383165e-06,6.7997192332e-06,6.7997192332e-06,9.89915056511
1740069900.0,6.7997192332e-06,6.7997192332e-06,6.78303399616365e-06,6.78303399616365e-06,0.37013099127
1740069960.0,6.78303399616365e-06,6.78303399616365e-06,6.64861355519582e-06,6.64861355519582e-06,69.57180688248
1740070020.0,6.64861355519582e-06,6.64861355519582e-06,6.61625757276219e-06,6.61625757276219e-06,1.69681159587
1740070080.0,6.61625757276219e-06,6.61625757276219e-06,6.61625757276219e-06,6.61625757276219e-06,0.0
1740070140.0,6.61625757276219e-06,6.61625757276219e-06,6.60188402231723e-06,6.60188402231723e-06,0.3673585606
1740070200.0,6.60188402231723e-06,6.60188402231723e-06,6.60188402231723e-06,6.60188402231723e-06,0.0
1740070260.0,6.60188402231723e-06,6.60188402231723e-06,6.55351825053411e-06,6.55351825053411e-06,28.16095601899
1740070320.0,6.55351825053411e-06,6.55351825053411e-06,6.55351825053411e-06,6.55351825053411e-06,0.0
1740070380.0,6.55351825053411e-06,6.55351825053411e-06,6.39260035148282e-06,6.39260035148282e-06,50.23968757374
1740070440.0,6.39260035148282e-06,6.39260035148282e-06,6.35650048946549e-06,6.37980289925595e-06,10.31549579072
1740070500.0,6.37980289925595e-06,6.37980289925595e-06,6.34280584839748e-06,6.34280584839748e-06,2.0578765797
1740070560.0,6.34280584839748e-06,6.34280584839748e-06,5.72010183391764e-06,5.72010183391764e-06,219.82422512029
1740070620.0,5.72010183391764e-06,5.72010183391764e-06,5.69442449986563e-06,5.69442449986563e-06,16.9655136151
1740070680.0,5.69442449986563e-06,5.69442449986563e-06,5.6456312737658e-06,5.6456312737658e-06,9.02693990526
1740070740.0,5.6456312737658e-06,5.6456312737658e-06,5.6124204976776e-06,5.6124204976776e-06,10.796829752
1740070800.0,5.6124204976776e-06,5.6124204976776e-06,5.52277068787959e-06,5.52277068787959e-06,34.02073397472
1740070860.0,5.52277068787959e-06,5.52277068787959e-06,5.52277068787959e-06,5.52277068787959e-06,0.0
1740070920.0,5.52277068787959e-06,5.52277068787959e-06,5.48050970766711e-06,5.48050970766711e-06,26.3258368571
1740070980.0,5.48050970766711e-06,5.48050970766711e-06,5.44585170802628e-06,5.44585170802628e-06,0.09280433815
1740071040.0,5.44585170802628e-06,5.44585170802628e-06,5.44585170802628e-06,5.44585170802628e-06,0.0
1740071100.0,5.44585170802628e-06,5.45172996166948e-06,5.44585170802628e-06,5.45172996166948e-06,0.24792888065
1740071160.0,5.45172996166948e-06,5.9211464200329e-06,5.45172996166948e-06,5.9211464200329e-06,172.7330363178
1740071220.0,5.9211464200329e-06,5.9211464200329e-06,5.9211464200329e-06,5.9211464200329e-06,0.0
1740071280.0,5.9211464200329e-06,6.01814699855459e-06,5.9211464200329e-06,6.01814699855459e-06,46.55188001016
1740071340.0,6.01814699855459e-06,6.13180508332374e-06,6.01814699855459e-06,6.13180508332374e-06,34.454
1740071400.0,6.13180508332374e-06,6.14817669191894e-06,6.13180508332374e-06,6.14817669191894e-06,0.00050282694
1740071460.0,6.14817669191894e-06,6.14817669191894e-06,6.14817669191894e-06,6.14817669191894e-06,0.0
1740071520.0,6.14817669191894e-06,6.4773497336017e-06,6.14817669191894e-06,6.4773497336017e-06,109.7446319676
1740071580.0,6.4773497336017e-06,6.50534374514885e-06,6.4773497336017e-06,6.50534374514885e-06,3.4178988
1740071640.0,6.50534374514885e-06,6.50534374514885e-06,6.44884292803565e-06,6.48309821714514e-06,32.70280255369
1740071700.0,6.48309821714514e-06,6.48309821714514e-06,6.48309821714514e-06,6.48309821714514e-06,0.0
1740071760.0,6.48309821714514e-06,6.48309821714514e-06,6.46556390426812e-06,6.46556390426812e-06,0.18947257264
1740071820.0,6.46556390426812e-06,6.55031912390758e-06,6.46556390426812e-06,6.55031912390758e-06,29.14484505
1740071880.0,6.55031912390758e-06,6.62425389923569e-06,6.55031912390758e-06,6.62425389923569e-06,19.0075018
1740071940.0,6.62425389923569e-06,6.62425389923569e-06,6.5904769163127e-06,6.5904769163127e-06,18.53050559958
1740072000.0,6.5904769163127e-06,6.5904769163127e-06,6.54579603808454e-06,6.54579603808454e-06,15.9243819756
1740072060.0,6.54579603808454e-06,6.54579603808454e-06,6.54579603808454e-06,6.54579603808454e-06,0.0
1740072120.0,6.54579603808454e-06,6.54579603808454e-06,6.52057546512055e-06,6.52057546512055e-06,3.42590152506
1740072180.0,6.52057546512055e-06,6.52057546512055e-06,6.50624436797964e-06,6.50624436797964e-06,7.7077758898
1740072240.0,6.50624436797964e-06,6.50624436797964e-06,6.50624436797964e-06,6.50624436797964e-06,0.0
1740072300.0,6.50624436797964e-06,6.50624436797964e-06,6.50624436797964e-06,6.50624436797964e-06,0.0
1740072360.0,6.50624436797964e-06,6.52733367093287e-06,6.49677494903868e-06,6.49677494903868e-06,5.4530882892
1740072420.0,6.49677494903868e-06,6.77908501920832e-06,6.49677494903868e-06,6.77908501920832e-06,172.94688
1740072480.0,6.77908501920832e-06,7.39285916921796e-06,6.77908501920832e-06,7.39285916921796e-06,201.72066332482
1740072540.0,7.39285916921796e-06,7.39285916921796e-06,7.39285916921796e-06,7.39285916921796e-06,0.0
1740072600.0,7.39285916921796e-06,7.39285916921796e-06,7.39285916921796e-06,7.39285916921796e-06,0.0
1740072660.0,7.39285916921796e-06,7.93497898578421e-06,7.39285916921796e-06,7.93497898578421e-06,171.74941876872
1740072720.0,7.93497898578421e-06,8.17122532070407e-06,7.93497898578421e-06,8.16621511874401e-06,3.06952538715
1740072780.0,8.16621511874401e-06,8.16621511874401e-06,8.16621511874401e-06,8.16621511874401e-06,0.0
1740072840.0,8.16621511874401e-06,8.37827837765987e-06,8.16621511874401e-06,8.37827837765987e-06,104.7273847128
1740072900.0,8.37827837765987e-06,9.25883219968744e-06,8.37827837765987e-06,9.25883219968744e-06,224.7107677009
1740072960.0,9.25883219968744e-06,9.25883219968744e-06,9.25883219968744e-06,9.25883219968744e-06,0.0
1740073020.0,9.25883219968744e-06,9.25883219968744e-06,9.24430235571105e-06,9.24430235571105e-06,3.63637498916
1740073080.0,9.24430235571105e-06,9.30089704261459e-06,9.07001218086559e-06,9.07001218086559e-06,122.903266846
1740073140.0,9.07001218086559e-06,9.07001218086559e-06,8.13765393821906e-06,8.13765393821906e-06,238.77166375391
1740073200.0,8.13765393821906e-06,8.13765393821906e-06,8.0563996193253e-06,8.0563996193253e-06,15.62943835222
1740073260.0,8.0563996193253e-06,8.0563996193253e-06,7.97242103802977e-06,7.97242103802977e-06,17.92987668084
1740073320.0,7.97242103802977e-06,7.97242103802977e-06,7.59580728414497e-06,7.59580728414497e-06,229.0380118755
1740073380.0,7.59580728414497e-06,7.59580728414497e-06,7.59580728414497e-06,7.59580728414497e-06,0.0
1740073440.0,7.59580728414497e-06,7.59580728414497e-06,7.28865810719391e-06,7.28865810719391e-06,1.38488
1740073500.0,7.28865810719391e-06,7.294033391465e-06,7.08917555824526e-06,7.08917555824526e-06,110.75659106382
1740073560.0,7.08917555824526e-06,7.08917555824526e-06,6.90913018689612e-06,6.90913018689612e-06,12.91782268928
1740073620.0,6.90913018689612e-06,6.90913018689612e-06,6.63512897627484e-06,6.63512897627484e-06,162.28596745908
1740073680.0,6.63512897627484e-06,6.63512897627484e-06,5.99729023692445e-06,6.02047884022278e-06,174.35824385105
1740073740.0,6.02047884022278e-06,6.02047884022278e-06,6.02047884022278e-06,6.02047884022278e-06,0.0
1740073800.0,6.02047884022278e-06,6.04155930977765e-06,6.02047884022278e-06,6.04155930977765e-06,1.02923649
1740073860.0,6.04155930977765e-06,6.04155930977765e-06,5.94278394512049e-06,5.94278394512049e-06,38.00815224069
1740073920.0,5.94278394512049e-06,5.94278394512049e-06,5.94278394512049e-06,5.94278394512049e-06,0.0
1740073980.0,5.94278394512049e-06,5.94278394512049e-06,5.94278394512049e-06,5.94278394512049e-06,0.0
1740074040.0,5.94278394512049e-06,5.94278394512049e-06,5.94278394512049e-06,5.94278394512049e-06,0.0
1740074100.0,5.94278394512049e-06,5.94278394512049e-06,5.94278394512049e-06,5.94278394512049e-06,0.0
1740074160.0,5.94278394512049e-06,5.94278394512049e-06,5.90928797456699e-06,5.90928797456699e-06,0.0006209097
1740074220.0,5.90928797456699e-06,5.90928797456699e-06,5.89508051353938e-06,5.89508051353938e-06,10.53068949583
1740074280.0,5.89508051353938e-06,5.89508051353938e-06,5.89508051353938e-06,5.89508051353938e-06,0.0
1740074340.0,5.89508051353938e-06,5.89508051353938e-06,5.87915701107861e-06,5.87915701107861e-06,0.96485022121
1740074400.0,5.87915701107861e-06,5.91141870298136e-06,5.87915701107861e-06,5.91141870298136e-06,0.0017321
1740074460.0,5.91141870298136e-06,5.91141870298136e-06,5.91141870298136e-06,5.91141870298136e-06,0.0
1740074520.0,5.91141870298136e-06,5.9151776561256e-06,5.91141870298136e-06,5.9151776561256e-06,0.0017332
1740074580.0,5.9151776561256e-06,5.9151776561256e-06,5.74214488223001e-06,5.74214488223001e-06,105.8242065828
1740074640.0,5.74214488223001e-06,5.74214488223001e-06,5.74214488223001e-06,5.74214488223001e-06,0.0
1740074700.0,5.74214488223001e-06,5.74214488223001e-06,5.59620085510133e-06,5.59620085510133e-06,10.76552265102
1740074760.0,5.59620085510133e-06,5.59620085510133e-06,5.59294073357358e-06,5.59294073357358e-06,1.7770711824
1740074820.0,5.59294073357358e-06,5.59294073357358e-06,5.58404033523658e-06,5.58404033523658e-06,3.6495768212
1740074880.0,5.58404033523658e-06,5.58404033523658e-06,5.58404033523658e-06,5.58404033523658e-06,0.0
1740074940.0,5.58404033523658e-06,5.58404033523658e-06,5.58404033523658e-06,5.58404033523658e-06,0.0
1740075000.0,5.58404033523658e-06,5.58404033523658e-06,5.56902568491337e-06,5.56902568491337e-06,2.51429568124
1740075060.0,5.56902568491337e-06,5.56902568491337e-06,5.56902568491337e-06,5.56902568491337e-06,0.0
1740075120.0,5.56902568491337e-06,5.58972004901854e-06,5.56019370863904e-06,5.56019370863904e-06,1.20521919555
1740075180.0,5.56019370863904e-06,5.56019370863904e-06,5.55789599648379e-06,5.55789599648379e-06,0.50695277506
1740075240.0,5.55789599648379e-06,5.55789599648379e-06,5.55789599648379e-06,5.55789599648379e-06,0.0
1740075300.0,5.55789599648379e-06,5.55789599648379e-06,5.55789599648379e-06,5.55789599648379e-06,0.0
1740075360.0,5.55789599648379e-06,5.55789599648379e-06,5.55789599648379e-06,5.55789599648379e-06,0.0
1740075420.0,5.55789599648379e-06,5.55789599648379e-06,5.55789599648379e-06,5.55789599648379e-06,0.0
1740075480.0,5.55789599648379e-06,5.55789599648379e-06,5.55789599648379e-06,5.55789599648379e-06,0.0
1740075540.0,5.55789599648379e-06,5.55789599648379e-06,5.55789599648379e-06,5.55789599648379e-06,0.0
1740075600.0,5.55789599648379e-06,5.55789599648379e-06,5.55789599648379e-06,5.55789599648379e-06,0.0
1740075660.0,5.55789599648379e-06,5.55789599648379e-06,5.55789599648379e-06,5.55789599648379e-06,0.0
1740075720.0,5.55789599648379e-06,5.60278583162171e-06,5.55789599648379e-06,5.60278583162171e-06,0.0017432
1740075780.0,5.60278583162171e-06,5.60278583162171e-06,5.60278583162171e-06,5.60278583162171e-06,0.0
1740075840.0,5.60278583162171e-06,5.60278583162171e-06,5.60278583162171e-06,5.60278583162171e-06,0.0
1740075900.0,5.60278583162171e-06,5.60278583162171e-06,5.45257876666084e-06,5.45257876666084e-06,50.25607667913
1740075960.0,5.45257876666084e-06,5.5264284714306e-06,5.45257876666084e-06,5.5264284714306e-06,17.4707469
1740076020.0,5.5264284714306e-06,5.5264284714306e-06,5.49067474616158e-06,5.49067474616158e-06,6.13331908308
1740076080.0,5.49067474616158e-06,5.49067474616158e-06,5.49067474616158e-06,5.49067474616158e-06,0.0
1740076140.0,5.49067474616158e-06,5.49067474616158e-06,5.47765674214521e-06,5.47765674214521e-06,3.18014000987
1740076200.0,5.47765674214521e-06,5.47765674214521e-06,5.47765674214521e-06,5.47765674214521e-06,0.0
1740076260.0,5.47765674214521e-06,5.47765674214521e-06,5.47765674214521e-06,5.47765674214521e-06,0.0
1740076320.0,5.47765674214521e-06,5.47765674214521e-06,5.47765674214521e-06,5.47765674214521e-06,0.0
1740076380.0,5.47765674214521e-06,5.47765674214521e-06,5.46291746595487e-06,5.46291746595487e-06,13.11228453363
1740076440.0,5.46291746595487e-06,5.46291746595487e-06,5.46291746595487e-06,5.46291746595487e-06,0.0
1740076500.0,5.46291746595487e-06,5.46291746595487e-06,5.46291746595487e-06,5.46291746595487e-06,0.0
1740076560.0,5.46291746595487e-06,5.46291746595487e-06,5.46291746595487e-06,5.46291746595487e-06,0.0
1740076620.0,5.46291746595487e-06,5.46291746595487e-06,5.46291746595487e-06,5.46291746595487e-06,0.0
1740076680.0,5.46291746595487e-06,5.46291746595487e-06,5.46291746595487e-06,5.46291746595487e-06,0.0
1740076740.0,5.46291746595487e-06,5.46291746595487e-06,5.46291746595487e-06,5.46291746595487e-06,0.0
1740076800.0,5.46291746595487e-06,5.46291746595487e-06,5.46291746595487e-06,5.46291746595487e-06,0.0
1740076860.0,5.46291746595487e-06,5.46291746595487e-06,5.46291746595487e-06,5.46291746595487e-06,0.0
1740076920.0,5.46291746595487e-06,5.46291746595487e-06,5.46291746595487e-06,5.46291746595487e-06,0.0
1740076980.0,5.46291746595487e-06,5.46291746595487e-06,5.46291746595487e-06,5.46291746595487e-06,0.0
1740077040.0,5.46291746595487e-06,5.46291746595487e-06,5.46291746595487e-06,5.46291746595487e-06,0.0
1740077100.0,5.46291746595487e-06,5.46291746595487e-06,5.46291746595487e-06,5.46291746595487e-06,0.0
1740077160.0,5.46291746595487e-06,5.46291746595487e-06,5.46291746595487e-06,5.46291746595487e-06,0.0
1740077220.0,5.46291746595487e-06,5.46291746595487e-06,5.42961217578321e-06,5.42961217578321e-06,3.08632173444
1740077280.0,5.42961217578321e-06,5.42961217578321e-06,5.42961217578321e-06,5.42961217578321e-06,0.0
1740077340.0,5.42961217578321e-06,5.42961217578321e-06,5.40842576122137e-06,5.40842576122137e-06,4.93657433225
1740077400.0,5.40842576122137e-06,5.40842576122137e-06,5.39593112328026e-06,5.39593112328026e-06,0.28472036782
1740077460.0,5.39593112328026e-06,5.39593112328026e-06,5.39593112328026e-06,5.39593112328026e-06,0.0
1740077520.0,5.39593112328026e-06,5.39593112328026e-06,5.39398729767163e-06,5.39398729767163e-06,0.71749507662
1740077580.0,5.39398729767163e-06,5.39398729767163e-06,5.39398729767163e-06,5.39398729767163e-06,0.0
1740077640.0,5.39398729767163e-06,5.39398729767163e-06,5.39398729767163e-06,5.39398729767163e-06,0.0
1740077700.0,5.39398729767163e-06,5.39398729767163e-06,5.39398729767163e-06,5.39398729767163e-06,0.0
1740077760.0,5.39398729767163e-06,5.39398729767163e-06,5.39398729767163e-06,5.39398729767163e-06,0.0
1740077820.0,5.39398729767163e-06,5.39398729767163e-06,5.39398729767163e-06,5.39398729767163e-06,0.0
1740077880.0,5.39398729767163e-06,5.39398729767163e-06,5.39398729767163e-06,5.39398729767163e-06,0.0
1740077940.0,5.39398729767163e-06,5.39398729767163e-06,5.39398729767163e-06,5.39398729767163e-06,0.0
1740078000.0,5.39398729767163e-06,5.39398729767163e-06,5.39398729767163e-06,5.39398729767163e-06,0.0
1740078060.0,5.39398729767163e-06,5.39398729767163e-06,5.39398729767163e-06,5.39398729767163e-06,0.0
1740078120.0,5.39398729767163e-06,5.39398729767163e-06,5.39398729767163e-06,5.39398729767163e-06,0.0
1740078180.0,5.39398729767163e-06,5.39398729767163e-06,5.39398729767163e-06,5.39398729767163e-06,0.0
1740078240.0,5.39398729767163e-06,5.59070493568663e-06,5.39398729767163e-06,5.59070493568663e-06,75.53680831892
1740078300.0,5.59070493568663e-06,5.59070493568663e-06,5.48922794737205e-06,5.48922794737205e-06,68.68472443665
1740078360.0,5.48922794737205e-06,5.48922794737205e-06,5.48922794737205e-06,5.48922794737205e-06,0.0
1740078420.0,5.48922794737205e-06,5.48922794737205e-06,5.48922794737205e-06,5.48922794737205e-06,0.0
1740078480.0,5.48922794737205e-06,5.48922794737205e-06,5.48922794737205e-06,5.48922794737205e-06,0.0
1740078540.0,5.48922794737205e-06,5.48922794737205e-06,5.48922794737205e-06,5.48922794737205e-06,0.0
1740078600.0,5.48922794737205e-06,5.48922794737205e-06,5.48922794737205e-06,5.48922794737205e-06,0.0
1740078660.0,5.48922794737205e-06,5.48922794737205e-06,5.48922794737205e-06,5.48922794737205e-06,0.0
1740078720.0,5.48922794737205e-06,5.48922794737205e-06,5.48922794737205e-06,5.48922794737205e-06,0.0
1740078780.0,5.48922794737205e-06,5.48922794737205e-06,5.48922794737205e-06,5.48922794737205e-06,0.0
1740078840.0,5.48922794737205e-06,5.48922794737205e-06,5.37537347314923e-06,5.37537347314923e-06,12.130422624
1740078900.0,5.37537347314923e-06,5.37537347314923e-06,5.37537347314923e-06,5.37537347314923e-06,0.0
1740078960.0,5.37537347314923e-06,5.37537347314923e-06,5.37537347314923e-06,5.37537347314923e-06,0.0
1740079020.0,5.37537347314923e-06,5.37537347314923e-06,5.37537347314923e-06,5.37537347314923e-06,0.0
1740079080.0,5.37537347314923e-06,5.37537347314923e-06,5.37537347314923e-06,5.37537347314923e-06,0.0
1740079140.0,5.37537347314923e-06,5.37537347314923e-06,5.37537347314923e-06,5.37537347314923e-06,0.0
1740079200.0,5.37537347314923e-06,5.37537347314923e-06,5.37537347314923e-06,5.37537347314923e-06,0.0
1740079260.0,5.37537347314923e-06,5.37537347314923e-06,5.37537347314923e-06,5.37537347314923e-06,0.0
1740079320.0,5.37537347314923e-06,5.37537347314923e-06,5.37537347314923e-06,5.37537347314923e-06,0.0
1740079380.0,5.37537347314923e-06,5.37537347314923e-06,5.37537347314923e-06,5.37537347314923e-06,0.0
1740079440.0,5.37537347314923e-06,5.37537347314923e-06,5.37537347314923e-06,5.37537347314923e-06,0.0
1740079500.0,5.37537347314923e-06,5.37537347314923e-06,5.37537347314923e-06,5.37537347314923e-06,0.0
1740079560.0,5.37537347314923e-06,5.37537347314923e-06,5.35381280558623e-06,5.35381280558623e-06,22.0162606533
1740079620.0,5.35381280558623e-06,5.35381280558623e-06,5.35381280558623e-06,5.35381280558623e-06,0.0
1740079680.0,5.35381280558623e-06,5.35381280558623e-06,5.35381280558623e-06,5.35381280558623e-06,0.0
1740079740.0,5.35381280558623e-06,5.35381280558623e-06,5.35381280558623e-06,5.35381280558623e-06,0.0
1740079800.0,5.35381280558623e-06,5.35381280558623e-06,5.35381280558623e-06,5.35381280558623e-06,0.0
1740079860.0,5.35381280558623e-06,5.35381280558623e-06,5.35381280558623e-06,5.35381280558623e-06,0.0
1740079920.0,5.35381280558623e-06,5.35381280558623e-06,5.35381280558623e-06,5.35381280558623e-06,0.0
1740079980.0,5.35381280558623e-06,5.35381280558623e-06,5.35381280558623e-06,5.35381280558623e-06,0.0
1740080040.0,5.35381280558623e-06,5.35381280558623e-06,5.35381280558623e-06,5.35381280558623e-06,0.0
1740080100.0,5.35381280558623e-06,5.35381280558623e-06,5.35381280558623e-06,5.35381280558623e-06,0.0
1740080160.0,5.35381280558623e-06,5.35381280558623e-06,5.35381280558623e-06,5.35381280558623e-06,0.0
1740080220.0,5.35381280558623e-06,5.35381280558623e-06,5.35381280558623e-06,5.35381280558623e-06,0.0
1740080280.0,5.35381280558623e-06,5.35381280558623e-06,5.31321201704261e-06,5.31321201704261e-06,0.38632100988
1740080340.0,5.31321201704261e-06,5.31321201704261e-06,5.31321201704261e-06,5.31321201704261e-06,0.0
1740080400.0,5.31321201704261e-06,5.31321201704261e-06,5.31321201704261e-06,5.31321201704261e-06,0.0
1740080460.0,5.31321201704261e-06,5.31321201704261e-06,5.31321201704261e-06,5.31321201704261e-06,0.0
1740080520.0,5.31321201704261e-06,5.31321201704261e-06,5.31321201704261e-06,5.31321201704261e-06,0.0
1740080580.0,5.31321201704261e-06,5.31321201704261e-06,5.31321201704261e-06,5.31321201704261e-06,0.0
1740080640.0,5.31321201704261e-06,5.31321201704261e-06,5.31321201704261e-06,5.31321201704261e-06,0.0
1740080700.0,5.31321201704261e-06,5.31321201704261e-06,5.31321201704261e-06,5.31321201704261e-06,0.0
1740080760.0,5.31321201704261e-06,5.31321201704261e-06,5.31321201704261e-06,5.31321201704261e-06,0.0
1740080820.0,5.31321201704261e-06,5.31321201704261e-06,5.31321201704261e-06,5.31321201704261e-06,0.0
1740080880.0,5.31321201704261e-06,5.31321201704261e-06,5.31321201704261e-06,5.31321201704261e-06,0.0
1740080940.0,5.31321201704261e-06,5.31321201704261e-06,5.31321201704261e-06,5.31321201704261e-06,0.0
1740081000.0,5.31321201704261e-06,5.31321201704261e-06,5.31321201704261e-06,5.31321201704261e-06,0.0
1740081060.0,5.31321201704261e-06,5.31321201704261e-06,5.31321201704261e-06,5.31321201704261e-06,0.0
1740081120.0,5.31321201704261e-06,5.31321201704261e-06,5.3041780370965e-06,5.3041780370965e-06,3.26980650503
1740081180.0,5.3041780370965e-06,5.3041780370965e-06,5.3041780370965e-06,5.3041780370965e-06,0.0
1740081240.0,5.3041780370965e-06,5.3041780370965e-06,5.3041780370965e-06,5.3041780370965e-06,0.0
1740081300.0,5.3041780370965e-06,5.3041780370965e-06,5.3041780370965e-06,5.3041780370965e-06,0.0
1740081360.0,5.3041780370965e-06,5.3041780370965e-06,5.3041780370965e-06,5.3041780370965e-06,0.0
1740081420.0,5.3041780370965e-06,5.3041780370965e-06,5.3041780370965e-06,5.3041780370965e-06,0.0
1740081480.0,5.3041780370965e-06,5.3041780370965e-06,5.3041780370965e-06,5.3041780370965e-06,0.0
1740081540.0,5.3041780370965e-06,5.3041780370965e-06,5.3041780370965e-06,5.3041780370965e-06,0.0
1740081600.0,5.3041780370965e-06,5.54995621032667e-06,5.3041780370965e-06,5.54995621032667e-06,166.4986863098
1740081660.0,5.54995621032667e-06,5.74868798059023e-06,5.54995621032667e-06,5.74868798059023e-06,0.14087543442
1740081720.0,5.74868798059023e-06,5.74868798059023e-06,5.74868798059023e-06,5.74868798059023e-06,0.0
1740081780.0,5.74868798059023e-06,5.74868798059023e-06,5.74608589807603e-06,5.74608589807603e-06,0.07550945479
1740081840.0,5.74608589807603e-06,5.74608589807603e-06,5.74037276696747e-06,5.74037276696747e-06,7.76324485316
1740081900.0,5.74037276696747e-06,5.74037276696747e-06,5.74037276696747e-06,5.74037276696747e-06,0.0
1740081960.0,5.74037276696747e-06,5.74037276696747e-06,5.74037276696747e-06,5.74037276696747e-06,0.0
1740082020.0,5.74037276696747e-06,5.74037276696747e-06,5.74037276696747e-06,5.74037276696747e-06,0.0
1740082080.0,5.74037276696747e-06,5.74037276696747e-06,5.74037276696747e-06,5.74037276696747e-06,0.0
1740082140.0,5.74037276696747e-06,5.74037276696747e-06,5.74037276696747e-06,5.74037276696747e-06,0.0
1740082200.0,5.74037276696747e-06,5.74037276696747e-06,5.74037276696747e-06,5.74037276696747e-06,0.0
1740082260.0,5.74037276696747e-06,5.74037276696747e-06,5.74037276696747e-06,5.74037276696747e-06,0.0
1740082320.0,5.74037276696747e-06,5.74037276696747e-06,5.74037276696747e-06,5.74037276696747e-06,0.0
1740082380.0,5.74037276696747e-06,5.74037276696747e-06,5.74037276696747e-06,5.74037276696747e-06,0.0
1740082440.0,5.74037276696747e-06,5.74037276696747e-06,5.74037276696747e-06,5.74037276696747e-06,0.0
1740082500.0,5.74037276696747e-06,5.74037276696747e-06,5.74037276696747e-06,5.74037276696747e-06,0.0
1740082560.0,5.74037276696747e-06,5.74037276696747e-06,5.74037276696747e-06,5.74037276696747e-06,0.0
1740082620.0,5.74037276696747e-06,5.74037276696747e-06,5.74037276696747e-06,5.74037276696747e-06,0.0
1740082680.0,5.74037276696747e-06,5.74037276696747e-06,5.74037276696747e-06,5.74037276696747e-06,0.0
1740082740.0,5.74037276696747e-06,5.74037276696747e-06,5.74037276696747e-06,5.74037276696747e-06,0.0
1740082800.0,5.74037276696747e-06,5.74037276696747e-06,5.73237553599605e-06,5.73237553599605e-06,4.87179357574
1740082860.0,5.73237553599605e-06,5.73237553599605e-06,5.72653209043413e-06,5.72653209043413e-06,0.3916684191
1740082920.0,5.72653209043413e-06,5.72653209043413e-06,5.72653209043413e-06,5.72653209043413e-06,0.0
1740082980.0,5.72653209043413e-06,5.72653209043413e-06,5.72653209043413e-06,5.72653209043413e-06,0.0
1740083040.0,5.72653209043413e-06,5.73183178750162e-06,5.72653209043413e-06,5.73009472610363e-06,1.27952172044
1740083100.0,5.73009472610363e-06,5.73009472610363e-06,5.73009472610363e-06,5.73009472610363e-06,0.0
1740083160.0,5.73009472610363e-06,5.73009472610363e-06,5.73009472610363e-06,5.73009472610363e-06,0.0
1740083220.0,5.73009472610363e-06,5.73009472610363e-06,5.73009472610363e-06,5.73009472610363e-06,0.0
1740083280.0,5.73009472610363e-06,5.73009472610363e-06,5.73009472610363e-06,5.73009472610363e-06,0.0
1740083340.0,5.73009472610363e-06,5.73638948920661e-06,5.73009472610363e-06,5.73638948920661e-06,0.13290509275
1740083400.0,5.73638948920661e-06,5.73638948920661e-06,5.73638948920661e-06,5.73638948920661e-06,0.0
1740083460.0,5.73638948920661e-06,5.73638948920661e-06,5.73638948920661e-06,5.73638948920661e-06,0.0
1740083520.0,5.73638948920661e-06,5.73638948920661e-06,5.73638948920661e-06,5.73638948920661e-06,0.0
1740083580.0,5.73638948920661e-06,5.73638948920661e-06,5.73638948920661e-06,5.73638948920661e-06,0.0
1740083640.0,5.73638948920661e-06,5.73638948920661e-06,5.71767933635824e-06,5.71767933635824e-06,5.97031136182
1740083700.0,5.71767933635824e-06,5.71767933635824e-06,5.71767933635824e-06,5.71767933635824e-06,0.0
1740083760.0,5.71767933635824e-06,5.71767933635824e-06,5.71767933635824e-06,5.71767933635824e-06,0.0
1740083820.0,5.71767933635824e-06,5.71767933635824e-06,5.6867359522e-06,5.6867359522e-06,3.41204157132
1740083880.0,5.6867359522e-06,5.6867359522e-06,5.6867359522e-06,5.6867359522e-06,0.0
1740083940.0,5.6867359522e-06,5.6867359522e-06,5.6867359522e-06,5.6867359522e-06,0.0
1740084000.0,5.6867359522e-06,5.6867359522e-06,5.6867359522e-06,5.6867359522e-06,0.0
1740084060.0,5.6867359522e-06,5.6867359522e-06,5.67703852456591e-06,5.67703852456591e-06,5.19784095123
1740084120.0,5.67703852456591e-06,5.67703852456591e-06,5.67703852456591e-06,5.67703852456591e-06,0.0
1740084180.0,5.67703852456591e-06,5.67703852456591e-06,5.67703852456591e-06,5.67703852456591e-06,0.0
1740084240.0,5.67703852456591e-06,5.67703852456591e-06,5.67703852456591e-06,5.67703852456591e-06,0.0
1740084300.0,5.67703852456591e-06,5.67703852456591e-06,5.67703852456591e-06,5.67703852456591e-06,0.0
1740084360.0,5.67703852456591e-06,5.67703852456591e-06,5.67703852456591e-06,5.67703852456591e-06,0.0
1740084420.0,5.67703852456591e-06,5.67703852456591e-06,5.67703852456591e-06,5.67703852456591e-06,0.0
1740084480.0,5.67703852456591e-06,5.67703852456591e-06,5.66724688458416e-06,5.66724688458416e-06,0.84126303494
1740084540.0,5.66724688458416e-06,5.66724688458416e-06,5.66724688458416e-06,5.66724688458416e-06,0.0
1740084600.0,5.66724688458416e-06,5.66724688458416e-06,5.66409139383386e-06,5.66409139383386e-06,0.29405332132
1740084660.0,5.66409139383386e-06,5.66409139383386e-06,5.66409139383386e-06,5.66409139383386e-06,0.0
1740084720.0,5.66409139383386e-06,5.66409139383386e-06,5.66409139383386e-06,5.66409139383386e-06,0.0
1740084780.0,5.66409139383386e-06,5.66409139383386e-06,5.66065914363419e-06,5.66065914363419e-06,1.28858727182
1740084840.0,5.66065914363419e-06,5.66065914363419e-06,5.66065914363419e-06,5.66065914363419e-06,0.0
1740084900.0,5.66065914363419e-06,5.66065914363419e-06,5.66065914363419e-06,5.66065914363419e-06,0.0
1740084960.0,5.66065914363419e-06,5.66065914363419e-06,5.65145802751426e-06,5.65145802751426e-06,1.92738013426
1740085020.0,5.65145802751426e-06,5.65145802751426e-06,5.65145802751426e-06,5.65145802751426e-06,0.0
1740085080.0,5.65145802751426e-06,5.65145802751426e-06,5.65145802751426e-06,5.65145802751426e-06,0.0
1740085140.0,5.65145802751426e-06,5.65145802751426e-06,5.64164920363418e-06,5.64164920363418e-06,1.0228580928
1740085200.0,5.64164920363418e-06,5.64164920363418e-06,5.64164920363418e-06,5.64164920363418e-06,0.0
1740085260.0,5.64164920363418e-06,5.64164920363418e-06,5.64164920363418e-06,5.64164920363418e-06,0.0
1740085320.0,5.64164920363418e-06,5.64164920363418e-06,5.64164920363418e-06,5.64164920363418e-06,0.0
1740085380.0,5.64164920363418e-06,5.64164920363418e-06,5.64164920363418e-06,5.64164920363418e-06,0.0
1740085440.0,5.64164920363418e-06,5.64164920363418e-06,5.64164920363418e-06,5.64164920363418e-06,0.0
1740085500.0,5.64164920363418e-06,5.64164920363418e-06,5.64164920363418e-06,5.64164920363418e-06,0.0
1740085560.0,5.64164920363418e-06,5.64164920363418e-06,5.64164920363418e-06,5.64164920363418e-06,0.0
1740085620.0,5.64164920363418e-06,5.64164920363418e-06,5.64164920363418e-06,5.64164920363418e-06,0.0
1740085680.0,5.64164920363418e-06,5.64164920363418e-06,5.64164920363418e-06,5.64164920363418e-06,0.0
1740085740.0,5.64164920363418e-06,5.64164920363418e-06,5.64164920363418e-06,5.64164920363418e-06,0.0
1740085800.0,5.64164920363418e-06,5.64164920363418e-06,5.64164920363418e-06,5.64164920363418e-06,0.0
1740085860.0,5.64164920363418e-06,5.64164920363418e-06,5.64164920363418e-06,5.64164920363418e-06,0.0
1740085920.0,5.64164920363418e-06,5.64164920363418e-06,5.64164920363418e-06,5.64164920363418e-06,0.0
1740085980.0,5.64164920363418e-06,5.64164920363418e-06,5.64164920363418e-06,5.64164920363418e-06,0.0
1740086040.0,5.64164920363418e-06,5.64164920363418e-06,5.64164920363418e-06,5.64164920363418e-06,0.0
1740086100.0,5.64164920363418e-06,5.64164920363418e-06,5.64164920363418e-06,5.64164920363418e-06,0.0
1740086160.0,5.64164920363418e-06,5.64164920363418e-06,5.63331746344093e-06,5.63331746344093e-06,0.59660583756
1740086220.0,5.63331746344093e-06,5.63331746344093e-06,5.63331746344093e-06,5.63331746344093e-06,0.0
1740086280.0,5.63331746344093e-06,5.63331746344093e-06,5.63331746344093e-06,5.63331746344093e-06,0.0
1740086340.0,5.63331746344093e-06,5.63331746344093e-06,5.63331746344093e-06,5.63331746344093e-06,0.0
1740086400.0,5.63331746344093e-06,5.63331746344093e-06,5.63331746344093e-06,5.63331746344093e-06,0.0
1740086460.0,5.63331746344093e-06,5.63331746344093e-06,5.63331746344093e-06,5.63331746344093e-06,0.0
1740086520.0,5.63331746344093e-06,5.63331746344093e-06,5.63331746344093e-06,5.63331746344093e-06,0.0
1740086580.0,5.63331746344093e-06,5.63331746344093e-06,5.62702954694756e-06,5.62702954694756e-06,5.98599632444
1740086640.0,5.62702954694756e-06,5.62702954694756e-06,5.62702954694756e-06,5.62702954694756e-06,0.0
1740086700.0,5.62702954694756e-06,5.62702954694756e-06,5.62702954694756e-06,5.62702954694756e-06,0.0
1740086760.0,5.62702954694756e-06,5.62702954694756e-06,5.62702954694756e-06,5.62702954694756e-06,0.0
1740086820.0,5.62702954694756e-06,5.62702954694756e-06,5.62702954694756e-06,5.62702954694756e-06,0.0
1740086880.0,5.62702954694756e-06,5.62702954694756e-06,5.62702954694756e-06,5.62702954694756e-06,0.0
1740086940.0,5.62702954694756e-06,5.62702954694756e-06,5.62702954694756e-06,5.62702954694756e-06,0.0
1740087000.0,5.62702954694756e-06,5.62702954694756e-06,5.62702954694756e-06,5.62702954694756e-06,0.0
1740087060.0,5.62702954694756e-06,5.62702954694756e-06,5.62702954694756e-06,5.62702954694756e-06,0.0
1740087120.0,5.62702954694756e-06,5.62702954694756e-06,5.62702954694756e-06,5.62702954694756e-06,0.0
1740087180.0,5.62702954694756e-06,5.62702954694756e-06,5.62702954694756e-06,5.62702954694756e-06,0.0
1740087240.0,5.62702954694756e-06,5.62702954694756e-06,5.60373690147675e-06,5.60373690147675e-06,4.358139198
1740087300.0,5.60373690147675e-06,5.60373690147675e-06,5.60373690147675e-06,5.60373690147675e-06,0.0
1740087360.0,5.60373690147675e-06,5.60373690147675e-06,5.60373690147675e-06,5.60373690147675e-06,0.0
1740087420.0,5.60373690147675e-06,5.60373690147675e-06,5.60373690147675e-06,5.60373690147675e-06,0.0
1740087480.0,5.60373690147675e-06,5.60373690147675e-06,5.60373690147675e-06,5.60373690147675e-06,0.0
1740087540.0,5.60373690147675e-06,5.60373690147675e-06,5.59623509153025e-06,5.59623509153025e-06,0.01054745825
1740087600.0,5.59623509153025e-06,5.59623509153025e-06,5.59623509153025e-06,5.59623509153025e-06,0.0
1740087660.0,5.59623509153025e-06,5.59623509153025e-06,5.58882608440796e-06,5.58882608440796e-06,4.78531957904
1740087720.0,5.58882608440796e-06,5.58882608440796e-06,5.58882608440796e-06,5.58882608440796e-06,0.0
1740087780.0,5.58882608440796e-06,5.58882608440796e-06,5.58882608440796e-06,5.58882608440796e-06,0.0
1740087840.0,5.58882608440796e-06,5.58882608440796e-06,5.58882608440796e-06,5.58882608440796e-06,0.0
1740087900.0,5.58882608440796e-06,5.58882608440796e-06,5.58882608440796e-06,5.58882608440796e-06,0.0
1740087960.0,5.58882608440796e-06,5.58882608440796e-06,5.58882608440796e-06,5.58882608440796e-06,0.0
1740088020.0,5.58882608440796e-06,5.58882608440796e-06,5.58882608440796e-06,5.58882608440796e-06,0.0
1740088080.0,5.58882608440796e-06,5.58882608440796e-06,5.58882608440796e-06,5.58882608440796e-06,0.0
1740088140.0,5.58882608440796e-06,5.58882608440796e-06,5.58882608440796e-06,5.58882608440796e-06,0.0
1740088200.0,5.58882608440796e-06,5.58882608440796e-06,5.58882608440796e-06,5.58882608440796e-06,0.0
1740088260.0,5.58882608440796e-06,5.58882608440796e-06,5.58882608440796e-06,5.58882608440796e-06,0.0
1740088320.0,5.58882608440796e-06,5.58882608440796e-06,5.58882608440796e-06,5.58882608440796e-06,0.0
1740088380.0,5.58882608440796e-06,5.58882608440796e-06,5.58882608440796e-06,5.58882608440796e-06,0.0
1740088440.0,5.58882608440796e-06,5.58882608440796e-06,5.58882608440796e-06,5.58882608440796e-06,0.0
1740088500.0,5.58882608440796e-06,5.58882608440796e-06,5.55144884885739e-06,5.55144884885739e-06,11.00998906432
1740088560.0,5.55144884885739e-06,5.55144884885739e-06,5.53511380236504e-06,5.53511380236504e-06,1.71082204608
1740088620.0,5.53511380236504e-06,5.53511380236504e-06,5.53511380236504e-06,5.53511380236504e-06,0.0
1740088680.0,5.53511380236504e-06,5.53511380236504e-06,5.53511380236504e-06,5.53511380236504e-06,0.0
1740088740.0,5.53511380236504e-06,5.53511380236504e-06,5.53511380236504e-06,5.53511380236504e-06,0.0
1740088800.0,5.53511380236504e-06,5.53511380236504e-06,5.53511380236504e-06,5.53511380236504e-06,0.0
1740088860.0,5.53511380236504e-06,5.53511380236504e-06,5.53245814472328e-06,5.53245814472328e-06,3.84241951052
1740088920.0,5.53245814472328e-06,5.53245814472328e-06,5.53245814472328e-06,5.53245814472328e-06,0.0
1740088980.0,5.53245814472328e-06,5.53245814472328e-06,5.53245814472328e-06,5.53245814472328e-06,0.0
1740089040.0,5.53245814472328e-06,5.53245814472328e-06,5.53245814472328e-06,5.53245814472328e-06,0.0
1740089100.0,5.53245814472328e-06,5.53245814472328e-06,5.53245814472328e-06,5.53245814472328e-06,0.0
1740089160.0,5.53245814472328e-06,5.53245814472328e-06,5.50740634902988e-06,5.50740634902988e-06,18.9231268944
1740089220.0,5.50740634902988e-06,5.50740634902988e-06,5.50740634902988e-06,5.50740634902988e-06,0.0
1740089280.0,5.50740634902988e-06,5.50740634902988e-06,5.48099125088759e-06,5.48099125088759e-06,1.8157862756
1740089340.0,5.48099125088759e-06,5.48099125088759e-06,5.48099125088759e-06,5.48099125088759e-06,0.0
1740089400.0,5.48099125088759e-06,5.48099125088759e-06,5.48099125088759e-06,5.48099125088759e-06,0.0
1740089460.0,5.48099125088759e-06,5.48099125088759e-06,5.48099125088759e-06,5.48099125088759e-06,0.0
1740089520.0,5.48099125088759e-06,5.48099125088759e-06,5.48099125088759e-06,5.48099125088759e-06,0.0
1740089580.0,5.48099125088759e-06,5.48099125088759e-06,5.48099125088759e-06,5.48099125088759e-06,0.0
1740089640.0,5.48099125088759e-06,5.48099125088759e-06,5.48099125088759e-06,5.48099125088759e-06,0.0
1740089700.0,5.48099125088759e-06,5.48099125088759e-06,5.48099125088759e-06,5.48099125088759e-06,0.0
1740089760.0,5.48099125088759e-06,5.48099125088759e-06,5.48099125088759e-06,5.48099125088759e-06,0.0
1740089820.0,5.48099125088759e-06,5.48099125088759e-06,5.48099125088759e-06,5.48099125088759e-06,0.0
1740089880.0,5.48099125088759e-06,5.48099125088759e-06,5.48099125088759e-06,5.48099125088759e-06,0.0
1740089940.0,5.48099125088759e-06,5.48099125088759e-06,5.48099125088759e-06,5.48099125088759e-06,0.0
1740090000.0,5.48099125088759e-06,5.48099125088759e-06,5.48099125088759e-06,5.48099125088759e-06,0.0
1740090060.0,5.48099125088759e-06,5.48099125088759e-06,5.4693748098881e-06,5.4693748098881e-06,1.69709183358
1740090120.0,5.4693748098881e-06,5.4693748098881e-06,5.4693748098881e-06,5.4693748098881e-06,0.0
1740090180.0,5.4693748098881e-06,5.4693748098881e-06,5.46101134882349e-06,5.46101134882349e-06,5.53226535554
1740090240.0,5.46101134882349e-06,5.46101134882349e-06,5.46101134882349e-06,5.46101134882349e-06,0.0
1740090300.0,5.46101134882349e-06,5.46101134882349e-06,5.46010121126466e-06,5.46010121126466e-06,0.3386429276
1740090360.0,5.46010121126466e-06,5.46010121126466e-06,5.46010121126466e-06,5.46010121126466e-06,0.0
1740090420.0,5.46010121126466e-06,5.46010121126466e-06,5.45385556471138e-06,5.45385556471138e-06,5.5457798694
1740090480.0,5.45385556471138e-06,5.45385556471138e-06,5.45385556471138e-06,5.45385556471138e-06,0.0
1740090540.0,5.45385556471138e-06,5.45385556471138e-06,5.45385556471138e-06,5.45385556471138e-06,0.0
1740090600.0,5.45385556471138e-06,5.45385556471138e-06,5.36846248197025e-06,5.36846248197025e-06,57.62661639064
1740090660.0,5.36846248197025e-06,5.36846248197025e-06,5.36846248197025e-06,5.36846248197025e-06,0.0
1740090720.0,5.36846248197025e-06,5.36846248197025e-06,5.36846248197025e-06,5.36846248197025e-06,0.0
1740090780.0,5.36846248197025e-06,5.36846248197025e-06,5.36846248197025e-06,5.36846248197025e-06,0.0
1740090840.0,5.36846248197025e-06,5.36846248197025e-06,5.36846248197025e-06,5.36846248197025e-06,0.0
1740090900.0,5.36846248197025e-06,5.36846248197025e-06,5.36846248197025e-06,5.36846248197025e-06,0.0
1740090960.0,5.36846248197025e-06,5.36846248197025e-06,5.36846248197025e-06,5.36846248197025e-06,0.0
1740091020.0,5.36846248197025e-06,5.36846248197025e-06,5.36846248197025e-06,5.36846248197025e-06,0.0
1740091080.0,5.36846248197025e-06,5.36846248197025e-06,5.36846248197025e-06,5.36846248197025e-06,0.0
1740091140.0,5.36846248197025e-06,5.36846248197025e-06,5.36846248197025e-06,5.36846248197025e-06,0.0
1740091200.0,5.36846248197025e-06,5.36846248197025e-06,5.36846248197025e-06,5.36846248197025e-06,0.0
1740091260.0,5.36846248197025e-06,5.36846248197025e-06,5.36846248197025e-06,5.36846248197025e-06,0.0
1740091320.0,5.36846248197025e-06,5.36846248197025e-06,5.36846248197025e-06,5.36846248197025e-06,0.0
1740091380.0,5.36846248197025e-06,5.36846248197025e-06,5.36846248197025e-06,5.36846248197025e-06,0.0
1740091440.0,5.36846248197025e-06,5.36846248197025e-06,5.36846248197025e-06,5.36846248197025e-06,0.0
1740091500.0,5.36846248197025e-06,5.36846248197025e-06,5.36846248197025e-06,5.36846248197025e-06,0.0
1740091560.0,5.36846248197025e-06,5.36846248197025e-06,5.36846248197025e-06,5.36846248197025e-06,0.0
1740091620.0,5.36846248197025e-06,5.36846248197025e-06,5.28710866454587e-06,5.28710866454587e-06,13.27195816866
1740091680.0,5.28710866454587e-06,5.28710866454587e-06,5.28710866454587e-06,5.28710866454587e-06,0.0
1740091740.0,5.28710866454587e-06,5.28710866454587e-06,5.28710866454587e-06,5.28710866454587e-06,0.0
1740091800.0,5.28710866454587e-06,5.28710866454587e-06,5.28710866454587e-06,5.28710866454587e-06,0.0
1740091860.0,5.28710866454587e-06,5.28710866454587e-06,5.28710866454587e-06,5.28710866454587e-06,0.0
1740091920.0,5.28710866454587e-06,5.29041989996756e-06,5.28710866454587e-06,5.29041989996756e-06,3.4776
1740091980.0,5.29041989996756e-06,5.29041989996756e-06,5.29041989996756e-06,5.29041989996756e-06,0.0
1740092040.0,5.29041989996756e-06,5.29041989996756e-06,5.29041989996756e-06,5.29041989996756e-06,0.0
1740092100.0,5.29041989996756e-06,5.29041989996756e-06,5.26380770495438e-06,5.26380770495438e-06,2.46439903512
1740092160.0,5.26380770495438e-06,5.26380770495438e-06,5.26380770495438e-06,5.26380770495438e-06,0.0
1740092220.0,5.26380770495438e-06,5.26380770495438e-06,5.26380770495438e-06,5.26380770495438e-06,0.0
1740092280.0,5.26380770495438e-06,5.26380770495438e-06,5.26380770495438e-06,5.26380770495438e-06,0.0
1740092340.0,5.26380770495438e-06,5.26380770495438e-06,5.26380770495438e-06,5.26380770495438e-06,0.0
1740092400.0,5.26380770495438e-06,5.26380770495438e-06,5.26367606258533e-06,5.26367606258533e-06,2.27168877096
1740092460.0,5.26367606258533e-06,5.26367606258533e-06,5.26367606258533e-06,5.26367606258533e-06,0.0
1740092520.0,5.26367606258533e-06,5.26367606258533e-06,5.26367606258533e-06,5.26367606258533e-06,0.0
1740092580.0,5.26367606258533e-06,5.26367606258533e-06,5.26367606258533e-06,5.26367606258533e-06,0.0
1740092640.0,5.26367606258533e-06,5.26367606258533e-06,5.26367606258533e-06,5.26367606258533e-06,0.0
1740092700.0,5.26367606258533e-06,5.26367606258533e-06,5.26367606258533e-06,5.26367606258533e-06,0.0
1740092760.0,5.26367606258533e-06,5.26367606258533e-06,5.26367606258533e-06,5.26367606258533e-06,0.0
1740092820.0,5.26367606258533e-06,5.26367606258533e-06,5.26367606258533e-06,5.26367606258533e-06,0.0
1740092880.0,5.26367606258533e-06,5.26367606258533e-06,5.26367606258533e-06,5.26367606258533e-06,0.0
1740092940.0,5.26367606258533e-06,5.26367606258533e-06,5.26367606258533e-06,5.26367606258533e-06,0.0
1740093000.0,5.26367606258533e-06,5.26367606258533e-06,5.26367606258533e-06,5.26367606258533e-06,0.0
1740093060.0,5.26367606258533e-06,5.26367606258533e-06,5.26367606258533e-06,5.26367606258533e-06,0.0
1740093120.0,5.26367606258533e-06,5.26367606258533e-06,5.26367606258533e-06,5.26367606258533e-06,0.0
1740093180.0,5.26367606258533e-06,5.26367606258533e-06,5.26367606258533e-06,5.26367606258533e-06,0.0
1740093240.0,5.26367606258533e-06,5.26367606258533e-06,5.26367606258533e-06,5.26367606258533e-06,0.0
1740093300.0,5.26367606258533e-06,5.26367606258533e-06,5.26367606258533e-06,5.26367606258533e-06,0.0
1740093360.0,5.26367606258533e-06,5.26367606258533e-06,5.26367606258533e-06,5.26367606258533e-06,0.0
1740093420.0,5.26367606258533e-06,5.26367606258533e-06,5.26367606258533e-06,5.26367606258533e-06,0.0
1740093480.0,5.26367606258533e-06,5.26928620073841e-06,5.26367606258533e-06,5.26928620073841e-06,2.69591071435
1740093540.0,5.26928620073841e-06,5.26928620073841e-06,5.26928620073841e-06,5.26928620073841e-06,0.0
1740093600.0,5.26928620073841e-06,5.26928620073841e-06,5.26928620073841e-06,5.26928620073841e-06,0.0
1740093660.0,5.26928620073841e-06,5.26928620073841e-06,5.26928620073841e-06,5.26928620073841e-06,0.0
1740093720.0,5.26928620073841e-06,5.26928620073841e-06,5.26928620073841e-06,5.26928620073841e-06,0.0
1740093780.0,5.26928620073841e-06,5.26928620073841e-06,5.26928620073841e-06,5.26928620073841e-06,0.0
1740093840.0,5.26928620073841e-06,5.26928620073841e-06,5.26928620073841e-06,5.26928620073841e-06,0.0
1740093900.0,5.26928620073841e-06,5.26928620073841e-06,5.26928620073841e-06,5.26928620073841e-06,0.0
1740093960.0,5.26928620073841e-06,5.26928620073841e-06,5.26928620073841e-06,5.26928620073841e-06,0.0
1740094020.0,5.26928620073841e-06,5.26928620073841e-06,5.26928620073841e-06,5.26928620073841e-06,0.0
1740094080.0,5.26928620073841e-06,5.26928620073841e-06,5.26928620073841e-06,5.26928620073841e-06,0.0
1740094140.0,5.26928620073841e-06,5.26928620073841e-06,5.26928620073841e-06,5.26928620073841e-06,0.0
1740094200.0,5.26928620073841e-06,5.26928620073841e-06,5.26928620073841e-06,5.26928620073841e-06,0.0
1740094260.0,5.26928620073841e-06,5.28843102730876e-06,5.26928620073841e-06,5.28843102730876e-06,0.21283920695
1740094320.0,5.28843102730876e-06,5.28843102730876e-06,5.28843102730876e-06,5.28843102730876e-06,0.0
1740094380.0,5.28843102730876e-06,5.28843102730876e-06,5.28843102730876e-06,5.28843102730876e-06,0.0
1740094440.0,5.28843102730876e-06,5.28843102730876e-06,5.28843102730876e-06,5.28843102730876e-06,0.0
1740094500.0,5.28843102730876e-06,5.28843102730876e-06,5.28843102730876e-06,5.28843102730876e-06,0.0
1740094560.0,5.28843102730876e-06,5.28843102730876e-06,5.28843102730876e-06,5.28843102730876e-06,0.0
1740094620.0,5.28843102730876e-06,5.28843102730876e-06,5.28843102730876e-06,5.28843102730876e-06,0.0
1740094680.0,5.28843102730876e-06,5.28927553423404e-06,5.28843102730876e-06,5.28927553423404e-06,12.3503713476
1740094740.0,5.28927553423404e-06,5.28927553423404e-06,5.28927553423404e-06,5.28927553423404e-06,0.0
1740094800.0,5.28927553423404e-06,5.28927553423404e-06,5.28927553423404e-06,5.28927553423404e-06,0.0
1740094860.0,5.28927553423404e-06,5.28927553423404e-06,5.28927553423404e-06,5.28927553423404e-06,0.0
1740094920.0,5.28927553423404e-06,5.28927553423404e-06,5.28927553423404e-06,5.28927553423404e-06,0.0
1740094980.0,5.28927553423404e-06,5.28927553423404e-06,5.28927553423404e-06,5.28927553423404e-06,0.0
1740095040.0,5.28927553423404e-06,5.28927553423404e-06,5.28927553423404e-06,5.28927553423404e-06,0.0
1740095100.0,5.28927553423404e-06,5.28927553423404e-06,5.28927553423404e-06,5.28927553423404e-06,0.0
1740095160.0,5.28927553423404e-06,5.28927553423404e-06,5.28927553423404e-06,5.28927553423404e-06,0.0
1740095220.0,5.28927553423404e-06,5.28927553423404e-06,5.28927553423404e-06,5.28927553423404e-06,0.0
1740095280.0,5.28927553423404e-06,5.28927553423404e-06,5.28927553423404e-06,5.28927553423404e-06,0.0
1740095340.0,5.28927553423404e-06,5.28927553423404e-06,5.28927553423404e-06,5.28927553423404e-06,0.0
1740095400.0,5.28927553423404e-06,5.28927553423404e-06,5.28927553423404e-06,5.28927553423404e-06,0.0
1740095460.0,5.28927553423404e-06,5.28927553423404e-06,5.28927553423404e-06,5.28927553423404e-06,0.0
1740095520.0,5.28927553423404e-06,5.28927553423404e-06,5.28927553423404e-06,5.28927553423404e-06,0.0
1740095580.0,5.28927553423404e-06,5.28927553423404e-06,5.28927553423404e-06,5.28927553423404e-06,0.0
1740095640.0,5.28927553423404e-06,5.28927553423404e-06,5.28927553423404e-06,5.28927553423404e-06,0.0
1740095700.0,5.28927553423404e-06,5.31039689672509e-06,5.28927553423404e-06,5.31039689672509e-06,1.7586396
1740095760.0,5.31039689672509e-06,5.31039689672509e-06,5.31039689672509e-06,5.31039689672509e-06,0.0
1740095820.0,5.31039689672509e-06,5.31039689672509e-06,5.31039689672509e-06,5.31039689672509e-06,0.0
1740095880.0,5.31039689672509e-06,5.31039689672509e-06,5.31039689672509e-06,5.31039689672509e-06,0.0
1740095940.0,5.31039689672509e-06,5.31039689672509e-06,5.31039689672509e-06,5.31039689672509e-06,0.0
1740096000.0,5.31039689672509e-06,5.31039689672509e-06,5.31039689672509e-06,5.31039689672509e-06,0.0
1740096060.0,5.31039689672509e-06,5.31039689672509e-06,5.31039689672509e-06,5.31039689672509e-06,0.0
1740096120.0,5.31039689672509e-06,5.31039689672509e-06,5.31039689672509e-06,5.31039689672509e-06,0.0
1740096180.0,5.31039689672509e-06,5.31039689672509e-06,5.31039689672509e-06,5.31039689672509e-06,0.0
1740096240.0,5.31039689672509e-06,5.31039689672509e-06,5.31039689672509e-06,5.31039689672509e-06,0.0
1740096300.0,5.31039689672509e-06,5.31039689672509e-06,5.31039689672509e-06,5.31039689672509e-06,0.0
1740096360.0,5.31039689672509e-06,5.8652857715625e-06,5.31039689672509e-06,5.6714070052526e-06,220.4
1740096420.0,5.6714070052526e-06,6.07142010574305e-06,5.6714070052526e-06,6.07142010574305e-06,62.8033372176
1740096480.0,6.07142010574305e-06,6.07142010574305e-06,6.07142010574305e-06,6.07142010574305e-06,0.0
1740096540.0,6.07142010574305e-06,6.07142010574305e-06,6.07142010574305e-06,6.07142010574305e-06,0.0
1740096600.0,6.07142010574305e-06,6.07142010574305e-06,6.07142010574305e-06,6.07142010574305e-06,0.0
1740096660.0,6.07142010574305e-06,6.08596283763427e-06,6.07142010574305e-06,6.08596283763427e-06,1.745073
1740096720.0,6.08596283763427e-06,6.08596283763427e-06,5.75844478941111e-06,5.75844478941111e-06,110.04259937517
1740096780.0,5.75844478941111e-06,5.75844478941111e-06,5.75844478941111e-06,5.75844478941111e-06,0.0
1740096840.0,5.75844478941111e-06,5.75844478941111e-06,5.46417344299181e-06,5.46417344299181e-06,117.24284461125
1740096900.0,5.46417344299181e-06,5.46417344299181e-06,5.37732143430879e-06,5.37732143430879e-06,47.5334170874
1740096960.0,5.37732143430879e-06,5.37732143430879e-06,5.37732143430879e-06,5.37732143430879e-06,0.0
1740097020.0,5.37732143430879e-06,5.37732143430879e-06,5.37732143430879e-06,5.37732143430879e-06,0.0
1740097080.0,5.37732143430879e-06,5.37732143430879e-06,5.37732143430879e-06,5.37732143430879e-06,0.0
1740097140.0,5.37732143430879e-06,5.37732143430879e-06,5.37732143430879e-06,5.37732143430879e-06,0.0
1740097200.0,5.37732143430879e-06,5.37732143430879e-06,5.23014053772369e-06,5.23014053772369e-06,36.29141374545
1740097260.0,5.23014053772369e-06,5.23014053772369e-06,5.23014053772369e-06,5.23014053772369e-06,0.0
1740097320.0,5.23014053772369e-06,5.23014053772369e-06,5.23014053772369e-06,5.23014053772369e-06,0.0
1740097380.0,5.23014053772369e-06,5.23014053772369e-06,5.23014053772369e-06,5.23014053772369e-06,0.0
1740097440.0,5.23014053772369e-06,5.23014053772369e-06,5.23014053772369e-06,5.23014053772369e-06,0.0
1740097500.0,5.23014053772369e-06,5.23014053772369e-06,5.23014053772369e-06,5.23014053772369e-06,0.0
1740097560.0,5.23014053772369e-06,5.23014053772369e-06,5.23014053772369e-06,5.23014053772369e-06,0.0
1740097620.0,5.23014053772369e-06,5.23014053772369e-06,5.23014053772369e-06,5.23014053772369e-06,0.0
1740097680.0,5.23014053772369e-06,5.23014053772369e-06,5.23014053772369e-06,5.23014053772369e-06,0.0
1740097740.0,5.23014053772369e-06,5.23014053772369e-06,5.23014053772369e-06,5.23014053772369e-06,0.0
1740097800.0,5.23014053772369e-06,5.23014053772369e-06,5.23014053772369e-06,5.23014053772369e-06,0.0
1740097860.0,5.23014053772369e-06,5.23014053772369e-06,5.23014053772369e-06,5.23014053772369e-06,0.0
1740097920.0,5.23014053772369e-06,5.23014053772369e-06,5.23014053772369e-06,5.23014053772369e-06,0.0
1740097980.0,5.23014053772369e-06,5.23014053772369e-06,5.23014053772369e-06,5.23014053772369e-06,0.0
1740098040.0,5.23014053772369e-06,5.23014053772369e-06,5.23014053772369e-06,5.23014053772369e-06,0.0
1740098100.0,5.23014053772369e-06,5.23014053772369e-06,5.23014053772369e-06,5.23014053772369e-06,0.0
1740098160.0,5.23014053772369e-06,5.23014053772369e-06,5.23014053772369e-06,5.23014053772369e-06,0.0
1740098220.0,5.23014053772369e-06,5.23014053772369e-06,5.23014053772369e-06,5.23014053772369e-06,0.0
1740098280.0,5.23014053772369e-06,5.23014053772369e-06,5.23014053772369e-06,5.23014053772369e-06,0.0
1740098340.0,5.23014053772369e-06,5.23014053772369e-06,5.23014053772369e-06,5.23014053772369e-06,0.0
1740098400.0,5.23014053772369e-06,5.23014053772369e-06,5.23014053772369e-06,5.23014053772369e-06,0.0
1740098460.0,5.23014053772369e-06,5.23014053772369e-06,5.23014053772369e-06,5.23014053772369e-06,0.0
1740098520.0,5.23014053772369e-06,5.23014053772369e-06,5.23014053772369e-06,5.23014053772369e-06,0.0
1740098580.0,5.23014053772369e-06,5.23014053772369e-06,5.23014053772369e-06,5.23014053772369e-06,0.0
1740098640.0,5.23014053772369e-06,5.23014053772369e-06,5.15298159574917e-06,5.15298159574917e-06,24.91582480722
1740098700.0,5.15298159574917e-06,5.15298159574917e-06,5.15298159574917e-06,5.15298159574917e-06,0.0
1740098760.0,5.15298159574917e-06,5.15298159574917e-06,5.15298159574917e-06,5.15298159574917e-06,0.0
1740098820.0,5.15298159574917e-06,5.15298159574917e-06,5.15298159574917e-06,5.15298159574917e-06,0.0
1740098880.0,5.15298159574917e-06,5.15298159574917e-06,5.15298159574917e-06,5.15298159574917e-06,0.0
1740098940.0,5.15298159574917e-06,5.15298159574917e-06,5.15298159574917e-06,5.15298159574917e-06,0.0
1740099000.0,5.15298159574917e-06,5.15298159574917e-06,5.15298159574917e-06,5.15298159574917e-06,0.0
1740099060.0,5.15298159574917e-06,5.15298159574917e-06,5.15298159574917e-06,5.15298159574917e-06,0.0
1740099120.0,5.15298159574917e-06,5.15298159574917e-06,5.15298159574917e-06,5.15298159574917e-06,0.0
1740099180.0,5.15298159574917e-06,5.15298159574917e-06,5.15298159574917e-06,5.15298159574917e-06,0.0
1740099240.0,5.15298159574917e-06,5.15298159574917e-06,5.15298159574917e-06,5.15298159574917e-06,0.0
1740099300.0,5.15298159574917e-06,5.15298159574917e-06,5.10429745043999e-06,5.10429745043999e-06,2.26635651056
1740099360.0,5.10429745043999e-06,5.10429745043999e-06,5.10429745043999e-06,5.10429745043999e-06,0.0
1740099420.0,5.10429745043999e-06,5.10429745043999e-06,5.10429745043999e-06,5.10429745043999e-06,0.0
1740099480.0,5.10429745043999e-06,5.10429745043999e-06,5.10429745043999e-06,5.10429745043999e-06,0.0
1740099540.0,5.10429745043999e-06,5.10429745043999e-06,5.10429745043999e-06,5.10429745043999e-06,0.0
1740099600.0,5.10429745043999e-06,5.10429745043999e-06,5.10429745043999e-06,5.10429745043999e-06,0.0
1740099660.0,5.10429745043999e-06,5.10429745043999e-06,5.10429745043999e-06,5.10429745043999e-06,0.0
1740099720.0,5.10429745043999e-06,5.10429745043999e-06,5.10429745043999e-06,5.10429745043999e-06,0.0
1740099780.0,5.10429745043999e-06,5.10429745043999e-06,5.10429745043999e-06,5.10429745043999e-06,0.0
1740099840.0,5.10429745043999e-06,5.10429745043999e-06,5.10429745043999e-06,5.10429745043999e-06,0.0
1740099900.0,5.10429745043999e-06,5.10429745043999e-06,5.10429745043999e-06,5.10429745043999e-06,0.0
1740099960.0,5.10429745043999e-06,5.10429745043999e-06,5.10429745043999e-06,5.10429745043999e-06,0.0
1740100020.0,5.10429745043999e-06,5.10429745043999e-06,5.10429745043999e-06,5.10429745043999e-06,0.0
1740100080.0,5.10429745043999e-06,5.10429745043999e-06,5.10429745043999e-06,5.10429745043999e-06,0.0
1740100140.0,5.10429745043999e-06,5.10429745043999e-06,5.10429745043999e-06,5.10429745043999e-06,0.0
1740100200.0,5.10429745043999e-06,5.10429745043999e-06,5.10429745043999e-06,5.10429745043999e-06,0.0
1740100260.0,5.10429745043999e-06,5.10429745043999e-06,5.09547826070843e-06,5.09547826070843e-06,0.50434940638
1740100320.0,5.09547826070843e-06,5.09547826070843e-06,5.09547826070843e-06,5.09547826070843e-06,0.0
1740100380.0,5.09547826070843e-06,5.09547826070843e-06,5.09547826070843e-06,5.09547826070843e-06,0.0
1740100440.0,5.09547826070843e-06,5.09547826070843e-06,5.09547826070843e-06,5.09547826070843e-06,0.0
1740100500.0,5.09547826070843e-06,5.09547826070843e-06,5.09547826070843e-06,5.09547826070843e-06,0.0
1740100560.0,5.09547826070843e-06,5.09547826070843e-06,5.09547826070843e-06,5.09547826070843e-06,0.0
1740100620.0,5.09547826070843e-06,5.09547826070843e-06,5.09547826070843e-06,5.09547826070843e-06,0.0
1740100680.0,5.09547826070843e-06,5.09547826070843e-06,5.09547826070843e-06,5.09547826070843e-06,0.0
1740100740.0,5.09547826070843e-06,5.09547826070843e-06,5.09547826070843e-06,5.09547826070843e-06,0.0
1740100800.0,5.09547826070843e-06,5.09547826070843e-06,5.09547826070843e-06,5.09547826070843e-06,0.0
1740100860.0,5.09547826070843e-06,5.09547826070843e-06,5.09547826070843e-06,5.09547826070843e-06,0.0
1740100920.0,5.09547826070843e-06,5.09547826070843e-06,5.09547826070843e-06,5.09547826070843e-06,0.0
1740100980.0,5.09547826070843e-06,5.09547826070843e-06,5.09547826070843e-06,5.09547826070843e-06,0.0
1740101040.0,5.09547826070843e-06,5.09547826070843e-06,5.09547826070843e-06,5.09547826070843e-06,0.0
1740101100.0,5.09547826070843e-06,5.09547826070843e-06,5.09547826070843e-06,5.09547826070843e-06,0.0
1740101160.0,5.09547826070843e-06,5.09547826070843e-06,5.09547826070843e-06,5.09547826070843e-06,0.0
1740101220.0,5.09547826070843e-06,5.09547826070843e-06,5.09547826070843e-06,5.09547826070843e-06,0.0
1740101280.0,5.09547826070843e-06,5.09547826070843e-06,5.09547826070843e-06,5.09547826070843e-06,0.0
1740101340.0,5.09547826070843e-06,5.09547826070843e-06,5.09547826070843e-06,5.09547826070843e-06,0.0
1740101400.0,5.09547826070843e-06,5.09547826070843e-06,5.09547826070843e-06,5.09547826070843e-06,0.0
1740101460.0,5.09547826070843e-06,5.09547826070843e-06,5.09547826070843e-06,5.09547826070843e-06,0.0
1740101520.0,5.09547826070843e-06,5.09547826070843e-06,5.09547826070843e-06,5.09547826070843e-06,0.0
1740101580.0,5.09547826070843e-06,5.09547826070843e-06,5.09547826070843e-06,5.09547826070843e-06,0.0
1740101640.0,5.09547826070843e-06,5.09547826070843e-06,5.09547826070843e-06,5.09547826070843e-06,0.0
1740101700.0,5.09547826070843e-06,5.09547826070843e-06,5.09547826070843e-06,5.09547826070843e-06,0.0
1740101760.0,5.09547826070843e-06,5.09547826070843e-06,5.09547826070843e-06,5.09547826070843e-06,0.0
