0,1,2,3,4,5
1734934920.0,0.000112850733105,0.0005224443479189,7.11847424758583e-06,7.52609240915958e-06,84546.02014235125
1734934980.0,7.52609240915958e-06,9.90513242148013e-06,7.01574943891636e-06,7.05033972016167e-06,1916.94019188406
1734935040.0,7.05033972016167e-06,9.94341666812908e-06,6.88371196054553e-06,8.08206440943011e-06,1568.50057495836
1734935100.0,8.08206440943011e-06,8.09106302580971e-06,5.69844465224599e-06,5.99218651078923e-06,2237.63863416657
1734935160.0,5.99218651078923e-06,6.02119952016426e-06,5.16997993661425e-06,5.16997993661425e-06,326.14304412315
1734935220.0,5.16997993661425e-06,5.16997993661425e-06,5.07382441637175e-06,5.07382441637175e-06,82.13390319196
1734935280.0,5.07382441637175e-06,5.07382441637175e-06,4.99749251442682e-06,4.99749251442682e-06,3.3650094916
1734935340.0,4.99749251442682e-06,5.02065857901332e-06,4.98463314679627e-06,4.98523655658442e-06,43.1244652307
1734935400.0,4.98523655658442e-06,4.98523655658442e-06,4.73575727958771e-06,4.73575727958771e-06,161.36143271489
1734935460.0,4.73575727958771e-06,4.73575727958771e-06,4.34617848734821e-06,4.34617848734821e-06,85.15166361732
1734935520.0,4.34617848734821e-06,4.34617848734821e-06,4.32251140004233e-06,4.33683154381649e-06,15.44098131968
1734935580.0,4.33683154381649e-06,4.33683154381649e-06,4.2720083476514e-06,4.2720083476514e-06,31.99101827427
1734935640.0,4.2720083476514e-06,4.2720083476514e-06,4.25159739170137e-06,4.25159739170137e-06,1.8562336786
1734935700.0,4.25159739170137e-06,4.28215728217087e-06,4.25159739170137e-06,4.28215728217087e-06,18.302
1734935760.0,4.28215728217087e-06,4.28215728217087e-06,4.28215728217087e-06,4.28215728217087e-06,0.0
1734935820.0,4.28215728217087e-06,4.28215728217087e-06,4.25406024285931e-06,4.25406024285931e-06,7.50482228225
1734935880.0,4.25406024285931e-06,4.25406024285931e-06,4.25406024285931e-06,4.25406024285931e-06,0.0
1734935940.0,4.25406024285931e-06,4.25406024285931e-06,4.23341929948066e-06,4.23341929948066e-06,5.4306388811
1734936000.0,4.23341929948066e-06,4.23341929948066e-06,4.220839224e-06,4.220839224e-06,4.220839224
1734936060.0,4.220839224e-06,4.220839224e-06,4.21016100259401e-06,4.21016100259401e-06,4.42386976252
1734936120.0,4.21016100259401e-06,4.21016100259401e-06,4.21016100259401e-06,4.21016100259401e-06,0.0
1734936180.0,4.21016100259401e-06,4.21016100259401e-06,4.19583404032e-06,4.19583404032e-06,4.19583404032
1734936240.0,4.19583404032e-06,4.2357319902497e-06,4.19583404032e-06,4.2357319902497e-06,18.218
1734936300.0,4.2357319902497e-06,4.2357319902497e-06,4.20044437757442e-06,4.21399393632058e-06,48.01249053144
1734936360.0,4.21399393632058e-06,4.21399393632058e-06,4.21399393632058e-06,4.21399393632058e-06,0.0
1734936420.0,4.21399393632058e-06,4.21399393632058e-06,4.21399393632058e-06,4.21399393632058e-06,0.0
1734936480.0,4.21399393632058e-06,4.21399393632058e-06,4.21399393632058e-06,4.21399393632058e-06,0.0
1734936540.0,4.21399393632058e-06,4.23360491698223e-06,4.21399393632058e-06,4.23360491698223e-06,9.094
1734936600.0,4.23360491698223e-06,4.23360491698223e-06,4.23360491698223e-06,4.23360491698223e-06,0.0
1734936660.0,4.23360491698223e-06,4.23360491698223e-06,4.23360491698223e-06,4.23360491698223e-06,0.0
1734936720.0,4.23360491698223e-06,4.23360491698223e-06,4.2166933494549e-06,4.2166933494549e-06,0.0062023664
1734936780.0,4.2166933494549e-06,4.2166933494549e-06,4.18355327126256e-06,4.18355327126256e-06,25.25550447348
1734936840.0,4.18355327126256e-06,4.18355327126256e-06,4.12238411787988e-06,4.12238411787988e-06,24.27718572
1734936900.0,4.12238411787988e-06,4.12238411787988e-06,4.12238411787988e-06,4.12238411787988e-06,0.0
1734936960.0,4.12238411787988e-06,4.12238411787988e-06,4.12238411787988e-06,4.12238411787988e-06,0.0
1734937020.0,4.12238411787988e-06,4.12238411787988e-06,4.12238411787988e-06,4.12238411787988e-06,0.0
1734937080.0,4.12238411787988e-06,4.12238411787988e-06,4.12238411787988e-06,4.12238411787988e-06,0.0
1734937140.0,4.12238411787988e-06,4.12238411787988e-06,4.12238411787988e-06,4.12238411787988e-06,0.0
1734937200.0,4.12238411787988e-06,4.12238411787988e-06,4.12238411787988e-06,4.12238411787988e-06,0.0
1734937260.0,4.12238411787988e-06,4.12238411787988e-06,3.73478811502563e-06,3.73478811502563e-06,160.92448925538
1734937320.0,3.73478811502563e-06,3.73478811502563e-06,3.73478811502563e-06,3.73478811502563e-06,0.0
1734937380.0,3.73478811502563e-06,3.73478811502563e-06,3.73478811502563e-06,3.73478811502563e-06,0.0
1734937440.0,3.73478811502563e-06,3.73478811502563e-06,3.73478811502563e-06,3.73478811502563e-06,0.0
1734937500.0,3.73478811502563e-06,3.73478811502563e-06,3.73478811502563e-06,3.73478811502563e-06,0.0
1734937560.0,3.73478811502563e-06,3.73478811502563e-06,3.73478811502563e-06,3.73478811502563e-06,0.0
1734937620.0,3.73478811502563e-06,3.73957435201758e-06,3.70537571161964e-06,3.73957435201758e-06,30.97378077912
1734937680.0,3.73957435201758e-06,3.73957435201758e-06,3.73957435201758e-06,3.73957435201758e-06,0.0
1734937740.0,3.73957435201758e-06,3.73957435201758e-06,3.73957435201758e-06,3.73957435201758e-06,0.0
1734937800.0,3.73957435201758e-06,3.73957435201758e-06,3.73957435201758e-06,3.73957435201758e-06,0.0
1734937860.0,3.73957435201758e-06,3.73957435201758e-06,3.73957435201758e-06,3.73957435201758e-06,0.0
1734937920.0,3.73957435201758e-06,3.80294790997491e-06,3.73957435201758e-06,3.80294790997491e-06,36.318
1734937980.0,3.80294790997491e-06,3.80294790997491e-06,3.80294790997491e-06,3.80294790997491e-06,0.0
1734938040.0,3.80294790997491e-06,3.80294790997491e-06,3.80294790997491e-06,3.80294790997491e-06,0.0
1734938100.0,3.80294790997491e-06,3.86101049809778e-06,3.80294790997491e-06,3.86101049809778e-06,9.01818825
1734938160.0,3.86101049809778e-06,3.86101049809778e-06,3.86101049809778e-06,3.86101049809778e-06,0.0
1734938220.0,3.86101049809778e-06,3.86101049809778e-06,3.86101049809778e-06,3.86101049809778e-06,0.0
1734938280.0,3.86101049809778e-06,3.86101049809778e-06,3.83727866140975e-06,3.83727866140975e-06,1.33335803715
1734938340.0,3.83727866140975e-06,3.83727866140975e-06,3.83727866140975e-06,3.83727866140975e-06,0.0
1734938400.0,3.83727866140975e-06,3.83727866140975e-06,3.83727866140975e-06,3.83727866140975e-06,0.0
1734938460.0,3.83727866140975e-06,3.83727866140975e-06,3.73619783003603e-06,3.73619783003603e-06,54.11533942252
1734938520.0,3.73619783003603e-06,3.73619783003603e-06,3.73619783003603e-06,3.73619783003603e-06,0.0
1734938580.0,3.73619783003603e-06,4.16459719346163e-06,3.73619783003603e-06,4.16459719346163e-06,399.15541278
1734938640.0,4.16459719346163e-06,4.16459719346163e-06,4.16459719346163e-06,4.16459719346163e-06,0.0
1734938700.0,4.16459719346163e-06,4.63083258178417e-06,4.16459719346163e-06,4.63083258178417e-06,0.6193481238
1734938760.0,4.63083258178417e-06,4.63083258178417e-06,4.63083258178417e-06,4.63083258178417e-06,0.0
1734938820.0,4.63083258178417e-06,4.63083258178417e-06,4.63083258178417e-06,4.63083258178417e-06,0.0
1734938880.0,4.63083258178417e-06,4.63083258178417e-06,4.63083258178417e-06,4.63083258178417e-06,0.0
1734938940.0,4.63083258178417e-06,4.68265170519758e-06,4.63083258178417e-06,4.68265170519758e-06,17.20978547475
1734939000.0,4.68265170519758e-06,4.68265170519758e-06,4.68265170519758e-06,4.68265170519758e-06,0.0
1734939060.0,4.68265170519758e-06,4.68265170519758e-06,4.68265170519758e-06,4.68265170519758e-06,0.0
1734939120.0,4.68265170519758e-06,4.68265170519758e-06,4.68265170519758e-06,4.68265170519758e-06,0.0
1734939180.0,4.68265170519758e-06,4.68265170519758e-06,4.66372814636449e-06,4.66372814636449e-06,13.69264393152
1734939240.0,4.66372814636449e-06,4.66372814636449e-06,4.66372814636449e-06,4.66372814636449e-06,0.0
1734939300.0,4.66372814636449e-06,4.66372814636449e-06,4.14349011329142e-06,4.14349011329142e-06,397.11209245785
1734939360.0,4.14349011329142e-06,4.14349011329142e-06,3.75298825041285e-06,3.75298825041285e-06,29.71543713879
1734939420.0,3.75298825041285e-06,3.75298825041285e-06,3.75298825041285e-06,3.75298825041285e-06,0.0
1734939480.0,3.75298825041285e-06,3.75298825041285e-06,3.75298825041285e-06,3.75298825041285e-06,0.0
1734939540.0,3.75298825041285e-06,3.75298825041285e-06,3.75298825041285e-06,3.75298825041285e-06,0.0
1734939600.0,3.75298825041285e-06,3.75298825041285e-06,3.75298825041285e-06,3.75298825041285e-06,0.0
1734939660.0,3.75298825041285e-06,3.75298825041285e-06,3.75298825041285e-06,3.75298825041285e-06,0.0
1734939720.0,3.75298825041285e-06,3.75298825041285e-06,3.75298825041285e-06,3.75298825041285e-06,0.0
1734939780.0,3.75298825041285e-06,3.77643947490305e-06,3.75298825041285e-06,3.77643947490305e-06,1.13814090988
1734939840.0,3.77643947490305e-06,3.77643947490305e-06,3.77643947490305e-06,3.77643947490305e-06,0.0
1734939900.0,3.77643947490305e-06,3.77643947490305e-06,3.77643947490305e-06,3.77643947490305e-06,0.0
1734939960.0,3.77643947490305e-06,3.77643947490305e-06,3.77643947490305e-06,3.77643947490305e-06,0.0
1734940020.0,3.77643947490305e-06,3.77643947490305e-06,3.77643947490305e-06,3.77643947490305e-06,0.0
1734940080.0,3.77643947490305e-06,3.77643947490305e-06,3.77643947490305e-06,3.77643947490305e-06,0.0
1734940140.0,3.77643947490305e-06,3.78510499029701e-06,3.77643947490305e-06,3.78247357129599e-06,2.34834434982
1734940200.0,3.78247357129599e-06,3.78247357129599e-06,3.78247357129599e-06,3.78247357129599e-06,0.0
1734940260.0,3.78247357129599e-06,3.78247357129599e-06,3.78247357129599e-06,3.78247357129599e-06,0.0
1734940320.0,3.78247357129599e-06,3.83753712334792e-06,3.78247357129599e-06,3.83753712334792e-06,36.36
1734940380.0,3.83753712334792e-06,3.83753712334792e-06,3.83753712334792e-06,3.83753712334792e-06,0.0
1734940440.0,3.83753712334792e-06,3.83753712334792e-06,3.81227518512966e-06,3.81227518512966e-06,36.120647508
1734940500.0,3.81227518512966e-06,3.81227518512966e-06,3.81227518512966e-06,3.81227518512966e-06,0.0
1734940560.0,3.81227518512966e-06,3.81227518512966e-06,3.77129306513178e-06,3.77129306513178e-06,0.8082568268
1734940620.0,3.77129306513178e-06,3.77129306513178e-06,3.77129306513178e-06,3.77129306513178e-06,0.0
1734940680.0,3.77129306513178e-06,3.77129306513178e-06,3.77129306513178e-06,3.77129306513178e-06,0.0
1734940740.0,3.77129306513178e-06,3.77129306513178e-06,3.77129306513178e-06,3.77129306513178e-06,0.0
1734940800.0,3.77129306513178e-06,3.77129306513178e-06,3.77129306513178e-06,3.77129306513178e-06,0.0
1734940860.0,3.77129306513178e-06,3.77129306513178e-06,3.74306977439141e-06,3.74306977439141e-06,29.6369045586
1734940920.0,3.74306977439141e-06,3.74306977439141e-06,3.74306977439141e-06,3.74306977439141e-06,0.0
1734940980.0,3.74306977439141e-06,3.74306977439141e-06,3.74306977439141e-06,3.74306977439141e-06,0.0
1734941040.0,3.74306977439141e-06,3.74306977439141e-06,3.74306977439141e-06,3.74306977439141e-06,0.0
1734941100.0,3.74306977439141e-06,3.74306977439141e-06,3.74306977439141e-06,3.74306977439141e-06,0.0
1734941160.0,3.74306977439141e-06,4.10759603351478e-06,3.74306977439141e-06,4.10759603351478e-06,336.7555
1734941220.0,4.10759603351478e-06,4.10759603351478e-06,4.10759603351478e-06,4.10759603351478e-06,0.0
1734941280.0,4.10759603351478e-06,4.10759603351478e-06,4.10759603351478e-06,4.10759603351478e-06,0.0
1734941340.0,4.10759603351478e-06,4.10759603351478e-06,4.10759603351478e-06,4.10759603351478e-06,0.0
1734941400.0,4.10759603351478e-06,4.10759603351478e-06,4.10759603351478e-06,4.10759603351478e-06,0.0
1734941460.0,4.10759603351478e-06,4.10759603351478e-06,4.10759603351478e-06,4.10759603351478e-06,0.0
1734941520.0,4.10759603351478e-06,4.10759603351478e-06,4.10759603351478e-06,4.10759603351478e-06,0.0
1734941580.0,4.10759603351478e-06,4.10759603351478e-06,4.09096937902951e-06,4.09096937902951e-06,335.39238705052
1734941640.0,4.09096937902951e-06,4.09096937902951e-06,4.09096937902951e-06,4.09096937902951e-06,0.0
1734941700.0,4.09096937902951e-06,4.09096937902951e-06,4.09096937902951e-06,4.09096937902951e-06,0.0
1734941760.0,4.09096937902951e-06,4.09096937902951e-06,4.09096937902951e-06,4.09096937902951e-06,0.0
1734941820.0,4.09096937902951e-06,4.09096937902951e-06,4.09096937902951e-06,4.09096937902951e-06,0.0
1734941880.0,4.09096937902951e-06,4.09096937902951e-06,4.09096937902951e-06,4.09096937902951e-06,0.0
1734941940.0,4.09096937902951e-06,4.09096937902951e-06,3.7278112107969e-06,3.7278112107969e-06,0.13899061203
1734942000.0,3.7278112107969e-06,3.7278112107969e-06,3.7278112107969e-06,3.7278112107969e-06,0.0
1734942060.0,3.7278112107969e-06,3.7278112107969e-06,3.7278112107969e-06,3.7278112107969e-06,0.0
1734942120.0,3.7278112107969e-06,3.7278112107969e-06,3.7278112107969e-06,3.7278112107969e-06,0.0
1734942180.0,3.7278112107969e-06,3.7278112107969e-06,3.7278112107969e-06,3.7278112107969e-06,0.0
1734942240.0,3.7278112107969e-06,3.7278112107969e-06,3.7278112107969e-06,3.7278112107969e-06,0.0
1734942300.0,3.7278112107969e-06,3.7278112107969e-06,3.7278112107969e-06,3.7278112107969e-06,0.0
1734942360.0,3.7278112107969e-06,3.7278112107969e-06,3.7278112107969e-06,3.7278112107969e-06,0.0
1734942420.0,3.7278112107969e-06,3.7278112107969e-06,3.7278112107969e-06,3.7278112107969e-06,0.0
1734942480.0,3.7278112107969e-06,3.7278112107969e-06,3.7278112107969e-06,3.7278112107969e-06,0.0
1734942540.0,3.7278112107969e-06,3.7278112107969e-06,3.7278112107969e-06,3.7278112107969e-06,0.0
1734942600.0,3.7278112107969e-06,3.7278112107969e-06,3.7278112107969e-06,3.7278112107969e-06,0.0
1734942660.0,3.7278112107969e-06,3.7278112107969e-06,3.7278112107969e-06,3.7278112107969e-06,0.0
1734942720.0,3.7278112107969e-06,3.7278112107969e-06,3.7278112107969e-06,3.7278112107969e-06,0.0
1734942780.0,3.7278112107969e-06,3.7278112107969e-06,3.7278112107969e-06,3.7278112107969e-06,0.0
1734942840.0,3.7278112107969e-06,3.7278112107969e-06,3.7278112107969e-06,3.7278112107969e-06,0.0
1734942900.0,3.7278112107969e-06,3.7278112107969e-06,3.7278112107969e-06,3.7278112107969e-06,0.0
1734942960.0,3.7278112107969e-06,3.7278112107969e-06,3.7278112107969e-06,3.7278112107969e-06,0.0
1734943020.0,3.7278112107969e-06,3.7278112107969e-06,3.7278112107969e-06,3.7278112107969e-06,0.0
1734943080.0,3.7278112107969e-06,3.7278112107969e-06,3.72251499640605e-06,3.72251499640605e-06,8.69470337301
1734943140.0,3.72251499640605e-06,3.72251499640605e-06,3.72251499640605e-06,3.72251499640605e-06,0.0
1734943200.0,3.72251499640605e-06,3.72251499640605e-06,3.72251499640605e-06,3.72251499640605e-06,0.0
1734943260.0,3.72251499640605e-06,3.72251499640605e-06,3.72251499640605e-06,3.72251499640605e-06,0.0
1734943320.0,3.72251499640605e-06,3.72251499640605e-06,3.72251499640605e-06,3.72251499640605e-06,0.0
1734943380.0,3.72251499640605e-06,3.72251499640605e-06,3.72251499640605e-06,3.72251499640605e-06,0.0
1734943440.0,3.72251499640605e-06,3.72251499640605e-06,3.72251499640605e-06,3.72251499640605e-06,0.0
1734943500.0,3.72251499640605e-06,3.72251499640605e-06,3.70778067779245e-06,3.70778067779245e-06,1.12299119246
1734943560.0,3.70778067779245e-06,3.70778067779245e-06,3.70778067779245e-06,3.70778067779245e-06,0.0
1734943620.0,3.70778067779245e-06,3.70778067779245e-06,3.70778067779245e-06,3.70778067779245e-06,0.0
1734943680.0,3.70778067779245e-06,3.70778067779245e-06,3.70778067779245e-06,3.70778067779245e-06,0.0
1734943740.0,3.70778067779245e-06,3.71359243864303e-06,3.70578285452763e-06,3.70578285452763e-06,7.06608419704
1734943800.0,3.70578285452763e-06,3.70578285452763e-06,3.70578285452763e-06,3.70578285452763e-06,0.0
1734943860.0,3.70578285452763e-06,3.70578285452763e-06,3.70578285452763e-06,3.70578285452763e-06,0.0
1734943920.0,3.70578285452763e-06,3.70578285452763e-06,3.70578285452763e-06,3.70578285452763e-06,0.0
1734943980.0,3.70578285452763e-06,3.70578285452763e-06,3.70578285452763e-06,3.70578285452763e-06,0.0
1734944040.0,3.70578285452763e-06,3.70578285452763e-06,3.70578285452763e-06,3.70578285452763e-06,0.0
1734944100.0,3.70578285452763e-06,3.70578285452763e-06,3.70578285452763e-06,3.70578285452763e-06,0.0
1734944160.0,3.70578285452763e-06,3.70578285452763e-06,3.70578285452763e-06,3.70578285452763e-06,0.0
1734944220.0,3.70578285452763e-06,3.70578285452763e-06,3.70578285452763e-06,3.70578285452763e-06,0.0
1734944280.0,3.70578285452763e-06,3.71036096411708e-06,3.70578285452763e-06,3.71036096411708e-06,3.49918809256
1734944340.0,3.71036096411708e-06,3.71036096411708e-06,3.71036096411708e-06,3.71036096411708e-06,0.0
1734944400.0,3.71036096411708e-06,3.71036096411708e-06,3.7062109633178e-06,3.7062109633178e-06,4.65496629355
1734944460.0,3.7062109633178e-06,3.7062109633178e-06,3.7062109633178e-06,3.7062109633178e-06,0.0
1734944520.0,3.7062109633178e-06,3.7062109633178e-06,3.7062109633178e-06,3.7062109633178e-06,0.0
1734944580.0,3.7062109633178e-06,3.7062109633178e-06,3.7062109633178e-06,3.7062109633178e-06,0.0
1734944640.0,3.7062109633178e-06,3.7062109633178e-06,3.7062109633178e-06,3.7062109633178e-06,0.0
1734944700.0,3.7062109633178e-06,3.7062109633178e-06,3.7062109633178e-06,3.7062109633178e-06,0.0
1734944760.0,3.7062109633178e-06,3.7062109633178e-06,3.7062109633178e-06,3.7062109633178e-06,0.0
1734944820.0,3.7062109633178e-06,3.7062109633178e-06,3.7062109633178e-06,3.7062109633178e-06,0.0
1734944880.0,3.7062109633178e-06,3.7062109633178e-06,3.7062109633178e-06,3.7062109633178e-06,0.0
1734944940.0,3.7062109633178e-06,3.7062109633178e-06,3.7062109633178e-06,3.7062109633178e-06,0.0
1734945000.0,3.7062109633178e-06,3.7062109633178e-06,3.7062109633178e-06,3.7062109633178e-06,0.0
1734945060.0,3.7062109633178e-06,3.7062109633178e-06,3.7062109633178e-06,3.7062109633178e-06,0.0
1734945120.0,3.7062109633178e-06,3.7062109633178e-06,3.7062109633178e-06,3.7062109633178e-06,0.0
1734945180.0,3.7062109633178e-06,3.7062109633178e-06,3.7062109633178e-06,3.7062109633178e-06,0.0
1734945240.0,3.7062109633178e-06,3.7062109633178e-06,3.7062109633178e-06,3.7062109633178e-06,0.0
1734945300.0,3.7062109633178e-06,3.7062109633178e-06,3.7062109633178e-06,3.7062109633178e-06,0.0
1734945360.0,3.7062109633178e-06,3.7062109633178e-06,3.7062109633178e-06,3.7062109633178e-06,0.0
1734945420.0,3.7062109633178e-06,3.7062109633178e-06,3.7062109633178e-06,3.7062109633178e-06,0.0
1734945480.0,3.7062109633178e-06,3.7062109633178e-06,3.7062109633178e-06,3.7062109633178e-06,0.0
1734945540.0,3.7062109633178e-06,3.7062109633178e-06,3.7062109633178e-06,3.7062109633178e-06,0.0
1734945600.0,3.7062109633178e-06,3.7062109633178e-06,3.7062109633178e-06,3.7062109633178e-06,0.0
1734945660.0,3.7062109633178e-06,3.7062109633178e-06,3.7062109633178e-06,3.7062109633178e-06,0.0
1734945720.0,3.7062109633178e-06,3.7062109633178e-06,3.7062109633178e-06,3.7062109633178e-06,0.0
1734945780.0,3.7062109633178e-06,3.7062109633178e-06,3.7062109633178e-06,3.7062109633178e-06,0.0
1734945840.0,3.7062109633178e-06,3.72354947079284e-06,3.7062109633178e-06,3.72354947079284e-06,1.87934487661
1734945900.0,3.72354947079284e-06,3.72354947079284e-06,3.72354947079284e-06,3.72354947079284e-06,0.0
1734945960.0,3.72354947079284e-06,3.72354947079284e-06,3.72354947079284e-06,3.72354947079284e-06,0.0
1734946020.0,3.72354947079284e-06,3.72354947079284e-06,3.72354947079284e-06,3.72354947079284e-06,0.0
1734946080.0,3.72354947079284e-06,3.72354947079284e-06,3.72354947079284e-06,3.72354947079284e-06,0.0
1734946140.0,3.72354947079284e-06,3.72354947079284e-06,3.72354947079284e-06,3.72354947079284e-06,0.0
1734946200.0,3.72354947079284e-06,3.72354947079284e-06,3.72354947079284e-06,3.72354947079284e-06,0.0
1734946260.0,3.72354947079284e-06,3.72354947079284e-06,3.72354947079284e-06,3.72354947079284e-06,0.0
1734946320.0,3.72354947079284e-06,3.72354947079284e-06,3.72354947079284e-06,3.72354947079284e-06,0.0
1734946380.0,3.72354947079284e-06,3.72354947079284e-06,3.72354947079284e-06,3.72354947079284e-06,0.0
1734946440.0,3.72354947079284e-06,3.72354947079284e-06,3.72354947079284e-06,3.72354947079284e-06,0.0
1734946500.0,3.72354947079284e-06,3.72354947079284e-06,3.72354947079284e-06,3.72354947079284e-06,0.0
1734946560.0,3.72354947079284e-06,3.72354947079284e-06,3.72354947079284e-06,3.72354947079284e-06,0.0
1734946620.0,3.72354947079284e-06,3.72354947079284e-06,3.72354947079284e-06,3.72354947079284e-06,0.0
1734946680.0,3.72354947079284e-06,3.72354947079284e-06,3.72354947079284e-06,3.72354947079284e-06,0.0
1734946740.0,3.72354947079284e-06,3.72354947079284e-06,3.72354947079284e-06,3.72354947079284e-06,0.0
1734946800.0,3.72354947079284e-06,3.72354947079284e-06,3.72354947079284e-06,3.72354947079284e-06,0.0
1734946860.0,3.72354947079284e-06,3.72354947079284e-06,3.72354947079284e-06,3.72354947079284e-06,0.0
1734946920.0,3.72354947079284e-06,3.72354947079284e-06,3.72354947079284e-06,3.72354947079284e-06,0.0
1734946980.0,3.72354947079284e-06,3.72354947079284e-06,3.72354947079284e-06,3.72354947079284e-06,0.0
1734947040.0,3.72354947079284e-06,3.72354947079284e-06,3.72354947079284e-06,3.72354947079284e-06,0.0
1734947100.0,3.72354947079284e-06,3.72354947079284e-06,3.72354947079284e-06,3.72354947079284e-06,0.0
1734947160.0,3.72354947079284e-06,3.72354947079284e-06,3.72354947079284e-06,3.72354947079284e-06,0.0
1734947220.0,3.72354947079284e-06,3.72354947079284e-06,3.72354947079284e-06,3.72354947079284e-06,0.0
1734947280.0,3.72354947079284e-06,3.72354947079284e-06,3.72354947079284e-06,3.72354947079284e-06,0.0
1734947340.0,3.72354947079284e-06,3.72354947079284e-06,3.72354947079284e-06,3.72354947079284e-06,0.0
1734947400.0,3.72354947079284e-06,3.72354947079284e-06,3.71174140307055e-06,3.71174140307055e-06,2.8264096897
1734947460.0,3.71174140307055e-06,3.71174140307055e-06,3.71174140307055e-06,3.71174140307055e-06,0.0
1734947520.0,3.71174140307055e-06,3.71174140307055e-06,3.71174140307055e-06,3.71174140307055e-06,0.0
1734947580.0,3.71174140307055e-06,3.71174140307055e-06,3.71174140307055e-06,3.71174140307055e-06,0.0
1734947640.0,3.71174140307055e-06,3.71174140307055e-06,3.71174140307055e-06,3.71174140307055e-06,0.0
1734947700.0,3.71174140307055e-06,3.71174140307055e-06,3.71174140307055e-06,3.71174140307055e-06,0.0
1734947760.0,3.71174140307055e-06,3.71174140307055e-06,3.71174140307055e-06,3.71174140307055e-06,0.0
1734947820.0,3.71174140307055e-06,3.71174140307055e-06,3.71174140307055e-06,3.71174140307055e-06,0.0
1734947880.0,3.71174140307055e-06,3.71174140307055e-06,3.71174140307055e-06,3.71174140307055e-06,0.0
1734947940.0,3.71174140307055e-06,3.71174140307055e-06,3.71174140307055e-06,3.71174140307055e-06,0.0
1734948000.0,3.71174140307055e-06,3.71174140307055e-06,3.71174140307055e-06,3.71174140307055e-06,0.0
1734948060.0,3.71174140307055e-06,3.71174140307055e-06,3.71174140307055e-06,3.71174140307055e-06,0.0
1734948120.0,3.71174140307055e-06,3.71174140307055e-06,3.71174140307055e-06,3.71174140307055e-06,0.0
1734948180.0,3.71174140307055e-06,3.71174140307055e-06,3.71174140307055e-06,3.71174140307055e-06,0.0
1734948240.0,3.71174140307055e-06,3.71174140307055e-06,3.71174140307055e-06,3.71174140307055e-06,0.0
1734948300.0,3.71174140307055e-06,3.71174140307055e-06,3.71174140307055e-06,3.71174140307055e-06,0.0
1734948360.0,3.71174140307055e-06,3.74598011979779e-06,3.71174140307055e-06,3.74598011979779e-06,18.482
1734948420.0,3.74598011979779e-06,3.74598011979779e-06,3.74598011979779e-06,3.74598011979779e-06,0.0
1734948480.0,3.74598011979779e-06,3.74598011979779e-06,3.74598011979779e-06,3.74598011979779e-06,0.0
1734948540.0,3.74598011979779e-06,3.74598011979779e-06,3.74598011979779e-06,3.74598011979779e-06,0.0
1734948600.0,3.74598011979779e-06,3.7466988059555e-06,3.74598011979779e-06,3.7466988059555e-06,0.70766539631
1734948660.0,3.7466988059555e-06,3.7466988059555e-06,3.7466988059555e-06,3.7466988059555e-06,0.0
1734948720.0,3.7466988059555e-06,3.7466988059555e-06,3.7466988059555e-06,3.7466988059555e-06,0.0
1734948780.0,3.7466988059555e-06,3.7466988059555e-06,3.7466988059555e-06,3.7466988059555e-06,0.0
1734948840.0,3.7466988059555e-06,3.7466988059555e-06,3.7466988059555e-06,3.7466988059555e-06,0.0
1734948900.0,3.7466988059555e-06,3.7466988059555e-06,3.7466988059555e-06,3.7466988059555e-06,0.0
1734948960.0,3.7466988059555e-06,3.7466988059555e-06,3.7466988059555e-06,3.7466988059555e-06,0.0
1734949020.0,3.7466988059555e-06,3.7466988059555e-06,3.7466988059555e-06,3.7466988059555e-06,0.0
1734949080.0,3.7466988059555e-06,3.7466988059555e-06,3.7466988059555e-06,3.7466988059555e-06,0.0
1734949140.0,3.7466988059555e-06,3.7466988059555e-06,3.7466988059555e-06,3.7466988059555e-06,0.0
1734949200.0,3.7466988059555e-06,3.7466988059555e-06,3.7466988059555e-06,3.7466988059555e-06,0.0
1734949260.0,3.7466988059555e-06,3.7466988059555e-06,3.7466988059555e-06,3.7466988059555e-06,0.0
1734949320.0,3.7466988059555e-06,3.7466988059555e-06,3.7466988059555e-06,3.7466988059555e-06,0.0
1734949380.0,3.7466988059555e-06,3.7466988059555e-06,3.7466988059555e-06,3.7466988059555e-06,0.0
1734949440.0,3.7466988059555e-06,3.7466988059555e-06,3.7466988059555e-06,3.7466988059555e-06,0.0
1734949500.0,3.7466988059555e-06,3.7466988059555e-06,3.7466988059555e-06,3.7466988059555e-06,0.0
1734949560.0,3.7466988059555e-06,3.7466988059555e-06,3.7466988059555e-06,3.7466988059555e-06,0.0
1734949620.0,3.7466988059555e-06,3.7466988059555e-06,3.7466988059555e-06,3.7466988059555e-06,0.0
1734949680.0,3.7466988059555e-06,3.7466988059555e-06,3.7466988059555e-06,3.7466988059555e-06,0.0
1734949740.0,3.7466988059555e-06,3.7466988059555e-06,3.7466988059555e-06,3.7466988059555e-06,0.0
1734949800.0,3.7466988059555e-06,3.7466988059555e-06,3.7466988059555e-06,3.7466988059555e-06,0.0
1734949860.0,3.7466988059555e-06,3.7466988059555e-06,3.7466988059555e-06,3.7466988059555e-06,0.0
1734949920.0,3.7466988059555e-06,3.7466988059555e-06,3.7466988059555e-06,3.7466988059555e-06,0.0
1734949980.0,3.7466988059555e-06,3.7466988059555e-06,3.7466988059555e-06,3.7466988059555e-06,0.0
1734950040.0,3.7466988059555e-06,3.7466988059555e-06,3.7466988059555e-06,3.7466988059555e-06,0.0
1734950100.0,3.7466988059555e-06,3.7466988059555e-06,3.7466988059555e-06,3.7466988059555e-06,0.0
1734950160.0,3.7466988059555e-06,3.7466988059555e-06,3.7466988059555e-06,3.7466988059555e-06,0.0
1734950220.0,3.7466988059555e-06,3.7466988059555e-06,3.7466988059555e-06,3.7466988059555e-06,0.0
1734950280.0,3.7466988059555e-06,3.7466988059555e-06,3.7466988059555e-06,3.7466988059555e-06,0.0
1734950340.0,3.7466988059555e-06,3.7466988059555e-06,3.7466988059555e-06,3.7466988059555e-06,0.0
1734950400.0,3.7466988059555e-06,3.7466988059555e-06,3.7466988059555e-06,3.7466988059555e-06,0.0
1734950460.0,3.7466988059555e-06,3.7466988059555e-06,3.7466988059555e-06,3.7466988059555e-06,0.0
1734950520.0,3.7466988059555e-06,3.7466988059555e-06,3.7466988059555e-06,3.7466988059555e-06,0.0
1734950580.0,3.7466988059555e-06,3.7466988059555e-06,3.7466988059555e-06,3.7466988059555e-06,0.0
1734950640.0,3.7466988059555e-06,3.7466988059555e-06,3.7466988059555e-06,3.7466988059555e-06,0.0
1734950700.0,3.7466988059555e-06,3.7466988059555e-06,3.7466988059555e-06,3.7466988059555e-06,0.0
1734950760.0,3.7466988059555e-06,3.7466988059555e-06,3.7466988059555e-06,3.7466988059555e-06,0.0
1734950820.0,3.7466988059555e-06,3.7466988059555e-06,3.7466988059555e-06,3.7466988059555e-06,0.0
1734950880.0,3.7466988059555e-06,3.7466988059555e-06,3.7466988059555e-06,3.7466988059555e-06,0.0
1734950940.0,3.7466988059555e-06,3.7466988059555e-06,3.7466988059555e-06,3.7466988059555e-06,0.0
1734951000.0,3.7466988059555e-06,3.7466988059555e-06,3.7466988059555e-06,3.7466988059555e-06,0.0
1734951060.0,3.7466988059555e-06,3.7466988059555e-06,3.7466988059555e-06,3.7466988059555e-06,0.0
1734951120.0,3.7466988059555e-06,3.7466988059555e-06,3.7466988059555e-06,3.7466988059555e-06,0.0
1734951180.0,3.7466988059555e-06,3.7466988059555e-06,3.7466988059555e-06,3.7466988059555e-06,0.0
1734951240.0,3.7466988059555e-06,3.7466988059555e-06,3.7466988059555e-06,3.7466988059555e-06,0.0
1734951300.0,3.7466988059555e-06,3.7466988059555e-06,3.7466988059555e-06,3.7466988059555e-06,0.0
1734951360.0,3.7466988059555e-06,3.7466988059555e-06,3.7466988059555e-06,3.7466988059555e-06,0.0
1734951420.0,3.7466988059555e-06,3.7466988059555e-06,3.7466988059555e-06,3.7466988059555e-06,0.0
1734951480.0,3.7466988059555e-06,3.7466988059555e-06,3.7466988059555e-06,3.7466988059555e-06,0.0
1734951540.0,3.7466988059555e-06,3.7466988059555e-06,3.7466988059555e-06,3.7466988059555e-06,0.0
1734951600.0,3.7466988059555e-06,3.7466988059555e-06,3.7466988059555e-06,3.7466988059555e-06,0.0
1734951660.0,3.7466988059555e-06,3.7466988059555e-06,3.7466988059555e-06,3.7466988059555e-06,0.0
1734951720.0,3.7466988059555e-06,3.7466988059555e-06,3.7466988059555e-06,3.7466988059555e-06,0.0
1734951780.0,3.7466988059555e-06,3.7466988059555e-06,3.7466988059555e-06,3.7466988059555e-06,0.0
1734951840.0,3.7466988059555e-06,3.7466988059555e-06,3.7466988059555e-06,3.7466988059555e-06,0.0
1734951900.0,3.7466988059555e-06,3.7466988059555e-06,3.7466988059555e-06,3.7466988059555e-06,0.0
1734951960.0,3.7466988059555e-06,3.7466988059555e-06,3.7466988059555e-06,3.7466988059555e-06,0.0
1734952020.0,3.7466988059555e-06,3.7466988059555e-06,3.7466988059555e-06,3.7466988059555e-06,0.0
1734952080.0,3.7466988059555e-06,3.7466988059555e-06,3.7466988059555e-06,3.7466988059555e-06,0.0
1734952140.0,3.7466988059555e-06,3.7466988059555e-06,3.7466988059555e-06,3.7466988059555e-06,0.0
1734952200.0,3.7466988059555e-06,3.7466988059555e-06,3.7466988059555e-06,3.7466988059555e-06,0.0
1734952260.0,3.7466988059555e-06,3.7466988059555e-06,3.7466988059555e-06,3.7466988059555e-06,0.0
1734952320.0,3.7466988059555e-06,3.7466988059555e-06,3.7466988059555e-06,3.7466988059555e-06,0.0
1734952380.0,3.7466988059555e-06,3.7466988059555e-06,3.7466988059555e-06,3.7466988059555e-06,0.0
1734952440.0,3.7466988059555e-06,3.7466988059555e-06,3.7466988059555e-06,3.7466988059555e-06,0.0
1734952500.0,3.7466988059555e-06,3.7466988059555e-06,3.7466988059555e-06,3.7466988059555e-06,0.0
1734952560.0,3.7466988059555e-06,3.7466988059555e-06,3.7466988059555e-06,3.7466988059555e-06,0.0
1734952620.0,3.7466988059555e-06,3.7466988059555e-06,3.7466988059555e-06,3.7466988059555e-06,0.0
1734952680.0,3.7466988059555e-06,3.7466988059555e-06,3.72692613145749e-06,3.72692613145749e-06,8.38792909247
1734952740.0,3.72692613145749e-06,3.72692613145749e-06,3.72692613145749e-06,3.72692613145749e-06,0.0
1734952800.0,3.72692613145749e-06,3.72692613145749e-06,3.72692613145749e-06,3.72692613145749e-06,0.0
1734952860.0,3.72692613145749e-06,3.72692613145749e-06,3.72692613145749e-06,3.72692613145749e-06,0.0
1734952920.0,3.72692613145749e-06,3.72692613145749e-06,3.72692613145749e-06,3.72692613145749e-06,0.0
1734952980.0,3.72692613145749e-06,3.72692613145749e-06,3.72692613145749e-06,3.72692613145749e-06,0.0
1734953040.0,3.72692613145749e-06,3.72692613145749e-06,3.72692613145749e-06,3.72692613145749e-06,0.0
1734953100.0,3.72692613145749e-06,3.72692613145749e-06,3.72692613145749e-06,3.72692613145749e-06,0.0
1734953160.0,3.72692613145749e-06,3.72692613145749e-06,3.72692613145749e-06,3.72692613145749e-06,0.0
1734953220.0,3.72692613145749e-06,3.72692613145749e-06,3.72692613145749e-06,3.72692613145749e-06,0.0
1734953280.0,3.72692613145749e-06,3.72692613145749e-06,3.72692613145749e-06,3.72692613145749e-06,0.0
1734953340.0,3.72692613145749e-06,3.72692613145749e-06,3.72692613145749e-06,3.72692613145749e-06,0.0
1734953400.0,3.72692613145749e-06,3.72692613145749e-06,3.72692613145749e-06,3.72692613145749e-06,0.0
1734953460.0,3.72692613145749e-06,3.72692613145749e-06,3.72692613145749e-06,3.72692613145749e-06,0.0
1734953520.0,3.72692613145749e-06,3.72692613145749e-06,3.72692613145749e-06,3.72692613145749e-06,0.0
1734953580.0,3.72692613145749e-06,3.72692613145749e-06,3.72692613145749e-06,3.72692613145749e-06,0.0
1734953640.0,3.72692613145749e-06,3.72692613145749e-06,3.72692613145749e-06,3.72692613145749e-06,0.0
1734953700.0,3.72692613145749e-06,3.72692613145749e-06,3.72692613145749e-06,3.72692613145749e-06,0.0
1734953760.0,3.72692613145749e-06,3.72692613145749e-06,3.72692613145749e-06,3.72692613145749e-06,0.0
1734953820.0,3.72692613145749e-06,3.72692613145749e-06,3.72692613145749e-06,3.72692613145749e-06,0.0
1734953880.0,3.72692613145749e-06,3.72692613145749e-06,3.72692613145749e-06,3.72692613145749e-06,0.0
1734953940.0,3.72692613145749e-06,3.72692613145749e-06,3.72692613145749e-06,3.72692613145749e-06,0.0
1734954000.0,3.72692613145749e-06,3.72692613145749e-06,3.72692613145749e-06,3.72692613145749e-06,0.0
1734954060.0,3.72692613145749e-06,3.72692613145749e-06,3.72692613145749e-06,3.72692613145749e-06,0.0
1734954120.0,3.72692613145749e-06,3.72692613145749e-06,3.72692613145749e-06,3.72692613145749e-06,0.0
1734954180.0,3.72692613145749e-06,3.72692613145749e-06,3.72692613145749e-06,3.72692613145749e-06,0.0
1734954240.0,3.72692613145749e-06,3.72692613145749e-06,3.72692613145749e-06,3.72692613145749e-06,0.0
1734954300.0,3.72692613145749e-06,3.72692613145749e-06,3.72692613145749e-06,3.72692613145749e-06,0.0
1734954360.0,3.72692613145749e-06,3.72692613145749e-06,3.72692613145749e-06,3.72692613145749e-06,0.0
1734954420.0,3.72692613145749e-06,3.72692613145749e-06,3.72692613145749e-06,3.72692613145749e-06,0.0
1734954480.0,3.72692613145749e-06,3.72692613145749e-06,3.72692613145749e-06,3.72692613145749e-06,0.0
1734954540.0,3.72692613145749e-06,3.72692613145749e-06,3.72692613145749e-06,3.72692613145749e-06,0.0
1734954600.0,3.72692613145749e-06,3.72692613145749e-06,3.72692613145749e-06,3.72692613145749e-06,0.0
1734954660.0,3.72692613145749e-06,3.72692613145749e-06,3.72692613145749e-06,3.72692613145749e-06,0.0
1734954720.0,3.72692613145749e-06,3.72692613145749e-06,3.72692613145749e-06,3.72692613145749e-06,0.0
1734954780.0,3.72692613145749e-06,3.72692613145749e-06,3.72692613145749e-06,3.72692613145749e-06,0.0
1734954840.0,3.72692613145749e-06,3.72692613145749e-06,3.72692613145749e-06,3.72692613145749e-06,0.0
1734954900.0,3.72692613145749e-06,3.72692613145749e-06,3.72692613145749e-06,3.72692613145749e-06,0.0
1734954960.0,3.72692613145749e-06,3.72692613145749e-06,3.72692613145749e-06,3.72692613145749e-06,0.0
1734955020.0,3.72692613145749e-06,3.72692613145749e-06,3.72692613145749e-06,3.72692613145749e-06,0.0
1734955080.0,3.72692613145749e-06,3.72692613145749e-06,3.72692613145749e-06,3.72692613145749e-06,0.0
1734955140.0,3.72692613145749e-06,3.72692613145749e-06,3.72692613145749e-06,3.72692613145749e-06,0.0
1734955200.0,3.72692613145749e-06,3.72692613145749e-06,3.72692613145749e-06,3.72692613145749e-06,0.0
1734955260.0,3.72692613145749e-06,3.72692613145749e-06,3.72692613145749e-06,3.72692613145749e-06,0.0
1734955320.0,3.72692613145749e-06,3.72692613145749e-06,3.72692613145749e-06,3.72692613145749e-06,0.0
1734955380.0,3.72692613145749e-06,3.72692613145749e-06,3.72692613145749e-06,3.72692613145749e-06,0.0
1734955440.0,3.72692613145749e-06,3.72692613145749e-06,3.72692613145749e-06,3.72692613145749e-06,0.0
1734955500.0,3.72692613145749e-06,3.72692613145749e-06,3.72692613145749e-06,3.72692613145749e-06,0.0
1734955560.0,3.72692613145749e-06,3.72692613145749e-06,3.72692613145749e-06,3.72692613145749e-06,0.0
1734955620.0,3.72692613145749e-06,3.72692613145749e-06,3.72692613145749e-06,3.72692613145749e-06,0.0
1734955680.0,3.72692613145749e-06,3.72692613145749e-06,3.72692613145749e-06,3.72692613145749e-06,0.0
1734955740.0,3.72692613145749e-06,3.72692613145749e-06,3.72692613145749e-06,3.72692613145749e-06,0.0
1734955800.0,3.72692613145749e-06,3.72692613145749e-06,3.72692613145749e-06,3.72692613145749e-06,0.0
1734955860.0,3.72692613145749e-06,3.72692613145749e-06,3.72692613145749e-06,3.72692613145749e-06,0.0
1734955920.0,3.72692613145749e-06,3.72692613145749e-06,3.72692613145749e-06,3.72692613145749e-06,0.0
1734955980.0,3.72692613145749e-06,3.72692613145749e-06,3.69382001972314e-06,3.69382001972314e-06,0.22296323224
1734956040.0,3.69382001972314e-06,3.69382001972314e-06,3.69325935849834e-06,3.69325935849834e-06,0.47003894795
1734956100.0,3.69325935849834e-06,3.69325935849834e-06,3.69325935849834e-06,3.69325935849834e-06,0.0
1734956160.0,3.69325935849834e-06,3.69325935849834e-06,3.69325935849834e-06,3.69325935849834e-06,0.0
1734956220.0,3.69325935849834e-06,3.69325935849834e-06,3.69325935849834e-06,3.69325935849834e-06,0.0
1734956280.0,3.69325935849834e-06,3.69325935849834e-06,3.69325935849834e-06,3.69325935849834e-06,0.0
1734956340.0,3.69325935849834e-06,3.69325935849834e-06,3.69325935849834e-06,3.69325935849834e-06,0.0
1734956400.0,3.69325935849834e-06,3.69325935849834e-06,3.69325935849834e-06,3.69325935849834e-06,0.0
1734956460.0,3.69325935849834e-06,3.69325935849834e-06,3.69325935849834e-06,3.69325935849834e-06,0.0
1734956520.0,3.69325935849834e-06,3.69325935849834e-06,3.69325935849834e-06,3.69325935849834e-06,0.0
1734956580.0,3.69325935849834e-06,3.69325935849834e-06,3.69325935849834e-06,3.69325935849834e-06,0.0
1734956640.0,3.69325935849834e-06,3.69325935849834e-06,3.69325935849834e-06,3.69325935849834e-06,0.0
1734956700.0,3.69325935849834e-06,3.69325935849834e-06,3.69325935849834e-06,3.69325935849834e-06,0.0
1734956760.0,3.69325935849834e-06,3.69325935849834e-06,3.69325935849834e-06,3.69325935849834e-06,0.0
1734956820.0,3.69325935849834e-06,3.69325935849834e-06,3.69325935849834e-06,3.69325935849834e-06,0.0
1734956880.0,3.69325935849834e-06,3.69325935849834e-06,3.69325935849834e-06,3.69325935849834e-06,0.0
1734956940.0,3.69325935849834e-06,3.69325935849834e-06,3.69325935849834e-06,3.69325935849834e-06,0.0
1734957000.0,3.69325935849834e-06,3.69325935849834e-06,3.69325935849834e-06,3.69325935849834e-06,0.0
1734957060.0,3.69325935849834e-06,3.69325935849834e-06,3.69325935849834e-06,3.69325935849834e-06,0.0
1734957120.0,3.69325935849834e-06,3.69325935849834e-06,3.69325935849834e-06,3.69325935849834e-06,0.0
1734957180.0,3.69325935849834e-06,3.69325935849834e-06,3.69325935849834e-06,3.69325935849834e-06,0.0
1734957240.0,3.69325935849834e-06,3.69325935849834e-06,3.69325935849834e-06,3.69325935849834e-06,0.0
1734957300.0,3.69325935849834e-06,3.69325935849834e-06,3.69325935849834e-06,3.69325935849834e-06,0.0
1734957360.0,3.69325935849834e-06,3.69325935849834e-06,3.69325935849834e-06,3.69325935849834e-06,0.0
1734957420.0,3.69325935849834e-06,3.69325935849834e-06,3.69325935849834e-06,3.69325935849834e-06,0.0
1734957480.0,3.69325935849834e-06,3.69325935849834e-06,3.69325935849834e-06,3.69325935849834e-06,0.0
1734957540.0,3.69325935849834e-06,3.69325935849834e-06,3.69325935849834e-06,3.69325935849834e-06,0.0
1734957600.0,3.69325935849834e-06,3.69325935849834e-06,3.69325935849834e-06,3.69325935849834e-06,0.0
1734957660.0,3.69325935849834e-06,3.69325935849834e-06,3.69325935849834e-06,3.69325935849834e-06,0.0
1734957720.0,3.69325935849834e-06,3.69325935849834e-06,3.69325935849834e-06,3.69325935849834e-06,0.0
1734957780.0,3.69325935849834e-06,3.69325935849834e-06,3.69325935849834e-06,3.69325935849834e-06,0.0
1734957840.0,3.69325935849834e-06,3.69325935849834e-06,3.69325935849834e-06,3.69325935849834e-06,0.0
1734957900.0,3.69325935849834e-06,3.69325935849834e-06,3.69325935849834e-06,3.69325935849834e-06,0.0
1734957960.0,3.69325935849834e-06,3.69325935849834e-06,3.69325935849834e-06,3.69325935849834e-06,0.0
1734958020.0,3.69325935849834e-06,3.69325935849834e-06,3.69325935849834e-06,3.69325935849834e-06,0.0
1734958080.0,3.69325935849834e-06,3.69325935849834e-06,3.69325935849834e-06,3.69325935849834e-06,0.0
1734958140.0,3.69325935849834e-06,3.69325935849834e-06,3.69325935849834e-06,3.69325935849834e-06,0.0
1734958200.0,3.69325935849834e-06,3.69325935849834e-06,3.69325935849834e-06,3.69325935849834e-06,0.0
1734958260.0,3.69325935849834e-06,3.69325935849834e-06,3.69325935849834e-06,3.69325935849834e-06,0.0
1734958320.0,3.69325935849834e-06,3.69325935849834e-06,3.69325935849834e-06,3.69325935849834e-06,0.0
1734958380.0,3.69325935849834e-06,3.69325935849834e-06,3.69325935849834e-06,3.69325935849834e-06,0.0
1734958440.0,3.69325935849834e-06,3.69325935849834e-06,3.69325935849834e-06,3.69325935849834e-06,0.0
1734958500.0,3.69325935849834e-06,3.69325935849834e-06,3.69325935849834e-06,3.69325935849834e-06,0.0
1734958560.0,3.69325935849834e-06,3.69325935849834e-06,3.69325935849834e-06,3.69325935849834e-06,0.0
1734958620.0,3.69325935849834e-06,3.69325935849834e-06,3.69325935849834e-06,3.69325935849834e-06,0.0
1734958680.0,3.69325935849834e-06,3.69325935849834e-06,3.69325935849834e-06,3.69325935849834e-06,0.0
1734958740.0,3.69325935849834e-06,3.7106687577757e-06,3.69325935849834e-06,3.7106687577757e-06,4.59059940157
1734958800.0,3.7106687577757e-06,3.7106687577757e-06,3.7106687577757e-06,3.7106687577757e-06,0.0
1734958860.0,3.7106687577757e-06,3.7106687577757e-06,3.7106687577757e-06,3.7106687577757e-06,0.0
1734958920.0,3.7106687577757e-06,3.7106687577757e-06,3.7106687577757e-06,3.7106687577757e-06,0.0
1734958980.0,3.7106687577757e-06,3.7106687577757e-06,3.7106687577757e-06,3.7106687577757e-06,0.0
1734959040.0,3.7106687577757e-06,3.7106687577757e-06,3.7106687577757e-06,3.7106687577757e-06,0.0
1734959100.0,3.7106687577757e-06,3.7106687577757e-06,3.7106687577757e-06,3.7106687577757e-06,0.0
1734959160.0,3.7106687577757e-06,3.7106687577757e-06,3.7106687577757e-06,3.7106687577757e-06,0.0
1734959220.0,3.7106687577757e-06,3.7106687577757e-06,3.7106687577757e-06,3.7106687577757e-06,0.0
1734959280.0,3.7106687577757e-06,3.7106687577757e-06,3.7106687577757e-06,3.7106687577757e-06,0.0
1734959340.0,3.7106687577757e-06,3.7106687577757e-06,3.7106687577757e-06,3.7106687577757e-06,0.0
1734959400.0,3.7106687577757e-06,3.7106687577757e-06,3.7106687577757e-06,3.7106687577757e-06,0.0
1734959460.0,3.7106687577757e-06,3.7106687577757e-06,3.7106687577757e-06,3.7106687577757e-06,0.0
1734959520.0,3.7106687577757e-06,3.7106687577757e-06,3.7106687577757e-06,3.7106687577757e-06,0.0
1734959580.0,3.7106687577757e-06,3.7106687577757e-06,3.7106687577757e-06,3.7106687577757e-06,0.0
1734959640.0,3.7106687577757e-06,3.7106687577757e-06,3.7106687577757e-06,3.7106687577757e-06,0.0
1734959700.0,3.7106687577757e-06,3.7106687577757e-06,3.7106687577757e-06,3.7106687577757e-06,0.0
1734959760.0,3.7106687577757e-06,3.7106687577757e-06,3.7106687577757e-06,3.7106687577757e-06,0.0
1734959820.0,3.7106687577757e-06,3.7106687577757e-06,3.7106687577757e-06,3.7106687577757e-06,0.0
1734959880.0,3.7106687577757e-06,3.7106687577757e-06,3.7106687577757e-06,3.7106687577757e-06,0.0
1734959940.0,3.7106687577757e-06,3.7106687577757e-06,3.7106687577757e-06,3.7106687577757e-06,0.0
1734960000.0,3.7106687577757e-06,3.7106687577757e-06,3.7106687577757e-06,3.7106687577757e-06,0.0
1734960060.0,3.7106687577757e-06,3.7106687577757e-06,3.7106687577757e-06,3.7106687577757e-06,0.0
1734960120.0,3.7106687577757e-06,3.7106687577757e-06,3.7106687577757e-06,3.7106687577757e-06,0.0
1734960180.0,3.7106687577757e-06,3.7106687577757e-06,3.7106687577757e-06,3.7106687577757e-06,0.0
1734960240.0,3.7106687577757e-06,3.7106687577757e-06,3.7106687577757e-06,3.7106687577757e-06,0.0
1734960300.0,3.7106687577757e-06,3.7106687577757e-06,3.7106687577757e-06,3.7106687577757e-06,0.0
1734960360.0,3.7106687577757e-06,3.7106687577757e-06,3.7106687577757e-06,3.7106687577757e-06,0.0
1734960420.0,3.7106687577757e-06,3.7106687577757e-06,3.7106687577757e-06,3.7106687577757e-06,0.0
1734960480.0,3.7106687577757e-06,3.7106687577757e-06,3.7106687577757e-06,3.7106687577757e-06,0.0
1734960540.0,3.7106687577757e-06,3.7106687577757e-06,3.7106687577757e-06,3.7106687577757e-06,0.0
1734960600.0,3.7106687577757e-06,3.7106687577757e-06,3.7106687577757e-06,3.7106687577757e-06,0.0
1734960660.0,3.7106687577757e-06,3.7106687577757e-06,3.7106687577757e-06,3.7106687577757e-06,0.0
1734960720.0,3.7106687577757e-06,3.7106687577757e-06,3.7106687577757e-06,3.7106687577757e-06,0.0
1734960780.0,3.7106687577757e-06,3.7106687577757e-06,3.7106687577757e-06,3.7106687577757e-06,0.0
1734960840.0,3.7106687577757e-06,3.7106687577757e-06,3.7106687577757e-06,3.7106687577757e-06,0.0
1734960900.0,3.7106687577757e-06,3.7106687577757e-06,3.7106687577757e-06,3.7106687577757e-06,0.0
1734960960.0,3.7106687577757e-06,3.7106687577757e-06,3.7106687577757e-06,3.7106687577757e-06,0.0
1734961020.0,3.7106687577757e-06,3.7106687577757e-06,3.7106687577757e-06,3.7106687577757e-06,0.0
1734961080.0,3.7106687577757e-06,3.7106687577757e-06,3.7106687577757e-06,3.7106687577757e-06,0.0
1734961140.0,3.7106687577757e-06,3.7106687577757e-06,3.7106687577757e-06,3.7106687577757e-06,0.0
1734961200.0,3.7106687577757e-06,3.7106687577757e-06,3.7106687577757e-06,3.7106687577757e-06,0.0
1734961260.0,3.7106687577757e-06,3.7106687577757e-06,3.7106687577757e-06,3.7106687577757e-06,0.0
1734961320.0,3.7106687577757e-06,3.7106687577757e-06,3.7106687577757e-06,3.7106687577757e-06,0.0
1734961380.0,3.7106687577757e-06,3.7106687577757e-06,3.7106687577757e-06,3.7106687577757e-06,0.0
1734961440.0,3.7106687577757e-06,3.7106687577757e-06,3.7106687577757e-06,3.7106687577757e-06,0.0
1734961500.0,3.7106687577757e-06,3.7106687577757e-06,3.7106687577757e-06,3.7106687577757e-06,0.0
1734961560.0,3.7106687577757e-06,3.7106687577757e-06,3.7106687577757e-06,3.7106687577757e-06,0.0
1734961620.0,3.7106687577757e-06,3.7106687577757e-06,3.7106687577757e-06,3.7106687577757e-06,0.0
1734961680.0,3.7106687577757e-06,3.7106687577757e-06,3.7106687577757e-06,3.7106687577757e-06,0.0
1734961740.0,3.7106687577757e-06,3.7106687577757e-06,3.7106687577757e-06,3.7106687577757e-06,0.0
1734961800.0,3.7106687577757e-06,3.7106687577757e-06,3.7106687577757e-06,3.7106687577757e-06,0.0
1734961860.0,3.7106687577757e-06,3.7106687577757e-06,3.7106687577757e-06,3.7106687577757e-06,0.0
1734961920.0,3.7106687577757e-06,3.7106687577757e-06,3.7106687577757e-06,3.7106687577757e-06,0.0
1734961980.0,3.7106687577757e-06,3.7106687577757e-06,3.7106687577757e-06,3.7106687577757e-06,0.0
1734962040.0,3.7106687577757e-06,3.7106687577757e-06,3.7106687577757e-06,3.7106687577757e-06,0.0
1734962100.0,3.7106687577757e-06,3.7106687577757e-06,3.7106687577757e-06,3.7106687577757e-06,0.0
1734962160.0,3.7106687577757e-06,3.7106687577757e-06,3.7106687577757e-06,3.7106687577757e-06,0.0
1734962220.0,3.7106687577757e-06,3.7106687577757e-06,3.7106687577757e-06,3.7106687577757e-06,0.0
1734962280.0,3.7106687577757e-06,3.7106687577757e-06,3.6502940560492e-06,3.6502940560492e-06,1.1189989602
1734962340.0,3.6502940560492e-06,3.6502940560492e-06,3.6502940560492e-06,3.6502940560492e-06,0.0
1734962400.0,3.6502940560492e-06,3.6502940560492e-06,3.6502940560492e-06,3.6502940560492e-06,0.0
1734962460.0,3.6502940560492e-06,3.6502940560492e-06,3.6502940560492e-06,3.6502940560492e-06,0.0
1734962520.0,3.6502940560492e-06,3.6502940560492e-06,3.6502940560492e-06,3.6502940560492e-06,0.0
1734962580.0,3.6502940560492e-06,3.6502940560492e-06,3.6502940560492e-06,3.6502940560492e-06,0.0
1734962640.0,3.6502940560492e-06,3.6502940560492e-06,3.6502940560492e-06,3.6502940560492e-06,0.0
1734962700.0,3.6502940560492e-06,3.6502940560492e-06,3.6502940560492e-06,3.6502940560492e-06,0.0
1734962760.0,3.6502940560492e-06,3.6502940560492e-06,3.6502940560492e-06,3.6502940560492e-06,0.0
1734962820.0,3.6502940560492e-06,3.6502940560492e-06,3.6502940560492e-06,3.6502940560492e-06,0.0
1734962880.0,3.6502940560492e-06,3.6502940560492e-06,3.6502940560492e-06,3.6502940560492e-06,0.0
1734962940.0,3.6502940560492e-06,3.6502940560492e-06,3.6502940560492e-06,3.6502940560492e-06,0.0
1734963000.0,3.6502940560492e-06,3.6502940560492e-06,3.6502940560492e-06,3.6502940560492e-06,0.0
1734963060.0,3.6502940560492e-06,3.6502940560492e-06,3.6502940560492e-06,3.6502940560492e-06,0.0
1734963120.0,3.6502940560492e-06,3.6502940560492e-06,3.6502940560492e-06,3.6502940560492e-06,0.0
1734963180.0,3.6502940560492e-06,3.6502940560492e-06,3.6502940560492e-06,3.6502940560492e-06,0.0
1734963240.0,3.6502940560492e-06,3.6502940560492e-06,3.6502940560492e-06,3.6502940560492e-06,0.0
1734963300.0,3.6502940560492e-06,3.6502940560492e-06,3.6502940560492e-06,3.6502940560492e-06,0.0
1734963360.0,3.6502940560492e-06,3.6502940560492e-06,3.6502940560492e-06,3.6502940560492e-06,0.0
1734963420.0,3.6502940560492e-06,3.6502940560492e-06,3.6502940560492e-06,3.6502940560492e-06,0.0
1734963480.0,3.6502940560492e-06,3.6502940560492e-06,3.6502940560492e-06,3.6502940560492e-06,0.0
1734963540.0,3.6502940560492e-06,3.6502940560492e-06,3.6502940560492e-06,3.6502940560492e-06,0.0
1734963600.0,3.6502940560492e-06,3.6502940560492e-06,3.6502940560492e-06,3.6502940560492e-06,0.0
1734963660.0,3.6502940560492e-06,3.6502940560492e-06,3.6502940560492e-06,3.6502940560492e-06,0.0
1734963720.0,3.6502940560492e-06,3.6502940560492e-06,3.6502940560492e-06,3.6502940560492e-06,0.0
1734963780.0,3.6502940560492e-06,3.6502940560492e-06,3.6502940560492e-06,3.6502940560492e-06,0.0
1734963840.0,3.6502940560492e-06,3.6502940560492e-06,3.6502940560492e-06,3.6502940560492e-06,0.0
1734963900.0,3.6502940560492e-06,3.6502940560492e-06,3.6502940560492e-06,3.6502940560492e-06,0.0
1734963960.0,3.6502940560492e-06,3.6502940560492e-06,3.6502940560492e-06,3.6502940560492e-06,0.0
1734964020.0,3.6502940560492e-06,3.6502940560492e-06,3.6502940560492e-06,3.6502940560492e-06,0.0
1734964080.0,3.6502940560492e-06,3.6502940560492e-06,3.6502940560492e-06,3.6502940560492e-06,0.0
1734964140.0,3.6502940560492e-06,3.6502940560492e-06,3.6502940560492e-06,3.6502940560492e-06,0.0
1734964200.0,3.6502940560492e-06,3.6502940560492e-06,3.6502940560492e-06,3.6502940560492e-06,0.0
1734964260.0,3.6502940560492e-06,3.6502940560492e-06,3.6502940560492e-06,3.6502940560492e-06,0.0
1734964320.0,3.6502940560492e-06,3.6502940560492e-06,3.6502940560492e-06,3.6502940560492e-06,0.0
1734964380.0,3.6502940560492e-06,3.6502940560492e-06,3.6502940560492e-06,3.6502940560492e-06,0.0
1734964440.0,3.6502940560492e-06,3.72617951947047e-06,3.6502940560492e-06,3.72617951947047e-06,9.2015
1734964500.0,3.72617951947047e-06,3.72617951947047e-06,3.72617951947047e-06,3.72617951947047e-06,0.0
1734964560.0,3.72617951947047e-06,3.72617951947047e-06,3.72617951947047e-06,3.72617951947047e-06,0.0
1734964620.0,3.72617951947047e-06,3.72617951947047e-06,3.72617951947047e-06,3.72617951947047e-06,0.0
1734964680.0,3.72617951947047e-06,3.72617951947047e-06,3.72617951947047e-06,3.72617951947047e-06,0.0
1734964740.0,3.72617951947047e-06,3.72617951947047e-06,3.72617951947047e-06,3.72617951947047e-06,0.0
1734964800.0,3.72617951947047e-06,3.72617951947047e-06,3.72617951947047e-06,3.72617951947047e-06,0.0
1734964860.0,3.72617951947047e-06,3.72617951947047e-06,3.72617951947047e-06,3.72617951947047e-06,0.0
1734964920.0,3.72617951947047e-06,3.72617951947047e-06,3.72617951947047e-06,3.72617951947047e-06,0.0
1734964980.0,3.72617951947047e-06,3.72617951947047e-06,3.72617951947047e-06,3.72617951947047e-06,0.0
1734965040.0,3.72617951947047e-06,3.72617951947047e-06,3.72617951947047e-06,3.72617951947047e-06,0.0
1734965100.0,3.72617951947047e-06,3.72617951947047e-06,3.72617951947047e-06,3.72617951947047e-06,0.0
1734965160.0,3.72617951947047e-06,3.72617951947047e-06,3.72617951947047e-06,3.72617951947047e-06,0.0
1734965220.0,3.72617951947047e-06,3.72617951947047e-06,3.72617951947047e-06,3.72617951947047e-06,0.0
1734965280.0,3.72617951947047e-06,3.72617951947047e-06,3.72617951947047e-06,3.72617951947047e-06,0.0
1734965340.0,3.72617951947047e-06,3.72617951947047e-06,3.72617951947047e-06,3.72617951947047e-06,0.0
1734965400.0,3.72617951947047e-06,3.72617951947047e-06,3.72617951947047e-06,3.72617951947047e-06,0.0
1734965460.0,3.72617951947047e-06,3.72617951947047e-06,3.72617951947047e-06,3.72617951947047e-06,0.0
1734965520.0,3.72617951947047e-06,3.72617951947047e-06,3.72617951947047e-06,3.72617951947047e-06,0.0
1734965580.0,3.72617951947047e-06,3.72617951947047e-06,3.72617951947047e-06,3.72617951947047e-06,0.0
1734965640.0,3.72617951947047e-06,3.72617951947047e-06,3.72617951947047e-06,3.72617951947047e-06,0.0
1734965700.0,3.72617951947047e-06,3.72617951947047e-06,3.72617951947047e-06,3.72617951947047e-06,0.0
1734965760.0,3.72617951947047e-06,3.72617951947047e-06,3.72617951947047e-06,3.72617951947047e-06,0.0
1734965820.0,3.72617951947047e-06,3.72617951947047e-06,3.72617951947047e-06,3.72617951947047e-06,0.0
1734965880.0,3.72617951947047e-06,3.72617951947047e-06,3.72617951947047e-06,3.72617951947047e-06,0.0
1734965940.0,3.72617951947047e-06,3.72617951947047e-06,3.72617951947047e-06,3.72617951947047e-06,0.0
1734966000.0,3.72617951947047e-06,3.72617951947047e-06,3.72617951947047e-06,3.72617951947047e-06,0.0
1734966060.0,3.72617951947047e-06,3.72617951947047e-06,3.72617951947047e-06,3.72617951947047e-06,0.0
1734966120.0,3.72617951947047e-06,3.72617951947047e-06,3.72617951947047e-06,3.72617951947047e-06,0.0
1734966180.0,3.72617951947047e-06,3.72617951947047e-06,3.72617951947047e-06,3.72617951947047e-06,0.0
1734966240.0,3.72617951947047e-06,3.72617951947047e-06,3.72617951947047e-06,3.72617951947047e-06,0.0
1734966300.0,3.72617951947047e-06,3.72617951947047e-06,3.72617951947047e-06,3.72617951947047e-06,0.0
1734966360.0,3.72617951947047e-06,3.72617951947047e-06,3.72617951947047e-06,3.72617951947047e-06,0.0
1734966420.0,3.72617951947047e-06,3.72617951947047e-06,3.72617951947047e-06,3.72617951947047e-06,0.0
1734966480.0,3.72617951947047e-06,3.72617951947047e-06,3.72617951947047e-06,3.72617951947047e-06,0.0
1734966540.0,3.72617951947047e-06,3.72617951947047e-06,3.72617951947047e-06,3.72617951947047e-06,0.0
1734966600.0,3.72617951947047e-06,3.72617951947047e-06,3.72617951947047e-06,3.72617951947047e-06,0.0
1734966660.0,3.72617951947047e-06,3.72617951947047e-06,3.72617951947047e-06,3.72617951947047e-06,0.0
1734966720.0,3.72617951947047e-06,3.72617951947047e-06,3.72617951947047e-06,3.72617951947047e-06,0.0
1734966780.0,3.72617951947047e-06,3.72617951947047e-06,3.72617951947047e-06,3.72617951947047e-06,0.0
1734966840.0,3.72617951947047e-06,3.72617951947047e-06,3.72617951947047e-06,3.72617951947047e-06,0.0
1734966900.0,3.72617951947047e-06,3.72617951947047e-06,3.72617951947047e-06,3.72617951947047e-06,0.0
1734966960.0,3.72617951947047e-06,3.72617951947047e-06,3.72617951947047e-06,3.72617951947047e-06,0.0
1734967020.0,3.72617951947047e-06,3.72617951947047e-06,3.72617951947047e-06,3.72617951947047e-06,0.0
1734967080.0,3.72617951947047e-06,3.72617951947047e-06,3.72617951947047e-06,3.72617951947047e-06,0.0
1734967140.0,3.72617951947047e-06,3.72617951947047e-06,3.72617951947047e-06,3.72617951947047e-06,0.0
1734967200.0,3.72617951947047e-06,3.72617951947047e-06,3.72617951947047e-06,3.72617951947047e-06,0.0
1734967260.0,3.72617951947047e-06,3.72617951947047e-06,3.72617951947047e-06,3.72617951947047e-06,0.0
1734967320.0,3.72617951947047e-06,3.72617951947047e-06,3.72617951947047e-06,3.72617951947047e-06,0.0
1734967380.0,3.72617951947047e-06,3.72617951947047e-06,3.72617951947047e-06,3.72617951947047e-06,0.0
1734967440.0,3.72617951947047e-06,3.72617951947047e-06,3.69633958179953e-06,3.69633958179953e-06,1.61380991358
1734967500.0,3.69633958179953e-06,3.69633958179953e-06,3.69633958179953e-06,3.69633958179953e-06,0.0
1734967560.0,3.69633958179953e-06,3.69633958179953e-06,3.69633958179953e-06,3.69633958179953e-06,0.0
1734967620.0,3.69633958179953e-06,3.69633958179953e-06,3.69633958179953e-06,3.69633958179953e-06,0.0
1734967680.0,3.69633958179953e-06,3.69633958179953e-06,3.69633958179953e-06,3.69633958179953e-06,0.0
1734967740.0,3.69633958179953e-06,3.69633958179953e-06,3.69633958179953e-06,3.69633958179953e-06,0.0
1734967800.0,3.69633958179953e-06,3.69633958179953e-06,3.69633958179953e-06,3.69633958179953e-06,0.0
1734967860.0,3.69633958179953e-06,3.69633958179953e-06,3.69633958179953e-06,3.69633958179953e-06,0.0
1734967920.0,3.69633958179953e-06,3.69633958179953e-06,3.69633958179953e-06,3.69633958179953e-06,0.0
1734967980.0,3.69633958179953e-06,3.69633958179953e-06,3.69633958179953e-06,3.69633958179953e-06,0.0
1734968040.0,3.69633958179953e-06,3.69633958179953e-06,3.69633958179953e-06,3.69633958179953e-06,0.0
1734968100.0,3.69633958179953e-06,3.69633958179953e-06,3.69633958179953e-06,3.69633958179953e-06,0.0
1734968160.0,3.69633958179953e-06,3.69633958179953e-06,3.69633958179953e-06,3.69633958179953e-06,0.0
1734968220.0,3.69633958179953e-06,3.69633958179953e-06,3.69633958179953e-06,3.69633958179953e-06,0.0
1734968280.0,3.69633958179953e-06,3.69633958179953e-06,3.69633958179953e-06,3.69633958179953e-06,0.0
1734968340.0,3.69633958179953e-06,3.69633958179953e-06,3.69633958179953e-06,3.69633958179953e-06,0.0
1734968400.0,3.69633958179953e-06,3.69633958179953e-06,3.69633958179953e-06,3.69633958179953e-06,0.0
1734968460.0,3.69633958179953e-06,3.69633958179953e-06,3.69633958179953e-06,3.69633958179953e-06,0.0
1734968520.0,3.69633958179953e-06,3.69633958179953e-06,3.69633958179953e-06,3.69633958179953e-06,0.0
1734968580.0,3.69633958179953e-06,3.69633958179953e-06,3.69633958179953e-06,3.69633958179953e-06,0.0
1734968640.0,3.69633958179953e-06,3.69633958179953e-06,3.69633958179953e-06,3.69633958179953e-06,0.0
1734968700.0,3.69633958179953e-06,3.69633958179953e-06,3.69633958179953e-06,3.69633958179953e-06,0.0
1734968760.0,3.69633958179953e-06,3.69633958179953e-06,3.69633958179953e-06,3.69633958179953e-06,0.0
1734968820.0,3.69633958179953e-06,3.69633958179953e-06,3.69633958179953e-06,3.69633958179953e-06,0.0
1734968880.0,3.69633958179953e-06,3.69633958179953e-06,3.69633958179953e-06,3.69633958179953e-06,0.0
1734968940.0,3.69633958179953e-06,3.69633958179953e-06,3.69633958179953e-06,3.69633958179953e-06,0.0
1734969000.0,3.69633958179953e-06,3.69633958179953e-06,3.69633958179953e-06,3.69633958179953e-06,0.0
1734969060.0,3.69633958179953e-06,3.69633958179953e-06,3.69633958179953e-06,3.69633958179953e-06,0.0
1734969120.0,3.69633958179953e-06,3.69633958179953e-06,3.69633958179953e-06,3.69633958179953e-06,0.0
1734969180.0,3.69633958179953e-06,3.69633958179953e-06,3.69633958179953e-06,3.69633958179953e-06,0.0
1734969240.0,3.69633958179953e-06,3.69633958179953e-06,3.69633958179953e-06,3.69633958179953e-06,0.0
1734969300.0,3.69633958179953e-06,3.69633958179953e-06,3.69633958179953e-06,3.69633958179953e-06,0.0
1734969360.0,3.69633958179953e-06,3.69633958179953e-06,3.69633958179953e-06,3.69633958179953e-06,0.0
1734969420.0,3.69633958179953e-06,3.69633958179953e-06,3.69633958179953e-06,3.69633958179953e-06,0.0
1734969480.0,3.69633958179953e-06,3.69633958179953e-06,3.69633958179953e-06,3.69633958179953e-06,0.0
1734969540.0,3.69633958179953e-06,3.69633958179953e-06,3.69633958179953e-06,3.69633958179953e-06,0.0
1734969600.0,3.69633958179953e-06,3.69633958179953e-06,3.69633958179953e-06,3.69633958179953e-06,0.0
1734969660.0,3.69633958179953e-06,3.69633958179953e-06,3.69633958179953e-06,3.69633958179953e-06,0.0
1734969720.0,3.69633958179953e-06,3.69633958179953e-06,3.69633958179953e-06,3.69633958179953e-06,0.0
1734969780.0,3.69633958179953e-06,3.69633958179953e-06,3.69633958179953e-06,3.69633958179953e-06,0.0
1734969840.0,3.69633958179953e-06,3.69633958179953e-06,3.69633958179953e-06,3.69633958179953e-06,0.0
1734969900.0,3.69633958179953e-06,3.69633958179953e-06,3.69633958179953e-06,3.69633958179953e-06,0.0
1734969960.0,3.69633958179953e-06,3.69633958179953e-06,3.69633958179953e-06,3.69633958179953e-06,0.0
1734970020.0,3.69633958179953e-06,3.69633958179953e-06,3.69633958179953e-06,3.69633958179953e-06,0.0
1734970080.0,3.69633958179953e-06,3.69633958179953e-06,3.69633958179953e-06,3.69633958179953e-06,0.0
1734970140.0,3.69633958179953e-06,3.69633958179953e-06,3.69633958179953e-06,3.69633958179953e-06,0.0
1734970200.0,3.69633958179953e-06,3.69633958179953e-06,3.69633958179953e-06,3.69633958179953e-06,0.0
1734970260.0,3.69633958179953e-06,3.69633958179953e-06,3.69633958179953e-06,3.69633958179953e-06,0.0
1734970320.0,3.69633958179953e-06,3.69633958179953e-06,3.69633958179953e-06,3.69633958179953e-06,0.0
1734970380.0,3.69633958179953e-06,3.69633958179953e-06,3.69633958179953e-06,3.69633958179953e-06,0.0
1734970440.0,3.69633958179953e-06,3.69633958179953e-06,3.69633958179953e-06,3.69633958179953e-06,0.0
1734970500.0,3.69633958179953e-06,3.69633958179953e-06,3.69633958179953e-06,3.69633958179953e-06,0.0
1734970560.0,3.69633958179953e-06,3.69633958179953e-06,3.69633958179953e-06,3.69633958179953e-06,0.0
1734970620.0,3.69633958179953e-06,3.69633958179953e-06,3.69633958179953e-06,3.69633958179953e-06,0.0
1734970680.0,3.69633958179953e-06,3.69633958179953e-06,3.69633958179953e-06,3.69633958179953e-06,0.0
1734970740.0,3.69633958179953e-06,3.69633958179953e-06,3.69633958179953e-06,3.69633958179953e-06,0.0
1734970800.0,3.69633958179953e-06,3.69633958179953e-06,3.69633958179953e-06,3.69633958179953e-06,0.0
1734970860.0,3.69633958179953e-06,3.69633958179953e-06,3.69633958179953e-06,3.69633958179953e-06,0.0
