0,1,2,3,4,5
1737153240.0,0.0001815134094013,0.0007748746095891,1.05998362023637e-05,1.99669598024339e-05,678532.9578352016
1737153300.0,1.99669598024339e-05,2.57976279257522e-05,7.05450929019092e-06,8.92055743365677e-06,16367.26379648227
1737153360.0,8.92055743365677e-06,9.49821017088745e-06,8.1748841847409e-06,8.69815006625844e-06,2064.44963478799
1737153420.0,8.69815006625844e-06,8.93077912521221e-06,8.63116461127528e-06,8.87083734896704e-06,163.8116373436
1737153480.0,8.87083734896704e-06,8.88260848053497e-06,8.30372315970306e-06,8.33622195860764e-06,207.07395592425
1737153540.0,8.33622195860764e-06,8.62030962369939e-06,7.97567702801633e-06,8.62030962369939e-06,377.53176115456
1737153600.0,8.62030962369939e-06,8.6271095792105e-06,7.46073111992275e-06,7.50785068276763e-06,446.50322214207
1737153660.0,7.50785068276763e-06,7.50785068276763e-06,6.94617036836799e-06,6.94617036836799e-06,215.65590394343
1737153720.0,6.94617036836799e-06,6.94617036836799e-06,6.85748828576245e-06,6.85748828576245e-06,28.55078021125
1737153780.0,6.85748828576245e-06,6.85748828576245e-06,6.80139378529514e-06,6.80139378529514e-06,18.67788779202
1737153840.0,6.80139378529514e-06,6.82444514889415e-06,6.78121329479307e-06,6.82444514889415e-06,10.88926669575
1737153900.0,6.82444514889415e-06,6.82444514889415e-06,6.78329467854346e-06,6.78329467854346e-06,6.06943000206
1737153960.0,6.78329467854346e-06,6.78329467854346e-06,6.78329467854346e-06,6.78329467854346e-06,0.0
1737154020.0,6.78329467854346e-06,6.8008679470019e-06,6.78329467854346e-06,6.8008679470019e-06,0.21725748
1737154080.0,6.8008679470019e-06,8.25631361842975e-06,6.8008679470019e-06,8.22233249750317e-06,2186.9080254006
1737154140.0,8.22233249750317e-06,8.22233249750317e-06,6.73536484335314e-06,6.73536484335314e-06,17.5041792289
1737154200.0,6.73536484335314e-06,6.77212796932554e-06,6.73536484335314e-06,6.77212796932554e-06,10.85742075
1737154260.0,6.77212796932554e-06,6.77212796932554e-06,6.7299708277508e-06,6.7299708277508e-06,17.16220288145
1737154320.0,6.7299708277508e-06,6.74915403515871e-06,6.7299708277508e-06,6.74915403515871e-06,1.31337201108
1737154380.0,6.74915403515871e-06,6.74915403515871e-06,6.74915403515871e-06,6.74915403515871e-06,0.0
1737154440.0,6.74915403515871e-06,6.74915403515871e-06,6.74915403515871e-06,6.74915403515871e-06,0.0
1737154500.0,6.74915403515871e-06,6.74915403515871e-06,6.59809387881816e-06,6.59809387881816e-06,101.24480721357
1737154560.0,6.59809387881816e-06,6.59809387881816e-06,6.43835648073022e-06,6.43835648073022e-06,21.65568675138
1737154620.0,6.43835648073022e-06,6.43835648073022e-06,6.40836051943152e-06,6.40836051943152e-06,1.60237908061
1737154680.0,6.40836051943152e-06,6.40836051943152e-06,6.40836051943152e-06,6.40836051943152e-06,0.0
1737154740.0,6.40836051943152e-06,6.40836051943152e-06,6.40836051943152e-06,6.40836051943152e-06,0.0
1737154800.0,6.40836051943152e-06,6.40836051943152e-06,6.35069676828023e-06,6.35069676828023e-06,37.78357994639
1737154860.0,6.35069676828023e-06,6.35069676828023e-06,6.35069676828023e-06,6.35069676828023e-06,0.0
1737154920.0,6.35069676828023e-06,6.35069676828023e-06,6.29410700585919e-06,6.29410700585919e-06,0.1518560478
1737154980.0,6.29410700585919e-06,6.29410700585919e-06,6.29410700585919e-06,6.29410700585919e-06,0.0
1737155040.0,6.29410700585919e-06,6.29410700585919e-06,6.29410700585919e-06,6.29410700585919e-06,0.0
1737155100.0,6.29410700585919e-06,6.29410700585919e-06,6.29410700585919e-06,6.29410700585919e-06,0.0
1737155160.0,6.29410700585919e-06,6.29410700585919e-06,6.29410700585919e-06,6.29410700585919e-06,0.0
1737155220.0,6.29410700585919e-06,6.29410700585919e-06,6.29091226042628e-06,6.29091226042628e-06,8.42875116876
1737155280.0,6.29091226042628e-06,6.29091226042628e-06,6.26515462567824e-06,6.26515462567824e-06,11.09055106518
1737155340.0,6.26515462567824e-06,6.26515462567824e-06,6.26515462567824e-06,6.26515462567824e-06,0.0
1737155400.0,6.26515462567824e-06,6.26515462567824e-06,6.26515462567824e-06,6.26515462567824e-06,0.0
1737155460.0,6.26515462567824e-06,6.26515462567824e-06,6.26515462567824e-06,6.26515462567824e-06,0.0
1737155520.0,6.26515462567824e-06,6.26515462567824e-06,6.26515462567824e-06,6.26515462567824e-06,0.0
1737155580.0,6.26515462567824e-06,6.2999410895e-06,6.26515462567824e-06,6.26848744725e-06,6.28979137413
1737155640.0,6.26848744725e-06,6.26848744725e-06,6.2591996487e-06,6.2591996487e-06,3.7574335579
1737155700.0,6.2591996487e-06,6.2591996487e-06,6.19680263196219e-06,6.19680263196219e-06,27.55204451958
1737155760.0,6.19680263196219e-06,6.19680263196219e-06,6.19680263196219e-06,6.19680263196219e-06,0.0
1737155820.0,6.19680263196219e-06,6.19680263196219e-06,6.18135463911448e-06,6.18135463911448e-06,6.5115156158
1737155880.0,6.18135463911448e-06,6.18135463911448e-06,6.18135463911448e-06,6.18135463911448e-06,0.0
1737155940.0,6.18135463911448e-06,6.18135463911448e-06,6.18135463911448e-06,6.18135463911448e-06,0.0
1737156000.0,6.18135463911448e-06,6.18135463911448e-06,6.18135463911448e-06,6.18135463911448e-06,0.0
1737156060.0,6.18135463911448e-06,6.18135463911448e-06,6.18135463911448e-06,6.18135463911448e-06,0.0
1737156120.0,6.18135463911448e-06,6.18135463911448e-06,6.18135463911448e-06,6.18135463911448e-06,0.0
1737156180.0,6.18135463911448e-06,6.18135463911448e-06,6.17313872834472e-06,6.17313872834472e-06,3.05404322112
1737156240.0,6.17313872834472e-06,6.17313872834472e-06,6.16934709738424e-06,6.16934709738424e-06,1.48090516722
1737156300.0,6.16934709738424e-06,6.16934709738424e-06,6.16934709738424e-06,6.16934709738424e-06,0.0
1737156360.0,6.16934709738424e-06,6.16934709738424e-06,6.16934709738424e-06,6.16934709738424e-06,0.0
1737156420.0,6.16934709738424e-06,6.18073616173697e-06,6.16934709738424e-06,6.18073616173697e-06,0.8149632744
1737156480.0,6.18073616173697e-06,6.18073616173697e-06,6.18073616173697e-06,6.18073616173697e-06,0.0
1737156540.0,6.18073616173697e-06,6.18073616173697e-06,6.18073616173697e-06,6.18073616173697e-06,0.0
1737156600.0,6.18073616173697e-06,6.18073616173697e-06,6.18073616173697e-06,6.18073616173697e-06,0.0
1737156660.0,6.18073616173697e-06,6.18073616173697e-06,6.18073616173697e-06,6.18073616173697e-06,0.0
1737156720.0,6.18073616173697e-06,6.18073616173697e-06,5.94501681662391e-06,6.02356147214689e-06,90.9574472307
1737156780.0,6.02356147214689e-06,6.02356147214689e-06,6.02356147214689e-06,6.02356147214689e-06,0.0
1737156840.0,6.02356147214689e-06,6.02356147214689e-06,6.02356147214689e-06,6.02356147214689e-06,0.0
1737156900.0,6.02356147214689e-06,6.02356147214689e-06,6.02356147214689e-06,6.02356147214689e-06,0.0
1737156960.0,6.02356147214689e-06,6.02356147214689e-06,5.936483062389e-06,5.936483062389e-06,0.3078830895
1737157020.0,5.936483062389e-06,5.936483062389e-06,5.936483062389e-06,5.936483062389e-06,0.0
1737157080.0,5.936483062389e-06,5.936483062389e-06,5.936483062389e-06,5.936483062389e-06,0.0
1737157140.0,5.936483062389e-06,5.936483062389e-06,5.936483062389e-06,5.936483062389e-06,0.0
1737157200.0,5.936483062389e-06,5.94035338600539e-06,5.936483062389e-06,5.94035338600539e-06,0.000269696
1737157260.0,5.94035338600539e-06,5.94035338600539e-06,5.94035338600539e-06,5.94035338600539e-06,0.0
1737157320.0,5.94035338600539e-06,5.94035338600539e-06,5.94035338600539e-06,5.94035338600539e-06,0.0
1737157380.0,5.94035338600539e-06,5.94035338600539e-06,5.94035338600539e-06,5.94035338600539e-06,0.0
1737157440.0,5.94035338600539e-06,5.94035338600539e-06,5.94035338600539e-06,5.94035338600539e-06,0.0
1737157500.0,5.94035338600539e-06,5.94035338600539e-06,5.94035338600539e-06,5.94035338600539e-06,0.0
1737157560.0,5.94035338600539e-06,5.94035338600539e-06,5.94035338600539e-06,5.94035338600539e-06,0.0
1737157620.0,5.94035338600539e-06,5.94035338600539e-06,5.94035338600539e-06,5.94035338600539e-06,0.0
1737157680.0,5.94035338600539e-06,5.94035338600539e-06,5.94035338600539e-06,5.94035338600539e-06,0.0
1737157740.0,5.94035338600539e-06,5.94035338600539e-06,5.94035338600539e-06,5.94035338600539e-06,0.0
1737157800.0,5.94035338600539e-06,5.94035338600539e-06,5.94035338600539e-06,5.94035338600539e-06,0.0
1737157860.0,5.94035338600539e-06,5.94035338600539e-06,5.94035338600539e-06,5.94035338600539e-06,0.0
1737157920.0,5.94035338600539e-06,5.94035338600539e-06,5.94035338600539e-06,5.94035338600539e-06,0.0
1737157980.0,5.94035338600539e-06,5.94035338600539e-06,5.94035338600539e-06,5.94035338600539e-06,0.0
1737158040.0,5.94035338600539e-06,5.94035338600539e-06,5.94035338600539e-06,5.94035338600539e-06,0.0
1737158100.0,5.94035338600539e-06,5.94035338600539e-06,5.94035338600539e-06,5.94035338600539e-06,0.0
1737158160.0,5.94035338600539e-06,5.94035338600539e-06,5.94035338600539e-06,5.94035338600539e-06,0.0
1737158220.0,5.94035338600539e-06,5.94035338600539e-06,5.90323242698197e-06,5.90323242698197e-06,22.53867831396
1737158280.0,5.90323242698197e-06,5.92333951633312e-06,5.895021158e-06,5.895021158e-06,9.9670042316
1737158340.0,5.895021158e-06,5.895021158e-06,5.87501865263158e-06,5.87501865263158e-06,7.5488435273
1737158400.0,5.87501865263158e-06,5.87501865263158e-06,5.87501865263158e-06,5.87501865263158e-06,0.0
1737158460.0,5.87501865263158e-06,5.87501865263158e-06,5.83178254353559e-06,5.83178254353559e-06,32.9162572915
1737158520.0,5.83178254353559e-06,5.83178254353559e-06,5.83178254353559e-06,5.83178254353559e-06,0.0
1737158580.0,5.83178254353559e-06,5.83178254353559e-06,5.83178254353559e-06,5.83178254353559e-06,0.0
1737158640.0,5.83178254353559e-06,5.83178254353559e-06,5.83178254353559e-06,5.83178254353559e-06,0.0
1737158700.0,5.83178254353559e-06,5.83178254353559e-06,5.83178254353559e-06,5.83178254353559e-06,0.0
1737158760.0,5.83178254353559e-06,5.83178254353559e-06,5.83178254353559e-06,5.83178254353559e-06,0.0
1737158820.0,5.83178254353559e-06,5.83178254353559e-06,5.83178254353559e-06,5.83178254353559e-06,0.0
1737158880.0,5.83178254353559e-06,5.83178254353559e-06,5.83178254353559e-06,5.83178254353559e-06,0.0
1737158940.0,5.83178254353559e-06,5.83178254353559e-06,5.83178254353559e-06,5.83178254353559e-06,0.0
1737159000.0,5.83178254353559e-06,5.83178254353559e-06,5.83178254353559e-06,5.83178254353559e-06,0.0
1737159060.0,5.83178254353559e-06,5.83178254353559e-06,5.83178254353559e-06,5.83178254353559e-06,0.0
1737159120.0,5.83178254353559e-06,5.83178254353559e-06,5.83178254353559e-06,5.83178254353559e-06,0.0
1737159180.0,5.83178254353559e-06,5.83178254353559e-06,5.83178254353559e-06,5.83178254353559e-06,0.0
1737159240.0,5.83178254353559e-06,5.83178254353559e-06,5.83178254353559e-06,5.83178254353559e-06,0.0
1737159300.0,5.83178254353559e-06,5.83178254353559e-06,5.83178254353559e-06,5.83178254353559e-06,0.0
1737159360.0,5.83178254353559e-06,5.83178254353559e-06,5.79197885599311e-06,5.79197885599311e-06,7.09500498737
1737159420.0,5.79197885599311e-06,5.79197885599311e-06,5.79197885599311e-06,5.79197885599311e-06,0.0
1737159480.0,5.79197885599311e-06,5.79197885599311e-06,5.79197885599311e-06,5.79197885599311e-06,0.0
1737159540.0,5.79197885599311e-06,5.79197885599311e-06,5.79197885599311e-06,5.79197885599311e-06,0.0
1737159600.0,5.79197885599311e-06,5.79197885599311e-06,5.79197885599311e-06,5.79197885599311e-06,0.0
1737159660.0,5.79197885599311e-06,5.79197885599311e-06,5.79197885599311e-06,5.79197885599311e-06,0.0
1737159720.0,5.79197885599311e-06,5.79197885599311e-06,5.79197885599311e-06,5.79197885599311e-06,0.0
1737159780.0,5.79197885599311e-06,5.79197885599311e-06,5.79197885599311e-06,5.79197885599311e-06,0.0
1737159840.0,5.79197885599311e-06,5.79197885599311e-06,5.79197885599311e-06,5.79197885599311e-06,0.0
1737159900.0,5.79197885599311e-06,5.79197885599311e-06,5.79197885599311e-06,5.79197885599311e-06,0.0
1737159960.0,5.79197885599311e-06,5.79197885599311e-06,5.79197885599311e-06,5.79197885599311e-06,0.0
1737160020.0,5.79197885599311e-06,5.79197885599311e-06,5.79197885599311e-06,5.79197885599311e-06,0.0
1737160080.0,5.79197885599311e-06,5.79197885599311e-06,5.79197885599311e-06,5.79197885599311e-06,0.0
1737160140.0,5.79197885599311e-06,5.79197885599311e-06,5.79197885599311e-06,5.79197885599311e-06,0.0
1737160200.0,5.79197885599311e-06,5.79197885599311e-06,5.79197885599311e-06,5.79197885599311e-06,0.0
1737160260.0,5.79197885599311e-06,5.79197885599311e-06,5.79197885599311e-06,5.79197885599311e-06,0.0
1737160320.0,5.79197885599311e-06,5.79197885599311e-06,5.79197885599311e-06,5.79197885599311e-06,0.0
1737160380.0,5.79197885599311e-06,5.79197885599311e-06,5.79197885599311e-06,5.79197885599311e-06,0.0
1737160440.0,5.79197885599311e-06,5.79197885599311e-06,5.79197885599311e-06,5.79197885599311e-06,0.0
1737160500.0,5.79197885599311e-06,5.79197885599311e-06,5.79197885599311e-06,5.79197885599311e-06,0.0
1737160560.0,5.79197885599311e-06,5.79197885599311e-06,5.79197885599311e-06,5.79197885599311e-06,0.0
1737160620.0,5.79197885599311e-06,5.79197885599311e-06,5.79197885599311e-06,5.79197885599311e-06,0.0
1737160680.0,5.79197885599311e-06,5.79197885599311e-06,5.79197885599311e-06,5.79197885599311e-06,0.0
1737160740.0,5.79197885599311e-06,5.79197885599311e-06,5.79197885599311e-06,5.79197885599311e-06,0.0
1737160800.0,5.79197885599311e-06,5.79197885599311e-06,5.79197885599311e-06,5.79197885599311e-06,0.0
1737160860.0,5.79197885599311e-06,5.79197885599311e-06,5.79197885599311e-06,5.79197885599311e-06,0.0
1737160920.0,5.79197885599311e-06,5.79197885599311e-06,5.79197885599311e-06,5.79197885599311e-06,0.0
1737160980.0,5.79197885599311e-06,5.79197885599311e-06,5.79197885599311e-06,5.79197885599311e-06,0.0
1737161040.0,5.79197885599311e-06,5.79197885599311e-06,5.79197885599311e-06,5.79197885599311e-06,0.0
1737161100.0,5.79197885599311e-06,5.79197885599311e-06,5.79197885599311e-06,5.79197885599311e-06,0.0
1737161160.0,5.79197885599311e-06,5.79197885599311e-06,5.79197885599311e-06,5.79197885599311e-06,0.0
1737161220.0,5.79197885599311e-06,5.79197885599311e-06,5.79197885599311e-06,5.79197885599311e-06,0.0
1737161280.0,5.79197885599311e-06,5.79197885599311e-06,5.79197885599311e-06,5.79197885599311e-06,0.0
1737161340.0,5.79197885599311e-06,5.79197885599311e-06,5.79197885599311e-06,5.79197885599311e-06,0.0
1737161400.0,5.79197885599311e-06,5.79197885599311e-06,5.79197885599311e-06,5.79197885599311e-06,0.0
1737161460.0,5.79197885599311e-06,5.79197885599311e-06,5.79197885599311e-06,5.79197885599311e-06,0.0
1737161520.0,5.79197885599311e-06,5.79197885599311e-06,5.79197885599311e-06,5.79197885599311e-06,0.0
1737161580.0,5.79197885599311e-06,5.79197885599311e-06,5.79197885599311e-06,5.79197885599311e-06,0.0
1737161640.0,5.79197885599311e-06,5.80402734635585e-06,5.79197885599311e-06,5.80402734635585e-06,1.06977543018
1737161700.0,5.80402734635585e-06,5.80402734635585e-06,5.80402734635585e-06,5.80402734635585e-06,0.0
1737161760.0,5.80402734635585e-06,5.80402734635585e-06,5.80402734635585e-06,5.80402734635585e-06,0.0
1737161820.0,5.80402734635585e-06,5.80402734635585e-06,5.80402734635585e-06,5.80402734635585e-06,0.0
1737161880.0,5.80402734635585e-06,5.80402734635585e-06,5.80402734635585e-06,5.80402734635585e-06,0.0
1737161940.0,5.80402734635585e-06,5.80402734635585e-06,5.80402734635585e-06,5.80402734635585e-06,0.0
1737162000.0,5.80402734635585e-06,5.80402734635585e-06,5.80402734635585e-06,5.80402734635585e-06,0.0
1737162060.0,5.80402734635585e-06,5.80402734635585e-06,5.80402734635585e-06,5.80402734635585e-06,0.0
1737162120.0,5.80402734635585e-06,5.80402734635585e-06,5.80402734635585e-06,5.80402734635585e-06,0.0
1737162180.0,5.80402734635585e-06,5.80402734635585e-06,5.80402734635585e-06,5.80402734635585e-06,0.0
1737162240.0,5.80402734635585e-06,5.80402734635585e-06,5.80402734635585e-06,5.80402734635585e-06,0.0
1737162300.0,5.80402734635585e-06,5.80402734635585e-06,5.80402734635585e-06,5.80402734635585e-06,0.0
1737162360.0,5.80402734635585e-06,5.80402734635585e-06,5.80402734635585e-06,5.80402734635585e-06,0.0
1737162420.0,5.80402734635585e-06,5.80402734635585e-06,5.75606618201973e-06,5.75606618201973e-06,15.32464971375
1737162480.0,5.75606618201973e-06,5.75606618201973e-06,5.75606618201973e-06,5.75606618201973e-06,0.0
1737162540.0,5.75606618201973e-06,5.75606618201973e-06,5.75606618201973e-06,5.75606618201973e-06,0.0
1737162600.0,5.75606618201973e-06,5.75606618201973e-06,5.75606618201973e-06,5.75606618201973e-06,0.0
1737162660.0,5.75606618201973e-06,5.75606618201973e-06,5.75606618201973e-06,5.75606618201973e-06,0.0
1737162720.0,5.75606618201973e-06,5.75606618201973e-06,5.70467733380036e-06,5.70467733380036e-06,17.49822490612
1737162780.0,5.70467733380036e-06,5.70467733380036e-06,5.70467733380036e-06,5.70467733380036e-06,0.0
1737162840.0,5.70467733380036e-06,5.70467733380036e-06,5.70467733380036e-06,5.70467733380036e-06,0.0
1737162900.0,5.70467733380036e-06,5.70467733380036e-06,5.70467733380036e-06,5.70467733380036e-06,0.0
1737162960.0,5.70467733380036e-06,5.70467733380036e-06,5.70467733380036e-06,5.70467733380036e-06,0.0
1737163020.0,5.70467733380036e-06,5.70467733380036e-06,5.70467733380036e-06,5.70467733380036e-06,0.0
1737163080.0,5.70467733380036e-06,5.70467733380036e-06,5.70467733380036e-06,5.70467733380036e-06,0.0
1737163140.0,5.70467733380036e-06,5.70467733380036e-06,5.70467733380036e-06,5.70467733380036e-06,0.0
1737163200.0,5.70467733380036e-06,5.70467733380036e-06,5.70467733380036e-06,5.70467733380036e-06,0.0
1737163260.0,5.70467733380036e-06,5.70467733380036e-06,5.70467733380036e-06,5.70467733380036e-06,0.0
1737163320.0,5.70467733380036e-06,5.70467733380036e-06,5.70467733380036e-06,5.70467733380036e-06,0.0
1737163380.0,5.70467733380036e-06,5.70467733380036e-06,5.70467733380036e-06,5.70467733380036e-06,0.0
1737163440.0,5.70467733380036e-06,5.70467733380036e-06,5.70467733380036e-06,5.70467733380036e-06,0.0
1737163500.0,5.70467733380036e-06,5.70467733380036e-06,5.70467733380036e-06,5.70467733380036e-06,0.0
1737163560.0,5.70467733380036e-06,5.70467733380036e-06,5.70467733380036e-06,5.70467733380036e-06,0.0
1737163620.0,5.70467733380036e-06,5.70467733380036e-06,5.70467733380036e-06,5.70467733380036e-06,0.0
1737163680.0,5.70467733380036e-06,5.70467733380036e-06,5.64068501790299e-06,5.64068501790299e-06,31.1831300307
1737163740.0,5.64068501790299e-06,5.64068501790299e-06,5.64068501790299e-06,5.64068501790299e-06,0.0
1737163800.0,5.64068501790299e-06,5.64068501790299e-06,5.64068501790299e-06,5.64068501790299e-06,0.0
1737163860.0,5.64068501790299e-06,5.64068501790299e-06,5.64068501790299e-06,5.64068501790299e-06,0.0
1737163920.0,5.64068501790299e-06,5.64068501790299e-06,5.64068501790299e-06,5.64068501790299e-06,0.0
1737163980.0,5.64068501790299e-06,5.64068501790299e-06,5.64068501790299e-06,5.64068501790299e-06,0.0
1737164040.0,5.64068501790299e-06,5.64068501790299e-06,5.64068501790299e-06,5.64068501790299e-06,0.0
1737164100.0,5.64068501790299e-06,5.64068501790299e-06,5.64068501790299e-06,5.64068501790299e-06,0.0
1737164160.0,5.64068501790299e-06,5.64068501790299e-06,5.64068501790299e-06,5.64068501790299e-06,0.0
1737164220.0,5.64068501790299e-06,5.64068501790299e-06,5.64068501790299e-06,5.64068501790299e-06,0.0
1737164280.0,5.64068501790299e-06,5.64068501790299e-06,5.64068501790299e-06,5.64068501790299e-06,0.0
1737164340.0,5.64068501790299e-06,5.64068501790299e-06,5.64068501790299e-06,5.64068501790299e-06,0.0
1737164400.0,5.64068501790299e-06,5.64068501790299e-06,5.64068501790299e-06,5.64068501790299e-06,0.0
1737164460.0,5.64068501790299e-06,5.64068501790299e-06,5.64068501790299e-06,5.64068501790299e-06,0.0
1737164520.0,5.64068501790299e-06,5.64068501790299e-06,5.64068501790299e-06,5.64068501790299e-06,0.0
1737164580.0,5.64068501790299e-06,5.64068501790299e-06,5.64068501790299e-06,5.64068501790299e-06,0.0
1737164640.0,5.64068501790299e-06,5.64068501790299e-06,5.64068501790299e-06,5.64068501790299e-06,0.0
1737164700.0,5.64068501790299e-06,5.64068501790299e-06,5.64068501790299e-06,5.64068501790299e-06,0.0
1737164760.0,5.64068501790299e-06,5.64068501790299e-06,5.64068501790299e-06,5.64068501790299e-06,0.0
1737164820.0,5.64068501790299e-06,5.64068501790299e-06,5.64068501790299e-06,5.64068501790299e-06,0.0
1737164880.0,5.64068501790299e-06,5.64068501790299e-06,5.57385451341138e-06,5.57385451341138e-06,0.31746480854
1737164940.0,5.57385451341138e-06,5.57385451341138e-06,5.57385451341138e-06,5.57385451341138e-06,0.0
1737165000.0,5.57385451341138e-06,5.57385451341138e-06,5.57385451341138e-06,5.57385451341138e-06,0.0
1737165060.0,5.57385451341138e-06,5.57385451341138e-06,5.57385451341138e-06,5.57385451341138e-06,0.0
1737165120.0,5.57385451341138e-06,5.57385451341138e-06,5.57385451341138e-06,5.57385451341138e-06,0.0
1737165180.0,5.57385451341138e-06,5.57385451341138e-06,5.57385451341138e-06,5.57385451341138e-06,0.0
1737165240.0,5.57385451341138e-06,5.57385451341138e-06,5.57385451341138e-06,5.57385451341138e-06,0.0
1737165300.0,5.57385451341138e-06,5.57385451341138e-06,5.57385451341138e-06,5.57385451341138e-06,0.0
1737165360.0,5.57385451341138e-06,5.57385451341138e-06,5.57385451341138e-06,5.57385451341138e-06,0.0
1737165420.0,5.57385451341138e-06,5.57385451341138e-06,5.57385451341138e-06,5.57385451341138e-06,0.0
1737165480.0,5.57385451341138e-06,5.57385451341138e-06,5.57385451341138e-06,5.57385451341138e-06,0.0
1737165540.0,5.57385451341138e-06,5.57385451341138e-06,5.57385451341138e-06,5.57385451341138e-06,0.0
1737165600.0,5.57385451341138e-06,5.57385451341138e-06,5.57385451341138e-06,5.57385451341138e-06,0.0
1737165660.0,5.57385451341138e-06,5.57385451341138e-06,5.57385451341138e-06,5.57385451341138e-06,0.0
1737165720.0,5.57385451341138e-06,5.57385451341138e-06,5.57385451341138e-06,5.57385451341138e-06,0.0
1737165780.0,5.57385451341138e-06,5.57385451341138e-06,5.57385451341138e-06,5.57385451341138e-06,0.0
1737165840.0,5.57385451341138e-06,5.57385451341138e-06,5.57385451341138e-06,5.57385451341138e-06,0.0
1737165900.0,5.57385451341138e-06,5.57385451341138e-06,5.57385451341138e-06,5.57385451341138e-06,0.0
1737165960.0,5.57385451341138e-06,5.57385451341138e-06,5.57385451341138e-06,5.57385451341138e-06,0.0
1737166020.0,5.57385451341138e-06,5.57385451341138e-06,5.57385451341138e-06,5.57385451341138e-06,0.0
1737166080.0,5.57385451341138e-06,5.57385451341138e-06,5.57385451341138e-06,5.57385451341138e-06,0.0
1737166140.0,5.57385451341138e-06,5.57385451341138e-06,5.57385451341138e-06,5.57385451341138e-06,0.0
1737166200.0,5.57385451341138e-06,5.57385451341138e-06,5.57385451341138e-06,5.57385451341138e-06,0.0
1737166260.0,5.57385451341138e-06,5.57385451341138e-06,5.57385451341138e-06,5.57385451341138e-06,0.0
1737166320.0,5.57385451341138e-06,5.57385451341138e-06,5.57385451341138e-06,5.57385451341138e-06,0.0
1737166380.0,5.57385451341138e-06,5.57385451341138e-06,5.57385451341138e-06,5.57385451341138e-06,0.0
1737166440.0,5.57385451341138e-06,5.57385451341138e-06,5.57385451341138e-06,5.57385451341138e-06,0.0
1737166500.0,5.57385451341138e-06,5.57385451341138e-06,5.57385451341138e-06,5.57385451341138e-06,0.0
1737166560.0,5.57385451341138e-06,5.57385451341138e-06,5.57385451341138e-06,5.57385451341138e-06,0.0
1737166620.0,5.57385451341138e-06,5.57385451341138e-06,5.57385451341138e-06,5.57385451341138e-06,0.0
1737166680.0,5.57385451341138e-06,5.57385451341138e-06,5.57385451341138e-06,5.57385451341138e-06,0.0
1737166740.0,5.57385451341138e-06,5.57385451341138e-06,5.57385451341138e-06,5.57385451341138e-06,0.0
1737166800.0,5.57385451341138e-06,5.57385451341138e-06,5.57385451341138e-06,5.57385451341138e-06,0.0
1737166860.0,5.57385451341138e-06,5.57385451341138e-06,5.57385451341138e-06,5.57385451341138e-06,0.0
1737166920.0,5.57385451341138e-06,5.57385451341138e-06,5.57385451341138e-06,5.57385451341138e-06,0.0
1737166980.0,5.57385451341138e-06,5.57385451341138e-06,5.57385451341138e-06,5.57385451341138e-06,0.0
1737167040.0,5.57385451341138e-06,5.57385451341138e-06,5.57385451341138e-06,5.57385451341138e-06,0.0
1737167100.0,5.57385451341138e-06,5.57385451341138e-06,5.57385451341138e-06,5.57385451341138e-06,0.0
1737167160.0,5.57385451341138e-06,5.57385451341138e-06,5.57385451341138e-06,5.57385451341138e-06,0.0
1737167220.0,5.57385451341138e-06,5.57385451341138e-06,5.57385451341138e-06,5.57385451341138e-06,0.0
1737167280.0,5.57385451341138e-06,5.57385451341138e-06,5.57385451341138e-06,5.57385451341138e-06,0.0
1737167340.0,5.57385451341138e-06,5.57385451341138e-06,5.57385451341138e-06,5.57385451341138e-06,0.0
1737167400.0,5.57385451341138e-06,5.57385451341138e-06,5.57385451341138e-06,5.57385451341138e-06,0.0
1737167460.0,5.57385451341138e-06,5.57385451341138e-06,5.57385451341138e-06,5.57385451341138e-06,0.0
1737167520.0,5.57385451341138e-06,5.57385451341138e-06,5.57385451341138e-06,5.57385451341138e-06,0.0
1737167580.0,5.57385451341138e-06,5.57385451341138e-06,5.57385451341138e-06,5.57385451341138e-06,0.0
1737167640.0,5.57385451341138e-06,5.57385451341138e-06,5.57385451341138e-06,5.57385451341138e-06,0.0
1737167700.0,5.57385451341138e-06,5.57385451341138e-06,5.57385451341138e-06,5.57385451341138e-06,0.0
1737167760.0,5.57385451341138e-06,5.57385451341138e-06,5.57385451341138e-06,5.57385451341138e-06,0.0
1737167820.0,5.57385451341138e-06,5.57385451341138e-06,5.57385451341138e-06,5.57385451341138e-06,0.0
1737167880.0,5.57385451341138e-06,5.57385451341138e-06,5.57385451341138e-06,5.57385451341138e-06,0.0
1737167940.0,5.57385451341138e-06,5.57385451341138e-06,5.57385451341138e-06,5.57385451341138e-06,0.0
1737168000.0,5.57385451341138e-06,5.57385451341138e-06,5.57385451341138e-06,5.57385451341138e-06,0.0
1737168060.0,5.57385451341138e-06,5.57385451341138e-06,5.57385451341138e-06,5.57385451341138e-06,0.0
1737168120.0,5.57385451341138e-06,5.57385451341138e-06,5.57385451341138e-06,5.57385451341138e-06,0.0
1737168180.0,5.57385451341138e-06,5.57385451341138e-06,5.57385451341138e-06,5.57385451341138e-06,0.0
1737168240.0,5.57385451341138e-06,5.57385451341138e-06,5.57385451341138e-06,5.57385451341138e-06,0.0
1737168300.0,5.57385451341138e-06,5.57385451341138e-06,5.57385451341138e-06,5.57385451341138e-06,0.0
1737168360.0,5.57385451341138e-06,5.57385451341138e-06,5.57385451341138e-06,5.57385451341138e-06,0.0
1737168420.0,5.57385451341138e-06,5.57385451341138e-06,5.57385451341138e-06,5.57385451341138e-06,0.0
1737168480.0,5.57385451341138e-06,5.57385451341138e-06,5.57385451341138e-06,5.57385451341138e-06,0.0
1737168540.0,5.57385451341138e-06,5.57385451341138e-06,5.57385451341138e-06,5.57385451341138e-06,0.0
1737168600.0,5.57385451341138e-06,5.57385451341138e-06,5.57385451341138e-06,5.57385451341138e-06,0.0
1737168660.0,5.57385451341138e-06,5.57385451341138e-06,5.57385451341138e-06,5.57385451341138e-06,0.0
1737168720.0,5.57385451341138e-06,5.57385451341138e-06,5.57385451341138e-06,5.57385451341138e-06,0.0
1737168780.0,5.57385451341138e-06,5.57385451341138e-06,5.57385451341138e-06,5.57385451341138e-06,0.0
1737168840.0,5.57385451341138e-06,5.57385451341138e-06,5.57385451341138e-06,5.57385451341138e-06,0.0
1737168900.0,5.57385451341138e-06,5.57385451341138e-06,5.57385451341138e-06,5.57385451341138e-06,0.0
1737168960.0,5.57385451341138e-06,5.57385451341138e-06,5.57385451341138e-06,5.57385451341138e-06,0.0
1737169020.0,5.57385451341138e-06,5.57385451341138e-06,5.57385451341138e-06,5.57385451341138e-06,0.0
1737169080.0,5.57385451341138e-06,5.57385451341138e-06,5.57385451341138e-06,5.57385451341138e-06,0.0
1737169140.0,5.57385451341138e-06,5.57385451341138e-06,5.57385451341138e-06,5.57385451341138e-06,0.0
1737169200.0,5.57385451341138e-06,5.57385451341138e-06,5.57385451341138e-06,5.57385451341138e-06,0.0
1737169260.0,5.57385451341138e-06,5.57385451341138e-06,5.57385451341138e-06,5.57385451341138e-06,0.0
1737169320.0,5.57385451341138e-06,5.57385451341138e-06,5.57385451341138e-06,5.57385451341138e-06,0.0
1737169380.0,5.57385451341138e-06,5.57385451341138e-06,5.57385451341138e-06,5.57385451341138e-06,0.0
1737169440.0,5.57385451341138e-06,5.57385451341138e-06,5.57385451341138e-06,5.57385451341138e-06,0.0
1737169500.0,5.57385451341138e-06,5.57385451341138e-06,5.57385451341138e-06,5.57385451341138e-06,0.0
1737169560.0,5.57385451341138e-06,5.57385451341138e-06,5.57385451341138e-06,5.57385451341138e-06,0.0
1737169620.0,5.57385451341138e-06,5.57385451341138e-06,5.57385451341138e-06,5.57385451341138e-06,0.0
1737169680.0,5.57385451341138e-06,5.57385451341138e-06,5.57385451341138e-06,5.57385451341138e-06,0.0
1737169740.0,5.57385451341138e-06,5.57385451341138e-06,5.57385451341138e-06,5.57385451341138e-06,0.0
1737169800.0,5.57385451341138e-06,5.57385451341138e-06,5.57385451341138e-06,5.57385451341138e-06,0.0
1737169860.0,5.57385451341138e-06,5.57385451341138e-06,5.57385451341138e-06,5.57385451341138e-06,0.0
1737169920.0,5.57385451341138e-06,5.57385451341138e-06,5.57385451341138e-06,5.57385451341138e-06,0.0
1737169980.0,5.57385451341138e-06,5.57385451341138e-06,5.57385451341138e-06,5.57385451341138e-06,0.0
1737170040.0,5.57385451341138e-06,5.57385451341138e-06,5.57385451341138e-06,5.57385451341138e-06,0.0
1737170100.0,5.57385451341138e-06,5.57385451341138e-06,5.57385451341138e-06,5.57385451341138e-06,0.0
1737170160.0,5.57385451341138e-06,5.57385451341138e-06,5.57385451341138e-06,5.57385451341138e-06,0.0
1737170220.0,5.57385451341138e-06,5.57385451341138e-06,5.57385451341138e-06,5.57385451341138e-06,0.0
1737170280.0,5.57385451341138e-06,5.57385451341138e-06,5.57385451341138e-06,5.57385451341138e-06,0.0
1737170340.0,5.57385451341138e-06,5.57385451341138e-06,5.57385451341138e-06,5.57385451341138e-06,0.0
1737170400.0,5.57385451341138e-06,5.57385451341138e-06,5.57385451341138e-06,5.57385451341138e-06,0.0
1737170460.0,5.57385451341138e-06,5.57385451341138e-06,5.57385451341138e-06,5.57385451341138e-06,0.0
1737170520.0,5.57385451341138e-06,5.73490430017747e-06,5.57385451341138e-06,5.73490430017747e-06,2.85737694786
1737170580.0,5.73490430017747e-06,5.73490430017747e-06,5.73490430017747e-06,5.73490430017747e-06,0.0
1737170640.0,5.73490430017747e-06,5.73490430017747e-06,5.73490430017747e-06,5.73490430017747e-06,0.0
1737170700.0,5.73490430017747e-06,5.73490430017747e-06,5.73490430017747e-06,5.73490430017747e-06,0.0
1737170760.0,5.73490430017747e-06,5.73490430017747e-06,5.73490430017747e-06,5.73490430017747e-06,0.0
1737170820.0,5.73490430017747e-06,5.73490430017747e-06,5.73490430017747e-06,5.73490430017747e-06,0.0
1737170880.0,5.73490430017747e-06,5.73490430017747e-06,5.73490430017747e-06,5.73490430017747e-06,0.0
1737170940.0,5.73490430017747e-06,5.73490430017747e-06,5.73490430017747e-06,5.73490430017747e-06,0.0
1737171000.0,5.73490430017747e-06,5.73490430017747e-06,5.73490430017747e-06,5.73490430017747e-06,0.0
1737171060.0,5.73490430017747e-06,5.73490430017747e-06,5.73490430017747e-06,5.73490430017747e-06,0.0
1737171120.0,5.73490430017747e-06,5.73490430017747e-06,5.73490430017747e-06,5.73490430017747e-06,0.0
1737171180.0,5.73490430017747e-06,5.73490430017747e-06,5.73490430017747e-06,5.73490430017747e-06,0.0
1737171240.0,5.73490430017747e-06,5.73490430017747e-06,5.73490430017747e-06,5.73490430017747e-06,0.0
1737171300.0,5.73490430017747e-06,5.73490430017747e-06,5.73490430017747e-06,5.73490430017747e-06,0.0
1737171360.0,5.73490430017747e-06,5.73490430017747e-06,5.73490430017747e-06,5.73490430017747e-06,0.0
1737171420.0,5.73490430017747e-06,5.73490430017747e-06,5.73490430017747e-06,5.73490430017747e-06,0.0
1737171480.0,5.73490430017747e-06,5.73490430017747e-06,5.73490430017747e-06,5.73490430017747e-06,0.0
1737171540.0,5.73490430017747e-06,5.73490430017747e-06,5.73490430017747e-06,5.73490430017747e-06,0.0
1737171600.0,5.73490430017747e-06,5.73490430017747e-06,5.73490430017747e-06,5.73490430017747e-06,0.0
1737171660.0,5.73490430017747e-06,5.73490430017747e-06,5.73490430017747e-06,5.73490430017747e-06,0.0
1737171720.0,5.73490430017747e-06,5.73490430017747e-06,5.73490430017747e-06,5.73490430017747e-06,0.0
1737171780.0,5.73490430017747e-06,5.73490430017747e-06,5.73490430017747e-06,5.73490430017747e-06,0.0
1737171840.0,5.73490430017747e-06,5.73490430017747e-06,5.73490430017747e-06,5.73490430017747e-06,0.0
1737171900.0,5.73490430017747e-06,5.73490430017747e-06,5.73490430017747e-06,5.73490430017747e-06,0.0
1737171960.0,5.73490430017747e-06,5.73490430017747e-06,5.73490430017747e-06,5.73490430017747e-06,0.0
1737172020.0,5.73490430017747e-06,5.73490430017747e-06,5.73490430017747e-06,5.73490430017747e-06,0.0
1737172080.0,5.73490430017747e-06,5.73490430017747e-06,5.73490430017747e-06,5.73490430017747e-06,0.0
1737172140.0,5.73490430017747e-06,5.73490430017747e-06,5.73490430017747e-06,5.73490430017747e-06,0.0
1737172200.0,5.73490430017747e-06,5.73490430017747e-06,5.73490430017747e-06,5.73490430017747e-06,0.0
1737172260.0,5.73490430017747e-06,5.73490430017747e-06,5.73490430017747e-06,5.73490430017747e-06,0.0
1737172320.0,5.73490430017747e-06,5.73490430017747e-06,5.73490430017747e-06,5.73490430017747e-06,0.0
1737172380.0,5.73490430017747e-06,5.73490430017747e-06,5.73490430017747e-06,5.73490430017747e-06,0.0
1737172440.0,5.73490430017747e-06,5.73490430017747e-06,5.73490430017747e-06,5.73490430017747e-06,0.0
1737172500.0,5.73490430017747e-06,5.73490430017747e-06,5.64304678964922e-06,5.64304678964922e-06,1.3088427243
1737172560.0,5.64304678964922e-06,5.64304678964922e-06,5.64304678964922e-06,5.64304678964922e-06,0.0
1737172620.0,5.64304678964922e-06,5.64304678964922e-06,5.64304678964922e-06,5.64304678964922e-06,0.0
1737172680.0,5.64304678964922e-06,5.64304678964922e-06,5.64304678964922e-06,5.64304678964922e-06,0.0
1737172740.0,5.64304678964922e-06,5.64304678964922e-06,5.64304678964922e-06,5.64304678964922e-06,0.0
1737172800.0,5.64304678964922e-06,5.64304678964922e-06,5.64304678964922e-06,5.64304678964922e-06,0.0
1737172860.0,5.64304678964922e-06,5.64304678964922e-06,5.64304678964922e-06,5.64304678964922e-06,0.0
1737172920.0,5.64304678964922e-06,5.64304678964922e-06,5.64304678964922e-06,5.64304678964922e-06,0.0
1737172980.0,5.64304678964922e-06,5.64304678964922e-06,5.64304678964922e-06,5.64304678964922e-06,0.0
1737173040.0,5.64304678964922e-06,5.64304678964922e-06,5.64304678964922e-06,5.64304678964922e-06,0.0
1737173100.0,5.64304678964922e-06,5.64304678964922e-06,5.64304678964922e-06,5.64304678964922e-06,0.0
1737173160.0,5.64304678964922e-06,5.64304678964922e-06,5.64304678964922e-06,5.64304678964922e-06,0.0
1737173220.0,5.64304678964922e-06,5.64304678964922e-06,5.64304678964922e-06,5.64304678964922e-06,0.0
1737173280.0,5.64304678964922e-06,5.64304678964922e-06,5.64304678964922e-06,5.64304678964922e-06,0.0
1737173340.0,5.64304678964922e-06,5.64304678964922e-06,5.64304678964922e-06,5.64304678964922e-06,0.0
1737173400.0,5.64304678964922e-06,5.64304678964922e-06,5.64304678964922e-06,5.64304678964922e-06,0.0
1737173460.0,5.64304678964922e-06,5.64304678964922e-06,5.64304678964922e-06,5.64304678964922e-06,0.0
1737173520.0,5.64304678964922e-06,5.74667827040047e-06,5.64304678964922e-06,5.74667827040047e-06,9.65012826845
1737173580.0,5.74667827040047e-06,5.74667827040047e-06,5.70015393847062e-06,5.70015393847062e-06,23.639062797
1737173640.0,5.70015393847062e-06,5.70015393847062e-06,5.70015393847062e-06,5.70015393847062e-06,0.0
1737173700.0,5.70015393847062e-06,5.70015393847062e-06,5.70015393847062e-06,5.70015393847062e-06,0.0
1737173760.0,5.70015393847062e-06,5.70015393847062e-06,5.70015393847062e-06,5.70015393847062e-06,0.0
1737173820.0,5.70015393847062e-06,5.70015393847062e-06,5.70015393847062e-06,5.70015393847062e-06,0.0
1737173880.0,5.70015393847062e-06,5.70015393847062e-06,5.70015393847062e-06,5.70015393847062e-06,0.0
1737173940.0,5.70015393847062e-06,5.70015393847062e-06,5.70015393847062e-06,5.70015393847062e-06,0.0
1737174000.0,5.70015393847062e-06,5.70015393847062e-06,5.70015393847062e-06,5.70015393847062e-06,0.0
1737174060.0,5.70015393847062e-06,5.70015393847062e-06,5.70015393847062e-06,5.70015393847062e-06,0.0
1737174120.0,5.70015393847062e-06,5.70015393847062e-06,5.70015393847062e-06,5.70015393847062e-06,0.0
1737174180.0,5.70015393847062e-06,5.70015393847062e-06,5.70015393847062e-06,5.70015393847062e-06,0.0
1737174240.0,5.70015393847062e-06,5.70015393847062e-06,5.70015393847062e-06,5.70015393847062e-06,0.0
1737174300.0,5.70015393847062e-06,5.70015393847062e-06,5.70015393847062e-06,5.70015393847062e-06,0.0
1737174360.0,5.70015393847062e-06,5.70015393847062e-06,5.70015393847062e-06,5.70015393847062e-06,0.0
1737174420.0,5.70015393847062e-06,5.70015393847062e-06,5.70015393847062e-06,5.70015393847062e-06,0.0
1737174480.0,5.70015393847062e-06,5.70015393847062e-06,5.70015393847062e-06,5.70015393847062e-06,0.0
1737174540.0,5.70015393847062e-06,5.70015393847062e-06,5.70015393847062e-06,5.70015393847062e-06,0.0
1737174600.0,5.70015393847062e-06,5.70015393847062e-06,5.66116340610689e-06,5.66116340610689e-06,10.47643733004
1737174660.0,5.66116340610689e-06,5.66116340610689e-06,5.66116340610689e-06,5.66116340610689e-06,0.0
1737174720.0,5.66116340610689e-06,5.66116340610689e-06,5.66116340610689e-06,5.66116340610689e-06,0.0
1737174780.0,5.66116340610689e-06,5.66116340610689e-06,5.66116340610689e-06,5.66116340610689e-06,0.0
1737174840.0,5.66116340610689e-06,5.66116340610689e-06,5.66116340610689e-06,5.66116340610689e-06,0.0
1737174900.0,5.66116340610689e-06,5.66116340610689e-06,5.66116340610689e-06,5.66116340610689e-06,0.0
1737174960.0,5.66116340610689e-06,5.66116340610689e-06,5.66116340610689e-06,5.66116340610689e-06,0.0
1737175020.0,5.66116340610689e-06,5.66116340610689e-06,5.66116340610689e-06,5.66116340610689e-06,0.0
1737175080.0,5.66116340610689e-06,5.66116340610689e-06,5.66116340610689e-06,5.66116340610689e-06,0.0
1737175140.0,5.66116340610689e-06,5.66116340610689e-06,5.66116340610689e-06,5.66116340610689e-06,0.0
1737175200.0,5.66116340610689e-06,5.66116340610689e-06,5.66116340610689e-06,5.66116340610689e-06,0.0
1737175260.0,5.66116340610689e-06,5.66116340610689e-06,5.66116340610689e-06,5.66116340610689e-06,0.0
1737175320.0,5.66116340610689e-06,5.66116340610689e-06,5.66116340610689e-06,5.66116340610689e-06,0.0
1737175380.0,5.66116340610689e-06,5.66116340610689e-06,5.66116340610689e-06,5.66116340610689e-06,0.0
1737175440.0,5.66116340610689e-06,5.66116340610689e-06,5.66116340610689e-06,5.66116340610689e-06,0.0
1737175500.0,5.66116340610689e-06,5.66116340610689e-06,5.66116340610689e-06,5.66116340610689e-06,0.0
1737175560.0,5.66116340610689e-06,5.66116340610689e-06,5.66116340610689e-06,5.66116340610689e-06,0.0
1737175620.0,5.66116340610689e-06,5.66116340610689e-06,5.66116340610689e-06,5.66116340610689e-06,0.0
1737175680.0,5.66116340610689e-06,5.66116340610689e-06,5.66116340610689e-06,5.66116340610689e-06,0.0
1737175740.0,5.66116340610689e-06,5.66116340610689e-06,5.66116340610689e-06,5.66116340610689e-06,0.0
1737175800.0,5.66116340610689e-06,5.66116340610689e-06,5.66116340610689e-06,5.66116340610689e-06,0.0
1737175860.0,5.66116340610689e-06,5.66116340610689e-06,5.66116340610689e-06,5.66116340610689e-06,0.0
1737175920.0,5.66116340610689e-06,5.66116340610689e-06,5.66116340610689e-06,5.66116340610689e-06,0.0
1737175980.0,5.66116340610689e-06,5.66116340610689e-06,5.66116340610689e-06,5.66116340610689e-06,0.0
1737176040.0,5.66116340610689e-06,5.66116340610689e-06,5.66116340610689e-06,5.66116340610689e-06,0.0
1737176100.0,5.66116340610689e-06,5.66116340610689e-06,5.66116340610689e-06,5.66116340610689e-06,0.0
1737176160.0,5.66116340610689e-06,5.66116340610689e-06,5.66116340610689e-06,5.66116340610689e-06,0.0
1737176220.0,5.66116340610689e-06,5.66116340610689e-06,5.66116340610689e-06,5.66116340610689e-06,0.0
1737176280.0,5.66116340610689e-06,5.66116340610689e-06,5.66116340610689e-06,5.66116340610689e-06,0.0
1737176340.0,5.66116340610689e-06,5.66116340610689e-06,5.66116340610689e-06,5.66116340610689e-06,0.0
1737176400.0,5.66116340610689e-06,5.71886252056113e-06,5.66116340610689e-06,5.71886252056113e-06,1.14744229432
1737176460.0,5.71886252056113e-06,5.71886252056113e-06,5.71886252056113e-06,5.71886252056113e-06,0.0
1737176520.0,5.71886252056113e-06,5.71886252056113e-06,5.71886252056113e-06,5.71886252056113e-06,0.0
1737176580.0,5.71886252056113e-06,5.71886252056113e-06,5.71886252056113e-06,5.71886252056113e-06,0.0
1737176640.0,5.71886252056113e-06,5.71886252056113e-06,5.71886252056113e-06,5.71886252056113e-06,0.0
1737176700.0,5.71886252056113e-06,5.71886252056113e-06,5.71886252056113e-06,5.71886252056113e-06,0.0
1737176760.0,5.71886252056113e-06,5.71886252056113e-06,5.71886252056113e-06,5.71886252056113e-06,0.0
1737176820.0,5.71886252056113e-06,5.71886252056113e-06,5.71886252056113e-06,5.71886252056113e-06,0.0
1737176880.0,5.71886252056113e-06,5.71886252056113e-06,5.71886252056113e-06,5.71886252056113e-06,0.0
1737176940.0,5.71886252056113e-06,5.71886252056113e-06,5.71886252056113e-06,5.71886252056113e-06,0.0
1737177000.0,5.71886252056113e-06,5.71886252056113e-06,5.71886252056113e-06,5.71886252056113e-06,0.0
1737177060.0,5.71886252056113e-06,5.71886252056113e-06,5.71886252056113e-06,5.71886252056113e-06,0.0
1737177120.0,5.71886252056113e-06,5.71886252056113e-06,5.71886252056113e-06,5.71886252056113e-06,0.0
1737177180.0,5.71886252056113e-06,5.71886252056113e-06,5.71886252056113e-06,5.71886252056113e-06,0.0
1737177240.0,5.71886252056113e-06,5.71886252056113e-06,5.71886252056113e-06,5.71886252056113e-06,0.0
1737177300.0,5.71886252056113e-06,5.71886252056113e-06,5.71886252056113e-06,5.71886252056113e-06,0.0
1737177360.0,5.71886252056113e-06,5.71886252056113e-06,5.71886252056113e-06,5.71886252056113e-06,0.0
1737177420.0,5.71886252056113e-06,5.71886252056113e-06,5.71886252056113e-06,5.71886252056113e-06,0.0
1737177480.0,5.71886252056113e-06,5.71886252056113e-06,5.71886252056113e-06,5.71886252056113e-06,0.0
1737177540.0,5.71886252056113e-06,5.71886252056113e-06,5.71886252056113e-06,5.71886252056113e-06,0.0
1737177600.0,5.71886252056113e-06,5.71886252056113e-06,5.71886252056113e-06,5.71886252056113e-06,0.0
1737177660.0,5.71886252056113e-06,5.71886252056113e-06,5.71886252056113e-06,5.71886252056113e-06,0.0
1737177720.0,5.71886252056113e-06,5.71886252056113e-06,5.71886252056113e-06,5.71886252056113e-06,0.0
1737177780.0,5.71886252056113e-06,5.71886252056113e-06,5.71886252056113e-06,5.71886252056113e-06,0.0
1737177840.0,5.71886252056113e-06,5.71886252056113e-06,5.71886252056113e-06,5.71886252056113e-06,0.0
1737177900.0,5.71886252056113e-06,5.71886252056113e-06,5.71886252056113e-06,5.71886252056113e-06,0.0
1737177960.0,5.71886252056113e-06,5.73217205058042e-06,5.71886252056113e-06,5.73217205058042e-06,0.00742351311
1737178020.0,5.73217205058042e-06,5.73217205058042e-06,5.73217205058042e-06,5.73217205058042e-06,0.0
1737178080.0,5.73217205058042e-06,5.73217205058042e-06,5.73217205058042e-06,5.73217205058042e-06,0.0
1737178140.0,5.73217205058042e-06,5.73217205058042e-06,5.73217205058042e-06,5.73217205058042e-06,0.0
1737178200.0,5.73217205058042e-06,5.73217205058042e-06,5.73217205058042e-06,5.73217205058042e-06,0.0
1737178260.0,5.73217205058042e-06,5.73217205058042e-06,5.73217205058042e-06,5.73217205058042e-06,0.0
1737178320.0,5.73217205058042e-06,5.73217205058042e-06,5.73217205058042e-06,5.73217205058042e-06,0.0
1737178380.0,5.73217205058042e-06,5.73217205058042e-06,5.73217205058042e-06,5.73217205058042e-06,0.0
1737178440.0,5.73217205058042e-06,5.73217205058042e-06,5.73217205058042e-06,5.73217205058042e-06,0.0
1737178500.0,5.73217205058042e-06,5.73217205058042e-06,5.73217205058042e-06,5.73217205058042e-06,0.0
1737178560.0,5.73217205058042e-06,5.73217205058042e-06,5.73217205058042e-06,5.73217205058042e-06,0.0
1737178620.0,5.73217205058042e-06,5.73217205058042e-06,5.73217205058042e-06,5.73217205058042e-06,0.0
1737178680.0,5.73217205058042e-06,5.73217205058042e-06,5.73217205058042e-06,5.73217205058042e-06,0.0
1737178740.0,5.73217205058042e-06,5.73217205058042e-06,5.73217205058042e-06,5.73217205058042e-06,0.0
1737178800.0,5.73217205058042e-06,5.73217205058042e-06,5.73217205058042e-06,5.73217205058042e-06,0.0
1737178860.0,5.73217205058042e-06,5.73217205058042e-06,5.73217205058042e-06,5.73217205058042e-06,0.0
1737178920.0,5.73217205058042e-06,5.73217205058042e-06,5.73217205058042e-06,5.73217205058042e-06,0.0
1737178980.0,5.73217205058042e-06,5.73217205058042e-06,5.73217205058042e-06,5.73217205058042e-06,0.0
1737179040.0,5.73217205058042e-06,5.73217205058042e-06,5.73217205058042e-06,5.73217205058042e-06,0.0
1737179100.0,5.73217205058042e-06,5.73217205058042e-06,5.73217205058042e-06,5.73217205058042e-06,0.0
1737179160.0,5.73217205058042e-06,5.73217205058042e-06,5.73217205058042e-06,5.73217205058042e-06,0.0
1737179220.0,5.73217205058042e-06,5.73217205058042e-06,5.73217205058042e-06,5.73217205058042e-06,0.0
1737179280.0,5.73217205058042e-06,5.73217205058042e-06,5.73217205058042e-06,5.73217205058042e-06,0.0
1737179340.0,5.73217205058042e-06,5.73217205058042e-06,5.73217205058042e-06,5.73217205058042e-06,0.0
1737179400.0,5.73217205058042e-06,5.73217205058042e-06,5.73217205058042e-06,5.73217205058042e-06,0.0
1737179460.0,5.73217205058042e-06,5.73217205058042e-06,5.73217205058042e-06,5.73217205058042e-06,0.0
1737179520.0,5.73217205058042e-06,5.73217205058042e-06,5.73217205058042e-06,5.73217205058042e-06,0.0
1737179580.0,5.73217205058042e-06,5.73217205058042e-06,5.73217205058042e-06,5.73217205058042e-06,0.0
1737179640.0,5.73217205058042e-06,5.73217205058042e-06,5.73217205058042e-06,5.73217205058042e-06,0.0
1737179700.0,5.73217205058042e-06,5.73217205058042e-06,5.73217205058042e-06,5.73217205058042e-06,0.0
1737179760.0,5.73217205058042e-06,5.73217205058042e-06,5.73217205058042e-06,5.73217205058042e-06,0.0
1737179820.0,5.73217205058042e-06,5.73217205058042e-06,5.73217205058042e-06,5.73217205058042e-06,0.0
1737179880.0,5.73217205058042e-06,5.73217205058042e-06,5.73217205058042e-06,5.73217205058042e-06,0.0
1737179940.0,5.73217205058042e-06,5.73217205058042e-06,5.73217205058042e-06,5.73217205058042e-06,0.0
1737180000.0,5.73217205058042e-06,5.73217205058042e-06,5.73217205058042e-06,5.73217205058042e-06,0.0
1737180060.0,5.73217205058042e-06,5.73217205058042e-06,5.73217205058042e-06,5.73217205058042e-06,0.0
1737180120.0,5.73217205058042e-06,5.73217205058042e-06,5.73217205058042e-06,5.73217205058042e-06,0.0
1737180180.0,5.73217205058042e-06,5.73217205058042e-06,5.73217205058042e-06,5.73217205058042e-06,0.0
1737180240.0,5.73217205058042e-06,5.73217205058042e-06,5.73217205058042e-06,5.73217205058042e-06,0.0
1737180300.0,5.73217205058042e-06,5.73217205058042e-06,5.73217205058042e-06,5.73217205058042e-06,0.0
1737180360.0,5.73217205058042e-06,5.73217205058042e-06,5.73217205058042e-06,5.73217205058042e-06,0.0
1737180420.0,5.73217205058042e-06,5.73217205058042e-06,5.73217205058042e-06,5.73217205058042e-06,0.0
1737180480.0,5.73217205058042e-06,5.73217205058042e-06,5.73217205058042e-06,5.73217205058042e-06,0.0
1737180540.0,5.73217205058042e-06,5.73217205058042e-06,5.73217205058042e-06,5.73217205058042e-06,0.0
1737180600.0,5.73217205058042e-06,5.73217205058042e-06,5.73217205058042e-06,5.73217205058042e-06,0.0
1737180660.0,5.73217205058042e-06,5.73217205058042e-06,5.73217205058042e-06,5.73217205058042e-06,0.0
1737180720.0,5.73217205058042e-06,5.73217205058042e-06,5.73217205058042e-06,5.73217205058042e-06,0.0
1737180780.0,5.73217205058042e-06,5.76430025185875e-06,5.73217205058042e-06,5.76430025185875e-06,0.19939791618
1737180840.0,5.76430025185875e-06,5.76430025185875e-06,5.76430025185875e-06,5.76430025185875e-06,0.0
1737180900.0,5.76430025185875e-06,5.76430025185875e-06,5.76430025185875e-06,5.76430025185875e-06,0.0
1737180960.0,5.76430025185875e-06,5.76430025185875e-06,5.76430025185875e-06,5.76430025185875e-06,0.0
1737181020.0,5.76430025185875e-06,5.76430025185875e-06,5.76430025185875e-06,5.76430025185875e-06,0.0
1737181080.0,5.76430025185875e-06,5.76430025185875e-06,5.76430025185875e-06,5.76430025185875e-06,0.0
1737181140.0,5.76430025185875e-06,5.76430025185875e-06,5.76430025185875e-06,5.76430025185875e-06,0.0
1737181200.0,5.76430025185875e-06,5.76430025185875e-06,5.76430025185875e-06,5.76430025185875e-06,0.0
1737181260.0,5.76430025185875e-06,5.76430025185875e-06,5.76430025185875e-06,5.76430025185875e-06,0.0
1737181320.0,5.76430025185875e-06,5.76430025185875e-06,5.76430025185875e-06,5.76430025185875e-06,0.0
1737181380.0,5.76430025185875e-06,5.76430025185875e-06,5.76430025185875e-06,5.76430025185875e-06,0.0
1737181440.0,5.76430025185875e-06,5.76430025185875e-06,5.76430025185875e-06,5.76430025185875e-06,0.0
1737181500.0,5.76430025185875e-06,5.76430025185875e-06,5.76430025185875e-06,5.76430025185875e-06,0.0
1737181560.0,5.76430025185875e-06,5.76430025185875e-06,5.76430025185875e-06,5.76430025185875e-06,0.0
1737181620.0,5.76430025185875e-06,5.76430025185875e-06,5.76430025185875e-06,5.76430025185875e-06,0.0
1737181680.0,5.76430025185875e-06,5.76430025185875e-06,5.76430025185875e-06,5.76430025185875e-06,0.0
1737181740.0,5.76430025185875e-06,5.76430025185875e-06,5.76430025185875e-06,5.76430025185875e-06,0.0
1737181800.0,5.76430025185875e-06,5.76430025185875e-06,5.76430025185875e-06,5.76430025185875e-06,0.0
1737181860.0,5.76430025185875e-06,5.76430025185875e-06,5.76430025185875e-06,5.76430025185875e-06,0.0
1737181920.0,5.76430025185875e-06,5.76463518700298e-06,5.76430025185875e-06,5.76463518700298e-06,68.76818230799
1737181980.0,5.76463518700298e-06,5.76463518700298e-06,5.76463518700298e-06,5.76463518700298e-06,0.0
1737182040.0,5.76463518700298e-06,5.76463518700298e-06,5.76463518700298e-06,5.76463518700298e-06,0.0
1737182100.0,5.76463518700298e-06,5.76463518700298e-06,5.76463518700298e-06,5.76463518700298e-06,0.0
1737182160.0,5.76463518700298e-06,5.76463518700298e-06,5.76463518700298e-06,5.76463518700298e-06,0.0
1737182220.0,5.76463518700298e-06,5.76463518700298e-06,5.76463518700298e-06,5.76463518700298e-06,0.0
1737182280.0,5.76463518700298e-06,5.76463518700298e-06,5.76463518700298e-06,5.76463518700298e-06,0.0
1737182340.0,5.76463518700298e-06,5.76463518700298e-06,5.76463518700298e-06,5.76463518700298e-06,0.0
1737182400.0,5.76463518700298e-06,5.76463518700298e-06,5.76463518700298e-06,5.76463518700298e-06,0.0
1737182460.0,5.76463518700298e-06,5.76463518700298e-06,5.76463518700298e-06,5.76463518700298e-06,0.0
1737182520.0,5.76463518700298e-06,5.76463518700298e-06,5.76463518700298e-06,5.76463518700298e-06,0.0
1737182580.0,5.76463518700298e-06,5.76463518700298e-06,5.76463518700298e-06,5.76463518700298e-06,0.0
1737182640.0,5.76463518700298e-06,5.76463518700298e-06,5.76463518700298e-06,5.76463518700298e-06,0.0
1737182700.0,5.76463518700298e-06,5.76463518700298e-06,5.76463518700298e-06,5.76463518700298e-06,0.0
1737182760.0,5.76463518700298e-06,5.76463518700298e-06,5.76463518700298e-06,5.76463518700298e-06,0.0
1737182820.0,5.76463518700298e-06,5.76463518700298e-06,5.76463518700298e-06,5.76463518700298e-06,0.0
1737182880.0,5.76463518700298e-06,5.76463518700298e-06,5.76463518700298e-06,5.76463518700298e-06,0.0
1737182940.0,5.76463518700298e-06,5.76463518700298e-06,5.76463518700298e-06,5.76463518700298e-06,0.0
1737183000.0,5.76463518700298e-06,5.76463518700298e-06,5.76463518700298e-06,5.76463518700298e-06,0.0
1737183060.0,5.76463518700298e-06,5.76463518700298e-06,5.76463518700298e-06,5.76463518700298e-06,0.0
1737183120.0,5.76463518700298e-06,5.76463518700298e-06,5.76463518700298e-06,5.76463518700298e-06,0.0
1737183180.0,5.76463518700298e-06,5.76463518700298e-06,5.76463518700298e-06,5.76463518700298e-06,0.0
1737183240.0,5.76463518700298e-06,5.76463518700298e-06,5.76463518700298e-06,5.76463518700298e-06,0.0
1737183300.0,5.76463518700298e-06,5.76463518700298e-06,5.76463518700298e-06,5.76463518700298e-06,0.0
1737183360.0,5.76463518700298e-06,5.76463518700298e-06,5.76463518700298e-06,5.76463518700298e-06,0.0
1737183420.0,5.76463518700298e-06,5.76463518700298e-06,5.76463518700298e-06,5.76463518700298e-06,0.0
1737183480.0,5.76463518700298e-06,5.76463518700298e-06,5.76463518700298e-06,5.76463518700298e-06,0.0
1737183540.0,5.76463518700298e-06,5.76463518700298e-06,5.76463518700298e-06,5.76463518700298e-06,0.0
1737183600.0,5.76463518700298e-06,5.76463518700298e-06,5.76463518700298e-06,5.76463518700298e-06,0.0
1737183660.0,5.76463518700298e-06,5.76463518700298e-06,5.76463518700298e-06,5.76463518700298e-06,0.0
1737183720.0,5.76463518700298e-06,5.76463518700298e-06,5.75436900174834e-06,5.75436900174834e-06,1.017021423
1737183780.0,5.75436900174834e-06,5.75436900174834e-06,5.75436900174834e-06,5.75436900174834e-06,0.0
1737183840.0,5.75436900174834e-06,5.75436900174834e-06,5.75436900174834e-06,5.75436900174834e-06,0.0
1737183900.0,5.75436900174834e-06,5.75436900174834e-06,5.75436900174834e-06,5.75436900174834e-06,0.0
1737183960.0,5.75436900174834e-06,5.75436900174834e-06,5.75436900174834e-06,5.75436900174834e-06,0.0
1737184020.0,5.75436900174834e-06,5.75436900174834e-06,5.75436900174834e-06,5.75436900174834e-06,0.0
1737184080.0,5.75436900174834e-06,5.75436900174834e-06,5.75436900174834e-06,5.75436900174834e-06,0.0
1737184140.0,5.75436900174834e-06,5.75436900174834e-06,5.75436900174834e-06,5.75436900174834e-06,0.0
1737184200.0,5.75436900174834e-06,5.75436900174834e-06,5.75436900174834e-06,5.75436900174834e-06,0.0
1737184260.0,5.75436900174834e-06,5.75436900174834e-06,5.75436900174834e-06,5.75436900174834e-06,0.0
1737184320.0,5.75436900174834e-06,5.75436900174834e-06,5.75436900174834e-06,5.75436900174834e-06,0.0
1737184380.0,5.75436900174834e-06,5.75436900174834e-06,5.75436900174834e-06,5.75436900174834e-06,0.0
1737184440.0,5.75436900174834e-06,5.75436900174834e-06,5.75436900174834e-06,5.75436900174834e-06,0.0
1737184500.0,5.75436900174834e-06,5.75436900174834e-06,5.75436900174834e-06,5.75436900174834e-06,0.0
1737184560.0,5.75436900174834e-06,5.75436900174834e-06,5.75436900174834e-06,5.75436900174834e-06,0.0
1737184620.0,5.75436900174834e-06,5.75436900174834e-06,5.75436900174834e-06,5.75436900174834e-06,0.0
1737184680.0,5.75436900174834e-06,5.75436900174834e-06,5.75436900174834e-06,5.75436900174834e-06,0.0
1737184740.0,5.75436900174834e-06,5.75436900174834e-06,5.75436900174834e-06,5.75436900174834e-06,0.0
1737184800.0,5.75436900174834e-06,5.75436900174834e-06,5.75436900174834e-06,5.75436900174834e-06,0.0
1737184860.0,5.75436900174834e-06,5.75436900174834e-06,5.75436900174834e-06,5.75436900174834e-06,0.0
1737184920.0,5.75436900174834e-06,5.75436900174834e-06,5.75436900174834e-06,5.75436900174834e-06,0.0
1737184980.0,5.75436900174834e-06,5.75436900174834e-06,5.75436900174834e-06,5.75436900174834e-06,0.0
1737185040.0,5.75436900174834e-06,5.75436900174834e-06,5.75436900174834e-06,5.75436900174834e-06,0.0
1737185100.0,5.75436900174834e-06,5.75436900174834e-06,5.75436900174834e-06,5.75436900174834e-06,0.0
1737185160.0,5.75436900174834e-06,5.75436900174834e-06,5.75436900174834e-06,5.75436900174834e-06,0.0
1737185220.0,5.75436900174834e-06,5.75436900174834e-06,5.75436900174834e-06,5.75436900174834e-06,0.0
1737185280.0,5.75436900174834e-06,5.75436900174834e-06,5.75436900174834e-06,5.75436900174834e-06,0.0
1737185340.0,5.75436900174834e-06,5.75436900174834e-06,5.75436900174834e-06,5.75436900174834e-06,0.0
1737185400.0,5.75436900174834e-06,5.75436900174834e-06,5.75436900174834e-06,5.75436900174834e-06,0.0
1737185460.0,5.75436900174834e-06,5.75436900174834e-06,5.75436900174834e-06,5.75436900174834e-06,0.0
1737185520.0,5.75436900174834e-06,5.75436900174834e-06,5.75436900174834e-06,5.75436900174834e-06,0.0
1737185580.0,5.75436900174834e-06,5.75436900174834e-06,5.75436900174834e-06,5.75436900174834e-06,0.0
1737185640.0,5.75436900174834e-06,5.75436900174834e-06,5.75436900174834e-06,5.75436900174834e-06,0.0
1737185700.0,5.75436900174834e-06,5.75436900174834e-06,5.75436900174834e-06,5.75436900174834e-06,0.0
1737185760.0,5.75436900174834e-06,5.75436900174834e-06,5.75436900174834e-06,5.75436900174834e-06,0.0
1737185820.0,5.75436900174834e-06,5.75436900174834e-06,5.75436900174834e-06,5.75436900174834e-06,0.0
1737185880.0,5.75436900174834e-06,5.75436900174834e-06,5.75436900174834e-06,5.75436900174834e-06,0.0
1737185940.0,5.75436900174834e-06,5.75436900174834e-06,5.75436900174834e-06,5.75436900174834e-06,0.0
1737186000.0,5.75436900174834e-06,5.75436900174834e-06,5.75436900174834e-06,5.75436900174834e-06,0.0
1737186060.0,5.75436900174834e-06,5.75436900174834e-06,5.75436900174834e-06,5.75436900174834e-06,0.0
1737186120.0,5.75436900174834e-06,5.75436900174834e-06,5.75436900174834e-06,5.75436900174834e-06,0.0
1737186180.0,5.75436900174834e-06,5.75436900174834e-06,5.75436900174834e-06,5.75436900174834e-06,0.0
1737186240.0,5.75436900174834e-06,5.75436900174834e-06,5.75436900174834e-06,5.75436900174834e-06,0.0
1737186300.0,5.75436900174834e-06,5.75436900174834e-06,5.75436900174834e-06,5.75436900174834e-06,0.0
1737186360.0,5.75436900174834e-06,5.75436900174834e-06,5.75436900174834e-06,5.75436900174834e-06,0.0
1737186420.0,5.75436900174834e-06,5.75436900174834e-06,5.75436900174834e-06,5.75436900174834e-06,0.0
1737186480.0,5.75436900174834e-06,5.75436900174834e-06,5.75436900174834e-06,5.75436900174834e-06,0.0
1737186540.0,5.75436900174834e-06,5.75436900174834e-06,5.75436900174834e-06,5.75436900174834e-06,0.0
1737186600.0,5.75436900174834e-06,5.75436900174834e-06,5.75436900174834e-06,5.75436900174834e-06,0.0
1737186660.0,5.75436900174834e-06,5.75436900174834e-06,5.75436900174834e-06,5.75436900174834e-06,0.0
1737186720.0,5.75436900174834e-06,5.75436900174834e-06,5.75436900174834e-06,5.75436900174834e-06,0.0
1737186780.0,5.75436900174834e-06,5.75436900174834e-06,5.75436900174834e-06,5.75436900174834e-06,0.0
1737186840.0,5.75436900174834e-06,5.75436900174834e-06,5.75436900174834e-06,5.75436900174834e-06,0.0
1737186900.0,5.75436900174834e-06,5.75436900174834e-06,5.75436900174834e-06,5.75436900174834e-06,0.0
1737186960.0,5.75436900174834e-06,5.75436900174834e-06,5.75436900174834e-06,5.75436900174834e-06,0.0
1737187020.0,5.75436900174834e-06,5.75436900174834e-06,5.75436900174834e-06,5.75436900174834e-06,0.0
1737187080.0,5.75436900174834e-06,5.75436900174834e-06,5.75436900174834e-06,5.75436900174834e-06,0.0
1737187140.0,5.75436900174834e-06,5.75436900174834e-06,5.75436900174834e-06,5.75436900174834e-06,0.0
1737187200.0,5.75436900174834e-06,5.75436900174834e-06,5.75436900174834e-06,5.75436900174834e-06,0.0
1737187260.0,5.75436900174834e-06,5.75436900174834e-06,5.75436900174834e-06,5.75436900174834e-06,0.0
1737187320.0,5.75436900174834e-06,5.75436900174834e-06,5.75436900174834e-06,5.75436900174834e-06,0.0
1737187380.0,5.75436900174834e-06,5.75436900174834e-06,5.75436900174834e-06,5.75436900174834e-06,0.0
1737187440.0,5.75436900174834e-06,5.75436900174834e-06,5.75436900174834e-06,5.75436900174834e-06,0.0
1737187500.0,5.75436900174834e-06,5.75436900174834e-06,5.75436900174834e-06,5.75436900174834e-06,0.0
1737187560.0,5.75436900174834e-06,5.75436900174834e-06,5.75436900174834e-06,5.75436900174834e-06,0.0
1737187620.0,5.75436900174834e-06,5.75436900174834e-06,5.64511083943644e-06,5.64511083943644e-06,14.06243055348
1737187680.0,5.64511083943644e-06,5.64511083943644e-06,5.64511083943644e-06,5.64511083943644e-06,0.0
1737187740.0,5.64511083943644e-06,5.64511083943644e-06,5.64511083943644e-06,5.64511083943644e-06,0.0
1737187800.0,5.64511083943644e-06,5.64511083943644e-06,5.64511083943644e-06,5.64511083943644e-06,0.0
1737187860.0,5.64511083943644e-06,5.64511083943644e-06,5.64511083943644e-06,5.64511083943644e-06,0.0
1737187920.0,5.64511083943644e-06,5.64511083943644e-06,5.64511083943644e-06,5.64511083943644e-06,0.0
1737187980.0,5.64511083943644e-06,5.64511083943644e-06,5.64511083943644e-06,5.64511083943644e-06,0.0
1737188040.0,5.64511083943644e-06,5.64511083943644e-06,5.64511083943644e-06,5.64511083943644e-06,0.0
1737188100.0,5.64511083943644e-06,5.64511083943644e-06,5.64511083943644e-06,5.64511083943644e-06,0.0
1737188160.0,5.64511083943644e-06,5.64511083943644e-06,5.64511083943644e-06,5.64511083943644e-06,0.0
1737188220.0,5.64511083943644e-06,5.64511083943644e-06,5.64511083943644e-06,5.64511083943644e-06,0.0
1737188280.0,5.64511083943644e-06,5.64511083943644e-06,5.64511083943644e-06,5.64511083943644e-06,0.0
1737188340.0,5.64511083943644e-06,5.64511083943644e-06,5.64511083943644e-06,5.64511083943644e-06,0.0
1737188400.0,5.64511083943644e-06,5.64511083943644e-06,5.64511083943644e-06,5.64511083943644e-06,0.0
1737188460.0,5.64511083943644e-06,5.64511083943644e-06,5.64511083943644e-06,5.64511083943644e-06,0.0
1737188520.0,5.64511083943644e-06,5.64511083943644e-06,5.64511083943644e-06,5.64511083943644e-06,0.0
1737188580.0,5.64511083943644e-06,5.64511083943644e-06,5.64511083943644e-06,5.64511083943644e-06,0.0
1737188640.0,5.64511083943644e-06,5.64511083943644e-06,5.64511083943644e-06,5.64511083943644e-06,0.0
1737188700.0,5.64511083943644e-06,5.64511083943644e-06,5.64511083943644e-06,5.64511083943644e-06,0.0
1737188760.0,5.64511083943644e-06,5.64511083943644e-06,5.64511083943644e-06,5.64511083943644e-06,0.0
1737188820.0,5.64511083943644e-06,5.64511083943644e-06,5.64511083943644e-06,5.64511083943644e-06,0.0
1737188880.0,5.64511083943644e-06,5.64511083943644e-06,5.64511083943644e-06,5.64511083943644e-06,0.0
1737188940.0,5.64511083943644e-06,5.64511083943644e-06,5.64511083943644e-06,5.64511083943644e-06,0.0
1737189000.0,5.64511083943644e-06,5.64511083943644e-06,5.64511083943644e-06,5.64511083943644e-06,0.0
1737189060.0,5.64511083943644e-06,5.64511083943644e-06,5.64511083943644e-06,5.64511083943644e-06,0.0
1737189120.0,5.64511083943644e-06,5.64511083943644e-06,5.64511083943644e-06,5.64511083943644e-06,0.0
1737189180.0,5.64511083943644e-06,5.64511083943644e-06,5.64511083943644e-06,5.64511083943644e-06,0.0
