time,open,high,low,close,volume,usd_vol,price_change,vol_change,norm_open,mov_in_min
1739309880.0,0.000342838396714,0.0003527211579575,0.0001721208783121,0.0001748186664007,215450.44202064487,55.76472153158549,-0.49008434272157714,0.0,1.0,0.5267796179669425
1739309940.0,0.0001748186664007,0.0007441788224319,0.0001748186664007,0.0005771396904807,359282.7233634596,135.08282315813082,2.3013619332722985,1.4223706215697514,0.5099156572784229,3.256861339544689
1739310000.0,0.0005771396904807,0.0010688586319998,0.0005625270629718,0.0009244529243483,623541.519530425,468.15267038306945,0.601783657572264,2.465671352123282,1.683416140118509,0.8773119876858166
1739310060.0,0.0009244529243483,0.0021640591487008,0.0006678886605834,0.0018041805772106,957765.8643468296,1306.6960120531378,0.9516197414621955,1.7911749621847162,2.696468462135208,1.618438807116259
1739310120.0,0.0018041805772106,0.0024222898714001,0.0011621951394981,0.0014654505475743,984210.4652736556,1609.002585298886,-0.1877472986434663,0.23135187561393947,5.262481082933279,0.6984304940529855
1739310180.0,0.0014654505475743,0.0020226239654651,0.0012360631267386,0.0019082970111704,633966.1065621871,1069.4208021705306,0.3021913392636317,-0.33535171916962675,4.274464475450213,0.5367365279084046
1739310240.0,0.0019082970111704,0.00230964777396,0.0015783523185309,0.0018516961259495,656161.6339076727,1233.5816201671148,-0.029660417057502733,0.15350441815176794,5.566170619921329,0.38321888634127266
1739310300.0,0.0018516961259495,0.0020883036447873,0.0012143945216303,0.0018679395649308,653802.2936254398,1215.9531730742935,0.008772194721188752,-0.014290458616295786,5.401075677921244,0.47195061376978514
1739310360.0,0.0018679395649308,0.0045841127143501,0.0016452591352101,0.0025306423988221,704290.3984425585,1548.9395219168905,0.35477744908511033,0.2738480035384157,5.4484549654718455,1.573312988447179
1739310420.0,0.0025306423988221,0.003641270491901,0.0018803243602904,0.002355057087155,815556.9726539718,1992.2831410402748,-0.06938369156733759,0.2862239699163492,7.38144391957705,0.6958494540478105
1739310480.0,0.002355057087155,0.0037198858733025,0.00220744833612,0.0030747571396912,1025561.70156746,2784.3047588397953,0.3055977099075868,0.39754470711726486,6.869292091339517,0.642208439630473
1739310540.0,0.0030747571396912,0.0040332591126943,0.0024620154083545,0.0032020487533209,1005421.230821628,3155.4169532903366,0.041398916352295666,0.13328720330355706,8.96853202313917,0.5110139217361411
1739310600.0,0.0032020487533209,0.0038130575062372,0.0027003491881195,0.0029647048364162,632191.3268427356,1949.28406710405,-0.07412251817170065,-0.38224199972323203,9.339819530167993,0.3474988683303748
1739310660.0,0.0029647048364162,0.0034865252621882,0.0021274428663709,0.0029405793435141,678667.7790644061,2003.8630495687346,-0.008137569921214645,0.02799950165589238,8.647528587322713,0.4584208111119042
1739310720.0,0.0029405793435141,0.0030475122412267,0.0018766672715494,0.0024614009506922,658741.5699038169,1779.2544897974706,-0.1629537369494217,-0.1120877795613845,8.577158718797671,0.39816812705964855
1739310780.0,0.0024614009506922,0.0037037464345895,0.002205878314204,0.003089283407182,573163.5992560477,1590.7251124467105,0.2550914983246534,-0.10595975923164318,7.179478653161277,0.6085429194151674
1739310840.0,0.003089283407182,0.0034709354556622,0.0026156468623561,0.0032115817071386,497053.82538169,1565.9345541435468,0.03958791856787234,-0.015584438888396624,9.010902619986052,0.27685663002549904
1739310900.0,0.0032115817071386,0.0043483435742087,0.0029206088412926,0.0037175738718582,847296.542094098,2935.524780858008,0.15755232494782764,0.8746152405223142,9.367625499129087,0.4445581221684558
1739310960.0,0.0037175738718582,0.0060826461603647,0.0034495028201182,0.0043102251090451,902447.9452173044,3622.335347466877,0.15941881926630508,0.2339651741615089,10.843516675757428,0.708296171376507
1739311020.0,0.0043102251090451,0.0053875770316501,0.0031403952566372,0.0039457766051817,824136.5366355461,3402.0363296100036,-0.08455440136957058,-0.0608168478964627,12.572177300901167,0.5213606524395074
1739311080.0,0.0039457766051817,0.0048062979695542,0.0030761218352969,0.0034502522748834,742667.2166006973,2746.3940911281597,-0.1255834731362044,-0.19272052822463662,11.509144375311365,0.43848811207030486
1739311140.0,0.0034502522748834,0.0044176569161273,0.003159414423711,0.0037496989397283,471244.0527758542,1696.4670950810255,0.08678978839453699,-0.38229291252802206,10.063786051833752,0.36468130216907735
1739311200.0,0.0037496989397283,0.004070920876059,0.0022068396262755,0.0027838013488788,661079.7960195731,2159.5825190431015,-0.2575933711946187,0.2729881559771467,10.937219913720297,0.49712824409272965
1739311260.0,0.0027838013488788,0.00402061085339,0.0023933413630886,0.0030985551769922,522255.85913181835,1536.0475805692085,0.1130661957040039,-0.2887293877291513,8.119864564648168,0.5845494294902892
1739311320.0,0.0030985551769922,0.0038334326311148,0.0029221848517455,0.0034135748099316,388785.03280056745,1265.9093352838643,0.10166662039085993,-0.1758658056576867,9.037946760604685,0.2940879627174681
1739311380.0,0.0034135748099316,0.0055526734716843,0.0032805110576323,0.0038206868317951,452546.22379139235,1636.9188939411683,0.11926266290664875,0.29307751220122713,9.956804263027884,0.6656254925016655
1739311440.0,0.0038206868317951,0.004006182157776,0.0032461964397351,0.0033880303046778,284716.0619369979,1026.2187773571584,-0.11324051045398606,-0.37307903210380977,11.144279253476862,0.19891337644227455
1739311500.0,0.0033880303046778,0.0041520147362188,0.0033082122295459,0.0039534646185647,163952.65911567988,601.828807274936,0.16689175215056765,-0.413547266378386,9.882295382171375,0.24905400211676834
1739311560.0,0.0039534646185647,0.004920082161473,0.0031297129864691,0.0035792925144738,419133.7521628893,1578.6163806510974,-0.09464410085621117,1.6230322669315684,11.531568973771419,0.4528608063410192
1739311620.0,0.0035792925144738,0.0037363591346,0.0027122133874054,0.0032145544978426,425512.70939262246,1445.4341247048624,-0.10190226564503649,-0.08436644746540908,10.440173996787442,0.2861307766976854
1739311680.0,0.0032145544978426,0.0034509075835166,0.002816764959229,0.0032804740400014,261878.02681952395,850.4526288135422,0.020506587212330903,-0.4116282338448368,9.376296612786405,0.19727232022763821
1739311740.0,0.0032804740400014,0.0035059773968048,0.0024915954502418,0.0027889562638412,322069.6675027751,977.3896999449267,-0.14983132625551582,0.14925825005500087,9.568572457005192,0.30921809902893393
1739311800.0,0.0027889562638412,0.0033783054000439,0.0024413953105398,0.0029975578635723,307399.60005408974,889.3860642371251,0.07479557942002114,-0.09003945479756992,8.134900555400105,0.33593574114127694
1739311860.0,0.0029975578635723,0.0032322871434164,0.0029560147626531,0.003189268012118,73957.25367692008,228.78032537168036,0.06395544548962664,-0.7427660106548692,8.743355155965508,0.09216582075718678
1739311920.0,0.003189268012118,0.0037374538632901,0.0031065793478014,0.0034849455812678,233327.90804410097,778.6401477921054,0.09271016672990111,2.40344016264123,9.302540330039305,0.19781169631765588
1739311980.0,0.0034849455812678,0.0039357364227757,0.003130750343727,0.0034072274433439,181108.72173552623,624.1163232337502,-0.022301105171239684,-0.19845345118219176,10.164980395048879,0.2309895693567335
1739312040.0,0.0034072274433439,0.0045864762907501,0.0030693968872498,0.0044207649412737,431554.6132936448,1689.1031132046226,0.29746693309534417,1.7063915015919284,9.938290098195305,0.44525334123612764
1739312100.0,0.0044207649412737,0.0049035931750269,0.0034892254865871,0.0043608334984925,429653.07671977,1886.52039408154,-0.013556803760738596,0.1168769859777067,12.894602773917288,0.31993732017615384
1739312160.0,0.0043608334984925,0.0059109576532065,0.0040520649963855,0.0044953315421024,437864.94733364286,1938.9021195390674,0.030842279040553925,0.0277663181494678,12.719793174538616,0.42627003701553884
1739312220.0,0.0044953315421024,0.0069576684021676,0.0041285517678789,0.004830754129858,476956.9441390217,2224.0706614384735,0.07461576184405908,0.1470773274347644,13.11210058496587,0.6293454904920236
1739312280.0,0.004830754129858,0.0049550876975722,0.0039577023664401,0.0041981045995901,296517.36680024146,1338.606707833662,-0.13096289176830794,-0.3981276175065928,14.09046995948903,0.20646576172598918
1739312340.0,0.0041981045995901,0.0056482059447739,0.0038561378309355,0.0055253993142284,433032.29500837706,2105.2956076618807,0.3161652319877632,0.5727514253002599,12.245141267219873,0.4268755271160647
1739312400.0,0.0055253993142284,0.006971329801198,0.0046962324622309,0.0053797695246838,629012.5759234596,3429.744171122203,-0.02635642806296182,0.6291033708711534,16.116629196693378,0.4117525647618843
1739312460.0,0.0053797695246838,0.0073365485201451,0.0048220996757458,0.0056878997447464,504580.62700596487,2792.2657497318696,0.05727572875544515,-0.1858676302325349,15.6918524186533,0.46738969631735067
1739312520.0,0.0056878997447464,0.0062082675454437,0.0049730771014094,0.0054153953527861,320676.57772516954,1780.283336674687,-0.04790949281621872,-0.36242338794377266,16.590614701454562,0.21716107868729173
1739312580.0,0.0054153953527861,0.0073930615088569,0.0046285175210592,0.0053831030313934,328784.1147308701,1775.1873658325942,-0.0059630588884126146,-0.0028624493287744586,15.795766765598572,0.5104971673721668
1739312640.0,0.0053831030313934,0.0054482514945123,0.0044166822697774,0.0052675719588028,294839.700367226,1570.1209114090775,-0.021461798504847796,-0.11551820296295141,15.701575678187675,0.1916309642819305
1739312700.0,0.0052675719588028,0.0052675719588028,0.0042580618918211,0.0044723324021876,259652.9350144227,1264.4973770454662,-0.15096890233957805,-0.1946496808894385,15.364591624773793,0.19164618440469078
1739312760.0,0.0044723324021876,0.0049366459803659,0.00388278349432,0.0047863476593942,172029.99701565778,796.3853516814237,0.07021286187337106,-0.3701961220811699,13.045016092285818,0.23564046481214435
1739312820.0,0.0047863476593942,0.0055940843923284,0.0040141178375969,0.0043698434978613,308430.9849685151,1412.026528596161,-0.0870192036124714,0.7730443253569672,13.960944005309386,0.3300985776974407
1739312880.0,0.0043698434978613,0.0065532437922265,0.0042767286489467,0.004565534317092,194032.9573561364,866.8788912649005,0.04478211160799589,-0.3860746425729317,12.746073776289057,0.5209603374569314
1739312940.0,0.004565534317092,0.0049778077505947,0.0036372522113105,0.003984591607159,239458.0782349861,1023.6983612441395,-0.12724528381226338,0.18090124417543138,13.316869874702583,0.2936251150857764
1739313000.0,0.003984591607159,0.0050806237075739,0.0035197296493923,0.004004834893292,420457.647670129,1679.6077363065094,0.005080391701028841,0.6407252369391491,11.622360988005072,0.39173250663309805
1739313060.0,0.004004834893292,0.0049602345356575,0.0039038441984869,0.0043502951289631,179686.425349488,750.6517235146035,0.0862607934848295,-0.5530791462265461,11.681407134314895,0.26377874876690366
1739313120.0,0.0043502951289631,0.0045371898390955,0.0038441258241605,0.0039150222342771,158793.73764106154,656.2403184492374,-0.10005594604100991,-0.12577258148869008,12.689054582740246,0.15931425211148673
1739313180.0,0.0039150222342771,0.0040074979260286,0.00315779553469,0.0035857945966606,307205.4789652036,1152.1460135892385,-0.08409342729500262,0.755676969546578,11.419439222098159,0.21703641524669284
1739313240.0,0.0035857945966606,0.0042709608729548,0.0027718097520208,0.0032114529333523,382191.7001775861,1298.925795011764,-0.10439573523171661,0.12739685742197537,10.459139440124945,0.4180805900957458
1739313300.0,0.0032114529333523,0.0045154992504839,0.0031181768063109,0.0035775322530121,185225.73065401823,628.7473707718261,0.1139918059697874,-0.5159481987451549,9.367249888382057,0.43510600129343774
1739313360.0,0.0035775322530121,0.0044290804263751,0.0031423015746267,0.0040001832921918,408327.4811384969,1547.09475067857,0.1181403854078044,1.460598362072538,10.435039620129016,0.3596833685188996
1739313420.0,0.0040001832921918,0.005073583878661,0.0036427061068718,0.0042985549425957,280108.6025965172,1162.2739851303072,0.07458949468298345,-0.24873768421712822,11.667839222596768,0.35770305190320084
1739313480.0,0.0042985549425957,0.0053678134859712,0.0038469576525818,0.0050595545398055,315107.80417399853,1474.4066651096578,0.17703614525635614,0.2685534426242502,12.538137454252556,0.3538063032110565
1739313540.0,0.0050595545398055,0.0075710585422049,0.0050595545398055,0.0064635966608481,1127043.8474550275,6493.548331995326,0.2775031102039616,3.4041772773133623,14.75784097784777,0.49638836435903866
1739313600.0,0.0064635966608481,0.0077706612801774,0.0050494540300246,0.0059176345026542,745468.170732878,4614.906873438481,-0.08446723810923296,-0.28930892056355567,18.853187749096,0.4210051141705593
1739313660.0,0.0059176345026542,0.006196020069438,0.0051873288021742,0.0052927099276954,360264.35454733094,2019.3437502265824,-0.10560378047655807,-0.5624302276067367,17.260711050375036,0.17045514838933995
1739313720.0,0.0052927099276954,0.0075937484650243,0.0052167788489772,0.0060467286391594,341653.108532147,1937.0772176876283,0.14246363805399812,-0.040739241414307674,15.43791470974193,0.44910256721401354
1739313780.0,0.0060467286391594,0.008655586007524,0.0054316614492242,0.0074626778265001,831613.8789957658,5617.304956918788,0.23416780739437007,1.8998869563002785,17.6372562032591,0.533168387518045
1739313840.0,0.0074626778265001,0.0074684764944092,0.0057129308924675,0.0067761037005083,750654.4638542957,5344.20245654747,-0.09200104063902681,-0.04861806550754191,21.767333816829034,0.23524338618876553
1739313900.0,0.0067761037005083,0.0100915762053535,0.0063644616157614,0.0066834170527548,805598.5095001408,5421.484928707483,-0.013678457687497786,0.014460992596814855,19.76471645374368,0.5500380092046872
1739313960.0,0.0066834170527548,0.0084221504773371,0.006134548884779,0.0073312181354516,433569.23292720725,3038.157314152648,0.09692662863673701,-0.4396079018747795,19.494365616025757,0.342280239958269
1739314020.0,0.0073312181354516,0.0074541569424903,0.0062572325032459,0.0063436681931819,323677.1728247906,2213.1242727762356,-0.13470475492936168,-0.27155705122087026,21.383888752599063,0.16326406023255913
1739314080.0,0.0063436681931819,0.0076288470594705,0.0060157260782755,0.0065801395812815,331310.0580319823,2140.8937518758266,0.03727675863528868,-0.032637354254761275,18.50337725874347,0.25428835999473676
1739314140.0,0.0065801395812815,0.0069783382705349,0.0060720669380137,0.0063084162831295,249475.3662861554,1607.6885975867551,-0.04129445808793639,-0.24905727050764814,19.19312318675534,0.13772828392565817
1739314200.0,0.0063084162831295,0.0064598737395643,0.0048502602207757,0.006093351151624,510454.81378916773,3165.270943281831,-0.03409177864191445,0.9688333599137968,18.400553565743273,0.255153345395605
1739314260.0,0.006093351151624,0.0069463749522467,0.0054320681842134,0.0060029563759959,295307.14794406516,1786.0630383178793,-0.014834985442125474,-0.4357313890904881,17.773245966691263,0.24851788947526962
1739314320.0,0.0060029563759959,0.006332694225943,0.0053764605557572,0.0057183515350812,244956.69877054464,1435.6064455852575,-0.04741077947072094,-0.19621737039174336,17.509580121516084,0.1592937896416346
1739314380.0,0.0057183515350812,0.0063779898926751,0.0053793763060248,0.0058837208603954,133488.19849585788,774.3698714453469,0.02891905548298057,-0.46059738459194677,16.679437279749965,0.174633122941806
1739314440.0,0.0058837208603954,0.0076462095185848,0.0055957423315985,0.005962298189723,362369.7737522047,2146.319621527856,0.013355040320916778,1.7716982551526577,17.16179085186795,0.3484983797903192
1739314500.0,0.005962298189723,0.0060577434918977,0.0054165102417361,0.0057156787117143,178736.91225530315,1043.6427663758277,-0.04136315731973766,-0.513752399266186,17.390987260673786,0.107548000746905
1739314560.0,0.0057156787117143,0.005882343492871,0.0050607674925257,0.0054356160954408,196163.3128662277,1093.7374660597532,-0.04899901313548488,0.04799985330026786,16.671641118664983,0.14374075972140943
1739314620.0,0.0054356160954408,0.0057099066811289,0.0048425031660107,0.0051848344203539,175613.89839638697,932.5493589023131,-0.04613675261158464,-0.1473736725305102,15.854747156501428,0.1595777736852584
1739314680.0,0.0051848344203539,0.0068385338766048,0.0050681141979983,0.0056201503486217,250753.66454077905,1354.6947630639675,0.08395946581416316,0.4526788851783181,15.123260609222696,0.3414611798703605
1739314740.0,0.0056201503486217,0.0056946070352359,0.0049994096055896,0.0053536952805876,99595.36482822915,546.472079504884,-0.04741066546368209,-0.5966087015285227,16.39300149134141,0.12369730105472927
1739314800.0,0.0053536952805876,0.005605434919395,0.0044783323705435,0.0048492257872788,231072.0305489816,1178.8048443414364,-0.09422827913609456,1.1571181558067156,15.61579838168978,0.21052796055433942
1739314860.0,0.0048492257872788,0.005409176922719,0.0037901516151137,0.0046930763334398,294799.52532614063,1406.5330678532343,-0.032200903956387,0.19318568684625914,14.144348572846942,0.33387294768838455
1739314920.0,0.0046930763334398,0.0049983510312129,0.0046670015660873,0.0048829771809086,87712.45595983094,419.96958607313417,0.040464044046266676,-0.7014150639813068,13.688887762927038,0.07060389424408466
1739314980.0,0.0048829771809086,0.0049446409349132,0.0042171869753095,0.004385839267767,131170.75204863126,607.898812086751,-0.10181041088729698,0.44748294220736873,14.24279552031052,0.14897754641325986
1739315040.0,0.004385839267767,0.0045803845973322,0.0036792942989505,0.0041677574592979,133252.7087028132,569.8949665164578,-0.049724076774052384,-0.06251672945343718,12.792730656203952,0.2054544736748823
1739315100.0,0.0041677574592979,0.0055294323068945,0.0035872345681298,0.0043964851983455,269565.1811471887,1154.310811698062,0.05488029024753547,1.025479920894734,12.156623934905094,0.46600546162585055
1739315160.0,0.0043964851983455,0.0046817423219336,0.0042440376066583,0.0046402477738756,109540.4733379662,494.9440036029528,0.05544487574343102,-0.5712212009217347,12.823782984882822,0.09955787305732727
1739315220.0,0.0046402477738756,0.004861818543913,0.0041490544325473,0.0041824322712584,107418.81828091336,473.86093225944484,-0.09866186568628553,-0.042596882051370306,13.534796039040375,0.15360475261224885
1739315280.0,0.0041824322712584,0.0058001611757548,0.0041756530390507,0.0046877887172739,145039.2296560199,643.265009527692,0.12082836331583906,0.35749745491889645,12.199427810145304,0.3884122996725354
1739315340.0,0.0046877887172739,0.004733018582944,0.0040825572000243,0.0041300176493195,101495.7478857163,447.4849259444138,-0.11898383259021154,-0.30435369666232404,13.673464705834892,0.1387565485882146
1739315400.0,0.0041300176493195,0.0042394052773675,0.00301887415238,0.0035415994177469,443553.6061629138,1701.3867075991288,-0.1424735392279869,2.802109543708906,12.046543470347666,0.2955268545132262
1739315460.0,0.0035415994177469,0.0040745927268229,0.003452928300369,0.0039265507241004,186680.35272646105,697.078451347112,0.10869419743647894,-0.5902880584210173,10.33022978666344,0.17553211222555232
1739315520.0,0.0039265507241004,0.0040810162408834,0.003598495847357,0.0036932313618148,131066.82384212888,499.35031818502847,-0.05942094695314436,-0.2836526258701179,11.45306582265923,0.12288658097927635
1739315580.0,0.0036932313618148,0.004165928713491,0.0036399195719042,0.0039658354140507,107191.35684177802,410.4928799234025,0.07381179935121815,-0.17794609320485283,10.772513805960125,0.1424251800267197
1739315640.0,0.0039658354140507,0.0040898802878181,0.0031063626948775,0.0034001641593519,169548.69085852723,624.4477922674404,-0.14263608940871905,0.5212146734042297,11.567652433513882,0.2479975819107521
1739315700.0,0.0034001641593519,0.0037205442088577,0.0028174058988118,0.002925509629065,335653.71540902054,1061.6179547737934,-0.13959753354301965,0.7000908129067746,9.91768772675821,0.26561609020019955
1739315760.0,0.002925509629065,0.0033338667825703,0.0025023264536745,0.0029518752057428,383482.9495168652,1126.9384359488945,0.009012302135620253,0.06152917900585002,8.533202981652886,0.28423776857010796
1739315820.0,0.0029518752057428,0.0033208416629773,0.0027433316777964,0.0029492256049067,150240.75191724655,443.29291146572706,-0.0008975992043787257,-0.6066396376901729,8.610106785108117,0.19564173446674457
1739315880.0,0.0029492256049067,0.0034351535407816,0.002785486209954,0.0032060985946099,127139.00295804522,391.29089080503417,0.08709845366723863,-0.11730848681687842,8.602378360108188,0.22028403990075632
1739315940.0,0.0032060985946099,0.0035297526849259,0.0028078692381924,0.0029668272793548,175622.6818868562,542.0528985372232,-0.07463005525075347,0.38529393674872997,9.351632213134128,0.22515946575914167
1739316000.0,0.0029668272793548,0.0036446790785361,0.0023047583589777,0.0025121233111159,360581.59784500726,987.8043792128855,-0.1532627030238798,0.8223394467192433,8.653719384383201,0.45163421844017637
1739316060.0,0.0025121233111159,0.0031317736286948,0.0024451602963374,0.0029868746789918,143600.559817107,394.82959490630594,0.18898410192492196,-0.6002957638020202,7.327426960322487,0.27331991599265965
1739316120.0,0.0029868746789918,0.0032018541735103,0.0028318705980411,0.0031233608014545,92142.56099152766,281.50637271480974,0.045695295963595645,-0.2870180545062436,8.712194163839493,0.12386980212845272
1739316180.0,0.0031233608014545,0.003387876647143,0.0028217584199705,0.00295698457417,164533.21189609217,500.20937704452496,-0.05326833429138934,0.7769024985849263,9.11030045464845,0.18125290773607317
1739316240.0,0.00295698457417,0.0032991567821531,0.0028710128306049,0.0032674218417521,56213.21718323316,174.94695484746944,0.10498440549668304,-0.6502525484805197,8.62500992453524,0.14479072880127422
1739316300.0,0.0032674218417521,0.00354685812669,0.0031064761544171,0.0034488262921738,97508.8779454649,327.4469097712185,0.055519139923611724,0.8716925370705011,9.530501463865564,0.13477965001199615
1739316360.0,0.0034488262921738,0.0034874214693113,0.0030823649072687,0.0031216427177267,86479.66883652758,284.1059920384312,-0.09486809329584281,-0.13236013668007682,10.059626708180101,0.11744765544201771
1739316420.0,0.0031216427177267,0.0031216427177267,0.0027826488222908,0.0030665357519468,86391.0716148487,267.3016846695141,-0.01765319441170101,-0.05914802165328497,9.10528910310712,0.10859471313320838
1739316480.0,0.0030665357519468,0.0030933696036126,0.0022159193322916,0.0024987795782865,184150.6871049361,512.4283210090483,-0.18514578651165514,0.9170411201957197,8.944551664395227,0.2861373035562843
1739316540.0,0.0024987795782865,0.002701615908281,0.0019318607273714,0.0021734702316036,264410.2480135108,617.6953655070598,-0.13018729203236723,0.20542784265070455,7.288505611496639,0.308052453925307
1739316600.0,0.0021734702316036,0.0028251026536776,0.0020739621387106,0.0024105978724859,133754.7288262208,306.5703930917095,0.1091009379536548,-0.5036867520609468,6.339634802973178,0.34559503233352495
1739316660.0,0.0024105978724859,0.0028934986539666,0.001988576003114,0.0020237923982126,195804.6313160035,434.13707603269637,-0.1604603898013116,0.4161089453371505,7.031294906261186,0.3753934495592205
1739316720.0,0.0020237923982126,0.0022202422036798,0.0016406351160448,0.0017095892761261,212167.6276803488,396.0513665348653,-0.15525462115778385,-0.08772738289452782,5.903050584794539,0.28639651386520926
1739316780.0,0.0017095892761261,0.0019696693861956,0.001636118913755,0.0019354990108821,108809.4802559732,198.31008099824894,0.13214269527234496,-0.49928191705711167,4.986574702577029,0.19510561811455657
1739316840.0,0.0019354990108821,0.0020778762693535,0.0018292017195425,0.0020344192068923,62642.27872604525,124.3423617587144,0.05110836815417308,-0.3729902124349778,5.645514123952449,0.12848084572136637
1739316900.0,0.0020344192068923,0.0022675521600358,0.0019018079796432,0.002207396375626,99015.45911632368,210.00265869491272,0.08502533211821811,0.688906787072467,5.934047138218995,0.17977817902697482
1739316960.0,0.002207396375626,0.002348173027737,0.0021275084500547,0.0022540714275517,40026.85502197452,89.28926247150048,0.02114484396236428,-0.5748184188409825,6.438591466951227,0.09996599619301336
1739317020.0,0.0022540714275517,0.0022868119337117,0.0017437888110396,0.0018078098400343,106417.6724269154,216.12797508549542,-0.19798023348448857,1.4205371295846414,6.57473447885732,0.24090768199919657
1739317080.0,0.0018078098400343,0.0018460706307812,0.0012951088916534,0.0016543156558675,199622.9435916946,345.5598412878864,-0.08490615592837336,0.5988667878426687,5.27306701163463,0.3047675297072984
1739317140.0,0.0016543156558675,0.0018789186197276,0.0015138274438605,0.001765666402649,103646.7110520394,177.2349461111093,0.06730925043631363,-0.4871078032373136,4.825351161724019,0.22069015340101547
1739317200.0,0.001765666402649,0.0018583914514032,0.0015879513648477,0.001769565222364,74807.00868384467,132.2300514358749,0.0022081292984623513,-0.2539278830881391,5.150141931511658,0.15316601491072335
1739317260.0,0.001769565222364,0.0021629478103311,0.001769565222364,0.0018777915851196,49075.62397662064,89.49815559631634,0.06115986084481152,-0.32316327019112934,5.1615141108018685,0.2223046559660412
1739317320.0,0.0018777915851196,0.001880211288684,0.0016120123183134,0.0017031043538764,44168.71318500686,79.08178283743507,-0.09302801899182755,-0.11638645164783702,5.477191595567041,0.14282680383484508
1739317380.0,0.0017031043538764,0.0018472910991806,0.0016756193681738,0.0017971077467453,41976.68002340111,73.46364168091688,0.05519532179865601,-0.07104216615939421,4.967659311792753,0.10079930253014831
1739317440.0,0.0017971077467453,0.0021234117045825,0.0017425504153882,0.002085124692492,60704.97163772026,117.83540505746892,0.16026693239084913,0.6039962403344643,5.241850866093244,0.21193013601108168
1739317500.0,0.002085124692492,0.0021478094303754,0.001914546151326,0.002130008063504,46937.38243849623,98.92364909860844,0.021525509324988184,-0.160492985530428,6.081946224452324,0.11187018209957479
1739317560.0,0.002130008063504,0.0025121100323997,0.0020984443991713,0.0023171369391847,105609.30566050184,234.82994795276207,0.08785359965861407,1.373850440137731,6.212863214620849,0.19420848226644433
1739317620.0,0.0023171369391847,0.0023560479381707,0.0021651026441404,0.0021850033859129,25486.15378824952,57.37112035085856,-0.05702449045514416,-0.7556907845399718,6.758685612211878,0.082405701105212
1739317680.0,0.0021850033859129,0.0022588670396414,0.0017822877278583,0.0019993926691406,93113.54099926664,194.81196681469683,-0.08494756482711417,2.395645154274584,6.3732750090289825,0.21811376350979148
1739317740.0,0.0019993926691406,0.0019993926691406,0.0018310343049326,0.0018310343049326,17056.3773973788,32.666604031446106,-0.08420475217625242,-0.8323172617906053,5.831880817038466,0.08420475217625242
1739317800.0,0.0018310343049326,0.0019688193570248,0.0017026389152528,0.0019635056990463,34342.79292581226,65.1575508026791,0.07234784938591095,0.9946227266218423,5.340808738118302,0.14537163015184365
1739317860.0,0.0019635056990463,0.0021185106445411,0.0018971171682116,0.0019784418696494,21747.13682349751,42.86303656373936,0.007606889356295016,-0.3421631716400097,5.727204764302641,0.1127541806662611
1739317920.0,0.0019784418696494,0.0020371017828873,0.0019546141831814,0.0019886019286195,7788.95703436402,15.449566849078353,0.0051353841252361285,-0.6395596745437268,5.770770977265538,0.04169321372101654
1739317980.0,0.0019886019286195,0.0023630040538006,0.0019674227596128,0.0022355802267262,33156.64529664936,70.02985469661658,0.1241969519149335,3.5328037595302697,5.80040610293256,0.19892432391555354
1739318040.0,0.0022355802267262,0.0022881705664968,0.0021416081169563,0.0021729316787387,24086.39944421906,53.09258935481143,-0.028023395107248186,-0.24185778215849216,6.520798860785562,0.06555902033322564
1739318100.0,0.0021729316787387,0.0023063358915143,0.0020856891013356,0.0021116766924514,37613.92003027125,80.58045831748758,-0.0281900194500622,0.5177345708075756,6.338063937894875,0.10154336297714457
1739318160.0,0.0021116766924514,0.0021347068546362,0.0018765259884901,0.0020097554446822,49371.29750112611,101.74022608656247,-0.048265555107719425,0.26259180216753364,6.1593937922098805,0.12226344452681501
1739318220.0,0.0020097554446822,0.0020097554446822,0.0017818860373439,0.0018691608153631,39200.60544492762,76.02793293197503,-0.06995608828482715,-0.25272494610647855,5.862107231701829,0.11338165941594591
1739318280.0,0.0018691608153631,0.0018691608153631,0.0014778920914488,0.001680219035529,59138.65176635744,104.9527694942168,-0.10108374746631768,0.3804501246682831,5.452017140665772,0.2093285503838752
1739318340.0,0.001680219035529,0.0018339907039591,0.0016280538876089,0.0016340556500975,32697.1589112184,54.18368303567904,-0.027474623519525773,-0.4837326990340668,4.900906816836678,0.12256545842867615
1739318400.0,0.0016340556500975,0.0016920144059926,0.001594570105351,0.0016303334132103,15199.26916489471,24.808164016076887,-0.002277913170813932,-0.5421469596346721,4.766256247139813,0.059633403939324585
1739318460.0,0.0016303334132103,0.0017672525212214,0.0012777980322432,0.0015287955340815,119699.18832321292,189.0725853995973,-0.06228043804172614,6.621385656635821,4.755399129258979,0.30021741872689217
1739318520.0,0.0015287955340815,0.0015305172799653,0.0013442757102333,0.0014948894535359,37626.66936786694,56.88559765083137,-0.022178296436462904,-0.6991335495275217,4.4592307884254865,0.12182241874737941
1739318580.0,0.0014948894535359,0.0015638652073215,0.0012106604223982,0.001389681278168,98218.87060458148,141.65963972349414,-0.07037856553141666,1.4902549252099457,4.360332646121184,0.23627485235637707
1739318640.0,0.001389681278168,0.0014106658065229,0.0011785138282173,0.0014011074081881,64818.69593524184,90.44764164021454,0.008222122726703933,-0.3615143888777385,4.0534586892473685,0.16705411661848332
1739318700.0,0.0014011074081881,0.0015526093395645,0.001375197783156,0.0014939229552393,35526.13403438984,51.42461836237507,0.06624441959894294,-0.4314432368846771,4.086786724057985,0.12662238124764968
1739318760.0,0.0014939229552393,0.0014939229552393,0.0013194459708246,0.0013550168524561,22547.74286201777,32.118581106641116,-0.09298076737896412,-0.37542402589533375,4.357513538617872,0.11679115298603322
1739318820.0,0.0013550168524561,0.001379705918799,0.0013190849173709,0.0013689605515768,7770.75205934636,10.583676511000803,0.010290424872152554,-0.6704811935539572,3.9523485859329566,0.04473819002193104
1739318880.0,0.0013689605515768,0.0014642512622801,0.0013689605515768,0.0014436483326542,12061.7141801047,16.962442231008758,0.05455802286733015,0.6026984775449049,3.993019932125058,0.06960807642962526
1739318940.0,0.0014436483326542,0.0014886770629853,0.0013845746495882,0.0013925542909801,12310.70009257398,17.45781995066667,-0.03539230470357119,0.029204386544781944,4.210871204891642,0.07211064567622498
1739319000.0,0.0013925542909801,0.001696572316666,0.0012766939308623,0.0015906543972783,49405.25512405695,73.69309316585478,0.1422566485065183,3.2212082249731653,4.061838768140623,0.30151670819827314
1739319060.0,0.0015906543972783,0.0019825387552464,0.0014785500272598,0.0017415515215243,67417.19961209154,112.3239957882539,0.094864808159581,0.5242133416147404,4.639662338070154,0.3168436392273226
1739319120.0,0.0017415515215243,0.0017421429372877,0.0016267226645303,0.0016432146950246,16781.31579070285,28.400415378804798,-0.056465068810384794,-0.7471562939022979,5.079803015696411,0.06627439460210624
1739319180.0,0.0016432146950246,0.0018415288871513,0.0016276256995052,0.0017010896700407,33942.13708708626,56.756418609993695,0.03522058023905003,0.9984362148572994,4.7929715888719135,0.13017360926345517
1739319240.0,0.0017010896700407,0.0017135584361227,0.0016367800673752,0.0016372906112523,9598.43793980752,16.021617974734017,-0.03750481818331981,-0.7177126681507539,4.961782829301264,0.04513481570061089
1739319300.0,0.0016372906112523,0.0016606366378061,0.0015469827882501,0.0015469827882501,7498.03276366781,11.937893138972438,-0.055156868537300806,-0.25488841652582067,4.775692066423201,0.06941580729463206
1739319360.0,0.0015469827882501,0.0015871175675507,0.001526529830871,0.0015743408404078,5228.19659288165,8.159446780315111,0.01768478121766728,-0.3165086430805963,4.512279846940866,0.03916510069787853
1739319420.0,0.0015743408404078,0.0016086710318936,0.0014095131364397,0.0014237268220691,16639.08690105156,24.942554185592826,-0.09566798654584009,2.056892808684949,4.592078528826905,0.12650240046006322
1739319480.0,0.0014237268220691,0.0014558834377545,0.0013257453063079,0.0013758647597907,16211.63385991618,22.69297684120732,-0.03361744790959413,-0.09019033606770292,4.1527636219136514,0.0914066725648046
1739319540.0,0.0013758647597907,0.0014619938358787,0.0013563038053178,0.0014154827657536,13499.62265639484,18.841069148854757,0.028794985612486237,-0.1697400794662615,4.013158307173112,0.07681716521104724
1739319600.0,0.0014154827657536,0.0015583543128789,0.001409697929395,0.0015469346761744,10593.97768019602,15.69189212960431,0.09286719245275664,-0.16714428434873968,4.128717142888791,0.10502168382442685
1739319660.0,0.0015469346761744,0.0016076740919657,0.0014616452989737,0.0015651909948542,17694.45422806779,27.53368261900516,0.011801609312261567,0.7546438881682176,4.51213951238044,0.09439881026723891
1739319720.0,0.0015651909948542,0.0019282136367575,0.0015651909948542,0.0017976968249345,39193.40836378787,65.9015178012934,0.14854789661114692,1.3934872321003942,4.565390020067973,0.2319350437721603
1739319780.0,0.0017976968249345,0.0018671399747536,0.0017344448941629,0.0017992545743655,19472.06620407594,35.0200378900066,0.0008665251055648802,-0.468600435037032,5.243569104758592,0.07381393722800544
1739319840.0,0.0017992545743655,0.0019291226518766,0.0017817251649613,0.0018325420454286,17312.61101425615,31.437941080692795,0.01850070108885998,-0.10228706264010066,5.248112789030629,0.08192141846702207
1739319900.0,0.0018325420454286,0.0018704012632702,0.001778793697021,0.0018357241792326,7991.54262441372,14.657552946038587,0.0017364588233803732,-0.5337623126013067,5.345206555021108,0.04998933938663028
1739319960.0,0.0018357241792326,0.0018679988441745,0.0017714556566913,0.0017801398868333,10933.89810530019,19.767744630490494,-0.030279217884756723,0.3486388009830119,5.354488286106365,0.05259133620147593
1739320020.0,0.0017801398868333,0.0017894233022715,0.0015872099229154,0.0016007392645205,18169.43675487926,30.71433495820637,-0.10077894644107808,0.5537602054425295,5.192358568629973,0.11359409496509765
1739320080.0,0.0016007392645205,0.0016526349676616,0.0013703865098373,0.0015347806696394,33121.99111794951,51.92733170469892,-0.04120508339055318,0.6906546007054204,4.66907814253914,0.1763238174262236
1739320140.0,0.0015347806696394,0.0019108023543462,0.0015137761644368,0.00188991294826,30939.85205678078,52.97975693880438,0.23138959568994244,0.020267269654647438,4.476688388318806,0.2586859463135421
1739320200.0,0.00188991294826,0.001948942179105,0.0018363672389385,0.0018383625895322,27252.59301434035,50.80258793838586,-0.027276578413445517,-0.041094356150657894,5.512547504521754,0.05956620397259315
1739320260.0,0.0018383625895322,0.0018490696558839,0.0017414130643096,0.0017493057401816,15982.386024675,28.669750086993467,-0.04844357139211686,-0.43566359017448936,5.362184070256823,0.05856113053393612
1739320320.0,0.0017493057401816,0.0021208460412355,0.0017399303296068,0.0020661497473765,33564.7262912257,64.03235955812136,0.181125574516212,1.233446729177132,5.102420723431665,0.2177525076829371
1739320380.0,0.0020661497473765,0.0022953473021948,0.0019234832816617,0.0020514514834942,71689.97856309882,147.5953719862549,-0.007113842499055508,1.3050122313903558,6.026599608386651,0.17997922028898228
1739320440.0,0.0020514514834942,0.0020572933690819,0.0018279437978007,0.0018362984631203,15180.77989250871,29.509538108333608,-0.10487843466199545,-0.800064611029391,5.983727327967719,0.11179868162933744
1739320500.0,0.0018362984631203,0.0019204057979208,0.001782088233417,0.0019204057979208,11540.26413460169,21.676679723998973,0.0458026494546981,-0.26543480130319647,5.35616337236626,0.07532411929854049
1739320560.0,0.0019204057979208,0.002149074874165,0.0019081890672668,0.0019857250116008,29739.42869406793,58.08304933973473,0.03401323498956331,1.679517808044608,5.6014898457328455,0.12543484671781557
1739320620.0,0.0019857250116008,0.0020833978538573,0.0019025655960645,0.0019131571528006,19618.21795944956,38.24456004971856,-0.03654476746591367,-0.3415538528973998,5.792014636147409,0.0910661127479183
1739320680.0,0.0019131571528006,0.0019131571528006,0.001854646239108,0.0018733078936238,5182.31262985238,9.811322816289874,-0.020829056890839404,-0.743458342741164,5.580346808110233,0.030583433047801655
1739320740.0,0.0018733078936238,0.001888944637234,0.0017450268867459,0.0018221123521281,18006.1951366293,33.27022902842966,-0.027328951994466524,2.3910033999891067,5.464113446973491,0.07682546525211072
1739320800.0,0.0018221123521281,0.0021072828875025,0.0018187999947372,0.0019357300532084,30565.09181571225,57.429399074043545,0.06235493708585121,0.7261497967137435,5.314784952888834,0.15832332865115165
1739320860.0,0.0019357300532084,0.0020992984437437,0.0018803596036968,0.0020312316606379,20120.99021595568,39.90959891568608,0.04933622189272187,-0.3050667504942763,5.646188034251046,0.11310401452104185
1739320920.0,0.0020312316606379,0.0023268339615845,0.0019460639744317,0.0023002266291825,29199.74177381222,63.238731783396986,0.13242948786064287,0.5845494192261004,5.924749619956887,0.18745768615738323
1739320980.0,0.0023002266291825,0.0023002266291825,0.0020274621914266,0.0021949775457665,45731.4505968852,102.78610382479617,-0.04575596251287887,0.6253663052076284,6.709361177830316,0.11858154944186543
1739321040.0,0.0021949775457665,0.0022825841685881,0.0020247221592587,0.0020247221592587,24717.33130290625,52.14985780394182,-0.07756588983617402,-0.4926370796889651,6.402367899292147,0.11747819918556517
1739321100.0,0.0020247221592587,0.0020731070148128,0.0019296803201052,0.0019339696282608,16480.92456312524,32.621450359386145,-0.04482221453590788,-0.3744671273692254,5.905762536124995,0.07083771669694776
1739321160.0,0.0019339696282608,0.0019674330656588,0.0018180442501729,0.0018246388460695,22213.23214730282,41.74542129555931,-0.05653179894537436,0.27969237528238633,5.641053180732674,0.07724465436421778
1739321220.0,0.0018246388460695,0.0018250683487338,0.001685040587226,0.0017009962302617,17066.89422006446,30.085820453146738,-0.06776278827678231,-0.27930250745014923,5.322154296479329,0.07674272736735671
1739321280.0,0.0017009962302617,0.0018251151052358,0.0017009962302617,0.0017886784449374,8631.42886118878,15.060439353836548,0.051547565547637876,-0.4994173624983744,4.961510281710633,0.07296834217851511
1739321340.0,0.0017886784449374,0.001808116958703,0.0016554707225821,0.0016666220086043,11858.01505162457,20.48650239299134,-0.06823833354651497,0.36028583972037564,5.2172640581723915,0.08534023348519876
1739321400.0,0.0016666220086043,0.0018982911010449,0.0016666220086043,0.0017320926153173,23351.68790640962,39.68286159038377,0.039283416620561604,0.937024721406799,4.861246653170579,0.13900518008556093
1739321460.0,0.0017320926153173,0.0018393941708635,0.0015685879730945,0.0016656750673014,35002.231063749,59.464724763979355,-0.03834526365885631,0.4984989081127471,5.05221303074239,0.15634625733878063
1739321520.0,0.0016656750673014,0.0016656750673014,0.0013116312569651,0.0014267207849867,58363.92749444481,90.24218365353227,-0.1434579210588987,0.5175750667595169,4.858484590017864,0.21255274650289083
1739321580.0,0.0014267207849867,0.001520254157019,0.0013340442180645,0.0013692193929097,23126.80348292819,32.330579522116665,-0.04030318523574041,-0.6417354034090776,4.161496491237205,0.13051603433129758
1739321640.0,0.0013692193929097,0.0014573110550905,0.0013552275300327,0.0014502874070667,11831.1948511983,16.679067167399687,0.05920746855967613,-0.48410862366417245,3.9937749272929883,0.07455600292139038
1739321700.0,0.0014502874070667,0.0015702192867048,0.001422673222488,0.0014735720890382,21289.89439473736,31.12432994856166,0.01605521902627205,0.8660713837399834,4.230236230735111,0.1017357411350771
1739321760.0,0.0014735720890382,0.001529233093982,0.0014679151904492,0.0014690983018725,6712.68669338621,9.876612188043927,-0.0030360151355880594,-0.6826722951348113,4.2981535999524345,0.041611743320153514
1739321820.0,0.0014690983018725,0.0015607438021018,0.0014690983018725,0.0014876283012256,10668.01173768099,15.771197053482087,0.012613178661687829,0.5968225493933855,4.285104340567896,0.06238214291888398
1739321880.0,0.0014876283012256,0.0015426345165911,0.0014155183356272,0.0014267788543027,16937.47183978898,24.681344563220044,-0.04090366314809176,0.564963298570333,4.339153127199453,0.08544888589385788
1739321940.0,0.0014267788543027,0.001442132726141,0.0012588175835973,0.0012885409099882,18224.28861884385,24.742385538444207,-0.09688813644638727,0.0024731624757236997,4.161665869336498,0.12848181902253547
1739322000.0,0.0012885409099882,0.001390986668598,0.0009298285555421,0.0010207297949342,73435.00287176027,84.79065042382415,-0.20784059937720756,2.4269391806250122,3.7584498187439506,0.35789171261944885
1739322060.0,0.0010207297949342,0.0011955123874337,0.0009177935072767,0.0010925093028259,75194.33911920231,79.45180867846503,0.07032175238533829,-0.06296498161852798,2.9772913556870506,0.2720787435962941
1739322120.0,0.0010925093028259,0.001160194672464,0.0010465151424356,0.001136532597948,17267.40584516075,19.244885573265734,0.04029557918475264,-0.7577791381546994,3.1866597011806834,0.10405360369413331
1739322180.0,0.001136532597948,0.001149275120829,0.0010552107041823,0.0011356548667537,13416.60170388728,15.242517105234073,-0.0007722886223279136,-0.20797049963194372,3.3150679995044703,0.08276438072830691
1739322240.0,0.0011356548667537,0.0011543863011155,0.0010634386858341,0.0010735308385793,8294.43753803718,9.16197642140459,-0.05470326416333079,-0.39891972184446545,3.3125078102062093,0.0800838511275669
1739322300.0,0.0010735308385793,0.0010786097279918,0.0010357557927762,0.001071059589441,7563.75940756705,8.110583012658395,-0.0023019824391542036,-0.11475617927698287,3.1313028204214026,0.03991868111801293
1739322360.0,0.001071059589441,0.0010763055041543,0.0007069828882883,0.0007782010307228,72371.48036120537,66.91686432746745,-0.2734288190921727,7.250561546935477,3.1240946163171186,0.3448198583038263
1739322420.0,0.0007782010307228,0.0008946273443268,0.0007723573323752,0.0008370924571365,34412.51640899138,27.79315682814754,0.07567636650262605,-0.5846613987747891,2.2698771146453143,0.15711879980168422
1739322480.0,0.0008370924571365,0.0008459379110967,0.0006716224814408,0.0008182495305955,57356.03422775105,47.47192585349502,-0.022509970529966655,0.7080436794937159,2.441653167089137,0.2082391594498329
1739322540.0,0.0008182495305955,0.0008501480178266,0.0007563377600362,0.0008331813348359,16730.21320659871,13.814395237312572,0.018248472723880506,-0.7089986346889375,2.3866916262535605,0.1146474935611969
1739322600.0,0.0008331813348359,0.0008437137480698,0.0006793871643861,0.0008285708906995,25665.37040161268,21.32474319203513,-0.005533542271812982,0.5436610018538608,2.4302451032955625,0.19722787442911813
1739322660.0,0.0008285708906995,0.000847708948618,0.0007645072833489,0.0007703323902443,13555.23934681007,10.836758332796556,-0.07028789100475596,-0.4918223288689298,2.41679723928561,0.1004158680965235
1739322720.0,0.0007703323902443,0.0009810356885937,0.0007703323902443,0.0008368531432428,37662.34912962772,30.265191339139076,0.08635331168848288,1.7928270069051893,2.246925658350108,0.27352257417421905
1739322780.0,0.0008368531432428,0.0008650214932699,0.0007405920422967,0.0008052533153362,21500.45196929629,17.65301552057451,-0.037760302583259624,-0.416722157056197,2.4409551300664645,0.14868731984567415
1739322840.0,0.0008052533153362,0.0008052533153362,0.0007601369674686,0.0007812319928195,8207.49367695338,6.510534067633671,-0.029830765125966507,-0.6311942251426861,2.3487839257629948,0.05602752203356468
1739322900.0,0.0007812319928195,0.0008603753188287,0.0007549380015029,0.00077938937205,17387.50895332777,13.567658977211519,-0.002358608948988236,1.0839548393827607,2.278717904141913,0.13496287696215836
1739322960.0,0.00077938937205,0.00077938937205,0.0006900076966413,0.0007060043124797,10753.45598163871,7.986557800997133,-0.09415712120538404,-0.4113532913517728,2.2733432997009846,0.11468167082340705
1739323020.0,0.0007060043124797,0.0008762034825933,0.0006897458122699,0.0008428152460499,17783.82139798773,13.771965203300304,0.19378200834167536,0.7243931048218114,2.059291839089591,0.2641027356738156
1739323080.0,0.0008428152460499,0.0008875919797977,0.000835899031551,0.0008824573984613,6291.43260256732,5.427218281997651,0.047035400222284245,-0.6059227421880884,2.4583455474299942,0.06133366534240348
1739323140.0,0.0008824573984613,0.0008824573984613,0.0008334839767556,0.0008550699636837,6913.73765868055,6.006404178324883,-0.031035418622308814,0.106718739920305,2.5739748141380345,0.055496641300863556
1739323200.0,0.0008550699636837,0.0009142215748082,0.0008124829640948,0.0008624534236745,14621.29738867972,12.556210109288399,0.008634919134560144,1.0904703940170377,2.4940904282579814,0.11898279092286562
1739323260.0,0.0008624534236745,0.0009546853577443,0.000852012553354,0.0009498327832232,9968.72264011666,9.033089270536125,0.10131487353417708,-0.2805879169022555,2.5156266974202692,0.11904736136690205
1739323320.0,0.0009498327832232,0.0009534679269741,0.0008212133721267,0.0008230706131868,14835.36479210303,13.150834313450398,-0.13345735404735162,0.45585125083900324,2.7704970981286037,0.13923982956094877
1739323380.0,0.0008230706131868,0.0008266212900288,0.0007722031585384,0.0007932471481287,8406.7114679669,6.7939585299648,-0.03623439420662612,-0.48338193851198613,2.4007538860164943,0.06611599371735735
1739323440.0,0.0007932471481287,0.0008019016501413,0.0006651478185486,0.0006651478185486,21211.22653986232,15.467173011393585,-0.16148728663228243,1.2766069211602507,2.313764023317483,0.17239750803429602
1739323500.0,0.0006651478185486,0.0006971954118078,0.0005045371877699,0.0005892720861338,58525.13641068124,36.70754801890561,-0.11407348907851232,1.3732551508841162,1.9401205492845497,0.2896472312850607
1739323560.0,0.0005892720861338,0.0006450711891527,0.0005892475478065,0.000611007082147,12093.79021792977,7.257962232069611,0.036884482609388126,-0.8022760270358696,1.7188042289947412,0.09473321859254788
1739323620.0,0.000611007082147,0.0006174897882764,0.0005809393147547,0.0006064155983604,7507.37954678226,4.569827065715045,-0.00751461631257394,-0.37037050902206786,1.7822014336880405,0.059820048882684614
1739323680.0,0.0006064155983604,0.0006246515656881,0.0005242390679017,0.0005995536817971,26754.38701908997,16.132484427233546,-0.011315534398938561,2.530217707419806,1.7688088737221557,0.16558363283842129
1739323740.0,0.0005995536817971,0.0005995536817971,0.0005629703998362,0.0005673328974622,3992.37828050622,2.3293263174245147,-0.053741283413224206,-0.8556126721875313,1.748793856066405,0.06101752532191166
1739323800.0,0.0005673328974622,0.0006323355413381,0.0005622042938913,0.0006269065387117,7355.48285965999,4.392103851553567,0.10500649885805238,0.8855682944456749,1.654811429816235,0.12361568976611774
1739323860.0,0.0006269065387117,0.0006452048486773,0.0006054678256607,0.0006321700205184,8557.68082019796,5.387387661042133,0.008395959336325387,0.22660753095273842,1.8285773843315256,0.063385880610306
1739323920.0,0.0006321700205184,0.0006327784226533,0.0006203357024934,0.0006250179834287,1846.39632148615,1.1606336529522203,-0.011313470834689497,-0.7845646673349458,1.8439300456936973,0.019682553357554953
1739323980.0,0.0006250179834287,0.0006322550731326,0.0006140796155145,0.0006299827681004,3512.6959056288,2.2042180007286682,0.007943426914637515,0.8991505158599852,1.823068796900534,0.02907989545899752
1739324040.0,0.0006299827681004,0.0006696605637923,0.0006070833139586,0.0006696605637923,12794.03882300395,8.313843622146706,0.06298235078959595,2.7717882801965703,1.8375502106490695,0.09933168493225696
1739324100.0,0.0006696605637923,0.0006696605637923,0.0004660625989314,0.0004770896380124,18862.79634610673,10.815457758249426,-0.2875649787249937,0.3008974248010671,1.953283442609665,0.30403158834368416
1739324160.0,0.0004770896380124,0.0005470287881333,0.0004335804855722,0.0004598163251164,19693.21435918208,9.2253449831457,-0.03620559224040633,-0.1470222352716303,1.3915875309917343,0.2377924262487365
1739324220.0,0.0004598163251164,0.0004832543394447,0.0004227628706948,0.0004594302986112,18714.90880584859,8.601808366573124,-0.0008395232707370371,-0.06758951754235205,1.3412042802778137,0.1315557222431956
1739324280.0,0.0004594302986112,0.0005116488967325,0.0004578610656301,0.0005016365809657,13631.52285527218,6.550402567198814,0.09186656274539204,-0.2384854105034625,1.3400783080737084,0.11707506288765417
1739324340.0,0.0005016365809657,0.0005274418379731,0.0004237979251213,0.0004343740222899,21740.41574881799,10.174629830039338,-0.13408623140344528,0.553283134228859,1.4631866960461006,0.20661155263492792
1739324400.0,0.0004343740222899,0.0004770945927448,0.0004201017206482,0.0004726077827052,14879.69308667792,6.747805446764126,0.08802036598262059,-0.3368008901078579,1.2669935061336206,0.13120690734715043
1739324460.0,0.0004726077827052,0.0004782151679518,0.000456671433317,0.000456671433317,3403.90543786027,1.5815892883542475,-0.033720031644380914,-0.7656142725465374,1.3785147382411056,0.04558480715548954
1739324520.0,0.000456671433317,0.0004700803563668,0.0004357232188083,0.0004689337860695,5726.82020615032,2.650387336650404,0.026851587066511518,0.6757747135530453,1.33203117764537,0.07523382250768222
1739324580.0,0.0004689337860695,0.0005691330064357,0.0004658449123909,0.0005212692073347,20494.96789956594,10.147089281936593,0.11160514089603983,2.8285306987470835,1.3677983287872224,0.22026157447629902
1739324640.0,0.0005212692073347,0.0005309795711856,0.0005013246173913,0.000527212633252,4520.92387763365,2.370053294186845,0.011401835814721033,-0.7664302315338931,1.5204516539888884,0.05688990137347389
1739324700.0,0.000527212633252,0.000527212633252,0.0004958098884082,0.0004978843586143,2313.36932160982,1.1857139663290048,-0.05562892993818203,-0.49970999840498603,1.5377875941118906,0.05956371843766099
1739324760.0,0.0004978843586143,0.0004987512296085,0.0004706422626061,0.0004776593853839,4693.22598785748,2.289223625812068,-0.04062182890559104,0.9306710478409496,1.4522421157792347,0.056456818769387004
1739324820.0,0.0004776593853839,0.0005024673267635,0.0004776593853839,0.0004948964398294,2454.20152529505,1.1934239948365335,0.03608649797940512,-0.4786774077551362,1.3932493850225571,0.05193646799101744
1739324880.0,0.0004948964398294,0.0005317965276252,0.0004933080764382,0.0005269871263132,3808.22636099419,1.9457819672255,0.06484323567747288,0.6304196795473506,1.443526876139981,0.07777071744599276
1739324940.0,0.0005269871263132,0.0005598783321257,0.0005245289707519,0.0005245289707519,5820.98193949898,3.0604281050542017,-0.0046645457518048,0.5728525377476291,1.537129829576292,0.0670782256506036
1739325000.0,0.0005245289707519,0.0005333045104133,0.0004938004406036,0.0004944782057402,3426.89718882571,1.7460164142570007,-0.05729095376490448,-0.42948621750875016,1.5299598171597695,0.07531341834764979
1739325060.0,0.0004944782057402,0.0005506889016205,0.0004932368547858,0.000544736019355,8037.92427591136,4.17656262388256,0.1016380763224287,1.3920523253842683,1.4423069600127074,0.11618721749060353
1739325120.0,0.000544736019355,0.000544736019355,0.0005248344290406,0.0005282639916603,1398.67693119,0.750390181286858,-0.030238550617974223,-0.8203330707898521,1.5889002648948491,0.036534375564084585
1739325180.0,0.0005282639916603,0.0005790518158443,0.0005282639916603,0.0005535900723001,6183.89501605128,3.3450359771097706,0.04794209152927818,3.457728872962206,1.5408542238079137,0.09614099197709287
1739325240.0,0.0005535900723001,0.0005952594291247,0.0005534285951432,0.0005947585119511,3510.87849516839,2.015856174702302,0.07436628962645613,-0.39735889583941847,1.6147259980389874,0.07556283263480117
1739325300.0,0.0005947585119511,0.0005968358308526,0.0005672477327351,0.0005672477327351,3257.31245548674,1.8925087070848658,-0.04625537703655747,-0.06118862504446862,1.7348071792765232,0.049748086867116056
1739325360.0,0.0005672477327351,0.0005694698610202,0.0005461398038437,0.0005512040646757,1754.13094134854,0.9809554521225867,-0.028283353345534216,-0.4816639688629989,1.654563019113361,0.04112851551474587
1739325420.0,0.0005512040646757,0.0005512040646757,0.000526002663411,0.000526002663411,2084.81613966939,1.1228889862378042,-0.04572063756374375,0.14468907207570167,1.6077664286113238,0.04572063756374375
1739325480.0,0.000526002663411,0.0005308993064594,0.0005201583555864,0.0005201583555864,971.41798453394,0.5081298142862135,-0.011110795117844187,-0.547479919641315,1.5342583224416309,0.02041995529708447
1739325540.0,0.0005201583555864,0.0005201583555864,0.0004992643238672,0.000504605947434,1841.97565332196,0.9437954482785121,-0.0298993719611924,0.8573904182424177,1.5172114925631346,0.04016859768722764
1739325600.0,0.000504605947434,0.0005115116770281,0.0004856764157468,0.0005089662433087,3580.9520559195,1.8147767101314518,0.008640991841005365,0.9228496105184806,1.4718478218031934,0.051198883827422874
1739325660.0,0.0005089662433087,0.0005285298413006,0.000505731267425,0.0005065530899605,3590.88847660643,1.8233083358037072,-0.00474128369007851,0.004701198568741509,1.4845660468225965,0.04479388206060659
1739325720.0,0.0005065530899605,0.0005102756808808,0.0005039868706822,0.0005095102498226,884.82542363152,0.4495193375300192,0.005837808357522114,-0.7534595061608859,1.4775272980379521,0.012414908374343052
1739325780.0,0.0005095102498226,0.0005095102498226,0.0004713487030257,0.0004721935351321,2389.69851842095,1.1729880402172428,-0.07324036111833439,1.6094273199957938,1.4861528192469051,0.07489848694935382
1739325840.0,0.0004721935351321,0.0004793905280582,0.0004648795390803,0.0004648795390803,1706.04686722625,0.7993452913110681,-0.015489403195140876,-0.31853926561516716,1.377306450088231,0.03073102001246249
1739325900.0,0.0004648795390803,0.0004648795390803,0.0004510371368244,0.000451410569342,2960.55254402902,1.3563625057791333,-0.02897303194919378,0.6968418035645874,1.3559727951595462,0.029776320728774768
1739325960.0,0.000451410569342,0.0004539602148607,0.0004344820088432,0.0004349866282302,1401.3887179782,0.6210935161625873,-0.03638359893907755,-0.5420888490235776,1.3166861520431512,0.043149645445591626
1739326020.0,0.0004349866282302,0.000435680717305,0.0004194488609724,0.0004307666547067,2856.2742063194,1.2364143855445044,-0.009701386777495949,0.9907056721243261,1.268780371158576,0.037315759334123524
1739326080.0,0.0004307666547067,0.0004457224773927,0.0002875049573301,0.0003984542729224,48679.77011823555,20.183142067107312,-0.07501133486365338,15.323930150827922,1.2564714420422716,0.36729286803856015
1739326140.0,0.0003984542729224,0.0004733092338936,0.0003894078702506,0.0003916587419766,18457.36346472039,7.29170154709844,-0.017054732268170322,-0.6387231718998894,1.1622218419566213,0.2105671073060371
1739326200.0,0.0003916587419766,0.0008073303973967,0.0003916587419766,0.000650122607382,90573.04225779696,47.178653089420614,0.6599210938098815,5.470184330047661,1.1424004596058315,1.0613108067556798
1739326260.0,0.000650122607382,0.0006992760024197,0.0006184207141196,0.0006653373900402,39731.75090911333,26.13276447424086,0.023402943514714742,-0.4460892212266039,1.896294620477823,0.1243692918566528
1739326320.0,0.0006653373900402,0.0006946374485065,0.0005930296613814,0.000601556154372,24320.0871677862,15.405480716205162,-0.09586299616251279,-0.410491732270025,1.940673496368123,0.15271618376799898
1739326380.0,0.000601556154372,0.0006256473177142,0.0005733512873568,0.0005781057464162,12748.75390931642,7.519609634672601,-0.03898290755628844,-0.511887374811832,1.7546347204330954,0.08693457788989783
1739326440.0,0.0005781057464162,0.0007716036846962,0.000577944592082,0.0006279486024448,31196.66066556219,18.81243413282109,0.08621754123287384,1.5017833433902943,1.686233957331398,0.33498904623372744
1739326500.0,0.0006279486024448,0.0006582340407163,0.0005909662484624,0.0006582340407163,22069.18170760878,14.192499230547428,0.048229167408907786,-0.24557879483620343,1.8316169030758898,0.10712308617617018
1739326560.0,0.0006582340407163,0.0007016643393178,0.0006457271795416,0.0006910462902507,11993.8605538192,8.091540068814608,0.04984891012122864,-0.4298720797955961,1.919954261323322,0.08498065477642022
1739326620.0,0.0006910462902507,0.0007005881682944,0.0006468366769571,0.0006682970408282,11796.07657798106,8.017459014587283,-0.03292000802760541,-0.009155371362843313,2.0156618887328985,0.0777827652005771
1739326680.0,0.0006682970408282,0.000700595764008,0.0006669192980281,0.0006701061996034,10065.06291625326,6.735556411130647,0.0027071177405752875,-0.15988888762939626,1.949306283174873,0.050391463559625836
1739326740.0,0.0006701061996034,0.0007093789612843,0.0006509412612992,0.0006652225887813,12180.72686915902,8.132637625919537,-0.007287816207326978,0.20741882771261258,1.9545832847958706,0.0872066248897356
1739326800.0,0.0006652225887813,0.0006664112737338,0.00061978109054,0.0006212547671466,8142.41670012529,5.237517353620179,-0.0660949017309378,-0.3559878609459147,1.9403386410543648,0.0700971133274763
1739326860.0,0.0006212547671466,0.0006936266405108,0.0005122187625991,0.0005367649479132,40491.37550842088,23.444905564320457,-0.13599866544519015,3.4763394527209175,1.8120921492491353,0.292002391780267
1739326920.0,0.0005367649479132,0.0005527792725675,0.0005073659973519,0.0005347504013523,13784.63997486479,7.38522665858321,-0.003753126147174889,-0.6849965277820359,1.5656500352875464,0.08460551567712232
1739326980.0,0.0005347504013523,0.0005839004308939,0.0005318912767737,0.0005662832840417,6355.85118020779,3.4990031243799935,0.05896747830325753,-0.5262158785183113,1.5597739532027834,0.0972587472373597
1739327040.0,0.0005662832840417,0.0005665307877887,0.0005226596550638,0.0005226596550638,3717.14641029632,2.023880168556767,-0.07703499327500471,-0.4215837778323251,1.6517498899462548,0.07747206029424207
1739327100.0,0.0005226596550638,0.0005707661370749,0.0004822096029235,0.0005667323842014,25832.99193888264,14.071127884310416,0.08432395481572051,5.9525499102768356,1.5245073482822553,0.1694344173946047
1739327160.0,0.0005667323842014,0.000628768,0.0005630286762291,0.0005659281191226,3435.75779625707,1.9457735774039446,-0.0014191267363931298,-0.8617187198210656,1.6530598370350422,0.11599711892860218
1739327220.0,0.0005659281191226,0.00059292998957,0.0005659281191226,0.000590824554326,4483.39520103198,2.593089692460183,0.04399222155986672,0.3326780271730737,1.6507139356234481,0.04771254428789126
1739327280.0,0.000590824554326,0.0006431042310192,0.000590824554326,0.0006268436933194,4523.74039534935,2.7542075200038765,0.06096418764194703,0.062133534374907665,1.7233325088113542,0.08848595798940602
1739327340.0,0.0006268436933194,0.0006653694933023,0.0006266807245242,0.0006621224392812,5157.2823215917,3.3237811243957487,0.056279972723318326,0.20680126688168746,1.828394075247997,0.06171996175510165
1739327400.0,0.0006621224392812,0.0006978158088524,0.0006497748044581,0.000687973833447,5795.60428699896,3.9123118730424364,0.0390432231746508,0.17706663785019253,1.9312960439304312,0.0725560735359661
1739327460.0,0.000687973833447,0.000687973833447,0.0006479243652691,0.0006515519360418,3513.72584435477,2.3533631577160032,-0.05294081785452956,-0.3984725057499329,2.0067000663899273,0.058213650332073735
1739327520.0,0.0006515519360418,0.0006517912207914,0.0006029783684627,0.0006029783684627,4267.00048413316,2.676540708340211,-0.07455056902168995,0.13732583072213111,1.9004637236865056,0.07491782255339416
1739327580.0,0.0006029783684627,0.000605619975758,0.0005721101855754,0.0005749365322694,3532.47420830446,2.0804770032068256,-0.04650554258653264,-0.22269928616292906,1.758783071680597,0.0555737849568858
1739327640.0,0.0005749365322694,0.0005938909032991,0.0004878244674275,0.0005119370592043,23211.51031116181,12.613988787710625,-0.10957639587873697,5.063027261665259,1.6769899106400823,0.18448372980045755
1739327700.0,0.0005119370592043,0.0005248159760447,0.0005067011554394,0.0005105960125912,3694.34669691632,1.888795838137702,-0.0026195536911985656,-0.850261810920754,1.493231400307137,0.03538485889936502
1739327760.0,0.0005105960125912,0.0005105960125912,0.0004457867609003,0.0004905698353969,10356.98005003234,5.184527357193231,-0.039221178192657705,1.7448849963080313,1.4893198004806487,0.12692862868631213
1739327820.0,0.0004905698353969,0.000518319506794,0.000487947081288,0.0005073185976521,3403.78026888032,1.6982964794780433,0.0341414433719701,-0.6724298354561182,1.4309069232001437,0.06191254193488466
1739327880.0,0.0005073185976521,0.0005073185976521,0.0004872243873001,0.0005036512771453,3185.31387257308,1.6101281834728138,-0.00722883119951161,-0.05191572677129215,1.4797601508891414,0.03960866099724546
1739327940.0,0.0005036512771453,0.0005042205575178,0.000490829425733,0.000490829425733,1265.8661958862,0.6294397521173941,-0.02545779588800886,-0.6090747565452935,1.4690632145426,0.02658810250755465
1739328000.0,0.000490829425733,0.0004937229587467,0.000455598071126,0.0004649333944465,5930.46326762852,2.834058148819784,-0.05275973674118481,3.5025089999260417,1.4316641030801924,0.077674413191028
1739328060.0,0.0004649333944465,0.0004660746571299,0.0004598358476009,0.0004660746571299,1037.7537518612,0.4830785492681973,0.0024546799542301658,-0.8295452937444594,1.3561298818998768,0.013418716752809801
1739328120.0,0.0004660746571299,0.0005048564272009,0.0004612029368959,0.0004932551670912,3999.50710187678,1.9184232225072462,0.058317931570616356,2.9712448946727483,1.359458746736309,0.09366201237762924
1739328180.0,0.0004932551670912,0.0005085615623865,0.0004863190952259,0.0005075917372532,2078.71345167655,1.0402369615647686,0.029065220434577252,-0.45776461139515867,1.438739568901553,0.04509322688248197
1739328240.0,0.0005075917372532,0.0005358953591259,0.0005075917372532,0.0005358953591259,1765.39084984598,0.9210812859400068,0.05576060403556468,-0.11454666583421799,1.4805568516196252,0.05576060403556468
1739328300.0,0.0005358953591259,0.0005517607806302,0.0005091857378243,0.0005128414257166,6158.79436794118,3.229477101970365,-0.04301946829116667,2.5061803461510257,1.5631135959749296,0.07944656000631209
1739328360.0,0.0005128414257166,0.0005404639690386,0.000503351601918,0.0005337682133877,3573.20102623794,1.8698733182590022,0.04080557190140934,-0.4209981185133169,1.4958692801973945,0.07236616478230566
1739328420.0,0.0005337682133877,0.0006594611729466,0.000532329865697,0.0005797725720387,13193.25121725702,7.345611661396095,0.0861878948523767,2.9284007048324705,1.5569090816655988,0.23817699154981123
1739328480.0,0.0005797725720387,0.0007731990296645,0.000483601705641,0.0006556021228827,45380.3106361133,28.030843703763416,0.13079189065007776,2.81599858471635,1.6910957978909038,0.4995015942288648
1739328540.0,0.0006556021228827,0.0006935280840037,0.0006325649031939,0.0006764889942673,9522.27703209534,6.342270324747835,0.03185906612498429,-0.7737395851593177,1.9122774145674568,0.09298807719191522
1739328600.0,0.0006764889942673,0.0007332786923176,0.000634124438916,0.0007289294878045,15412.30521416768,10.830369299661415,0.07751862037903201,0.7076486408030904,1.9732007871674755,0.14657186479285328
1739328660.0,0.0007289294878045,0.0007763468148205,0.0006892780388842,0.0006915303367128,11070.46121577525,7.862572697942845,-0.051306953165448775,-0.27402542975255245,2.126160589919518,0.11944746013574915
1739328720.0,0.0006915303367128,0.0007420549770626,0.0006439179082301,0.0006710174721494,21940.80679852616,14.947699114000338,-0.02966300026822863,0.9011206240307627,2.0170737681102944,0.14191289032813234
1739328780.0,0.0006710174721494,0.0006742782156999,0.0006585182346584,0.0006588289445119,3224.54939395289,2.144077728447809,-0.018164247792919246,-0.856561353550419,1.9572413083858018,0.023486692516392692
1739328840.0,0.0006588289445119,0.0007429458440181,0.00065792565605,0.0007370107699698,8867.1695111893,6.188573679379655,0.11866786684034021,1.8863569623755347,1.9216894922697447,0.12904743890857456
1739328900.0,0.0007370107699698,0.0008857867364169,0.0007332504542686,0.000885494899139,15707.82069427029,12.743014062899036,0.201468058838929,1.0591197137005568,2.1497322850468916,0.20696615078576167
1739328960.0,0.000885494899139,0.0008860994865215,0.0006884254110636,0.0007443369716326,22078.02540151503,17.991734721547076,-0.1594113389514194,0.41189004679274094,2.582834675538664,0.22323570203521878
1739329020.0,0.0007443369716326,0.0007589922761925,0.0006857301810759,0.0007460404942882,13090.25618356252,9.754711419555996,0.0022886444184864276,-0.4578226296392833,2.171101541620891,0.09842597897012924
1739329080.0,0.0007460404942882,0.0007463843842179,0.0006939410770769,0.000703924828448,5381.2830788952,3.9013369281125647,-0.05645225180488729,-0.6000561410467495,2.176070421046089,0.07029552355738596
1739329140.0,0.000703924828448,0.0007445547989391,0.0007020281021364,0.0007445547989391,3032.24302085611,2.1960711204983965,0.05771918939225407,-0.4370978049412313,2.053226345692028,0.06041369061588877
1739329200.0,0.0007445547989391,0.0007445547989391,0.0006939894243724,0.0006953647554679,5018.58721430875,3.613180932690061,-0.06606638428936304,0.6452932234134806,2.171736906004192,0.06791357014789182
1739329260.0,0.0006953647554679,0.0006975029309112,0.0006745345306036,0.0006902885236845,4017.20129728703,2.783224075300524,-0.007300099326984558,-0.22970254544425014,2.0282581009967267,0.033030722548117904
1739329320.0,0.0006902885236845,0.0006953193767487,0.0006727622898193,0.0006767987232833,1702.83824426117,1.1639642236892427,-0.01954226376124071,-0.5817928444860979,2.013451615398689,0.03267776611582464
1739329380.0,0.0006767987232833,0.0006767987232833,0.0006574645205082,0.0006587723255362,2035.00562589884,1.3589472990676483,-0.02663479868822752,0.16751638186988005,1.9741042128600719,0.028567138367675375
1739329440.0,0.0006587723255362,0.0006596564700259,0.0005186632403839,0.0005795045385225,18600.64067889463,11.516371504672165,-0.1203265285152664,7.474479851112226,1.921524344560962,0.21402421470458743
1739329500.0,0.0005795045385225,0.0006296432915407,0.0005773763430558,0.0006195335060287,19400.01799693613,11.630679821652192,0.06907446766207814,0.0099257233004035,1.6903139907223688,0.09019247479607219
1739329560.0,0.0006195335060287,0.0006584218974848,0.0005897864862488,0.0006311691616875,17372.47086894591,10.86389783030631,0.018781317790842748,-0.06592752986961314,1.8070715298132793,0.11078563236387799
1739329620.0,0.0006311691616875,0.0006311691616875,0.0005702318153011,0.0005806110846473,9547.5459500639,5.784763791630628,-0.0801022611830835,-0.46752409844160653,1.8410107144854868,0.09654677396385669
1739329680.0,0.0005806110846473,0.0005979391768665,0.0005794567003666,0.0005955231313358,1406.48073265552,0.827105056898568,0.02568336547959388,-0.8570200812528905,1.6935415933929152,0.0318327999389254
1739329740.0,0.0005955231313358,0.00060139661047,0.0005951859056568,0.0006007429846257,507.44137843924,0.30351746343182967,0.008765156238669516,-0.6330363828629673,1.7370374410909193,0.010428990053281269
1739329800.0,0.0006007429846257,0.0006838462192872,0.0006004891530973,0.0006221777228835,8180.55553451247,5.002085381042146,0.0356803804727827,15.480387403361453,1.7522628456545,0.13875662025722477
1739329860.0,0.0006221777228835,0.000625676416533,0.0005372846483473,0.0005444268165194,11128.84369669283,6.491479787433603,-0.12496575094936099,0.2977546948791091,1.8147842506757734,0.14206835914350305
1739329920.0,0.0005444268165194,0.0005711811338986,0.0005367881479447,0.0005685854787272,5782.20896694311,3.217834836946411,0.04437448978404437,-0.5042987204280308,1.587998373979002,0.06317283592637747
1739329980.0,0.0005685854787272,0.0005685854787272,0.0005052799897173,0.000508734270216,9054.54510195723,4.877320128017722,-0.1052633434205515,0.5157148751133828,1.6584649916022123,0.11133856100513106
1739330040.0,0.000508734270216,0.0005196019616684,0.0004985152855135,0.0005000678703699,2623.91332244781,1.3235046881986061,-0.017035219275517575,-0.7286410050068796,1.4838894216402265,0.041449293647834944
1739330100.0,0.0005000678703699,0.0005219424137629,0.0005000678703699,0.0005051608946016,3777.81351588911,1.8987834074349255,0.010184665989303874,0.43466315183161075,1.4586110399619643,0.04374314905858547
1739330160.0,0.0005051608946016,0.0005108032467236,0.0005012694118756,0.0005066981366369,1898.93045584934,0.9607249657224982,0.003043074101197775,-0.49403130343320956,1.473466506212288,0.018872867931550744
1739330220.0,0.0005066981366369,0.000510456668433,0.0005013221939861,0.0005035176308928,1128.60779655305,0.5700686957174215,-0.0062769240976687435,-0.40662654135493376,1.4779503739763251,0.018027448270341227
1739330280.0,0.0005035176308928,0.0005039665326121,0.0004863131615756,0.0004872813135134,2209.6962541125,1.0946823580164995,-0.032245777274195954,0.9202639370310641,1.4686733916587544,0.035060085195424834
1739330340.0,0.0004872813135134,0.0005036381391307,0.0004797223566316,0.0004978693903397,2990.23769962841,1.4729173872385013,0.0217288792585904,0.34552034793667596,1.4213148765827883,0.04908003207974915
1739330400.0,0.0004978693903397,0.0005203366742937,0.0004962648781494,0.0005167979734591,1760.58806514033,0.8932056253957843,0.038019174278790195,-0.3935806358628093,1.452198455924494,0.04834962062615581
1739330460.0,0.0005167979734591,0.000550671732557,0.0005121776262765,0.0005476849233626,2985.16801882842,1.5888301500909858,0.05976600429905595,0.7787955034284144,1.5074098421076774,0.07448579185178715
1739330520.0,0.0005476849233626,0.000551837016701,0.0005376707777902,0.0005376707777902,1320.96040515067,0.7168559533636961,-0.018284501079409876,-0.5488152378511669,1.5975017052115241,0.025865672591138724
1739330580.0,0.0005376707777902,0.0005376707777902,0.000520674285193,0.0005287175997981,1546.67309531447,0.8246771063859359,-0.016651784627197228,0.1504083944847102,1.5682921835582249,0.031611337828428704
1739330640.0,0.0005287175997981,0.0005307129379323,0.0005187029659901,0.0005188274310687,1027.33664046031,0.538090696370795,-0.018705957080257567,-0.3475134786644884,1.5421773198850965,0.02271528685026983
1739330700.0,0.0005188274310687,0.0005210595428118,0.0005156450700698,0.0005183476802609,288.85792850639,0.14979812707852636,-0.0009246828118008149,-0.7216117504189268,1.5133294171291793,0.010435980092353726
1739330760.0,0.0005183476802609,0.0005199523337716,0.0005117333503581,0.0005117333503581,923.339105876,0.475557048895788,-0.012760411890858315,2.174652835589153,1.5119300674285674,0.01585612075926188
1739330820.0,0.0005117333503581,0.0005117333503581,0.0005037445925856,0.0005074027213718,687.44521317916,0.35030010704446635,-0.008462667096583604,-0.26338993847774933,1.4926372170180056,0.01561117282449846
1739330880.0,0.0005074027213718,0.0005310608015418,0.0004350172553699,0.0004370997952015,9421.2189897603,4.449182522508384,-0.13855449174618323,11.701059557322983,1.4800055251544113,0.18928464930625397
1739330940.0,0.0004370997952015,0.0004866064200509,0.0004184865946956,0.0004372643144583,15167.13957188524,6.630801243928679,0.0003763883181966046,0.4903414751774065,1.2749441118350988,0.15584501778111617
1739331000.0,0.0004372643144583,0.0004448425865158,0.0004372643144583,0.0004448425865158,685.6061350988,0.3023889515604163,0.017331101137050865,-0.9543963179657525,1.275423985905147,0.017331101137050865
1739331060.0,0.0004448425865158,0.0004865351180162,0.0004381136144414,0.0004771958233237,5197.39120946971,2.3960971630466235,0.0727296301851506,6.9238912357149776,1.2975284879974898,0.10885087229183299
1739331120.0,0.0004771958233237,0.0004800758552762,0.0004750734915665,0.0004773437019879,870.16969757344,0.41530568503114496,0.0003098909440783578,-0.8266741051088737,1.3918972550842448,0.010482832131384135
1739331180.0,0.0004773437019879,0.0004779542540341,0.0004724408208491,0.0004724408208491,439.73182714384,0.20882524181002712,-0.010271175922887368,-0.49717702083859816,1.392328591438683,0.011550237621318389
1739331240.0,0.0004724408208491,0.0004752416857485,0.0004701106849926,0.0004701106849926,309.38488430763,0.14580559429440837,-0.004932122191118261,-0.3017817528637132,1.3780277395335503,0.010860621117959742
1739331300.0,0.0004701106849926,0.0004729276388788,0.0004575464409114,0.0004575464409114,1164.73950288099,0.5402394498347164,-0.026726140209720622,2.7052038534534786,1.3712311383394202,0.0327182479752447
1739331360.0,0.0004575464409114,0.0004596700349878,0.00044708046906,0.0004474941186235,1194.57716306689,0.5405703920348358,-0.021970058969044644,0.0006125842905783202,1.334583422676226,0.02751538379956024
1739331420.0,0.0004474941186235,0.0004477946977254,0.0004266821526215,0.0004384896155682,2496.40995486235,1.1058893069411388,-0.020122058995988647,1.04578223897596,1.30526254618092,0.047179491808389616
1739331480.0,0.0004384896155682,0.0004452383591602,0.0004342078436134,0.0004409312641654,1049.51292120106,0.46148178822720826,0.0055683156693142315,-0.5827052623343878,1.2789979762214132,0.025155705301040093
1739331540.0,0.0004409312641654,0.0004409312641654,0.0004320687699465,0.0004338417994835,806.32723496179,0.3526766728155358,-0.01607838966764814,-0.23577336784979006,1.286119840693428,0.020099491551534794
1739331600.0,0.0004338417994835,0.0004338417994835,0.0004262573449359,0.0004262573449359,591.7182626119,0.2544681857049145,-0.01748207424141589,-0.2784660701446175,1.2654411047354657,0.01748207424141589
1739331660.0,0.0004262573449359,0.0005582676610823,0.0004256912675207,0.0004526812446336,18162.73666151934,7.981965071999029,0.061990485352630444,30.367241645110983,1.2433185693943407,0.3110243028927435
1739331720.0,0.0004526812446336,0.0004539319272418,0.0004498592578648,0.0004539319272418,385.26336450576,0.17464242045097778,0.002762832838838517,-0.9781203727558733,1.320392490959034,0.008996770741620771
1739331780.0,0.0004539319272418,0.0004539319272418,0.0004470356949599,0.0004526301326805,564.31969194475,0.2557954111920752,-0.0028678189022967975,0.46468086351263743,1.3240405146932115,0.015192216867853311
1739331840.0,0.0004526301326805,0.0004526301326805,0.0004495979996761,0.0004495979996761,189.58830996382,0.08552595340765075,-0.0066989199027548164,-0.6656470379625777,1.3202434062777675,0.0066989199027548164
1739331900.0,0.0004495979996761,0.0004515562691522,0.0004492208863725,0.0004515562691522,120.69459778648,0.05438222600990057,0.004355600953542454,-0.3641435863252733,1.3113992014469726,0.005194379826828626
1739331960.0,0.0004515562691522,0.0004584080107677,0.0004431320645173,0.0004455580525667,1725.68802544736,0.7740697212238181,-0.013283431092124402,13.233873418180686,1.31711113305927,0.03382955191626661
1739332020.0,0.0004455580525667,0.0004455580525667,0.0004382552180515,0.0004382552180515,699.91930417809,0.3092989846972262,-0.01639030979943238,-0.6004249020253383,1.2996153780826072,0.01639030979943238
1739332080.0,0.0004382552180515,0.0004382552180515,0.0004046466130253,0.0004070080740477,2959.1304215557,1.2506221609375323,-0.07129896625698162,3.043408555517149,1.2783142794157267,0.07668729005811999
1739332140.0,0.0004070080740477,0.0004371820804969,0.0003934164139417,0.0004371820804969,3888.0728385618,1.6411364052330737,0.07413613727393456,0.3122559766594823,1.187171792741847,0.10753021707886516
1739332200.0,0.0004371820804969,0.0004937410565219,0.0004371820804969,0.0004910225694568,4258.20028988439,1.976240654752442,0.12315346708333756,0.2041903698259481,1.2751841237362997,0.12937167040496092
1739332260.0,0.0004910225694568,0.0005095514634861,0.0004910225694568,0.0005095514634861,2814.89949313596,1.408257669087986,0.03773532049615932,-0.2874057794017023,1.4322274697440527,0.03773532049615932
1739332320.0,0.0005095514634861,0.0006363789418261,0.0005095514634861,0.0005638927230368,19297.81875196135,10.357565675932758,0.10664528206616049,6.354879652557129,1.4862730323382478,0.24890023369241043
1739332380.0,0.0005638927230368,0.001187971343883,0.0005450407657834,0.000918528752321,128866.4784493921,95.517217553556,0.6289069087012429,8.221975562800775,1.644777039099288,1.140164701252302
1739332440.0,0.000918528752321,0.0010546912263344,0.0008311004168496,0.000863396509216,41095.88081373645,36.61489408355535,-0.06002233785898177,-0.616667078236177,2.6791886822620046,0.24342276593935222
1739332500.0,0.000863396509216,0.0008770537209669,0.0007900119228141,0.0008285260514604,14842.18070703978,12.555910193938304,-0.04038753618226214,-0.6570818922680574,2.518377513987314,0.10081323844109315
1739332560.0,0.0008285260514604,0.0008448948691579,0.0007978559053239,0.0008028459583704,8264.23423638456,6.7410202079615935,-0.030994913249541123,-0.4631197496764513,2.416666451020556,0.05677427251815049
1739332620.0,0.0008028459583704,0.0008033694915867,0.0007244919863141,0.0007591104027405,10245.42303329213,8.001451839561389,-0.05447565024637292,0.18697935812611,2.341762084018098,0.09824737167850221
1739332680.0,0.0007591104027405,0.0008521363285934,0.0007591104027405,0.0008224665379744,13650.89574807625,10.794970967630235,0.08346102886375296,0.3491265315448024,2.2141930717689107,0.12254597686589813
1739332740.0,0.0008224665379744,0.0008224665379744,0.0006865188897298,0.0007198408051122,17230.66167537448,13.287488014085458,-0.1247780038747234,0.23089613246105772,2.3989919036417375,0.1652926191738046
1739332800.0,0.0007198408051122,0.0007270483182301,0.0006053538157609,0.0006642120493378,15361.82118371566,10.630786229436069,-0.07727924754936519,-0.19994010770381437,2.099650482593699,0.16905752161442386
1739332860.0,0.0006642120493378,0.0006910812939343,0.0006576647385202,0.0006877113855379,3734.67132753457,2.524494844626163,0.035379268147165056,-0.7625298082247224,1.9373910731821962,0.050310071079582686
1739332920.0,0.0006877113855379,0.000772293800113,0.0006757583877532,0.0007243096878599,12958.03163529859,9.148506869398483,0.05321753149887767,2.623896039586973,2.005934551466233,0.14037198509414509
1739332980.0,0.0007243096878599,0.0007878498048346,0.0007215886935366,0.0007818421142273,6005.49549796127,4.522593933340467,0.07943070116511845,-0.5056467686034728,2.112685436643574,0.09148174104060385
1739333040.0,0.0007818421142273,0.0008439948848044,0.0007818421142273,0.0008325868551051,7240.1117035534,5.8443230377095805,0.06490407712041885,0.2922502271595411,2.280497522217508,0.07949529635983613
1739333100.0,0.0008325868551051,0.0008371954711411,0.0007751997600426,0.0007751997600426,5190.02954151358,4.172230014533344,-0.06892625641472062,-0.2861055099773434,2.4285111092724367,0.07446155403291116
1739333160.0,0.0007751997600426,0.0008139526210681,0.0007592722508399,0.0008106614139412,4195.01444190734,3.3263552638610854,0.04574518172793451,-0.20273924201824436,2.261122929848727,0.07053713513171765
1739333220.0,0.0008106614139412,0.0008155962210693,0.0007783270872724,0.0008155962210693,3769.6808068056,3.0652360968100743,0.0060873837624866025,-0.07850008382685968,2.364558409183857,0.04597373595926855
1739333280.0,0.0008155962210693,0.0008360053166153,0.0008136734171504,0.0008360053166153,1777.20910556578,1.4676206457697574,0.025023528823174608,-0.5212046969898734,2.378952383649374,0.02738107275144229
1739333340.0,0.0008360053166153,0.0008429327612202,0.0008318663943249,0.0008429327612202,527.11369658905,0.44249562827599226,0.00828636429364689,-0.6984945465632189,2.438482167190584,0.01323719679212555
1739333400.0,0.0008429327612202,0.0008968963181656,0.0008097680449112,0.0008687338105378,13738.72881107317,11.758061422181237,0.030608668335836565,25.57215274191936,2.458688318751487,0.10336325417970015
1739333460.0,0.0008687338105378,0.0008689747813279,0.0008063094950137,0.0008223921469789,6309.95445743078,5.335463886854699,-0.05334391616485103,-0.5462292893971873,2.5339454940413466,0.07213404791440804
1739333520.0,0.0008223921469789,0.000826422144791,0.000805207634863,0.000805207634863,1186.98288001081,0.9659665382778323,-0.02089576387496911,-0.8189535982695447,2.3987749180409033,0.025796099836230893
1739333580.0,0.000805207634863,0.0008190741600106,0.0007558276534658,0.0007565959611771,5006.15437421468,3.909314951990182,-0.06037160054272323,3.0470500758337664,2.348650683764322,0.07854682917352233
1739333640.0,0.0007565959611771,0.0007609889284384,0.0006726479560296,0.0006765120629269,9656.52890357859,6.919424528355339,-0.10584764175268231,0.7699839008450187,2.2068588828697084,0.1167610943512844
1739333700.0,0.0006765120629269,0.000719448799935,0.0006726433483803,0.0007187345473774,4979.87771559086,3.474078751204034,0.06241202007223083,-0.4979237453971076,1.973268074436991,0.06918642566726492
1739333760.0,0.0007187345473774,0.0007367529278012,0.0006988039237703,0.000735001510671,4456.60068357184,3.239360555015766,0.022632783345334955,-0.06756271604577774,2.0964237211066448,0.052799749461567846
1739333820.0,0.000735001510671,0.0007451366321172,0.000726922191251,0.0007305503639605,1956.03501822623,1.433335393903156,-0.0060559694720034845,-0.5575252061139641,2.143871624986472,0.024781501264632255
1739333880.0,0.0007305503639605,0.0007378796821751,0.0007131654101949,0.0007131654101949,3338.18834095827,2.4096975824715496,-0.0237970639989168,0.6811819429851895,2.1308884038736595,0.03382966212790259
1739333940.0,0.0007131654101949,0.000715144197487,0.0006958305685605,0.0007062091358183,2144.27290057919,1.5217631873939976,-0.009754082681462281,-0.3684837473119038,2.0801795161521284,0.027081555906114035
1739334000.0,0.0007062091358183,0.0007081394722051,0.0005995735313898,0.0006190447073768,10722.63359030186,7.105105687360206,-0.1234258012543278,3.6689956402005097,2.0598892731592966,0.15373058108275858
1739334060.0,0.0006190447073768,0.0006235969854381,0.0005758105621659,0.0006078725087424,9598.70473526236,5.888408046069138,-0.018047482679792465,-0.17124272246302275,1.8056457891244153,0.07719381605683172
1739334120.0,0.0006078725087424,0.0006125112923764,0.0005818501372238,0.0005838702980642,2261.69950840122,1.3476820601475885,-0.03948559991281247,-0.7711296415595303,1.7730584280193524,0.05044010826552023
1739334180.0,0.0005838702980642,0.0005907282431349,0.0005675597724381,0.0005733869007652,5658.00694349914,3.2738846331955553,-0.01795501044282824,1.4292707679413814,1.70304815230854,0.03968085167821391
1739334240.0,0.0005733869007652,0.0006178940136556,0.0005733869007652,0.0005871194882833,7976.60938125168,4.628453074943389,0.02394994985022059,0.4137495952096741,1.672469904949201,0.07762143298182095
1739334300.0,0.0005871194882833,0.0005912477095358,0.000302393839565,0.0004022532178478,44860.32307790756,22.191789620752417,-0.31486992703314476,3.7946450490964194,1.7125254752987373,0.4919848101370136
1739334360.0,0.0004022532178478,0.0004257037521591,0.0003793850202352,0.0004094136673465,16305.25727858654,6.6172186938010125,0.01780085076015303,-0.7018168067160753,1.1733027038490225,0.11514819489007934
1739334420.0,0.0004094136673465,0.0004154335168012,0.0003883129361448,0.0003996319513806,5634.00089415835,2.2790818696616886,-0.023892011298248677,-0.6555831120109837,1.1941884901767228,0.0662424897345867
1739334480.0,0.0003996319513806,0.0004082138656415,0.0003647183624056,0.0003742632525015,7955.46967463064,3.0783499129130716,-0.06348015665779298,0.3506973812090515,1.165656925277182,0.10883890310981645
1739334540.0,0.0003742632525015,0.0004097828351533,0.0003661643989999,0.0004069817075112,6330.67745299102,2.4729049268076357,0.08742096583358491,-0.19667841643528353,1.0916608410513453,0.11654480064997881
1739334600.0,0.0004069817075112,0.0004254908397742,0.0003952716252311,0.0004151428549849,6482.64346503159,2.664770211253649,0.020052860664444973,0.07758700399925983,1.1870948861387576,0.07425202161516892
1739334660.0,0.0004151428549849,0.0004323407711027,0.0004102646697631,0.0004223609162798,3910.11626233771,1.6373685578956325,0.01738693369819059,-0.3855498117695756,1.2108995344859732,0.05317711981434194
1739334720.0,0.0004223609162798,0.0004223609162798,0.0004068884280261,0.0004101741127324,2183.23859209699,0.9088113023060111,-0.028854003951745092,-0.44495617805558246,1.2319533644072507,0.03663333338222514
1739334780.0,0.0004101741127324,0.0004618898726876,0.0004101741127324,0.0004377733585945,9324.97970024907,3.9535464785004364,0.06728665950721739,3.3502391183612446,1.196406577162278,0.12608245705876545
1739334840.0,0.0004377733585945,0.0004636596701973,0.0004283907763387,0.0004557620344931,8492.66661026453,3.794249098982326,0.04109129883178331,-0.04029227438816683,1.2769087791519917,0.08056427639140286
1739334900.0,0.0004557620344931,0.0004676625464189,0.0004213658170658,0.0004213658170658,4978.3792085486,2.183337529719865,-0.07546968554665948,-0.42456663419766805,1.3293786193770538,0.10158092567888284
1739334960.0,0.0004213658170658,0.0004297889439098,0.0004140611787798,0.0004297889439098,2061.11782250697,0.8771651237792345,0.01999005733937991,-0.5982457536504766,1.2290508330002152,0.0373256787641698
1739335020.0,0.0004297889439098,0.0004881184613023,0.0004283398786686,0.0004773372058764,4765.36592076963,2.161394020015062,0.11063165453734655,1.464067438868036,1.2536196296249023,0.13908822802627935
1739335080.0,0.0004773372058764,0.0004773372058764,0.00041281221376,0.00041281221376,7443.99609333007,3.3131344011266957,-0.13517695943673802,0.5328692364493576,1.3923096434108007,0.13517695943673802
1739335140.0,0.00041281221376,0.0004135781853219,0.0003287352114283,0.0003707833956185,13517.67470123393,5.296195272446867,-0.10181098509341745,0.5985452538978777,1.2041014592200798,0.20552437904108584
1739335200.0,0.0003707833956185,0.0003871246756671,0.0003581452825183,0.0003871246756671,6460.24514708519,2.448135969729747,0.04407230809605502,-0.5377557201362977,1.081510703504462,0.07815720307663652
1739335260.0,0.0003871246756671,0.000387949237533,0.000369206857162,0.0003697994135606,2854.57099189686,1.0803467740886716,-0.04475370131507318,-0.558706384185053,1.129175376438492,0.04841432631155023
1739335320.0,0.0003697994135606,0.0003730249829962,0.0003521459959054,0.0003562954425743,3257.33120274861,1.1825657155217364,-0.03651701568771447,0.09461678776177374,1.0786405989090284,0.05646030341088833
1739335380.0,0.0003562954425743,0.0003605437186882,0.0003542816204206,0.0003605437186882,973.59839223619,0.3489567274485545,0.011923464648341958,-0.7049155722440352,1.0392518632372616,0.017575577791158883
1739335440.0,0.0003605437186882,0.0003697732929139,0.0003565011702366,0.0003697732929139,2191.32564791635,0.8001811993166522,0.025599043187552486,1.2930671237298905,1.0516433460892947,0.0368114100714033
1739335500.0,0.0003697732929139,0.0003813129031307,0.0003697732929139,0.0003779958404184,2067.21536865894,0.7728999223166533,0.022236726291681108,-0.03409387401665637,1.0785644095237366,0.031207257089513402
1739335560.0,0.0003779958404184,0.0003811888665755,0.0003747237329078,0.0003799471921219,1684.43445287309,0.6383526786629954,0.005162362901507147,-0.1740810676372853,1.1025481510862647,0.017103716433873453
1739335620.0,0.0003799471921219,0.0003919443226046,0.0003792478282286,0.0003893229001717,1818.95663345754,0.6996344686489688,0.02467634514533259,0.09599989478281151,1.1082399047585576,0.033416471128773474
1739335680.0,0.0003893229001717,0.0003905279870387,0.0003207931163232,0.0003535928644488,14858.42046154454,5.519277399120622,-0.0917748113638891,6.888801433380831,1.1355872151522104,0.17911833772106758
1739335740.0,0.0003535928644488,0.000358024860886,0.0003493542706522,0.0003575522723416,1571.94306787957,0.5589398340169689,0.011197646476752665,-0.8987295267844259,1.0313689126943721,0.0245213948175006
1739335800.0,0.0003575522723416,0.0003657875598213,0.0003554477893556,0.0003642393060598,1748.45661572173,0.6310106302140788,0.018702254846282507,0.12894195727499694,1.0429178171658364,0.028918206554765135
1739335860.0,0.0003642393060598,0.0003750118708081,0.0003469591006359,0.0003469591006359,6416.51337680158,2.2817070450614647,-0.04744190189364949,2.6159565874308095,1.0624227319662005,0.077017416038
1739335920.0,0.0003469591006359,0.0003622779476401,0.0003469591006359,0.0003577535507161,1286.66117857531,0.453363205272748,0.031111592289742918,-0.8013052524626204,1.012019376946677,0.0441517371244159
1739335980.0,0.0003577535507161,0.0003613924083534,0.0003577535507161,0.0003599920903067,542.61860428268,0.19473106898088463,0.006257211385097994,-0.5704744745138008,1.0435049111915617,0.010171408865170675
1739336040.0,0.0003599920903067,0.0003725863559032,0.0003599920903067,0.0003646533469167,1654.38309702918,0.5994205813408563,0.012948219517903247,2.078196943496968,1.0500343420022753,0.03498483976625743
1739336100.0,0.0003646533469167,0.0003884284477341,0.0003630462523184,0.0003884284477341,1984.73970825414,0.7473356707033665,0.06519918442660301,0.24676344784764626,1.0636304171638578,0.06960636898116328
1739336160.0,0.0003884284477341,0.0003892057831919,0.000379024180249,0.00038226479813,885.18850860615,0.34110440244963774,-0.015868172478240572,-0.5435726998972201,1.132978252894269,0.026212299851605707
1739336220.0,0.00038226479813,0.00038226479813,0.0003689636154775,0.0003711939307077,980.84909978577,0.36951465795309435,-0.028961252713976177,0.08328903203661005,1.1149999585632469,0.03479572986465935
1739336280.0,0.0003711939307077,0.0003711939307077,0.0003543414081258,0.0003595495513649,2343.85391699369,0.8563779863867358,-0.03137006933437573,1.3175751433802205,1.0827081629872237,0.045400857039256545
1739336340.0,0.0003595495513649,0.0003602528292548,0.0003535920401983,0.0003546635941412,1283.3627401132,0.4582972697207881,-0.013589106717425204,-0.4648423044426279,1.04874353284542,0.018525371624619556
1739336400.0,0.0003546635941412,0.0003546635941412,0.0003363309375569,0.0003363309375569,1806.29993128308,0.624071687561631,-0.0516902689961501,0.3617181004413116,1.034492045058374,0.0516902689961501
1739336460.0,0.0003363309375569,0.0003504083677944,0.0003363309375569,0.0003498145688267,1532.58417810686,0.5257878734813124,0.0400903686343718,-0.15748801946829621,0.9810188729749293,0.04185588854762554
1739336520.0,0.0003498145688267,0.0003499890470462,0.0003390052607269,0.0003407650580085,753.87539165206,0.26030549332365993,-0.025869450916674537,-0.5049229804404918,1.0203482812297702,0.03139888185943853
1739336580.0,0.0003407650580085,0.0003418030056927,0.000332487556336,0.0003342505993646,1212.14001039262,0.40910674297170535,-0.019117155620273392,0.5716408353435253,0.9939524314505833,0.027336867844201404
1739336640.0,0.0003342505993646,0.0003380512948149,0.0003335717763477,0.0003364016812226,663.38090700393,0.22244895909009546,0.006435536277538785,-0.4562569233783554,0.9749508881393935,0.013401676693221853
1739336700.0,0.0003364016812226,0.0003453739268566,0.0003361333851584,0.0003453739268566,769.46639060121,0.2623017081743236,0.026671227091944857,0.17915457661497577,0.9812252199488332,0.027468773831975768
1739336760.0,0.0003453739268566,0.0003619396847587,0.0003453739268566,0.0003610227025993,1751.91270011542,0.6187726132312588,0.045309661574996093,1.3590109936303867,1.007395700618432,0.04796470322143968
1739336820.0,0.0003610227025993,0.0003835176163155,0.0003610227025993,0.0003829512693285,3395.85129738618,1.2632124888962843,0.06074013232774061,1.0414809283489959,1.0530404588855593,0.062308861892176236
1739336880.0,0.0003829512693285,0.000385646460977,0.0003602049814093,0.0003695353661181,3634.01373018355,1.367273382496284,-0.035032925296016384,0.08237798035936254,1.1170022757047329,0.06643529243893438
1739336940.0,0.0003695353661181,0.0003827816589395,0.0003695353661181,0.0003827816589395,2916.16872790088,1.0969416909701981,0.035845805397599115,-0.19771590304239728,1.0778704184244887,0.035845805397599115
1739337000.0,0.0003827816589395,0.0004237222183807,0.0002871334080057,0.000331401888361,27164.1271920696,9.700086358677119,-0.13422735749891493,7.842845922008678,1.1165075516871616,0.35683217099121345
1739337060.0,0.000331401888361,0.000331401888361,0.0002813277929017,0.0002813277929017,5602.31111361762,1.7163511514907033,-0.15109779762254602,-0.8230581576260548,0.9666416933966107,0.15109779762254602
1739337120.0,0.0002813277929017,0.0003160240296524,0.0002620654280609,0.0003160240296524,8786.90282288148,2.624436207927009,0.12333028455110129,0.5290788284481334,0.8205842624342544,0.19179975442509475
1739337180.0,0.0003160240296524,0.0003160297888314,0.0003055389498788,0.0003061071209612,2410.7558700832,0.7499031616516758,-0.031380236186810705,-0.7142612347038111,0.9217871530184266,0.0331963330894142
1739337240.0,0.0003061071209612,0.0003061071209612,0.0002933726897943,0.0002957164516604,1853.3055927899,0.5576814965062049,-0.03394455270485863,-0.256328650118102,0.8928612544427406,0.041601224848716076
1739337300.0,0.0002957164516604,0.0003019803406852,0.0002957164516604,0.0002983300373523,957.63069103186,0.2844385748891411,0.008838147750066382,-0.4899623231699308,0.8625534785331828,0.021182078270009123
1739337360.0,0.0002983300373523,0.0003093936372132,0.0002983300373523,0.0003093936372132,1847.41894548987,0.5613601150075125,0.037085101986679685,0.9735723792959536,0.8701768536187927,0.037085101986679685
1739337420.0,0.0003093936372132,0.0003108478100401,0.0003066809582741,0.0003090098509154,1081.66177377882,0.33445170694009546,-0.0012404466402634276,-0.4042118454824322,0.9024474509816938,0.013467800448425778
1739337480.0,0.0003090098509154,0.0003121931113146,0.0003051229858428,0.0003098273523999,1706.66209842422,0.5280729999965328,0.0026455515320248034,0.5789215274990878,0.9013280130731092,0.02287993554527705
1739337540.0,0.0003098273523999,0.0003181689685047,0.0003094014827843,0.0003166506032532,1415.7837603631,0.4434786579195667,0.02202275170493383,-0.160194408874382,0.9037125227789516,0.028297971926906088
1739337600.0,0.0003166506032532,0.0003235922108815,0.0003163129153182,0.00032177026941,1428.33208154709,0.455938506977069,0.0161681869675965,0.028095712916498757,0.9236147592807519,0.02298841527069304
1739337660.0,0.00032177026941,0.0003235630450178,0.0003173578794909,0.0003173578794909,591.5642449919,0.18904268042881575,-0.013712857708049126,-0.5853768051262153,0.9385479353948346,0.01928445887271627
1739337720.0,0.0003173578794909,0.0003188771993276,0.0003152213670622,0.0003188771993276,558.99698794761,0.1778267463430759,0.004787402282676143,-0.05933016851167224,0.925677761104582,0.01151958877234951
1739337780.0,0.0003188771993276,0.0003276331694418,0.000317464411868,0.0003222342529596,2609.49721351161,0.8364892741469151,0.010527731801078409,3.70395647082864,0.9301093529311166,0.03188925892237632
1739337840.0,0.0003222342529596,0.0003304726162057,0.0003222342529596,0.0003289633292307,562.01663287614,0.1829919362398379,0.02088256046430802,-0.7812381558311547,0.93990129474445,0.025566379645967974
1739337900.0,0.0003289633292307,0.0003359291681252,0.0003262262623777,0.0003303241510306,1826.00655376395,0.6019316298858273,0.0041366975555675355,2.289388823652356,0.9595288403624324,0.029495402330073736
1739337960.0,0.0003303241510306,0.0003303241510306,0.0003257137566928,0.0003270944867805,657.2306255088,0.21603783127486625,-0.009777257400112939,-0.6410924089238446,0.9634981209708562,0.01395718212978287
1739338020.0,0.0003270944867805,0.0003270944867805,0.0003202010102551,0.0003202010102551,545.80361466686,0.1766481110198061,-0.02107487837306769,-0.18232788221681587,0.954077751837599,0.02107487837306769
1739338080.0,0.0003202010102551,0.0003260244336717,0.0003202010102551,0.0003260244336717,639.67552265946,0.20668729929985866,0.01818677402660467,0.17005100199845619,0.9339706792591718,0.01818677402660467
1739338140.0,0.0003260244336717,0.000330284543813,0.0003235787145555,0.000330284543813,501.23707471192,0.16448319599080122,0.013066843160564643,-0.20419301743271798,0.9509565929503327,0.020568486790939953
1739338200.0,0.000330284543813,0.0003634204883895,0.000330284543813,0.0003546037899397,3874.41226041205,1.3267698786523203,0.07363119644033062,7.066294375302145,0.9633825936029197,0.10032544724605953
1739338260.0,0.0003546037899397,0.0003546037899397,0.0003474544120097,0.0003487205700562,594.59980491846,0.20909826362398143,-0.016590967300435352,-0.8424005044217804,1.0343176065996915,0.020161594807590125
1739338320.0,0.0003487205700562,0.0003521284427042,0.0003478791526643,0.0003509103711371,574.04801722638,0.20081087729112,0.00627952942537086,-0.03963393186164633,1.0171572770103314,0.012185372486673835
1739338380.0,0.0003509103711371,0.0003956269945933,0.0003490995848861,0.0003764678344071,6976.99499091996,2.5374570482931165,0.07283188350114264,11.636053796102432,1.023544546061548,0.13259058019981357
1739338440.0,0.0003764678344071,0.0003833570211373,0.0003764678344071,0.0003802596389872,1318.0163874607,0.49868960538770907,0.010072054591520944,-0.803468750053064,1.0980912231985325,0.01829953611056779
1739338500.0,0.0003802596389872,0.0003847090157214,0.0003339385765964,0.0003500318039001,6686.31897695177,2.441480766641422,-0.07949262027284856,3.8957923731802655,1.1091512579450582,0.13351519309339316
1739338560.0,0.0003500318039001,0.0003536645654821,0.0003482939069722,0.0003482939069722,651.29949535956,0.22740959154386747,-0.004964968635810119,-0.9068558742501588,1.0209819181720794,0.015343344376309364
1739338620.0,0.0003482939069722,0.0004452995901185,0.0003482939069722,0.000351498860972,22746.01246054544,7.9587475097291795,0.009201866399735342,33.997413502648726,1.0159127749706256,0.2785167388932898
1739338680.0,0.000351498860972,0.0003656682339904,0.000351498860972,0.0003656682339904,1251.99444578284,0.4489446097955697,0.040311291419885154,-0.9435910475553149,1.0252610685996897,0.040311291419885154
1739338740.0,0.0003656682339904,0.00037229428831,0.0003656682339904,0.00037229428831,759.03258201609,0.2800687993663895,0.01812039904941254,-0.3761617953405857,1.0665906663174747,0.01812039904941254
1739338800.0,0.00037229428831,0.0003726671306772,0.0003675450911272,0.0003675450911272,435.31340436001,0.16103099947120236,-0.012756567403595147,-0.42503056450590343,1.0859177148135262,0.013758039569317764
1739338860.0,0.0003675450911272,0.0003693353914876,0.000346634832202,0.0003491016476862,2727.24884194734,0.9772369942570917,-0.05018008371282284,5.068626522012327,1.0720651322897494,0.061762651259961415
1739338920.0,0.0003491016476862,0.000350546968393,0.0003385781406914,0.0003410529009448,1710.90812907416,0.5903955137851428,-0.02305559654257167,-0.3958522679199541,1.0182688142058514,0.034284649702823786
1739338980.0,0.0003410529009448,0.0003436802205915,0.0003407086143826,0.0003417588823841,310.62022582696,0.10604757516746609,0.002070005671683915,-0.820378758490941,0.9947920192536384,0.008713036014846806
1739339040.0,0.0003417588823841,0.0003417588823841,0.0003379872333923,0.0003379872333923,386.65263125866,0.13141281212639938,-0.011035994047876892,0.23918733567342323,0.9968512443756392,0.011035994047876892
1739339100.0,0.0003379872333923,0.0003379872333923,0.0003338929030412,0.0003351469219212,240.02121782643,0.08078323985945578,-0.008403605788870894,-0.3852712033758593,0.985849999976091,0.012113860958611205
1739339160.0,0.0003351469219212,0.0003358858402984,0.000333008087735,0.000333008087735,311.31683997689,0.1040039531104483,-0.006381780784198493,0.28744468891556235,0.9775653052093336,0.008586540335514693
1739339220.0,0.000333008087735,0.000333008087735,0.0003272729649089,0.0003272729649089,416.41844671345,0.1374766051681473,-0.017222172785977197,0.3218401902680786,0.9713266977292495,0.017222172785977197
1739339280.0,0.0003272729649089,0.0003297093917077,0.0003267748341642,0.0003296343122632,359.48354102602,0.11807367706179385,0.007215222787978509,-0.14113621792320066,0.9545983415093238,0.008966697094325682
1739339340.0,0.0003296343122632,0.0003308318224161,0.0003279436727347,0.0003300973652695,359.23127155654,0.1184981247031005,0.0014047475917199875,0.0035947694005033855,0.9614859812163483,0.00876167793810826
1739339400.0,0.0003300973652695,0.0003300973652695,0.0003273687016974,0.0003273687016974,198.85465771476,0.06537009485288618,-0.008266238568345612,-0.44834489983134923,0.9628366263329344,0.008266238568345612
1739339460.0,0.0003273687016974,0.0003325193308515,0.0003269452664605,0.0003325193308515,552.67360346792,0.1823513484170783,0.015733419619511895,1.7895224693715928,0.9548775890773255,0.017026870198948628
1739339520.0,0.0003325193308515,0.0003641671681751,0.0003325193308515,0.0003641671681751,2329.4095873335,0.8114341050991866,0.09517593230612409,3.449838798248178,0.9699010788715469,0.09517593230612409
1739339580.0,0.0003641671681751,0.0003649577591438,0.0003620392824604,0.0003620392824604,246.17818091511,0.08938809149313301,-0.005843156387115309,-0.8898393708972752,1.0622123182978618,0.00801411257918989
1739339640.0,0.0003620392824604,0.0003635888361081,0.0003606164125987,0.0003625824826646,363.50732189688,0.13170265861438937,0.0015003902353038342,0.4733803621314262,1.0560056456057272,0.008210223733732825
1739339700.0,0.0003625824826646,0.0003653401558938,0.0003603111387314,0.0003613847067674,1056.37617974382,0.3823908469160233,-0.003303457708154,1.903440605824222,1.0575900661648197,0.0138699948366011
1739339760.0,0.0003613847067674,0.0003653968352075,0.0003613847067674,0.0003638141161371,563.68731459415,0.2043926885149381,0.0067225018773792704,-0.4654874975084728,1.0540963621086805,0.011102098027303452
1739339820.0,0.0003638141161371,0.0003791600659408,0.0003638141161371,0.0003744094420687,1531.86957869182,0.5654311055445476,0.029122910468947348,1.7663959491546237,1.0611825268818946,0.042180743195563655
1739339880.0,0.0003744094420687,0.0003759364577691,0.0003700501859182,0.0003733571169384,490.5821962392,0.1834204803959662,-0.0028106265816525574,-0.675609497607458,1.0920872506034873,0.015721483460398252
1739339940.0,0.0003733571169384,0.0003733993296959,0.0003715104350701,0.0003715104350701,9.07956573403,0.0033815369508035926,-0.00494615418997005,-0.9815640164963936,1.0890178011474574,0.005059216873349837
1739340000.0,0.0003715104350701,0.0003715104350701,0.0003696829429803,0.0003696829429803,135.44566441718,0.05019571477582526,-0.004919086833873615,13.844053312472806,1.0836313511873599,0.004919086833873615
1739340060.0,0.0003696829429803,0.0003773501893307,0.0003696829429803,0.0003750459778398,570.41802736386,0.21240340096750884,0.01450712011829491,3.231504659632905,1.0783008744749616,0.020740059816090995
1739340120.0,0.0003750459778398,0.0003779842027795,0.0003747889126876,0.0003773656078684,230.19048932887,0.08659899554544077,0.006184921758021992,-0.5922899767565974,1.0939439147846322,0.008519728995106972
1739340180.0,0.0003773656078684,0.0003793011727949,0.0003697272685175,0.0003697272685175,657.13815980629,0.2454716189963092,-0.020241217513292154,1.8345781316540073,1.1007098723052395,0.02537036782837598
1739340240.0,0.0003697272685175,0.0003697645393657,0.000362140905172,0.0003637514132598,687.44999278803,0.25211495724898936,-0.01616287400618686,0.027063569629122947,1.0784301643608811,0.02061961570827216
1739340300.0,0.0003637514132598,0.0003750491725767,0.0003613921418406,0.0003731523772138,1392.23801122242,0.5129727338556139,0.025844474031735436,1.0346779082567512,1.0609996334898448,0.03754495580844885
1739340360.0,0.0003731523772138,0.0003754265466468,0.0003731523772138,0.0003754265466468,59.628240825,0.022318222174239597,0.00609447928479092,-0.95649238117104,1.0884206109652539,0.00609447928479092
1739340420.0,0.0003754265466468,0.0003755740508068,0.0003735552296706,0.000373831970911,23.87807463342,0.008945425400985389,-0.0042473707574550755,-0.5991873666662175,1.095053967831921,0.005377406457352372
1739340480.0,0.000373831970911,0.0003758981474198,0.0003737504907598,0.0003758981474198,62.85943860359,0.023563807171238595,0.005527019274902758,1.634174018000632,1.0904028676311166,0.00574497856554733
1739340540.0,0.0003758981474198,0.0003836732806296,0.0003743569729079,0.0003822815911408,1724.74920341122,0.6538349500624608,0.01698184405753671,26.747424060595595,1.0964295452979231,0.024784127790062442
1739340600.0,0.0003822815911408,0.0003902162399886,0.0003799179279453,0.0003842050923539,1741.58722318184,0.6674517073566962,0.005031634422572992,0.020825985660348358,1.1150489408562483,0.02693907392340789
1739340660.0,0.0003842050923539,0.0003996901238413,0.0003842050923539,0.0003922103991176,2602.43020818166,1.0102835645528208,0.020836024620741186,0.5136429398822558,1.1206594594899142,0.040304076639193526
1739340720.0,0.0003922103991176,0.0003949085765692,0.0003920481503351,0.0003939676698412,641.67787855475,0.2522365377278764,0.004480428687137052,-0.7503309500639821,1.1440095475793124,0.007293091260546509
1739340780.0,0.0003939676698412,0.0003973118249958,0.0003917382860099,0.0003973118249958,268.69243555144,0.10630540733483329,0.008488399964260948,-0.5785487372589925,1.1491352007746456,0.014147198901236177
1739340840.0,0.0003973118249958,0.0004015493773101,0.0003956684277952,0.0004015493773101,620.47142245473,0.2478352732693188,0.010665558001815855,1.3313515227753627,1.158889519971832,0.014801848686386789
1739340900.0,0.0004015493773101,0.0004032946741199,0.0003830393424107,0.0003846519192781,1500.85217494344,0.5899859629638763,-0.0420806480766892,1.3805568722364534,1.171249723364788,0.05044294140084702
1739340960.0,0.0003846519192781,0.0004870889950274,0.0003813573291066,0.0003913958404171,14573.34733878969,5.654806776763872,0.01753252954426106,8.58464629964443,1.121962775945955,0.27487622086803337
1739341020.0,0.0003913958404171,0.0004203854081465,0.0003907725974459,0.0004034954318984,3983.45743349102,1.5832077737611565,0.030913950103316816,-0.7200244258978565,1.1416336214627885,0.07565949262271779
1739341080.0,0.0004034954318984,0.0004160205764881,0.0004034954318984,0.0004160205764881,828.69809331244,0.3395656767944571,0.031041601960078304,-0.7855204588922868,1.176926026272958,0.031041601960078304
1739341140.0,0.0004160205764881,0.000420952557626,0.0004155038057889,0.000420952557626,473.81163990098,0.1982838066138323,0.01185513750193332,-0.4160664043384582,1.2134596955169799,0.013097313318241204
1739341200.0,0.000420952557626,0.0004218478806752,0.0003951790371988,0.0004047628899601,2741.81809752508,1.1319807787987952,-0.03845960161687363,4.708891704925682,1.2278454270603878,0.06335356085446157
1739341260.0,0.0004047628899601,0.0004047628899601,0.0003904926884075,0.0003922965480314,653.32195074371,0.26036821344364597,-0.03079912274054794,-0.7699888387504807,1.1806229810885451,0.035255706258068044
1739341320.0,0.0003922965480314,0.0003922965480314,0.0003772096184555,0.0003772096184555,987.83305795941,0.38007181477968865,-0.03845797178590617,0.45974736989909604,1.1442608289836875,0.03845797178590617
1739341380.0,0.0003772096184555,0.0003841757498878,0.0003767503686347,0.0003841757498878,840.90869317568,0.3201277875483241,0.018467533942594344,-0.15771763361645624,1.1002548783069153,0.01968502628194783
1739341440.0,0.0003841757498878,0.0003987471242828,0.0003763535558996,0.0003763535558996,2962.83928444787,1.1266630520803878,-0.020360977991152513,2.5194166076892497,1.1205738726175531,0.05828990609048103
1739341500.0,0.0003763535558996,0.0003915380207051,0.0003762432761338,0.0003887017224099,1072.35856399812,0.4102067898135787,0.03281001684914094,-0.6359099652232935,1.0977578926597267,0.040639298690139526
1739341560.0,0.0003887017224099,0.0003908935302706,0.0003717316775727,0.0003717316775727,1468.67019158144,0.5584129336186855,-0.043658270233504264,0.3612961742355851,1.1337753476141696,0.04929706145653022
1739341620.0,0.0003717316775727,0.0003717316775727,0.0003597372844493,0.0003597989357104,1017.35557132824,0.372113372510363,-0.03210041700028734,-0.33362329181927197,1.0842766771039452,0.03226626582302571
1739341680.0,0.0003597989357104,0.0003600456449526,0.0003568958321919,0.000358658077569,141.48575838391,0.0508257176950374,-0.003170821334275107,-0.8634133534300169,1.0494709436252225,0.008754369310406303
1739341740.0,0.000358658077569,0.000360097585202,0.0003506678956855,0.0003506678956855,1153.8158985752,0.4092157926066846,-0.022277992280719836,7.051352959972865,1.046143258767474,0.026291585513464173
1739341800.0,0.0003506678956855,0.0003513524108876,0.0003495109876447,0.0003495109876447,16.12492136505,0.005645164717583996,-0.003299155853826912,-0.9862049197035516,1.022837287324125,0.005251188562044815
1739341860.0,0.0003495109876447,0.0003508127903002,0.0003483897556522,0.0003483897556522,98.59879681123,0.034406086791368716,-0.0032080021290770036,5.094788817091195,1.0194627877001372,0.006932642273504639
1739341920.0,0.0003483897556522,0.0003514000234719,0.0003049656854026,0.0003163044757256,5971.03036761385,1.9844547203672953,-0.0920959339534396,56.6774316823826,1.0161923489066804,0.13328273095278886
1739341980.0,0.0003163044757256,0.0003207991980123,0.0003133120411565,0.0003133120411565,1053.35271876114,0.33160413491733964,-0.009460614056236091,-0.8328991175692009,0.92260516545778,0.023670726879929514
1739342040.0,0.0003133120411565,0.0003133120411565,0.0003131413171436,0.0003131413171436,3.118529824,0.0009768067406019099,-0.0005449008990201039,-0.997054298671983,0.9138767540610941,0.0005449008990201039
1739342100.0,0.0003131413171436,0.0003202999074045,0.0003129752814258,0.0003202999074045,498.88662459764,0.15800767719789868,0.022860574025168393,160.7594050390501,0.9133787817962127,0.0233908001841262
1739342160.0,0.0003202999074045,0.0003234882002231,0.0003181662425744,0.0003181662425744,643.70022029662,0.2054904006966764,-0.00666145940343797,0.3005089647593983,0.9342591450504831,0.01661554538627766
1739342220.0,0.0003181662425744,0.0003181982240021,0.0003167150686487,0.0003167150686487,140.90499070859,0.04472897262947417,-0.004561055610293544,-0.7823305980336355,0.9280356156834387,0.004661573589326267
1739342280.0,0.0003167150686487,0.0003216055647829,0.0003167150686487,0.0003183546442526,768.06811207725,0.24388839771277138,0.00517681590236747,4.452582149227837,0.9238027936319735,0.015441311823481676
1739342340.0,0.0003183546442526,0.0003183546442526,0.0003114839240427,0.0003116248717615,465.02488630044,0.14647807640303157,-0.021139231396794883,-0.39940531088510595,0.928585150624699,0.02158196946060078
1739342400.0,0.0003116248717615,0.0003134113032715,0.0003116248717615,0.0003130757591322,115.574303241,0.036099670074876244,0.004655877955115254,-0.7535489886175956,0.9089555742540159,0.005732634561233804
1739342460.0,0.0003130757591322,0.0003579064851813,0.0003130757591322,0.0003528211311934,4311.89540585867,1.4356388710852643,0.12695129182587744,38.76875323534895,0.9131875604743642,0.1431944976301078
1739342520.0,0.0003528211311934,0.0003549536360276,0.0003510786471689,0.0003549536360276,346.0110043914,0.12244892904451377,0.00604415281756754,-0.9147077085256482,1.0291179009559064,0.010982870684624247
1739342580.0,0.0003549536360276,0.0003591626817467,0.0003549536360276,0.0003564852481298,304.3382218499,0.10825902247967004,0.004314963833983446,-0.11588428478362015,1.0353380468165783,0.011858015503671998
1739342640.0,0.0003564852481298,0.0003613695888934,0.0003564852481298,0.0003572885445996,694.71536585616,0.247934810777272,0.0022533792744980964,1.2901999768548778,1.0398054930445388,0.013701382565546009
1739342700.0,0.0003572885445996,0.0003594689996625,0.0003568041920514,0.0003568041920514,137.04048597768,0.04892980783189225,-0.0013556341380683515,-0.8026505125339277,1.0421485691920747,0.007458418836479488
1739342760.0,0.0003568041920514,0.0003588595116389,0.0003568041920514,0.0003588595116389,61.50981930831,0.02201017254975313,0.005760357174289799,-0.5501684244219126,1.0407357970147388,0.005760357174289799
1739342820.0,0.0003588595116389,0.0003588595116389,0.0003559367687126,0.0003570592916965,268.73634516654,0.09619670132217915,-0.005016503350234345,3.3705564372442014,1.0467308069296128,0.008144532418694781
1739342880.0,0.0003570592916965,0.0003696704113669,0.0003535915464101,0.0003566866253244,2778.01469870207,0.991398324311324,-0.0010437100525498666,9.30594927565096,1.041479878329857,0.04503135846263606
1739342940.0,0.0003566866253244,0.0003569137886607,0.0003124016405354,0.0003159292181583,5500.09052492518,1.8497240138268782,-0.1142667099699403,0.865772786242897,1.0403928753113156,0.12479343200720516
1739343000.0,0.0003159292181583,0.0003235947164279,0.0003159292181583,0.0003235947164279,935.79487890472,0.29923161146138155,0.024263340739060984,-0.8382290497260162,0.9215106043733253,0.024263340739060984
1739343060.0,0.0003235947164279,0.0003379706923322,0.0003235947164279,0.0003379706923322,1381.09112806025,0.45684105833506344,0.044425867217467815,0.5267138926397246,0.9438695301618933,0.044425867217467815
1739343120.0,0.0003379706923322,0.0003449683864828,0.0003366458107678,0.0003449683864828,540.83095813984,0.1846772981733281,0.020705032446191395,-0.5957515315143168,0.9858017525794793,0.024625140297134144
1739343180.0,0.0003449683864828,0.0003472524926716,0.0003447742137053,0.0003472524926716,513.50919087612,0.17773089178106619,0.006621204372053091,-0.03761375361763407,1.00621280985215,0.007184075594775088
1739343240.0,0.0003472524926716,0.000350066394934,0.0003456734237026,0.00034859289199,500.65854618204,0.1741904693260795,0.0038600135252811565,-0.01992012991949573,1.0128751505079587,0.012650654276381255
1739343300.0,0.00034859289199,0.0003503629035621,0.0003466850279222,0.0003466850279222,173.36841442854,0.06026961528117577,-0.005473043517636406,-0.654001648228223,1.0167848622883406,0.010550632914240557
1739343360.0,0.0003466850279222,0.000347494977316,0.0003368848820104,0.0003368848820104,1190.7105183929,0.406966940906817,-0.028268154441325438,5.752439666458706,1.0112199544889626,0.03060442318259272
1739343420.0,0.0003368848820104,0.0003368848820104,0.0003345685159082,0.0003345685159082,278.35777649523,0.0934521374323942,-0.006875838679304452,-0.7703692166637391,0.9826346326413185,0.006875838679304452
1739343480.0,0.0003345685159082,0.0003345685159082,0.0003343331840617,0.0003343331840617,7.6869012,0.002570890640090332,-0.0007033890976297694,-0.9724897609543689,0.9758781954265792,0.0007033890976297694
1739343540.0,0.0003343331840617,0.0003348418584168,0.0003326806900688,0.0003348418584168,99.17667237478,0.03318327697463484,0.0015214593685266029,11.907307863343771,0.9751917733433015,0.006464115591951478
1739343600.0,0.0003348418584168,0.0003348418584168,0.0003313815189347,0.0003313815189347,190.18855116788,0.06335402944632679,-0.010334250020177183,0.9092155815338654,0.9766754880029648,0.010334250020177183
1739343660.0,0.0003313815189347,0.0003354038821118,0.0003312780773095,0.0003336237200094,251.90252144358,0.08375824823160459,0.0067662224553379875,0.3220666303879559,0.9665822793213635,0.012450316528101283
1739343720.0,0.0003336237200094,0.0003499216147455,0.0003336237200094,0.0003480240579756,695.33593299821,0.23698709684067834,0.043163411659681426,1.8294180196483116,0.9731223900446395,0.04885112705907366
1739343780.0,0.0003480240579756,0.0003573795728347,0.0003480240579756,0.0003573795728347,568.41439552052,0.20048078920250836,0.026881804992216613,-0.15404344002202125,1.0151256723613893,0.026881804992216613
1739343840.0,0.0003573795728347,0.0003604466121552,0.0003573795728347,0.0003587413769546,242.2110295371,0.08672619626077611,0.0038105259041481447,-0.5674089442396757,1.042414082728401,0.00858202189949629
1739343900.0,0.0003587413769546,0.0003587413769546,0.0003553233732389,0.0003553233732389,316.62244555527,0.11304446374553948,-0.009527765502590881,0.30346387388681534,1.0463862285934864,0.009527765502590881
1739343960.0,0.0003553233732389,0.0003565284006763,0.0003382037336439,0.0003382037336439,1771.64121011255,0.6143406014418498,-0.04818044880906191,4.434504097650607,1.0364165059823072,0.05157180307437733
1739344020.0,0.0003382037336439,0.0003447732930376,0.0003382037336439,0.0003442805674968,466.56493202497,0.1592116207849099,0.01796796796837971,-0.7408414478690775,0.9864814935709599,0.019424857682432243
1739344080.0,0.0003442805674968,0.0003444895686859,0.0003442805674968,0.0003443259505199,24.94319372524,0.00858802288967676,0.00013181988001813262,-0.946059070014249,1.0042065614488422,0.0006070664708716272
1739344140.0,0.0003443259505199,0.000361584451822,0.0003439871424762,0.0003565538639315,2625.31127325126,0.9200138390367558,0.035512610632852236,106.1275485470188,1.0043389358372858,0.05110654401513932
1739344200.0,0.0003565538639315,0.0003585772040405,0.0003547892492132,0.0003564631475179,374.49912764804,0.13351212439300641,-0.00025442555186396465,-0.8548803086127573,1.0400056334090886,0.010623794075690463
1739344260.0,0.0003564631475179,0.0003604995714567,0.0003564631475179,0.0003580158248863,297.04972171678,0.10611788996257927,0.004355786507557702,-0.20518162342911606,1.0397410294018667,0.011323537838080018
1739344320.0,0.0003580158248863,0.0003725466650836,0.0003578777941934,0.0003703212088139,1382.91185413425,0.5036129588544916,0.03437106147893878,3.74578752962467,1.0442699193490896,0.04097268855324642
1739344380.0,0.0003703212088139,0.0003703212088139,0.0003633002874373,0.0003647807512619,487.70663954928,0.17925705333732872,-0.014961221286097783,-0.6440579016372745,1.0801625849476437,0.018959004263048525
1739344440.0,0.0003647807512619,0.0003701542229006,0.0003626561998187,0.0003701542229006,603.59696756652,0.22180226088153188,0.014730688557746846,0.2373418883782549,1.0640020334892786,0.020554875924680204
1739344500.0,0.0003701542229006,0.0003708684974235,0.0003665262331854,0.0003665262331854,286.91972291204,0.10568407616745519,-0.009801292247243132,-0.5235211951969113,1.0796755160694185,0.011730959609411378
1739344560.0,0.0003665262331854,0.0003727659839541,0.0003629719092854,0.0003681619084595,1480.39604137325,0.5438147082674898,0.004462641759321503,4.145663641945658,1.069093300804229,0.026721347019507565
1739344620.0,0.0003681619084595,0.000377264846281,0.0003677604358371,0.000377264846281,1085.11334257122,0.4044362587392405,0.02472536569464626,-0.2562976826652733,1.0738642812130088,0.025815844131375068
1739344680.0,0.000377264846281,0.0003775402181419,0.0003751438226364,0.0003751438226364,110.22624904387,0.04146759266142803,-0.00562210782559951,-0.8974681627441219,1.1004159682724188,0.006352024391148978
1739344740.0,0.0003751438226364,0.000383931946546,0.0003731420290046,0.000380231975072,1900.97155519419,0.7179739524628944,0.013563204639335283,16.314097741939413,1.09422931104578,0.028762082407679367
1739344800.0,0.000380231975072,0.0003893693896412,0.0003793682216648,0.0003874745568707,730.04194174305,0.2802289836341358,0.01904779785374064,-0.6096947769861911,1.1090705671138528,0.026302806265849087
1739344860.0,0.0003874745568707,0.0003918717116279,0.0003819522334804,0.0003827003295469,889.91643937694,0.3426956463091449,-0.012321395661065725,0.22291292593975565,1.1301959190817708,0.02560033419384004
1739344920.0,0.0003827003295469,0.0003834962713033,0.000381289041959,0.0003834962713033,123.36091891732,0.047259358376103865,0.0020798042095818863,-0.8620952472402544,1.1162703279882424,0.005767513571031592
1739344980.0,0.0003834962713033,0.0003881088091337,0.0003820994252396,0.0003881088091337,347.03965303875,0.13388877969889662,0.012027594987363027,1.8330638480821164,1.118591951715424,0.015669993018908132
1739345040.0,0.0003881088091337,0.0003883012297843,0.0003845021049547,0.000386894197088,230.85689424226,0.08945739352237829,-0.0031295657741218464,-0.3318529474720763,1.132045922666781,0.00978881370428069
1739345100.0,0.000386894197088,0.0003880692603268,0.0003768695947754,0.0003794276318912,964.27267604998,0.36947160037264415,-0.019298726248669195,3.130140459326245,1.1285031104924688,0.028947618330012356
1739345160.0,0.0003794276318912,0.0003802849334507,0.0003644299030702,0.0003644299030702,1115.88183587314,0.4150285558703977,-0.03952724461907556,0.1233029966357507,1.106724437892303,0.04178670462526139
1739345220.0,0.0003644299030702,0.0003674440234271,0.0003643914235241,0.0003674440234271,144.90144616128,0.053024795178596554,0.00827078220394945,-0.8722382004115525,1.062978670309825,0.008376370537332114
1739345280.0,0.0003674440234271,0.0003770475684584,0.0003658413641826,0.0003770475684584,807.51942142992,0.3005957097694096,0.02613607629736102,4.668965033376404,1.0717703353794013,0.030497718186518065
1739345340.0,0.0003770475684584,0.000400154436545,0.0003770475684584,0.0003785589324467,4474.77178190846,1.6905833242383654,0.0040084172786987405,4.624109956643197,1.0997822066381255,0.061283694736648076
1739345400.0,0.0003785589324467,0.0003814625998371,0.0003781594603828,0.0003809556107654,206.26910714592,0.07833219334635058,0.006331057368557599,-0.9536655826286229,1.104190592638019,0.008725562049087528
1739345460.0,0.0003809556107654,0.0003907114582912,0.0003805917430732,0.0003907114582912,658.04131663584,0.2538944070632624,0.025608882636480805,2.241252366580018,1.1111812866258322,0.026564027230542426
1739345520.0,0.0003907114582912,0.0004020413265683,0.0003907114582912,0.0004013316543305,1070.76014111456,0.4240440975198134,0.02718168565044923,0.6701592698501435,1.1396373977828869,0.028998044558641557
1739345580.0,0.0004013316543305,0.0004060256834423,0.0003982103787826,0.0003982103787826,1420.22415186138,0.567764452927788,-0.007777297191039935,0.33892785266574604,1.1706146632849173,0.019473431949287637
1739345640.0,0.0003982103787826,0.0004121111814819,0.0003967310154911,0.00040625368339,2261.40533561226,0.9096096612527151,0.02019863126619108,0.602089839478565,1.1615104451523612,0.03862321729991042
1739345700.0,0.00040625368339,0.0004151725906095,0.00040625368339,0.0004151725906095,821.36015188889,0.3373434045888771,0.02195403410272081,-0.6291338813131255,1.1849713663458232,0.02195403410272081
1739345760.0,0.0004151725906095,0.0004154107142583,0.0003967801399206,0.0003991384965023,4108.75827776278,1.6729037099223085,-0.03862030989006507,3.959052666113596,1.2109862681333272,0.04487428784821532
1739345820.0,0.0003991384965023,0.0003996741021149,0.0003991384965023,0.0003996741021149,26.11466660138,0.01043036234493508,0.0013419041693387098,-0.9937651149417204,1.1642176031854046,0.0013419041693387098
