time,open,high,low,close,volume,usd_vol,price_change,vol_change,norm_open,mov_in_min
1735792740.0,0.0001246848389858,0.0001382736119446,0.0001227558034816,0.0001304071004814,4044.70630454981,0.5158859879014113,0.04589380346596657,0.0,1.0,0.1244562577874227
1735792800.0,0.0001304071004814,0.0001344852392041,0.000116840524288,0.0001331739783183,7790.41402216635,1.0267028661294582,0.021217233008678442,0.9901739729470359,1.0458938034659666,0.13530486339289982
1735792860.0,0.0001331739783183,0.0001791053965912,0.0001326573910468,0.0001416507038008,7639.47674664002,1.0497583842258,0.06365151502975841,0.022455881693657198,1.068084775996437,0.348776886678149
1735792920.0,0.0001416507038008,0.0001541879991415,0.0001416507038008,0.0001541879991415,1292.73807694592,0.1912209779639021,0.08850852840329614,-0.8178428666660013,1.1360699901688303,0.08850852840329614
1735792980.0,0.0001541879991415,0.0001622526018639,0.0001500730068665,0.0001567103391142,2429.8041113573,0.3777110302539262,0.01635886052574834,0.9752593793617608,1.2366218731618206,0.07899184803755484
1735793040.0,0.0001567103391142,0.0001587326722661,0.0001409651230894,0.0001409651230894,2120.22205133222,0.31556903955229176,-0.10047337089434755,-0.16452257340713047,1.2568515979079644,0.11337828299734701
1735793100.0,0.0001409651230894,0.0001425273569448,0.0001304964272002,0.0001375841368885,1806.75655219299,0.25163535028678974,-0.02398455821413208,-0.20259810454221638,1.130571481152204,0.08534685375310877
1735793160.0,0.0001375841368885,0.000140244233508,0.0001375841368885,0.000140244233508,254.86910613559,0.03540493421103178,0.019334326468579594,-0.8593006341490548,1.1034552236472717,0.019334326468579594
1735793220.0,0.000140244233508,0.00014468567251,0.000140244233508,0.0001429798581671,559.39010663744,0.07921637742221314,0.019506147173915307,1.237438910351942,1.1247897871847274,0.031669316384025495
1735793280.0,0.0001429798581671,0.0001429798581671,0.0001395259868827,0.0001395259868827,250.78900947054,0.0354246805248386,-0.02415634851423239,-0.5528111524712928,1.1467301023132697,0.02415634851423239
1735793340.0,0.0001395259868827,0.0001395259868827,0.0001386691184442,0.0001393731399037,56.73646939068,0.007911875885001982,-0.001095473197609543,-0.7766563941358783,1.119029290310029,0.006141282048199324
1735793400.0,0.0001393731399037,0.0001393731399037,0.0001323854614144,0.0001323854614144,551.96979447766,0.075001269658544,-0.05013647890926576,8.479581169962351,1.1178034237151542,0.05013647890926576
1735793460.0,0.0001323854614144,0.0001812674161175,0.0001317127442097,0.0001759827154297,4589.66401370988,0.707653162117345,0.3293205579336962,8.435215768200404,1.0617606959373542,0.3743211027733729
1735793520.0,0.0001759827154297,0.0001873686009804,0.0001750300134873,0.0001873686009804,1096.90737759356,0.19928136981428535,0.06469888547235388,-0.7183911830224536,1.4114203207155134,0.07011249634927313
1735793580.0,0.0001873686009804,0.0001948011664905,0.0001873686009804,0.0001948011664905,515.03212245222,0.09841485323880451,0.039668148618334856,-0.5061512607499664,1.5027376423988394,0.039668148618334856
1735793640.0,0.0001948011664905,0.0001948011664905,0.0001409011983302,0.0001521728480084,5645.86583189939,0.9794843665081516,-0.2188298933219113,8.952607094087965,1.5623484625318826,0.2766922248534306
1735793700.0,0.0001521728480084,0.0001817305209116,0.0001502962267944,0.000178550434801,35369.77644536805,5.848804289123357,0.17333964066404248,4.971309486004625,1.2204599151443787,0.20656966422462442
1735793760.0,0.000178550434801,0.0001873847669368,0.0001764838304688,0.0001855036134836,65070.51049593286,11.844591384994956,0.03894237888778891,1.0251304026400023,1.432013998280373,0.06105242185575992
1735793820.0,0.0001855036134836,0.0001869877996095,0.0001745539754363,0.0001787167563977,64238.15069213041,11.698421502789213,-0.036586117965297815,-0.012340643712784847,1.4877800299740247,0.06702739606902196
1735793880.0,0.0001787167563977,0.0002063535914737,0.0001751866612675,0.0002008169541606,49164.57591440566,9.329806962409801,0.12366046815285872,-0.20247300371376353,1.4333479342909807,0.17439288197937047
1735793940.0,0.0002008169541606,0.0002159214436018,0.000197409388753,0.0002119594922407,148100.26950906802,30.566151479513948,0.05548604263357644,2.276182626571622,1.6105964108713364,0.09218372485619561
1735794000.0,0.0002119594922407,0.0002200494053481,0.000202464650964,0.0002106363426498,130146.2084935811,27.499622818088994,-0.006242464429936688,-0.10032432978944711,1.6999620319904287,0.08296280670521157
1735794060.0,0.0002106363426498,0.0002325425345568,0.0002093218101531,0.0002281047652972,122080.82758766098,26.780938777448533,0.0829316651991185,-0.026134323564893324,1.6893500794734855,0.11024082602073244
1735794120.0,0.0002281047652972,0.000253607738894,0.0002182675030734,0.0002276404838397,60634.16406815637,13.816866104724799,-0.0020353869279981533,-0.48407835066784183,1.8294506946684848,0.15492984451488703
1735794180.0,0.0002276404838397,0.0002502631008312,0.0002240776751515,0.0002466568628367,89657.36615644323,21.262125438997742,0.08353689412464496,0.5388529698298931,1.8257270546391395,0.11502974004456651
1735794240.0,0.0002466568628367,0.0002489883363619,0.0002316314824438,0.0002367823742522,34944.66848786363,8.446811937048658,-0.04003330161154856,-0.6027296536612463,1.9782426223030292,0.07036842080324017
1735794300.0,0.0002367823742522,0.0002504921017708,0.0002335162181128,0.0002379665759013,71556.51186501762,16.985689442281792,0.00500122381507456,1.0108994457163971,1.8990470387435512,0.07169403428617864
1735794360.0,0.0002379665759013,0.0002421323537349,0.0002208313679892,0.0002349031309634,20389.52897691362,4.820795295211226,-0.01287342529637698,-0.7161848913114462,1.9085445980196623,0.08951251101135682
1735794420.0,0.0002349031309634,0.0002419335688762,0.0002133841931616,0.0002317041130738,127375.66342763128,29.717203634688502,-0.013618455728878421,5.164377828738822,1.8839750917122524,0.1215368036922771
1735794480.0,0.0002317041130738,0.0002441180344134,0.0002300699704094,0.0002412417560163,704.1901835699,0.1665219191865917,0.041163028208576355,-0.9943964472151002,1.8583182603314594,0.06062932512348435
1735794540.0,0.0002412417560163,0.0002439177973602,0.0002360747140726,0.0002404877743469,1708.18362885598,0.411441248651449,-0.003125419420960653,1.4707933385659544,1.9348122673019958,0.0325113007678076
1735794600.0,0.0002404877743469,0.0002553265121877,0.0002396592707703,0.0002552415726638,1201.63719871216,0.2978434119306729,0.061349473406568655,-0.27609734583760737,1.9287651674658572,0.06514776670019097
1735794660.0,0.0002552415726638,0.0002939017926224,0.0002047640017479,0.0002057794055836,24591.5998265085,5.668621704342771,-0.19378570098904216,18.03222121851807,2.04709389481482,0.3492291241752802
1735794720.0,0.0002057794055836,0.0002469325733204,0.0002057794055836,0.0002307667305587,5525.06583483836,1.2059730710652588,0.12142772452974473,-0.7872546213233185,1.6503963694177415,0.19998681413277336
1735794780.0,0.0002307667305587,0.0002549077058221,0.0002307667305587,0.0002527043277305,1526.60848300211,0.3690355094351501,0.09506395102399626,-0.6939935739119166,1.8508002451282897,0.10461202620045476
1735794840.0,0.0002527043277305,0.0002673869620329,0.0002470035450413,0.0002518268352645,5631.55388473333,1.4206472154667587,-0.003472407749723221,2.8496219988185345,2.0267446289863655,0.08066113142841852
1735794900.0,0.0002518268352645,0.0002680850792282,0.000251673649669,0.0002564186633039,4295.68716771189,1.0916318331238035,0.018234069592214318,-0.23159541563938235,2.0197069452299634,0.06516950245577541
1735794960.0,0.0002564186633039,0.0002581304977886,0.0002425812627951,0.0002528673586336,1784.5923077382,0.4544339585941254,-0.01384963412780553,-0.5837113348978461,2.056534422225165,0.060640028277003793
1735795020.0,0.0002528673586336,0.0002543724096915,0.0002400910175202,0.0002512893327727,2402.13428899526,0.6055260377267375,-0.006240528114925885,0.33248412948724854,2.0280521729061087,0.05647780025255643
1735795080.0,0.0002512893327727,0.0002629446963344,0.0002132590349221,0.000242712749307,6118.94855181652,1.511386662367963,-0.03413031254079457,1.4959895499159745,2.015396056302552,0.19772292307068373
1735795140.0,0.000242712749307,0.0002610408151263,0.0002408042929406,0.0002506857308226,3977.3827654194,0.9812173056757986,0.03284945491476916,-0.35078340301185557,1.9466099590074608,0.08337642848791357
1735795200.0,0.0002506857308226,0.0002601866505954,0.0002503184441597,0.0002587091078293,2558.98603162861,0.6517671383469607,0.032005718795290475,-0.3357565805486218,2.010555035092517,0.03936485097623429
1735795260.0,0.0002587091078293,0.0002587091078293,0.0001691345949468,0.0001978369014705,10830.58523553821,2.4723302338331523,-0.23529208874611537,2.7932723029018933,2.0749042941681437,0.34623641059286764
1735795320.0,0.0001978369014705,0.000244675401197,0.0001978369014705,0.0002440880427138,3729.96539266176,0.8241823739807094,0.2337841974855061,-0.6666374246037189,1.5866957288450367,0.23675310004531294
1735795380.0,0.0002440880427138,0.000254152041198,0.0002409193214647,0.0002488353449202,4789.94391314159,1.1805376901213056,0.019449138735429052,0.43237434746321934,1.957640116466754,0.05421289624095073
1735795440.0,0.0002488353449202,0.000249782441326,0.0002310110740059,0.0002469806237393,2945.17595203599,0.7301326337656947,-0.007453608254465684,-0.381525350799541,1.9957145306859574,0.07543690116096588
1735795500.0,0.0002469806237393,0.0002542611708644,0.0002459232846177,0.0002542611708644,2784.04204319566,0.6977391149917722,0.02947821175148112,-0.04436662227635455,1.9808392563864794,0.033759272773968736
1735795560.0,0.0002542611708644,0.0002760920665854,0.0002542611708644,0.0002760920665854,4354.40584689428,1.1546866190353597,0.08586012424462025,0.6548973595223709,2.0392308554318865,0.08586012424462025
1735795620.0,0.0002760920665854,0.0003021208431031,0.0002760920665854,0.0002850043988531,5084.61703726748,1.4264803238595802,0.0322802910562564,0.23538309039320165,2.2143194700427316,0.09427571331409071
1735795680.0,0.0002850043988531,0.0002945224734958,0.0002607449116108,0.0002653230130016,3672.85077058137,1.010635229351293,-0.06905642835935458,-0.2915182828341782,2.2857983470272463,0.1185159317572848
1735795740.0,0.0002653230130016,0.0003290115330474,0.0002650911968775,0.0002995740839578,8287.4309317219,2.3407728372906185,0.12909197196548294,1.3161401555268508,2.1279492772318283,0.24091516015429287
1735795800.0,0.0002995740839578,0.000301255833606,0.0002631157366468,0.0002692599927206,4727.57276307859,1.3446022438078808,-0.10119063317062586,-0.4255733737220645,2.402650445672209,0.12731440735899122
1735795860.0,0.0002692599927206,0.0002949249319789,0.0002692599927206,0.0002931771742862,2920.86409089957,0.8214012622487231,0.08882560429398016,-0.38911208423798643,2.1595247257869516,0.0953165711659639
1735795920.0,0.0002931771742862,0.0003099846539157,0.0002931771742862,0.0003087997817433,2332.61255951752,0.7020895040872688,0.05328725708314926,-0.1452539259981394,2.3513458145427695,0.057328745562887876
1735795980.0,0.0003087997817433,0.0003403463965406,0.0003087997817433,0.0003281235117788,4628.98288303034,1.4741535117585551,0.06257689019859312,1.0996660727395233,2.476642583453697,0.1021587988799946
1735796040.0,0.0003281235117788,0.0003363448992163,0.0003153611023708,0.0003316065391527,3104.81196300147,1.0241688772418451,0.010614988712689498,-0.30524950822788594,2.631623174459639,0.06395090900906218
1735796100.0,0.0003316065391527,0.0003439919137751,0.0002992141117143,0.0003257435533661,6081.13983466508,1.9987189164684254,-0.017680549369082817,0.9515520934898044,2.6595578247525804,0.13503292840730285
1735796160.0,0.0003257435533661,0.0003573755891747,0.0003251788324097,0.0003573755891747,2240.46382081858,0.7652518620856364,0.09710717366998542,-0.6171288239780236,2.612535381332112,0.09884081030090072
1735796220.0,0.0003573755891747,0.0003575529918864,0.0003168780797558,0.0003411182507535,7828.94575896338,2.734235192883964,-0.04549090344626967,2.572987310912268,2.866231308326111,0.11381558607439315
1735796280.0,0.0003411182507535,0.0003647734218044,0.0003380794872937,0.0003602189142121,7090.0725176274,2.4862656794566576,0.05599425834416165,-0.09069063044490984,2.7358438566243723,0.07825419616726885
1735796340.0,0.0003602189142121,0.0003786519550163,0.000349311513802,0.000378530883409,3389.96215838974,1.2521669292268038,0.05083566818514632,-0.49636640220185585,2.889035404321485,0.0814516952239329
1735796400.0,0.000378530883409,0.000386424689162,0.0001497897559635,0.0001497897559635,26787.16039415334,7.076104853206401,-0.6042865654328838,4.651087477270941,3.035901449510712,0.6251403612497783
1735796460.0,0.0001497897559635,0.0001830752236197,0.0001179803163421,0.0001179803163421,20982.47351999306,2.8092392257994394,-0.21236058111444658,-0.6029963823209196,1.2013469895931703,0.4345751607570681
1735796520.0,0.0001179803163421,0.000131974144045,0.0001056157577527,0.000131974144045,5039.1999410108,0.6297852510190304,0.11861154586433721,-0.7758164398264056,0.9462282447630737,0.22341342276003293
1735796580.0,0.000131974144045,0.0001600140923475,0.0001139436825471,0.0001139436825471,11579.48789086944,1.4238012475860764,-0.1366211664290245,1.2607726130173427,1.0584618396149201,0.34908663461148187
1735796640.0,0.0001139436825471,0.0001549642997213,6.72071175872024e-05,8.44960144283598e-05,24896.55023555924,2.470231942239344,-0.2584405511605933,0.7349555961040167,0.9138535484661188,0.7701803221764586
1735796700.0,8.44960144283598e-05,0.0001038066802993,8.39891557723366e-05,0.000103376991841,3295.84843554066,0.30960047689659503,0.22345405922842068,-0.8746674465653891,0.6776767337204711,0.23453797982111624
1735796760.0,0.000103376991841,0.0001091297011175,0.0001025433239224,0.000106461648174,2099.99104492724,0.2203296324556054,0.02983890591191102,-0.288342076652568,0.8291063507149679,0.06371221562753776
1735796820.0,0.000106461648174,0.0001187365468581,0.000106461648174,0.0001073481530267,3376.01974947797,0.3609130557427609,0.008326987867509857,0.6380595370687684,0.8538459771049197,0.11529878500507544
1735796880.0,0.0001073481530267,0.0001218934529608,0.0001064156967378,0.0001156929572015,2647.8607475717,0.2952909004340318,0.07773588962191515,-0.1818226142406469,0.8609559421969945,0.14418279017013294
1735796940.0,0.0001156929572015,0.0001246470764675,0.0001156929572015,0.0001211543369745,3215.53651803969,0.38079556181090857,0.04720581014700861,0.28956077295710164,0.927883118288952,0.07739554319114514
1735797000.0,0.0001211543369745,0.0001335994750962,0.0001211543369745,0.0001324634088325,2344.3779026031,0.29728791948897043,0.09334434193949064,-0.21929783510293505,0.9716845926095146,0.10272135882613412
1735797060.0,0.0001324634088325,0.0001324634088325,0.0001091753163192,0.0001151694341966,4683.56005615227,0.5799016461012588,-0.13055661777335234,0.9506397942374969,1.0623858514793918,0.17580773980192377
1735797120.0,0.0001151694341966,0.0001288398449618,0.0001151694341966,0.0001288398449618,1262.64414085706,0.15404844332205425,0.11869825410328853,-0.7343541885805317,0.9236843479399793,0.11869825410328853
1735797180.0,0.0001288398449618,0.0001376086554479,0.0001288398449618,0.0001376086554479,2157.9712690514,0.2874941042829814,0.06805977210466135,0.8662577698493528,1.0333240673829893,0.06805977210466135
1735797240.0,0.0001376086554479,0.0001614639224108,0.0001375821668798,0.0001602001426205,2523.62071813378,0.37577822642396674,0.16417199266330573,0.30708150471874374,1.1036518679193374,0.17354835314150638
1735797300.0,0.0001602001426205,0.0001602001426205,0.0001243937351105,0.0001340982083746,8688.0866325088,1.2784447846249556,-0.16293327720520945,2.4021257612264297,1.2848405942822345,0.22351045963062738
1735797360.0,0.0001340982083746,0.0001457885524294,0.0001340982083746,0.0001439374610223,2024.58095962916,0.2814528611793558,0.0733734832624631,-0.7798474642282476,1.0754973055695412,0.08717748131386895
1735797420.0,0.0001439374610223,0.0001499678994197,0.0001434402602993,0.000148908848327,642.72916902592,0.09411043253019155,0.034538522976515364,-0.6656263072407721,1.1544102891185721,0.04535052288708005
1735797480.0,0.000148908848327,0.0001582755201988,0.000148908848327,0.0001580043729804,755.4551359389,0.11592958466211378,0.06108115639593482,0.23184626343017214,1.1942819154136195,0.06290205032833947
1735797540.0,0.0001580043729804,0.0001641516864146,0.0001508540652201,0.0001641516864146,2625.84495093156,0.4229659309871843,0.03890597024781434,2.6484727536974533,1.2672300358698354,0.0841598301595712
1735797600.0,0.0001641516864146,0.0001826337871542,0.0001641516864146,0.0001791651877717,2079.54591799714,0.35697160214682894,0.09146114599870875,-0.15602752847333934,1.316532849942524,0.11259159831547214
1735797660.0,0.0001791651877717,0.0001887606786125,9.72559107281427e-05,9.96740989061821e-05,11100.67941556074,1.547652764937403,-0.4436748558922556,3.3355066779256717,1.4369444531432134,0.510728501571168
1735797720.0,9.96740989061821e-05,0.0001205519603973,9.96740989061821e-05,0.0001205519603973,2235.20939426607,0.2461256783086699,0.2094612514206837,-0.8409684110772582,0.7994083299697222,0.2094612514206837
1735797780.0,0.0001205519603973,0.0001357257008483,0.0001196857636115,0.0001357257008483,1469.23753267265,0.1882663793438013,0.12586888177506445,-0.23508030272366132,0.966853399161299,0.1330541385136964
1735797840.0,0.0001357257008483,0.0001469467683349,0.0001357257008483,0.0001465662017631,1480.43284144816,0.20895710175040108,0.07987065711980655,0.1099013136531168,1.0885501553541517,0.08267459601584033
1735797900.0,0.0001465662017631,0.0001594110106631,0.0001465662017631,0.0001581061660175,1815.78603603288,0.2766099154905437,0.07873550733785424,0.32376412753347716,1.1754933715701554,0.08763827366394808
1735797960.0,0.0001581061660175,0.0001615265628826,0.0001530619086972,0.0001557016362804,2602.0173982244,0.40826668063884936,-0.015208323607276883,0.4759654581247523,1.2680464385530164,0.0535377866569929
1735798020.0,0.0001557016362804,0.0001701275183981,0.0001557016362804,0.0001688412792169,2402.96548258496,0.38993271177874966,0.08438988343601656,-0.04490684576907178,1.2487615779664472,0.09265080613360228
1735798080.0,0.0001688412792169,0.0001757864655157,0.0001623765734842,0.0001753117396592,2493.0852269915,0.4290014035922659,0.038322739985805196,0.10019341961667497,1.3541444219704117,0.07942306581480665
1735798140.0,0.0001753117396592,0.0002017253361911,0.0001743023761448,0.0002017253361911,2952.61361954326,0.5566224026141805,0.15066644471868867,0.2974838729040824,1.4060389465568124,0.15642397993203022
1735798200.0,0.0002017253361911,0.0002080841921975,0.0002017253361911,0.0002058233898321,1370.75409300247,0.2793245421471218,0.020315017034438325,-0.49817948247272764,1.6178818357705376,0.03152234680316048
1735798260.0,0.0002058233898321,0.0002188669196494,0.0002030980528228,0.0002188669196494,1573.61418169584,0.33414934691444187,0.06337243705849091,0.19627636134616308,1.6507491328239243,0.07661358040727738
1735798320.0,0.0002188669196494,0.0002273231257758,0.0001871021220536,0.0001887144440814,5623.52720484383,1.1460224435637512,-0.13776625364993872,2.429671355476829,1.755361128343167,0.18376922280730904
1735798380.0,0.0001887144440814,0.0002427806219389,0.0001868870661721,0.000212342551898,7611.58842900512,1.526340394984177,0.12520561386603915,0.33185907794070996,1.5135316018885996,0.2961805919990464
1735798440.0,0.000212342551898,0.0002397206657107,0.000212342551898,0.0002397206657107,2053.07914474559,0.46406078208950463,0.12893371379397955,-0.6959650785535848,1.7030342552087112,0.12893371379397955
1735798500.0,0.0002397206657107,0.0002397206657107,0.0001948977855421,0.0001958185395502,3940.74188256666,0.858173793835713,-0.18313867947239057,0.8492702399277402,1.9226127864511344,0.1869796249552101
1735798560.0,0.0001958185395502,0.000217702706718,0.0001947172903171,0.000217702706718,2141.43490493304,0.4427644153450675,0.11175738118601258,-0.48406206467098273,1.5705080196037404,0.1173812063643109
1735798620.0,0.000217702706718,0.0002209812744552,0.000217702706718,0.000218763113857,801.38469015438,0.1748885131922368,0.0048708955207138966,-0.6050077487461638,1.7460238830062853,0.015059839110989457
1735798680.0,0.000218763113857,0.0002499704787356,0.000218763113857,0.0002496452953652,2678.74819224962,0.6273740897192442,0.14116722405216328,2.5872801378878267,1.75452858291708,0.14265368749047655
1735798740.0,0.0002496452953652,0.0002743792894713,0.0002303117322594,0.0002303117322594,7477.96672800669,1.7945513417248733,-0.07744413159285624,1.860416729240367,2.00221051248766,0.17652067966045443
1735798800.0,0.0002303117322594,0.0002588763691531,0.0002221984778272,0.0002399696957916,5574.73911916166,1.3108481369855596,0.04193430980460093,-0.26953990866284805,1.8471510580819657,0.15925324761393275
1735798860.0,0.0002399696957916,0.000248169269358,0.0002214148150431,0.0002252134691982,3251.27659544591,0.756219568463395,-0.06149204192105544,-0.4231066535270778,1.9246100628074712,0.1114909706687911
1735798920.0,0.0002252134691982,0.0002279015242038,0.0001505825175336,0.0001505825175336,8642.32945695168,1.623876362968229,-0.33137872228645765,1.1473609394529085,1.806261860143629,0.3433143095103033
1735798980.0,0.0001505825175336,0.0001508662062804,0.0001225735843489,0.0001405533490343,5400.67010823704,0.7861643860044725,-0.06660247592860286,-0.5158717720556822,1.207705112814473,0.18788782652134214
1735799040.0,0.0001405533490343,0.0001553088912052,0.0001397384363193,0.0001553088912052,4556.57670227228,0.674059495478695,0.10498178999135145,-0.14259726403472528,1.1272689621093965,0.11077967898225068
1735799100.0,0.0001553088912052,0.0001682788826061,0.0001553088912052,0.0001667239963497,2505.48767178089,0.4034247148384018,0.07349936668737105,-0.4014998415653165,1.245611675553334,0.08351093939472892
1735799160.0,0.0001667239963497,0.000186952260738,0.0001229990937467,0.0001248494498592,8486.18832175358,1.2371735870757063,-0.25116088509940127,2.0666777259079825,1.337163344844899,0.3835870564016448
1735799220.0,0.0001248494498592,0.0002090057486744,0.0001248494498592,0.0001422506012877,26330.49830372815,3.5164387218245765,0.139377077336939,1.84231635605505,1.0013202156311782,0.674062231832883
1735799280.0,0.0001422506012877,0.0001722063834431,0.0001422506012877,0.0001722063834431,3116.94249977625,0.4900721700294609,0.21058457317037838,-0.8606339513360902,1.1408813007642453,0.21058457317037838
1735799340.0,0.0001722063834431,0.0001767519077166,0.0001701516614941,0.0001711922606829,2457.93532174525,0.4220258284183612,-0.00588899633058647,-0.13884963434469058,1.38113330252375,0.03832753519663122
1735799400.0,0.0001711922606829,0.0001711922606829,0.0001569075658465,0.0001569075658465,1803.62993045247,0.29588533365234465,-0.08344241018500016,-0.29889283136711575,1.372999813573137,0.08344241018500016
1735799460.0,0.0001569075658465,0.0001578162166789,3.77087477195953e-05,4.20427573456971e-05,13460.66685378305,1.3390020104713165,-0.7320539827453137,3.5254085220884894,1.2584333999450386,0.7654663961634827
1735799520.0,4.20427573456971e-05,4.21086792159734e-05,4.03739937783093e-05,4.16393659495553e-05,658.46964462075,0.02755106899366732,-0.009594789248119798,-0.9794241765298249,0.33719221749554673,0.041260030197368534
1735799580.0,4.16393659495553e-05,4.45755100239443e-05,4.16393659495553e-05,4.3511058146311e-05,755.76800934371,0.032176983256852774,0.04495006477820034,0.16790325864483632,0.3339569292325708,0.07051365954865987
1735799640.0,4.3511058146311e-05,4.3511058146311e-05,4.25179341632854e-05,4.27028131197699e-05,647.85671626398,0.027927117767424337,-0.018575623323691226,-0.1320778102628169,0.3489683148347037,0.022824634135214582
1735799700.0,4.27028131197699e-05,4.41971861518003e-05,4.27028131197699e-05,4.39842802797358e-05,270.98066280204,0.0117452630128902,0.030008963493148084,-0.5794316079910512,0.342486010866431,0.03499472102315799
1735799760.0,4.39842802797358e-05,4.5587264300594e-05,4.36693642580015e-05,4.5587264300594e-05,587.71300993712,0.026321181035011274,0.03644447540492595,1.241003969525781,0.3527636610634356,0.04360421565147458
1735799820.0,4.5587264300594e-05,4.6268584945758e-05,4.4359192041726e-05,4.50826518555043e-05,787.08233858069,0.03568234482352847,-0.011069153914619184,0.35565135835148853,0.36561994763281364,0.0418843493534031
1735799880.0,4.50826518555043e-05,4.70860614091202e-05,4.45663898414292e-05,4.45663898414292e-05,846.59880612808,0.03794838583557518,-0.011451456221559204,0.06350594455755916,0.361572844158211,0.05589004781189173
1735799940.0,4.45663898414292e-05,4.58851218792318e-05,4.43976681755683e-05,4.56329219604307e-05,341.65326518856,0.015408444697433224,0.02393131063109017,-0.5939631065153663,0.35743230856242864,0.03337613185532821
1735800000.0,4.56329219604307e-05,4.56814499951949e-05,4.52430206504306e-05,4.53121737981207e-05,62.9044360772,0.002860424981339315,-0.007028876270253508,-0.8143599151304473,0.3659861321682238,0.009607742084639543
1735800060.0,4.53121737981207e-05,4.5973910573023e-05,4.53121737981207e-05,4.5973910573023e-05,74.67020433926,0.003408175286662114,0.014603951199748942,0.19149263095385577,0.3634136609285847,0.014603951199748942
1735800120.0,4.5973910573023e-05,4.60657896200404e-05,4.55004264287381e-05,4.55004264287381e-05,130.42855460664,0.005965432779370194,-0.010298974752927221,0.7503303901990901,0.3687209362981078,0.012297478814735648
1735800180.0,4.55004264287381e-05,4.55004264287381e-05,4.36429622702238e-05,4.36429622702238e-05,268.945240805,0.011987345069908013,-0.040823005503551085,1.0094677977703386,0.3649234886842979,0.040823005503551085
1735800240.0,4.36429622702238e-05,4.50317129844764e-05,4.34731977365952e-05,4.50317129844764e-05,334.5652656683,0.014833733142319502,0.03182072531314166,0.23744941484639606,0.35002621509736376,0.0357105743242485
1735800300.0,4.50317129844764e-05,4.78787630305184e-05,4.45403926114297e-05,4.75244966322813e-05,575.05493130932,0.026612452381707806,0.0553561808466897,0.7940495576116657,0.3611643031403756,0.07413376480347357
1735800360.0,4.75244966322813e-05,6.13248152681913e-05,4.75244966322813e-05,6.13248152681913e-05,2233.41509646344,0.12155284821908655,0.29038326786897634,3.567517734766769,0.3811569796203829,0.29038326786897634
1735800420.0,6.13248152681913e-05,7.8460929781314e-05,5.83150000077695e-05,7.74866741426069e-05,3726.98468676796,0.25867414769074887,0.2635451701523286,1.1280796911028792,0.49183858893361854,0.32851187052811276
1735800480.0,7.74866741426069e-05,8.85608428420065e-05,7.16612484479799e-05,7.16612484479799e-05,3729.72505738301,0.27814037207136655,-0.07517971004802525,0.07525384563706002,0.6214602735416103,0.21809678349240397
1735800540.0,7.16612484479799e-05,7.39802252956652e-05,7.04229691322055e-05,7.39802252956652e-05,455.87369545536,0.033197058423540135,0.032360263013959153,-0.8806463866560792,0.5747390703703855,0.049639885440203736
1735800600.0,7.39802252956652e-05,8.46184395320759e-05,7.37033443343155e-05,8.43666089361709e-05,1571.5068203917,0.12442156499138217,0.14039405258629664,2.7479695762186704,0.5933377778519696,0.1475407131316206
1735800660.0,8.43666089361709e-05,8.91638566647069e-05,2.79947569675494e-05,2.79947569675494e-05,10289.53520069343,0.5780731148321623,-0.6681772881409831,3.6460845824612593,0.6766388730371554,0.7250392124144294
1735800720.0,2.79947569675494e-05,3.20279444384777e-05,2.75914482885051e-05,3.19918973804984e-05,2151.63919020782,0.06453481819235497,0.14278175079649216,-0.8883621871757659,0.22452414580041796,0.15847596587872642
1735800780.0,3.19918973804984e-05,4.49987255847948e-05,3.19918973804984e-05,4.49883813974727e-05,4115.67880486392,0.15841305087950575,0.4062429890418657,1.4546912088189927,0.2565820964338885,0.40656632676701115
1735800840.0,4.49883813974727e-05,4.80813646486468e-05,4.11177647819993e-05,4.16612057849534e-05,2300.68166993229,0.09967655846890382,-0.07395633070511426,-0.3707806401334879,0.3608167742238196,0.15478662824350223
1735800900.0,4.16612057849534e-05,5.00783151407253e-05,4.16612057849534e-05,5.00783151407253e-05,1416.56457969247,0.06497747795063631,0.2020371037559328,-0.3481167593591487,0.33413208954537027,0.2020371037559328
1735800960.0,5.00783151407253e-05,5.21673378889689e-05,3.99205375087559e-05,4.27515121123874e-05,2556.49232941441,0.11865937065672368,-0.14630689965804197,0.8261615316443913,0.40163916918903486,0.24455296360906328
1735801020.0,4.27515121123874e-05,4.89473324708655e-05,4.27515121123874e-05,4.87516766572903e-05,1300.42165504294,0.059496364090785424,0.14034976187811454,-0.49859531732301376,0.3428765875637554,0.14492634417679087
1735801080.0,4.87516766572903e-05,5.63306350698382e-05,4.87516766572903e-05,5.63306350698382e-05,1133.74897320706,0.05956848151142808,0.1554604668435449,0.0012121315603859802,0.39099923498190897,0.1554604668435449
1735801140.0,5.63306350698382e-05,5.67405701691744e-05,4.92954665443251e-05,5.1123527526363e-05,1559.82777660954,0.08380499376493626,-0.09243828934325841,0.4068680556991949,0.4517841585876654,0.13216793340992752
1735801200.0,5.1123527526363e-05,5.3392946532801e-05,4.77329903921974e-05,5.08911560725298e-05,2347.09045403274,0.11971884502306582,-0.004545293822171538,0.4285407067610307,0.41002200381543824,0.11071137721638853
1735801260.0,5.08911560725298e-05,6.91634111349986e-05,4.63509059553661e-05,4.63509059553661e-05,6093.06762084804,0.2962512297633346,-0.08921491409416918,1.4745580339190285,0.40815833333454155,0.44826069871787244
1735801320.0,4.63509059553661e-05,4.66793342133432e-05,1.97611750794091e-05,2.1148168732446e-05,5812.12559777154,0.19615654990946285,-0.5437377480213491,-0.33787093452349254,0.37174452268928115,0.5807472061032661
1735801380.0,2.1148168732446e-05,2.47065211278712e-05,2.1148168732446e-05,2.47065211278712e-05,1004.86044599946,0.02303878205210263,0.16825818067007833,-0.8825490045438895,0.16961299308294012,0.16825818067007833
1735801440.0,2.47065211278712e-05,2.73764306137725e-05,2.47065211278712e-05,2.59649298021402e-05,1867.38983738463,0.04731167625611862,0.0509342722820414,1.0535667271439262,0.1981517667170822,0.10806497086671588
1735801500.0,2.59649298021402e-05,2.86605381334326e-05,2.24128921420534e-05,2.24128921420534e-05,2594.25301093127,0.06275215512051056,-0.13680135810704241,0.3263566224288045,0.20824448275621762,0.24061863594425079
1735801560.0,2.24128921420534e-05,3.57356512162228e-05,2.23565104040606e-05,3.5723713693073e-05,3033.50430197606,0.08817882195157122,0.5938912955389837,0.4051919297788378,0.17975635469686846,0.5969395081797081
1735801620.0,3.5723713693073e-05,4.02151724427755e-05,1.27132326085713e-05,1.27132326085713e-05,18789.87571934741,0.45506210061630026,-0.6441234324684318,4.160673396909582,0.28651208906915676,0.7698510874455071
1735801680.0,1.27132326085713e-05,1.69794968268387e-05,9.62997132120496e-06,1.57495018023881e-05,3733.55353703425,0.05313357136685196,0.2388274711319084,-0.8832388562025005,0.10196293881423044,0.5781004510747856
1735801740.0,1.57495018023881e-05,2.634643952467e-05,1.50733342911031e-05,1.80316218434689e-05,8616.43111355694,0.14553636241653817,0.14490109399744713,1.7390660682623122,0.1263144896404106,0.7157753543580382
1735801800.0,1.80316218434689e-05,1.80316218434689e-05,7.88985916791729e-06,9.04430299195611e-06,6985.93293314326,0.09457529750155354,-0.49841988311040475,-0.35016035902511755,0.1446175973770353,0.5624431769694074
1735801860.0,9.04430299195611e-06,1.03521145269527e-05,9.04430299195611e-06,9.67358667626127e-06,980.82112683104,0.009179450818140027,0.06957790831032933,-0.9029402913801119,0.07253731139666579,0.14460058847649637
1735801920.0,9.67358667626127e-06,1.1511197980191e-05,9.67358667626127e-06,1.07960849851296e-05,949.13156935051,0.009714205794032787,0.11603744778789365,0.0582556610942347,0.07758430579810081,0.18996173450734471
1735801980.0,1.07960849851296e-05,1.07960849851296e-05,8.50287262675619e-06,9.02667646504871e-06,1126.80827391089,0.011168225806911375,-0.16389353386139996,0.14967976216560683,0.08658699063130791,0.21241147708007618
1735802040.0,9.02667646504871e-06,9.58440357811308e-06,9.02667646504871e-06,9.56622342898192e-06,186.47893629004,0.0017335920973930148,0.059772493898760506,-0.8447746197681467,0.07239594275031892,0.06178654073001173
1735802100.0,9.56622342898192e-06,1.03172055900784e-05,9.56622342898192e-06,1.01446630490533e-05,329.51621463796,0.003247528349700358,0.06046687330330732,0.8732943894841287,0.07672322879665737,0.07850351464939632
1735802160.0,1.01446630490533e-05,1.0285246896297e-05,1.01091931586779e-05,1.026206895998e-05,107.14598375346,0.0010932496881505469,0.011573170085492131,-0.6633594628199572,0.08136244255172552,0.017354320864854163
1735802220.0,1.026206895998e-05,1.03145452343625e-05,1.0103236754834e-05,1.02230414844753e-05,95.26679721407,0.0009757754313098752,-0.003803080612389204,-0.10745418737727075,0.08230406393794772,0.02059121609419689
1735802280.0,1.02230414844753e-05,1.06978928117283e-05,1.02230414844753e-05,1.06978928117283e-05,242.86222368167,0.0025404523123370598,0.046449124555946436,1.6035214976941687,0.08199105494806447,0.046449124555946436
1735802340.0,1.06978928117283e-05,1.10064421280299e-05,1.06978928117283e-05,1.08863162363479e-05,61.68466670974,0.0006657073706619675,0.01761313446822232,-0.7379571474618402,0.08579946767182056,0.02884206466934613
1735802400.0,1.08863162363479e-05,1.09377063393864e-05,9.50972238726647e-06,9.52020117593035e-06,470.17797693397,0.00479734753658641,-0.1254891949451442,6.206390897874564,0.08731066523322623,0.13117237466904455
1735802460.0,9.52020117593035e-06,9.94691268121268e-06,9.37255604330093e-06,9.47364434959377e-06,569.00723503686,0.005403817762597858,-0.00489031959264561,0.12641782180387673,0.07635412014298368,0.060330304717076864
1735802520.0,9.47364434959377e-06,9.8328540540679e-06,9.47364434959377e-06,9.75658820766689e-06,205.20967564916,0.001973114892866688,0.029866421794190818,-0.6348665000282832,0.07598072409326923,0.03791673945302088
1735802580.0,9.75658820766689e-06,9.82096045588021e-06,9.75658820766689e-06,9.7910792504499e-06,15.6227724616,0.0001526943804265907,0.003535154097813303,-0.9226125245019337,0.07824999644726685,0.006597823628831246
1735802640.0,9.7910792504499e-06,9.7910792504499e-06,8.67021301354788e-06,9.02667561551335e-06,615.9612785586,0.00579550417342052,-0.07807143782453049,36.95492772706697,0.07852662224286128,0.11447831319009255
1735802700.0,9.02667561551335e-06,9.02667561551335e-06,8.581846378e-06,8.581846378e-06,259.67398067097,0.0022862374998939682,-0.04927940877246781,-0.6055153388760954,0.07239593593685734,0.04927940877246781
1735802760.0,8.581846378e-06,8.581846378e-06,8.26392075154933e-06,8.27394053869124e-06,273.58082721236,0.0023057100639918325,-0.035878740511842824,0.00851729713066443,0.06882830701635956,0.03704629661813661
1735802820.0,8.27394053869124e-06,8.71497074931655e-06,8.27394053869124e-06,8.71497074931655e-06,105.124081225,0.0008929718450824252,0.05330352672501457,-0.612712864887947,0.06635883404905014,0.05330352672501457
1735802880.0,8.71497074931655e-06,9.12079389158806e-06,8.66913019823725e-06,9.12079389158806e-06,290.96271200925,0.0025947712253381466,0.046566208188746384,1.905770478237909,0.06989599393322449,0.05182618580632988
1735802940.0,9.12079389158806e-06,1.14980282013728e-05,9.12079389158806e-06,1.14980282013728e-05,1504.77737278171,0.01551336846944956,0.2606389682785421,4.978703755444907,0.07315078533827837,0.2606389682785421
1735803000.0,1.14980282013728e-05,1.14980282013728e-05,8.55818885986987e-06,8.55818885986987e-06,689.1847888768,0.006911219860509902,-0.2556820430438612,-0.5544990841853495,0.09221673055761236,0.2556820430438612
1735803060.0,8.55818885986987e-06,9.26464850455943e-06,8.55818885986987e-06,9.26464850455943e-06,173.7055239747,0.0015479626515520263,0.08254779793446879,-0.7760217902490777,0.06863856848581676,0.08254779793446879
1735803120.0,9.26464850455943e-06,1.05943776234134e-05,9.26464850455943e-06,1.0544831824e-05,434.45557297776,0.0043031695632679764,0.138179372785762,1.7798923694660918,0.07430453116769516,0.14352720647734968
1735803180.0,1.0544831824e-05,1.0544831824e-05,1.02479832036863e-05,1.03831265229892e-05,216.88698524269,0.002269500896581539,-0.015335028923150607,-0.47259784602631344,0.08457188467958739,0.02815110048868424
1735803240.0,1.03831265229892e-05,1.06111263141099e-05,1.01137964032e-05,1.01137964032e-05,274.65033149936,0.0028147433381973484,-0.02593921196981257,0.2402477313126807,0.08327497238194055,0.047897895668396716
1735803300.0,1.01137964032e-05,1.15540328868267e-05,1.01137964032e-05,1.15540328868267e-05,665.7376,0.007212544334376039,0.14240315171571072,1.5624163441470948,0.08111488522154511,0.14240315171571072
1735803360.0,1.15540328868267e-05,1.39326487170906e-05,1.15540328868267e-05,1.371216934737e-05,604.59220316387,0.007637874437178438,0.18678642182193314,0.05897088226899528,0.09266590052815125,0.20586888176299653
1735803420.0,1.371216934737e-05,1.37745387361352e-05,1.26157741778537e-05,1.28062485054444e-05,604.65242709224,0.008017212858675208,-0.06606692340037035,0.04966544352317275,0.10997463251271182,0.08450628991857895
1735803480.0,1.28062485054444e-05,1.29852246380683e-05,1.28062485054444e-05,1.29848508145759e-05,167.4839696312,0.0021597978476347716,0.013946497216227684,-0.7306049015154048,0.1027089468905106,0.013975687926703156
1735803540.0,1.29848508145759e-05,1.32547081831596e-05,1.29432160485147e-05,1.31868350934953e-05,139.12095113689,0.001820514918193403,0.01555537924953795,-0.15709013221442125,0.10414137693240079,0.02398888821234972
1735803600.0,1.31868350934953e-05,1.33407570041962e-05,1.31482816614736e-05,1.33407570041962e-05,87.9930429659,0.0011671217756170187,0.011672392170644892,-0.3589056788530918,0.10576133554615337,0.01459602257538984
1735803660.0,1.33407570041962e-05,1.34765715985594e-05,1.3254829012923e-05,1.33468073811024e-05,138.31450708992,0.0018456386566915396,0.00045352575601947015,0.5813591137187133,0.10699582333113923,0.01662143951551268
1735803720.0,1.33468073811024e-05,1.33468073811024e-05,1.30057607516273e-05,1.30292399880638e-05,187.92556539387,0.0024783668073530274,-0.023793509861260175,0.3428234169063762,0.10704434869280642,0.025552674863502083
1735803780.0,1.30292399880638e-05,1.30292399880638e-05,1.30141789325724e-05,1.30141789325724e-05,7.73395892861,0.00010070936614639246,-0.0011559427491700891,-0.9593646243777961,0.10449738792659195,0.0011559427491700891
1735803840.0,1.30141789325724e-05,1.30141789325724e-05,9.60853448142107e-06,9.65013466584126e-06,1054.46682599494,0.011949383411736606,-0.2584907034212875,117.65215589150691,0.104376594928711,0.2616872311957806
1735803900.0,9.65013466584126e-06,9.83346135161617e-06,9.62703267854901e-06,9.83346135161617e-06,105.30973427424,0.0010259061596525414,0.018997318910360283,-0.9141456823081848,0.0773962154848697,0.02139127382313721
1735803960.0,9.83346135161617e-06,1.02238574826223e-05,9.83346135161617e-06,1.02238574826223e-05,138.05752450458,0.0013845318932270258,0.039700784601341514,0.3495697244823497,0.07886653607289074,0.039700784601341514
1735804020.0,1.02238574826223e-05,1.21657072648988e-05,1.02238574826223e-05,1.21657072648988e-05,601.5085098,0.006733756863176015,0.18993318183250327,3.8635621151934423,0.0819975994337745,0.18993318183250327
1735804080.0,1.21657072648988e-05,1.3177218887784e-05,1.21657072648988e-05,1.31214546074469e-05,262.7388907433,0.003321960430193189,0.07856077100471397,-0.5066705707241161,0.09757166439685837,0.08314449796138615
1735804140.0,1.31214546074469e-05,1.3999546944901e-05,1.31214546074469e-05,1.38738203194043e-05,547.9802037638,0.0073964381275378605,0.057338590458591784,1.2265280646668388,0.10523696958008875,0.06692035019926455
1735804200.0,1.38738203194043e-05,1.47843464962435e-05,1.25215896213074e-05,1.47843464962435e-05,1374.43390907028,0.01969437812160949,0.06562908815863157,1.6626840895599282,0.11127110907994475,0.16309544327681297
1735804260.0,1.47843464962435e-05,1.51282389426517e-05,1.47843464962435e-05,1.51282389426517e-05,78.193,0.0011694773966117661,0.023260578105064014,-0.9406187192410728,0.11857373050726115,0.023260578105064014
1735804320.0,1.51282389426517e-05,1.5273310788685e-05,1.18254551740188e-05,1.18254551740188e-05,937.81134863563,0.012638740115133504,-0.2183191170600313,9.807169212291507,0.12133182402693411,0.2279085905330006
1735804380.0,1.18254551740188e-05,1.26657596917992e-05,1.18254551740188e-05,1.24398641542811e-05,378.95136916926,0.004597687991394277,0.05195647619655191,-0.636222602133495,0.09484276733409076,0.07105895759738684
1735804440.0,1.24398641542811e-05,1.24855612306441e-05,1.23954092189707e-05,1.24855612306441e-05,21.49621636242,0.0002679011684998539,0.0036734385356832124,-0.941731329093819,0.09977046331749956,0.0072470254140496
1735804500.0,1.24855612306441e-05,1.25261175273075e-05,1.24473377364996e-05,1.25261175273075e-05,11.34195190821,0.00014184062880814234,0.0032482557983745663,-0.47054867433988184,0.10013696398217303,0.006309671576039883
1735804560.0,1.25261175273075e-05,1.38528129509592e-05,1.20464257697861e-05,1.38528129509592e-05,885.7538895597,0.011682620136774824,0.10591433624660195,81.364413038362,0.10046223445605976,0.1442096625099594
1735804620.0,1.38528129509592e-05,1.4718445249606e-05,1.37955314687298e-05,1.4718445249606e-05,562.5654648738,0.008036601575815166,0.06248783562668837,-0.3120891134243624,0.11110262533632383,0.06662284289432312
1735804680.0,1.4718445249606e-05,1.48594908513207e-05,1.4718445249606e-05,1.48594908513207e-05,41.044849,0.0006070109604970925,0.009582914453445905,-0.9244691982337668,0.11804518792603357,0.009582914453445905
1735804740.0,1.48594908513207e-05,1.48594908513207e-05,1.10365137691359e-05,1.12286822327892e-05,1180.5418446082,0.01539908998758655,-0.24434273387023872,24.368718177635458,0.1191764048635697,0.25727510588594743
1735804800.0,1.12286822327892e-05,1.12286822327892e-05,1.12286822327892e-05,1.12286822327892e-05,0.0,0.0,0.0,-1.0,0.09005651628637866,0.0
1735804860.0,1.12286822327892e-05,1.15322713629571e-05,1.12286822327892e-05,1.15322713629571e-05,119.4394,0.0013592773204518902,0.027036933085645653,0.0,0.09005651628637866,0.027036933085645653
1735804920.0,1.15322713629571e-05,1.31390396747677e-05,1.15322713629571e-05,1.31390396747677e-05,481.18558602258,0.005935739629816477,0.13932800063755993,3.36683489123702,0.09249136829113984,0.13932800063755993
1735804980.0,1.31390396747677e-05,1.31390396747677e-05,1.31390396747677e-05,1.31390396747677e-05,0.0,0.0,0.0,-1.0,0.10537800571137657,0.0
1735805040.0,1.31390396747677e-05,1.33697809485394e-05,1.31390396747677e-05,1.33697809485394e-05,0.10537168265,1.3966395170724454e-06,0.017561502170879054,0.0,0.10537800571137657,0.017561502170879054
1735805100.0,1.33697809485394e-05,1.33697809485394e-05,1.28122980067393e-05,1.28122980067393e-05,233.42152651596,0.0030557304185512726,-0.04169723826784183,2186.916338610064,0.1072286017874398,0.04169723826784183
1735805160.0,1.28122980067393e-05,1.28122980067393e-05,1.20749777028981e-05,1.20749777028981e-05,131.95203616335,0.0016419633522226679,-0.05754785780453806,-0.4626609264173488,0.1027574652295814,0.05754785780453806
1735805220.0,1.20749777028981e-05,1.20749777028981e-05,1.20010632888324e-05,1.20010632888324e-05,67.380703267,0.0008111302869539607,-0.0061212878304495255,-0.5059997618972664,0.09684399323219468,0.0061212878304495255
1735805280.0,1.20010632888324e-05,1.28440819531511e-05,1.20010632888324e-05,1.20478391409727e-05,518.56721641325,0.0062354861954089374,0.003897642318395792,6.687403978989703,0.09625118327497031,0.07024533110355068
1735805340.0,1.20478391409727e-05,1.20478391409727e-05,1.20478391409727e-05,1.20478391409727e-05,0.0,0.0,0.0,-1.0,0.09662633596009851,0.0
1735805400.0,1.20478391409727e-05,1.20478391409727e-05,1.20478391409727e-05,1.20478391409727e-05,0.0,0.0,0.0,0.0,0.09662633596009851,0.0
1735805460.0,1.20478391409727e-05,1.20478391409727e-05,1.08009836379755e-05,1.08569688647573e-05,748.99371004188,0.008577778563004335,-0.09884513415899186,0.0,0.09662633596009851,0.10349204437473372
1735805520.0,1.08569688647573e-05,1.19483218825013e-05,1.08569688647573e-05,1.19483218825013e-05,189.033429954,0.0021554811655262567,0.10052096780774879,-0.748713358628448,0.08707529281883075,0.10052096780774879
1735805580.0,1.19483218825013e-05,1.21740116182454e-05,1.19483218825013e-05,1.21740116182454e-05,87.83325223279,0.0010593715014072826,0.018888822879356008,-0.5085220328758293,0.09582818552512273,0.018888822879356008
1735805640.0,1.21740116182454e-05,1.22898825306449e-05,1.21740116182454e-05,1.22898825306449e-05,4.53574,5.548093162344383e-05,0.00951789073585584,-0.9476284461591215,0.09763826714835684,0.00951789073585584
1735805700.0,1.22898825306449e-05,1.23053074893055e-05,1.17510235841129e-05,1.17510235841129e-05,233.6408395935,0.00280846874462026,-0.043845736132005424,49.620432325861,0.0985675775067132,0.04510083020000313
1735805760.0,1.17510235841129e-05,1.17510235841129e-05,1.1432086746699e-05,1.14659791486621e-05,24.67559827084,0.00028644671624347516,-0.02425698777731785,-0.8980060871988781,0.09424580951218287,0.027141196265242386
1735805820.0,1.14659791486621e-05,1.14659791486621e-05,1.13996377296276e-05,1.13996377296276e-05,0.31927024802,3.650155585930925e-06,-0.005785935782225797,-0.9872571219045557,0.09195969006278243,0.005785935782225797
1735805880.0,1.13996377296276e-05,1.14004344554406e-05,1.13996377296276e-05,1.14004344554406e-05,0.00625145865,7.12668542409845e-08,6.989045019636104e-05,-0.9804756667042704,0.09142761720152577,6.989045019636104e-05
1735805940.0,1.14004344554406e-05,1.14004344554406e-05,1.1388312916038e-05,1.1388312916038e-05,7.03491937176,8.01585001708798e-05,-0.0010632524093689864,1123.7655172182674,0.09143400711885237,0.0010632524093689864
1735806000.0,1.1388312916038e-05,1.14605558051416e-05,1.1388312916038e-05,1.14605558051416e-05,16.3264356,0.00018652029185459653,0.0063435988838927955,1.3268934854940828,0.09133678969048499,0.0063435988838927955
1735806060.0,1.14605558051416e-05,1.24975909930956e-05,1.13818978670415e-05,1.24975909930956e-05,376.1553750905,0.004505992847682087,0.09048733810002044,23.158191062636615,0.0919161936476239,0.09735069965398718
1735806120.0,1.24975909930956e-05,1.28819444284146e-05,1.23341987977388e-05,1.28819444284146e-05,237.90796367622,0.0030189967955899935,0.030754201792276625,-0.3300040861931271,0.10023344533908339,0.04382809702913204
1735806180.0,1.28819444284146e-05,1.28819444284146e-05,1.28602821828014e-05,1.28602821828014e-05,0.008141763,1.0479355408040691e-07,-0.0016815975052197412,-0.9999652886169891,0.10331604494337669,0.0016815975052197412
1735806240.0,1.28602821828014e-05,1.29547389616369e-05,1.28602821828014e-05,1.29547389616369e-05,14.85887371362,0.00019179106954981938,0.007344844964741278,1829.1800261747042,0.10314230893995074,0.007344844964741278
1735806300.0,1.29547389616369e-05,1.29547389616369e-05,1.28609323102252e-05,1.28609323102252e-05,24.54967201953,0.0003168831313441087,-0.007241107033456343,0.652230899425667,0.10389987320842013,0.007241107033456343
1735806360.0,1.28609323102252e-05,1.30923385332301e-05,1.25187958848604e-05,1.25979593816851e-05,628.46310307992,0.00799998703683677,-0.02044742342131932,24.245859578904025,0.10314752310575542,0.04459572871818173
1735806420.0,1.25979593816851e-05,1.25979593816851e-05,1.25979593816851e-05,1.25979593816851e-05,0.0,0.0,0.0,-1.0,0.10103842202595172,0.0
1735806480.0,1.25979593816851e-05,1.25979593816851e-05,1.25979593816851e-05,1.25979593816851e-05,0.0,0.0,0.0,0.0,0.10103842202595172,0.0
1735806540.0,1.25979593816851e-05,1.26249995169423e-05,1.25597419837967e-05,1.25597419837967e-05,35.5424963744,0.0004470837547854374,-0.003033618122627077,0.0,0.10103842202595172,0.005180008219463801
1735806600.0,1.25597419837967e-05,1.25597419837967e-05,1.25597419837967e-05,1.25597419837967e-05,0.0,0.0,0.0,-1.0,0.10073191003781215,0.0
1735806660.0,1.25597419837967e-05,1.25597419837967e-05,1.25597419837967e-05,1.25597419837967e-05,0.0,0.0,0.0,0.0,0.10073191003781215,0.0
1735806720.0,1.25597419837967e-05,1.25597419837967e-05,1.25597419837967e-05,1.25597419837967e-05,0.0,0.0,0.0,0.0,0.10073191003781215,0.0
1735806780.0,1.25597419837967e-05,1.25597419837967e-05,1.25597419837967e-05,1.25597419837967e-05,0.0,0.0,0.0,0.0,0.10073191003781215,0.0
1735806840.0,1.25597419837967e-05,1.25884262797317e-05,1.25597419837967e-05,1.25884262797317e-05,0.843493,1.060615194655418e-05,0.002283828439470013,0.0,0.10073191003781215,0.002283828439470013
1735806900.0,1.25884262797317e-05,1.25884262797317e-05,1.16718727144595e-05,1.16718727144595e-05,483.19362597525,0.005861210919123478,-0.07280922530784639,551.6236988361948,0.10096196443871863,0.07280922530784639
1735806960.0,1.16718727144595e-05,1.16718727144595e-05,1.1213813456124e-05,1.15621500710318e-05,376.17550274954,0.0043700351011132284,-0.009400603151863784,-0.25441429059393916,0.0936110020223772,0.03924470987145376
1735807020.0,1.15621500710318e-05,1.15621500710318e-05,1.05658611989494e-05,1.05658611989494e-05,142.16118643238,0.0015728721677648015,-0.086168131875276,-0.6400779098172172,0.0927310021417165,0.086168131875276
1735807080.0,1.05658611989494e-05,1.07977198139962e-05,1.05421941503888e-05,1.07347115115482e-05,82.13521872603,0.0008747635992832131,0.015980743019375493,-0.44384316970505366,0.08474054492024258,0.02418408294373652
1735807140.0,1.07347115115482e-05,1.07347115115482e-05,1.06303752753717e-05,1.06303752753717e-05,61.47965958471,0.0006567591313288105,-0.009719519342858736,-0.2492152944327323,0.08609476179193483,0.009719519342858736
1735807200.0,1.06303752753717e-05,1.0762517823208e-05,1.06303752753717e-05,1.0762517823208e-05,54.5187435876,0.000583156826719202,0.01243065690657661,-0.11206894750087458,0.0852579620893793,0.01243065690657661
1735807260.0,1.0762517823208e-05,1.07770813540935e-05,1.07105921875159e-05,1.07770813540935e-05,32.84931944022,0.00035378058699473845,0.001353171360524501,-0.3933354274782611,0.08631777456466629,0.006177844968044928
1735807320.0,1.07770813540935e-05,1.07770813540935e-05,1.06963029160145e-05,1.06963029160145e-05,34.07881745442,0.00036589377133481216,-0.007495390952794117,0.03423925671832824,0.0864345773051114,0.007495390952794117
1735807380.0,1.06963029160145e-05,1.07253133863065e-05,1.06963029160145e-05,1.07253133863065e-05,6.128397,6.564008454114756e-05,0.0027121960288320774,-0.8206034382556258,0.08578671635637009,0.0027121960288320774
1735807440.0,1.07253133863065e-05,1.07253133863065e-05,1.06736142745126e-05,1.06736142745126e-05,0.84765436915,9.069447263409049e-06,-0.004820289154432303,-0.8618306584031938,0.08601938674779838,0.004820289154432303
1735807500.0,1.06736142745126e-05,1.12973945325259e-05,1.06736142745126e-05,1.12973945325259e-05,254.9223689208,0.0028004508063350073,0.05844133411330206,307.77855342226957,0.08560474843078705,0.05844133411330206
1735807560.0,1.12973945325259e-05,1.12973945325259e-05,1.12973945325259e-05,1.12973945325259e-05,0.0,0.0,0.0,-1.0,0.09060760413551584,0.0
1735807620.0,1.12973945325259e-05,1.1501517352551e-05,1.12973945325259e-05,1.1480877223163e-05,11.85587737053,0.00013502819832402732,0.016241151011309806,0.0,0.09060760413551584,0.018068132385517445
1735807680.0,1.1480877223163e-05,1.1480877223163e-05,1.1480877223163e-05,1.1480877223163e-05,0.0,0.0,0.0,-1.0,0.09207917591705374,0.0
1735807740.0,1.1480877223163e-05,1.1480877223163e-05,1.10125188609697e-05,1.10125188609697e-05,218.24175386592,0.0024544991059009687,-0.04079464949319145,0.0,0.09207917591705374,0.04079464949319145
1735807800.0,1.10125188609697e-05,1.10125188609697e-05,1.10125188609697e-05,1.10125188609697e-05,0.0,0.0,0.0,-1.0,0.08832283820989562,0.0
1735807860.0,1.10125188609697e-05,1.10125188609697e-05,1.10125188609697e-05,1.10125188609697e-05,0.0,0.0,0.0,0.0,0.08832283820989562,0.0
1735807920.0,1.10125188609697e-05,1.10125188609697e-05,1.10125188609697e-05,1.10125188609697e-05,0.0,0.0,0.0,0.0,0.08832283820989562,0.0
1735807980.0,1.10125188609697e-05,1.10125188609697e-05,1.10125188609697e-05,1.10125188609697e-05,0.0,0.0,0.0,0.0,0.08832283820989562,0.0
1735808040.0,1.10125188609697e-05,1.10125188609697e-05,1.07382512584922e-05,1.07382512584922e-05,8.15746544628,8.871557783974499e-05,-0.02490507448296431,0.0,0.08832283820989562,0.02490507448296431
1735808100.0,1.07382512584922e-05,1.07382512584922e-05,1.0716531862902e-05,1.0716531862902e-05,6.71123434527,7.199403867730993e-05,-0.0020226194253950636,-0.18848481371152978,0.08612315134573136,0.0020226194253950636
1735808160.0,1.0716531862902e-05,1.0716531862902e-05,1.0716531862902e-05,1.0716531862902e-05,0.0,0.0,0.0,-1.0,0.08594895698684324,0.0
1735808220.0,1.0716531862902e-05,1.0716531862902e-05,1.0716531862902e-05,1.0716531862902e-05,0.0,0.0,0.0,0.0,0.08594895698684324,0.0
1735808280.0,1.0716531862902e-05,1.0716531862902e-05,1.0716531862902e-05,1.0716531862902e-05,0.0,0.0,0.0,0.0,0.08594895698684324,0.0
1735808340.0,1.0716531862902e-05,1.0716531862902e-05,1.02485153352614e-05,1.02485153352614e-05,270.90948459632,0.002839815065495985,-0.04367238707708778,0.0,0.08594895698684324,0.04367238707708778
1735808400.0,1.02485153352614e-05,1.02485153352614e-05,1.02485153352614e-05,1.02485153352614e-05,0.0,0.0,0.0,-1.0,0.08219536086844186,0.0
1735808460.0,1.02485153352614e-05,1.02485153352614e-05,9.91422278352142e-06,9.94372568892953e-06,22.7358,0.00022954337673890008,-0.02973988293535545,0.0,0.08219536086844186,0.032618632143701955
1735808520.0,9.94372568892953e-06,1.10928385083336e-05,9.94372568892953e-06,1.0795316850764e-05,483.14424994096,0.005009974576166946,0.08564105532220749,20.82582938067374,0.0797508804583851,0.11556159686538721
1735808580.0,1.0795316850764e-05,1.11391131331853e-05,1.0795316850764e-05,1.11391131331853e-05,99.5882830201,0.001092206110563055,0.031846798678907495,-0.781993682012118,0.08658083002371642,0.031846798678907495
1735808640.0,1.11391131331853e-05,1.27219243371721e-05,1.11391131331853e-05,1.27219243371721e-05,462.02959523086,0.005512252742108806,0.1420949033430084,4.046897914961421,0.08933815228693442,0.1420949033430084
1735808700.0,1.27219243371721e-05,1.27219243371721e-05,1.14055576546845e-05,1.14055576546845e-05,446.29598187895,0.0053839991329111625,-0.10347229299590455,-0.023267004471311335,0.10203264840098933,0.10347229299590455
1735808760.0,1.14055576546845e-05,1.14055576546845e-05,1.14055576546845e-05,1.14055576546845e-05,0.0,0.0,0.0,-1.0,0.09147509631049405,0.0
1735808820.0,1.14055576546845e-05,1.14055576546845e-05,1.11645378376752e-05,1.11645378376752e-05,0.61959,6.992102733055574e-06,-0.021131787178359226,0.0,0.09147509631049405,0.021131787178359226
1735808880.0,1.11645378376752e-05,1.11645378376752e-05,1.11208976806419e-05,1.11208976806419e-05,8.53276851186,9.507823123189131e-05,-0.003908818946901186,12.597945405236029,0.08954206404314077,0.003908818946901186
1735808940.0,1.11208976806419e-05,1.12715602700664e-05,1.11208976806419e-05,1.12715602700664e-05,68.1153,0.0007626344955249406,0.013547700352171878,7.021126241451748,0.08919206032666431,0.013547700352171878
1735809000.0,1.12715602700664e-05,1.22189467096221e-05,1.12715602700664e-05,1.22189467096221e-05,272.07400798988,0.003195578191839051,0.08405104678113204,3.190183122570995,0.0904004076337628,0.08405104678113204
1735809060.0,1.22189467096221e-05,1.22189467096221e-05,1.22189467096221e-05,1.22189467096221e-05,0.0,0.0,0.0,-1.0,0.0979986565248216,0.0
1735809120.0,1.22189467096221e-05,1.22189467096221e-05,1.22189467096221e-05,1.22189467096221e-05,0.0,0.0,0.0,0.0,0.0979986565248216,0.0
1735809180.0,1.22189467096221e-05,1.22189467096221e-05,1.19356233588018e-05,1.19356233588018e-05,154.9406721625,0.0018712626610989016,-0.02318721552301972,0.0,0.0979986565248216,0.02318721552301972
1735809240.0,1.19356233588018e-05,1.19356233588018e-05,1.06786715227835e-05,1.07929188391049e-05,386.36716079323,0.004390781158987166,-0.09573898952284082,1.346426960931649,0.09572634055501418,0.10531095010562437
1735809300.0,1.07929188391049e-05,1.07929188391049e-05,1.07929188391049e-05,1.07929188391049e-05,0.0,0.0,0.0,-1.0,0.08656159743955778,0.0
1735809360.0,1.07929188391049e-05,1.08285463476369e-05,1.07929188391049e-05,1.08285463476369e-05,14.89602248059,0.00016103691574249996,0.003301007731375996,0.0,0.08656159743955778,0.003301007731375996
1735809420.0,1.08285463476369e-05,1.08599332231545e-05,1.08285463476369e-05,1.08599332231545e-05,0.99154785252,1.0752582671421052e-05,0.0028985308378395914,-0.9332290821527247,0.08684733794194602,0.0028985308378395914
1735809480.0,1.08599332231545e-05,1.08599332231545e-05,1.08599332231545e-05,1.08599332231545e-05,0.0,0.0,0.0,-1.0,0.08709906762915502,0.0
1735809540.0,1.08599332231545e-05,1.08599332231545e-05,1.08599332231545e-05,1.08599332231545e-05,0.0,0.0,0.0,0.0,0.08709906762915502,0.0
1735809600.0,1.08599332231545e-05,1.08599332231545e-05,1.08216175156072e-05,1.08216175156072e-05,5.25536904179,5.697227526524367e-05,-0.003528171560540315,0.0,0.08709906762915502,0.003528171560540315
1735809660.0,1.08216175156072e-05,1.08216175156072e-05,1.07270344509263e-05,1.07270344509263e-05,52.89337628328,0.000569890478431649,-0.008740196605959363,9.002943989483155,0.08679176717579626,0.008740196605959363
1735809720.0,1.07270344509263e-05,1.07270344509263e-05,1.07270344509263e-05,1.07270344509263e-05,0.0,0.0,0.0,-1.0,0.08603319006690116,0.0
1735809780.0,1.07270344509263e-05,1.07270344509263e-05,1.07270344509263e-05,1.07270344509263e-05,0.0,0.0,0.0,0.0,0.08603319006690116,0.0
1735809840.0,1.07270344509263e-05,1.07270344509263e-05,1.06158858311179e-05,1.06158858311179e-05,10.02701694273,0.00010700291163769647,-0.010361542168702725,0.0,0.08603319006690116,0.010361542168702725
1735809900.0,1.06158858311179e-05,1.10545994746704e-05,1.06158858311179e-05,1.10545994746704e-05,248.112,0.002688353725094873,0.04132614560214262,24.12411750249778,0.08514175354011494,0.04132614560214262
1735809960.0,1.10545994746704e-05,1.14144300976245e-05,1.10545994746704e-05,1.14144300976245e-05,2.8314075768,3.1809490287169526e-05,0.032550308473734,-0.9881676693099428,0.08866033404373548,0.032550308473734
1735810020.0,1.14144300976245e-05,1.14144300976245e-05,1.14144300976245e-05,1.14144300976245e-05,0.0,0.0,0.0,-1.0,0.09154625526624337,0.0
1735810080.0,1.14144300976245e-05,1.14144300976245e-05,1.14144300976245e-05,1.14144300976245e-05,0.0,0.0,0.0,0.0,0.09154625526624337,0.0
1735810140.0,1.14144300976245e-05,1.14144300976245e-05,1.14144300976245e-05,1.14144300976245e-05,0.0,0.0,0.0,0.0,0.09154625526624337,0.0
1735810200.0,1.14144300976245e-05,1.14144300976245e-05,1.14119499047466e-05,1.14119499047466e-05,0.00035262576,4.024584798192455e-09,-0.0002172857389013562,0.0,0.09154625526624337,0.0002172857389013562
1735810260.0,1.14119499047466e-05,1.14119499047466e-05,1.10237467582701e-05,1.10237467582701e-05,247.4195344621,0.002775514811848241,-0.03401724943736687,689639.0376741462,0.09152636357052418,0.03401724943736687
1735810320.0,1.10237467582701e-05,1.10237467582701e-05,1.03208240643217e-05,1.03208240643217e-05,181.80042726187,0.0019402260476342169,-0.06376440872256628,-0.3009491286619356,0.08841288843085053,0.06376440872256628
1735810380.0,1.03208240643217e-05,1.05423126885473e-05,1.03208240643217e-05,1.05423126885473e-05,290.122,0.00302642748050793,0.021460362355295696,0.5598324144746717,0.08277529287660314,0.021460362355295696
1735810440.0,1.05423126885473e-05,1.09255409280832e-05,1.05423126885473e-05,1.09255409280832e-05,26.5236777622,0.00028470321578679363,0.03635143927690775,-0.9059276266751941,0.08455168065580076,0.03635143927690775
1735810500.0,1.09255409280832e-05,1.09446787821424e-05,1.09255409280832e-05,1.09446787821424e-05,4.95821755844,5.421865368709058e-05,0.001751661925498585,-0.8095607963638408,0.0876252559409206,0.001751661925498585
1735810560.0,1.09446787821424e-05,1.09446787821424e-05,1.07683269995401e-05,1.07683269995401e-05,40.98216049629,0.00044492294390089244,-0.0161130158420035,7.206086164895464,0.08777874576546438,0.0161130158420035
1735810620.0,1.07683269995401e-05,1.07683269995401e-05,1.07435502206647e-05,1.07435502206647e-05,13.39501823487,0.00014407599381546392,-0.002300893989981794,-0.6761776487580798,0.08636436544435426,0.002300893989981794
1735810680.0,1.07435502206647e-05,1.08169929620844e-05,1.07435502206647e-05,1.08169929620844e-05,17.3873517555,0.00018744037417905307,0.006835984373064778,0.3009826912534181,0.08616565019495474,0.006835984373064778
1735810740.0,1.08169929620844e-05,1.08169929620844e-05,1.08169929620844e-05,1.08169929620844e-05,0.0,0.0,0.0,-1.0,0.08675467723318242,0.0
1735810800.0,1.08169929620844e-05,1.08169929620844e-05,1.08169929620844e-05,1.08169929620844e-05,0.0,0.0,0.0,0.0,0.08675467723318242,0.0
1735810860.0,1.08169929620844e-05,1.08169929620844e-05,1.06570430381627e-05,1.06570430381627e-05,67.27732357985,0.000722357834276986,-0.014786912081976567,0.0,0.08675467723318242,0.014786912081976567
1735810920.0,1.06570430381627e-05,1.06570430381627e-05,1.05139674307552e-05,1.05139674307552e-05,18.55442235479,0.0001964079349589917,-0.013425450839895096,-0.7281016061027732,0.08547184344823511,0.013425450839895096
1735810980.0,1.05139674307552e-05,1.05139674307552e-05,1.04793109212818e-05,1.04793109212818e-05,1.64519641655,1.726903315820398e-05,-0.0032962351939596034,-0.9120756849166527,0.0843243454158256,0.0032962351939596034
1735811040.0,1.04793109212818e-05,1.04793109212818e-05,1.04763127132688e-05,1.04763127132688e-05,1.15375681614,1.208884680241362e-05,-0.00028610736292877483,-0.29996968031353943,0.08404639254075837,0.00028610736292877483
1735811100.0,1.04763127132688e-05,1.07279063023116e-05,1.04763127132688e-05,1.07279063023116e-05,99.32348576966,0.0010530384728253768,0.024015471466801688,86.10826516679246,0.08402234624902485,0.024015471466801688
1735811160.0,1.07279063023116e-05,1.09353379782898e-05,1.07279063023116e-05,1.09353379782898e-05,31.2336233118,0.00033831080578590494,0.01933570914331192,-0.6787289215766324,0.08604018250794204,0.01933570914331192
1735811220.0,1.09353379782898e-05,1.10098645795233e-05,1.09353379782898e-05,1.10098645795233e-05,25.20314181184,0.00027654402607705874,0.006815207850133168,-0.18257406695999656,0.08770383045155308,0.006815207850133168
1735811280.0,1.10098645795233e-05,1.10098645795233e-05,1.10098645795233e-05,1.10098645795233e-05,0.0,0.0,0.0,-1.0,0.08830155028533325,0.0
1735811340.0,1.10098645795233e-05,1.12337073762541e-05,1.10098645795233e-05,1.12337073762541e-05,71.65080118845,0.0007968848759621943,0.020331112623048493,0.0,0.08830155028533325,0.020331112623048493
1735811400.0,1.12337073762541e-05,1.12337073762541e-05,1.12337073762541e-05,1.12337073762541e-05,0.0,0.0,0.0,-1.0,0.09009681904897414,0.0
1735811460.0,1.12337073762541e-05,1.12337073762541e-05,1.12337073762541e-05,1.12337073762541e-05,0.0,0.0,0.0,0.0,0.09009681904897414,0.0
1735811520.0,1.12337073762541e-05,1.12337073762541e-05,1.12337073762541e-05,1.12337073762541e-05,0.0,0.0,0.0,0.0,0.09009681904897414,0.0
1735811580.0,1.12337073762541e-05,1.12337073762541e-05,1.12337073762541e-05,1.12337073762541e-05,0.0,0.0,0.0,0.0,0.09009681904897414,0.0
1735811640.0,1.12337073762541e-05,1.13553411711123e-05,1.12201063332006e-05,1.13553411711123e-05,41.149952175,0.00046476913370144035,0.01082757372826988,0.0,0.09009681904897414,0.012038308759720786
1735811700.0,1.13553411711123e-05,1.24905324418657e-05,1.13553411711123e-05,1.24905324418657e-05,313.87272177386,0.003742284626990437,0.09996980748066801,7.051921600702545,0.0910723489999095,0.09996980748066801
1735811760.0,1.24905324418657e-05,1.29128839047463e-05,1.24905324418657e-05,1.2884877730457e-05,126.06567897424,0.0015994841563118489,0.03157153551513428,-0.5725915274386381,0.10017683419624265,0.03381372770507073
1735811820.0,1.2884877730457e-05,1.37180168304681e-05,1.2884877730457e-05,1.37180168304681e-05,212.64041437635,0.0028284252615227304,0.06466022553258255,0.768335904023345,0.10333957067486305,0.06466022553258255
1735811880.0,1.37180168304681e-05,1.42404870720354e-05,1.37180168304681e-05,1.42404870720354e-05,274.83612275891,0.0038420034053519582,0.03808642663324912,0.35835422544753787,0.11002153062113995,0.03808642663324912
1735811940.0,1.42404870720354e-05,1.42404870720354e-05,1.42404870720354e-05,1.42404870720354e-05,0.0,0.0,0.0,-1.0,0.11421185757521977,0.0
1735812000.0,1.42404870720354e-05,1.42404870720354e-05,1.36304884350443e-05,1.36304884350443e-05,334.06738726532,0.004655391984092921,-0.04283551776743491,0.0,0.11421185757521977,0.04283551776743491
1735812060.0,1.36304884350443e-05,1.36410127056006e-05,1.35861113960935e-05,1.36410127056006e-05,11.3040332376,0.00015413897766654815,0.0007721125039981123,-0.9668902257439914,0.1093195335208047,0.004027831414019469
1735812120.0,1.36410127056006e-05,1.36727767785859e-05,1.36410127056006e-05,1.36727767785859e-05,14.87873506135,0.0002031973186283493,0.00232857146832354,0.31827342898257716,0.10940394049956735,0.00232857146832354
1735812180.0,1.36727767785859e-05,1.36727767785859e-05,1.36262566948599e-05,1.36262566948599e-05,0.14839189365,2.0254776359696797e-06,-0.003402387421321692,-0.9900319667127384,0.10965869539393681,0.003402387421321692
1735812240.0,1.36262566948599e-05,1.36262566948599e-05,1.36262566948599e-05,1.36262566948599e-05,0.0,0.0,0.0,-1.0,0.10928559402808993,0.0
1735812300.0,1.36262566948599e-05,1.36262566948599e-05,1.31606554436608e-05,1.31606554436608e-05,196.66679731629,0.0026340481101378597,-0.03416941729673522,0.0,0.10928559402808993,0.03416941729673522
1735812360.0,1.31606554436608e-05,1.31606554436608e-05,1.29002143144951e-05,1.29665675563166e-05,1.156439626,1.5107277997256232e-05,-0.014747585192475226,-0.994264615767984,0.10555136896122254,0.019789373734508675
1735812420.0,1.29665675563166e-05,1.29665675563166e-05,1.28932194542887e-05,1.28932194542887e-05,0.60658546323,7.843085441428576e-06,-0.005656709203058785,-0.48084059597943263,0.10399474115528452,0.005656709203058785
1735812480.0,1.28932194542887e-05,1.28932194542887e-05,1.28932194542887e-05,1.28932194542887e-05,0.0,0.0,0.0,-1.0,0.1034064731459217,0.0
1735812540.0,1.28932194542887e-05,1.28932194542887e-05,1.28904702434653e-05,1.28904702434653e-05,0.2290365049,2.9527030858998567e-06,-0.00021322919641190286,0.0,0.1034064731459217,0.00021322919641190286
1735812600.0,1.28904702434653e-05,1.28904702434653e-05,1.28904702434653e-05,1.28904702434653e-05,0.0,0.0,0.0,-1.0,0.10338442386674901,0.0
1735812660.0,1.28904702434653e-05,1.28904702434653e-05,1.28904702434653e-05,1.28904702434653e-05,0.0,0.0,0.0,0.0,0.10338442386674901,0.0
1735812720.0,1.28904702434653e-05,1.34374359000925e-05,1.28904702434653e-05,1.31266449133178e-05,263.66797449754,0.0034299400278291242,0.0183216488919189,0.0,0.10338442386674901,0.04243178458943185
1735812780.0,1.31266449133178e-05,1.3365534581158e-05,1.31266449133178e-05,1.3365534581158e-05,65.621952,0.0008692342655809374,0.018198836749048628,-0.7465745002745449,0.10527859698172891,0.018198836749048628
1735812840.0,1.3365534581158e-05,1.34234612104784e-05,1.3365534581158e-05,1.34234612104784e-05,0.03078791872,4.123887125116618e-07,0.004334030110704439,-0.9995255724160436,0.10719454498136827,0.004334030110704439
1735812900.0,1.34234612104784e-05,1.34234612104784e-05,1.34234612104784e-05,1.34234612104784e-05,0.0,0.0,0.0,-1.0,0.10765912936702078,0.0
1735812960.0,1.34234612104784e-05,1.34234612104784e-05,1.34234612104784e-05,1.34234612104784e-05,0.0,0.0,0.0,0.0,0.10765912936702078,0.0
1735813020.0,1.34234612104784e-05,1.35631559538694e-05,1.34234612104784e-05,1.35631559538694e-05,49.5965699895,0.0006692218234857088,0.010406760313201051,0.0,0.10765912936702078,0.010406760313201051
1735813080.0,1.35631559538694e-05,1.37081877773687e-05,1.35631559538694e-05,1.37081877773687e-05,14.87848859858,0.00020287818838659114,0.010693073499455273,-0.6968446316800014,0.10877951212187127,0.010693073499455273
1735813140.0,1.37081877773687e-05,1.37081877773687e-05,1.37081877773687e-05,1.37081877773687e-05,0.0,0.0,0.0,-1.0,0.10994269944022533,0.0
1735813200.0,1.37081877773687e-05,1.37447968545803e-05,1.36483807254348e-05,1.36483807254348e-05,47.75021859498,0.000653141063008706,-0.004362870782426686,0.0,0.10994269944022533,0.007033470121023389
1735813260.0,1.36483807254348e-05,1.36618089636289e-05,1.35818329619049e-05,1.35818329619049e-05,10.36796895287,0.00014116100504517684,-0.004875872447336073,-0.7838736330634057,0.10946303364909646,0.00585974287594124
1735813320.0,1.35818329619049e-05,1.35818329619049e-05,1.35818329619049e-05,1.35818329619049e-05,0.0,0.0,0.0,-1.0,0.108929305859325,0.0
1735813380.0,1.35818329619049e-05,1.35818329619049e-05,1.35619158306808e-05,1.35619158306808e-05,4.96399792616,6.737075635730171e-05,-0.0014664538490469859,0.0,0.108929305859325,0.0014664538490469859
1735813440.0,1.35619158306808e-05,1.35619158306808e-05,1.35619158306808e-05,1.35619158306808e-05,0.0,0.0,0.0,-1.0,0.10876956605947358,0.0
1735813500.0,1.35619158306808e-05,1.40771584377394e-05,1.35619158306808e-05,1.40771584377394e-05,247.12631310168,0.003415171260749099,0.03799187470939601,0.0,0.10876956605947358,0.03799187470939601
1735813560.0,1.40771584377394e-05,1.40771584377394e-05,1.40771584377394e-05,1.40771584377394e-05,0.0,0.0,0.0,-1.0,0.11290192578540047,0.0
1735813620.0,1.40771584377394e-05,1.478370132455e-05,1.40771584377394e-05,1.478370132455e-05,65.0577526976,0.0009388113385275692,0.050190732024186877,0.0,0.11290192578540047,0.050190732024186877
1735813680.0,1.478370132455e-05,1.5081079878416e-05,1.478370132455e-05,1.49978726873416e-05,86.20891583382,0.001283718603694922,0.014486991998136798,0.36738719592831626,0.11856855608751014,0.020115297741585887
1735813740.0,1.49978726873416e-05,1.49978726873416e-05,1.49978726873416e-05,1.49978726873416e-05,0.0,0.0,0.0,-1.0,0.12028625781078053,0.0
1735813800.0,1.49978726873416e-05,1.50884215767582e-05,1.49978726873416e-05,1.50884215767582e-05,11.38945,0.00017133317210312572,0.006037448863866201,0.0,0.12028625781078053,0.006037448863866201
1735813860.0,1.50884215767582e-05,1.50884215767582e-05,1.50884215767582e-05,1.50884215767582e-05,0.0,0.0,0.0,-1.0,0.12101247994133894,0.0
1735813920.0,1.50884215767582e-05,1.5111377085873e-05,1.50884215767582e-05,1.5111377085873e-05,5.17775,7.818350376271934e-05,0.0015213989745726066,0.0,0.12101247994133894,0.0015213989745726066
1735813980.0,1.5111377085873e-05,1.51658670812259e-05,1.5111377085873e-05,1.51658670812259e-05,20.717,0.000313626833704894,0.003605892106540163,3.011419527279389,0.1211965882042322,0.003605892106540163
1735814040.0,1.51658670812259e-05,1.51658670812259e-05,1.44343890109634e-05,1.47583484471398e-05,378.32008697797,0.005660465910719416,-0.026870777114391033,17.048410730204324,0.12163361002497743,0.048231866094092996
1735814100.0,1.47583484471398e-05,1.48712351641772e-05,1.47052097288851e-05,1.47052097288851e-05,86.8010195304,0.0012787334443361068,-0.003600587047055273,-0.7740939589593631,0.1183652204003775,0.011249594484556032
1735814160.0,1.47052097288851e-05,1.47052097288851e-05,1.40430235469244e-05,1.40430235469244e-05,179.32277987,0.002577606553684698,-0.04503072000802423,1.015749697563389,0.11793903612098205,0.04503072000802423
1735814220.0,1.40430235469244e-05,1.40430235469244e-05,1.40430235469244e-05,1.40430235469244e-05,0.0,0.0,0.0,-1.0,0.11262815640740186,0.0
1735814280.0,1.40430235469244e-05,1.40430235469244e-05,1.40430235469244e-05,1.40430235469244e-05,0.0,0.0,0.0,0.0,0.11262815640740186,0.0
1735814340.0,1.40430235469244e-05,1.40430235469244e-05,1.40430235469244e-05,1.40430235469244e-05,0.0,0.0,0.0,0.0,0.11262815640740186,0.0
1735814400.0,1.40430235469244e-05,1.40430235469244e-05,1.40430235469244e-05,1.40430235469244e-05,0.0,0.0,0.0,0.0,0.11262815640740186,0.0
1735814460.0,1.40430235469244e-05,1.40430235469244e-05,1.40430235469244e-05,1.40430235469244e-05,0.0,0.0,0.0,0.0,0.11262815640740186,0.0
1735814520.0,1.40430235469244e-05,1.40430235469244e-05,1.40430235469244e-05,1.40430235469244e-05,0.0,0.0,0.0,0.0,0.11262815640740186,0.0
1735814580.0,1.40430235469244e-05,1.40430235469244e-05,1.39728718048312e-05,1.39728718048312e-05,6.40139746815,8.967044078634183e-05,-0.004995487037302954,0.0,0.11262815640740186,0.004995487037302954
1735814640.0,1.39728718048312e-05,1.39728718048312e-05,1.39728718048312e-05,1.39728718048312e-05,0.0,0.0,0.0,-1.0,0.11206552391203335,0.0
1735814700.0,1.39728718048312e-05,1.39728718048312e-05,1.39728718048312e-05,1.39728718048312e-05,0.0,0.0,0.0,0.0,0.11206552391203335,0.0
1735814760.0,1.39728718048312e-05,1.39728718048312e-05,1.39728718048312e-05,1.39728718048312e-05,0.0,0.0,0.0,0.0,0.11206552391203335,0.0
1735814820.0,1.39728718048312e-05,1.39728718048312e-05,1.39728718048312e-05,1.39728718048312e-05,0.0,0.0,0.0,0.0,0.11206552391203335,0.0
1735814880.0,1.39728718048312e-05,1.48653388172555e-05,1.39728718048312e-05,1.48653388172555e-05,248.5886900299,0.00358442650067544,0.06387140917701142,0.0,0.11206552391203335,0.06387140917701142
1735814940.0,1.48653388172555e-05,1.48653388172555e-05,1.48653388172555e-05,1.48653388172555e-05,0.0,0.0,0.0,-1.0,0.119223306844455,0.0
1735815000.0,1.48653388172555e-05,1.48653388172555e-05,1.48653388172555e-05,1.48653388172555e-05,0.0,0.0,0.0,0.0,0.119223306844455,0.0
1735815060.0,1.48653388172555e-05,1.50302921595219e-05,1.48653388172555e-05,1.50302921595219e-05,31.0005,0.00046338975404779385,0.011096507405194495,0.0,0.119223306844455,0.011096507405194495
1735815120.0,1.50302921595219e-05,1.50302921595219e-05,1.50302921595219e-05,1.50302921595219e-05,0.0,0.0,0.0,-1.0,0.12054626915172627,0.0
1735815180.0,1.50302921595219e-05,1.50302921595219e-05,1.50049458624587e-05,1.50049458624587e-05,4.10124111264,6.159087650183748e-05,-0.0016863475968524374,0.0,0.12054626915172627,0.0016863475968524374
1735815240.0,1.50049458624587e-05,1.50049458624587e-05,1.50049458624587e-05,1.50049458624587e-05,0.0,0.0,0.0,-1.0,0.12034298624043273,0.0
1735815300.0,1.50049458624587e-05,1.50049458624587e-05,1.50049458624587e-05,1.50049458624587e-05,0.0,0.0,0.0,0.0,0.12034298624043273,0.0
1735815360.0,1.50049458624587e-05,1.50049458624587e-05,1.50049458624587e-05,1.50049458624587e-05,0.0,0.0,0.0,0.0,0.12034298624043273,0.0
1735815420.0,1.50049458624587e-05,1.50049458624587e-05,1.50049458624587e-05,1.50049458624587e-05,0.0,0.0,0.0,0.0,0.12034298624043273,0.0
1735815480.0,1.50049458624587e-05,1.50049458624587e-05,1.50049458624587e-05,1.50049458624587e-05,0.0,0.0,0.0,0.0,0.12034298624043273,0.0
1735815540.0,1.50049458624587e-05,1.51275852856887e-05,1.50049458624587e-05,1.51275852856887e-05,20.685,0.00031164570339971444,0.008173266625162231,0.0,0.12034298624043273,0.008173266625162231
1735815600.0,1.51275852856887e-05,1.51275852856887e-05,1.51275852856887e-05,1.51275852856887e-05,0.0,0.0,0.0,-1.0,0.12132658155344402,0.0
1735815660.0,1.51275852856887e-05,1.51275852856887e-05,1.51275852856887e-05,1.51275852856887e-05,0.0,0.0,0.0,0.0,0.12132658155344402,0.0
1735815720.0,1.51275852856887e-05,1.51275852856887e-05,1.51275852856887e-05,1.51275852856887e-05,0.0,0.0,0.0,0.0,0.12132658155344402,0.0
1735815780.0,1.51275852856887e-05,1.51275852856887e-05,1.51275852856887e-05,1.51275852856887e-05,0.0,0.0,0.0,0.0,0.12132658155344402,0.0
1735815840.0,1.51275852856887e-05,1.51703837129259e-05,1.51275852856887e-05,1.51703837129259e-05,2.48184,3.7597355689760834e-05,0.002829164498427181,0.0,0.12132658155344402,0.002829164498427181
1735815900.0,1.51703837129259e-05,1.51703837129259e-05,1.51703837129259e-05,1.51703837129259e-05,0.0,0.0,0.0,-1.0,0.12166983441069054,0.0
1735815960.0,1.51703837129259e-05,1.51830825856716e-05,1.51703837129259e-05,1.51830825856716e-05,1.0345,1.5700330442949556e-05,0.0008370831605847807,0.0,0.12166983441069054,0.0008370831605847807
1735816020.0,1.51830825856716e-05,1.52113702396104e-05,1.47437817788974e-05,1.47437817788974e-05,205.11478346686,0.003069221151990329,-0.02893357157846013,194.48767862835678,0.12177168218022687,0.030796675054265234
1735816080.0,1.47437817788974e-05,1.47437817788974e-05,1.47437817788974e-05,1.47437817788974e-05,0.0,0.0,0.0,-1.0,0.11824839249763577,0.0
1735816140.0,1.47437817788974e-05,1.47437817788974e-05,1.47437817788974e-05,1.47437817788974e-05,0.0,0.0,0.0,0.0,0.11824839249763577,0.0
1735816200.0,1.47437817788974e-05,1.47437817788974e-05,1.44410510020364e-05,1.44410510020364e-05,2.78696579718,4.066856537844008e-05,-0.020532776556303495,0.0,0.11824839249763577,0.020532776556303495
1735816260.0,1.44410510020364e-05,1.56814110728622e-05,1.44410510020364e-05,1.56814110728622e-05,387.81966023775,0.005841041503705843,0.08589126031414825,142.6254623036788,0.11582042467633975,0.08589126031414825
1735816320.0,1.56814110728622e-05,1.61355950308576e-05,1.56814110728622e-05,1.61355950308576e-05,62.145,0.0009886339221578336,0.028963207193860217,-0.8307435546330914,0.12576838692191045,0.028963207193860217
1735816380.0,1.61355950308576e-05,1.61355950308576e-05,1.61355950308576e-05,1.61355950308576e-05,0.0,0.0,0.0,-1.0,0.12941104277076731,0.0
1735816440.0,1.61355950308576e-05,1.68201559150348e-05,1.61355950308576e-05,1.68201559150348e-05,280.4375866979,0.00462101563154155,0.04242551222115143,0.0,0.12941104277076731,0.04242551222115143
1735816500.0,1.68201559150348e-05,1.68201559150348e-05,1.68201559150348e-05,1.68201559150348e-05,0.0,0.0,0.0,-1.0,0.13490137254739046,0.0
1735816560.0,1.68201559150348e-05,1.68201559150348e-05,1.68201559150348e-05,1.68201559150348e-05,0.0,0.0,0.0,0.0,0.13490137254739046,0.0
1735816620.0,1.68201559150348e-05,1.68201559150348e-05,1.68201559150348e-05,1.68201559150348e-05,0.0,0.0,0.0,0.0,0.13490137254739046,0.0
1735816680.0,1.68201559150348e-05,1.68201559150348e-05,1.68201559150348e-05,1.68201559150348e-05,0.0,0.0,0.0,0.0,0.13490137254739046,0.0
1735816740.0,1.68201559150348e-05,1.68201559150348e-05,1.65411621697237e-05,1.65411621697237e-05,6.151266,0.00010260717082498005,-0.016586870342962728,0.0,0.13490137254739046,0.016586870342962728
1735816800.0,1.65411621697237e-05,1.65411621697237e-05,1.65411621697237e-05,1.65411621697237e-05,0.0,0.0,0.0,-1.0,0.13266378097185919,0.0
1735816860.0,1.65411621697237e-05,1.75340916734716e-05,1.65411621697237e-05,1.74636495586382e-05,242.77595640683,0.004127775344893626,0.05576920046180207,0.0,0.13266378097185919,0.060027795723163836
1735816920.0,1.74636495586382e-05,1.75531818987466e-05,1.74636495586382e-05,1.75531818987466e-05,1.45750486057,2.5518601025449413e-05,0.005126782910283214,-0.9938178319086531,0.1400623339668994,0.005126782910283214
1735816980.0,1.75531818987466e-05,1.75531818987466e-05,1.73123818415354e-05,1.73123818415354e-05,35.880226486,0.0006254921617816937,-0.013718313784943717,23.51122462230188,0.14078040314705528,0.013718313784943717
1735817040.0,1.73123818415354e-05,1.73123818415354e-05,1.73123818415354e-05,1.73123818415354e-05,0.0,0.0,0.0,-1.0,0.1388491334019131,0.0
1735817100.0,1.73123818415354e-05,1.73928801932874e-05,1.73123818415354e-05,1.73928801932874e-05,2.05842721698,3.571912797245097e-05,0.004649756023684093,0.0,0.1388491334019131,0.004649756023684093
1735817160.0,1.73928801932874e-05,1.73928801932874e-05,1.73928801932874e-05,1.73928801932874e-05,0.0,0.0,0.0,-1.0,0.13949474799633196,0.0
1735817220.0,1.73928801932874e-05,1.73928801932874e-05,1.73928801932874e-05,1.73928801932874e-05,0.0,0.0,0.0,0.0,0.13949474799633196,0.0
1735817280.0,1.73928801932874e-05,1.73928801932874e-05,1.73928801932874e-05,1.73928801932874e-05,0.0,0.0,0.0,0.0,0.13949474799633196,0.0
1735817340.0,1.73928801932874e-05,1.73928801932874e-05,1.73928801932874e-05,1.73928801932874e-05,0.0,0.0,0.0,0.0,0.13949474799633196,0.0
1735817400.0,1.73928801932874e-05,1.74725689068622e-05,1.73928801932874e-05,1.74725689068622e-05,9.96423884909,0.0001737038312073403,0.004581685878889462,0.0,0.13949474799633196,0.004581685878889462
1735817460.0,1.74725689068622e-05,1.74725689068622e-05,1.74725689068622e-05,1.74725689068622e-05,0.0,0.0,0.0,-1.0,0.140133869113406,0.0
1735817520.0,1.74725689068622e-05,1.94501982785867e-05,1.74725689068622e-05,1.92339074557572e-05,756.86213614148,0.01389087105501943,0.10080592947057992,0.0,0.140133869113406,0.11318480884329515
1735817580.0,1.92339074557572e-05,1.92339074557572e-05,1.92339074557572e-05,1.92339074557572e-05,0.0,0.0,0.0,-1.0,0.1542601940396915,0.0
1735817640.0,1.92339074557572e-05,1.92339074557572e-05,1.92339074557572e-05,1.92339074557572e-05,0.0,0.0,0.0,0.0,0.1542601940396915,0.0
1735817700.0,1.92339074557572e-05,1.92339074557572e-05,1.92339074557572e-05,1.92339074557572e-05,0.0,0.0,0.0,0.0,0.1542601940396915,0.0
1735817760.0,1.92339074557572e-05,1.92339074557572e-05,1.92339074557572e-05,1.92339074557572e-05,0.0,0.0,0.0,0.0,0.1542601940396915,0.0
1735817820.0,1.92339074557572e-05,1.92339074557572e-05,1.92339074557572e-05,1.92339074557572e-05,0.0,0.0,0.0,0.0,0.1542601940396915,0.0
1735817880.0,1.92339074557572e-05,1.92339074557572e-05,1.92339074557572e-05,1.92339074557572e-05,0.0,0.0,0.0,0.0,0.1542601940396915,0.0
1735817940.0,1.92339074557572e-05,1.92339074557572e-05,1.92339074557572e-05,1.92339074557572e-05,0.0,0.0,0.0,0.0,0.1542601940396915,0.0
1735818000.0,1.92339074557572e-05,1.92339074557572e-05,1.85576530867788e-05,1.85576530867788e-05,253.74291840616,0.004794670431593084,-0.03515948959065917,0.0,0.1542601940396915,0.03515948959065917
1735818060.0,1.85576530867788e-05,1.85576530867788e-05,1.55713680582521e-05,1.55713680582521e-05,779.21549907368,0.013296931122210715,-0.16091932608947457,1.7732732232427197,0.14883648435309987,0.16091932608947457
1735818120.0,1.55713680582521e-05,1.55713680582521e-05,1.50079093871986e-05,1.50079093871986e-05,9.27317183436,0.0001417834471611167,-0.03618555986510722,-0.9893371300597108,0.12488581759347242,0.03618555986510722
1735818180.0,1.50079093871986e-05,1.50079093871986e-05,1.50079093871986e-05,1.50079093871986e-05,0.0,0.0,0.0,-1.0,0.12036675436464096,0.0
1735818240.0,1.50079093871986e-05,1.54902771970453e-05,1.50079093871986e-05,1.54902771970453e-05,216.90635788764,0.003307625287083014,0.03214090633157388,0.0,0.12036675436464096,0.03214090633157388
1735818300.0,1.54902771970453e-05,1.5788594941653e-05,1.54902771970453e-05,1.5788594941653e-05,28.55555268511,0.0004465927406437093,0.0192583864583523,-0.8649808542739864,0.12423545094211046,0.0192583864583523
1735818360.0,1.5788594941653e-05,1.5788594941653e-05,1.5788594941653e-05,1.5788594941653e-05,0.0,0.0,0.0,-1.0,0.1266280252681813,0.0
1735818420.0,1.5788594941653e-05,1.5788594941653e-05,1.5788594941653e-05,1.5788594941653e-05,0.0,0.0,0.0,0.0,0.1266280252681813,0.0
1735818480.0,1.5788594941653e-05,1.5788594941653e-05,1.5788594941653e-05,1.5788594941653e-05,0.0,0.0,0.0,0.0,0.1266280252681813,0.0
1735818540.0,1.5788594941653e-05,1.59978705201689e-05,1.5788594941653e-05,1.59978705201689e-05,80.37262777008,0.0012773808783447579,0.013254857654482935,0.0,0.1266280252681813,0.013254857654482935
1735818600.0,1.59978705201689e-05,1.59978705201689e-05,1.59978705201689e-05,1.59978705201689e-05,0.0,0.0,0.0,-1.0,0.1283064617181793,0.0
1735818660.0,1.59978705201689e-05,1.59978705201689e-05,1.59978705201689e-05,1.59978705201689e-05,0.0,0.0,0.0,0.0,0.1283064617181793,0.0
1735818720.0,1.59978705201689e-05,1.59978705201689e-05,1.59978705201689e-05,1.59978705201689e-05,0.0,0.0,0.0,0.0,0.1283064617181793,0.0
1735818780.0,1.59978705201689e-05,1.59978705201689e-05,1.59978705201689e-05,1.59978705201689e-05,0.0,0.0,0.0,0.0,0.1283064617181793,0.0
1735818840.0,1.59978705201689e-05,1.59978705201689e-05,1.59978705201689e-05,1.59978705201689e-05,0.0,0.0,0.0,0.0,0.1283064617181793,0.0
1735818900.0,1.59978705201689e-05,1.59978705201689e-05,1.59978705201689e-05,1.59978705201689e-05,0.0,0.0,0.0,0.0,0.1283064617181793,0.0
1735818960.0,1.59978705201689e-05,1.59978705201689e-05,1.59978705201689e-05,1.59978705201689e-05,0.0,0.0,0.0,0.0,0.1283064617181793,0.0
1735819020.0,1.59978705201689e-05,1.6060100105291e-05,1.59978705201689e-05,1.6060100105291e-05,6.12845478618,9.823291175740878e-05,0.003889866782184888,0.0,0.1283064617181793,0.003889866782184888
1735819080.0,1.6060100105291e-05,1.6060100105291e-05,1.6060100105291e-05,1.6060100105291e-05,0.0,0.0,0.0,-1.0,0.12880555676155653,0.0
1735819140.0,1.6060100105291e-05,1.61401811291681e-05,1.6060100105291e-05,1.61401811291681e-05,4.72996614574,7.615312006114927e-05,0.004986334042259051,0.0,0.12880555676155653,0.004986334042259051
1735819200.0,1.61401811291681e-05,1.61401811291681e-05,1.61401811291681e-05,1.61401811291681e-05,0.0,0.0,0.0,-1.0,0.12944782429406881,0.0
1735819260.0,1.61401811291681e-05,1.61401811291681e-05,1.59925091154314e-05,1.59925091154314e-05,30.97719698872,0.0004976903377422401,-0.009149340552927812,0.0,0.12944782429406881,0.009149340552927812
1735819320.0,1.59925091154314e-05,1.59925091154314e-05,1.59925091154314e-05,1.59925091154314e-05,0.0,0.0,0.0,-1.0,0.1282634620657668,0.0
1735819380.0,1.59925091154314e-05,1.59925091154314e-05,1.59534657448304e-05,1.59534657448304e-05,0.4939656326,7.890106840436459e-06,-0.002441353656214517,0.0,0.1282634620657668,0.002441353656214517
1735819440.0,1.59534657448304e-05,1.60522011985908e-05,1.59353286780969e-05,1.59353286780969e-05,38.72546195348,0.0006174541475837082,-0.0011368731424001063,77.25675368795797,0.12795032559369382,0.007325838934513006
1735819500.0,1.59353286780969e-05,1.59353286780969e-05,1.58789087138808e-05,1.58789087138808e-05,0.036419709,5.793326339363734e-07,-0.0035405585511172626,-0.9990617398292595,0.127804862304965,0.0035405585511172626
1735819560.0,1.58789087138808e-05,1.58789087138808e-05,1.58789087138808e-05,1.58789087138808e-05,0.0,0.0,0.0,-1.0,0.1273523617068568,0.0
1735819620.0,1.58789087138808e-05,1.58789087138808e-05,1.57305037192512e-05,1.57305037192512e-05,79.02938822197,0.001249036263323177,-0.009346044952060902,0.0,0.1273523617068568,0.009346044952060902
1735819680.0,1.57305037192512e-05,1.57305037192512e-05,1.4832146613e-05,1.4832146613e-05,195.12246399018,0.002981729819449573,-0.05710923962032943,1.3872243801123947,0.12616212080959338,0.05710923962032943
1735819740.0,1.4832146613e-05,1.4832146613e-05,1.48074538538827e-05,1.48074538538827e-05,7.59936429838,0.00011262106080313777,-0.0016648135810400876,-0.9622296225269908,0.11895709802126936,0.0016648135810400876
1735819800.0,1.48074538538827e-05,1.48074538538827e-05,1.48074538538827e-05,1.48074538538827e-05,0.0,0.0,0.0,-1.0,0.11875905662892243,0.0
1735819860.0,1.48074538538827e-05,1.48074538538827e-05,1.48074538538827e-05,1.48074538538827e-05,0.0,0.0,0.0,0.0,0.11875905662892243,0.0
1735819920.0,1.48074538538827e-05,1.48074538538827e-05,1.48074538538827e-05,1.48074538538827e-05,0.0,0.0,0.0,0.0,0.11875905662892243,0.0
1735819980.0,1.48074538538827e-05,1.48074538538827e-05,1.48074538538827e-05,1.48074538538827e-05,0.0,0.0,0.0,0.0,0.11875905662892243,0.0
1735820040.0,1.48074538538827e-05,1.48074538538827e-05,1.48074538538827e-05,1.48074538538827e-05,0.0,0.0,0.0,0.0,0.11875905662892243,0.0
1735820100.0,1.48074538538827e-05,1.48074538538827e-05,1.48074538538827e-05,1.48074538538827e-05,0.0,0.0,0.0,0.0,0.11875905662892243,0.0
1735820160.0,1.48074538538827e-05,1.48074538538827e-05,1.48016851822334e-05,1.48016851822334e-05,8.44108999146,0.0001249667035867536,-0.00038957890439658325,0.0,0.11875905662892243,0.00038957890439658325
1735820220.0,1.48016851822334e-05,1.48016851822334e-05,1.48016851822334e-05,1.48016851822334e-05,0.0,0.0,0.0,-1.0,0.11871279060575377,0.0
1735820280.0,1.48016851822334e-05,1.48016851822334e-05,1.46548351866404e-05,1.46548351866404e-05,35.16371930341,0.0005179004069531287,-0.00992116733905857,0.0,0.11871279060575377,0.00992116733905857
1735820340.0,1.46548351866404e-05,1.46548351866404e-05,1.46525811018395e-05,1.46525811018395e-05,0.7372777472,1.0803852928711523e-05,-0.00015381167868431598,-0.9791391302581285,0.11753502114486747,0.00015381167868431598
1735820400.0,1.46525811018395e-05,1.46525811018395e-05,1.46237039946185e-05,1.46237039946185e-05,14.50936494848,0.00021239015240012756,-0.001970786376836755,18.658741543555738,0.11751694288596097,0.001970786376836755
1735820460.0,1.46237039946185e-05,1.46237039946185e-05,1.46237039946185e-05,1.46237039946185e-05,0.0,0.0,0.0,-1.0,0.11728534209587382,0.0
1735820520.0,1.46237039946185e-05,1.46237039946185e-05,1.43605020551715e-05,1.43605020551715e-05,76.79383330005,0.0011129041438609371,-0.017998308742016147,0.0,0.11728534209587382,0.017998308742016147
1735820580.0,1.43605020551715e-05,1.43605020551715e-05,1.43605020551715e-05,1.43605020551715e-05,0.0,0.0,0.0,-1.0,0.11517440429791931,0.0
1735820640.0,1.43605020551715e-05,1.43605020551715e-05,1.43605020551715e-05,1.43605020551715e-05,0.0,0.0,0.0,0.0,0.11517440429791931,0.0
1735820700.0,1.43605020551715e-05,1.43605020551715e-05,1.43605020551715e-05,1.43605020551715e-05,0.0,0.0,0.0,0.0,0.11517440429791931,0.0
1735820760.0,1.43605020551715e-05,1.43605020551715e-05,1.42618496584578e-05,1.43260797554377e-05,5.87821602312,8.431296242383288e-05,-0.0023970122772556065,0.0,0.11517440429791931,0.006869703881848262
1735820820.0,1.43260797554377e-05,1.43260797554377e-05,1.43260797554377e-05,1.43260797554377e-05,0.0,0.0,0.0,-1.0,0.11489832983679159,0.0
1735820880.0,1.43260797554377e-05,1.43260797554377e-05,1.43260797554377e-05,1.43260797554377e-05,0.0,0.0,0.0,0.0,0.11489832983679159,0.0
1735820940.0,1.43260797554377e-05,1.43260797554377e-05,1.43260797554377e-05,1.43260797554377e-05,0.0,0.0,0.0,0.0,0.11489832983679159,0.0
1735821000.0,1.43260797554377e-05,1.43260797554377e-05,1.43260797554377e-05,1.43260797554377e-05,0.0,0.0,0.0,0.0,0.11489832983679159,0.0
1735821060.0,1.43260797554377e-05,1.43260797554377e-05,1.43260797554377e-05,1.43260797554377e-05,0.0,0.0,0.0,0.0,0.11489832983679159,0.0
1735821120.0,1.43260797554377e-05,1.43260797554377e-05,1.43260797554377e-05,1.43260797554377e-05,0.0,0.0,0.0,0.0,0.11489832983679159,0.0
1735821180.0,1.43260797554377e-05,1.43260797554377e-05,1.43260797554377e-05,1.43260797554377e-05,0.0,0.0,0.0,0.0,0.11489832983679159,0.0
1735821240.0,1.43260797554377e-05,1.43260797554377e-05,1.42282646580244e-05,1.42282646580244e-05,1.50792615242,2.1528921353133715e-05,-0.0068277644047160385,0.0,0.11489832983679159,0.0068277644047160385
1735821300.0,1.42282646580244e-05,1.42282646580244e-05,1.42282646580244e-05,1.42282646580244e-05,0.0,0.0,0.0,-1.0,0.11411383111017062,0.0
1735821360.0,1.42282646580244e-05,1.42282646580244e-05,1.42282646580244e-05,1.42282646580244e-05,0.0,0.0,0.0,0.0,0.11411383111017062,0.0
1735821420.0,1.42282646580244e-05,1.42282646580244e-05,1.42282646580244e-05,1.42282646580244e-05,0.0,0.0,0.0,0.0,0.11411383111017062,0.0
1735821480.0,1.42282646580244e-05,1.42282646580244e-05,1.42119779129976e-05,1.42119779129976e-05,6.83123252358,9.714095501483498e-05,-0.0011446754343027894,0.0,0.11411383111017062,0.0011446754343027894
1735821540.0,1.42119779129976e-05,1.42119779129976e-05,1.42119779129976e-05,1.42119779129976e-05,0.0,0.0,0.0,-1.0,0.11398320781098463,0.0
1735821600.0,1.42119779129976e-05,1.42119779129976e-05,1.42119779129976e-05,1.42119779129976e-05,0.0,0.0,0.0,0.0,0.11398320781098463,0.0
1735821660.0,1.42119779129976e-05,1.42119779129976e-05,1.42119779129976e-05,1.42119779129976e-05,0.0,0.0,0.0,0.0,0.11398320781098463,0.0
1735821720.0,1.42119779129976e-05,1.42119779129976e-05,1.41981980852975e-05,1.41981980852975e-05,1.9866720158,2.8220850809882854e-05,-0.0009695925355680328,0.0,0.11398320781098463,0.0009695925355680328
1735821780.0,1.41981980852975e-05,1.41981980852975e-05,1.41981980852975e-05,1.41981980852975e-05,0.0,0.0,0.0,-1.0,0.113872690543511,0.0
1735821840.0,1.41981980852975e-05,1.41981980852975e-05,1.41981980852975e-05,1.41981980852975e-05,0.0,0.0,0.0,0.0,0.113872690543511,0.0
1735821900.0,1.41981980852975e-05,1.41981980852975e-05,1.41981980852975e-05,1.41981980852975e-05,0.0,0.0,0.0,0.0,0.113872690543511,0.0
1735821960.0,1.41981980852975e-05,1.41981980852975e-05,1.41658516400809e-05,1.41658516400809e-05,10.86459516558,0.00015408195876130844,-0.0022782077713154607,0.0,0.113872690543511,0.0022782077713154607
1735822020.0,1.41658516400809e-05,1.41658516400809e-05,1.41658516400809e-05,1.41658516400809e-05,0.0,0.0,0.0,-1.0,0.11361326489497417,0.0
1735822080.0,1.41658516400809e-05,1.41658516400809e-05,1.41658516400809e-05,1.41658516400809e-05,0.0,0.0,0.0,0.0,0.11361326489497417,0.0
1735822140.0,1.41658516400809e-05,1.41658516400809e-05,1.41658516400809e-05,1.41658516400809e-05,0.0,0.0,0.0,0.0,0.11361326489497417,0.0
1735822200.0,1.41658516400809e-05,1.427816882271e-05,1.41658516400809e-05,1.427816882271e-05,14.95583647191,0.00021270205932258127,0.007928727864924873,0.0,0.11361326489497417,0.007928727864924873
1735822260.0,1.427816882271e-05,1.427816882271e-05,1.4116132164616e-05,1.4116132164616e-05,60.57904677006,0.0008600498437571913,-0.011348560176447519,3.0434485989289386,0.11451407355417205,0.011348560176447519
1735822320.0,1.4116132164616e-05,1.4116132164616e-05,1.4116132164616e-05,1.4116132164616e-05,0.0,0.0,0.0,-1.0,0.11321450369939239,0.0
1735822380.0,1.4116132164616e-05,1.4116132164616e-05,1.40772762211817e-05,1.40772762211817e-05,5.49820071966,7.750650913823058e-05,-0.002752591360096319,0.0,0.11321450369939239,0.002752591360096319
1735822440.0,1.40772762211817e-05,1.40772762211817e-05,1.40150046229533e-05,1.40150046229533e-05,0.80868813116,1.13589470479327e-05,-0.004423554475311169,-0.8534452502863423,0.11290287043467184,0.004423554475311169
1735822500.0,1.40150046229533e-05,1.40150046229533e-05,1.40150046229533e-05,1.40150046229533e-05,0.0,0.0,0.0,-1.0,0.11240343843688508,0.0
1735822560.0,1.40150046229533e-05,1.40150046229533e-05,1.40150046229533e-05,1.40150046229533e-05,0.0,0.0,0.0,0.0,0.11240343843688508,0.0
1735822620.0,1.40150046229533e-05,1.40150046229533e-05,1.40150046229533e-05,1.40150046229533e-05,0.0,0.0,0.0,0.0,0.11240343843688508,0.0
1735822680.0,1.40150046229533e-05,1.40150046229533e-05,1.40150046229533e-05,1.40150046229533e-05,0.0,0.0,0.0,0.0,0.11240343843688508,0.0
1735822740.0,1.40150046229533e-05,1.40888742909717e-05,1.40002389721254e-05,1.40002389721254e-05,18.17645246624,0.0002546088717680413,-0.0010535601824716808,0.0,0.11240343843688508,0.00632431606202514
1735822800.0,1.40002389721254e-05,1.40454170359938e-05,1.40002389721254e-05,1.40454170359938e-05,1.66568,2.3357544149801993e-05,0.003226949479816074,-0.9082610751636273,0.11228501464977507,0.003226949479816074
1735822860.0,1.40454170359938e-05,1.40454170359938e-05,1.40454170359938e-05,1.40454170359938e-05,0.0,0.0,0.0,-1.0,0.1126473527193903,0.0
1735822920.0,1.40454170359938e-05,1.40520780890264e-05,1.40454170359938e-05,1.40520780890264e-05,0.82587984,1.1602577389126231e-05,0.0004742509969999482,0.0,0.1126473527193903,0.0004742509969999482
1735822980.0,1.40520780890264e-05,1.40520780890264e-05,1.40520780890264e-05,1.40520780890264e-05,0.0,0.0,0.0,-1.0,0.11270077583872687,0.0
1735823040.0,1.40520780890264e-05,1.40520780890264e-05,1.39811041891243e-05,1.39811041891243e-05,0.89548020474,1.2551579902976064e-05,-0.005050776081121096,0.0,0.11270077583872687,0.005050776081121096
1735823100.0,1.39811041891243e-05,1.39811041891243e-05,1.39811041891243e-05,1.39811041891243e-05,0.0,0.0,0.0,-1.0,0.11213154945579684,0.0
1735823160.0,1.39811041891243e-05,1.39811041891243e-05,1.39811041891243e-05,1.39811041891243e-05,0.0,0.0,0.0,0.0,0.11213154945579684,0.0
1735823220.0,1.39811041891243e-05,1.39811041891243e-05,1.39811041891243e-05,1.39811041891243e-05,0.0,0.0,0.0,0.0,0.11213154945579684,0.0
1735823280.0,1.39811041891243e-05,1.39811041891243e-05,1.39811041891243e-05,1.39811041891243e-05,0.0,0.0,0.0,0.0,0.11213154945579684,0.0
1735823340.0,1.39811041891243e-05,1.39811041891243e-05,1.39811041891243e-05,1.39811041891243e-05,0.0,0.0,0.0,0.0,0.11213154945579684,0.0
1735823400.0,1.39811041891243e-05,1.40587388779117e-05,1.39309238656484e-05,1.39309238656484e-05,43.43721176845,0.0006062103367510396,-0.0035891531024376403,0.0,0.11213154945579684,0.009141982674209988
1735823460.0,1.39309238656484e-05,1.39309238656484e-05,1.38601314108099e-05,1.38601314108099e-05,1.19450317974,1.6598251948029774e-05,-0.005081676959922571,-0.9726196487559294,0.11172909215718643,0.005081676959922571
1735823520.0,1.38601314108099e-05,1.38601314108099e-05,1.38601314108099e-05,1.38601314108099e-05,0.0,0.0,0.0,-1.0,0.11116132100381819,0.0
1735823580.0,1.38601314108099e-05,1.38601314108099e-05,1.38601314108099e-05,1.38601314108099e-05,0.0,0.0,0.0,0.0,0.11116132100381819,0.0
1735823640.0,1.38601314108099e-05,1.38601314108099e-05,1.38601314108099e-05,1.38601314108099e-05,0.0,0.0,0.0,0.0,0.11116132100381819,0.0
1735823700.0,1.38601314108099e-05,1.38601314108099e-05,1.35252649883025e-05,1.35252649883025e-05,179.52586748888,0.0024581935225387523,-0.024160407472488158,0.0,0.11116132100381819,0.024160407472488158
1735823760.0,1.35252649883025e-05,1.35252649883025e-05,1.35252649883025e-05,1.35252649883025e-05,0.0,0.0,0.0,-1.0,0.10847561819318588,0.0
1735823820.0,1.35252649883025e-05,1.35252649883025e-05,1.31786826629372e-05,1.31808323027049e-05,0.91605268782,1.2232096102304877e-05,-0.02546587337811775,0.0,0.10847561819318588,0.025624808509485567
1735823880.0,1.31808323027049e-05,1.31808323027049e-05,1.31778762731765e-05,1.31778762731765e-05,1.18026287856,1.555510262944697e-05,-0.00022426728908409992,0.27166288584962506,0.10571319183566517,0.00022426728908409992
1735823940.0,1.31778762731765e-05,1.31778762731765e-05,1.31778762731765e-05,1.31778762731765e-05,0.0,0.0,0.0,-1.0,0.10568948382471176,0.0
1735824000.0,1.31778762731765e-05,1.31778762731765e-05,1.30462337847e-05,1.30462337847e-05,65.2311689235,0.0008553146765268986,-0.009989658860620613,0.0,0.10568948382471176,0.009989658860620613
1735824060.0,1.30462337847e-05,1.30462337847e-05,1.30462337847e-05,1.30462337847e-05,0.0,0.0,0.0,-1.0,0.1046336819361478,0.0
1735824120.0,1.30462337847e-05,1.30462337847e-05,1.30462337847e-05,1.30462337847e-05,0.0,0.0,0.0,0.0,0.1046336819361478,0.0
1735824180.0,1.30462337847e-05,1.30462337847e-05,1.27469762155789e-05,1.27469762155789e-05,109.96013169765,0.0014181123842679055,-0.022938234440659407,0.0,0.1046336819361478,0.022938234440659407
1735824240.0,1.27469762155789e-05,1.27469762155789e-05,1.27469762155789e-05,1.27469762155789e-05,0.0,0.0,0.0,-1.0,0.10223357000950706,0.0
1735824300.0,1.27469762155789e-05,1.27469762155789e-05,1.26320685456793e-05,1.26320685456793e-05,5.1995,6.597917161808099e-05,-0.00901450414249333,0.0,0.10223357000950706,0.00901450414249333
1735824360.0,1.26320685456793e-05,1.26504276585368e-05,1.26320685456793e-05,1.26504276585368e-05,5.1995,6.57281695069108e-05,0.0014533734353254257,-0.003804262845600854,0.10131198506915448,0.0014533734353254257
1735824420.0,1.26504276585368e-05,1.26504276585368e-05,1.26504276585368e-05,1.26504276585368e-05,0.0,0.0,0.0,-1.0,0.10145922921693407,0.0
1735824480.0,1.26504276585368e-05,1.26504276585368e-05,1.26504276585368e-05,1.26504276585368e-05,0.0,0.0,0.0,0.0,0.10145922921693407,0.0
1735824540.0,1.26504276585368e-05,1.26504276585368e-05,1.26504276585368e-05,1.26504276585368e-05,0.0,0.0,0.0,0.0,0.10145922921693407,0.0
1735824600.0,1.26504276585368e-05,1.26504276585368e-05,1.26504276585368e-05,1.26504276585368e-05,0.0,0.0,0.0,0.0,0.10145922921693407,0.0
1735824660.0,1.26504276585368e-05,1.26504276585368e-05,1.26504276585368e-05,1.26504276585368e-05,0.0,0.0,0.0,0.0,0.10145922921693407,0.0
1735824720.0,1.26504276585368e-05,1.26504276585368e-05,1.26504276585368e-05,1.26504276585368e-05,0.0,0.0,0.0,0.0,0.10145922921693407,0.0
1735824780.0,1.26504276585368e-05,1.26504276585368e-05,1.26504276585368e-05,1.26504276585368e-05,0.0,0.0,0.0,0.0,0.10145922921693407,0.0
1735824840.0,1.26504276585368e-05,1.27344876206553e-05,1.26504276585368e-05,1.27344876206553e-05,21.30657176748,0.0002704327596037531,0.006644831652135831,0.0,0.10145922921693407,0.006644831652135831
1735824900.0,1.27344876206553e-05,1.2741676250362e-05,1.27344876206553e-05,1.2741676250362e-05,0.9918813171,1.2634665487520037e-05,0.0005645008987279414,-0.9532798263567152,0.10213340871463605,0.0005645008987279414
1735824960.0,1.2741676250362e-05,1.2741676250362e-05,1.2741676250362e-05,1.2741676250362e-05,0.0,0.0,0.0,-1.0,0.10219106311564562,0.0
1735825020.0,1.2741676250362e-05,1.2741676250362e-05,1.2741676250362e-05,1.2741676250362e-05,0.0,0.0,0.0,0.0,0.10219106311564562,0.0
1735825080.0,1.2741676250362e-05,1.2741676250362e-05,1.26751896007742e-05,1.26751896007742e-05,0.537741152,6.83384736150972e-06,-0.005218045748565584,0.0,0.10219106311564562,0.005218045748565584
1735825140.0,1.26751896007742e-05,1.26751896007742e-05,1.26751896007742e-05,1.26751896007742e-05,0.0,0.0,0.0,-1.0,0.10165782547321363,0.0
1735825200.0,1.26751896007742e-05,1.26751896007742e-05,1.26751896007742e-05,1.26751896007742e-05,0.0,0.0,0.0,0.0,0.10165782547321363,0.0
1735825260.0,1.26751896007742e-05,1.26751896007742e-05,1.26751896007742e-05,1.26751896007742e-05,0.0,0.0,0.0,0.0,0.10165782547321363,0.0
1735825320.0,1.26751896007742e-05,1.26751896007742e-05,1.26751896007742e-05,1.26751896007742e-05,0.0,0.0,0.0,0.0,0.10165782547321363,0.0
1735825380.0,1.26751896007742e-05,1.26751896007742e-05,1.26751896007742e-05,1.26751896007742e-05,0.0,0.0,0.0,0.0,0.10165782547321363,0.0
1735825440.0,1.26751896007742e-05,1.26751896007742e-05,1.26751896007742e-05,1.26751896007742e-05,0.0,0.0,0.0,0.0,0.10165782547321363,0.0
1735825500.0,1.26751896007742e-05,1.26751896007742e-05,1.26751896007742e-05,1.26751896007742e-05,0.0,0.0,0.0,0.0,0.10165782547321363,0.0
1735825560.0,1.26751896007742e-05,1.26751896007742e-05,1.26751896007742e-05,1.26751896007742e-05,0.0,0.0,0.0,0.0,0.10165782547321363,0.0
1735825620.0,1.26751896007742e-05,1.26751896007742e-05,1.26751896007742e-05,1.26751896007742e-05,0.0,0.0,0.0,0.0,0.10165782547321363,0.0
1735825680.0,1.26751896007742e-05,1.26751896007742e-05,1.26751896007742e-05,1.26751896007742e-05,0.0,0.0,0.0,0.0,0.10165782547321363,0.0
1735825740.0,1.26751896007742e-05,1.26751896007742e-05,1.26751896007742e-05,1.26751896007742e-05,0.0,0.0,0.0,0.0,0.10165782547321363,0.0
1735825800.0,1.26751896007742e-05,1.26751896007742e-05,1.26751896007742e-05,1.26751896007742e-05,0.0,0.0,0.0,0.0,0.10165782547321363,0.0
1735825860.0,1.26751896007742e-05,1.26751896007742e-05,1.26751896007742e-05,1.26751896007742e-05,0.0,0.0,0.0,0.0,0.10165782547321363,0.0
1735825920.0,1.26751896007742e-05,1.26751896007742e-05,1.26751896007742e-05,1.26751896007742e-05,0.0,0.0,0.0,0.0,0.10165782547321363,0.0
1735825980.0,1.26751896007742e-05,1.26751896007742e-05,1.26751896007742e-05,1.26751896007742e-05,0.0,0.0,0.0,0.0,0.10165782547321363,0.0
1735826040.0,1.26751896007742e-05,1.26751896007742e-05,1.25000054121859e-05,1.25000054121859e-05,90.0612990495,0.0011336553833458402,-0.0138210310146051,0.0,0.10165782547321363,0.0138210310146051
1735826100.0,1.25000054121859e-05,1.25000054121859e-05,1.25000054121859e-05,1.25000054121859e-05,0.0,0.0,0.0,-1.0,0.10025280951447103,0.0
1735826160.0,1.25000054121859e-05,1.25000054121859e-05,1.25000054121859e-05,1.25000054121859e-05,0.0,0.0,0.0,0.0,0.10025280951447103,0.0
1735826220.0,1.25000054121859e-05,1.25000054121859e-05,1.17205418146897e-05,1.17205418146897e-05,350.37390255384,0.004243123826934996,-0.062357060800655534,0.0,0.10025280951447103,0.062357060800655534
1735826280.0,1.17205418146897e-05,1.17205418146897e-05,1.17205418146897e-05,1.17205418146897e-05,0.0,0.0,0.0,-1.0,0.09400133897614062,0.0
1735826340.0,1.17205418146897e-05,1.17205418146897e-05,1.09495752284084e-05,1.09495752284084e-05,79.36268044861,0.000899580627311991,-0.06577909097299793,0.0,0.09400133897614062,0.06577909097299793
1735826400.0,1.09495752284084e-05,1.09495752284084e-05,1.09495752284084e-05,1.09495752284084e-05,0.0,0.0,0.0,-1.0,0.08781801634804545,0.0
1735826460.0,1.09495752284084e-05,1.0972852805433e-05,1.09452569871239e-05,1.0972852805433e-05,15.82350713202,0.00017344484817234228,0.002125888588281137,0.0,0.08781801634804545,0.0025202638215135503
1735826520.0,1.0972852805433e-05,1.09883149613062e-05,1.0972852805433e-05,1.09883149613062e-05,7.697711035,8.452536172975732e-05,0.00140912815904589,-0.5126672102375202,0.08800470766684525,0.00140912815904589
1735826580.0,1.09883149613062e-05,1.11718251043303e-05,1.09883149613062e-05,1.11718251043303e-05,103.705,0.0011490586627534167,0.01670048079894915,12.59424720863263,0.0881287175785472,0.01670048079894915
1735826640.0,1.11718251043303e-05,1.17967913642826e-05,1.11718251043303e-05,1.17967913642826e-05,191.16730375918,0.002195424240691713,0.05594128570004705,0.9106285099761197,0.08960050953430373,0.05594128570004705
1735826700.0,1.17967913642826e-05,1.23471503461331e-05,1.17967913642826e-05,1.19821906184155e-05,212.04920041514,0.002521157058058576,0.015716074685718156,0.14836896274053812,0.09461287723703202,0.04665327756128956
1735826760.0,1.19821906184155e-05,1.19821906184155e-05,1.19821906184155e-05,1.19821906184155e-05,0.0,0.0,0.0,-1.0,0.09609982028191989,0.0
1735826820.0,1.19821906184155e-05,1.19821906184155e-05,1.19821906184155e-05,1.19821906184155e-05,0.0,0.0,0.0,0.0,0.09609982028191989,0.0
1735826880.0,1.19821906184155e-05,1.19821906184155e-05,1.19821906184155e-05,1.19821906184155e-05,0.0,0.0,0.0,0.0,0.09609982028191989,0.0
1735826940.0,1.19821906184155e-05,1.19821906184155e-05,1.19821906184155e-05,1.19821906184155e-05,0.0,0.0,0.0,0.0,0.09609982028191989,0.0
1735827000.0,1.19821906184155e-05,1.19821906184155e-05,1.19821906184155e-05,1.19821906184155e-05,0.0,0.0,0.0,0.0,0.09609982028191989,0.0
1735827060.0,1.19821906184155e-05,1.24850744005628e-05,1.19821906184155e-05,1.24850744005628e-05,115.89553440185,0.0014178233773630903,0.041969269072920146,0.0,0.09609982028191989,0.041969269072920146
1735827120.0,1.24850744005628e-05,1.24850744005628e-05,1.24850744005628e-05,1.24850744005628e-05,0.0,0.0,0.0,-1.0,0.10013305949719106,0.0
1735827180.0,1.24850744005628e-05,1.24850744005628e-05,1.2428690221609e-05,1.2428690221609e-05,49.56067663924,0.000617371516152797,-0.004516126788259847,0.0,0.10013305949719106,0.004516126788259847
1735827240.0,1.2428690221609e-05,1.2428690221609e-05,1.20864761190228e-05,1.20864761190228e-05,200.6228800862,0.00245915163852491,-0.0275342048505815,2.9832606043267473,0.09968084590480537,0.0275342048505815
1735827300.0,1.20864761190228e-05,1.20864761190228e-05,1.20864761190228e-05,1.20864761190228e-05,0.0,0.0,0.0,-1.0,0.09693621307398322,0.0
1735827360.0,1.20864761190228e-05,1.20864761190228e-05,1.17564498925618e-05,1.1820508038728e-05,3.90087387426,4.6629064956658904e-05,-0.022005428023491043,0.0,0.09693621307398322,0.027305413357130076
1735827420.0,1.1820508038728e-05,1.1820508038728e-05,1.1820508038728e-05,1.1820508038728e-05,0.0,0.0,0.0,-1.0,0.09480309021431389,0.0
1735827480.0,1.1820508038728e-05,1.1820508038728e-05,1.1820508038728e-05,1.1820508038728e-05,0.0,0.0,0.0,0.0,0.09480309021431389,0.0
1735827540.0,1.1820508038728e-05,1.1820508038728e-05,1.1820508038728e-05,1.1820508038728e-05,0.0,0.0,0.0,0.0,0.09480309021431389,0.0
1735827600.0,1.1820508038728e-05,1.1820508038728e-05,1.17125572495332e-05,1.17125572495332e-05,20.84744934492,0.0002453021932638603,-0.009132499960333015,0.0,0.09480309021431389,0.009132499960333015
1735827660.0,1.17125572495332e-05,1.17125572495332e-05,1.17125572495332e-05,1.17125572495332e-05,0.0,0.0,0.0,-1.0,0.09393730099669222,0.0
1735827720.0,1.17125572495332e-05,1.17125572495332e-05,1.16679522649292e-05,1.16679522649292e-05,3.05690605048,3.573601049903266e-05,-0.00380830451059508,0.0,0.09393730099669222,0.00380830451059508
1735827780.0,1.16679522649292e-05,1.16679522649292e-05,1.16679522649292e-05,1.16679522649292e-05,0.0,0.0,0.0,-1.0,0.09357955914959339,0.0
1735827840.0,1.16679522649292e-05,1.16679522649292e-05,1.16679522649292e-05,1.16679522649292e-05,0.0,0.0,0.0,0.0,0.09357955914959339,0.0
1735827900.0,1.16679522649292e-05,1.16679522649292e-05,1.16679522649292e-05,1.16679522649292e-05,0.0,0.0,0.0,0.0,0.09357955914959339,0.0
1735827960.0,1.16679522649292e-05,1.16679522649292e-05,1.16679522649292e-05,1.16679522649292e-05,0.0,0.0,0.0,0.0,0.09357955914959339,0.0
1735828020.0,1.16679522649292e-05,1.16948668742561e-05,1.16679522649292e-05,1.16948668742561e-05,9.27646447398,0.00010836218087833622,0.002306712327560616,0.0,0.09357955914959339,0.002306712327560616
1735828080.0,1.16948668742561e-05,1.16948668742561e-05,1.16948668742561e-05,1.16948668742561e-05,0.0,0.0,0.0,-1.0,0.09379542027229144,0.0
1735828140.0,1.16948668742561e-05,1.16948668742561e-05,1.16948668742561e-05,1.16948668742561e-05,0.0,0.0,0.0,0.0,0.09379542027229144,0.0
1735828200.0,1.16948668742561e-05,1.16948668742561e-05,1.16948668742561e-05,1.16948668742561e-05,0.0,0.0,0.0,0.0,0.09379542027229144,0.0
1735828260.0,1.16948668742561e-05,1.16948668742561e-05,1.16948668742561e-05,1.16948668742561e-05,0.0,0.0,0.0,0.0,0.09379542027229144,0.0
1735828320.0,1.16948668742561e-05,1.16948668742561e-05,1.16948668742561e-05,1.16948668742561e-05,0.0,0.0,0.0,0.0,0.09379542027229144,0.0
1735828380.0,1.16948668742561e-05,1.18034369294168e-05,1.16948668742561e-05,1.17799364663522e-05,35.9152907941,0.0004215521941561287,0.0072740966623025104,0.0,0.09379542027229144,0.009283564860382792
1735828440.0,1.17799364663522e-05,1.17799364663522e-05,1.17479642823013e-05,1.17479642823013e-05,13.59456575016,0.00015992579684540436,-0.0027141219430362,-0.6206263445845729,0.09447769722583338,0.0027141219430362
1735828500.0,1.17479642823013e-05,1.17479642823013e-05,1.17479642823013e-05,1.17479642823013e-05,0.0,0.0,0.0,-1.0,0.09422127323466521,0.0
1735828560.0,1.17479642823013e-05,1.17479642823013e-05,1.17479642823013e-05,1.17479642823013e-05,0.0,0.0,0.0,0.0,0.09422127323466521,0.0
1735828620.0,1.17479642823013e-05,1.17479642823013e-05,1.16503093738265e-05,1.16503093738265e-05,13.36271431041,0.00015633222311181415,-0.008312496201739527,0.0,0.09422127323466521,0.008312496201739527
1735828680.0,1.16503093738265e-05,1.16503093738265e-05,1.16503093738265e-05,1.16503093738265e-05,0.0,0.0,0.0,-1.0,0.093438059258779,0.0
