0,1,2,3,4,5
1733158020.0,7.95655824602052e-05,0.0002188250870051,2.36365506974996e-05,9.83105794279217e-05,89004.31052193535
1733158080.0,9.83105794279217e-05,9.83105794279217e-05,4.23359226584484e-06,4.49445592090151e-06,10971.89412181987
1733158140.0,4.49445592090151e-06,4.49445592090151e-06,4.33511156905068e-06,4.39041418727399e-06,163.15326476321
1733158200.0,4.39041418727399e-06,4.47407666216265e-06,4.37538168947583e-06,4.43006026374058e-06,82.47106450616
1733158260.0,4.43006026374058e-06,4.5012597753191e-06,4.43006026374058e-06,4.5012597753191e-06,33.8975
1733158320.0,4.5012597753191e-06,4.5012597753191e-06,4.44078344348925e-06,4.44078344348925e-06,45.29666909775
1733158380.0,4.44078344348925e-06,4.44078344348925e-06,4.14055104759219e-06,4.14055104759219e-06,123.01689482775
1733158440.0,4.14055104759219e-06,4.14055104759219e-06,4.14055104759219e-06,4.14055104759219e-06,0.0
1733158500.0,4.14055104759219e-06,4.14055104759219e-06,4.1246419572218e-06,4.1246419572218e-06,3.82152221352
1733158560.0,4.1246419572218e-06,4.14249354552545e-06,4.1246419572218e-06,4.14249354552545e-06,1.1286
1733158620.0,4.14249354552545e-06,4.14249354552545e-06,4.12615224936228e-06,4.12615224936228e-06,1.861950494
1733158680.0,4.12615224936228e-06,4.12634822204823e-06,4.12615224936228e-06,4.12634822204823e-06,1.08168277964
1733158740.0,4.12634822204823e-06,4.12634822204823e-06,4.12634822204823e-06,4.12634822204823e-06,0.0
1733158800.0,4.12634822204823e-06,4.12634822204823e-06,4.12634822204823e-06,4.12634822204823e-06,0.0
1733158860.0,4.12634822204823e-06,4.12634822204823e-06,4.12634822204823e-06,4.12634822204823e-06,0.0
1733158920.0,4.12634822204823e-06,4.12634822204823e-06,4.12634822204823e-06,4.12634822204823e-06,0.0
1733158980.0,4.12634822204823e-06,4.12634822204823e-06,4.12634822204823e-06,4.12634822204823e-06,0.0
1733159040.0,4.12634822204823e-06,4.12634822204823e-06,4.09483682737625e-06,4.09483682737625e-06,19.27768852509
1733159100.0,4.09483682737625e-06,4.09483682737625e-06,4.09483682737625e-06,4.09483682737625e-06,0.0
1733159160.0,4.09483682737625e-06,4.09483682737625e-06,4.09483682737625e-06,4.09483682737625e-06,0.0
1733159220.0,4.09483682737625e-06,4.09483682737625e-06,4.09483682737625e-06,4.09483682737625e-06,0.0
1733159280.0,4.09483682737625e-06,4.09483682737625e-06,4.09483682737625e-06,4.09483682737625e-06,0.0
1733159340.0,4.09483682737625e-06,4.09483682737625e-06,4.09483682737625e-06,4.09483682737625e-06,0.0
1733159400.0,4.09483682737625e-06,4.09483682737625e-06,4.09483682737625e-06,4.09483682737625e-06,0.0
1733159460.0,4.09483682737625e-06,4.09483682737625e-06,4.09483682737625e-06,4.09483682737625e-06,0.0
1733159520.0,4.09483682737625e-06,4.09483682737625e-06,4.09483682737625e-06,4.09483682737625e-06,0.0
1733159580.0,4.09483682737625e-06,4.09483682737625e-06,4.09483682737625e-06,4.09483682737625e-06,0.0
1733159640.0,4.09483682737625e-06,4.09483682737625e-06,4.09483682737625e-06,4.09483682737625e-06,0.0
1733159700.0,4.09483682737625e-06,4.09483682737625e-06,4.09483682737625e-06,4.09483682737625e-06,0.0
1733159760.0,4.09483682737625e-06,4.09483682737625e-06,4.09483682737625e-06,4.09483682737625e-06,0.0
1733159820.0,4.09483682737625e-06,4.09483682737625e-06,4.00024870543676e-06,4.00024870543676e-06,38.2675320435
1733159880.0,4.00024870543676e-06,4.00024870543676e-06,4.00024870543676e-06,4.00024870543676e-06,0.0
1733159940.0,4.00024870543676e-06,4.00024870543676e-06,4.00024870543676e-06,4.00024870543676e-06,0.0
1733160000.0,4.00024870543676e-06,4.00024870543676e-06,4.00024870543676e-06,4.00024870543676e-06,0.0
1733160060.0,4.00024870543676e-06,4.00024870543676e-06,4.00024870543676e-06,4.00024870543676e-06,0.0
1733160120.0,4.00024870543676e-06,4.00024870543676e-06,4.00024870543676e-06,4.00024870543676e-06,0.0
1733160180.0,4.00024870543676e-06,4.00024870543676e-06,4.00024870543676e-06,4.00024870543676e-06,0.0
1733160240.0,4.00024870543676e-06,4.00024870543676e-06,4.00024870543676e-06,4.00024870543676e-06,0.0
1733160300.0,4.00024870543676e-06,4.00024870543676e-06,4.00024870543676e-06,4.00024870543676e-06,0.0
1733160360.0,4.00024870543676e-06,4.00024870543676e-06,4.00024870543676e-06,4.00024870543676e-06,0.0
1733160420.0,4.00024870543676e-06,4.00024870543676e-06,4.00024870543676e-06,4.00024870543676e-06,0.0
1733160480.0,4.00024870543676e-06,4.00024870543676e-06,4.00024870543676e-06,4.00024870543676e-06,0.0
1733160540.0,4.00024870543676e-06,4.00024870543676e-06,4.00024870543676e-06,4.00024870543676e-06,0.0
1733160600.0,4.00024870543676e-06,4.00024870543676e-06,4.00024870543676e-06,4.00024870543676e-06,0.0
1733160660.0,4.00024870543676e-06,4.00024870543676e-06,4.00024870543676e-06,4.00024870543676e-06,0.0
1733160720.0,4.00024870543676e-06,4.00024870543676e-06,4.00024870543676e-06,4.00024870543676e-06,0.0
1733160780.0,4.00024870543676e-06,4.00024870543676e-06,4.00024870543676e-06,4.00024870543676e-06,0.0
1733160840.0,4.00024870543676e-06,4.00024870543676e-06,4.00024870543676e-06,4.00024870543676e-06,0.0
1733160900.0,4.00024870543676e-06,4.00024870543676e-06,3.94256929833197e-06,3.94256929833197e-06,0.3588018109
1733160960.0,3.94256929833197e-06,3.94256929833197e-06,3.94256929833197e-06,3.94256929833197e-06,0.0
1733161020.0,3.94256929833197e-06,3.94256929833197e-06,3.94256929833197e-06,3.94256929833197e-06,0.0
1733161080.0,3.94256929833197e-06,3.94256929833197e-06,3.94256929833197e-06,3.94256929833197e-06,0.0
1733161140.0,3.94256929833197e-06,3.94256929833197e-06,3.94256929833197e-06,3.94256929833197e-06,0.0
1733161200.0,3.94256929833197e-06,3.94256929833197e-06,3.94256929833197e-06,3.94256929833197e-06,0.0
1733161260.0,3.94256929833197e-06,3.94256929833197e-06,3.94256929833197e-06,3.94256929833197e-06,0.0
1733161320.0,3.94256929833197e-06,3.94256929833197e-06,3.94256929833197e-06,3.94256929833197e-06,0.0
1733161380.0,3.94256929833197e-06,3.94256929833197e-06,3.94256929833197e-06,3.94256929833197e-06,0.0
1733161440.0,3.94256929833197e-06,3.94256929833197e-06,3.94256929833197e-06,3.94256929833197e-06,0.0
1733161500.0,3.94256929833197e-06,3.94256929833197e-06,3.94256929833197e-06,3.94256929833197e-06,0.0
1733161560.0,3.94256929833197e-06,3.94256929833197e-06,3.94256929833197e-06,3.94256929833197e-06,0.0
1733161620.0,3.94256929833197e-06,3.96624562925332e-06,3.94256929833197e-06,3.96624562925332e-06,2.2276
1733161680.0,3.96624562925332e-06,3.96624562925332e-06,3.96624562925332e-06,3.96624562925332e-06,0.0
1733161740.0,3.96624562925332e-06,3.96624562925332e-06,3.96624562925332e-06,3.96624562925332e-06,0.0
1733161800.0,3.96624562925332e-06,3.96624562925332e-06,3.96624562925332e-06,3.96624562925332e-06,0.0
1733161860.0,3.96624562925332e-06,3.96624562925332e-06,3.96624562925332e-06,3.96624562925332e-06,0.0
1733161920.0,3.96624562925332e-06,3.96624562925332e-06,3.96624562925332e-06,3.96624562925332e-06,0.0
1733161980.0,3.96624562925332e-06,3.96624562925332e-06,3.88455215037284e-06,3.88455215037284e-06,36.75213165552
1733162040.0,3.88455215037284e-06,3.88455215037284e-06,3.87054276960878e-06,3.87054276960878e-06,4.4254
1733162100.0,3.87054276960878e-06,3.87054276960878e-06,3.87054276960878e-06,3.87054276960878e-06,0.0
1733162160.0,3.87054276960878e-06,3.87054276960878e-06,3.87054276960878e-06,3.87054276960878e-06,0.0
1733162220.0,3.87054276960878e-06,3.87054276960878e-06,3.87054276960878e-06,3.87054276960878e-06,0.0
1733162280.0,3.87054276960878e-06,3.87054276960878e-06,3.87054276960878e-06,3.87054276960878e-06,0.0
1733162340.0,3.87054276960878e-06,3.87054276960878e-06,3.87054276960878e-06,3.87054276960878e-06,0.0
1733162400.0,3.87054276960878e-06,3.87054276960878e-06,3.87054276960878e-06,3.87054276960878e-06,0.0
1733162460.0,3.87054276960878e-06,3.87054276960878e-06,3.83193372609801e-06,3.83193372609801e-06,2.15216513705
1733162520.0,3.83193372609801e-06,3.83193372609801e-06,3.83193372609801e-06,3.83193372609801e-06,0.0
1733162580.0,3.83193372609801e-06,3.83193372609801e-06,3.83193372609801e-06,3.83193372609801e-06,0.0
1733162640.0,3.83193372609801e-06,3.83193372609801e-06,3.83193372609801e-06,3.83193372609801e-06,0.0
1733162700.0,3.83193372609801e-06,3.83193372609801e-06,3.83193372609801e-06,3.83193372609801e-06,0.0
1733162760.0,3.83193372609801e-06,3.83193372609801e-06,3.83193372609801e-06,3.83193372609801e-06,0.0
1733162820.0,3.83193372609801e-06,3.83193372609801e-06,3.83193372609801e-06,3.83193372609801e-06,0.0
1733162880.0,3.83193372609801e-06,3.83193372609801e-06,3.83193372609801e-06,3.83193372609801e-06,0.0
1733162940.0,3.83193372609801e-06,3.83193372609801e-06,3.83193372609801e-06,3.83193372609801e-06,0.0
1733163000.0,3.83193372609801e-06,3.83193372609801e-06,3.83193372609801e-06,3.83193372609801e-06,0.0
1733163060.0,3.83193372609801e-06,3.83193372609801e-06,3.83193372609801e-06,3.83193372609801e-06,0.0
1733163120.0,3.83193372609801e-06,3.83193372609801e-06,3.83193372609801e-06,3.83193372609801e-06,0.0
1733163180.0,3.83193372609801e-06,3.83193372609801e-06,3.83193372609801e-06,3.83193372609801e-06,0.0
1733163240.0,3.83193372609801e-06,3.83193372609801e-06,3.83193372609801e-06,3.83193372609801e-06,0.0
1733163300.0,3.83193372609801e-06,3.83193372609801e-06,3.83193372609801e-06,3.83193372609801e-06,0.0
1733163360.0,3.83193372609801e-06,3.83193372609801e-06,3.83193372609801e-06,3.83193372609801e-06,0.0
1733163420.0,3.83193372609801e-06,3.83193372609801e-06,3.83193372609801e-06,3.83193372609801e-06,0.0
1733163480.0,3.83193372609801e-06,3.83193372609801e-06,3.83193372609801e-06,3.83193372609801e-06,0.0
1733163540.0,3.83193372609801e-06,3.83193372609801e-06,3.83193372609801e-06,3.83193372609801e-06,0.0
1733163600.0,3.83193372609801e-06,3.83193372609801e-06,3.83193372609801e-06,3.83193372609801e-06,0.0
1733163660.0,3.83193372609801e-06,3.83193372609801e-06,3.83193372609801e-06,3.83193372609801e-06,0.0
1733163720.0,3.83193372609801e-06,3.83193372609801e-06,3.83193372609801e-06,3.83193372609801e-06,0.0
1733163780.0,3.83193372609801e-06,3.90991854694007e-06,3.83193372609801e-06,3.90991854694007e-06,1.11725
1733163840.0,3.90991854694007e-06,3.90991854694007e-06,3.90991854694007e-06,3.90991854694007e-06,0.0
1733163900.0,3.90991854694007e-06,3.91602324533117e-06,3.90991854694007e-06,3.91602324533117e-06,0.22372
1733163960.0,3.91602324533117e-06,3.91602324533117e-06,3.91602324533117e-06,3.91602324533117e-06,0.0
1733164020.0,3.91602324533117e-06,3.91602324533117e-06,3.91602324533117e-06,3.91602324533117e-06,0.0
1733164080.0,3.91602324533117e-06,3.91602324533117e-06,3.91602324533117e-06,3.91602324533117e-06,0.0
1733164140.0,3.91602324533117e-06,3.91602324533117e-06,3.91602324533117e-06,3.91602324533117e-06,0.0
1733164200.0,3.91602324533117e-06,3.91602324533117e-06,3.91602324533117e-06,3.91602324533117e-06,0.0
1733164260.0,3.91602324533117e-06,3.91602324533117e-06,3.91602324533117e-06,3.91602324533117e-06,0.0
1733164320.0,3.91602324533117e-06,3.91602324533117e-06,3.91602324533117e-06,3.91602324533117e-06,0.0
1733164380.0,3.91602324533117e-06,3.91602324533117e-06,3.91602324533117e-06,3.91602324533117e-06,0.0
1733164440.0,3.91602324533117e-06,3.91602324533117e-06,3.91602324533117e-06,3.91602324533117e-06,0.0
1733164500.0,3.91602324533117e-06,3.91602324533117e-06,3.91602324533117e-06,3.91602324533117e-06,0.0
1733164560.0,3.91602324533117e-06,3.91602324533117e-06,3.91602324533117e-06,3.91602324533117e-06,0.0
1733164620.0,3.91602324533117e-06,3.91602324533117e-06,3.91602324533117e-06,3.91602324533117e-06,0.0
1733164680.0,3.91602324533117e-06,3.91602324533117e-06,3.91602324533117e-06,3.91602324533117e-06,0.0
1733164740.0,3.91602324533117e-06,3.91602324533117e-06,3.91602324533117e-06,3.91602324533117e-06,0.0
1733164800.0,3.91602324533117e-06,3.91602324533117e-06,3.91602324533117e-06,3.91602324533117e-06,0.0
1733164860.0,3.91602324533117e-06,3.91602324533117e-06,3.91602324533117e-06,3.91602324533117e-06,0.0
1733164920.0,3.91602324533117e-06,3.91602324533117e-06,3.91602324533117e-06,3.91602324533117e-06,0.0
1733164980.0,3.91602324533117e-06,3.91602324533117e-06,3.91602324533117e-06,3.91602324533117e-06,0.0
1733165040.0,3.91602324533117e-06,3.91602324533117e-06,3.91602324533117e-06,3.91602324533117e-06,0.0
1733165100.0,3.91602324533117e-06,3.91602324533117e-06,3.91602324533117e-06,3.91602324533117e-06,0.0
1733165160.0,3.91602324533117e-06,3.91602324533117e-06,3.91602324533117e-06,3.91602324533117e-06,0.0
1733165220.0,3.91602324533117e-06,3.91602324533117e-06,3.91602324533117e-06,3.91602324533117e-06,0.0
1733165280.0,3.91602324533117e-06,3.91602324533117e-06,3.91602324533117e-06,3.91602324533117e-06,0.0
1733165340.0,3.91602324533117e-06,3.91602324533117e-06,3.91602324533117e-06,3.91602324533117e-06,0.0
1733165400.0,3.91602324533117e-06,3.91602324533117e-06,3.91602324533117e-06,3.91602324533117e-06,0.0
1733165460.0,3.91602324533117e-06,3.91602324533117e-06,3.91602324533117e-06,3.91602324533117e-06,0.0
1733165520.0,3.91602324533117e-06,3.91602324533117e-06,3.91602324533117e-06,3.91602324533117e-06,0.0
1733165580.0,3.91602324533117e-06,3.91602324533117e-06,3.91602324533117e-06,3.91602324533117e-06,0.0
1733165640.0,3.91602324533117e-06,3.91602324533117e-06,3.91602324533117e-06,3.91602324533117e-06,0.0
1733165700.0,3.91602324533117e-06,3.91602324533117e-06,3.91602324533117e-06,3.91602324533117e-06,0.0
1733165760.0,3.91602324533117e-06,3.91602324533117e-06,3.91602324533117e-06,3.91602324533117e-06,0.0
1733165820.0,3.91602324533117e-06,3.91602324533117e-06,3.91602324533117e-06,3.91602324533117e-06,0.0
1733165880.0,3.91602324533117e-06,3.91602324533117e-06,3.91602324533117e-06,3.91602324533117e-06,0.0
1733165940.0,3.91602324533117e-06,3.91602324533117e-06,3.91602324533117e-06,3.91602324533117e-06,0.0
1733166000.0,3.91602324533117e-06,3.91602324533117e-06,3.91602324533117e-06,3.91602324533117e-06,0.0
1733166060.0,3.91602324533117e-06,3.91602324533117e-06,3.91602324533117e-06,3.91602324533117e-06,0.0
1733166120.0,3.91602324533117e-06,3.91602324533117e-06,3.91602324533117e-06,3.91602324533117e-06,0.0
1733166180.0,3.91602324533117e-06,3.91602324533117e-06,3.91602324533117e-06,3.91602324533117e-06,0.0
1733166240.0,3.91602324533117e-06,3.91602324533117e-06,3.91602324533117e-06,3.91602324533117e-06,0.0
1733166300.0,3.91602324533117e-06,3.91602324533117e-06,3.91602324533117e-06,3.91602324533117e-06,0.0
1733166360.0,3.91602324533117e-06,3.91602324533117e-06,3.91602324533117e-06,3.91602324533117e-06,0.0
1733166420.0,3.91602324533117e-06,3.91602324533117e-06,3.91602324533117e-06,3.91602324533117e-06,0.0
1733166480.0,3.91602324533117e-06,3.91602324533117e-06,3.91602324533117e-06,3.91602324533117e-06,0.0
1733166540.0,3.91602324533117e-06,3.91602324533117e-06,3.91602324533117e-06,3.91602324533117e-06,0.0
1733166600.0,3.91602324533117e-06,3.91602324533117e-06,3.91602324533117e-06,3.91602324533117e-06,0.0
1733166660.0,3.91602324533117e-06,3.91602324533117e-06,3.91602324533117e-06,3.91602324533117e-06,0.0
1733166720.0,3.91602324533117e-06,3.91602324533117e-06,3.91602324533117e-06,3.91602324533117e-06,0.0
1733166780.0,3.91602324533117e-06,3.91602324533117e-06,3.91602324533117e-06,3.91602324533117e-06,0.0
1733166840.0,3.91602324533117e-06,3.91602324533117e-06,3.91602324533117e-06,3.91602324533117e-06,0.0
1733166900.0,3.91602324533117e-06,3.91602324533117e-06,3.91602324533117e-06,3.91602324533117e-06,0.0
1733166960.0,3.91602324533117e-06,3.91602324533117e-06,3.91602324533117e-06,3.91602324533117e-06,0.0
1733167020.0,3.91602324533117e-06,3.91602324533117e-06,3.91602324533117e-06,3.91602324533117e-06,0.0
1733167080.0,3.91602324533117e-06,3.91602324533117e-06,3.91602324533117e-06,3.91602324533117e-06,0.0
1733167140.0,3.91602324533117e-06,3.91602324533117e-06,3.91602324533117e-06,3.91602324533117e-06,0.0
1733167200.0,3.91602324533117e-06,3.91602324533117e-06,3.91602324533117e-06,3.91602324533117e-06,0.0
1733167260.0,3.91602324533117e-06,3.91602324533117e-06,3.91602324533117e-06,3.91602324533117e-06,0.0
1733167320.0,3.91602324533117e-06,3.91602324533117e-06,3.91602324533117e-06,3.91602324533117e-06,0.0
1733167380.0,3.91602324533117e-06,3.91602324533117e-06,3.91602324533117e-06,3.91602324533117e-06,0.0
1733167440.0,3.91602324533117e-06,3.91602324533117e-06,3.91602324533117e-06,3.91602324533117e-06,0.0
1733167500.0,3.91602324533117e-06,3.91602324533117e-06,3.91602324533117e-06,3.91602324533117e-06,0.0
1733167560.0,3.91602324533117e-06,3.91602324533117e-06,3.91602324533117e-06,3.91602324533117e-06,0.0
1733167620.0,3.91602324533117e-06,3.91602324533117e-06,3.91602324533117e-06,3.91602324533117e-06,0.0
1733167680.0,3.91602324533117e-06,3.91602324533117e-06,3.91602324533117e-06,3.91602324533117e-06,0.0
1733167740.0,3.91602324533117e-06,3.91602324533117e-06,3.91602324533117e-06,3.91602324533117e-06,0.0
1733167800.0,3.91602324533117e-06,3.91602324533117e-06,3.91602324533117e-06,3.91602324533117e-06,0.0
1733167860.0,3.91602324533117e-06,3.91602324533117e-06,3.91602324533117e-06,3.91602324533117e-06,0.0
1733167920.0,3.91602324533117e-06,3.91602324533117e-06,3.91602324533117e-06,3.91602324533117e-06,0.0
1733167980.0,3.91602324533117e-06,3.91602324533117e-06,3.86100005711094e-06,3.86100005711094e-06,4.41448930287
1733168040.0,3.86100005711094e-06,3.86100005711094e-06,3.86100005711094e-06,3.86100005711094e-06,0.0
1733168100.0,3.86100005711094e-06,3.86100005711094e-06,3.86100005711094e-06,3.86100005711094e-06,0.0
1733168160.0,3.86100005711094e-06,3.86100005711094e-06,3.86100005711094e-06,3.86100005711094e-06,0.0
1733168220.0,3.86100005711094e-06,3.86100005711094e-06,3.86100005711094e-06,3.86100005711094e-06,0.0
1733168280.0,3.86100005711094e-06,3.86100005711094e-06,3.86100005711094e-06,3.86100005711094e-06,0.0
1733168340.0,3.86100005711094e-06,3.86100005711094e-06,3.86100005711094e-06,3.86100005711094e-06,0.0
1733168400.0,3.86100005711094e-06,3.86100005711094e-06,3.86100005711094e-06,3.86100005711094e-06,0.0
1733168460.0,3.86100005711094e-06,3.86100005711094e-06,3.86100005711094e-06,3.86100005711094e-06,0.0
1733168520.0,3.86100005711094e-06,3.86100005711094e-06,3.86100005711094e-06,3.86100005711094e-06,0.0
1733168580.0,3.86100005711094e-06,3.86100005711094e-06,3.86100005711094e-06,3.86100005711094e-06,0.0
1733168640.0,3.86100005711094e-06,3.86100005711094e-06,3.86100005711094e-06,3.86100005711094e-06,0.0
1733168700.0,3.86100005711094e-06,3.86100005711094e-06,3.86100005711094e-06,3.86100005711094e-06,0.0
1733168760.0,3.86100005711094e-06,3.86100005711094e-06,3.86100005711094e-06,3.86100005711094e-06,0.0
1733168820.0,3.86100005711094e-06,3.86100005711094e-06,3.86100005711094e-06,3.86100005711094e-06,0.0
1733168880.0,3.86100005711094e-06,3.86100005711094e-06,3.86100005711094e-06,3.86100005711094e-06,0.0
1733168940.0,3.86100005711094e-06,3.86100005711094e-06,3.86100005711094e-06,3.86100005711094e-06,0.0
1733169000.0,3.86100005711094e-06,3.86100005711094e-06,3.86100005711094e-06,3.86100005711094e-06,0.0
1733169060.0,3.86100005711094e-06,3.86100005711094e-06,3.86100005711094e-06,3.86100005711094e-06,0.0
1733169120.0,3.86100005711094e-06,3.86100005711094e-06,3.86100005711094e-06,3.86100005711094e-06,0.0
1733169180.0,3.86100005711094e-06,3.86100005711094e-06,3.86100005711094e-06,3.86100005711094e-06,0.0
1733169240.0,3.86100005711094e-06,3.86100005711094e-06,3.86100005711094e-06,3.86100005711094e-06,0.0
1733169300.0,3.86100005711094e-06,3.86100005711094e-06,3.86100005711094e-06,3.86100005711094e-06,0.0
1733169360.0,3.86100005711094e-06,3.86100005711094e-06,3.86100005711094e-06,3.86100005711094e-06,0.0
1733169420.0,3.86100005711094e-06,3.86100005711094e-06,3.86100005711094e-06,3.86100005711094e-06,0.0
1733169480.0,3.86100005711094e-06,3.86100005711094e-06,3.86100005711094e-06,3.86100005711094e-06,0.0
1733169540.0,3.86100005711094e-06,3.86100005711094e-06,3.86100005711094e-06,3.86100005711094e-06,0.0
1733169600.0,3.86100005711094e-06,3.86100005711094e-06,3.86100005711094e-06,3.86100005711094e-06,0.0
1733169660.0,3.86100005711094e-06,3.86100005711094e-06,3.86100005711094e-06,3.86100005711094e-06,0.0
1733169720.0,3.86100005711094e-06,3.86100005711094e-06,3.86100005711094e-06,3.86100005711094e-06,0.0
1733169780.0,3.86100005711094e-06,3.86100005711094e-06,3.86100005711094e-06,3.86100005711094e-06,0.0
1733169840.0,3.86100005711094e-06,3.86100005711094e-06,3.86100005711094e-06,3.86100005711094e-06,0.0
1733169900.0,3.86100005711094e-06,3.86100005711094e-06,3.86100005711094e-06,3.86100005711094e-06,0.0
1733169960.0,3.86100005711094e-06,3.86100005711094e-06,3.86100005711094e-06,3.86100005711094e-06,0.0
1733170020.0,3.86100005711094e-06,3.86100005711094e-06,3.86100005711094e-06,3.86100005711094e-06,0.0
1733170080.0,3.86100005711094e-06,3.86100005711094e-06,3.86100005711094e-06,3.86100005711094e-06,0.0
1733170140.0,3.86100005711094e-06,3.86100005711094e-06,3.86100005711094e-06,3.86100005711094e-06,0.0
1733170200.0,3.86100005711094e-06,3.86100005711094e-06,3.86100005711094e-06,3.86100005711094e-06,0.0
1733170260.0,3.86100005711094e-06,3.86100005711094e-06,3.86100005711094e-06,3.86100005711094e-06,0.0
1733170320.0,3.86100005711094e-06,3.86100005711094e-06,3.86100005711094e-06,3.86100005711094e-06,0.0
1733170380.0,3.86100005711094e-06,3.86100005711094e-06,3.86100005711094e-06,3.86100005711094e-06,0.0
1733170440.0,3.86100005711094e-06,3.90456772379012e-06,3.86100005711094e-06,3.90456772379012e-06,0.20968161991
1733170500.0,3.90456772379012e-06,3.90456772379012e-06,3.90456772379012e-06,3.90456772379012e-06,0.0
1733170560.0,3.90456772379012e-06,3.90456772379012e-06,3.90456772379012e-06,3.90456772379012e-06,0.0
1733170620.0,3.90456772379012e-06,3.90456772379012e-06,3.90456772379012e-06,3.90456772379012e-06,0.0
1733170680.0,3.90456772379012e-06,3.90456772379012e-06,3.90456772379012e-06,3.90456772379012e-06,0.0
1733170740.0,3.90456772379012e-06,3.90456772379012e-06,3.90456772379012e-06,3.90456772379012e-06,0.0
1733170800.0,3.90456772379012e-06,3.90465857648449e-06,3.90456772379012e-06,3.90465857648449e-06,0.01338424461
1733170860.0,3.90465857648449e-06,3.90465857648449e-06,3.90465857648449e-06,3.90465857648449e-06,0.0
1733170920.0,3.90465857648449e-06,3.90465857648449e-06,3.90465857648449e-06,3.90465857648449e-06,0.0
1733170980.0,3.90465857648449e-06,3.90465857648449e-06,3.90465857648449e-06,3.90465857648449e-06,0.0
1733171040.0,3.90465857648449e-06,3.90465857648449e-06,3.90465857648449e-06,3.90465857648449e-06,0.0
1733171100.0,3.90465857648449e-06,3.90465857648449e-06,3.90465857648449e-06,3.90465857648449e-06,0.0
1733171160.0,3.90465857648449e-06,3.90465857648449e-06,3.90465857648449e-06,3.90465857648449e-06,0.0
1733171220.0,3.90465857648449e-06,3.90465857648449e-06,3.90465857648449e-06,3.90465857648449e-06,0.0
1733171280.0,3.90465857648449e-06,3.90465857648449e-06,3.90465857648449e-06,3.90465857648449e-06,0.0
1733171340.0,3.90465857648449e-06,3.90465857648449e-06,3.90465857648449e-06,3.90465857648449e-06,0.0
1733171400.0,3.90465857648449e-06,3.90465857648449e-06,3.90465857648449e-06,3.90465857648449e-06,0.0
1733171460.0,3.90465857648449e-06,3.90465857648449e-06,3.90465857648449e-06,3.90465857648449e-06,0.0
1733171520.0,3.90465857648449e-06,3.90465857648449e-06,3.90465857648449e-06,3.90465857648449e-06,0.0
1733171580.0,3.90465857648449e-06,3.90465857648449e-06,3.90465857648449e-06,3.90465857648449e-06,0.0
1733171640.0,3.90465857648449e-06,3.90465857648449e-06,3.90465857648449e-06,3.90465857648449e-06,0.0
1733171700.0,3.90465857648449e-06,3.90465857648449e-06,3.90465857648449e-06,3.90465857648449e-06,0.0
1733171760.0,3.90465857648449e-06,3.90465857648449e-06,3.90465857648449e-06,3.90465857648449e-06,0.0
1733171820.0,3.90465857648449e-06,3.90465857648449e-06,3.90465857648449e-06,3.90465857648449e-06,0.0
1733171880.0,3.90465857648449e-06,3.90465857648449e-06,3.90465857648449e-06,3.90465857648449e-06,0.0
1733171940.0,3.90465857648449e-06,3.90465857648449e-06,3.90465857648449e-06,3.90465857648449e-06,0.0
1733172000.0,3.90465857648449e-06,3.90465857648449e-06,3.90465857648449e-06,3.90465857648449e-06,0.0
1733172060.0,3.90465857648449e-06,3.90465857648449e-06,3.90465857648449e-06,3.90465857648449e-06,0.0
1733172120.0,3.90465857648449e-06,3.90465857648449e-06,3.90465857648449e-06,3.90465857648449e-06,0.0
1733172180.0,3.90465857648449e-06,3.90465857648449e-06,3.90465857648449e-06,3.90465857648449e-06,0.0
1733172240.0,3.90465857648449e-06,3.90465857648449e-06,3.90465857648449e-06,3.90465857648449e-06,0.0
1733172300.0,3.90465857648449e-06,3.90465857648449e-06,3.90465857648449e-06,3.90465857648449e-06,0.0
1733172360.0,3.90465857648449e-06,3.90465857648449e-06,3.90465857648449e-06,3.90465857648449e-06,0.0
1733172420.0,3.90465857648449e-06,3.90465857648449e-06,3.90465857648449e-06,3.90465857648449e-06,0.0
1733172480.0,3.90465857648449e-06,3.90465857648449e-06,3.90465857648449e-06,3.90465857648449e-06,0.0
1733172540.0,3.90465857648449e-06,3.90465857648449e-06,3.90465857648449e-06,3.90465857648449e-06,0.0
1733172600.0,3.90465857648449e-06,3.90465857648449e-06,3.90465857648449e-06,3.90465857648449e-06,0.0
1733172660.0,3.90465857648449e-06,3.90465857648449e-06,3.90465857648449e-06,3.90465857648449e-06,0.0
1733172720.0,3.90465857648449e-06,3.90465857648449e-06,3.90465857648449e-06,3.90465857648449e-06,0.0
1733172780.0,3.90465857648449e-06,3.90465857648449e-06,3.90465857648449e-06,3.90465857648449e-06,0.0
1733172840.0,3.90465857648449e-06,3.90465857648449e-06,3.90465857648449e-06,3.90465857648449e-06,0.0
1733172900.0,3.90465857648449e-06,3.90465857648449e-06,3.90465857648449e-06,3.90465857648449e-06,0.0
1733172960.0,3.90465857648449e-06,3.90465857648449e-06,3.90465857648449e-06,3.90465857648449e-06,0.0
1733173020.0,3.90465857648449e-06,3.90465857648449e-06,3.90465857648449e-06,3.90465857648449e-06,0.0
1733173080.0,3.90465857648449e-06,3.90465857648449e-06,3.90465857648449e-06,3.90465857648449e-06,0.0
1733173140.0,3.90465857648449e-06,3.90465857648449e-06,3.90465857648449e-06,3.90465857648449e-06,0.0
1733173200.0,3.90465857648449e-06,3.90465857648449e-06,3.90465857648449e-06,3.90465857648449e-06,0.0
1733173260.0,3.90465857648449e-06,3.90465857648449e-06,3.90465857648449e-06,3.90465857648449e-06,0.0
1733173320.0,3.90465857648449e-06,3.90465857648449e-06,3.90465857648449e-06,3.90465857648449e-06,0.0
1733173380.0,3.90465857648449e-06,3.90465857648449e-06,3.90465857648449e-06,3.90465857648449e-06,0.0
1733173440.0,3.90465857648449e-06,3.90465857648449e-06,3.90465857648449e-06,3.90465857648449e-06,0.0
1733173500.0,3.90465857648449e-06,3.90465857648449e-06,3.90465857648449e-06,3.90465857648449e-06,0.0
1733173560.0,3.90465857648449e-06,3.90465857648449e-06,3.90465857648449e-06,3.90465857648449e-06,0.0
1733173620.0,3.90465857648449e-06,3.90465857648449e-06,3.90465857648449e-06,3.90465857648449e-06,0.0
1733173680.0,3.90465857648449e-06,3.90465857648449e-06,3.90465857648449e-06,3.90465857648449e-06,0.0
1733173740.0,3.90465857648449e-06,3.90465857648449e-06,3.90465857648449e-06,3.90465857648449e-06,0.0
1733173800.0,3.90465857648449e-06,3.90465857648449e-06,3.90465857648449e-06,3.90465857648449e-06,0.0
1733173860.0,3.90465857648449e-06,3.90465857648449e-06,3.90465857648449e-06,3.90465857648449e-06,0.0
1733173920.0,3.90465857648449e-06,3.90465857648449e-06,3.90465857648449e-06,3.90465857648449e-06,0.0
1733173980.0,3.90465857648449e-06,3.90465857648449e-06,3.90465857648449e-06,3.90465857648449e-06,0.0
1733174040.0,3.90465857648449e-06,3.90465857648449e-06,3.90465857648449e-06,3.90465857648449e-06,0.0
1733174100.0,3.90465857648449e-06,3.90465857648449e-06,3.90465857648449e-06,3.90465857648449e-06,0.0
1733174160.0,3.90465857648449e-06,3.90465857648449e-06,3.90465857648449e-06,3.90465857648449e-06,0.0
1733174220.0,3.90465857648449e-06,3.90465857648449e-06,3.90465857648449e-06,3.90465857648449e-06,0.0
1733174280.0,3.90465857648449e-06,3.90465857648449e-06,3.90465857648449e-06,3.90465857648449e-06,0.0
1733174340.0,3.90465857648449e-06,3.90465857648449e-06,3.90465857648449e-06,3.90465857648449e-06,0.0
1733174400.0,3.90465857648449e-06,3.90465857648449e-06,3.90465857648449e-06,3.90465857648449e-06,0.0
1733174460.0,3.90465857648449e-06,3.90465857648449e-06,3.90465857648449e-06,3.90465857648449e-06,0.0
1733174520.0,3.90465857648449e-06,3.90465857648449e-06,3.90465857648449e-06,3.90465857648449e-06,0.0
1733174580.0,3.90465857648449e-06,3.90465857648449e-06,3.90465857648449e-06,3.90465857648449e-06,0.0
1733174640.0,3.90465857648449e-06,3.90465857648449e-06,3.90465857648449e-06,3.90465857648449e-06,0.0
1733174700.0,3.90465857648449e-06,3.90465857648449e-06,3.90465857648449e-06,3.90465857648449e-06,0.0
1733174760.0,3.90465857648449e-06,3.90465857648449e-06,3.90465857648449e-06,3.90465857648449e-06,0.0
1733174820.0,3.90465857648449e-06,3.90465857648449e-06,3.90465857648449e-06,3.90465857648449e-06,0.0
1733174880.0,3.90465857648449e-06,3.90465857648449e-06,3.90465857648449e-06,3.90465857648449e-06,0.0
1733174940.0,3.90465857648449e-06,3.90465857648449e-06,3.90465857648449e-06,3.90465857648449e-06,0.0
1733175000.0,3.90465857648449e-06,3.90465857648449e-06,3.90465857648449e-06,3.90465857648449e-06,0.0
1733175060.0,3.90465857648449e-06,3.90465857648449e-06,3.90465857648449e-06,3.90465857648449e-06,0.0
1733175120.0,3.90465857648449e-06,3.90465857648449e-06,3.90465857648449e-06,3.90465857648449e-06,0.0
1733175180.0,3.90465857648449e-06,3.90465857648449e-06,3.90465857648449e-06,3.90465857648449e-06,0.0
1733175240.0,3.90465857648449e-06,3.90465857648449e-06,3.90465857648449e-06,3.90465857648449e-06,0.0
1733175300.0,3.90465857648449e-06,3.90465857648449e-06,3.90465857648449e-06,3.90465857648449e-06,0.0
1733175360.0,3.90465857648449e-06,3.90465857648449e-06,3.90465857648449e-06,3.90465857648449e-06,0.0
1733175420.0,3.90465857648449e-06,3.90465857648449e-06,3.90465857648449e-06,3.90465857648449e-06,0.0
1733175480.0,3.90465857648449e-06,3.90465857648449e-06,3.90465857648449e-06,3.90465857648449e-06,0.0
1733175540.0,3.90465857648449e-06,3.90465857648449e-06,3.90465857648449e-06,3.90465857648449e-06,0.0
1733175600.0,3.90465857648449e-06,3.90465857648449e-06,3.90465857648449e-06,3.90465857648449e-06,0.0
1733175660.0,3.90465857648449e-06,3.90465857648449e-06,3.90465857648449e-06,3.90465857648449e-06,0.0
1733175720.0,3.90465857648449e-06,3.90465857648449e-06,3.90465857648449e-06,3.90465857648449e-06,0.0
1733175780.0,3.90465857648449e-06,3.90465857648449e-06,3.90465857648449e-06,3.90465857648449e-06,0.0
1733175840.0,3.90465857648449e-06,3.90465857648449e-06,3.90465857648449e-06,3.90465857648449e-06,0.0
1733175900.0,3.90465857648449e-06,3.90465857648449e-06,3.90465857648449e-06,3.90465857648449e-06,0.0
1733175960.0,3.90465857648449e-06,3.90465857648449e-06,3.90465857648449e-06,3.90465857648449e-06,0.0
1733176020.0,3.90465857648449e-06,3.90465857648449e-06,3.90465857648449e-06,3.90465857648449e-06,0.0
1733176080.0,3.90465857648449e-06,3.90465857648449e-06,3.90465857648449e-06,3.90465857648449e-06,0.0
1733176140.0,3.90465857648449e-06,3.90465857648449e-06,3.90465857648449e-06,3.90465857648449e-06,0.0
1733176200.0,3.90465857648449e-06,3.90465857648449e-06,3.90465857648449e-06,3.90465857648449e-06,0.0
1733176260.0,3.90465857648449e-06,3.90465857648449e-06,3.90465857648449e-06,3.90465857648449e-06,0.0
1733176320.0,3.90465857648449e-06,3.90465857648449e-06,3.90465857648449e-06,3.90465857648449e-06,0.0
1733176380.0,3.90465857648449e-06,3.90465857648449e-06,3.90465857648449e-06,3.90465857648449e-06,0.0
1733176440.0,3.90465857648449e-06,3.90465857648449e-06,3.90465857648449e-06,3.90465857648449e-06,0.0
1733176500.0,3.90465857648449e-06,3.90465857648449e-06,3.90465857648449e-06,3.90465857648449e-06,0.0
1733176560.0,3.90465857648449e-06,3.90465857648449e-06,3.90465857648449e-06,3.90465857648449e-06,0.0
1733176620.0,3.90465857648449e-06,3.90465857648449e-06,3.90465857648449e-06,3.90465857648449e-06,0.0
1733176680.0,3.90465857648449e-06,3.90465857648449e-06,3.90465857648449e-06,3.90465857648449e-06,0.0
1733176740.0,3.90465857648449e-06,3.90465857648449e-06,3.90465857648449e-06,3.90465857648449e-06,0.0
1733176800.0,3.90465857648449e-06,3.90465857648449e-06,3.90465857648449e-06,3.90465857648449e-06,0.0
1733176860.0,3.90465857648449e-06,3.90465857648449e-06,3.90465857648449e-06,3.90465857648449e-06,0.0
1733176920.0,3.90465857648449e-06,3.90465857648449e-06,3.90465857648449e-06,3.90465857648449e-06,0.0
1733176980.0,3.90465857648449e-06,3.90465857648449e-06,3.90465857648449e-06,3.90465857648449e-06,0.0
1733177040.0,3.90465857648449e-06,3.90465857648449e-06,3.90465857648449e-06,3.90465857648449e-06,0.0
1733177100.0,3.90465857648449e-06,3.90465857648449e-06,3.90465857648449e-06,3.90465857648449e-06,0.0
1733177160.0,3.90465857648449e-06,3.90465857648449e-06,3.90465857648449e-06,3.90465857648449e-06,0.0
1733177220.0,3.90465857648449e-06,3.90465857648449e-06,3.90465857648449e-06,3.90465857648449e-06,0.0
1733177280.0,3.90465857648449e-06,3.90465857648449e-06,3.90465857648449e-06,3.90465857648449e-06,0.0
1733177340.0,3.90465857648449e-06,3.90465857648449e-06,3.90465857648449e-06,3.90465857648449e-06,0.0
1733177400.0,3.90465857648449e-06,3.90465857648449e-06,3.90465857648449e-06,3.90465857648449e-06,0.0
1733177460.0,3.90465857648449e-06,3.90465857648449e-06,3.90465857648449e-06,3.90465857648449e-06,0.0
1733177520.0,3.90465857648449e-06,3.90465857648449e-06,3.90465857648449e-06,3.90465857648449e-06,0.0
1733177580.0,3.90465857648449e-06,3.90465857648449e-06,3.90465857648449e-06,3.90465857648449e-06,0.0
1733177640.0,3.90465857648449e-06,3.90465857648449e-06,3.90465857648449e-06,3.90465857648449e-06,0.0
1733177700.0,3.90465857648449e-06,3.90465857648449e-06,3.90465857648449e-06,3.90465857648449e-06,0.0
1733177760.0,3.90465857648449e-06,3.90465857648449e-06,3.90465857648449e-06,3.90465857648449e-06,0.0
1733177820.0,3.90465857648449e-06,3.90465857648449e-06,3.90465857648449e-06,3.90465857648449e-06,0.0
1733177880.0,3.90465857648449e-06,3.90465857648449e-06,3.90465857648449e-06,3.90465857648449e-06,0.0
1733177940.0,3.90465857648449e-06,3.90465857648449e-06,3.90465857648449e-06,3.90465857648449e-06,0.0
1733178000.0,3.90465857648449e-06,3.90465857648449e-06,3.90465857648449e-06,3.90465857648449e-06,0.0
1733178060.0,3.90465857648449e-06,3.90465857648449e-06,3.90465857648449e-06,3.90465857648449e-06,0.0
1733178120.0,3.90465857648449e-06,3.90465857648449e-06,3.90465857648449e-06,3.90465857648449e-06,0.0
1733178180.0,3.90465857648449e-06,3.90465857648449e-06,3.90465857648449e-06,3.90465857648449e-06,0.0
1733178240.0,3.90465857648449e-06,3.90465857648449e-06,3.90465857648449e-06,3.90465857648449e-06,0.0
1733178300.0,3.90465857648449e-06,3.90465857648449e-06,3.90465857648449e-06,3.90465857648449e-06,0.0
1733178360.0,3.90465857648449e-06,3.90465857648449e-06,3.90465857648449e-06,3.90465857648449e-06,0.0
1733178420.0,3.90465857648449e-06,3.90465857648449e-06,3.90465857648449e-06,3.90465857648449e-06,0.0
1733178480.0,3.90465857648449e-06,3.90465857648449e-06,3.90465857648449e-06,3.90465857648449e-06,0.0
1733178540.0,3.90465857648449e-06,3.90465857648449e-06,3.90465857648449e-06,3.90465857648449e-06,0.0
1733178600.0,3.90465857648449e-06,3.90465857648449e-06,3.90465857648449e-06,3.90465857648449e-06,0.0
1733178660.0,3.90465857648449e-06,3.90465857648449e-06,3.90465857648449e-06,3.90465857648449e-06,0.0
1733178720.0,3.90465857648449e-06,3.90465857648449e-06,3.90465857648449e-06,3.90465857648449e-06,0.0
1733178780.0,3.90465857648449e-06,3.90465857648449e-06,3.90465857648449e-06,3.90465857648449e-06,0.0
1733178840.0,3.90465857648449e-06,3.90465857648449e-06,3.90465857648449e-06,3.90465857648449e-06,0.0
1733178900.0,3.90465857648449e-06,3.90465857648449e-06,3.90465857648449e-06,3.90465857648449e-06,0.0
1733178960.0,3.90465857648449e-06,3.90465857648449e-06,3.90465857648449e-06,3.90465857648449e-06,0.0
1733179020.0,3.90465857648449e-06,3.90465857648449e-06,3.90465857648449e-06,3.90465857648449e-06,0.0
1733179080.0,3.90465857648449e-06,3.90465857648449e-06,3.90465857648449e-06,3.90465857648449e-06,0.0
1733179140.0,3.90465857648449e-06,3.90465857648449e-06,3.90465857648449e-06,3.90465857648449e-06,0.0
1733179200.0,3.90465857648449e-06,3.90465857648449e-06,3.90465857648449e-06,3.90465857648449e-06,0.0
1733179260.0,3.90465857648449e-06,3.90465857648449e-06,3.90465857648449e-06,3.90465857648449e-06,0.0
1733179320.0,3.90465857648449e-06,3.90465857648449e-06,3.90465857648449e-06,3.90465857648449e-06,0.0
1733179380.0,3.90465857648449e-06,3.90465857648449e-06,3.90465857648449e-06,3.90465857648449e-06,0.0
1733179440.0,3.90465857648449e-06,3.90465857648449e-06,3.90465857648449e-06,3.90465857648449e-06,0.0
1733179500.0,3.90465857648449e-06,3.90465857648449e-06,3.90465857648449e-06,3.90465857648449e-06,0.0
1733179560.0,3.90465857648449e-06,3.90465857648449e-06,3.90465857648449e-06,3.90465857648449e-06,0.0
1733179620.0,3.90465857648449e-06,3.90465857648449e-06,3.90465857648449e-06,3.90465857648449e-06,0.0
1733179680.0,3.90465857648449e-06,3.90465857648449e-06,3.90465857648449e-06,3.90465857648449e-06,0.0
1733179740.0,3.90465857648449e-06,3.90465857648449e-06,3.90465857648449e-06,3.90465857648449e-06,0.0
1733179800.0,3.90465857648449e-06,3.90465857648449e-06,3.90465857648449e-06,3.90465857648449e-06,0.0
1733179860.0,3.90465857648449e-06,3.90465857648449e-06,3.90465857648449e-06,3.90465857648449e-06,0.0
1733179920.0,3.90465857648449e-06,3.90465857648449e-06,3.90465857648449e-06,3.90465857648449e-06,0.0
1733179980.0,3.90465857648449e-06,3.90465857648449e-06,3.90465857648449e-06,3.90465857648449e-06,0.0
1733180040.0,3.90465857648449e-06,3.90465857648449e-06,3.90465857648449e-06,3.90465857648449e-06,0.0
1733180100.0,3.90465857648449e-06,3.90465857648449e-06,3.90465857648449e-06,3.90465857648449e-06,0.0
1733180160.0,3.90465857648449e-06,3.90465857648449e-06,3.90465857648449e-06,3.90465857648449e-06,0.0
1733180220.0,3.90465857648449e-06,3.90465857648449e-06,3.90465857648449e-06,3.90465857648449e-06,0.0
1733180280.0,3.90465857648449e-06,3.90465857648449e-06,3.90465857648449e-06,3.90465857648449e-06,0.0
1733180340.0,3.90465857648449e-06,3.90465857648449e-06,3.90465857648449e-06,3.90465857648449e-06,0.0
1733180400.0,3.90465857648449e-06,3.90465857648449e-06,3.90465857648449e-06,3.90465857648449e-06,0.0
1733180460.0,3.90465857648449e-06,3.90465857648449e-06,3.90465857648449e-06,3.90465857648449e-06,0.0
1733180520.0,3.90465857648449e-06,3.90465857648449e-06,3.90465857648449e-06,3.90465857648449e-06,0.0
1733180580.0,3.90465857648449e-06,3.90465857648449e-06,3.90465857648449e-06,3.90465857648449e-06,0.0
1733180640.0,3.90465857648449e-06,3.90465857648449e-06,3.90465857648449e-06,3.90465857648449e-06,0.0
1733180700.0,3.90465857648449e-06,3.90465857648449e-06,3.90465857648449e-06,3.90465857648449e-06,0.0
1733180760.0,3.90465857648449e-06,3.90465857648449e-06,3.90465857648449e-06,3.90465857648449e-06,0.0
1733180820.0,3.90465857648449e-06,3.90465857648449e-06,3.90465857648449e-06,3.90465857648449e-06,0.0
1733180880.0,3.90465857648449e-06,3.90465857648449e-06,3.90465857648449e-06,3.90465857648449e-06,0.0
1733180940.0,3.90465857648449e-06,3.90465857648449e-06,3.90465857648449e-06,3.90465857648449e-06,0.0
1733181000.0,3.90465857648449e-06,3.90465857648449e-06,3.90465857648449e-06,3.90465857648449e-06,0.0
1733181060.0,3.90465857648449e-06,3.90465857648449e-06,3.90465857648449e-06,3.90465857648449e-06,0.0
1733181120.0,3.90465857648449e-06,3.90465857648449e-06,3.90465857648449e-06,3.90465857648449e-06,0.0
1733181180.0,3.90465857648449e-06,3.90465857648449e-06,3.90465857648449e-06,3.90465857648449e-06,0.0
1733181240.0,3.90465857648449e-06,3.90465857648449e-06,3.90465857648449e-06,3.90465857648449e-06,0.0
1733181300.0,3.90465857648449e-06,3.90465857648449e-06,3.90465857648449e-06,3.90465857648449e-06,0.0
1733181360.0,3.90465857648449e-06,3.90465857648449e-06,3.90465857648449e-06,3.90465857648449e-06,0.0
1733181420.0,3.90465857648449e-06,3.90465857648449e-06,3.90465857648449e-06,3.90465857648449e-06,0.0
1733181480.0,3.90465857648449e-06,3.90465857648449e-06,3.90465857648449e-06,3.90465857648449e-06,0.0
1733181540.0,3.90465857648449e-06,3.90465857648449e-06,3.90465857648449e-06,3.90465857648449e-06,0.0
1733181600.0,3.90465857648449e-06,3.90465857648449e-06,3.90465857648449e-06,3.90465857648449e-06,0.0
1733181660.0,3.90465857648449e-06,3.90465857648449e-06,3.90465857648449e-06,3.90465857648449e-06,0.0
1733181720.0,3.90465857648449e-06,3.90465857648449e-06,3.90465857648449e-06,3.90465857648449e-06,0.0
1733181780.0,3.90465857648449e-06,3.90465857648449e-06,3.90465857648449e-06,3.90465857648449e-06,0.0
1733181840.0,3.90465857648449e-06,3.90465857648449e-06,3.90465857648449e-06,3.90465857648449e-06,0.0
1733181900.0,3.90465857648449e-06,3.90465857648449e-06,3.90465857648449e-06,3.90465857648449e-06,0.0
1733181960.0,3.90465857648449e-06,3.90465857648449e-06,3.90465857648449e-06,3.90465857648449e-06,0.0
1733182020.0,3.90465857648449e-06,3.90465857648449e-06,3.90465857648449e-06,3.90465857648449e-06,0.0
1733182080.0,3.90465857648449e-06,3.90465857648449e-06,3.90465857648449e-06,3.90465857648449e-06,0.0
1733182140.0,3.90465857648449e-06,3.90465857648449e-06,3.90465857648449e-06,3.90465857648449e-06,0.0
1733182200.0,3.90465857648449e-06,3.90465857648449e-06,3.90465857648449e-06,3.90465857648449e-06,0.0
1733182260.0,3.90465857648449e-06,3.90465857648449e-06,3.90465857648449e-06,3.90465857648449e-06,0.0
1733182320.0,3.90465857648449e-06,3.90465857648449e-06,3.90465857648449e-06,3.90465857648449e-06,0.0
1733182380.0,3.90465857648449e-06,3.90465857648449e-06,3.90465857648449e-06,3.90465857648449e-06,0.0
1733182440.0,3.90465857648449e-06,3.90465857648449e-06,3.90465857648449e-06,3.90465857648449e-06,0.0
1733182500.0,3.90465857648449e-06,3.90465857648449e-06,3.90465857648449e-06,3.90465857648449e-06,0.0
1733182560.0,3.90465857648449e-06,3.90465857648449e-06,3.90465857648449e-06,3.90465857648449e-06,0.0
1733182620.0,3.90465857648449e-06,3.90465857648449e-06,3.90465857648449e-06,3.90465857648449e-06,0.0
1733182680.0,3.90465857648449e-06,3.90465857648449e-06,3.90465857648449e-06,3.90465857648449e-06,0.0
1733182740.0,3.90465857648449e-06,3.90465857648449e-06,3.90465857648449e-06,3.90465857648449e-06,0.0
1733182800.0,3.90465857648449e-06,3.90465857648449e-06,3.90465857648449e-06,3.90465857648449e-06,0.0
1733182860.0,3.90465857648449e-06,3.90465857648449e-06,3.90465857648449e-06,3.90465857648449e-06,0.0
1733182920.0,3.90465857648449e-06,3.90465857648449e-06,3.90465857648449e-06,3.90465857648449e-06,0.0
1733182980.0,3.90465857648449e-06,3.90465857648449e-06,3.90465857648449e-06,3.90465857648449e-06,0.0
1733183040.0,3.90465857648449e-06,3.90465857648449e-06,3.90465857648449e-06,3.90465857648449e-06,0.0
1733183100.0,3.90465857648449e-06,3.90465857648449e-06,3.90465857648449e-06,3.90465857648449e-06,0.0
1733183160.0,3.90465857648449e-06,3.90465857648449e-06,3.90465857648449e-06,3.90465857648449e-06,0.0
1733183220.0,3.90465857648449e-06,3.90465857648449e-06,3.90465857648449e-06,3.90465857648449e-06,0.0
1733183280.0,3.90465857648449e-06,3.90465857648449e-06,3.90465857648449e-06,3.90465857648449e-06,0.0
1733183340.0,3.90465857648449e-06,3.90465857648449e-06,3.90465857648449e-06,3.90465857648449e-06,0.0
1733183400.0,3.90465857648449e-06,3.90465857648449e-06,3.90465857648449e-06,3.90465857648449e-06,0.0
1733183460.0,3.90465857648449e-06,3.90465857648449e-06,3.90465857648449e-06,3.90465857648449e-06,0.0
1733183520.0,3.90465857648449e-06,3.90465857648449e-06,3.90465857648449e-06,3.90465857648449e-06,0.0
1733183580.0,3.90465857648449e-06,3.90465857648449e-06,3.90465857648449e-06,3.90465857648449e-06,0.0
1733183640.0,3.90465857648449e-06,3.90465857648449e-06,3.90465857648449e-06,3.90465857648449e-06,0.0
1733183700.0,3.90465857648449e-06,3.90465857648449e-06,3.90465857648449e-06,3.90465857648449e-06,0.0
1733183760.0,3.90465857648449e-06,3.90465857648449e-06,3.90465857648449e-06,3.90465857648449e-06,0.0
1733183820.0,3.90465857648449e-06,3.90465857648449e-06,3.90465857648449e-06,3.90465857648449e-06,0.0
1733183880.0,3.90465857648449e-06,3.90465857648449e-06,3.90465857648449e-06,3.90465857648449e-06,0.0
1733183940.0,3.90465857648449e-06,3.90465857648449e-06,3.90465857648449e-06,3.90465857648449e-06,0.0
1733184000.0,3.90465857648449e-06,3.90465857648449e-06,3.90465857648449e-06,3.90465857648449e-06,0.0
1733184060.0,3.90465857648449e-06,3.90465857648449e-06,3.90465857648449e-06,3.90465857648449e-06,0.0
1733184120.0,3.90465857648449e-06,3.90465857648449e-06,3.90465857648449e-06,3.90465857648449e-06,0.0
1733184180.0,3.90465857648449e-06,3.90465857648449e-06,3.90465857648449e-06,3.90465857648449e-06,0.0
1733184240.0,3.90465857648449e-06,3.90465857648449e-06,3.90465857648449e-06,3.90465857648449e-06,0.0
1733184300.0,3.90465857648449e-06,3.90465857648449e-06,3.90465857648449e-06,3.90465857648449e-06,0.0
1733184360.0,3.90465857648449e-06,3.90465857648449e-06,3.90465857648449e-06,3.90465857648449e-06,0.0
1733184420.0,3.90465857648449e-06,3.90465857648449e-06,3.90465857648449e-06,3.90465857648449e-06,0.0
1733184480.0,3.90465857648449e-06,3.90465857648449e-06,3.90465857648449e-06,3.90465857648449e-06,0.0
1733184540.0,3.90465857648449e-06,3.90465857648449e-06,3.90465857648449e-06,3.90465857648449e-06,0.0
1733184600.0,3.90465857648449e-06,3.90465857648449e-06,3.90465857648449e-06,3.90465857648449e-06,0.0
1733184660.0,3.90465857648449e-06,3.90465857648449e-06,3.90465857648449e-06,3.90465857648449e-06,0.0
1733184720.0,3.90465857648449e-06,3.90465857648449e-06,3.90465857648449e-06,3.90465857648449e-06,0.0
1733184780.0,3.90465857648449e-06,3.90465857648449e-06,3.90465857648449e-06,3.90465857648449e-06,0.0
1733184840.0,3.90465857648449e-06,3.90465857648449e-06,3.90465857648449e-06,3.90465857648449e-06,0.0
1733184900.0,3.90465857648449e-06,3.90465857648449e-06,3.90465857648449e-06,3.90465857648449e-06,0.0
1733184960.0,3.90465857648449e-06,3.90465857648449e-06,3.90465857648449e-06,3.90465857648449e-06,0.0
1733185020.0,3.90465857648449e-06,3.90465857648449e-06,3.90465857648449e-06,3.90465857648449e-06,0.0
1733185080.0,3.90465857648449e-06,3.90465857648449e-06,3.90465857648449e-06,3.90465857648449e-06,0.0
1733185140.0,3.90465857648449e-06,3.90465857648449e-06,3.90465857648449e-06,3.90465857648449e-06,0.0
1733185200.0,3.90465857648449e-06,3.90465857648449e-06,3.90465857648449e-06,3.90465857648449e-06,0.0
1733185260.0,3.90465857648449e-06,3.90465857648449e-06,3.90465857648449e-06,3.90465857648449e-06,0.0
1733185320.0,3.90465857648449e-06,3.90465857648449e-06,3.90465857648449e-06,3.90465857648449e-06,0.0
1733185380.0,3.90465857648449e-06,3.90465857648449e-06,3.90465857648449e-06,3.90465857648449e-06,0.0
1733185440.0,3.90465857648449e-06,3.90465857648449e-06,3.90465857648449e-06,3.90465857648449e-06,0.0
1733185500.0,3.90465857648449e-06,3.90465857648449e-06,3.90465857648449e-06,3.90465857648449e-06,0.0
1733185560.0,3.90465857648449e-06,3.90465857648449e-06,3.90465857648449e-06,3.90465857648449e-06,0.0
1733185620.0,3.90465857648449e-06,3.90465857648449e-06,3.90465857648449e-06,3.90465857648449e-06,0.0
1733185680.0,3.90465857648449e-06,3.90465857648449e-06,3.90465857648449e-06,3.90465857648449e-06,0.0
1733185740.0,3.90465857648449e-06,3.90465857648449e-06,3.90465857648449e-06,3.90465857648449e-06,0.0
1733185800.0,3.90465857648449e-06,3.90465857648449e-06,3.90465857648449e-06,3.90465857648449e-06,0.0
1733185860.0,3.90465857648449e-06,3.90465857648449e-06,3.90465857648449e-06,3.90465857648449e-06,0.0
1733185920.0,3.90465857648449e-06,3.90465857648449e-06,3.90465857648449e-06,3.90465857648449e-06,0.0
1733185980.0,3.90465857648449e-06,3.90465857648449e-06,3.90465857648449e-06,3.90465857648449e-06,0.0
1733186040.0,3.90465857648449e-06,3.90465857648449e-06,3.90465857648449e-06,3.90465857648449e-06,0.0
1733186100.0,3.90465857648449e-06,3.90465857648449e-06,3.90465857648449e-06,3.90465857648449e-06,0.0
1733186160.0,3.90465857648449e-06,3.90465857648449e-06,3.90465857648449e-06,3.90465857648449e-06,0.0
1733186220.0,3.90465857648449e-06,3.90465857648449e-06,3.90465857648449e-06,3.90465857648449e-06,0.0
1733186280.0,3.90465857648449e-06,3.90465857648449e-06,3.90465857648449e-06,3.90465857648449e-06,0.0
1733186340.0,3.90465857648449e-06,3.90465857648449e-06,3.90465857648449e-06,3.90465857648449e-06,0.0
1733186400.0,3.90465857648449e-06,3.90465857648449e-06,3.90465857648449e-06,3.90465857648449e-06,0.0
1733186460.0,3.90465857648449e-06,3.90465857648449e-06,3.90465857648449e-06,3.90465857648449e-06,0.0
1733186520.0,3.90465857648449e-06,3.90465857648449e-06,3.90465857648449e-06,3.90465857648449e-06,0.0
1733186580.0,3.90465857648449e-06,3.90465857648449e-06,3.90465857648449e-06,3.90465857648449e-06,0.0
1733186640.0,3.90465857648449e-06,3.90465857648449e-06,3.90465857648449e-06,3.90465857648449e-06,0.0
1733186700.0,3.90465857648449e-06,3.90465857648449e-06,3.90465857648449e-06,3.90465857648449e-06,0.0
1733186760.0,3.90465857648449e-06,3.90465857648449e-06,3.90465857648449e-06,3.90465857648449e-06,0.0
1733186820.0,3.90465857648449e-06,3.90465857648449e-06,3.90465857648449e-06,3.90465857648449e-06,0.0
1733186880.0,3.90465857648449e-06,3.90465857648449e-06,3.90465857648449e-06,3.90465857648449e-06,0.0
1733186940.0,3.90465857648449e-06,3.90465857648449e-06,3.90465857648449e-06,3.90465857648449e-06,0.0
1733187000.0,3.90465857648449e-06,3.90465857648449e-06,3.90465857648449e-06,3.90465857648449e-06,0.0
1733187060.0,3.90465857648449e-06,3.90465857648449e-06,3.90465857648449e-06,3.90465857648449e-06,0.0
1733187120.0,3.90465857648449e-06,3.90465857648449e-06,3.90465857648449e-06,3.90465857648449e-06,0.0
1733187180.0,3.90465857648449e-06,3.90465857648449e-06,3.90465857648449e-06,3.90465857648449e-06,0.0
1733187240.0,3.90465857648449e-06,3.90465857648449e-06,3.90465857648449e-06,3.90465857648449e-06,0.0
1733187300.0,3.90465857648449e-06,3.90465857648449e-06,3.90465857648449e-06,3.90465857648449e-06,0.0
1733187360.0,3.90465857648449e-06,3.90465857648449e-06,3.90465857648449e-06,3.90465857648449e-06,0.0
1733187420.0,3.90465857648449e-06,3.90465857648449e-06,3.90465857648449e-06,3.90465857648449e-06,0.0
1733187480.0,3.90465857648449e-06,3.90465857648449e-06,3.90465857648449e-06,3.90465857648449e-06,0.0
1733187540.0,3.90465857648449e-06,3.90465857648449e-06,3.90465857648449e-06,3.90465857648449e-06,0.0
1733187600.0,3.90465857648449e-06,3.90465857648449e-06,3.90465857648449e-06,3.90465857648449e-06,0.0
1733187660.0,3.90465857648449e-06,3.90465857648449e-06,3.90465857648449e-06,3.90465857648449e-06,0.0
1733187720.0,3.90465857648449e-06,3.90465857648449e-06,3.90465857648449e-06,3.90465857648449e-06,0.0
1733187780.0,3.90465857648449e-06,3.90465857648449e-06,3.90465857648449e-06,3.90465857648449e-06,0.0
1733187840.0,3.90465857648449e-06,3.90465857648449e-06,3.90465857648449e-06,3.90465857648449e-06,0.0
1733187900.0,3.90465857648449e-06,3.90465857648449e-06,3.90465857648449e-06,3.90465857648449e-06,0.0
1733187960.0,3.90465857648449e-06,3.90465857648449e-06,3.90465857648449e-06,3.90465857648449e-06,0.0
1733188020.0,3.90465857648449e-06,3.90465857648449e-06,3.90465857648449e-06,3.90465857648449e-06,0.0
1733188080.0,3.90465857648449e-06,3.90465857648449e-06,3.90465857648449e-06,3.90465857648449e-06,0.0
1733188140.0,3.90465857648449e-06,3.90465857648449e-06,3.90465857648449e-06,3.90465857648449e-06,0.0
1733188200.0,3.90465857648449e-06,3.90465857648449e-06,3.90465857648449e-06,3.90465857648449e-06,0.0
1733188260.0,3.90465857648449e-06,3.90465857648449e-06,3.90465857648449e-06,3.90465857648449e-06,0.0
1733188320.0,3.90465857648449e-06,3.90465857648449e-06,3.90465857648449e-06,3.90465857648449e-06,0.0
1733188380.0,3.90465857648449e-06,3.90465857648449e-06,3.90465857648449e-06,3.90465857648449e-06,0.0
1733188440.0,3.90465857648449e-06,3.90465857648449e-06,3.90465857648449e-06,3.90465857648449e-06,0.0
1733188500.0,3.90465857648449e-06,3.90465857648449e-06,3.90465857648449e-06,3.90465857648449e-06,0.0
1733188560.0,3.90465857648449e-06,3.90465857648449e-06,3.90465857648449e-06,3.90465857648449e-06,0.0
1733188620.0,3.90465857648449e-06,3.90465857648449e-06,3.90465857648449e-06,3.90465857648449e-06,0.0
1733188680.0,3.90465857648449e-06,3.90465857648449e-06,3.90465857648449e-06,3.90465857648449e-06,0.0
1733188740.0,3.90465857648449e-06,3.90465857648449e-06,3.90465857648449e-06,3.90465857648449e-06,0.0
1733188800.0,3.90465857648449e-06,3.90465857648449e-06,3.90465857648449e-06,3.90465857648449e-06,0.0
1733188860.0,3.90465857648449e-06,3.90465857648449e-06,3.90465857648449e-06,3.90465857648449e-06,0.0
1733188920.0,3.90465857648449e-06,3.90465857648449e-06,3.90465857648449e-06,3.90465857648449e-06,0.0
1733188980.0,3.90465857648449e-06,3.90465857648449e-06,3.90465857648449e-06,3.90465857648449e-06,0.0
1733189040.0,3.90465857648449e-06,3.90465857648449e-06,3.90465857648449e-06,3.90465857648449e-06,0.0
1733189100.0,3.90465857648449e-06,3.90465857648449e-06,3.90465857648449e-06,3.90465857648449e-06,0.0
1733189160.0,3.90465857648449e-06,3.90465857648449e-06,3.90465857648449e-06,3.90465857648449e-06,0.0
1733189220.0,3.90465857648449e-06,3.90465857648449e-06,3.90465857648449e-06,3.90465857648449e-06,0.0
1733189280.0,3.90465857648449e-06,3.90465857648449e-06,3.90465857648449e-06,3.90465857648449e-06,0.0
1733189340.0,3.90465857648449e-06,3.90465857648449e-06,3.90465857648449e-06,3.90465857648449e-06,0.0
1733189400.0,3.90465857648449e-06,3.90465857648449e-06,3.90465857648449e-06,3.90465857648449e-06,0.0
1733189460.0,3.90465857648449e-06,3.90465857648449e-06,3.90465857648449e-06,3.90465857648449e-06,0.0
1733189520.0,3.90465857648449e-06,3.90465857648449e-06,3.90465857648449e-06,3.90465857648449e-06,0.0
1733189580.0,3.90465857648449e-06,3.90465857648449e-06,3.90465857648449e-06,3.90465857648449e-06,0.0
1733189640.0,3.90465857648449e-06,3.90465857648449e-06,3.90465857648449e-06,3.90465857648449e-06,0.0
1733189700.0,3.90465857648449e-06,3.90465857648449e-06,3.90465857648449e-06,3.90465857648449e-06,0.0
1733189760.0,3.90465857648449e-06,3.90465857648449e-06,3.90465857648449e-06,3.90465857648449e-06,0.0
1733189820.0,3.90465857648449e-06,3.90465857648449e-06,3.90465857648449e-06,3.90465857648449e-06,0.0
1733189880.0,3.90465857648449e-06,3.90465857648449e-06,3.90465857648449e-06,3.90465857648449e-06,0.0
1733189940.0,3.90465857648449e-06,3.90465857648449e-06,3.90465857648449e-06,3.90465857648449e-06,0.0
1733190000.0,3.90465857648449e-06,3.90465857648449e-06,3.90465857648449e-06,3.90465857648449e-06,0.0
1733190060.0,3.90465857648449e-06,3.90465857648449e-06,3.90465857648449e-06,3.90465857648449e-06,0.0
1733190120.0,3.90465857648449e-06,3.90465857648449e-06,3.90465857648449e-06,3.90465857648449e-06,0.0
1733190180.0,3.90465857648449e-06,3.90465857648449e-06,3.90465857648449e-06,3.90465857648449e-06,0.0
1733190240.0,3.90465857648449e-06,3.90465857648449e-06,3.90465857648449e-06,3.90465857648449e-06,0.0
1733190300.0,3.90465857648449e-06,3.90465857648449e-06,3.90465857648449e-06,3.90465857648449e-06,0.0
1733190360.0,3.90465857648449e-06,3.90465857648449e-06,3.90465857648449e-06,3.90465857648449e-06,0.0
1733190420.0,3.90465857648449e-06,3.90465857648449e-06,3.90465857648449e-06,3.90465857648449e-06,0.0
1733190480.0,3.90465857648449e-06,3.90465857648449e-06,3.90465857648449e-06,3.90465857648449e-06,0.0
1733190540.0,3.90465857648449e-06,3.90465857648449e-06,3.90465857648449e-06,3.90465857648449e-06,0.0
1733190600.0,3.90465857648449e-06,3.90465857648449e-06,3.90465857648449e-06,3.90465857648449e-06,0.0
1733190660.0,3.90465857648449e-06,3.90465857648449e-06,3.90465857648449e-06,3.90465857648449e-06,0.0
1733190720.0,3.90465857648449e-06,3.90465857648449e-06,3.90465857648449e-06,3.90465857648449e-06,0.0
1733190780.0,3.90465857648449e-06,3.90465857648449e-06,3.90465857648449e-06,3.90465857648449e-06,0.0
1733190840.0,3.90465857648449e-06,3.90465857648449e-06,3.90465857648449e-06,3.90465857648449e-06,0.0
1733190900.0,3.90465857648449e-06,3.90465857648449e-06,3.90465857648449e-06,3.90465857648449e-06,0.0
1733190960.0,3.90465857648449e-06,3.90465857648449e-06,3.90465857648449e-06,3.90465857648449e-06,0.0
1733191020.0,3.90465857648449e-06,3.90465857648449e-06,3.90465857648449e-06,3.90465857648449e-06,0.0
1733191080.0,3.90465857648449e-06,3.90465857648449e-06,3.90465857648449e-06,3.90465857648449e-06,0.0
1733191140.0,3.90465857648449e-06,3.90465857648449e-06,3.90465857648449e-06,3.90465857648449e-06,0.0
1733191200.0,3.90465857648449e-06,3.90465857648449e-06,3.90465857648449e-06,3.90465857648449e-06,0.0
1733191260.0,3.90465857648449e-06,3.90465857648449e-06,3.90465857648449e-06,3.90465857648449e-06,0.0
1733191320.0,3.90465857648449e-06,3.90465857648449e-06,3.90465857648449e-06,3.90465857648449e-06,0.0
1733191380.0,3.90465857648449e-06,3.90465857648449e-06,3.90465857648449e-06,3.90465857648449e-06,0.0
1733191440.0,3.90465857648449e-06,3.90465857648449e-06,3.90465857648449e-06,3.90465857648449e-06,0.0
1733191500.0,3.90465857648449e-06,3.90465857648449e-06,3.90465857648449e-06,3.90465857648449e-06,0.0
1733191560.0,3.90465857648449e-06,3.90465857648449e-06,3.90465857648449e-06,3.90465857648449e-06,0.0
1733191620.0,3.90465857648449e-06,3.90465857648449e-06,3.90465857648449e-06,3.90465857648449e-06,0.0
1733191680.0,3.90465857648449e-06,3.90465857648449e-06,3.90465857648449e-06,3.90465857648449e-06,0.0
1733191740.0,3.90465857648449e-06,3.90465857648449e-06,3.90465857648449e-06,3.90465857648449e-06,0.0
1733191800.0,3.90465857648449e-06,3.90465857648449e-06,3.90465857648449e-06,3.90465857648449e-06,0.0
1733191860.0,3.90465857648449e-06,3.90465857648449e-06,3.90465857648449e-06,3.90465857648449e-06,0.0
1733191920.0,3.90465857648449e-06,3.90465857648449e-06,3.90465857648449e-06,3.90465857648449e-06,0.0
1733191980.0,3.90465857648449e-06,3.90465857648449e-06,3.90465857648449e-06,3.90465857648449e-06,0.0
1733192040.0,3.90465857648449e-06,3.90465857648449e-06,3.90465857648449e-06,3.90465857648449e-06,0.0
1733192100.0,3.90465857648449e-06,3.90465857648449e-06,3.90465857648449e-06,3.90465857648449e-06,0.0
1733192160.0,3.90465857648449e-06,3.90465857648449e-06,3.90465857648449e-06,3.90465857648449e-06,0.0
1733192220.0,3.90465857648449e-06,3.90465857648449e-06,3.90465857648449e-06,3.90465857648449e-06,0.0
1733192280.0,3.90465857648449e-06,3.90465857648449e-06,3.90465857648449e-06,3.90465857648449e-06,0.0
1733192340.0,3.90465857648449e-06,3.90465857648449e-06,3.90465857648449e-06,3.90465857648449e-06,0.0
1733192400.0,3.90465857648449e-06,3.90465857648449e-06,3.90465857648449e-06,3.90465857648449e-06,0.0
1733192460.0,3.90465857648449e-06,3.90465857648449e-06,3.90465857648449e-06,3.90465857648449e-06,0.0
1733192520.0,3.90465857648449e-06,3.90465857648449e-06,3.90465857648449e-06,3.90465857648449e-06,0.0
1733192580.0,3.90465857648449e-06,3.90465857648449e-06,3.90465857648449e-06,3.90465857648449e-06,0.0
1733192640.0,3.90465857648449e-06,3.90465857648449e-06,3.90465857648449e-06,3.90465857648449e-06,0.0
1733192700.0,3.90465857648449e-06,3.90465857648449e-06,3.90465857648449e-06,3.90465857648449e-06,0.0
1733192760.0,3.90465857648449e-06,3.90465857648449e-06,3.90465857648449e-06,3.90465857648449e-06,0.0
1733192820.0,3.90465857648449e-06,3.90465857648449e-06,3.90465857648449e-06,3.90465857648449e-06,0.0
1733192880.0,3.90465857648449e-06,3.90465857648449e-06,3.90465857648449e-06,3.90465857648449e-06,0.0
1733192940.0,3.90465857648449e-06,3.90465857648449e-06,3.90465857648449e-06,3.90465857648449e-06,0.0
1733193000.0,3.90465857648449e-06,3.90465857648449e-06,3.90465857648449e-06,3.90465857648449e-06,0.0
1733193060.0,3.90465857648449e-06,3.90465857648449e-06,3.90465857648449e-06,3.90465857648449e-06,0.0
1733193120.0,3.90465857648449e-06,3.90465857648449e-06,3.90465857648449e-06,3.90465857648449e-06,0.0
1733193180.0,3.90465857648449e-06,3.90465857648449e-06,3.90465857648449e-06,3.90465857648449e-06,0.0
1733193240.0,3.90465857648449e-06,3.90465857648449e-06,3.90465857648449e-06,3.90465857648449e-06,0.0
1733193300.0,3.90465857648449e-06,3.90465857648449e-06,3.90465857648449e-06,3.90465857648449e-06,0.0
1733193360.0,3.90465857648449e-06,3.90465857648449e-06,3.90465857648449e-06,3.90465857648449e-06,0.0
1733193420.0,3.90465857648449e-06,3.90465857648449e-06,3.90465857648449e-06,3.90465857648449e-06,0.0
1733193480.0,3.90465857648449e-06,3.90465857648449e-06,3.90465857648449e-06,3.90465857648449e-06,0.0
1733193540.0,3.90465857648449e-06,3.90465857648449e-06,3.90465857648449e-06,3.90465857648449e-06,0.0
1733193600.0,3.90465857648449e-06,3.90465857648449e-06,3.90465857648449e-06,3.90465857648449e-06,0.0
1733193660.0,3.90465857648449e-06,3.90465857648449e-06,3.90465857648449e-06,3.90465857648449e-06,0.0
1733193720.0,3.90465857648449e-06,3.90465857648449e-06,3.90465857648449e-06,3.90465857648449e-06,0.0
1733193780.0,3.90465857648449e-06,3.90465857648449e-06,3.90465857648449e-06,3.90465857648449e-06,0.0
1733193840.0,3.90465857648449e-06,3.90465857648449e-06,3.90465857648449e-06,3.90465857648449e-06,0.0
1733193900.0,3.90465857648449e-06,3.90465857648449e-06,3.90465857648449e-06,3.90465857648449e-06,0.0
1733193960.0,3.90465857648449e-06,3.90465857648449e-06,3.90465857648449e-06,3.90465857648449e-06,0.0
