0,1,2,3,4,5
1736062260,4.14582111474545e-05,4.14582111474545e-05,4.14195449444468e-05,4.14195449444468e-05,3.28647256782
1736061600,4.2057347904748e-05,4.2057347904748e-05,4.14582111474545e-05,4.14582111474545e-05,15.7066132141
1736061480,4.26897364531273e-05,4.26897364531273e-05,4.2057347904748e-05,4.2057347904748e-05,166.92216902374
1736061180,4.28431991397048e-05,4.28431991397048e-05,4.26897364531273e-05,4.26897364531273e-05,15.94812553795
1736061120,4.31344142416344e-05,4.31344142416344e-05,4.28431991397048e-05,4.28431991397048e-05,24.7794663739
1736060940,4.2988949366906e-05,4.31344142416344e-05,4.2988949366906e-05,4.31344142416344e-05,1.698869641
1736060820,4.30695789686327e-05,4.30695789686327e-05,4.2988949366906e-05,4.2988949366906e-05,22.9325311901
1736060700,4.30960535602875e-05,4.30960535602875e-05,4.30695789686327e-05,4.30695789686327e-05,2.7769973004
1736060520,4.31511610571352e-05,4.31511610571352e-05,4.30960535602875e-05,4.30960535602875e-05,5.25453633693
1736059320,4.32948904317522e-05,4.32948904317522e-05,4.31511610571352e-05,4.31511610571352e-05,6.02913566304
1736059260,4.34340749364798e-05,4.34340749364798e-05,4.32948904317522e-05,4.32948904317522e-05,38.11996665217
1736059200,4.5697783329098e-05,4.5697783329098e-05,4.34340749364798e-05,4.34340749364798e-05,62.25405226992
1736058900,4.86118378336107e-05,4.86118378336107e-05,4.5697783329098e-05,4.5697783329098e-05,814.00401333674
1736058720,4.8708803558778e-05,4.8708803558778e-05,4.86118378336107e-05,4.86118378336107e-05,23.50103717868
1736058060,4.87296411655675e-05,4.87296411655675e-05,4.8708803558778e-05,4.8708803558778e-05,14.4570252436
1736057340,4.59097757355616e-05,4.87296411655675e-05,4.58240318833983e-05,4.87296411655675e-05,454.14166356456
1736056800,4.60326516364698e-05,4.60326516364698e-05,4.59097757355616e-05,4.59097757355616e-05,0.03936671436
1736056560,4.57249770345624e-05,4.60326516364698e-05,4.57249770345624e-05,4.60326516364698e-05,32.19450075
1736056500,4.59695026770735e-05,4.59695026770735e-05,4.57249770345624e-05,4.57249770345624e-05,9.14728165613
1736056440,4.5910737658191e-05,4.59695026770735e-05,4.5910737658191e-05,4.59695026770735e-05,0.99996871674
1736056020,4.6289638209141e-05,4.6289638209141e-05,4.5910737658191e-05,4.5910737658191e-05,28.84098057228
1736055960,4.67162887575135e-05,4.67162887575135e-05,4.6289638209141e-05,4.6289638209141e-05,102.42586056521
1736055840,4.67260819110482e-05,4.67260819110482e-05,4.67162887575135e-05,4.67162887575135e-05,0.93628457545
1736055660,5.01222519626933e-05,5.01222519626933e-05,4.67260819110482e-05,4.67260819110482e-05,3.16967488715
1736055360,5.38649116528547e-05,5.38649116528547e-05,5.01222519626933e-05,5.01222519626933e-05,980.3558426487
1736055120,5.41541015552316e-05,5.41541015552316e-05,5.38649116528547e-05,5.38649116528547e-05,16.08621985108
1736054940,5.4735147207832e-05,5.4735147207832e-05,5.41541015552316e-05,5.41541015552316e-05,59.02004786691
1736054880,5.61838292257419e-05,5.61838292257419e-05,5.4735147207832e-05,5.4735147207832e-05,98.75957282322
1736054760,5.7434918795234e-05,5.7434918795234e-05,5.61838292257419e-05,5.61838292257419e-05,292.9238672863
1736054640,5.70245218383939e-05,5.7434918795234e-05,5.70245218383939e-05,5.7434918795234e-05,43.45
1736054580,5.7026459690254e-05,5.7026459690254e-05,5.70245218383939e-05,5.70245218383939e-05,11.31638179088
1736054280,5.59212632214415e-05,5.7026459690254e-05,5.59212632214415e-05,5.7026459690254e-05,201.48817041648
1736054100,5.58410099279908e-05,5.59212632214415e-05,5.58410099279908e-05,5.59212632214415e-05,1.000935759
1736053860,5.56442606615046e-05,5.58410099279908e-05,5.56442606615046e-05,5.58410099279908e-05,27.928201812
1736053800,5.9724338448946e-05,6.00367192666971e-05,5.56442606615046e-05,5.56442606615046e-05,653.34094807213
1736053080,5.98344173165677e-05,5.98344173165677e-05,5.9724338448946e-05,5.9724338448946e-05,7.10854119526
1736052960,6.00727444025718e-05,6.00727444025718e-05,5.98344173165677e-05,5.98344173165677e-05,6.48589584252
1736052600,5.98863849558349e-05,6.0118160898478e-05,5.98863849558349e-05,6.00727444025718e-05,67.35533754258
1736052240,5.95973122642004e-05,5.98863849558349e-05,5.95973122642004e-05,5.98863849558349e-05,6.491529
1736052060,5.87129759128925e-05,5.95973122642004e-05,5.87129759128925e-05,5.95973122642004e-05,1.99074565827
1736051760,5.73136061292336e-05,5.87129759128925e-05,5.73136061292336e-05,5.87129759128925e-05,306.11
1736051580,5.74559221859198e-05,5.74559221859198e-05,5.73136061292336e-05,5.73136061292336e-05,6.29190976294
1736051520,5.7292161825001e-05,5.74559221859198e-05,5.7292161825001e-05,5.74559221859198e-05,45.9396
1736051460,5.69807892051948e-05,5.7292161825001e-05,5.69807892051948e-05,5.7292161825001e-05,0.87524
1736051040,5.78859065262221e-05,5.78859065262221e-05,5.69807892051948e-05,5.69807892051948e-05,30.17124527112
1736050980,5.91348012158468e-05,5.91348012158468e-05,5.78859065262221e-05,5.78859065262221e-05,224.85200112154
1736050920,5.94633421261247e-05,5.96596207562761e-05,5.91348012158468e-05,5.91348012158468e-05,123.4975120714
1736050860,6.5107992199195e-05,6.5107992199195e-05,5.94633421261247e-05,5.94633421261247e-05,722.44616704192
1736050800,6.51077320171797e-05,6.5107992199195e-05,6.51077320171797e-05,6.5107992199195e-05,4.80308105538
1736050740,6.33337716754907e-05,6.51077320171797e-05,6.33337716754907e-05,6.51077320171797e-05,216.4004192482
1736050680,6.25369478194193e-05,6.33337716754907e-05,6.25369478194193e-05,6.33337716754907e-05,121.45990741908
1736050620,5.0196659564413e-05,6.25369478194193e-05,5.0196659564413e-05,6.25369478194193e-05,1476.059842016
1736050560,4.8496410937774e-05,5.0196659564413e-05,4.8496410937774e-05,5.0196659564413e-05,436.4
1736050320,4.88798303649003e-05,4.88798303649003e-05,4.8496410937774e-05,4.8496410937774e-05,8.39763407164
1736050020,4.94246142293064e-05,4.94246142293064e-05,4.88798303649003e-05,4.88798303649003e-05,105.3161468538
1736049960,4.90973263838569e-05,4.94246142293064e-05,4.90973263838569e-05,4.94246142293064e-05,21.646428
1736049900,4.92016212277877e-05,4.92016212277877e-05,4.90973263838569e-05,4.90973263838569e-05,1.82082492852
1736049840,4.8339318642041e-05,5.02102059713648e-05,4.8339318642041e-05,4.92016212277877e-05,462.5892414984
1736049720,4.85134224101547e-05,4.85134224101547e-05,4.8339318642041e-05,4.8339318642041e-05,1.26270982257
1736049420,4.81730787260333e-05,4.85134224101547e-05,4.81730787260333e-05,4.85134224101547e-05,4.9381139419
1736049300,4.76000044397418e-05,4.81730787260333e-05,4.76000044397418e-05,4.81730787260333e-05,109.1
1736049240,4.76389263298221e-05,4.76389263298221e-05,4.76000044397418e-05,4.76000044397418e-05,9.8253110208
1736048940,4.78183231536234e-05,4.78183231536234e-05,4.76389263298221e-05,4.76389263298221e-05,4.60828342233
1736048880,4.86142219461284e-05,4.86142219461284e-05,4.78183231536234e-05,4.78183231536234e-05,21.819
1736048760,4.97791566801443e-05,4.97791566801443e-05,4.86142219461284e-05,4.86142219461284e-05,330.69734894904
1736048340,4.92963017067674e-05,4.98102618720689e-05,4.92963017067674e-05,4.97791566801443e-05,60.56265751482
1736048220,4.93083616860723e-05,4.93083616860723e-05,4.92963017067674e-05,4.92963017067674e-05,0.949917803
1736048160,4.8885536941448e-05,4.93083616860723e-05,4.8885536941448e-05,4.93083616860723e-05,53.41343946
1736048100,4.84630417367073e-05,4.8885536941448e-05,4.84630417367073e-05,4.8885536941448e-05,90.42127670588
1736047920,4.81664730941492e-05,4.84630417367073e-05,4.81664730941492e-05,4.84630417367073e-05,11.00222595729
1736047860,4.85510503672932e-05,4.85510503672932e-05,4.81664730941492e-05,4.81664730941492e-05,37.440446244
1736047740,4.86952461842996e-05,4.86952461842996e-05,4.85510503672932e-05,4.85510503672932e-05,38.5975368584
1736047680,4.89119124401374e-05,4.89119124401374e-05,4.86952461842996e-05,4.86952461842996e-05,9.66345717987
1736047380,4.91338043138102e-05,4.91338043138102e-05,4.89119124401374e-05,4.89119124401374e-05,59.15700058184
1736047200,5.04988955118232e-05,5.04988955118232e-05,4.91338043138102e-05,4.91338043138102e-05,177.24481443026
1736047140,5.06239101292026e-05,5.06239101292026e-05,5.04988955118232e-05,5.04988955118232e-05,25.71875655486
1736046900,5.06894352826429e-05,5.06894352826429e-05,5.06239101292026e-05,5.06239101292026e-05,20.404244867
1736046720,5.06871496796026e-05,5.06894352826429e-05,5.06871496796026e-05,5.06894352826429e-05,1.2181649456
1736046660,5.56776440420599e-05,5.56776440420599e-05,5.06871496796026e-05,5.06871496796026e-05,2.06423436088
1736046360,6.13956084585916e-05,6.13956084585916e-05,5.56776440420599e-05,5.56776440420599e-05,1383.83891354254
1736045460,6.13794994918759e-05,6.13956084585916e-05,6.10980344960997e-05,6.13956084585916e-05,6.62180939628
1736045220,6.10210508822208e-05,6.13794994918759e-05,6.10210508822208e-05,6.13794994918759e-05,10.842
1736045040,6.10736693009625e-05,6.10736693009625e-05,6.10210508822208e-05,6.10210508822208e-05,16.91215400952
1736044920,6.10528349123193e-05,6.10736693009625e-05,6.10528349123193e-05,6.10736693009625e-05,0.11885259144
1736044800,6.10971488077934e-05,6.10971488077934e-05,6.10528349123193e-05,6.10528349123193e-05,5.32062744444
1736044620,6.11215459536955e-05,6.11215459536955e-05,6.10971488077934e-05,6.10971488077934e-05,24.61197736962
1736044440,5.98215008968695e-05,6.11571258882022e-05,5.98215008968695e-05,6.11215459536955e-05,224.794873442
1736044260,5.95522877472238e-05,5.98215008968695e-05,5.95522877472238e-05,5.98215008968695e-05,1.78222705518
1736044140,5.98907290218439e-05,5.98907290218439e-05,5.95522877472238e-05,5.95522877472238e-05,12.20452681292
1736043480,5.95556035746569e-05,5.98907290218439e-05,5.95556035746569e-05,5.98907290218439e-05,9.887077296
1736043360,5.95266806802776e-05,5.95556035746569e-05,5.95266806802776e-05,5.95556035746569e-05,2.69486005389
1736042940,6.11706502634671e-05,6.11706502634671e-05,5.95266806802776e-05,5.95266806802776e-05,9.73244355392
1736042760,6.09620106601484e-05,6.11706502634671e-05,6.09620106601484e-05,6.11706502634671e-05,408.5116230445
1736042700,5.88429953143913e-05,6.09620106601484e-05,5.88429953143913e-05,6.09620106601484e-05,539.45
1736042520,5.877591311527e-05,5.88429953143913e-05,5.85437698944895e-05,5.88429953143913e-05,20.03534610154
1736042220,5.84690148053e-05,5.877591311527e-05,5.84690148053e-05,5.877591311527e-05,10.7785
1736042040,5.79594662405513e-05,5.84690148053e-05,5.79594662405513e-05,5.84690148053e-05,5.84690148053
1736041980,5.69070010820682e-05,5.79594662405513e-05,5.69070010820682e-05,5.79594662405513e-05,215.62
1736041800,5.7000118665e-05,5.7000118665e-05,5.69070010820682e-05,5.69070010820682e-05,9.03356158057
1736041440,5.71806316619163e-05,5.71806316619163e-05,5.7000118665e-05,5.7000118665e-05,22.68079629029
1736041380,5.71965614312521e-05,5.71965614312521e-05,5.71806316619163e-05,5.71806316619163e-05,3.67819025315
1736041320,5.848414886554e-05,5.848414886554e-05,5.71965614312521e-05,5.71965614312521e-05,141.14553376199
1736041260,5.83863184026963e-05,5.848414886554e-05,5.83863184026963e-05,5.848414886554e-05,23.53539789232
1736041080,5.87233087008536e-05,5.87233087008536e-05,5.83863184026963e-05,5.83863184026963e-05,52.96248336778
1736041020,5.8844742339896e-05,5.8844742339896e-05,5.87233087008536e-05,5.87233087008536e-05,22.636622817
1736040960,5.90602944812292e-05,5.90602944812292e-05,5.8844742339896e-05,5.8844742339896e-05,18.45642688086
1736040840,5.85786024014401e-05,5.90602944812292e-05,5.85786024014401e-05,5.90602944812292e-05,53.57385
1736040780,6.04943303163643e-05,6.04943303163643e-05,5.85786024014401e-05,5.85786024014401e-05,214.69077544576
1736040660,6.07398568883021e-05,6.07398568883021e-05,6.04943303163643e-05,6.04943303163643e-05,59.2862648244
1736040540,6.1030155646255e-05,6.1030155646255e-05,6.07398568883021e-05,6.07398568883021e-05,0.61962116288
1736040480,6.16474592155246e-05,6.16474592155246e-05,6.1030155646255e-05,6.1030155646255e-05,71.26002927461
1736040300,6.15392141173305e-05,6.16474592155246e-05,6.15392141173305e-05,6.16474592155246e-05,4.75446679968
1736040240,6.13597614017852e-05,6.15392141173305e-05,6.13597614017852e-05,6.15392141173305e-05,24.11299671382
1736040180,6.10460681448213e-05,6.13597614017852e-05,6.10460681448213e-05,6.13597614017852e-05,21.46914
1736040120,6.13084629794491e-05,6.13084629794491e-05,6.10460681448213e-05,6.10460681448213e-05,26.72427381124
1736039880,6.13270962370779e-05,6.16085095680748e-05,6.11692144070611e-05,6.13084629794491e-05,91.67623673398
1736039820,6.16579035427778e-05,6.16579035427778e-05,6.13270962370779e-05,6.13270962370779e-05,29.71851645329
1736039760,6.39386657552632e-05,6.39386657552632e-05,6.16579035427778e-05,6.16579035427778e-05,314.85463259267
1736039520,6.39517019789419e-05,6.39517019789419e-05,6.39386657552632e-05,6.39386657552632e-05,2.07054414245
1736039460,6.42621812961644e-05,6.42621812961644e-05,6.39517019789419e-05,6.39517019789419e-05,1.17488921213
1736039340,6.39595016624624e-05,6.42621812961644e-05,6.39595016624624e-05,6.42621812961644e-05,11.12763342143
1736039280,6.21061708586833e-05,6.39595016624624e-05,6.21061708586833e-05,6.39595016624624e-05,9.74291718715
1736039160,6.10222065920804e-05,6.21061708586833e-05,6.10222065920804e-05,6.21061708586833e-05,216.98
1736039100,5.97556688383811e-05,6.10222065920804e-05,5.97556688383811e-05,6.10222065920804e-05,266.882111377
1736039040,7.15398898543343e-05,7.15398898543343e-05,5.97556688383811e-05,5.97556688383811e-05,1317.074230066
1736038980,7.43390525724717e-05,7.43390525724717e-05,7.15398898543343e-05,7.15398898543343e-05,449.50341825372
1736038920,7.5208510593731e-05,7.5208510593731e-05,7.43390525724717e-05,7.43390525724717e-05,173.9164953322
1736038860,7.56670007572994e-05,7.57859988116436e-05,7.5208510593731e-05,7.5208510593731e-05,64.6779446105
1736038800,7.47771788064838e-05,7.56670007572994e-05,7.47771788064838e-05,7.56670007572994e-05,8.92267822908
1736038740,7.37784406568513e-05,7.47771788064838e-05,7.36210949743605e-05,7.47771788064838e-05,240.87836811275
1736038680,6.28917383050153e-05,7.40515092009618e-05,6.28917383050153e-05,7.37784406568513e-05,1496.32940044942
1736038620,6.28163630391074e-05,6.28917383050153e-05,6.28163630391074e-05,6.28917383050153e-05,10.23724813188
1736038380,6.27154927079665e-05,6.28163630391074e-05,6.27154927079665e-05,6.28163630391074e-05,4.3416
1736038320,6.24464248997811e-05,6.27154927079665e-05,6.23196564445279e-05,6.27154927079665e-05,22.48981433279
1736038260,6.20035256367361e-05,6.24464248997811e-05,6.19721927089231e-05,6.24464248997811e-05,55.221047986
1736038200,6.23732954659471e-05,6.23732954659471e-05,6.20035256367361e-05,6.20035256367361e-05,2.4021323874
1736038080,6.29913691790077e-05,6.29913691790077e-05,6.23732954659471e-05,6.23732954659471e-05,7.17255
1736038020,6.44961178706532e-05,6.44961178706532e-05,6.29913691790077e-05,6.29913691790077e-05,309.68671165833
1736037960,6.58888908250187e-05,6.58888908250187e-05,6.36027871909848e-05,6.44961178706532e-05,250.75427719372
1736037900,7.01069595852092e-05,7.01069595852092e-05,6.58888908250187e-05,6.58888908250187e-05,912.47437919512
1736037840,6.88134442707097e-05,7.01069595852092e-05,6.88134442707097e-05,7.01069595852092e-05,111.69176682675
1736037780,6.51338640649781e-05,6.88134442707097e-05,6.51338640649781e-05,6.88134442707097e-05,528.25951630249
1736037720,6.47771075041009e-05,6.51338640649781e-05,6.47771075041009e-05,6.51338640649781e-05,13.61602855552
1736037660,6.44918217120408e-05,6.47771075041009e-05,6.44918217120408e-05,6.47771075041009e-05,74.43740934228
1736037600,6.34199059907439e-05,6.44918217120408e-05,6.34199059907439e-05,6.44918217120408e-05,216.67006089252
1736037540,6.33715262647464e-05,6.43490686397411e-05,6.33715262647464e-05,6.34199059907439e-05,193.1825754608
1736037480,6.11489208076727e-05,6.33715262647464e-05,6.11489208076727e-05,6.33715262647464e-05,266.44355453392
1736037420,5.91908474969784e-05,6.11489208076727e-05,5.91908474969784e-05,6.11489208076727e-05,431.22318
1736037360,5.91866036789408e-05,5.91908474969784e-05,5.91866036789408e-05,5.91908474969784e-05,14.24959242784
1736037300,5.96393910376597e-05,5.96393910376597e-05,5.91866036789408e-05,5.91866036789408e-05,7.82940615762
1736037240,6.04647686045909e-05,6.04647686045909e-05,5.96393910376597e-05,5.96393910376597e-05,107.14062004028
1736037180,7.14855608216984e-05,7.17357457856895e-05,6.04647686045909e-05,6.04647686045909e-05,1471.9476589407
1736037120,7.15189582268511e-05,7.16422768006737e-05,7.11994153473584e-05,7.14855608216984e-05,36.82443036397
1736037060,7.14679995869023e-05,7.15189582268511e-05,7.09527066628963e-05,7.15189582268511e-05,58.03333298048
1736037000,7.42801395849146e-05,7.42801395849146e-05,7.14679995869023e-05,7.14679995869023e-05,404.36792651074
1736036940,7.46770401613956e-05,7.51912833471815e-05,7.42801395849146e-05,7.42801395849146e-05,144.11288789982
1736036880,6.67730010048656e-05,7.94725822940576e-05,6.67006583386804e-05,7.46770401613956e-05,2364.20342985862
1736036820,6.41670255306434e-05,6.67730010048656e-05,6.41219041139917e-05,6.67730010048656e-05,353.42850810762
1736036760,6.5688347860175e-05,6.5688347860175e-05,6.41670255306434e-05,6.41670255306434e-05,156.21125903326
1736036700,6.56717619392415e-05,6.5688347860175e-05,6.53100027982515e-05,6.5688347860175e-05,39.11770584643
1736036640,6.63119484290567e-05,6.72089749264065e-05,6.549454172755e-05,6.56717619392415e-05,260.61661977578
1736036580,6.70114063719698e-05,6.70114063719698e-05,6.5117886764153e-05,6.63119484290567e-05,411.27044405729
1736036520,7.41616134061723e-05,7.41616134061723e-05,6.70114063719698e-05,6.70114063719698e-05,859.75492345076
1736036460,7.39783198803818e-05,7.63363435814935e-05,7.38316403203961e-05,7.41616134061723e-05,655.1722446345
1736036400,7.37572521115163e-05,7.4237710485407e-05,7.36667402445988e-05,7.39783198803818e-05,87.19569743306
1736036340,6.94203836348249e-05,8.13425817086783e-05,6.94203836348249e-05,7.37572521115163e-05,2195.65335013841
1736036280,8.79300227131056e-05,8.79300227131056e-05,6.51842040141454e-05,6.94203836348249e-05,9877.53726496165
1736036220,9.417735431493e-05,9.4857649892224e-05,8.79300227131056e-05,8.79300227131056e-05,1240.02367309824
1736036160,0.000100625088875245,0.000107562645484962,9.417735431493e-05,9.417735431493e-05,1940.13836528041
1736036100,0.000107837781912901,0.000107837781912901,0.000100625088875245,0.000100625088875245,661.65010094824
1736036040,0.000113936216496593,0.000113936216496593,0.000107837781912901,0.000107837781912901,638.41841725388
1736035980,0.00012296999529366,0.00012296999529366,0.000113936216496593,0.000113936216496593,831.52117710545
1736035920,0.000122612042365703,0.0001234552351525,0.000122612042365703,0.00012296999529366,92.78676621574
1736035860,0.000123943547500695,0.000123943547500695,0.000122528473895089,0.000122612042365703,142.6555486254
1736035800,0.000131076191644448,0.000131076191644448,0.000123282758840823,0.000123943547500695,821.49979772688
1736035740,0.000123667947128209,0.00013162204882894,0.000123667947128209,0.000131076191644448,1094.53002446727
1736035680,0.000121467005930416,0.000126094434161251,0.000121467005930416,0.000123667947128209,629.42203166003
1736035620,0.000116761770085048,0.000122340986796772,0.000116653092003472,0.000121467005930416,1068.55699098012
1736035560,0.000118886410099758,0.000119158423893389,0.000116756274242991,0.000116761770085048,430.39901524074
1736035500,0.000136746839406815,0.000136746839406815,0.000118886410099758,0.000118886410099758,1586.60381945544
1736035440,0.000137046995308733,0.000137460618097839,0.000136746839406815,0.000136746839406815,32.71380734869
1736035380,0.00013804145862738,0.00013804145862738,0.000137046995308733,0.000137046995308733,38.28070355586
1736035320,0.000136713927646391,0.000140302363143829,0.000136345103439991,0.00013804145862738,705.13843661231
1736035260,0.000144454405363359,0.000144454405363359,0.000136713927646391,0.000136713927646391,656.41646643618
1736035200,0.000148072642210165,0.000148072642210165,0.000144454405363359,0.000144454405363359,404.1341001309
1736035140,0.000149404142525088,0.000149404142525088,0.000148072642210165,0.000148072642210165,174.03927088692
1736035080,0.000148110103418402,0.000155093598001713,0.000146561931621104,0.000149404142525088,1258.20108558764
1736035020,0.000147366103494834,0.000148110103418402,0.000146736945176475,0.000148110103418402,114.8178707004
1736034960,0.000134993242885063,0.000174587442336202,0.000134993242885063,0.000147366103494834,8938.3657868549
1736034900,0.00012667475121851,0.000134993242885063,0.00012667475121851,0.000134993242885063,907.11658486524
1736034840,0.000201315333262944,0.000201552832984336,0.000117874986661866,0.00012667475121851,9715.43925409827
1736034780,0.00021261448174991,0.000213975107422949,0.000200179371887152,0.000201315333262944,1125.62410499196
1736034720,0.000191247346054323,0.000212885247247435,0.000191247346054323,0.00021261448174991,594.86509316915
1736034660,0.000180161580361907,0.000191247346054323,0.000177334347811686,0.000191247346054323,2243.3100780432
1736034600,0.000192155448215781,0.000192155448215781,0.000180161580361907,0.000180161580361907,889.76833548706
1736034540,0.000200806877870569,0.000200806877870569,0.000191973538240456,0.000192155448215781,1062.26550824364
1736034480,0.000210083456043125,0.000210083456043125,0.000199589646300084,0.000200806877870569,1186.5802229691
1736034420,0.000238984460045599,0.000238984460045599,0.000208574628191724,0.000210083456043125,2307.20645191521
1736034360,0.000235284467816731,0.0002542131803534,0.000235284467816731,0.000238984460045599,2929.39772260403
1736034300,0.000231420548599772,0.000238553217004184,0.000231310497416462,0.000235284467816731,663.67406256984
1736034240,0.000233467982472034,0.000234702211343823,0.000231420548599772,0.000231420548599772,152.98535548296
1736034180,0.000234921094020906,0.000240529833864699,0.000230679960631488,0.000233467982472034,1351.31547630456
1736034120,0.000231465869281493,0.000237542291068405,0.000226295486893279,0.000234921094020906,1267.05340979071
1736034060,0.000318163062358991,0.000318163062358991,0.000231465869281493,0.000231465869281493,6190.6790494181
1736034000,0.000323362448493504,0.000323362448493504,0.000318163062358991,0.000318163062358991,287.39642954518
1736033940,0.000325505318859915,0.000325505318859915,0.000323362448493504,0.000323362448493504,113.34103075937
1736033880,0.000342701143759216,0.000342701143759216,0.000325505318859915,0.000325505318859915,930.95697607476
1736033820,0.000349985329127123,0.000351011608682842,0.000342701143759216,0.000342701143759216,440.5230301049
1736033760,0.000351738929115451,0.00035251288624787,0.000349985329127123,0.000349985329127123,108.96177713021
1736033700,0.000347413300818382,0.000351996967156761,0.000347413300818382,0.000351738929115451,519.3359346009
1736033640,0.000378686563445288,0.000406366174323282,0.000339160986426923,0.000347413300818382,9517.01170478883
1736033580,0.000379376561441292,0.000380839372492625,0.00037856951333162,0.000378686563445288,121.17723285954
1736033520,0.000380790407732368,0.000398061458481265,0.000379276862987394,0.000379376561441292,1217.06660679527
1736033460,0.000352359949857317,0.000380790407732368,0.000352359949857317,0.000380790407732368,2430.38029137556
1736033400,0.000341860355482741,0.000352359949857317,0.000341860355482741,0.000352359949857317,619.08769518409
1736033340,0.000333312948782654,0.000342700114142728,0.000331222987125171,0.000341860355482741,898.97985279956
1736033280,0.000329415231763388,0.000334057430415658,0.000326229435471087,0.000333312948782654,765.12876718676
1736033220,0.000333182454719762,0.000333694657360125,0.000329415231763388,0.000329415231763388,238.6339823632
1736033160,0.000343050933474711,0.000343050933474711,0.000333182454719762,0.000333182454719762,529.8356781565
1736033100,0.000341191873585185,0.000346936460622035,0.000341191873585185,0.000343050933474711,290.03889149082
1736033040,0.000308175046913554,0.000344231595681981,0.000308175046913554,0.000341191873585185,2118.56835643178
1736032980,0.000303028275109193,0.000312586929562819,0.000301257402707989,0.000308175046913554,1526.29708799665
1736032920,0.000323367632479835,0.000324216898844194,0.000301717856864291,0.000303028275109193,1339.95953666964
1736032860,0.000319159135046201,0.000323367632479835,0.000306827873243066,0.000323367632479835,1811.71396776259
1736032800,0.000304510464257814,0.000325582156478209,0.000303555710292025,0.000319159135046201,2516.66106072804
1736032740,0.000318112578497746,0.000392060297097841,0.000286673319877659,0.000304510464257814,20136.89242295309
1736032680,0.000420444744094975,0.000420444744094975,0.000315916731212003,0.000318112578497746,11026.71572538861
1736032620,0.000443895848645476,0.000445881736102169,0.000420444744094975,0.000420444744094975,1594.44443657073
1736032560,0.000410992088113338,0.000446351845392345,0.000410992088113338,0.000443895848645476,116.99273382956
1736032500,0.00041355746776538,0.000453489356623265,0.000406915709300853,0.000410992088113338,4562.8819659729
1736032440,0.000381841075966494,0.00041355746776538,0.00037797491306157,0.00041355746776538,1921.32605683943
1736032380,0.000427022089029895,0.000427278419846384,0.000379200585992599,0.000381841075966494,3395.70471752986
1736032320,0.000427390930764947,0.000429503225447791,0.000424958910935976,0.000427022089029895,163.09953658079
1736032260,0.000464924484020071,0.000464924484020071,0.000427390930764947,0.000427390930764947,2304.71081250245
1736032200,0.000469124871156069,0.000471141022350247,0.000464924484020071,0.000464924484020071,622.10997097439
1736032140,0.000481267320246171,0.000481267320246171,0.000469124871156069,0.000469124871156069,966.87535048181
1736032080,0.000478202306556996,0.00048606100784355,0.000471798951678741,0.000481267320246171,1114.84915447986
1736032020,0.000488095336907888,0.000488095336907888,0.000478202306556996,0.000478202306556996,573.13005707264
1736031960,0.000485770828082134,0.000488095336907888,0.000460003126714006,0.000488095336907888,4095.30160403812
1736031900,0.000450848493717304,0.000497719306158208,0.000450848493717304,0.000485770828082134,3465.98254609488
1736031840,0.000425166792068339,0.000454242050757804,0.000407543455062308,0.000450848493717304,3658.52040683226
1736031780,0.000440549491705188,0.000441945023128565,0.000416908252222489,0.000425166792068339,1628.74643293279
1736031720,0.000539055713984083,0.000539055713984083,0.000417630471445769,0.000440549491705188,21972.8248065765
1736031660,0.00051830577108488,0.000539055713984083,0.00051830577108488,0.000539055713984083,913.45088296668
1736031600,0.000503234499616839,0.000524833161002457,0.000503234499616839,0.00051830577108488,1270.29967524201
1736031540,0.000479788312336667,0.000507137600845845,0.000479788312336667,0.000503234499616839,2518.25588773659
1736031480,0.000462991357494539,0.000479788312336667,0.000458848377082758,0.000479788312336667,1465.2526604631
1736031420,0.000482329658567691,0.000503890935908971,0.000460836155270506,0.000462991357494539,3466.62453848594
1736031360,0.000445181383251853,0.000488734782304874,0.00041549568860596,0.000482329658567691,10640.18207779912
1736031300,0.000377807619503308,0.00048481320722637,0.000377807619503308,0.000445181383251853,11194.9756426331
1736031240,0.000502085083326851,0.000502085083326851,0.000365102353479006,0.000377807619503308,18071.13336714918
1736031180,0.000552258265430982,0.000552258265430982,0.000500757129977736,0.000502085083326851,6452.80648481087
1736031120,0.000562257827013814,0.000562257827013814,0.000552258265430982,0.000552258265430982,2570.58681040764
1736031060,0.00061063509262213,0.000616897981437132,0.000496815158546902,0.000562257827013814,21169.71141676838
1736031000,0.000632581697835383,0.000655524008952226,0.00061063509262213,0.00061063509262213,4387.06640114195
1736030940,0.000594551903543237,0.000644205481339526,0.000518677293489999,0.000632581697835383,14995.69579526334
1736030880,0.000578882332034512,0.000618024981535666,0.000547141358769418,0.000594551903543237,6615.0821649042
1736030820,0.000493006468079794,0.000579053020439728,0.000467170867814639,0.000578882332034512,11335.07515743876
1736030760,0.000610367642587991,0.000769304538299081,0.000482779059019468,0.000493006468079794,43201.23401007672
1736030700,0.000685594154181555,0.00102926325600972,0.000609725180766763,0.000610367642587991,73833.14741973332
1736030640,0.000331294702030713,0.000716907644031437,0.000331294702030713,0.000685594154181555,26972.78551805096
1736030580,0.000407697978814012,0.000407697978814012,0.000324306647270402,0.000331294702030713,7769.28423149348
1736030520,0.000420541715599786,0.000427018425626747,0.000407697978814012,0.000407697978814012,2270.84967322289
1736030460,0.000416888454221737,0.00042483550465714,0.000409458622169257,0.000420541715599786,1743.19172007536
1736030400,0.000470739134810361,0.000470739134810361,0.000416888454221737,0.000416888454221737,2634.45814088795
1736030340,0.000499717818027554,0.000499717818027554,0.000439043693735665,0.000470739134810361,9179.89743340359
1736030280,0.000505513762706401,0.000506879720395486,0.000493739565129863,0.000499717818027554,809.2852822586
1736030220,0.000526509975421877,0.000526560098817594,0.000475156051044591,0.000505513762706401,11795.25237545753
1736030160,0.000517702834436046,0.000528968149109245,0.00050679019801427,0.000526509975421877,2588.420033515
1736030100,0.000532296090654779,0.000576963108014794,0.000517702834436046,0.000517702834436046,5916.28790592712
1736030040,0.000475639937066259,0.000573283836318432,0.000472116791613545,0.000532296090654779,7140.15042173821
1736029980,0.000457039467380609,0.000481024631060948,0.000457039467380609,0.000475639937066259,3595.04903461693
1736029920,0.000437709362569875,0.000457039467380609,0.000430252673997208,0.000457039467380609,2599.18667754841
1736029860,0.000427838735850975,0.000440040648420274,0.000427838735850975,0.000437709362569875,1695.73631892228
1736029800,0.000446473435643254,0.000465475999581232,0.00039615431439501,0.000427838735850975,14264.69851162385
1736029740,0.000447193792728391,0.000447193792728391,0.000431626856883278,0.000446473435643254,2860.2568068868
1736029680,0.000317141113235347,0.000474582176216033,0.000317141113235347,0.000447193792728391,17855.02628695247
1736029620,0.00026947932788779,0.00031986060245933,0.00026947932788779,0.000317141113235347,5197.02405013453
1736029560,0.000279439406922222,0.000282781023822023,0.000255923116105191,0.00026947932788779,3371.70085873606
1736029500,0.000304134635163692,0.000308111764501449,0.000271711789389229,0.000279439406922222,5048.77104120032
1736029440,0.00025891075946815,0.000319550016051091,0.000247420956704649,0.000304134635163692,25281.05390558108
1736029380,0.000266413445019438,0.000266413445019438,0.000244749048700663,0.00025891075946815,12679.05009203478
1736029320,0.000268929798824583,0.000272337083045212,0.000240548386268659,0.000266413445019438,7243.56121460076
1736029260,0.00027756064151943,0.000283370364908886,0.000268554846411929,0.000268929798824583,3867.66077024051
1736029200,0.000271632257753353,0.000294315557023617,0.000266921695515449,0.00027756064151943,5606.19260245543
1736029140,0.000257697052656901,0.000292325963153016,0.000241390249598648,0.000271632257753353,9474.65802083406
1736029080,0.000249586101440695,0.000283567517178705,0.000243139879780525,0.000257697052656901,24681.9707162099
1736029020,0.000234808804931772,0.00025332929030586,0.000222960456270172,0.000249586101440695,11306.697185485
1736028960,0.000242651987719873,0.000246788827571905,0.00022182578672403,0.000234808804931772,7179.1575215637
1736028900,0.000250806228907566,0.000270576152507141,0.00024193730032823,0.000242651987719873,4675.41036754498
1736028840,0.000236383088840658,0.000269146329861554,0.000222828236047183,0.000250806228907566,12296.27014816793
1736028780,0.000337665380996863,0.00034708151281058,0.000157009164317144,0.000236383088840658,33015.25556568807
1736028720,0.000332372512687223,0.000355578004570987,0.000321262028236822,0.000337665380996863,15720.65477892176
1736028660,0.000392887991275405,0.000393943951466425,0.000330626342117924,0.000332372512687223,8366.44304327552
1736028600,0.000449885147580343,0.000473100616325083,0.000350948920098186,0.000392887991275405,18179.35003997896
1736028540,0.000524557886650175,0.000533118023632238,0.000432868907546787,0.000449885147580343,18368.34335021448
1736028480,0.000547730694301756,0.000558096236200752,0.000520848538599063,0.000524557886650175,4104.81769022929
1736028420,0.000484696158377514,0.000560452684648649,0.00040784035886754,0.000547730694301756,15519.20224094969
1736028360,0.000520131997879303,0.00053529124288092,0.000484696158377514,0.000484696158377514,9028.58888052378
1736028300,0.000655508726611904,0.000678071974425717,0.000479620162861952,0.000520131997879303,19403.44244796453
1736028240,0.00069370872,0.000766802003075382,0.000655508726611904,0.000655508726611904,17025.35374800377
1736028180,0.000539376553964125,0.00069370872,0.000538856787324361,0.00069370872,14743.01755611351
1736028120,0.000620231999623926,0.000722279635487611,0.000537864028208906,0.000539376553964125,27745.03457589342
1736028060,0.000546263804953585,0.000706040850606374,0.000452634879378171,0.000620231999623926,34627.09091009185
1736028000,0.000386421842603927,0.000747704651863555,0.000386421842603927,0.000546263804953585,49770.66796254936
1736027940,0.000451266833097985,0.000518528730874829,0.000329972654231741,0.000386421842603927,36743.99255015301
1736027880,0.000522637243272232,0.000522637243272232,0.00036800145996166,0.000451266833097985,33367.31246830462
1736027820,0.000592033507651028,0.000693071758849531,0.000517110179992126,0.000522637243272232,25078.557063661
1736027760,0.000745476187884013,0.000748895792968338,0.000414920734880174,0.000592033507651028,69432.46824011776
1736027700,0.000964727246806031,0.00105190672778276,0.000615265907697125,0.000745476187884013,59534.51895880944
1736027640,0.000866729605066525,0.00103076905009002,0.000618046520542133,0.000964727246806031,115469.26462621514
1736027580,0.000948949522913793,0.00124339627532398,0.000734562935123047,0.000866729605066525,192528.41152869246
1736027520,0.000729475014937728,0.00131457148823162,0.00059678636558381,0.000948949522913793,161921.5824760406
1736027460,0.000456743325700413,0.00113202468514551,0.000456743325700413,0.000729475014937728,227894.80969562856
1736027400,0.0003383353461023,0.000456743325700413,0.000167273418958639,0.000456743325700413,27816.68608620871
