0,1,2,3,4,5
1727410620,1.060385978243945e-05,1.060385978243945e-05,1.0236949342336727e-05,1.0236949342336727e-05,7.655463630007079
1727410560,1.0944102400787914e-05,1.0944102400787914e-05,1.060385978243945e-05,1.060385978243945e-05,188.46343472044256
1727409600,1.0979324486319187e-05,1.0979324486319187e-05,1.0944102400787914e-05,1.0944102400787914e-05,13.00233414016211
1727409300,1.0934373491486962e-05,1.0979324486319187e-05,1.0934373491486962e-05,1.0979324486319187e-05,5.4633553017292025
1727408100,1.0960347201463592e-05,1.0960347201463592e-05,1.0934373491486962e-05,1.0934373491486962e-05,2.3913457137017957
1727406960,1.120947422958217e-05,1.120947422958217e-05,1.0960347201463592e-05,1.0960347201463592e-05,24.25379935365074
1727406540,1.1806948044616197e-05,1.1806948044616197e-05,1.120947422958217e-05,1.120947422958217e-05,194.13422503060576
1727406420,1.1841113116640164e-05,1.1841113116640164e-05,1.1806948044616197e-05,1.1806948044616197e-05,10.522751395912108
1727405940,1.1906648218004053e-05,1.1906648218004053e-05,1.1841113116640164e-05,1.1841113116640164e-05,4.901060090978275
1727405220,1.1898903447832494e-05,1.1906648218004053e-05,1.1898903447832494e-05,1.1906648218004053e-05,1.5435645479183215
1727405040,1.1677493039195769e-05,1.1898903447832494e-05,1.1677493039195769e-05,1.1898903447832494e-05,1.5433728124831843
1727404560,1.1854933364303882e-05,1.1854933364303882e-05,1.1611824307875043e-05,1.1677493039195769e-05,211.8590088418638
1727404020,1.1927726847829308e-05,1.1927726847829308e-05,1.1854933364303882e-05,1.1854933364303882e-05,16.18466503430521
1727403600,1.1949354666494812e-05,1.1949354666494812e-05,1.1927726847829308e-05,1.1927726847829308e-05,2.22292708687417
1727403360,1.2123004110838198e-05,1.2123004110838198e-05,1.1949354666494812e-05,1.1949354666494812e-05,3.28754157606291
1727403300,1.2295347018634744e-05,1.2295347018634744e-05,1.2123004110838198e-05,1.2123004110838198e-05,82.13328085817793
1727403120,1.2340388583124803e-05,1.2340388583124803e-05,1.2295347018634744e-05,1.2295347018634744e-05,1.0417387218638419
1727402520,1.227888035692933e-05,1.2340388583124803e-05,1.227888035692933e-05,1.2340388583124803e-05,0.7672117767813432
1727401680,1.232307380399286e-05,1.232307380399286e-05,1.227888035692933e-05,1.227888035692933e-05,0.7852506712767561
1727401200,1.2389878038863353e-05,1.2389878038863353e-05,1.232307380399286e-05,1.232307380399286e-05,3.0911819353211736
1727401140,1.2386179200369553e-05,1.2389878038863353e-05,1.2386179200369553e-05,1.2389878038863353e-05,2.3090565240994785
1727400600,1.2344186056703031e-05,1.2386179200369553e-05,1.2344186056703031e-05,1.2386179200369553e-05,3.106173117418865
1727400420,1.2422374923782393e-05,1.2422374923782393e-05,1.2344186056703031e-05,1.2344186056703031e-05,9.335843558850673
1727400000,1.242889471312436e-05,1.242889471312436e-05,1.2422374923782393e-05,1.2422374923782393e-05,0.1554042353776471
1727399340,1.2434348994242978e-05,1.2434348994242978e-05,1.242889471312436e-05,1.242889471312436e-05,1.8541990335285954
1727399220,1.2370400335786631e-05,1.2434348994242978e-05,1.2370400335786631e-05,1.2434348994242978e-05,1.449910124262062
1727399160,1.227348002814992e-05,1.2370400335786631e-05,1.227348002814992e-05,1.2370400335786631e-05,62.48206314173878
1727398740,1.2358573554477468e-05,1.2358573554477468e-05,1.227348002814992e-05,1.227348002814992e-05,47.661272208753374
1727397960,1.2363384819231566e-05,1.2363384819231566e-05,1.2358573554477468e-05,1.2358573554477468e-05,0.0030049217952756663
1727397900,1.236850715023164e-05,1.236850715023164e-05,1.2363384819231566e-05,1.2363384819231566e-05,2.104932041772259
1727397000,1.2434754243559771e-05,1.2434754243559771e-05,1.236850715023164e-05,1.236850715023164e-05,9.880004370387084
1727396520,1.215617267466597e-05,1.2434754243559771e-05,1.215617267466597e-05,1.2434754243559771e-05,7.78647391324908
1727396100,1.19285209789509e-05,1.215617267466597e-05,1.19285209789509e-05,1.215617267466597e-05,108.67802748518261
1727395800,1.1870339397121628e-05,1.19285209789509e-05,1.1870339397121628e-05,1.19285209789509e-05,7.768005490449594
1727394900,1.2669802339236837e-05,1.2669802339236837e-05,1.1870339397121628e-05,1.1870339397121628e-05,12.479854875483653
1727394660,1.3506409228507766e-05,1.3558509757994996e-05,1.2669802339236837e-05,1.2669802339236837e-05,385.9153698107851
1727394240,1.3606021105951152e-05,1.3606021105951152e-05,1.3506409228507766e-05,1.3506409228507766e-05,15.731698152500625
1727394000,1.375136138124053e-05,1.375136138124053e-05,1.3606021105951152e-05,1.3606021105951152e-05,36.34153365085111
1727393940,1.3819427944252676e-05,1.3819427944252676e-05,1.375136138124053e-05,1.375136138124053e-05,30.826855423189656
1727393880,1.3684147524954551e-05,1.3819427944252676e-05,1.3684147524954551e-05,1.3819427944252676e-05,30.979442359054154
1727393820,1.3542505493357992e-05,1.3684147524954551e-05,1.3542505493357992e-05,1.3684147524954551e-05,30.9787569583012
1727393280,1.3412727851828768e-05,1.3542505493357992e-05,1.3412727851828768e-05,1.3542505493357992e-05,30.962000942026044
1727393220,1.0055338530291496e-05,1.3650570001747628e-05,1.0055338530291496e-05,1.3412727851828768e-05,999.4829382494138
1727392740,1.0121852607885418e-05,1.0121852607885418e-05,1.0055338530291496e-05,1.0055338530291496e-05,6.892735765787302
1727392680,1.0548299912423922e-05,1.0548299912423922e-05,1.0121852607885418e-05,1.0121852607885418e-05,107.82247516909916
1727392380,1.0407480993660974e-05,1.0548299912423922e-05,1.0407480993660974e-05,1.0548299912423922e-05,1.8112404037471639
1727391000,1.018359719553814e-05,1.0407480993660974e-05,1.018359719553814e-05,1.0407480993660974e-05,109.23645240719735
1727390220,1.0173775546627096e-05,1.018359719553814e-05,1.0173775546627096e-05,1.018359719553814e-05,3.240123557466397
1727389980,1.0125354697816083e-05,1.0173775546627096e-05,1.0125354697816083e-05,1.0173775546627096e-05,1.4129431258310983
1727389500,1.0145496704440274e-05,1.0178596345731687e-05,1.0125354697816083e-05,1.0125354697816083e-05,4.06272065403677
1727389440,1.0107413728793387e-05,1.0187367097622993e-05,1.0107413728793387e-05,1.0145496704440274e-05,26.45795468698521
1727389380,1.0049817051647634e-05,1.0146132893947895e-05,1.0049817051647634e-05,1.0107413728793387e-05,6.527417755503566
1727389260,9.965871593271603e-06,1.0049817051647634e-05,9.965871593271603e-06,1.0049817051647634e-05,44.991298180146025
1727389140,9.955961234803116e-06,9.965871593271603e-06,9.955961234803116e-06,9.965871593271603e-06,2.2358723548362267
1727389080,9.909194533462694e-06,9.955961234803116e-06,9.909194533462694e-06,9.955961234803116e-06,0.904057242249677
1727388960,9.961410899827838e-06,9.961410899827838e-06,9.909194533462694e-06,9.909194533462694e-06,2.850502875228057
1727388900,1.019464539434992e-05,1.019464539434992e-05,9.961410899827838e-06,9.961410899827838e-06,1.8169412771606952
1727388840,1.0485936611775749e-05,1.0485936611775749e-05,1.019464539434992e-05,1.019464539434992e-05,155.1655803404858
1727388660,1.0473410784858784e-05,1.0534267789640647e-05,1.0473410784858784e-05,1.0485936611775749e-05,3.433343401583048
1727388540,1.0526041114929555e-05,1.0526041114929555e-05,1.0473410784858784e-05,1.0473410784858784e-05,0.001640132065225501
1727388480,9.882705488030407e-06,1.0526041114929555e-05,9.882705488030407e-06,1.0526041114929555e-05,155.74968798703608
1727388420,9.849141000773708e-06,9.882705488030407e-06,9.849141000773708e-06,9.882705488030407e-06,31.133641395340074
1727388180,1.002524398876929e-05,1.002524398876929e-05,9.849141000773708e-06,9.849141000773708e-06,45.197278544679804
1727388000,1.0317813248116645e-05,1.0317813248116645e-05,1.002524398876929e-05,1.002524398876929e-05,50.775047339125024
1727387940,1.0652504362601792e-05,1.0652504362601792e-05,1.0317813248116645e-05,1.0317813248116645e-05,105.93997656760973
1727387880,1.0788664579017173e-05,1.0788664579017173e-05,1.0652504362601792e-05,1.0652504362601792e-05,70.02678123453673
1727387580,1.160974502792e-05,1.160974502792e-05,1.0788664579017173e-05,1.0788664579017173e-05,207.32656467887423
1727387400,1.1817456816934012e-05,1.1817456816934012e-05,1.160974502792e-05,1.160974502792e-05,4.725229608001738
1727387340,1.2205140524348596e-05,1.2205140524348596e-05,1.1817456816934012e-05,1.1817456816934012e-05,99.02891685168746
1727387280,1.2458501122021678e-05,1.2458501122021678e-05,1.2205140524348596e-05,1.2205140524348596e-05,91.60015082097131
1727387220,1.2669620232983288e-05,1.2669620232983288e-05,1.2458501122021678e-05,1.2458501122021678e-05,62.61753626376561
1727387160,1.3058571486061376e-05,1.3058571486061376e-05,1.2669620232983288e-05,1.2669620232983288e-05,78.03549967374222
1727387040,1.3296345480902429e-05,1.3296345480902429e-05,1.3058571486061376e-05,1.3058571486061376e-05,36.20967911952312
1727386860,1.3784501057730543e-05,1.3784501057730543e-05,1.3296345480902429e-05,1.3296345480902429e-05,75.56517395922275
1727386800,1.4179912687471345e-05,1.4539214243914745e-05,1.3784501057730543e-05,1.3784501057730543e-05,237.39129597926555
1727386740,1.3802732891895863e-05,1.4179912687471345e-05,1.3802732891895863e-05,1.4179912687471345e-05,155.4755160733594
1727386680,1.3371015037989659e-05,1.3802732891895863e-05,1.3371015037989659e-05,1.3802732891895863e-05,116.82533064711617
1727386620,1.3226452606215795e-05,1.3371015037989659e-05,1.3226452606215795e-05,1.3371015037989659e-05,46.09863974867996
1727386560,1.30141272735491e-05,1.3226452606215795e-05,1.30141272735491e-05,1.3226452606215795e-05,40.788982685588834
1727386500,1.3674901186616457e-05,1.3674901186616457e-05,1.30141272735491e-05,1.30141272735491e-05,62.18612819746617
1727386140,1.547284420500801e-05,1.547284420500801e-05,1.3674901186616457e-05,1.3674901186616457e-05,626.3167073148406
1727386080,1.5133338391256643e-05,1.547284420500801e-05,1.5133338391256643e-05,1.547284420500801e-05,97.91256385796059
1727386020,1.5013053525260913e-05,1.5133338391256643e-05,1.5013053525260913e-05,1.5133338391256643e-05,19.98324804204554
1727385900,1.4792171426517448e-05,1.5064280713693422e-05,1.4792171426517448e-05,1.5013053525260913e-05,47.38279800977209
1727385780,2.087564462893955e-05,2.087564462893955e-05,1.4792171426517448e-05,1.4792171426517448e-05,36.3934279502759
1727385720,1.4239356018081229e-05,2.087564462893955e-05,1.4239356018081229e-05,2.087564462893955e-05,2637.154345942835
1727385660,1.412773578191685e-05,1.4239356018081229e-05,1.412773578191685e-05,1.4239356018081229e-05,7.7579319889707685
1727385600,1.3694775797241608e-05,1.412773578191685e-05,1.3694775797241608e-05,1.412773578191685e-05,128.13312732425777
1727385540,1.3600768592552597e-05,1.3694775797241608e-05,1.3600768592552597e-05,1.3694775797241608e-05,40.54452629255268
1727385480,1.375337383927182e-05,1.375337383927182e-05,1.3600768592552597e-05,1.3600768592552597e-05,30.62577428340107
1727385420,1.3723506638270112e-05,1.375337383927182e-05,1.3723506638270112e-05,1.375337383927182e-05,39.573090878554154
1727385240,1.3635025669367572e-05,1.3723506638270112e-05,1.3635025669367572e-05,1.3723506638270112e-05,77.43919344905076
1727385180,1.3801978611336852e-05,1.3801978611336852e-05,1.3635025669367572e-05,1.3635025669367572e-05,69.1757103829484
1727385120,1.3516660697824707e-05,1.3801978611336852e-05,1.3516660697824707e-05,1.3801978611336852e-05,77.0305287824741
1727385060,1.3673791739455761e-05,1.3673791739455761e-05,1.3516660697824707e-05,1.3516660697824707e-05,0.5367804738066758
1727385000,1.3871576724155259e-05,1.3871576724155259e-05,1.3673791739455761e-05,1.3673791739455761e-05,72.5552959146057
1727384820,1.3910362889898602e-05,1.3910362889898602e-05,1.3871576724155259e-05,1.3871576724155259e-05,17.65034209983067
1727384760,1.4172554356981364e-05,1.4172554356981364e-05,1.3910362889898602e-05,1.3910362889898602e-05,8.553578450913768
1727384460,1.4162546858279601e-05,1.4299335710780445e-05,1.4081394754647529e-05,1.4172554356981364e-05,199.60613587336047
1727384340,1.4185245087115247e-05,1.4185245087115247e-05,1.4162546858279601e-05,1.4162546858279601e-05,7.368212315119335
1727384160,1.4233489796296899e-05,1.4233489796296899e-05,1.4185245087115247e-05,1.4185245087115247e-05,4.001756240179555
1727384100,1.4302900007697124e-05,1.4302900007697124e-05,1.4233489796296899e-05,1.4233489796296899e-05,16.51835250164567
1727383980,1.4390753308265238e-05,1.4390753308265238e-05,1.4302900007697124e-05,1.4302900007697124e-05,14.85080987229999
1727383920,1.3821338765720256e-05,1.4390753308265238e-05,1.3821338765720256e-05,1.4390753308265238e-05,7.665081380381176
1727383800,1.323037657286015e-05,1.3821338765720256e-05,1.3217297057991218e-05,1.3821338765720256e-05,254.53197527226092
1727383740,1.3292320824437016e-05,1.3292320824437016e-05,1.323037657286015e-05,1.323037657286015e-05,5.479455630238926
1727383680,1.3708873850275623e-05,1.3708873850275623e-05,1.3292320824437016e-05,1.3292320824437016e-05,15.514440405517183
1727383620,1.4647247915829056e-05,1.4647247915829056e-05,1.3708873850275623e-05,1.3708873850275623e-05,350.10497611149367
1727383560,1.454838612471286e-05,1.4647247915829056e-05,1.454838612471286e-05,1.4647247915829056e-05,0.28684447743254887
1727383500,1.41994480748924e-05,1.4684179668202208e-05,1.41994480748924e-05,1.454838612471286e-05,140.769528974768
1727383440,1.3249964928701833e-05,1.41994480748924e-05,1.3249964928701833e-05,1.41994480748924e-05,140.0118803643976
1727383380,1.2700774474447473e-05,1.3249964928701833e-05,1.2700774474447473e-05,1.3249964928701833e-05,232.7367543988378
1727383320,1.2703694678450128e-05,1.2703694678450128e-05,1.2700774474447473e-05,1.2700774474447473e-05,1.3785909972611616
1727383260,1.2705913920670038e-05,1.2705913920670038e-05,1.2703694678450128e-05,1.2703694678450128e-05,0.15224624922150143
1727383200,1.3297927456333926e-05,1.3297927456333926e-05,1.262646885387667e-05,1.2705913920670038e-05,54.96368887818033
1727383140,1.3980659932180224e-05,1.3980659932180224e-05,1.3297927456333926e-05,1.3297927456333926e-05,304.72554335495056
1727383080,1.4114085387278446e-05,1.4114085387278446e-05,1.3980659932180224e-05,1.3980659932180224e-05,6.817039686230738
1727383020,1.4250092078931511e-05,1.4250092078931511e-05,1.4114085387278446e-05,1.4114085387278446e-05,53.739859990965854
1727382960,1.4914820806326466e-05,1.4914820806326466e-05,1.4250092078931511e-05,1.4250092078931511e-05,145.00487152198053
1727382900,1.4947666886221861e-05,1.4947666886221861e-05,1.4914820806326466e-05,1.4914820806326466e-05,13.532234560455768
1727382840,1.5134618660292964e-05,1.5134618660292964e-05,1.4947666886221861e-05,1.4947666886221861e-05,1.4487275666308943
1727382780,1.5254996493856576e-05,1.533867392330807e-05,1.5134618660292964e-05,1.5134618660292964e-05,88.68700630162651
1727382720,1.5109272759290732e-05,1.5254996493856576e-05,1.5049433870924576e-05,1.5254996493856576e-05,89.86118179779533
1727382600,1.52133375522776e-05,1.53159575528227e-05,1.5109272759290732e-05,1.5109272759290732e-05,87.87377501441215
1727382540,1.5607170410877783e-05,1.5607170410877783e-05,1.52133375522776e-05,1.52133375522776e-05,37.53997088552337
1727382420,1.7435599556165476e-05,1.7435599556165476e-05,1.5607170410877783e-05,1.5607170410877783e-05,225.42507986463954
1727382360,1.8720741719437518e-05,1.8720741719437518e-05,1.650241861405762e-05,1.7435599556165476e-05,504.8821651109847
1727382300,1.866344529091569e-05,1.882544180684324e-05,1.866344529091569e-05,1.8720741719437518e-05,62.6315955411579
1727382240,1.861416078451843e-05,1.8748057164954865e-05,1.861416078451843e-05,1.866344529091569e-05,31.33655454179699
1727382180,1.7673374225179885e-05,1.861416078451843e-05,1.7673374225179885e-05,1.861416078451843e-05,192.39880208063065
1727382120,1.7749272876710383e-05,1.7749272876710383e-05,1.7673374225179885e-05,1.7673374225179885e-05,0.4917798469228484
1727382060,1.7449849890289156e-05,1.7749272876710383e-05,1.7449849890289156e-05,1.7749272876710383e-05,56.97627349912421
1727382000,1.7665581149280464e-05,1.7665581149280464e-05,1.7449849890289156e-05,1.7449849890289156e-05,68.1138252216086
1727381880,1.765752743688272e-05,1.7665581149280464e-05,1.765752743688272e-05,1.7665581149280464e-05,3.11076626029924
1727381760,1.7304986780018566e-05,1.765752743688272e-05,1.7304986780018566e-05,1.765752743688272e-05,66.75893513636964
1727381700,1.6274907872123108e-05,1.7304986780018566e-05,1.6274907872123108e-05,1.7304986780018566e-05,9.331209005675534
1727381520,1.5154031686419572e-05,1.6274907872123108e-05,1.5154031686419572e-05,1.6274907872123108e-05,442.9341405106804
1727381460,1.6610648828757447e-05,1.6610648828757447e-05,1.5154031686419572e-05,1.5154031686419572e-05,341.66000469443736
1727381340,1.6584274800869765e-05,1.6610648828757447e-05,1.6584274800869765e-05,1.6610648828757447e-05,11.304122285182842
1727381280,1.7033462829840314e-05,1.752827780884825e-05,1.6584274800869765e-05,1.6584274800869765e-05,590.2743960752874
1727381220,1.5815948971895843e-05,1.7033462829840314e-05,1.579402769303377e-05,1.7033462829840314e-05,331.9151990564067
1727381160,1.6338356617499083e-05,1.6338356617499083e-05,1.5129656827543539e-05,1.5815948971895843e-05,513.8163039995509
1727381100,1.7488561617856034e-05,1.7488561617856034e-05,1.6338356617499083e-05,1.6338356617499083e-05,254.27391595936396
1727381040,1.831276807528921e-05,1.831276807528921e-05,1.7488561617856034e-05,1.7488561617856034e-05,164.91642148277845
1727380980,2.0403328975766812e-05,2.0403328975766812e-05,1.8039245821922793e-05,1.831276807528921e-05,525.7993098398049
1727380920,2.0898076259069774e-05,2.0966276613064565e-05,2.0403328975766812e-05,2.0403328975766812e-05,232.86017344242424
1727380860,2.1125707906135832e-05,2.1125707906135832e-05,2.0898076259069774e-05,2.0898076259069774e-05,44.57965913347841
1727380800,2.134239117864063e-05,2.134239117864063e-05,2.1125707906135832e-05,2.1125707906135832e-05,65.65866348489692
1727380740,2.226199826384881e-05,2.226199826384881e-05,2.134239117864063e-05,2.134239117864063e-05,154.82195710996757
1727380680,2.2324996295023737e-05,2.2324996295023737e-05,2.226199826384881e-05,2.226199826384881e-05,8.392283581509197
1727380620,2.4285523999894347e-05,2.4285523999894347e-05,2.215236982044163e-05,2.2324996295023737e-05,456.50726429732424
1727380560,2.568756593944587e-05,2.568756593944587e-05,2.4158717480517555e-05,2.4285523999894347e-05,262.85648911014687
1727380440,2.5989030794929687e-05,2.5989030794929687e-05,2.568756593944587e-05,2.568756593944587e-05,38.313925048028125
1727380380,2.685063478962219e-05,2.7303825044440244e-05,2.5989030794929687e-05,2.5989030794929687e-05,449.0582471692715
1727380320,2.6439698429550125e-05,2.6975649163804446e-05,2.6439698429550125e-05,2.685063478962219e-05,91.00978148491608
1727380260,2.464219913407703e-05,2.6439698429550125e-05,2.464219913407703e-05,2.6439698429550125e-05,349.7172484359919
1727380200,2.4738247035555883e-05,2.6252128455839395e-05,2.4393016744156844e-05,2.464219913407703e-05,932.6782440094174
1727380140,2.3640055711150354e-05,2.4738247035555883e-05,2.3347695491018667e-05,2.4738247035555883e-05,470.59809040575647
1727380080,2.3778071964293948e-05,2.3778071964293948e-05,2.3640055711150354e-05,2.3640055711150354e-05,34.7762338391295
1727380020,2.4140853781120813e-05,2.4140853781120813e-05,2.3778071964293948e-05,2.3778071964293948e-05,84.64226513475366
1727379960,2.8679787005216646e-05,2.8679787005216646e-05,2.349042908146994e-05,2.4140853781120813e-05,973.6441610090511
1727379900,2.8648983308700717e-05,3.016450290692596e-05,2.8648983308700717e-05,2.8679787005216646e-05,595.854826664086
1727379840,2.60396776138173e-05,2.8890980518583776e-05,2.54457018716281e-05,2.8648983308700717e-05,820.3725555730983
1727379780,2.6260349808373138e-05,2.6482401096827353e-05,2.5704432760400818e-05,2.60396776138173e-05,279.18687115064745
1727379720,3.0430755739245552e-05,3.0430755739245552e-05,2.5887514285837384e-05,2.6260349808373138e-05,856.8406267698938
1727379660,3.4653813282076085e-05,3.945062179008527e-05,3.029833546440328e-05,3.0430755739245552e-05,2503.0125579501832
1727379600,3.829593074560056e-05,3.829593074560056e-05,3.4653813282076085e-05,3.4653813282076085e-05,890.8170633308563
1727379540,3.818051607039276e-05,3.8699437452415996e-05,3.818051607039276e-05,3.829593074560056e-05,128.192565990642
1727379480,3.8306682750340885e-05,3.8306682750340885e-05,3.710934261786842e-05,3.818051607039276e-05,454.3698000994498
1727379420,3.333013851481201e-05,3.8306682750340885e-05,3.333013851481201e-05,3.8306682750340885e-05,1049.0724341712876
1727379360,3.785068817058362e-05,3.836470124419498e-05,3.234795975964469e-05,3.333013851481201e-05,1207.9577922690607
1727379300,3.4961569671419384e-05,3.7934835728978507e-05,3.4961569671419384e-05,3.785068817058362e-05,595.4226273120443
1727379240,4.1624819437989936e-05,4.1624819437989936e-05,3.249204844800968e-05,3.4961569671419384e-05,1362.6585743854487
1727379180,6.0235734265768496e-05,6.0235734265768496e-05,3.5207964813902725e-05,4.1624819437989936e-05,5994.603758545937
1727379120,6.286425213924915e-05,6.328599793278053e-05,6.0235734265768496e-05,6.0235734265768496e-05,559.9194468846631
1727379060,6.086321366131593e-05,6.286425213924915e-05,6.0745239241797795e-05,6.286425213924915e-05,359.58010910670737
1727379000,5.5808106548769575e-05,6.096549315313521e-05,5.5087402714706264e-05,6.086321366131593e-05,1027.5621151555135
1727378940,5.332932479252351e-05,5.607750480934571e-05,5.332932479252351e-05,5.5808106548769575e-05,406.9537581651267
1727378880,4.950347945897188e-05,5.899299714496578e-05,4.6661064193634396e-05,5.332932479252351e-05,5783.088483047295
1727378820,5.083896479493237e-05,5.102949649363808e-05,4.950347945897188e-05,4.950347945897188e-05,758.8433187303957
1727378760,6.000894675477667e-05,6.143751608365812e-05,5.083896479493237e-05,5.083896479493237e-05,1762.5281123118898
1727378700,6.768412750241436e-05,6.768412750241436e-05,6.000894675477667e-05,6.000894675477667e-05,1211.200465720603
1727378640,7.262082237627262e-05,7.262082237627262e-05,6.768412750241436e-05,6.768412750241436e-05,466.80587395086496
1727378580,7.548580308421942e-05,7.548580308421942e-05,7.262082237627262e-05,7.262082237627262e-05,298.2503318740999
1727378520,7.466680935099938e-05,7.687413175018377e-05,7.466680935099938e-05,7.548580308421942e-05,616.0527052524645
1727378460,8.81265287583702e-05,0.00010949714963313222,7.43068311651532e-05,7.466680935099938e-05,7099.148740457231
1727378400,9.413122142014366e-05,9.456707782982453e-05,8.81265287583702e-05,8.81265287583702e-05,923.5687625342263
1727378340,8.861313978701137e-05,0.0001073570243831092,8.861313978701137e-05,9.413122142014366e-05,4422.53133786128
1727378280,7.126416894450151e-05,8.861313978701137e-05,7.126416894450151e-05,8.861313978701137e-05,1697.4564499934977
1727378220,6.842333509501584e-05,7.126416894450151e-05,6.842333509501584e-05,7.126416894450151e-05,693.5710035495049
1727378160,6.482919359254508e-05,6.935836623315571e-05,6.280939298135967e-05,6.842333509501584e-05,1496.281571566493
1727378100,7.418727173040752e-05,7.687020626908807e-05,6.338189423929875e-05,6.482919359254508e-05,2738.0181061946964
1727378040,5.464257362291223e-05,7.418727173040752e-05,5.464257362291223e-05,7.418727173040752e-05,5401.653803424523
1727377980,5.621641524961738e-05,5.621641524961738e-05,4.6737263755005876e-05,5.464257362291223e-05,2964.4858550801637
1727377920,5.950701328364035e-05,6.11451362961285e-05,5.621641524961738e-05,5.621641524961738e-05,1462.590926136518
1727377860,7.467160777053388e-05,9.711805797137596e-05,5.7233986918318694e-05,5.950701328364035e-05,12925.163511290095
1727377800,6.644452676198886e-05,7.467160777053388e-05,6.644452676198886e-05,7.467160777053388e-05,965.9408760718663
1727377740,9.880054524519035e-05,9.880054524519035e-05,6.538086411366128e-05,6.644452676198886e-05,8887.593873771013
1727377680,9.199981690236209e-05,0.00013134057518309825,6.863697759225943e-05,9.880054524519035e-05,17437.545625089446
1727377620,0.00012298912942972946,0.00013324657564859222,9.179333886153221e-05,9.199981690236209e-05,6127.256087855317
1727377560,0.00014008800479737766,0.00014037484190160217,0.00012178312946739119,0.00012298912942972946,3741.2383929616917
1727377500,0.00010770988992721824,0.00014008800479737766,0.00010639350293692316,0.00014008800479737766,3422.4178496010613
1727377440,9.504302357258155e-05,0.00012070412195849518,9.504302357258155e-05,0.00010770988992721824,4439.806840057461
1727377380,0.00014269758400805427,0.00014269758400805427,9.480711829985837e-05,9.504302357258155e-05,6163.692473927431
1727377320,0.00011459624800161267,0.00014269758400805427,0.00010167491080735349,0.00014269758400805427,8680.709623698605
1727377260,9.137315071122243e-05,0.0001372234561970839,9.137315071122243e-05,0.00011459624800161267,13930.846310369869
1727377200,8.123428858680897e-05,9.137315071122243e-05,7.640944845812013e-05,9.137315071122243e-05,4405.85910705422
1727377140,8.470228202266065e-05,8.470228202266065e-05,7.240009798151843e-05,8.123428858680897e-05,3203.5976465429926
1727377080,6.435231747911693e-05,8.963566775733683e-05,6.434610188437368e-05,8.470228202266065e-05,13588.392438869692
1727377020,0.00010461668672310637,0.00010461668672310637,6.420310456380355e-05,6.435231747911693e-05,12082.254581861107
1727376960,0.00012680730905049198,0.00013172747691566887,0.00010461668672310637,0.00010461668672310637,4701.245168363186
1727376900,0.00016157057989793944,0.0001643824136554805,0.0001267417773848781,0.00012680730905049198,10131.69543483526
1727376840,0.00017937310643109734,0.00018450927007292314,0.0001605224412858964,0.00016157057989793944,3939.787418702403
1727376780,0.00017357585402996852,0.0001794056542534383,0.00016017592318313384,0.00017937310643109734,6039.268809671025
1727376720,0.00020995875881159626,0.000219247793774678,0.0001703903958201813,0.00017357585402996852,8358.406174009851
1727376660,0.00018676926361183423,0.0002502315167950563,0.0001836348022173796,0.00020995875881159626,13878.416578386725
1727376600,0.00018612897937349537,0.0001995605895315179,0.00017046265941327295,0.00018676926361183423,7927.209774590764
1727376540,0.0001340532504278376,0.00020246757056046474,0.00013251061338439963,0.00018612897937349537,12154.431825855629
1727376480,0.0001262912007551711,0.0001372000043628006,0.00012027384332202404,0.0001340532504278376,7328.415578132121
1727376420,0.00011448867463384821,0.00013057482325294745,0.00011186488346278012,0.0001262912007551711,8456.435746985167
1727376360,9.594759410943772e-05,0.00013173041349777556,8.424532452371215e-05,0.00011448867463384821,16239.557314618674
1727376300,7.850924245927735e-05,9.594759410943772e-05,6.767236209055404e-05,9.594759410943772e-05,17672.79075886291
1727376240,0.00012134321085124626,0.00016083176452613888,6.545295467535687e-05,7.850924245927735e-05,25811.06233901885
1727376180,0.00012790009974946486,0.00014586128068522163,0.0001158353569410752,0.00012134321085124626,18125.444784149106
1727376120,0.0001493381132477186,0.0001859409415931271,0.00010921076319603298,0.00012790009974946486,29812.940203345974
1727376060,0.00012650682574960685,0.00017666652479921888,8.538927649384258e-05,0.0001493381132477186,47706.90549360917
1727376000,1.7799763156117395e-05,0.0001724537525411703,1.7799763156117395e-05,0.00012650682574960685,96545.12926877991
1727375940,1.4055943967599559e-05,1.8018874948792402e-05,1.3799111173997018e-05,1.7799763156117395e-05,2985.580005266231
1727375880,1.911856809105885e-05,1.911856809105885e-05,1.4055943967599559e-05,1.4055943967599559e-05,1315.3031798568134
1727375820,1.5430214683089085e-05,2.035587166829658e-05,1.541488554280264e-05,1.911856809105885e-05,3146.550454422233
1727375760,2.5052727924987963e-05,2.5052727924987963e-05,1.395670496259663e-05,1.5430214683089085e-05,4003.295441955019
1727375700,2.1293297999349946e-05,3.623271296065637e-05,2.0412198996793955e-05,2.5052727924987963e-05,7657.7024453781905
1727375640,3.4929313626936105e-05,3.5948616531864314e-05,1.8632703507222736e-05,2.1293297999349946e-05,8345.902390531399
1727375580,2.8708245868475387e-05,3.993315898175698e-05,2.7895979193533958e-05,3.4929313626936105e-05,10113.182612628347
1727375520,4.8035684715416815e-05,4.8035684715416815e-05,2.505681762418882e-05,2.8708245868475387e-05,20612.80820693553
1727375460,7.260178283292312e-05,7.577371204920643e-05,4.728139057921883e-05,4.8035684715416815e-05,13136.81176755403
1727375400,0.00010901047845069654,0.00012091102334423721,7.247641709570238e-05,7.260178283292312e-05,15295.114146253973
1727375340,9.943241347025012e-05,0.00014080824305954306,9.760065556440966e-05,0.00010901047845069654,17817.440721271698
1727375280,7.783609017659119e-05,0.0001126127185065998,7.302136463157e-05,9.943241347025012e-05,20706.893548039785
1727375220,0.00010457247343771831,0.00020502378148662856,6.470555713019008e-05,7.783609017659119e-05,36202.20819071255
1727375160,0.00011778334076735415,0.00012428691567136857,8.876140806761534e-05,0.00010457247343771831,13298.99726301228
1727375100,0.00012053429986083935,0.00014325417211227034,0.00010368376356681796,0.00011778334076735415,19784.04576612896
1727375040,0.00014771809421422057,0.00016910915641470679,0.0001078357998275464,0.00012053429986083935,29266.94458905799
1727374980,0.00010095970139584929,0.00014771809421422057,0.00010095970139584929,0.00014771809421422057,12833.397188699979
1727374920,9.446097634418835e-05,0.00010826966153734395,8.148625094604639e-05,0.00010095970139584929,15586.149973255018
1727374860,8.853399597110847e-05,9.688654704625876e-05,6.995761936605474e-05,9.446097634418835e-05,22025.770426674426
1727374800,6.407505109846582e-05,0.00010074895642284856,6.031943074718527e-05,8.853399597110847e-05,17229.679750881023
1727374740,6.197285226973621e-05,6.708278296105122e-05,5.2321203294544965e-05,6.407505109846582e-05,6669.644412441397
