time,open,high,low,close,volume,usd_vol,price_change,vol_change,norm_open,mov_in_min
1734873300.0,0.0002547851555455,0.0002760267420474,0.0002485307408907,0.0002760267420474,10615.32513832454,2.817370440119831,0.08337058121153633,0.0,1.0,0.10791837969457264
1734873360.0,0.0002760267420474,0.0002927017424259,0.0002063037395458,0.0002160921501696,9161.68860061643,2.254320022486237,-0.21713328003381596,-0.19984962205028522,1.0833705812115364,0.3130059147141022
1734873420.0,0.0002160921501696,0.0002655543450472,0.0002160921501696,0.0002367222664338,17142.28573368353,3.881137056873347,0.09546906839516578,0.7216442289293653,0.8481347734209339,0.2288939919325138
1734873480.0,0.0002367222664338,0.0002650242881707,0.000230616625206,0.0002587065939406,4998.33041851123,1.2381585715088583,0.09286970692699058,-0.6809804566638207,0.9291054101129754,0.14535034444815187
1734873540.0,0.0002587065939406,0.000260175524746,0.0002227406355958,0.0002365267878855,5123.80922475939,1.2687406851046803,-0.08573343924968736,0.024699674419370744,1.015391157254449,0.14470017396926177
1734873600.0,0.0002365267878855,0.0002541931867819,0.0002335366043895,0.0002496245523482,3371.6603450801,0.8195685977867551,0.055375395657258346,-0.3540298601529163,0.9283381811593048,0.0873329510668349
1734873660.0,0.0002496245523482,0.0002761140239916,0.0002490081985509,0.0002733604301491,3243.79628908884,0.8482283727369667,0.09508631093223129,0.03496934244138609,0.9797452752447409,0.10858637576198918
1734873720.0,0.0002733604301491,0.0002733604301491,0.0002500842335037,0.000254758093694,1852.00963807372,0.48904029810134336,-0.06805058232076111,-0.42345680264931035,1.0729056391210468,0.08514837583736734
1734873780.0,0.000254758093694,0.000254758093694,0.0001946491310478,0.0002160925093474,12304.01493387266,2.8966764257221667,-0.15177372300894487,4.923185547220265,0.9998937856036312,0.2359452521198374
1734873840.0,0.0002160925093474,0.0002213507417925,0.0001421760778878,0.0001638475242181,17334.35630986833,3.2930079591038552,-0.24177138433479256,0.13682285320593918,0.8481361831490604,0.3663924498993866
1734873900.0,0.0001638475242181,0.0001734970139528,0.0001473651236439,0.0001619605539948,14602.86999452312,2.3788665046541997,-0.011516623350306121,-0.27760074248299904,0.6430811240446849,0.15948907640566756
1734873960.0,0.0001619605539948,0.0001660964531066,0.0001499130544688,0.000163873892639,6742.21273188164,1.0984225772900076,0.011813608912830965,-0.5382580001269647,0.6356750009553708,0.09992185281312141
1734874020.0,0.000163873892639,0.0001738423406809,0.0001581314315652,0.0001581314315652,5592.70726381588,0.9004407578321083,-0.03504195196272141,-0.1802419429017506,0.643184616812321,0.0958719467920969
1734874080.0,0.0001581314315652,0.0001676504006975,0.000131590569861,0.0001391296114196,18885.26672674602,2.806927042119331,-0.1201647259973439,2.1172811955749973,0.6206461723668223,0.22803708585684937
1734874140.0,0.0001391296114196,0.0001626197521301,0.0001212676874761,0.0001586578639525,20288.55399620852,3.0208386367407325,0.14036014572056035,0.0762084626395884,0.5460663951230628,0.29721972362365484
1734874200.0,0.0001586578639525,0.0001745789520522,0.0001472619867461,0.0001486192258348,9918.16705350914,1.5238127541132842,-0.06327223793146122,-0.49556631871030077,0.622712353915637,0.17217529989108105
1734874260.0,0.0001486192258348,0.0001606503144331,0.000121814183664,0.0001253775930324,14276.49993877737,1.9558577838913873,-0.1563837563535327,0.2835289497425901,0.5833119496958264,0.26131296641437834
1734874320.0,0.0001253775930324,0.0001355664700106,0.0001189927788984,0.0001296857301519,8654.21295511011,1.103686157937503,0.034361300255514614,-0.43570224429017435,0.49209143587649024,0.1321902160613103
1734874380.0,0.0001296857301519,0.0001382212436767,0.0001251517162305,0.0001286889630176,5152.73104383999,0.6656676512185574,-0.007686020143715848,-0.39686871450620176,0.5090003374578096,0.10077845442896256
1734874440.0,0.0001286889630176,0.0001420137502027,0.0001020013259977,0.0001400741019954,15115.08792270449,2.0311886790235185,0.08847020529835888,2.0513555455267607,0.5050881506109507,0.3109235109737247
1734874500.0,0.0001400741019954,0.0001703203563726,0.0001379171667317,0.0001434602186206,9232.673305599,1.3088898765862458,0.024173752156634924,-0.355603991838175,0.5497734029892699,0.2313289121922347
1734874560.0,0.0001434602186206,0.0001434602186206,0.0001221139841219,0.0001301455012491,6487.98189666619,0.8875744786694671,-0.09281121623488225,-0.32188758233475206,0.5630634889754423,0.148795496786137
1734874620.0,0.0001301455012491,0.000150824433004,0.0001281611182168,0.0001408508303848,7146.77069717278,0.9683743209812368,0.08225662072797942,0.09103443626825991,0.5108048817461753,0.17413828806746207
1734874680.0,0.0001408508303848,0.0001592688780279,0.0001270293483761,0.0001308131259889,12359.2801788796,1.6787854756627412,-0.07126478678526284,0.7336121366391224,0.5528219651699708,0.22889129985050588
1734874740.0,0.0001308131259889,0.0001349427386007,0.0001142461376515,0.0001250458286136,4948.25043908178,0.6330270922274129,-0.04408806327118413,-0.622925560529102,0.5134252256919228,0.15821501697739565
1734874800.0,0.0001250458286136,0.0001308617623352,0.0001191943946278,0.0001250346118452,3033.50973176209,0.3793107249275598,-8.970126012493768e-05,-0.4007985920588472,0.49078930185659536,0.09330473344659065
1734874860.0,0.0001250346118452,0.0001250346118452,9.9388724496114e-05,0.0001119712090009,5599.60622870746,0.663569635324873,-0.10447829326229466,0.7494091037146408,0.49074527743776303,0.20511030482373208
1734874920.0,0.0001119712090009,0.0001145765535994,6.57033712158891e-05,6.93304965020905e-05,15415.29944472752,1.3974100400842009,-0.38081854147405664,1.105898108794643,0.4394730484245343,0.43647990246419566
1734874980.0,6.93304965020905e-05,8.51615950593751e-05,6.90095041381745e-05,7.18589249696288e-05,7621.79040009189,0.538058088583839,0.03646921045000833,-0.6149604817842741,0.27211356310634566,0.23297238208460788
1734875040.0,7.18589249696288e-05,8.73466082262154e-05,7.18589249696288e-05,7.7177784207708e-05,6466.25504182362,0.48185468606737736,0.0740180741686188,-0.10445601266656569,0.2820373299055726,0.21552901415005127
1734875100.0,7.7177784207708e-05,8.66333385690871e-05,7.3980200923873e-05,8.09030819483067e-05,7258.5773345497,0.5737210960530166,0.048269042430303846,0.19065168948630629,0.3029131899088425,0.163947925884485
1734875160.0,8.09030819483067e-05,9.93072126335323e-05,7.79560153556087e-05,8.73627946823767e-05,7658.8721961488,0.6443634220436726,0.07984507608990052,0.12313008267719001,0.3175345195252511,0.26391080245331106
1734875220.0,8.73627946823767e-05,9.44310631155548e-05,8.19148724497949e-05,9.1977596482314e-05,5856.03991858744,0.5251122448377575,0.052823422335735094,-0.18506819773800356,0.34288808739791476,0.14326683013363736
1734875280.0,9.1977596482314e-05,0.0001034460437663,9.05843039047362e-05,0.000101729342911,3519.87981524478,0.3409125730216849,0.10602306215471856,-0.3507815207641641,0.36100060965242725,0.13983557250310336
1734875340.0,0.000101729342911,0.0001042260756284,7.94215013500045e-05,8.31647136632196e-05,4577.08353751261,0.4231377712648928,-0.1824904075515561,0.24119145126975927,0.39927499972749786,0.24382910150217216
1734875400.0,8.31647136632196e-05,8.66470731742828e-05,7.58233181989612e-05,7.86037388386381e-05,4904.9541008031,0.3967334172397793,-0.054842668527080314,-0.06240131658817071,0.3264111423020793,0.13014840668066305
1734875460.0,7.86037388386381e-05,8.59213870717773e-05,7.23436967077023e-05,7.23436967077023e-05,5358.61417376064,0.40443453380572014,-0.0796405135865961,0.01941131306639195,0.30850988422126074,0.17273593552525549
1734875520.0,7.23436967077023e-05,7.31470181524984e-05,6.71333597468359e-05,6.73774020638665e-05,3455.98178615304,0.2414367862479158,-0.06864861584142751,-0.40302628468444346,0.28393999859533825,0.08312622494203054
1734875580.0,6.73774020638665e-05,7.12786172569211e-05,6.12875445890543e-05,6.9320936256117e-05,4484.06414385203,0.306482058692396,0.028845490219528463,0.26940912134942596,0.2644479107097514,0.14828521673181091
1734875640.0,6.9320936256117e-05,7.45670375839171e-05,6.68955276280372e-05,6.91501010541098e-05,4584.06352192891,0.3173800154887338,-0.0024644099060638844,0.03555822106792772,0.27207604033170424,0.11066656583425705
1734875700.0,6.91501010541098e-05,9.26299176312105e-05,6.90785475234669e-05,9.03210902078002e-05,5680.31631799676,0.45292340498770484,0.30615991634089096,0.42706970472053085,0.2714055334427082,0.3405833071641458
1734875760.0,9.03210902078002e-05,0.0001000460986491,9.03210902078002e-05,0.0001000460986491,1213.61052042808,0.11551581157052664,0.10767151303118272,-0.744955084461439,0.35449902885598256,0.10767151303118272
1734875820.0,0.0001000460986491,0.0001000460986491,8.93179751624653e-05,9.09437329049792e-05,2547.03722632982,0.24322910540935072,-0.09098171609915819,1.1055914519619716,0.3926684756609911,0.10723180245401004
1734875880.0,9.09437329049792e-05,0.000131271376283,9.09437329049792e-05,0.0001147001697199,9548.98665199179,0.9818454406142355,0.2612212634788396,3.0367103228119237,0.35694282388731363,0.44343510091186117
1734875940.0,0.0001147001697199,0.000119388089998,0.0001073445969148,0.0001114842924085,4110.738033369,0.464892535514162,-0.028037249807504407,-0.526511489198006,0.45018387933286264,0.104999784329966
1734876000.0,0.0001114842924085,0.0001195534701017,0.0001114842924085,0.0001150149863722,1372.33832052347,0.15541681992084153,0.03166987821712902,-0.6656930192502368,0.43756196144869575,0.07237950314680174
1734876060.0,0.0001150149863722,0.0001192095201193,0.0001132117916589,0.0001190741813606,2005.33238122373,0.2347132940741485,0.03529274850552119,0.5102180973313897,0.45141949548022403,0.0521473648746151
1734876120.0,0.0001190741813606,0.0001321115331032,0.0001190741813606,0.0001321115331032,1860.47725675025,0.2336626544902311,0.1094893250042018,-0.004476267899787125,0.4673513302046968,0.1094893250042018
1734876180.0,0.0001321115331032,0.0001491108044615,0.0001248000213867,0.0001434331991495,4803.19861895996,0.6617480387089303,0.08569778716787714,1.8320659120843654,0.5185213118886249,0.18401711420462769
1734876240.0,0.0001434331991495,0.0001485524052967,7.99095206345133e-05,7.99095206345133e-05,9726.76038479502,1.0862005595137576,-0.4428798833997711,0.641411074875165,0.5629574409168647,0.47857040817056884
1734876300.0,7.99095206345133e-05,0.0001038388920462,7.99095206345133e-05,0.0001025157585146,7682.6130263021,0.7007514129588872,0.2828979288147921,-0.3548600147356013,0.31363491512457015,0.2994558248088338
1734876360.0,0.0001025157585146,0.000109938825597,9.93021949226251e-05,0.0001053680414528,4727.34488038975,0.49136920874592765,0.02782287308339808,-0.2987966921520056,0.4023615830173142,0.10375605495676127
1734876420.0,0.0001053680414528,0.0001113179127803,0.0001035214911373,0.0001108345486901,3461.60604880338,0.37420409690281037,0.05188012571865775,-0.23844618213287327,0.4135564382752401,0.07399228015918308
1734876480.0,0.0001108345486901,0.000116360906532,0.0001108345486901,0.0001153368466367,1672.78780778306,0.1891683762859768,0.04062179166884772,-0.49447807265694294,0.43501179828471986,0.04986132850463458
1734876540.0,0.0001153368466367,0.0001178515231797,0.0001106844222685,0.0001112714937449,1896.98179740354,0.2149359484218604,-0.0352476507755191,0.13621500930435257,0.45268275692813253,0.062140600512303495
1734876600.0,0.0001112714937449,0.0001120589031356,0.0001023983024999,0.0001023983024999,2239.40666643096,0.239246783062775,-0.0797436157848532,0.11310734579028675,0.4367267531998305,0.08682008581504089
1734876660.0,0.0001023983024999,0.0001023983024999,9.86386095076518e-05,0.0001001535398298,967.07578822368,0.09794149128857658,-0.021921873852373545,-0.5906256709713915,0.4019005827896968,0.03671636053001824
1734876720.0,0.0001001535398298,0.0001049758811991,9.41256906254481e-05,9.59984702083367e-05,3051.79526198776,0.2993078874318806,-0.04148699714982005,2.0559866252188708,0.3930901689125857,0.108335567490581
1734876780.0,9.59984702083367e-05,0.0001077268155029,9.59984702083367e-05,0.0001057673256917,1387.36881355887,0.1399617864372975,0.10176053287268896,-0.5323818973225308,0.37678203819528694,0.12217221033950165
1734876840.0,0.0001057673256917,0.0001132120028804,0.0001057673256917,0.0001059680943721,1767.10987369184,0.18707987570251514,0.0018982108045846012,0.3366496703464585,0.4151235791788972,0.07038730666595855
1734876900.0,0.0001059680943721,0.0001127463619122,0.0001030948971291,0.0001034347458285,1963.86451762438,0.20561940387986322,-0.023906710398172413,0.09909953225983906,0.4159115712421324,0.09107896900749694
1734876960.0,0.0001034347458285,0.0001039279269492,8.67915783579046e-05,9.07157729268239e-05,3869.9541410097,0.3756768020181736,-0.12296615416607487,0.8270493685395054,0.4059684937571979,0.1656730381462756
1734877020.0,9.07157729268239e-05,9.88753886789095e-05,7.37437468100076e-05,7.37437468100076e-05,5243.66917081256,0.43118565674533155,-0.1870901340443501,0.1477569400850912,0.3560481093672811,0.2770371795120392
1734877080.0,7.37437468100076e-05,8.66041920360706e-05,7.33735687250934e-05,7.80658095565487e-05,7181.82346008491,0.5451347166892082,0.058609210048363995,0.26426913363488264,0.28943502085951905,0.17941349447654723
1734877140.0,7.80658095565487e-05,7.94744675096364e-05,6.64305707050315e-05,7.18524383727121e-05,6761.17977062864,0.5068121125737035,-0.07959145263632739,-0.07029932774828787,0.3063985787924272,0.1670884716202969
1734877200.0,7.18524383727121e-05,7.80927371303532e-05,7.16231278600206e-05,7.16231278600206e-05,2084.31197055484,0.14952392009050927,-0.0031914089192356223,-0.7049716919132143,0.2820118708206317,0.09004021877133132
1734877260.0,7.16231278600206e-05,7.8212638053272e-05,6.30549658342453e-05,6.59564560275991e-05,5056.44604603097,0.3478318714815704,-0.07911790509200299,1.3262623884594658,0.28111185562076446,0.2116309727306336
1734877320.0,6.59564560275991e-05,7.08249218288913e-05,6.51573414216601e-05,7.08249218288913e-05,1360.1579850862,0.09302214165129906,0.07381333222717451,-0.7325657903196838,0.25887087450752394,0.08592912276638444
1734877380.0,7.08249218288913e-05,7.48412289923659e-05,7.06081681686823e-05,7.17708038255677e-05,1152.33654823124,0.08215913314659407,0.01335521412874407,-0.11677874011357264,0.27797899637148704,0.0597679561709991
1734877440.0,7.17708038255677e-05,7.75599614573861e-05,7.17708038255677e-05,7.36433961190153e-05,3620.40099335432,0.26322885696359594,0.026091282159786944,2.2038903878638134,0.2816914653913216,0.08066173601578175
1734877500.0,7.36433961190153e-05,0.0001133978020457,7.32858471212575e-05,9.05291909490668e-05,9120.78437584185,0.7486913835360495,0.22929136514511514,1.844260284272678,0.28904115689685045,0.544678233736226
1734877560.0,9.05291909490668e-05,9.28341297794207e-05,8.95023655602731e-05,9.16417278997768e-05,1176.81254229539,0.10719051107139739,0.012289262049585092,-0.8568295115603715,0.35531579834485266,0.036803203300713294
1734877620.0,9.16417278997768e-05,9.72916557325033e-05,8.22424545606989e-05,8.22424545606989e-05,2545.89851766461,0.22134574118572384,-0.1025654312122676,1.0649751454052683,0.3596823673010701,0.16421778066278755
1734877680.0,8.22424545606989e-05,8.60465454842135e-05,7.91571840674659e-05,8.38010560243235e-05,1175.59140025308,0.0975996615557918,0.01895130041959392,-0.5590623924681741,0.32279139019938663,0.08376891781194246
1734877740.0,8.38010560243235e-05,8.38010560243235e-05,7.15862132916981e-05,7.15862132916981e-05,1674.0288680965,0.1300613872848528,-0.14576000962422261,0.33260080221184585,0.32890870680791356,0.14576000962422261
1734877800.0,7.15862132916981e-05,7.29675094923371e-05,7.02502597740945e-05,7.02502597740945e-05,936.42011450387,0.06640926317454729,-0.01866216211437076,-0.48940062411373775,0.2809669705381015,0.03795772388700597
1734877860.0,7.02502597740945e-05,9.06262052758372e-05,6.95930275425407e-05,7.43655645291327e-05,4860.19559807846,0.3514305963455164,0.058580633983018604,4.291891214360128,0.2757235193851358,0.299403558092645
1734877920.0,7.43655645291327e-05,8.41940433549977e-05,7.43655645291327e-05,8.41692594220093e-05,1027.64905362392,0.08145908089991293,0.13183110966684053,-0.768207202938515,0.29187557795474617,0.13216438129794192
1734877980.0,8.41692594220093e-05,8.41692594220093e-05,7.98861765316832e-05,8.00934819413753e-05,626.81414089274,0.05148110455418814,-0.048423587288546815,-0.36801270054296464,0.3303538592811708,0.05088654598766877
1734878040.0,8.00934819413753e-05,8.04987641706567e-05,7.59708660572569e-05,7.64953701627769e-05,674.4667981325,0.05280699085096556,-0.04492390256215913,0.025754814475315208,0.3143569403401607,0.05653266662465761
1734878100.0,7.64953701627769e-05,8.00093861472699e-05,7.34322257720337e-05,7.66307088333105e-05,2076.98970837718,0.1590206450795123,0.0017692400238813564,2.011355930662818,0.30023479978258083,0.08598115626135863
1734878160.0,7.66307088333105e-05,7.95697855335658e-05,7.33773307921625e-05,7.83512069910756e-05,2271.87300068105,0.17604961507762298,0.02245181055949225,0.10708653577399328,0.30076598720691816,0.08080904947484334
1734878220.0,7.83512069910756e-05,8.54647755259752e-05,7.83512069910756e-05,8.41154500741545e-05,2416.6540923337,0.1963128558322321,0.07356929528520809,0.1150996027209417,0.3075187281744266,0.09079079707999721
1734878280.0,8.41154500741545e-05,8.89432260247766e-05,8.11876933871712e-05,8.11876933871712e-05,2634.02577300624,0.21770637011803992,-0.03480640814977808,0.10897663423576602,0.3301426642932226,0.09220104785468403
1734878340.0,8.11876933871712e-05,8.72703947500117e-05,7.83074670664454e-05,8.61902650117906e-05,1525.22293630314,0.12764435059084467,0.061617363616465026,-0.41368573403875974,0.3186515839721775,0.11039761458455935
1734878400.0,8.61902650117906e-05,8.65392675494584e-05,8.44325489215403e-05,8.64689287045929e-05,497.07264216312,0.04291208080717836,0.0032331225894731185,-0.6638152757364866,0.33828605448875376,0.024442651703529484
1734878460.0,8.64689287045929e-05,9.76782779366202e-05,8.52568810840534e-05,9.76782779366202e-05,1407.12326602661,0.12955890941933043,0.12963441781870833,2.019170988269992,0.33937977477322506,0.14365156407803417
1734878520.0,9.76782779366202e-05,0.0001017730321065,9.7242754255746e-05,0.0001010930343328,867.66541547569,0.08623349662244731,0.03495921988300737,-0.33440705074674615,0.38337507429539647,0.04637958353128962
1734878580.0,0.0001010930343328,0.0001067617956181,9.74133049350633e-05,9.86156446888406e-05,2573.19404918792,0.256944592214833,-0.02450603704112582,1.9796378701863768,0.3967775678153535,0.09247413280979687
1734878640.0,9.86156446888406e-05,9.98069362444845e-05,9.80179477776651e-05,9.87573022048779e-05,505.21298413347,0.049857687743696213,0.0014364608828981386,-0.8059593809158284,0.3870541220413826,0.018141020853883263
1734878700.0,9.87573022048779e-05,0.00011061700554,9.82310103564535e-05,0.0001069553471852,1789.0348196242,0.18401354629799718,0.0830120385762945,2.690775778531026,0.38761011014725955,0.1254185250813253
1734878760.0,0.0001069553471852,0.0001197077157785,0.0001065667646661,0.0001124515908947,3956.94470471665,0.43409056090667714,0.051388208763259884,1.3590141575973844,0.41978641556336566,0.12286390029332157
1734878820.0,0.0001124515908947,0.0001163931453578,0.0001077969774339,0.0001123747249284,2603.48214591488,0.2926656495886305,-0.000683547166282231,-0.3257958685456209,0.44135848752231643,0.07644327532857653
1734878880.0,0.0001123747249284,0.0001198792066324,0.0001087468625089,0.0001124618504385,2438.44470936755,0.2741257788378679,0.0007753123325152264,-0.0633482978847097,0.44105679817885596,0.09906448385607189
1734878940.0,0.0001124618504385,0.0001133216932118,0.0001124416187629,0.0001133216932118,219.88908524189,0.0248236684379684,0.007645639565304915,-0.9094442392714536,0.4413987549538237,0.007825537686499915
1734879000.0,0.0001133216932118,0.0001138266824245,0.0001068924450295,0.0001068924450295,788.35445972875,0.08680339898892618,-0.0567344874584924,2.4967998064362753,0.44477353073877496,0.06119073231671358
1734879060.0,0.0001068924450295,0.0001068924450295,9.80227527500096e-05,9.80227527500096e-05,975.600793616,0.09995771478883458,-0.08297772847316348,0.15154148285813723,0.41953953243720654,0.08297772847316348
1734879120.0,9.80227527500096e-05,9.80227527500096e-05,9.04378424130417e-05,9.05827400526853e-05,792.50277537558,0.07473518824860735,-0.07590087493562626,-0.2523319645063017,0.38472709503087404,0.07737907908291385
1734879180.0,9.05827400526853e-05,9.68020700301278e-05,8.86067964313943e-05,9.40240479440659e-05,4532.57939594232,0.41837246181258325,0.037990768322740565,4.5980652704167015,0.3555259719065889,0.09047279419861787
1734879240.0,9.40240479440659e-05,9.42678719910896e-05,8.33031219327888e-05,8.49207223485661e-05,3592.6297144839,0.3214411495024028,-0.09681912015652948,-0.23168664565117192,0.36903267673800927,0.11661644332547388
1734879300.0,8.49207223485661e-05,8.49207223485661e-05,8.06937390882664e-05,8.06937390882664e-05,624.79010276349,0.05173713819011932,-0.04977563948348909,-0.8390463129247471,0.33330325766722624,0.04977563948348909
1734879360.0,8.06937390882664e-05,8.28388860933084e-05,7.58553075351902e-05,8.12642532370213e-05,2996.95754711958,0.24269061370780298,0.007070116655901291,3.6908395438492128,0.31671287487490996,0.08654424292421561
1734879420.0,8.12642532370213e-05,8.47050957753652e-05,8.07378065941518e-05,8.37744328795754e-05,1675.51046567264,0.13826202291460982,0.03088909997404042,-0.43029513666698344,0.31895207184670143,0.04881961038443446
1734879480.0,8.37744328795754e-05,8.37744328795754e-05,7.7265357445446e-05,7.7265357445446e-05,793.79924932092,0.06391663233540017,-0.07769763650308557,-0.5377137482295129,0.3288042142809015,0.07769763650308557
1734879540.0,7.7265357445446e-05,7.7265357445446e-05,6.66749357656438e-05,6.66749357656438e-05,2093.36009623842,0.15065943302447665,-0.13706558838195607,1.3571240774059692,0.30325690395902133,0.13706558838195607
1734879600.0,6.66749357656438e-05,7.13839949081006e-05,6.40010454196606e-05,7.13839949081006e-05,3536.61573099899,0.24413069301283166,0.07062712679632276,0.6204142555957273,0.26169081798698773,0.11073050770368012
1734879660.0,7.13839949081006e-05,7.53054164000041e-05,7.00039489850281e-05,7.04645660973597e-05,692.94504767411,0.04914662893421629,-0.012880041414389419,-0.7986872181957346,0.28017328857038815,0.07426689164428356
1734879720.0,7.04645660973597e-05,7.0805330003995e-05,6.78620082848412e-05,6.79844557869141e-05,851.3398175751,0.05893358251720435,-0.035196559743501,0.19913784109359933,0.2765646450103959,0.04177023832215259
1734879780.0,6.79844557869141e-05,6.85711622323756e-05,6.33522163169547e-05,6.76001717859026e-05,1689.23636356676,0.11451724161832917,-0.005652527427975184,0.9431576484409108,0.26683052095934734,0.07676675285566459
1734879840.0,6.76001717859026e-05,6.82013382125105e-05,6.68469394133517e-05,6.82013382125105e-05,241.48682879982,0.016397137997871913,0.008892971877524993,-0.8568151156441455,0.26532225412100374,0.02003543428037912
1734879900.0,6.82013382125105e-05,8.18941815487946e-05,6.75635384481751e-05,7.87532783006541e-05,2268.40011357671,0.1666759343945422,0.15471749330291015,9.164940638797702,0.26768175746538336,0.21012260867911775
1734879960.0,7.87532783006541e-05,7.87532783006541e-05,7.58559412802134e-05,7.70156943229079e-05,652.06721824235,0.05078592033355743,-0.022063639955566917,-0.6953014211797308,0.309096807983345,0.03679004967107045
1734880020.0,7.70156943229079e-05,7.70156943229079e-05,6.86934135008043e-05,7.24693676317513e-05,1486.58517171959,0.11111113824769031,-0.05903117190757221,1.1878335081440325,0.3022770073005855,0.10805954416524922
1734880080.0,7.24693676317513e-05,7.24693676317513e-05,6.74554116305167e-05,6.74554116305167e-05,742.66703280598,0.051958760315370146,-0.06918724648892635,-0.532371271370265,0.2844332413189182,0.06918724648892635
1734880140.0,6.74554116305167e-05,6.74554116305167e-05,6.67783366627022e-05,6.74197431907296e-05,65.7221096601,0.004432139857792458,-0.0005287706193605878,-0.9146988913728689,0.2647540885421419,0.010037370634147825
1734880200.0,6.74197431907296e-05,7.43458235480465e-05,6.69728173457022e-05,7.08277465819619e-05,2737.93751511663,0.18925649430967736,0.05054904142234867,41.700930110978376,0.2646140943587652,0.10935974913885624
1734880260.0,7.08277465819619e-05,7.25218117322058e-05,6.98269650511421e-05,7.25218117322058e-05,577.73468204998,0.04140900574732038,0.02391810034904223,-0.7812016655049973,0.2779900831754437,0.03804789522627586
1734880320.0,7.25218117322058e-05,7.34456268965373e-05,6.89438388108353e-05,6.95545140634321e-05,1002.2520374556,0.07119814350144185,-0.040915934087950724,0.7193879016534745,0.2846390778808726,0.062074953426774625
1734880380.0,6.95545140634321e-05,7.62396396600689e-05,6.95545140634321e-05,7.5956913356084e-05,1144.843062126,0.083293874070642,0.09204865246866746,0.16988828604716624,0.2729928041314437,0.09611346850241992
1734880440.0,7.5956913356084e-05,7.93653022608126e-05,7.5956913356084e-05,7.93653022608126e-05,560.53431155505,0.04353171560001108,0.044872662067640276,-0.47737194258617877,0.298121423885386,0.044872662067640276
1734880500.0,7.93653022608126e-05,8.83020564133116e-05,7.93653022608126e-05,8.59760280118081e-05,2406.4897645837,0.19894610948185737,0.08329491052993342,3.5701417171301824,0.31149892579451866,0.11260278607811233
1734880560.0,8.59760280118081e-05,9.24468414759276e-05,8.45524592119893e-05,9.23586537168909e-05,2785.02832820463,0.24833357025789163,0.07423727116361076,0.24824542135888353,0.3374452009487435,0.0918207370879481
1734880620.0,9.23586537168909e-05,9.62668576721455e-05,8.90143398694705e-05,8.90143398694705e-05,1220.55332997458,0.11068770564464578,-0.036210075751773076,-0.5542781206354911,0.3624962118344345,0.07852559030262957
1734880680.0,8.90143398694705e-05,8.90143398694705e-05,8.23675968847296e-05,8.23675968847296e-05,887.37566021279,0.07604007963790246,-0.07467047438073013,-0.31302144899431567,0.34937019654417883,0.07467047438073013
1734880740.0,8.23675968847296e-05,8.61185681631931e-05,6.92832267172432e-05,7.18103660353138e-05,4000.36861256499,0.30838434180727525,-0.12817213623690213,3.055549958334866,0.3232825582337361,0.20439277194781275
1734880800.0,7.18103660353138e-05,7.60929156059316e-05,7.18103660353138e-05,7.39117541984467e-05,814.97282005401,0.059379783635578644,0.029263019799948005,-0.8074487722444481,0.2818467421367874,0.0596369271883643
1734880860.0,7.39117541984467e-05,7.39117541984467e-05,6.89723684973557e-05,6.89723684973557e-05,761.49128423855,0.05440250704446256,-0.0668281487113561,-0.08382106310225493,0.29009442893248705,0.0668281487113561
1734880920.0,6.89723684973557e-05,6.89723684973557e-05,6.38952263975745e-05,6.38952263975745e-05,652.98226140292,0.043380091290829294,-0.07361124766906993,-0.2026085993541579,0.2707079552954509,0.07361124766906993
1734880980.0,6.38952263975745e-05,6.6622865063887e-05,6.38952263975745e-05,6.50015755582106e-05,976.23151323499,0.06291656001222345,0.01731505189060723,0.4503556387287788,0.25078080495220995,0.04268924018424088
1734881040.0,6.50015755582106e-05,6.69532402796953e-05,6.4207824916104e-05,6.58676877829484e-05,643.62988618412,0.0421156845346349,0.013324480480664334,-0.3306105018066365,0.2551230876031257,0.0422361356630919
1734881100.0,6.58676877829484e-05,7.30517329580359e-05,6.54659521963138e-05,7.30517329580359e-05,980.94158590677,0.06813591844745549,0.10906782091335653,0.6178276383332246,0.2585224702040604,0.11516695085334203
1734881160.0,7.30517329580359e-05,8.04536429901592e-05,7.28500907390385e-05,7.75981209238544e-05,2256.23237804518,0.16995053903804816,0.06223518295493604,1.4942870502158012,0.2867189526863554,0.1040844883924727
1734881220.0,7.75981209238544e-05,7.75981209238544e-05,7.61989428725361e-05,7.61989428725361e-05,126.91590957408,0.009759647120770855,-0.018031081612031343,-0.9425736030258435,0.30456295916343834,0.018031081612031343
1734881280.0,7.61989428725361e-05,8.44797594139512e-05,7.56722297942403e-05,8.31126759974456e-05,1200.77952051782,0.09564906465980716,0.09073266457875459,8.80046342620761,0.29907135959076064,0.11558598174313187
1734881340.0,8.31126759974456e-05,9.11352346277803e-05,8.31126759974456e-05,8.5617217574843e-05,1685.909323085215,0.14223165032834872,0.030134291157637372,0.4870155901076585,0.3262069009456212,0.09652629438355786
1734881400.0,8.5617217574843e-05,8.5617217574843e-05,7.95870333103403e-05,7.9878628129161e-05,2330.91721344794,0.1928785577527936,-0.06702611470251964,0.3560874623019843,0.3360369146763471,0.07043191118925789
1734881460.0,7.9878628129161e-05,8.06958843231823e-05,7.49858031269753e-05,7.66304230929853e-05,3458.662232129051,0.27065597222419424,-0.040664256663540316,0.4032455207959689,0.3135136658889695,0.07148446749703802
1734881520.0,7.66304230929853e-05,7.66304230929853e-05,7.16296141639212e-05,7.16296141639212e-05,406.02742854797,0.030098820841923987,-0.06525879314271815,-0.8887930659923069,0.300764865711733,0.06525879314271815
1734881580.0,7.16296141639212e-05,7.18197645589461e-05,6.89074974187761e-05,6.89074974187761e-05,607.00122053764,0.042653099130765884,-0.03800267217572415,0.417101997276761,0.28113731355565363,0.04065730597829837
1734881640.0,6.89074974187761e-05,6.89074974187761e-05,5.75480078622782e-05,5.81759497935901e-05,1277.48834331624,0.08117381122112127,-0.15573846137476816,0.9031163708001282,0.27045334439223434,0.16485128588348114
1734881700.0,5.81759497935901e-05,7.19708020681849e-05,5.79544147359264e-05,6.52025523056203e-05,4744.45948053594,0.2926821519894611,0.12078191309227913,2.6056228922426867,0.22833335666292748,0.24093095827380617
1734881760.0,6.52025523056203e-05,6.58941384550122e-05,6.45867815949615e-05,6.53442497470668e-05,673.80243280942,0.04398137640929517,0.0021731885706303003,-0.8497298994477844,0.25591189630345756,0.020050700683046846
1734881820.0,6.53442497470668e-05,6.53442497470668e-05,6.24215882482068e-05,6.24215882482068e-05,360.68248579838,0.023041450024124197,-0.044727141411416885,-0.47610893734434057,0.25646804111159255,0.044727141411416885
1734881880.0,6.24215882482068e-05,6.24215882482068e-05,5.59907107245598e-05,5.59907107245598e-05,864.54108757152,0.05118614886787981,-0.10302329216738144,1.2214812355250368,0.2449969587692853,0.10302329216738144
1734881940.0,5.59907107245598e-05,5.64760565407987e-05,5.37729499211374e-05,5.51364686274183e-05,1566.00876112492,0.08701306823214901,-0.015256853968935212,0.6999338718907061,0.2197565655058773,0.048277769377833714
1734882000.0,5.51364686274183e-05,5.73966340582874e-05,5.47409324836455e-05,5.73966340582874e-05,930.2411010575,0.05234145867388379,0.040992205107331856,-0.3984643946327936,0.2164037716772394,0.04816597146595758
1734882060.0,5.73966340582874e-05,6.03917430758086e-05,5.58493413489427e-05,5.87844239063633e-05,1961.07110645886,0.11391965794614924,0.024178941341169446,1.176470828906998,0.225274639471833,0.07914055939679318
1734882120.0,5.87844239063633e-05,6.05195530054589e-05,5.87844239063633e-05,6.05195530054589e-05,301.10314809843,0.017961401514406033,0.029516817275601057,-0.8423327295900367,0.23072154176527554,0.029516817275601057
1734882180.0,6.05195530054589e-05,6.12216132716313e-05,6.03870782615329e-05,6.077365223323e-05,149.66932271389,0.009076935938935712,0.004198630279840007,-0.4946421117719845,0.23753170735510615,0.01378951047479033
1734882240.0,6.077365223323e-05,6.077365223323e-05,5.55301403982791e-05,5.55301403982791e-05,688.90543504302,0.04006115742998148,-0.08627936025348555,3.413511090029653,0.23852901517402939,0.08627936025348555
1734882300.0,5.55301403982791e-05,5.55301403982791e-05,3.73357617566499e-05,3.87709471340758e-05,5006.05972689067,0.2360384382488569,-0.3018035456780994,4.891952539349435,0.21794888434292017,0.3276487059303933
1734882360.0,3.87709471340758e-05,4.70686818574791e-05,3.87709471340758e-05,4.56180240021559e-05,1750.18682462474,0.07384823271313509,0.17660329123252694,-0.6871347172900865,0.15217113827164086,0.21401939691358263
1734882420.0,4.56180240021559e-05,4.56180240021559e-05,4.06056813570191e-05,4.06056813570191e-05,1579.39087396043,0.06809046668166702,-0.10987636476538123,-0.07796755345296116,0.1790450621210126,0.10987636476538123
1734882480.0,4.06056813570191e-05,4.3627017401509e-05,3.78906919021485e-05,3.78906919021485e-05,1805.24917223551,0.07085275642480098,-0.06686230507990933,0.04056793671349134,0.15937224156596386,0.14126903693413623
1734882540.0,3.78906919021485e-05,3.95563548925361e-05,3.78906919021485e-05,3.88073707588338e-05,1084.51176899147,0.041589975807340265,0.024192718862262853,-0.4130083583765515,0.14871624612911138,0.04395968790142759
1734882600.0,3.88073707588338e-05,4.08501133474918e-05,3.72392107677181e-05,4.08501133474918e-05,1640.8845632708,0.06535436800952939,0.052638005325135545,0.5713971153114957,0.15231409646196406,0.09304682355868564
1734882660.0,4.08501133474918e-05,4.30309473282362e-05,3.70434273940866e-05,4.16791997750225e-05,3720.95028369217,0.15354373553806974,0.020295817063665532,1.3494028052674516,0.16033160668262214,0.14657290870203268
1734882720.0,4.16791997750225e-05,4.42504402490831e-05,4.01262496739295e-05,4.01262496739295e-05,1163.18655597386,0.04757749950221009,-0.03725959494125527,-0.6901371499430943,0.1635856676413762,0.09895080993433898
1734882780.0,4.01262496739295e-05,4.01262496739295e-05,3.81003702707105e-05,3.86721837911399e-05,601.93676869559,0.02371583720911916,-0.03623727347074571,-0.5015325005044138,0.1574905319268637,0.050487633897549115
1734882840.0,3.86721837911399e-05,4.05379338819575e-05,3.73962180772469e-05,3.75988821036838e-05,1045.47924977296,0.039869908375552134,-0.027753842225532673,0.6811512081142743,0.15178350445237676,0.08123967918849183
1734882900.0,3.75988821036838e-05,3.7793345860278e-05,3.4339879998167e-05,3.6302668409385e-05,2044.955025496,0.07556267355682326,-0.034474793445302965,0.8952306798667642,0.14757092901736704,0.09185022715802085
1734882960.0,3.6302668409385e-05,4.41376370935287e-05,3.56643999753808e-05,4.11023230401902e-05,4288.3094525788,0.16596827825499727,0.13221217175221162,1.196432053587792,0.14248345172096186,0.23340535253759434
1734883020.0,4.11023230401902e-05,4.28124319124597e-05,3.95800440620602e-05,4.08342699849902e-05,940.06161571382,0.0385127230126684,-0.006521603534133518,-0.767951301190842,0.1613214983117416,0.07864246133336174
1734883080.0,4.08342699849902e-05,4.08342699849902e-05,3.8314565664771e-05,3.8314565664771e-05,752.61162878561,0.02978416705742566,-0.06170562914790417,-0.22664084158296366,0.16026942345822004,0.06170562914790417
1734883140.0,3.8314565664771e-05,3.83176895122773e-05,3.63651712800057e-05,3.63651712800057e-05,612.74306463942,0.022879745441004094,-0.05087867631911345,-0.23181516552433473,0.15037989785055872,0.05096020791035295
1734883200.0,3.63651712800057e-05,3.90207939913594e-05,3.60655090574927e-05,3.90207939913594e-05,637.32339151553,0.02402261952970918,0.0730265420972681,0.049951346340456976,0.14272876770291879,0.0812669053889916
1734883260.0,3.90207939913594e-05,3.90207939913594e-05,3.72701099786611e-05,3.72701099786611e-05,420.09849915637,0.01602484712854418,-0.044865412351321236,-0.3329267397868088,0.15315175606606718,0.044865412351321236
1734883320.0,3.72701099786611e-05,4.31270789527997e-05,3.72701099786611e-05,3.98168894013775e-05,1964.89747558945,0.07573402524130168,0.06833302676526977,3.7260372990642026,0.1462805393778341,0.1571492270211166
1734883380.0,3.98168894013775e-05,3.98168894013775e-05,3.9018821343343e-05,3.90896455033543e-05,115.31872089537,0.0045497003377497685,-0.01826470899552588,-0.9399252803049405,0.15627633139037775,0.020043455680063427
1734883440.0,3.90896455033543e-05,3.90896455033543e-05,3.80143969656439e-05,3.80143969656439e-05,202.95463141548,0.007824311259969522,-0.02750724709483818,0.7197421102769462,0.15342198967464413,0.02750724709483818
1734883500.0,3.80143969656439e-05,4.12293588273484e-05,3.80143969656439e-05,4.12293588273484e-05,663.8324674734,0.026302288969960806,0.08457221785235912,2.3616107662443966,0.149201773094882,0.08457221785235912
1734883560.0,4.12293588273484e-05,4.40216532825642e-05,4.12293588273484e-05,4.40216532825642e-05,1034.3485258136,0.044089629350002726,0.06772587628414942,0.6762658717785514,0.1618200979530206,0.06772587628414942
1734883620.0,4.40216532825642e-05,5.29294020584404e-05,4.35971069239348e-05,5.21471076578731e-05,2114.56627735868,0.10167760941000868,0.18457858279773376,1.3061570466571044,0.1727795058872758,0.21199329054281288
1734883680.0,5.21471076578731e-05,5.75654179727699e-05,5.0831271682819e-05,5.7341517219908e-05,5021.01860833264,0.27487221145604546,0.099610693580829,1.703370122989814,0.20467090222044187,0.1291374841751974
1734883740.0,5.7341517219908e-05,5.91756589014017e-05,4.8227736542733e-05,5.30373991761529e-05,4374.2700090595,0.24141359181188754,-0.07506111195573291,-0.12172427131473874,0.22505831274643415,0.1909248811237901
1734883800.0,5.30373991761529e-05,6.00895905370496e-05,5.30373991761529e-05,5.93263191915335e-05,1374.72334772965,0.0772345135388887,0.11857519624017078,-0.6800738808481388,0.20816518553680569,0.13296638731236204
1734883860.0,5.93263191915335e-05,6.05555396923638e-05,5.51385035605219e-05,5.7366503163944e-05,2402.20432789998,0.14016000144859578,-0.03303451241028936,0.8147327538746415,0.23284841326220398,0.09130915596420434
1734883920.0,5.7366503163944e-05,5.85526786554467e-05,5.7366503163944e-05,5.76490409183261e-05,498.05870947676,0.02864224672769142,0.004925134683120727,-0.795646072833439,0.22515637946457753,0.020677144781037157
1734883980.0,5.76490409183261e-05,5.8227743222519e-05,5.49369138592386e-05,5.5247946978e-05,567.43285594542,0.032030730134823916,-0.04165019750680385,0.11830368753357949,0.2262653049582044,0.05708385275554996
1734884040.0,5.5247946978e-05,6.58101315540214e-05,5.15451970310391e-05,5.92160434572687e-05,3901.46009275582,0.22328834537039233,0.07182341962586981,5.971066361288858,0.216841310317758,0.25819845448126183
1734884100.0,5.92160434572687e-05,5.95721629580037e-05,5.59338816885737e-05,5.60615960978187e-05,625.7615711308,0.03606815842212077,-0.053270147333066946,-0.838468244447373,0.23241559474093376,0.061440803150846136
1734884160.0,5.60615960978187e-05,5.60615960978187e-05,5.50685636227374e-05,5.50685636227374e-05,95.08289676732,0.005283288752222708,-0.017713239440215283,-0.8535193094587706,0.22003478176658187,0.017713239440215283
1734884220.0,5.50685636227374e-05,5.53906104517754e-05,5.45971866903869e-05,5.47051090820297e-05,108.77948545595,0.005970561816717214,-0.006600036696029372,0.13008432753280164,0.21613725299197487,0.014407925487653477
1734884280.0,5.47051090820297e-05,5.47051090820297e-05,5.09177656285818e-05,5.09177656285818e-05,500.80171054524,0.026448058163889905,-0.0692319879623825,3.4297436281183677,0.21471073919084885,0.0692319879623825
1734884340.0,5.09177656285818e-05,5.09177656285818e-05,4.83066680341497e-05,4.83066680341497e-05,436.70222044555,0.021665765251483515,-0.051280678996770565,-0.18081829988319356,0.19984588787979377,0.051280678996770565
1734884400.0,4.83066680341497e-05,4.89098571465974e-05,4.67471036919991e-05,4.72629942347435e-05,1059.85889306377,0.050645178231393743,-0.021605170504999223,1.337567016144326,0.18959765505460546,0.04477132335166186
1734884460.0,4.72629942347435e-05,5.09037087632825e-05,4.72629942347435e-05,5.09037087632825e-05,526.57964745055,0.02584629392804169,0.07703097502575643,-0.4896593351897775,0.18550136538980266,0.07703097502575643
1734884520.0,5.09037087632825e-05,5.61470856777207e-05,4.97776957015171e-05,5.54253531889121e-05,3694.0443168405,0.19639213350974294,0.08882740640090896,6.598463983134896,0.19979071643438828,0.12512624582666798
1734884580.0,5.54253531889121e-05,6.10540403988121e-05,5.51408922374153e-05,5.94469322078058e-05,1377.29823188882,0.07910669778496375,0.07255847346947027,-0.5972002728864937,0.21753760759823446,0.1066867024057094
1734884640.0,5.94469322078058e-05,5.94469322078058e-05,5.16495702598847e-05,5.33068725243752e-05,1389.8957934009,0.07835801944360243,-0.10328640108739484,-0.009464158691043507,0.23332180432776298,0.13116508553652914
1734884700.0,5.33068725243752e-05,5.36849367266004e-05,5.27094471274885e-05,5.36849367266004e-05,202.50449208278,0.010833160994693248,0.007092222528198822,-0.8617478967485857,0.209222834863531,0.018299509104869095
1734884760.0,5.36849367266004e-05,5.36849367266004e-05,5.22265712021329e-05,5.27186487993721e-05,260.16069541296,0.013841015402434686,-0.017999237517020438,0.27765251612293695,0.21070668976636375,0.027165264846906123
1734884820.0,5.27186487993721e-05,6.08809136773705e-05,5.27186487993721e-05,5.89860477109531e-05,1431.5839742322,0.07995732668532655,0.11888390644138903,4.7768396581122055,0.20691413001083384,0.15482689833461
1734884880.0,5.89860477109531e-05,5.89860477109531e-05,5.49066272006246e-05,5.49066272006246e-05,694.61839556669,0.03955597355693935,-0.06915907521586662,-0.5052864421966912,0.2315128900844432,0.06915907521586662
1734884940.0,5.49066272006246e-05,5.49066272006246e-05,5.19796093108375e-05,5.32957960105292e-05,284.52390307794,0.015393087887264284,-0.02933764596775448,-0.6108530140180596,0.21550167270565054,0.05330900911272514
1734885000.0,5.32957960105292e-05,5.50462760830326e-05,5.32263258693961e-05,5.50462760830326e-05,376.04021303092,0.020370487935137134,0.03284461821637074,0.3233529285563932,0.20917936092635325,0.034148100785978554
1734885060.0,5.50462760830326e-05,5.50462760830326e-05,5.2430065022074e-05,5.28287578396013e-05,494.14619779786,0.026653018925092354,-0.04028461871038049,0.30841337772368516,0.21604977717472376,0.047527485002114817
1734885120.0,5.28287578396013e-05,5.3218577884533e-05,5.26778159080739e-05,5.31932570347912e-05,271.65815961978,0.014400872719979203,0.006899635919826015,-0.4596907479617038,0.20734629427877735,0.010236128930022587
1734885180.0,5.31932570347912e-05,5.47086610450305e-05,5.31110958852879e-05,5.36079426002682e-05,345.05751692751,0.018426278375476442,0.0077958295579790135,0.2795251186348276,0.20877690821862602,0.030033226931332785
1734885240.0,5.36079426002682e-05,5.42228167031372e-05,5.34588325624206e-05,5.34588325624206e-05,170.9050202664,0.00914912468951871,-0.00278149152187118,-0.5034740872201686,0.21040449741074024,0.014251323659505195
1734885300.0,5.34588325624206e-05,5.4007871134512e-05,5.34090858580974e-05,5.39669753520923e-05,127.17393712877,0.006830881470863794,0.009505310260533226,-0.253384153930125,0.20981925908502871,0.011200867054390535
1734885360.0,5.39669753520923e-05,5.39669753520923e-05,4.54787601541391e-05,4.66551302924817e-05,1504.14099436924,0.07567491701987814,-0.13548739783740954,10.078353114844596,0.2118136562412671,0.15728536095592238
1734885420.0,4.66551302924817e-05,4.66551302924817e-05,4.58618346958009e-05,4.58618346958009e-05,117.82958285161,0.005450617695633172,-0.017003394732961096,-0.9279732583756728,0.18311557513071025,0.017003394732961096
1734885480.0,4.58618346958009e-05,4.58618346958009e-05,4.56251607924157e-05,4.56251607924157e-05,42.94417992814,0.001964416997665453,-0.005160585156591407,-0.6395973617376854,0.18000198872500958,0.005160585156591407
1734885540.0,4.56251607924157e-05,4.56251607924157e-05,4.54352441434966e-05,4.54352441434966e-05,20.33618209078,0.0009259104880184372,-0.004162542018935163,-0.5286588900835183,0.17907307313383838,0.004162542018935163
1734885600.0,4.54352441434966e-05,4.7873844726395e-05,4.54352441434966e-05,4.77514213661282e-05,554.42716996963,0.0258326096187039,0.05097754543403563,26.899683557952642,0.1783276739424589,0.05367200350451847
1734885660.0,4.77514213661282e-05,4.81195011163729e-05,4.77514213661282e-05,4.7818646623059e-05,74.2969393034,0.003550281770307226,0.0014078168776456017,-0.8625658877399413,0.1874183810430065,0.0077082469948380845
1734885720.0,4.7818646623059e-05,4.7818646623059e-05,4.72146498043647e-05,4.72146498043647e-05,73.32062053338,0.0034839501326956747,-0.012630989401591344,-0.01868348539722,0.18768223180301988,0.012630989401591344
1734885780.0,4.72146498043647e-05,4.72146498043647e-05,3.98517206645618e-05,4.00287246382448e-05,1043.76300578643,0.04553070337158455,-0.15219693878690185,12.068701226316227,0.18531161952224892,0.15594585939557773
1734885840.0,4.00287246382448e-05,4.00640949159758e-05,3.96063315773343e-05,3.96063315773343e-05,63.87450247681,0.0025433247977414554,-0.010552248784537303,-0.9441404456903529,0.15710775830931956,0.011435871184467851
1734885900.0,3.96063315773343e-05,3.97889434237908e-05,3.77310967080863e-05,3.77310967080863e-05,304.52512242278,0.01177559490824034,-0.04734684568265225,3.6300004304198197,0.15544991815765866,0.05195751875394991
1734885960.0,3.77310967080863e-05,4.12199785848784e-05,3.77310967080863e-05,4.10046219437621e-05,528.75705079472,0.020816033193277093,0.08675934497748748,0.7677266716019949,0.14808985487126708,0.09246701477522615
1734886020.0,4.10046219437621e-05,4.1423320600735e-05,4.09349207218853e-05,4.1423320600735e-05,62.96350742768,0.0025949761863244118,0.010211011274464285,-0.875337622580151,0.16093803367770937,0.011910849453008954
1734886080.0,4.1423320600735e-05,4.1423320600735e-05,4.12643550151067e-05,4.12643550151067e-05,5.65472825797,0.00023378816794537843,-0.0038375867343063783,-0.9099073936872917,0.16258137375408258,0.0038375867343063783
1734886140.0,4.12643550151067e-05,4.12643550151067e-05,4.10606258894215e-05,4.10606258894215e-05,35.94393803424,0.0014795420061511763,-0.004937169758514731,5.3285581094799115,0.16195745363091862,0.004937169758514731
1734886200.0,4.10606258894215e-05,4.12472783377349e-05,4.07005847492889e-05,4.07005847492889e-05,65.42597284142,0.0026746533733649435,-0.008768525377625952,0.8077576454369714,0.16115784218868598,0.01331430236641485
1734886260.0,4.07005847492889e-05,4.34116661864468e-05,4.07005847492889e-05,4.1056599541644e-05,860.0305535163,0.03515683822983258,0.008747166522252976,12.144446521532718,0.15974472555965105,0.06661038051069447
1734886320.0,4.1056599541644e-05,4.1056599541644e-05,4.1056599541644e-05,4.1056599541644e-05,0.0,0.0,0.0,-1.0,0.16114203927517293,0.0
1734886380.0,4.1056599541644e-05,4.15123008352285e-05,4.05074599285814e-05,4.15123008352285e-05,451.18366742728,0.018626869643737526,0.011099343313181052,inf,0.16114203927517293,0.024474528282058008
1734886440.0,4.15123008352285e-05,4.24760553996195e-05,4.15123008352285e-05,4.20303065027225e-05,80.82364413681,0.0033761089828719015,0.012478365618665114,-0.8187505980637508,0.1629306100912742,0.0232161201619818
1734886500.0,4.20303065027225e-05,4.2220729059153e-05,4.20303065027225e-05,4.20662341087787e-05,21.4019974871,0.000899916975420576,0.0008548023806078602,-0.7334455196837106,0.16496371781446525,0.0045306011846039775
1734886560.0,4.20662341087787e-05,4.20662341087787e-05,4.15470448079251e-05,4.15470448079251e-05,85.91549675154,0.0035918381965768364,-0.012342186360467565,2.991299525045843,0.165104729193167,0.012342186360467565
1734886620.0,4.15470448079251e-05,4.15470448079251e-05,4.15470448079251e-05,4.15470448079251e-05,0.0,0.0,0.0,-1.0,0.1630669758564704,0.0
1734886680.0,4.15470448079251e-05,4.15470448079251e-05,3.95325719767267e-05,3.95325719767267e-05,364.72449089573,0.014785860976901505,-0.04848654917603526,inf,0.1630669758564704,0.04848654917603526
1734886740.0,3.95325719767267e-05,3.95325719767267e-05,3.89088428612744e-05,3.89088428612744e-05,51.85286359672,0.0020337059919642996,-0.01577760019812253,-0.8624560318035346,0.15516042091261828,0.01577760019812253
1734886800.0,3.89088428612744e-05,3.89088428612744e-05,3.88154813960307e-05,3.88154813960307e-05,20.60301221152,0.0008006776009026985,-0.0023994922073774937,-0.6062962866479306,0.1527123618248866,0.0023994922073774937
1734886860.0,3.88154813960307e-05,3.91056055841151e-05,3.88154813960307e-05,3.88360879430032e-05,53.7882374868,0.0020883705264153367,0.0005308847457604785,1.6082539639686055,0.15234592970271757,0.0074744451865556664
1734886920.0,3.88360879430032e-05,3.88360879430032e-05,3.82175891344919e-05,3.83792688705173e-05,91.92972321784,0.003549193190016848,-0.011762746885225356,0.6995035819189598,0.15242680783287543,0.015925878255786848
1734886980.0,3.83792688705173e-05,3.83792688705173e-05,3.81559887262701e-05,3.81559887262701e-05,10.57491700275,0.0004046769984350591,-0.0058177279249508156,-0.8859805660696825,0.15063384987381442,0.0058177279249508156
1734887040.0,3.81559887262701e-05,3.81559887262701e-05,3.78727507145668e-05,3.78727507145668e-05,82.53582574944,0.0031375473952192446,-0.007423160063685961,6.753214062950368,0.1497575031189607,0.007423160063685961
1734887100.0,3.78727507145668e-05,3.78727507145668e-05,3.74468695052038e-05,3.74468695052038e-05,44.36870309459,0.0016709169333641398,-0.011245056177004664,-0.46744487878967006,0.1486458292025707,0.011245056177004664
1734887160.0,3.74468695052038e-05,3.75621355768829e-05,3.72148799950573e-05,3.72148799950573e-05,33.00677006759,0.0012321715992995603,-0.006195164327802158,-0.262577585578256,0.14697429850271035,0.00927328736457787
1734887220.0,3.72148799950573e-05,3.72148799950573e-05,3.62529292491126e-05,3.62529292491126e-05,174.44299729931,0.006407972424783477,-0.02584855160281214,4.200551959180158,0.14606376857152262,0.02584855160281214
1734887280.0,3.62529292491126e-05,3.62529292491126e-05,3.60429341984197e-05,3.6204852149005e-05,16.37062920702,0.0005930897362159471,-0.001326157667901449,-0.9074450236517696,0.1422882317123004,0.005792498841953362
1734887340.0,3.6204852149005e-05,3.62161056464995e-05,3.56665812702974e-05,3.56665812702974e-05,99.87199856586,0.0035889718476894354,-0.014867368508847624,5.0513133654747175,0.142099535082763,0.01517819694278743
1734887400.0,3.56665812702974e-05,3.56665812702974e-05,3.56665812702974e-05,3.56665812702974e-05,0.0,0.0,0.0,-1.0,0.13998688892975164,0.0
1734887460.0,3.56665812702974e-05,3.56665812702974e-05,3.56302201035253e-05,3.56302201035253e-05,0.5742501388,2.0471099042456857e-05,-0.0010194744064909768,inf,0.13998688892975164,0.0010194744064909768
1734887520.0,3.56302201035253e-05,3.92885849833048e-05,3.56302201035253e-05,3.92885849833048e-05,634.8078393258,0.023779522391020685,0.10267589897424,1160.6143491711018,0.13984417587924344,0.10267589897424
1734887580.0,3.92885849833048e-05,3.96874357165546e-05,3.92885849833048e-05,3.96874357165546e-05,44.94675489813,0.001774857922613111,0.010151822302057686,-0.9253619188212413,0.1542028023539565,0.010151822302057686
1734887640.0,3.96874357165546e-05,4.01193714191376e-05,3.96874357165546e-05,4.00769392353115e-05,94.47099785896,0.0037677100476495124,0.009814277786519457,1.1228234664002508,0.1557682418019332,0.010883436906023827
1734887700.0,4.00769392353115e-05,4.02976531997936e-05,3.9849348567565e-05,3.9849348567565e-05,81.07779711953,0.003240123673499393,-0.005678843546664186,-0.14002839058150304,0.1572969945972951,0.011186099557064073
1734887760.0,3.9849348567565e-05,4.691128877135e-05,3.9849348567565e-05,4.691128877135e-05,2292.96241548621,0.0994694402808808,0.17721595101639873,29.699272714319566,0.15640372957461657,0.17721595101639873
1734887820.0,4.691128877135e-05,4.691128877135e-05,4.29696151816114e-05,4.29696151816114e-05,77.82384779582,0.0034974388944929917,-0.08402398853185808,-0.9648390612773435,0.1841209652536939,0.08402398853185808
1734887880.0,4.29696151816114e-05,4.29696151816114e-05,3.86117396492886e-05,3.86117396492886e-05,646.99274987545,0.026391272550304413,-0.10141760669496824,6.5458852453032605,0.1686503873807429,0.10141760669496824
1734887940.0,3.86117396492886e-05,3.88730331708973e-05,3.85115932338795e-05,3.88730331708973e-05,129.42798819275,0.0050143491308444685,0.006767204067520303,-0.8099997216395451,0.15154626872440866,0.009360881957165664
1734888000.0,3.88730331708973e-05,3.88730331708973e-05,3.78715295589368e-05,3.78715295589368e-05,304.60589364988,0.011688423056545194,-0.02576345425780382,1.3309950606843248,0.152571813250538,0.02576345425780382
1734888060.0,3.78715295589368e-05,3.78715295589368e-05,3.70559438278021e-05,3.70559438278021e-05,3.94700642791,0.00014786960954225694,-0.021535589944036,-0.9873490539462075,0.14864103631882758,0.021535589944036
1734888120.0,3.70559438278021e-05,3.70559438278021e-05,3.70313053105147e-05,3.70313053105147e-05,5.63780716296,0.00020884481193800226,-0.0006649005461010466,0.4123579049440875,0.14543996391180875,0.0006649005461010466
1734888180.0,3.70313053105147e-05,3.70313053105147e-05,3.6886410599814e-05,3.6886410599814e-05,25.33090988673,0.0009362015003787224,-0.003912762714836266,3.4827615859408736,0.14534326080037888,0.003912762714836266
1734888240.0,3.6886410599814e-05,3.72501243492159e-05,3.5020416149049e-05,3.5020416149049e-05,492.06641011604,0.01769146705057453,-0.05058758552057145,17.897071884009783,0.14477456710866643,0.06044795803954273
1734888300.0,3.5020416149049e-05,3.5020416149049e-05,2.9962113432255e-05,2.9962113432255e-05,723.05463933537,0.023492959744754884,-0.14443868100440493,0.3279260378800497,0.13745077131385305,0.14443868100440493
1734888360.0,2.9962113432255e-05,2.9962113432255e-05,2.90356854283288e-05,2.90356854283288e-05,262.7934406761,0.007752117277444653,-0.03091998186379187,-0.6700238130201787,0.11759756320224203,0.03091998186379187
1734888420.0,2.90356854283288e-05,2.90386384851178e-05,2.88954824506329e-05,2.90386384851178e-05,20.4676333152,0.0005943219834442879,0.0001017043939358422,-0.9233342373220397,0.11396144868080259,0.004930348031158504
1734888480.0,2.90386384851178e-05,2.90386384851178e-05,2.87834584396089e-05,2.87834584396089e-05,39.3324936918,0.0011371436312692306,-0.00878760364883084,0.9133460698847381,0.11397303906087272,0.00878760364883084
1734888540.0,2.87834584396089e-05,2.8929886676239e-05,2.87834584396089e-05,2.8929886676239e-05,1.4564,4.2026857913360436e-05,0.0050872356752169005,-0.9630417330250076,0.11297148916695304,0.0050872356752169005
1734888600.0,2.8929886676239e-05,2.99501554142857e-05,2.8929886676239e-05,2.96308262985084e-05,215.34730992854,0.006305446003304601,0.024228910058092357,149.03372406053901,0.11354620175692555,0.03526694554544096
1734888660.0,2.96308262985084e-05,2.98694563938099e-05,2.87606803052725e-05,2.87606803052725e-05,214.26489950439,0.00625562514718452,-0.029366241240451067,-0.007901242210934885,0.11629730246673212,0.03741968169794895
1734888720.0,2.87606803052725e-05,2.88935565292311e-05,2.86598861325e-05,2.88841188590556e-05,70.40818745074,0.002029332912561137,0.004291920513454314,-0.6755987027971965,0.11288208782688035,0.008124647756967739
1734888780.0,2.88841188590556e-05,2.88841188590556e-05,2.88841188590556e-05,2.88841188590556e-05,0.0,0.0,0.0,-1.0,0.11336656877522609,0.0
1734888840.0,2.88841188590556e-05,2.89174018494655e-05,2.88841188590556e-05,2.89174018494655e-05,14.06462723228,0.0004064784211121311,0.0011522937768089013,inf,0.11336656877522609,0.0011522937768089013
1734888900.0,2.89174018494655e-05,2.89174018494655e-05,2.88996662554629e-05,2.88996662554629e-05,1.59099925497,4.599345613974542e-05,-0.000613319069774065,-0.8868489598687511,0.11349720036692396,0.000613319069774065
1734888960.0,2.88996662554629e-05,2.88996662554629e-05,2.6057487597299e-05,2.6057487597299e-05,531.77730751021,0.014612483652123046,-0.09834641801881167,316.70788452437284,0.11342759036957296,0.09834641801881167
1734889020.0,2.6057487597299e-05,2.62023573037362e-05,2.57619322512162e-05,2.57619322512162e-05,141.41590181978,0.003664044994827792,-0.011342434491398897,-0.7492524144384283,0.1022723931522204,0.01690205361800323
1734889080.0,2.57619322512162e-05,2.57619322512162e-05,2.57619322512162e-05,2.57619322512162e-05,0.0,0.0,0.0,-1.0,0.10111237523261275,0.0
1734889140.0,2.57619322512162e-05,2.57619322512162e-05,2.52754469267276e-05,2.52754469267276e-05,66.0781518606,0.0016862278459435973,-0.018883883388274708,inf,0.10111237523261275,0.018883883388274708
1734889200.0,2.52754469267276e-05,2.52754469267276e-05,2.52754469267276e-05,2.52754469267276e-05,0.0,0.0,0.0,-1.0,0.09920298092960861,0.0
1734889260.0,2.52754469267276e-05,2.52754469267276e-05,2.52754469267276e-05,2.52754469267276e-05,0.0,0.0,0.0,0.0,0.09920298092960861,0.0
1734889320.0,2.52754469267276e-05,2.52754469267276e-05,2.50836037843693e-05,2.50836037843693e-05,0.72302176046,1.8205344750115848e-05,-0.007590098917516382,inf,0.09920298092960861,0.007590098917516382
1734889380.0,2.50836037843693e-05,2.50836037843693e-05,2.50836037843693e-05,2.50836037843693e-05,0.0,0.0,0.0,-1.0,0.09845002049144039,0.0
1734889440.0,2.50836037843693e-05,2.50836037843693e-05,2.35863582038767e-05,2.35863582038767e-05,487.83285270856,0.011871403198971611,-0.05969021012146587,inf,0.09845002049144039,0.05969021012146587
1734889500.0,2.35863582038767e-05,2.35863582038767e-05,2.35863582038767e-05,2.35863582038767e-05,0.0,0.0,0.0,-1.0,0.09257351808184369,0.0
1734889560.0,2.35863582038767e-05,2.35863582038767e-05,2.24658990416499e-05,2.24658990416499e-05,63.2876508679,0.0014572695891168026,-0.04750454277602891,inf,0.09257351808184369,0.04750454277602891
1734889620.0,2.24658990416499e-05,2.24658990416499e-05,2.11328228244093e-05,2.11328228244093e-05,274.4645154225,0.005983151035004146,-0.05933776408276331,3.10572695655463,0.08817585543219726,0.05933776408276331
1734889680.0,2.11328228244093e-05,2.11328228244093e-05,2.11328228244093e-05,2.11328228244093e-05,0.0,0.0,0.0,-1.0,0.0829436973247657,0.0
1734889740.0,2.11328228244093e-05,2.11328228244093e-05,2.10973288019059e-05,2.10973288019059e-05,11.44808658,0.00024172721605229212,-0.0016795684513287942,inf,0.0829436973247657,0.0016795684513287942
1734889800.0,2.10973288019059e-05,2.10973288019059e-05,2.07668404077169e-05,2.07668404077169e-05,67.62867226402,0.0014156090895415287,-0.015664940206039056,4.85622551179878,0.08280438770750245,0.015664940206039056
1734889860.0,2.07668404077169e-05,2.07668404077169e-05,2.07668404077169e-05,2.07668404077169e-05,0.0,0.0,0.0,-1.0,0.08150726192526676,0.0
1734889920.0,2.07668404077169e-05,2.085695150911e-05,2.07625222750346e-05,2.07625222750346e-05,14.05743359648,0.0002918981291084568,-0.00020793402354525852,inf,0.08150726192526676,0.00454711608609994
1734889980.0,2.07625222750346e-05,2.07625222750346e-05,2.07625222750346e-05,2.07625222750346e-05,0.0,0.0,0.0,-1.0,0.08149031379234647,0.0
1734890040.0,2.07625222750346e-05,2.07625222750346e-05,2.07625222750346e-05,2.07625222750346e-05,0.0,0.0,0.0,0.0,0.08149031379234647,0.0
1734890100.0,2.07625222750346e-05,2.07625222750346e-05,2.07066655891028e-05,2.07066655891028e-05,2.91737096407,6.049050228919923e-05,-0.0026902649491176815,inf,0.08149031379234647,0.0026902649491176815
1734890160.0,2.07066655891028e-05,2.07066655891028e-05,2.04208235353421e-05,2.04208235353421e-05,101.0279329236,0.0020775126062902542,-0.013804349740941723,33.3444429731773,0.08127108325745833,0.013804349740941723
1734890220.0,2.04208235353421e-05,2.04208235353421e-05,2.04208235353421e-05,2.04208235353421e-05,0.0,0.0,0.0,-1.0,0.08014918880034717,0.0
1734890280.0,2.04208235353421e-05,2.04208235353421e-05,2.01745847417517e-05,2.01745847417517e-05,2.75418401356,5.590361225035653e-05,-0.012058220529854658,inf,0.08014918880034717,0.012058220529854658
1734890340.0,2.01745847417517e-05,2.01745847417517e-05,2.01745847417517e-05,2.01745847417517e-05,0.0,0.0,0.0,-1.0,0.07918273220650364,0.0
1734890400.0,2.01745847417517e-05,2.01745847417517e-05,2.01675469188316e-05,2.01675469188316e-05,1.5188050624,3.063591689705062e-05,-0.0003488459866802577,inf,0.07918273220650364,0.0003488459866802577
1734890460.0,2.01675469188316e-05,2.02800349641888e-05,2.01675469188316e-05,2.02800349641888e-05,1.09026,2.204919031189091e-05,0.005577676145241283,-0.2802829963932424,0.07915510962815903,0.005577676145241283
1734890520.0,2.02800349641888e-05,2.2193460770413e-05,2.02800349641888e-05,2.2193460770413e-05,601.49582367336,0.012773815150585626,0.09435022225568127,578.3326181096471,0.07959661119490596,0.09435022225568127
1734890580.0,2.2193460770413e-05,2.33077693728097e-05,2.2193460770413e-05,2.33077693728097e-05,50.4153929041,0.0011469811976452253,0.050208870708539,-0.9102084080500695,0.08710656915194438,0.050208870708539
1734890640.0,2.33077693728097e-05,2.33077693728097e-05,2.32580726477382e-05,2.32580726477382e-05,22.11877292812,0.0005149896429296039,-0.0021321956758965327,-0.5510042849988408,0.09148009162035878,0.0021321956758965327
1734890700.0,2.32580726477382e-05,2.3404648612949e-05,2.32580726477382e-05,2.3404648612949e-05,18.225,0.0004252140474880121,0.006302154414547034,-0.17432505036584506,0.09128503816457523,0.006302154414547034
1734890760.0,2.3404648612949e-05,2.35902400078766e-05,2.3404648612949e-05,2.35902400078766e-05,54.687,0.0012850047370035445,0.007929680893603255,2.0220185447654386,0.0918603305708262,0.007929680893603255
1734890820.0,2.35902400078766e-05,2.58183026880188e-05,2.35902400078766e-05,2.58183026880188e-05,477.25816168312,0.011790315129242493,0.09444849562354041,8.175308689317283,0.09258875367903376,0.09444849562354041
1734890880.0,2.58183026880188e-05,2.60440215107751e-05,2.58183026880188e-05,2.60440215107751e-05,4.97186869296,0.0001289263330140626,0.008742589529754338,-0.9890650647077026,0.10133362217567704,0.008742589529754338
1734890940.0,2.60440215107751e-05,2.60440215107751e-05,2.59682566569978e-05,2.59682566569978e-05,22.46772442465,0.0005842987662858806,-0.0029091073260693327,3.5320358737120703,0.1022195404399222,0.0029091073260693327
1734891000.0,2.59682566569978e-05,2.60733221626002e-05,2.59682566569978e-05,2.60733221626002e-05,4.11335562438,0.00010703276046960424,0.004045920640347944,-0.8168184383650808,0.10192217282596097,0.004045920640347944
1734891060.0,2.60733221626002e-05,2.60733221626002e-05,2.60104165046978e-05,2.60104165046978e-05,12.84852248064,0.0003345995435712786,-0.002412644522631305,2.126141399168155,0.10233454184870665,0.002412644522631305
1734891120.0,2.60104165046978e-05,2.65596548641972e-05,2.60104165046978e-05,2.65596548641972e-05,104.14686564,0.0027375040797707594,0.02111609244704713,7.181433992863766,0.10208764497683938,0.02111609244704713
1734891180.0,2.65596548641972e-05,2.65596548641972e-05,2.64270335720038e-05,2.64270335720038e-05,1.97020205304,5.2197241170397016e-05,-0.0049933364296904275,-0.980932543057701,0.10424333712587164,0.0049933364296904275
1734891240.0,2.64270335720038e-05,2.64270335720038e-05,2.60885523873024e-05,2.60885523873024e-05,74.35248854835,0.0019523322518246022,-0.012808141472979265,36.40297778289175,0.10372281507304852,0.012808141472979265
1734891300.0,2.60885523873024e-05,2.60885523873024e-05,2.47962332056636e-05,2.47962332056636e-05,434.71280951014,0.011060134053219673,-0.04953587161347399,4.665088021202918,0.10239431858361725,0.04953587161347399
1734891360.0,2.47962332056636e-05,2.47962332056636e-05,2.47962332056636e-05,2.47962332056636e-05,0.0,0.0,0.0,-1.0,0.09732212676431004,0.0
1734891420.0,2.47962332056636e-05,2.47962332056636e-05,2.42954457721161e-05,2.44674675094542e-05,251.54399727696,0.006195994099268282,-0.0132586951204471,inf,0.09732212676431004,0.0201961091990826
1734891480.0,2.44674675094542e-05,2.44674675094542e-05,2.43716025008602e-05,2.43716025008602e-05,13.14815903258,0.00032107192974946115,-0.003918060116232107,-0.9481807237699954,0.09603176235706855,0.003918060116232107
1734891540.0,2.43716025008602e-05,2.43716025008602e-05,2.34793468573051e-05,2.34793468573051e-05,182.93874732525,0.004376896366953368,-0.03661046266956023,12.632136482216765,0.09565550413908584,0.03661046266956023
1734891600.0,2.34793468573051e-05,2.35290010959451e-05,2.33432903069476e-05,2.35290010959451e-05,74.88375257992,0.0017600807486609883,0.002114804936516036,-0.597870134200566,0.09215351187566387,0.007909538119869816
1734891660.0,2.35290010959451e-05,2.57763471904889e-05,2.35290010959451e-05,2.55873763959707e-05,527.46218171945,0.012953515815020997,0.08748247711970797,6.359614509093181,0.09234839857749581,0.09551387606212905
1734891720.0,2.55873763959707e-05,2.55873763959707e-05,2.54122525960769e-05,2.54122525960769e-05,7.0939560153,0.0001808945624331022,-0.006844148348143122,-0.9860350992721731,0.10042726524309327,0.006844148348143122
1734891780.0,2.54122525960769e-05,2.54122525960769e-05,2.53744304555398e-05,2.53744304555398e-05,6.47862930777,0.00016451404663131496,-0.0014883426958750522,-0.09055283686509388,0.09973992614157122,0.0014883426958750522
1734891840.0,2.53744304555398e-05,2.56324115251815e-05,2.53744304555398e-05,2.56324115251815e-05,58.19045482536,0.0014840556670317195,0.010166969859431023,8.020844708522489,0.0995914789510113,0.010166969859431023
1734891900.0,2.56324115251815e-05,2.81484820659836e-05,2.56324115251815e-05,2.650789794941e-05,1231.02475658734,0.032093005889673794,0.034155445084377435,20.625203557130348,0.10060402251576238,0.09815972790270983
1734891960.0,2.650789794941e-05,2.66690543624726e-05,2.59634472145233e-05,2.59634472145233e-05,182.53416282742,0.004788906530963579,-0.020539189336166098,-0.8507803679273167,0.10404019768206697,0.026618751486668014
1734892020.0,2.59634472145233e-05,2.59634472145233e-05,2.58725788509991e-05,2.58725788509991e-05,10.7564722826,0.00027878638880696145,-0.003499857425456535,-0.9417849592585666,0.10190329636330285,0.003499857425456535
1734892080.0,2.58725788509991e-05,2.60026443887441e-05,2.57763209157831e-05,2.57763209157831e-05,49.9097342656,0.0012888914312353548,-0.003720461565519025,3.623222233879628,0.10154664935484725,0.00874761941066652
1734892140.0,2.57763209157831e-05,2.57763209157831e-05,2.48515147569567e-05,2.48515147569567e-05,193.37212130045,0.004895005990444146,-0.03587812868438215,2.7978419840625857,0.1011688489488153,0.03587812868438215
1734892200.0,2.48515147569567e-05,2.53485824696812e-05,2.48515147569567e-05,2.53485824696812e-05,103.96671517875,0.00260956960515371,0.020001505646063435,-0.46689143787606846,0.09753909996737889,0.020001505646063435
1734892260.0,2.53485824696812e-05,2.55460737996583e-05,2.53485824696812e-05,2.55460737996583e-05,36.562,0.0009304052112597953,0.007791020670024175,-0.6434641139970696,0.09949002882608836,0.007791020670024175
1734892320.0,2.55460737996583e-05,2.56860323288886e-05,2.55460737996583e-05,2.56860323288886e-05,0.181573395,4.651193721380283e-06,0.005478670825423458,-0.9950008945939991,0.10026515769713372,0.005478670825423458
1734892380.0,2.56860323288886e-05,2.56860323288886e-05,2.53317864485972e-05,2.53317864485972e-05,81.31743127448,0.0020743189861060383,-0.013791381859042042,444.97561623179735,0.10081447749141549,0.013791381859042042
1734892440.0,2.53317864485972e-05,2.53317864485972e-05,2.53317864485972e-05,2.53317864485972e-05,0.0,0.0,0.0,-1.0,0.09942410653541157,0.0
1734892500.0,2.53317864485972e-05,2.53317864485972e-05,2.51991255391384e-05,2.51991255391384e-05,0.80612140449,2.0367024870857e-05,-0.005236934620777379,inf,0.09942410653541157,0.005236934620777379
1734892560.0,2.51991255391384e-05,2.52385860150826e-05,2.5086106316738e-05,2.5086106316738e-05,33.14542167133,0.0008333626068518096,-0.004485045412582447,39.917247960170215,0.09890342898975642,0.006050991654761042
1734892620.0,2.5086106316738e-05,2.5086106316738e-05,2.28600061165066e-05,2.28600061165066e-05,448.26748404752,0.010746341595155038,-0.08873837063929269,11.895156930248463,0.09845984261927725,0.08873837063929269
1734892680.0,2.28600061165066e-05,2.29554355787322e-05,2.28600061165066e-05,2.29554355787322e-05,0.91595,2.098232691037699e-05,0.0041745160407762475,-0.9980474911648224,0.08972267661184138,0.0041745160407762475
1734892740.0,2.29554355787322e-05,2.29831068803471e-05,2.28377109355953e-05,2.29831068803471e-05,24.70016297619,0.0005673447428139414,0.001205435702580801,26.039171834338173,0.0900972253645789,0.006333835149985322
1734892800.0,2.29831068803471e-05,2.29831068803471e-05,2.29831068803471e-05,2.29831068803471e-05,0.0,0.0,0.0,-1.0,0.09020583177673683,0.0
1734892860.0,2.29831068803471e-05,2.30301382969139e-05,2.28582280403075e-05,2.28582280403075e-05,26.94692812746,0.000617641578686851,-0.0054335056043438015,inf,0.09020583177673683,0.007479852811083646
1734892920.0,2.28582280403075e-05,2.28582280403075e-05,2.28582280403075e-05,2.28582280403075e-05,0.0,0.0,0.0,-1.0,0.08971569788423343,0.0
1734892980.0,2.28582280403075e-05,2.28582280403075e-05,2.27769468354162e-05,2.27769468354162e-05,13.84266011821,0.00031585610761985974,-0.003555883892135967,inf,0.08971569788423343,0.003555883892135967
1734893040.0,2.27769468354162e-05,2.29050163991966e-05,2.27769468354162e-05,2.29050163991966e-05,6.22210935227,0.0001421190853360693,0.005622771335676309,-0.5500511723296705,0.08939667927925515,0.005622771335676309
1734893100.0,2.29050163991966e-05,2.29050163991966e-05,2.29050163991966e-05,2.29050163991966e-05,0.0,0.0,0.0,-1.0,0.0898993363650112,0.0
1734893160.0,2.29050163991966e-05,2.2928809155598e-05,2.28077850036493e-05,2.28077850036493e-05,4.59878473232,0.000105111666581492,-0.004244982577297417,inf,0.0898993363650112,0.005283740026177989
1734893220.0,2.28077850036493e-05,2.28077850036493e-05,2.28077850036493e-05,2.28077850036493e-05,0.0,0.0,0.0,-1.0,0.08951771524843113,0.0
1734893280.0,2.28077850036493e-05,2.28077850036493e-05,2.27217014865676e-05,2.27217014865676e-05,22.03442883729,0.0005016081150335204,-0.0037743041276444484,inf,0.08951771524843113,0.0037743041276444484
1734893340.0,2.27217014865676e-05,2.38771589452169e-05,2.27217014865676e-05,2.38771589452169e-05,457.1,0.010650169551684349,0.05085259391038008,20.23205193953579,0.08917984816627167,0.05085259391038008
1734893400.0,2.38771589452169e-05,2.49025690167986e-05,2.38771589452169e-05,2.46542141243996e-05,99.7776723162,0.0024211737195977243,0.03254387094233247,-0.7726633639166045,0.09371487477006044,0.042945229536494385
1734893460.0,2.46542141243996e-05,2.46542141243996e-05,2.46542141243996e-05,2.46542141243996e-05,0.0,0.0,0.0,-1.0,0.09676471955995414,0.0
1734893520.0,2.46542141243996e-05,2.46542141243996e-05,2.46542141243996e-05,2.46542141243996e-05,0.0,0.0,0.0,0.0,0.09676471955995414,0.0
1734893580.0,2.46542141243996e-05,2.46542141243996e-05,2.46542141243996e-05,2.46542141243996e-05,0.0,0.0,0.0,0.0,0.09676471955995414,0.0
1734893640.0,2.46542141243996e-05,2.46542141243996e-05,2.46542141243996e-05,2.46542141243996e-05,0.0,0.0,0.0,0.0,0.09676471955995414,0.0
1734893700.0,2.46542141243996e-05,2.46542141243996e-05,2.46542141243996e-05,2.46542141243996e-05,0.0,0.0,0.0,0.0,0.09676471955995414,0.0
1734893760.0,2.46542141243996e-05,2.46542141243996e-05,2.46542141243996e-05,2.46542141243996e-05,0.0,0.0,0.0,0.0,0.09676471955995414,0.0
1734893820.0,2.46542141243996e-05,2.46542141243996e-05,2.46542141243996e-05,2.46542141243996e-05,0.0,0.0,0.0,0.0,0.09676471955995414,0.0
1734893880.0,2.46542141243996e-05,2.46542141243996e-05,2.43501065920709e-05,2.43501065920709e-05,7.14122495856,0.00017497543908886898,-0.012334910810551155,inf,0.09676471955995414,0.012334910810551155
1734893940.0,2.43501065920709e-05,2.43501065920709e-05,2.32139642954743e-05,2.32139642954743e-05,444.4039219158,0.010568829822353108,-0.04665861696747395,59.40179054493049,0.09557113537457411,0.04665861696747395
1734894000.0,2.32139642954743e-05,2.32139642954743e-05,2.04154237501567e-05,2.04154237501567e-05,362.04826642874,0.007897972153633748,-0.12055418495940369,-0.25271082169101516,0.09111191837598526,0.12055418495940369
1734894060.0,2.04154237501567e-05,2.04154237501567e-05,1.68555215460743e-05,1.68555215460743e-05,806.33134702604,0.015026365762821894,-0.17437317234500582,0.9025599825530495,0.08012799531608064,0.17437317234500582
1734894120.0,1.68555215460743e-05,1.69341928076995e-05,1.68437182441218e-05,1.69341928076995e-05,29.09952884413,0.0004916323837362771,0.004667388155872528,-0.967282016723387,0.0661558225791699,0.005367651385357107
1734894180.0,1.69341928076995e-05,1.69341928076995e-05,1.6863233024311e-05,1.6863233024311e-05,17.68134259744,0.0002987919325236731,-0.004190325703403977,-0.39224521734525947,0.06646459748191791,0.004190325703403977
1734894240.0,1.6863233024311e-05,1.75700706279629e-05,1.6863233024311e-05,1.75700706279629e-05,169.9719128386,0.002926347243564673,0.041915900861530096,8.79392990583111,0.06618608917072304,0.041915900861530096
1734894300.0,1.75700706279629e-05,1.75700706279629e-05,1.70862757697479e-05,1.70862757697479e-05,168.92579805296,0.002927175486416561,-0.027535168666028922,0.0002830295870421118,0.06896033872281544,0.027535168666028922
1734894360.0,1.70862757697479e-05,1.70862757697479e-05,1.67518458329959e-05,1.67518458329959e-05,7.73740910496,0.0001309096950919068,-0.019573015281897997,-0.9552778110846488,0.06706150416481624,0.019573015281897997
1734894420.0,1.67518458329959e-05,1.67518458329959e-05,1.67518458329959e-05,1.67518458329959e-05,0.0,0.0,0.0,-1.0,0.06574890831897122,0.0
1734894480.0,1.67518458329959e-05,1.67518458329959e-05,1.67005523860668e-05,1.67415493903122e-05,21.11589665843,0.00035362153613766343,-0.0006146452627579403,inf,0.06574890831897122,0.003061957914397155
1734894540.0,1.67415493903122e-05,1.67522039662793e-05,1.66602395433714e-05,1.67522039662793e-05,6.03822806928,0.000101121460831656,0.0006364151679572739,-0.7140404344822204,0.06570849606394147,0.005493184696579974
1734894600.0,1.67522039662793e-05,1.67522039662793e-05,1.65178644165354e-05,1.65178644165354e-05,74.2126875816,0.0012345305953561474,-0.013988580261773633,11.208393601150178,0.06575031394750022,0.013988580261773633
1734894660.0,1.65178644165354e-05,1.65178644165354e-05,1.63674344535313e-05,1.64505630073666e-05,1.66318548473,2.7416304972904142e-05,-0.004074461896019948,-0.9777921218995834,0.0648305604036088,0.009107107263424933
1734894720.0,1.64505630073666e-05,1.64505630073666e-05,1.63506099368226e-05,1.63506099368226e-05,9.6836659648,0.0001588178010225818,-0.006075966548940719,4.792822963544625,0.06456641075554667,0.006075966548940719
1734894780.0,1.63506099368226e-05,1.63506099368226e-05,1.63020797611759e-05,1.63020797611759e-05,0.755424956,1.2333328339196086e-05,-0.00296809573674732,-0.9223429095492737,0.0641741074036108,0.00296809573674732
1734894840.0,1.63020797611759e-05,1.63020797611759e-05,1.62744709227906e-05,1.62744709227906e-05,6.53360269014,0.0001064211195921228,-0.0016935776778033926,7.628742920425612,0.06398363250901658,0.0016935776778033926
1734894900.0,1.62744709227906e-05,1.62744709227906e-05,1.62744709227906e-05,1.62744709227906e-05,0.0,0.0,0.0,-1.0,0.06387527125725453,0.0
1734894960.0,1.62744709227906e-05,1.62744709227906e-05,1.62072976534876e-05,1.62072976534876e-05,1.69128019158,2.7467885890272506e-05,-0.004127523998886583,inf,0.06387527125725453,0.004127523998886583
1734895020.0,1.62072976534876e-05,1.62072976534876e-05,1.62072976534876e-05,1.62072976534876e-05,0.0,0.0,0.0,-1.0,0.06361162454220483,0.0
1734895080.0,1.62072976534876e-05,1.62176399838505e-05,1.62072976534876e-05,1.62176399838505e-05,0.23353485143,3.786176496881384e-06,0.0006381279954263023,inf,0.06361162454220483,0.0006381279954263023
1734895140.0,1.62176399838505e-05,1.62176399838505e-05,1.62176399838505e-05,1.62176399838505e-05,0.0,0.0,0.0,-1.0,0.06365221690065975,0.0
1734895200.0,1.62176399838505e-05,1.62176399838505e-05,1.62176399838505e-05,1.62176399838505e-05,0.0,0.0,0.0,0.0,0.06365221690065975,0.0
1734895260.0,1.62176399838505e-05,1.63302498879595e-05,1.62176399838505e-05,1.63302498879595e-05,17.9471415,0.0002920707925278955,0.006943667772939815,inf,0.06365221690065975,0.006943667772939815
1734895320.0,1.63302498879595e-05,1.63302498879595e-05,1.62581953065125e-05,1.62581953065125e-05,1.32240021204,2.154748341761185e-05,-0.004412337958167215,-0.9262251345603006,0.06409419674782904,0.004412337958167215
1734895380.0,1.62581953065125e-05,1.62581953065125e-05,1.62581953065125e-05,1.62581953065125e-05,0.0,0.0,0.0,-1.0,0.06381139149062036,0.0
1734895440.0,1.62581953065125e-05,1.62581953065125e-05,1.62581953065125e-05,1.62581953065125e-05,0.0,0.0,0.0,0.0,0.06381139149062036,0.0
1734895500.0,1.62581953065125e-05,1.62581953065125e-05,1.61997587358111e-05,1.61997587358111e-05,0.24063149412,3.905202988641311e-06,-0.003594283965699096,inf,0.06381139149062036,0.003594283965699096
1734895560.0,1.61997587358111e-05,1.61997587358111e-05,1.61997587358111e-05,1.61997587358111e-05,0.0,0.0,0.0,-1.0,0.06358203522935667,0.0
1734895620.0,1.61997587358111e-05,1.78399634594086e-05,1.61997587358111e-05,1.78016451844918e-05,382.50219784183,0.006502805864611837,0.0988833522032387,inf,0.06358203522935667,0.10124871304235376
1734895680.0,1.78016451844918e-05,1.78016451844918e-05,1.78016451844918e-05,1.78016451844918e-05,0.0,0.0,0.0,-1.0,0.06986924001273988,0.0
1734895740.0,1.78016451844918e-05,1.78016451844918e-05,1.6315755730649e-05,1.6315755730649e-05,521.79246596994,0.008901101377998205,-0.08346922087500412,inf,0.06986924001273988,0.08346922087500412
1734895800.0,1.6315755730649e-05,1.6315755730649e-05,1.55806922015232e-05,1.55973015862473e-05,8.18353185764,0.0001305807606137561,-0.044034377338224684,-0.9853298198651544,0.06403730898574782,0.04505237399117179
1734895860.0,1.55973015862473e-05,1.55973015862473e-05,1.55618497723712e-05,1.55618497723712e-05,5.01871090875,7.818938641544553e-05,-0.0022729453348111026,-0.4012181729686706,0.061217465958144916,0.0022729453348111026
1734895920.0,1.55618497723712e-05,1.55618497723712e-05,1.55618497723712e-05,1.55618497723712e-05,0.0,0.0,0.0,-1.0,0.06107832200448639,0.0
1734895980.0,1.55618497723712e-05,1.55618497723712e-05,1.55618497723712e-05,1.55618497723712e-05,0.0,0.0,0.0,0.0,0.06107832200448639,0.0
1734896040.0,1.55618497723712e-05,1.55618497723712e-05,1.55618497723712e-05,1.55618497723712e-05,0.0,0.0,0.0,0.0,0.06107832200448639,0.0
1734896100.0,1.55618497723712e-05,1.55618497723712e-05,1.55618497723712e-05,1.55618497723712e-05,0.0,0.0,0.0,0.0,0.06107832200448639,0.0
1734896160.0,1.55618497723712e-05,1.64506990327579e-05,1.55618497723712e-05,1.64506990327579e-05,216.16323470256,0.0034599680503951393,0.057117198365761186,inf,0.06107832200448639,0.057117198365761186
1734896220.0,1.64506990327579e-05,1.64506990327579e-05,1.63904392552868e-05,1.63904392552868e-05,0.68872965848,1.130933297860974e-05,-0.003663052697706381,-0.9967313764711445,0.06456694463826447,0.003663052697706381
1734896280.0,1.63904392552868e-05,1.63904392552868e-05,1.63904392552868e-05,1.63904392552868e-05,0.0,0.0,0.0,-1.0,0.06433043251752463,0.0
1734896340.0,1.63904392552868e-05,1.65125850030705e-05,1.63904392552868e-05,1.65125850030705e-05,10.04026438816,0.0001651775313619747,0.00745225590853517,inf,0.06433043251752463,0.00745225590853517
1734896400.0,1.65125850030705e-05,1.65125850030705e-05,1.64000315371362e-05,1.64000315371362e-05,15.68004209376,0.0002580356063831113,-0.006816223257192608,0.5621713453123645,0.06480983936335197,0.006816223257192608
1734896460.0,1.64000315371362e-05,1.64000315371362e-05,1.6348252546737e-05,1.6348252546737e-05,1.94936374332,3.1919158824522914e-05,-0.003157249440768011,-0.876299401962643,0.06436808102898857,0.003157249440768011
1734896520.0,1.6348252546737e-05,1.6348252546737e-05,1.6348252546737e-05,1.6348252546737e-05,0.0,0.0,0.0,-1.0,0.0641648549411565,0.0
1734896580.0,1.6348252546737e-05,1.6348252546737e-05,1.6298701167922e-05,1.6298701167922e-05,0.17924508558,2.9259030062551758e-06,-0.003030989316646406,inf,0.0641648549411565,0.003030989316646406
1734896640.0,1.6298701167922e-05,1.63594429209571e-05,1.62792930911927e-05,1.62792930911927e-05,2.2557905116,3.674456516833511e-05,-0.0011907744383642988,11.558367481690375,0.06397037195132568,0.004917559315839479
1734896700.0,1.62792930911927e-05,1.63901534643344e-05,1.62772232835775e-05,1.63901534643344e-05,18.088392854,0.00029546889180956566,0.006809900928786419,7.041159024632793,0.06389419766759338,0.00693704450950623
1734896760.0,1.63901534643344e-05,1.63901534643344e-05,1.63901534643344e-05,1.63901534643344e-05,0.0,0.0,0.0,-1.0,0.064329310823634,0.0
1734896820.0,1.63901534643344e-05,1.63901534643344e-05,1.63901534643344e-05,1.63901534643344e-05,0.0,0.0,0.0,0.0,0.064329310823634,0.0
1734896880.0,1.63901534643344e-05,1.63901534643344e-05,1.56111657609354e-05,1.56500010170558e-05,220.75091104884,0.0035364466459562307,-0.045158359797496675,inf,0.064329310823634,0.04752778581934009
1734896940.0,1.56500010170558e-05,1.56500010170558e-05,1.55868893788731e-05,1.55868893788731e-05,4.03832026698,6.307228378165629e-05,-0.004032692273561007,-0.9821650684723955,0.06142430465993533,0.004032692273561007
1734897000.0,1.55868893788731e-05,1.55868893788731e-05,1.55694692048477e-05,1.55694692048477e-05,2.74165302436,4.2709962369551393e-05,-0.0011176170948521522,-0.32284103557428184,0.06117659934112435,0.0011176170948521522
1734897060.0,1.55694692048477e-05,1.56636781950158e-05,1.55694692048477e-05,1.56636781950158e-05,14.1923688,0.00022163617334181198,0.006050880022214712,4.18933197421452,0.06110822732789579,0.006050880022214712
1734897120.0,1.56636781950158e-05,1.56636781950158e-05,1.55430572968192e-05,1.55430572968192e-05,28.33295927644,0.0004420895829203979,-0.007700675198688869,0.994663489513501,0.061477985879827106,0.007700675198688869
1734897180.0,1.55430572968192e-05,1.55681032192283e-05,1.54797084618253e-05,1.55681032192283e-05,12.75781751099,0.00019845525420942572,0.001611389698359234,-0.5510971941513507,0.06100456387869698,0.0056870894647664365
1734897240.0,1.55681032192283e-05,1.55681032192283e-05,1.55681032192283e-05,1.55681032192283e-05,0.0,0.0,0.0,-1.0,0.06110286600448401,0.0
1734897300.0,1.55681032192283e-05,1.55681032192283e-05,1.54446056994353e-05,1.54446056994353e-05,10.74789113174,0.00016666060957906925,-0.007932727452659001,inf,0.06110286600448401,0.007932727452659001
1734897360.0,1.54446056994353e-05,1.54446056994353e-05,1.54446056994353e-05,1.54446056994353e-05,0.0,0.0,0.0,-1.0,0.06061815362189409,0.0
1734897420.0,1.54446056994353e-05,1.54446056994353e-05,1.4636950053015e-05,1.4636950053015e-05,388.60865051554,0.005844976393183845,-0.05229370449061253,inf,0.06061815362189409,0.05229370449061253
1734897480.0,1.4636950053015e-05,1.4636950053015e-05,1.38658560046673e-05,1.38658560046673e-05,6.41071174359,9.136163675962606e-05,-0.0526813335807527,-0.9843692034639921,0.05744820580962421,0.0526813335807527
1734897540.0,1.38658560046673e-05,1.38658560046673e-05,1.38531582337717e-05,1.38531582337717e-05,1.64865267496,2.284951348572839e-05,-0.0009157581682174483,-0.7499003488100171,0.05442175771575166,0.0009157581682174483
1734897600.0,1.38531582337717e-05,1.38531582337717e-05,1.3834142001299e-05,1.3834142001299e-05,0.13085989856,1.8115786500808078e-06,-0.0013727001562966067,-0.9207169705730364,0.05437192054659471,0.0013727001562966067
1734897660.0,1.3834142001299e-05,1.39732598548566e-05,1.38299587490448e-05,1.39732598548566e-05,40.06979696554,0.0005571184732576674,0.010056124445197736,306.5320374485626,0.05429728420276225,0.010358510545745743
1734897720.0,1.39732598548566e-05,1.40124013345176e-05,1.39444070092752e-05,1.40124013345176e-05,29.42501767226,0.0004117392875336083,0.0028011702399849234,-0.2609484206724935,0.0548433044497415,0.004866031688286953
1734897780.0,1.40124013345176e-05,1.40124013345176e-05,1.39642297379376e-05,1.39642297379376e-05,0.89984642527,1.258733573082321e-05,-0.003437783105836142,-0.9694288689179417,0.05499692988202855,0.003437783105836142
1734897840.0,1.39642297379376e-05,1.39642297379376e-05,1.38616792935273e-05,1.38616792935273e-05,60.15775134015,0.0008369720581642498,-0.007343795277994697,65.4931861724095,0.05480786236560726,0.007343795277994697
1734897900.0,1.38616792935273e-05,1.38616792935273e-05,1.37957113318571e-05,1.37957113318571e-05,1.46820829641,2.0303405186620765e-05,-0.004759016586179722,-0.9757418363151182,0.05440536464476973,0.004759016586179722
1734897960.0,1.37957113318571e-05,1.37957113318571e-05,1.37957113318571e-05,1.37957113318571e-05,0.0,0.0,0.0,-1.0,0.05414644861204811,0.0
1734898020.0,1.37957113318571e-05,1.37957113318571e-05,1.37704570207384e-05,1.37704570207384e-05,0.03955788553,5.452296660963407e-07,-0.001830591443326511,inf,0.05414644861204811,0.001830591443326511
1734898080.0,1.37704570207384e-05,1.37704570207384e-05,1.37704570207384e-05,1.37704570207384e-05,0.0,0.0,0.0,-1.0,0.05404732858653238,0.0
1734898140.0,1.37704570207384e-05,1.37704570207384e-05,1.37348739824527e-05,1.37348739824527e-05,11.6572379499,0.00016031809419748017,-0.002584012878593026,inf,0.05404732858653238,0.002584012878593026
1734898200.0,1.37348739824527e-05,1.37348739824527e-05,1.37348739824527e-05,1.37348739824527e-05,0.0,0.0,0.0,-1.0,0.05390766959341123,0.0
1734898260.0,1.37348739824527e-05,1.38005481836047e-05,1.37348739824527e-05,1.38005481836047e-05,17.711,0.0002438399309915213,0.004781565614355432,inf,0.05390766959341123,0.004781565614355432
1734898320.0,1.38005481836047e-05,1.38005481836047e-05,1.38005481836047e-05,1.38005481836047e-05,0.0,0.0,0.0,-1.0,0.05416543265268912,0.0
1734898380.0,1.38005481836047e-05,1.38005481836047e-05,1.38005481836047e-05,1.38005481836047e-05,0.0,0.0,0.0,0.0,0.05416543265268912,0.0
1734898440.0,1.38005481836047e-05,1.38005481836047e-05,1.38005481836047e-05,1.38005481836047e-05,0.0,0.0,0.0,0.0,0.05416543265268912,0.0
1734898500.0,1.38005481836047e-05,1.38005481836047e-05,1.38005481836047e-05,1.38005481836047e-05,0.0,0.0,0.0,0.0,0.05416543265268912,0.0
1734898560.0,1.38005481836047e-05,1.38005481836047e-05,1.377513172464e-05,1.377513172464e-05,0.31505012616,4.343860717020135e-06,-0.0018416992300998788,inf,0.05416543265268912,0.0018416992300998788
1734898620.0,1.377513172464e-05,1.377513172464e-05,1.37562694958202e-05,1.37562694958202e-05,7.48573405827,0.00010304637389394758,-0.0013692957132351961,22.722301566942697,0.054065676217074636,0.0013692957132351961
1734898680.0,1.37562694958202e-05,1.38472547352812e-05,1.37562694958202e-05,1.38047194673696e-05,21.5993485306,0.00029764970323197817,0.0035220283787054953,1.888502447823257,0.05399164431839743,0.006614092540760836
1734898740.0,1.38047194673696e-05,1.38047194673696e-05,1.38047194673696e-05,1.38047194673696e-05,0.0,0.0,0.0,-1.0,0.0541818044218998,0.0
1734898800.0,1.38047194673696e-05,1.38047194673696e-05,1.38047194673696e-05,1.38047194673696e-05,0.0,0.0,0.0,0.0,0.0541818044218998,0.0
1734898860.0,1.38047194673696e-05,1.38047194673696e-05,1.37598381391652e-05,1.37598381391652e-05,22.7139143472,0.00031304950024664584,-0.0032511582948488043,inf,0.0541818044218998,0.0032511582948488043
1734898920.0,1.37598381391652e-05,1.37598381391652e-05,1.37598381391652e-05,1.37598381391652e-05,0.0,0.0,0.0,-1.0,0.05400565079902367,0.0
1734898980.0,1.37598381391652e-05,1.38658542483995e-05,1.37598381391652e-05,1.38658542483995e-05,35.192301,0.00048610584091829276,0.0077047497333956015,inf,0.05400565079902367,0.0077047497333956015
1734899040.0,1.38658542483995e-05,1.38658542483995e-05,1.38658542483995e-05,1.38658542483995e-05,0.0,0.0,0.0,-1.0,0.0544217508226193,0.0
1734899100.0,1.38658542483995e-05,1.38658542483995e-05,1.38658542483995e-05,1.38658542483995e-05,0.0,0.0,0.0,0.0,0.0544217508226193,0.0
1734899160.0,1.38658542483995e-05,1.38658542483995e-05,1.38658542483995e-05,1.38658542483995e-05,0.0,0.0,0.0,0.0,0.0544217508226193,0.0
1734899220.0,1.38658542483995e-05,1.3915518375995e-05,1.38658542483995e-05,1.3915518375995e-05,1.41784128552,1.9694788537640818e-05,0.0035817575106296025,inf,0.0544217508226193,0.0035817575106296025
1734899280.0,1.3915518375995e-05,1.3915518375995e-05,1.39061476223496e-05,1.39061476223496e-05,3.87596782,5.391794105418592e-05,-0.0006734031311089872,1.7376755506228245,0.05461667633736983,0.0006734031311089872
1734899340.0,1.39061476223496e-05,1.39061476223496e-05,1.38817560367869e-05,1.38817560367869e-05,16.89148702876,0.00023468950710736836,-0.001754014571476214,3.3527164153303337,0.054579897296513476,0.001754014571476214
1734899400.0,1.38817560367869e-05,1.38817560367869e-05,1.38817560367869e-05,1.38817560367869e-05,0.0,0.0,0.0,-1.0,0.05448416336134572,0.0
1734899460.0,1.38817560367869e-05,1.38817560367869e-05,1.38817560367869e-05,1.38817560367869e-05,0.0,0.0,0.0,0.0,0.05448416336134572,0.0
1734899520.0,1.38817560367869e-05,1.39284244437973e-05,1.38621739108221e-05,1.39284244437973e-05,2.62570623572,3.651068215218428e-05,0.0033618518353677983,inf,0.05448416336134572,0.004772489359389056
1734899580.0,1.39284244437973e-05,1.39284244437973e-05,1.3837818395556e-05,1.3837818395556e-05,13.84914385255,0.00019226934566352012,-0.006505118264230455,4.266112116506085,0.054667331045940536,0.006505118264230455
1734899640.0,1.3837818395556e-05,1.38948286803173e-05,1.3837818395556e-05,1.38948286803173e-05,1.77071985,2.4553374335146654e-05,0.004119889648183888,-0.8722969891512703,0.054311713592296855,0.004119889648183888
1734899700.0,1.38948286803173e-05,1.38948286803173e-05,1.38948286803173e-05,1.38948286803173e-05,0.0,0.0,0.0,-1.0,0.05453547185890089,0.0
1734899760.0,1.38948286803173e-05,1.38948286803173e-05,1.38468876377494e-05,1.38468876377494e-05,8.76290833632,0.00012154905859370565,-0.0034502795011650323,inf,0.05453547185890089,0.0034502795011650323
1734899820.0,1.38468876377494e-05,1.38468876377494e-05,1.38187724332365e-05,1.38187724332365e-05,7.1166232191,9.8443039416453e-05,-0.002030434943102587,-0.1900962413414297,0.05434730923825976,0.002030434943102587
1734899880.0,1.38187724332365e-05,1.38187724332365e-05,1.38187724332365e-05,1.38187724332365e-05,0.0,0.0,0.0,-1.0,0.054236960562518796,0.0
1734899940.0,1.38187724332365e-05,1.38187724332365e-05,1.37975611375202e-05,1.37975611375202e-05,0.73285790893,1.0119424236489057e-05,-0.0015349623722931034,inf,0.054236960562518796,0.0015349623722931034
1734900000.0,1.37975611375202e-05,1.37975611375202e-05,1.37975611375202e-05,1.37975611375202e-05,0.0,0.0,0.0,-1.0,0.054153708868867785,0.0
1734900060.0,1.37975611375202e-05,1.37975611375202e-05,1.37890874038584e-05,1.37890874038584e-05,0.8767411002,1.20931742964995e-05,-0.0006141472088684536,inf,0.054153708868867785,0.0006141472088684536
1734900120.0,1.37890874038584e-05,1.37890874038584e-05,1.37641795732e-05,1.37641795732e-05,13.7641795732,0.00018962405725027668,-0.001806343663572037,14.680255043141601,0.0541204505197161,0.001806343663572037
1734900180.0,1.37641795732e-05,1.37641795732e-05,1.37641795732e-05,1.37641795732e-05,0.0,0.0,0.0,-1.0,0.05402269038685014,0.0
1734900240.0,1.37641795732e-05,1.37641795732e-05,1.37597164861866e-05,1.37597164861866e-05,1.41606405576,1.9487799942085833e-05,-0.0003242537624319707,inf,0.05402269038685014,0.0003242537624319707
1734900300.0,1.37597164861866e-05,1.37597164861866e-05,1.37597164861866e-05,1.37597164861866e-05,0.0,0.0,0.0,-1.0,0.05400517332623551,0.0
1734900360.0,1.37597164861866e-05,1.37597164861866e-05,1.37597164861866e-05,1.37597164861866e-05,0.0,0.0,0.0,0.0,0.05400517332623551,0.0
1734900420.0,1.37597164861866e-05,1.37597164861866e-05,1.36987685662214e-05,1.36987685662214e-05,35.3606509932,0.00048547495337009913,-0.004429445913830075,inf,0.05400517332623551,0.004429445913830075
1734900480.0,1.36987685662214e-05,1.41797532587274e-05,1.36255287795723e-05,1.38575785685009e-05,264.1821917209,0.00363994809093644,0.011593013015132993,6.497705217681015,0.05376596033191993,0.04045797813693378
1734900540.0,1.38575785685009e-05,1.39261452089694e-05,1.38575785685009e-05,1.38985154694075e-05,14.41742346773,0.00020008568077733063,0.0029541164572323766,-0.945030622476307,0.054389269809819,0.004947952496142122
1734900600.0,1.38985154694075e-05,1.38985154694075e-05,1.38985154694075e-05,1.38985154694075e-05,0.0,0.0,0.0,-1.0,0.05454994204686104,0.0
1734900660.0,1.38985154694075e-05,1.38985154694075e-05,1.38807555352493e-05,1.38807555352493e-05,3.92818878,5.4561110338536086e-05,-0.0012778295780790714,inf,0.05454994204686104,0.0012778295780790714
1734900720.0,1.38807555352493e-05,1.40902435024172e-05,1.38807555352493e-05,1.40902435024172e-05,76.50666861436,0.0010699839770936667,0.015091971516674131,18.61074418124415,0.05448023651743106,0.015091971516674131
1734900780.0,1.40902435024172e-05,1.40902435024172e-05,1.40902435024172e-05,1.40902435024172e-05,0.0,0.0,0.0,-1.0,0.0553024506951738,0.0
1734900840.0,1.40902435024172e-05,1.40902435024172e-05,1.40622286905341e-05,1.40622286905341e-05,59.47271187526,0.000837151933653831,-0.0019882418553159613,inf,0.0553024506951738,0.0019882418553159613
1734900900.0,1.40622286905341e-05,1.40622286905341e-05,1.40622286905341e-05,1.40622286905341e-05,0.0,0.0,0.0,-1.0,0.05519249604800011,0.0
1734900960.0,1.40622286905341e-05,1.40622286905341e-05,1.40622286905341e-05,1.40622286905341e-05,0.0,0.0,0.0,0.0,0.05519249604800011,0.0
1734901020.0,1.40622286905341e-05,1.40622286905341e-05,1.40622286905341e-05,1.40622286905341e-05,0.0,0.0,0.0,0.0,0.05519249604800011,0.0
1734901080.0,1.40622286905341e-05,1.40622286905341e-05,1.40622286905341e-05,1.40622286905341e-05,0.0,0.0,0.0,0.0,0.05519249604800011,0.0
1734901140.0,1.40622286905341e-05,1.41791743257922e-05,1.40622286905341e-05,1.41791743257922e-05,68.51647763895,0.0009675007291303479,0.008316294510046023,inf,0.05519249604800011,0.008316294510046023
1734901200.0,1.41791743257922e-05,1.41791743257922e-05,1.41791743257922e-05,1.41791743257922e-05,0.0,0.0,0.0,-1.0,0.05565149309987983,0.0
1734901260.0,1.41791743257922e-05,1.41791743257922e-05,1.41791743257922e-05,1.41791743257922e-05,0.0,0.0,0.0,0.0,0.05565149309987983,0.0
1734901320.0,1.41791743257922e-05,1.42444186008879e-05,1.41791743257922e-05,1.42444186008879e-05,1.42956055304,2.0316623611824316e-05,0.004601415681660562,inf,0.05565149309987983,0.004601415681660562
1734901380.0,1.42444186008879e-05,1.42444186008879e-05,1.42444186008879e-05,1.42444186008879e-05,0.0,0.0,0.0,-1.0,0.05590756875293744,0.0
1734901440.0,1.42444186008879e-05,1.42444186008879e-05,1.41854789691731e-05,1.41854789691731e-05,8.94594972972,0.00012716621724142728,-0.004137735162537641,inf,0.05590756875293744,0.004137735162537641
1734901500.0,1.41854789691731e-05,1.42830028111781e-05,1.41854789691731e-05,1.42830028111781e-05,13.87399568347,0.00019748579666776844,0.006874906530609972,0.5529737453213555,0.05567623803985642,0.006874906530609972
1734901560.0,1.42830028111781e-05,1.43382935754283e-05,1.42830028111781e-05,1.43382935754283e-05,17.8698045,0.0002557284854826064,0.003871088242517789,0.2949208996169988,0.056059006972356426,0.003871088242517789
1734901620.0,1.43382935754283e-05,1.43382935754283e-05,1.43382935754283e-05,1.43382935754283e-05,0.0,0.0,0.0,-1.0,0.056276016335134335,0.0
1734901680.0,1.43382935754283e-05,1.44427590068285e-05,1.43382935754283e-05,1.44427590068285e-05,7.88254661078,0.00011343399424347466,0.007285764575167013,inf,0.056276016335134335,0.007285764575167013
1734901740.0,1.44427590068285e-05,1.48437815127531e-05,1.44427590068285e-05,1.48437815127531e-05,102.155229,0.0014958866266978187,0.027766336455174408,12.187286903492515,0.05668603014138038,0.027766336455174408
1734901800.0,1.48437815127531e-05,1.48437815127531e-05,1.48437815127531e-05,1.48437815127531e-05,0.0,0.0,0.0,-1.0,0.058259993526594105,0.0
1734901860.0,1.48437815127531e-05,1.49435727806197e-05,1.48437815127531e-05,1.49435727806197e-05,28.8392801875,0.0004295229282554547,0.0067227658788202565,inf,0.058259993526594105,0.0067227658788202565
1734901920.0,1.49435727806197e-05,1.49435727806197e-05,1.49435727806197e-05,1.49435727806197e-05,0.0,0.0,0.0,-1.0,0.05865166182317498,0.0
1734901980.0,1.49435727806197e-05,1.51601315135117e-05,1.49435727806197e-05,1.50796022071266e-05,46.0484665323,0.0006912605843083109,0.00910287174987478,inf,0.05865166182317498,0.01449176418994361
1734902040.0,1.50796022071266e-05,1.62516208552138e-05,1.50796022071266e-05,1.6201063465015e-05,286.62239045955,0.004482869585057606,0.07436941919849847,5.485064658421476,0.059185560378668366,0.07772211972099015
1734902100.0,1.6201063465015e-05,1.7024563518353e-05,1.6201063465015e-05,1.7024563518353e-05,182.9716,0.0030396730650750084,0.05082999984021341,-0.3219358700045815,0.06358715612896759,0.05082999984021341
1734902160.0,1.7024563518353e-05,1.7024563518353e-05,1.7024563518353e-05,1.7024563518353e-05,0.0,0.0,0.0,-1.0,0.06681929126484265,0.0
1734902220.0,1.7024563518353e-05,1.7024563518353e-05,1.7024563518353e-05,1.7024563518353e-05,0.0,0.0,0.0,0.0,0.06681929126484265,0.0
1734902280.0,1.7024563518353e-05,1.7024563518353e-05,1.7024563518353e-05,1.7024563518353e-05,0.0,0.0,0.0,0.0,0.06681929126484265,0.0
1734902340.0,1.7024563518353e-05,1.7024563518353e-05,1.7024563518353e-05,1.7024563518353e-05,0.0,0.0,0.0,0.0,0.06681929126484265,0.0
1734902400.0,1.7024563518353e-05,1.71011545168333e-05,1.69984635936509e-05,1.71011545168333e-05,15.4256942464,0.000263206446174821,0.004498852402161778,inf,0.06681929126484265,0.006031926931442052
1734902460.0,1.71011545168333e-05,1.71011545168333e-05,1.71011545168333e-05,1.71011545168333e-05,0.0,0.0,0.0,-1.0,0.06711990139386023,0.0
1734902520.0,1.71011545168333e-05,1.71011545168333e-05,1.71011545168333e-05,1.71011545168333e-05,0.0,0.0,0.0,0.0,0.06711990139386023,0.0
1734902580.0,1.71011545168333e-05,1.71011545168333e-05,1.71011545168333e-05,1.71011545168333e-05,0.0,0.0,0.0,0.0,0.06711990139386023,0.0
1734902640.0,1.71011545168333e-05,1.71011545168333e-05,1.71011545168333e-05,1.71011545168333e-05,0.0,0.0,0.0,0.0,0.06711990139386023,0.0
1734902700.0,1.71011545168333e-05,1.71011545168333e-05,1.71011545168333e-05,1.71011545168333e-05,0.0,0.0,0.0,0.0,0.06711990139386023,0.0
1734902760.0,1.71011545168333e-05,1.71011545168333e-05,1.64026923199383e-05,1.64026923199383e-05,300.16705560817,0.005028375528270416,-0.040842984969668455,inf,0.06711990139386023,0.040842984969668455
1734902820.0,1.64026923199383e-05,1.64026923199383e-05,1.64026923199383e-05,1.64026923199383e-05,0.0,0.0,0.0,-1.0,0.06437852427006517,0.0
1734902880.0,1.64026923199383e-05,1.64026923199383e-05,1.64026923199383e-05,1.64026923199383e-05,0.0,0.0,0.0,0.0,0.06437852427006517,0.0
1734902940.0,1.64026923199383e-05,1.64026923199383e-05,1.64026923199383e-05,1.64026923199383e-05,0.0,0.0,0.0,0.0,0.06437852427006517,0.0
1734903000.0,1.64026923199383e-05,1.64026923199383e-05,1.64026923199383e-05,1.64026923199383e-05,0.0,0.0,0.0,0.0,0.06437852427006517,0.0
1734903060.0,1.64026923199383e-05,1.64026923199383e-05,1.58031092140382e-05,1.58818525865249e-05,9.75930509163,0.0001575373617433019,-0.03175330752136898,inf,0.06437852427006517,0.03655394457233552
1734903120.0,1.58818525865249e-05,1.58818525865249e-05,1.54419878174436e-05,1.54419878174436e-05,173.13064676496,0.0027115583741507262,-0.027696061695882318,16.212160621104314,0.062334293191145876,0.027696061695882318
1734903180.0,1.54419878174436e-05,1.54419878174436e-05,1.49869805526866e-05,1.49869805526866e-05,36.8733512493,0.0005610090194328253,-0.029465588895427913,-0.7931045760323945,0.06060787876115468,0.029465588895427913
1734903240.0,1.49869805526866e-05,1.50517751306665e-05,1.49580614070942e-05,1.50517751306665e-05,11.27424281017,0.00016933211264474844,0.004323391076148696,-0.6981650797416027,0.05882203192175456,0.006253008952860736
1734903300.0,1.50517751306665e-05,1.50517751306665e-05,1.50517751306665e-05,1.50517751306665e-05,0.0,0.0,0.0,-1.0,0.05907634256964601,0.0
1734903360.0,1.50517751306665e-05,1.50517751306665e-05,1.4980185203244e-05,1.4980185203244e-05,1.97352445147,2.963440402227476e-05,-0.004756244815047873,inf,0.05907634256964601,0.004756244815047873
1734903420.0,1.4980185203244e-05,1.4980185203244e-05,1.4980185203244e-05,1.4980185203244e-05,0.0,0.0,0.0,-1.0,0.05879536102160714,0.0
1734903480.0,1.4980185203244e-05,1.4980185203244e-05,1.4949687254083e-05,1.4949687254083e-05,8.69278268842,0.00013008693858183537,-0.0020358859885387407,inf,0.05879536102160714,0.0020358859885387407
1734903540.0,1.4949687254083e-05,1.4949687254083e-05,1.49245096789972e-05,1.49245096789972e-05,9.45273445671,0.0001411964253579337,-0.0016841539664265886,0.08540047830481882,0.05867566036991217,0.0016841539664265886
1734903600.0,1.49245096789972e-05,1.49245096789972e-05,1.49245096789972e-05,1.49245096789972e-05,0.0,0.0,0.0,-1.0,0.058576841523767485,0.0
1734903660.0,1.49245096789972e-05,1.49759382072409e-05,1.49245096789972e-05,1.49759382072409e-05,1.79947335,2.6902529562174647e-05,0.0034459107434581028,inf,0.058576841523767485,0.0034459107434581028
1734903720.0,1.49759382072409e-05,1.49759382072409e-05,1.49759382072409e-05,1.49759382072409e-05,0.0,0.0,0.0,-1.0,0.05877869209129208,0.0
1734903780.0,1.49759382072409e-05,1.49759382072409e-05,1.49759382072409e-05,1.49759382072409e-05,0.0,0.0,0.0,0.0,0.05877869209129208,0.0
1734903840.0,1.49759382072409e-05,1.49759382072409e-05,1.49759382072409e-05,1.49759382072409e-05,0.0,0.0,0.0,0.0,0.05877869209129208,0.0
1734903900.0,1.49759382072409e-05,1.49759382072409e-05,1.48698985645845e-05,1.48698985645845e-05,20.55589802604,0.0003067539885917389,-0.007080667747756259,inf,0.05877869209129208,0.007080667747756259
1734903960.0,1.48698985645845e-05,1.48698985645845e-05,1.47618276837099e-05,1.47618276837099e-05,17.31090955728,0.00025647606655515207,-0.007267761807870779,-0.16390307512350583,0.058362499701945965,0.007267761807870779
1734904020.0,1.47618276837099e-05,1.47618276837099e-05,1.47618276837099e-05,1.47618276837099e-05,0.0,0.0,0.0,-1.0,0.057938334955600294,0.0
1734904080.0,1.47618276837099e-05,1.47618276837099e-05,1.47618276837099e-05,1.47618276837099e-05,0.0,0.0,0.0,0.0,0.057938334955600294,0.0
1734904140.0,1.47618276837099e-05,1.47618276837099e-05,1.47618276837099e-05,1.47618276837099e-05,0.0,0.0,0.0,0.0,0.057938334955600294,0.0
1734904200.0,1.47618276837099e-05,1.47618276837099e-05,1.47000239247349e-05,1.47000239247349e-05,9.71628498809,0.0001431298732522337,-0.004186728113836652,inf,0.057938334955600294,0.004186728113836652
1734904260.0,1.47000239247349e-05,1.47000239247349e-05,1.47000239247349e-05,1.47000239247349e-05,0.0,0.0,0.0,-1.0,0.057695762899772796,0.0
1734904320.0,1.47000239247349e-05,1.47000239247349e-05,1.47000239247349e-05,1.47000239247349e-05,0.0,0.0,0.0,0.0,0.057695762899772796,0.0
1734904380.0,1.47000239247349e-05,1.47000239247349e-05,1.47000239247349e-05,1.47000239247349e-05,0.0,0.0,0.0,0.0,0.057695762899772796,0.0
1734904440.0,1.47000239247349e-05,1.47000239247349e-05,1.45995332929167e-05,1.45995332929167e-05,43.79859987875,0.0006416397916002319,-0.006836086276642646,inf,0.057695762899772796,0.006836086276642646
1734904500.0,1.45995332929167e-05,1.45995332929167e-05,1.45995332929167e-05,1.45995332929167e-05,0.0,0.0,0.0,-1.0,0.057301349686793235,0.0
1734904560.0,1.45995332929167e-05,1.49823555415626e-05,1.45995332929167e-05,1.47615710127847e-05,186.8728951453,0.002743397283134777,0.011098828751369492,inf,0.057301349686793235,0.026221540166056833
1734904620.0,1.47615710127847e-05,1.47615710127847e-05,1.4673740435853e-05,1.4673740435853e-05,0.4536396333,6.676511945815649e-06,-0.0059499477972657895,-0.9975663342721596,0.05793732755418929,0.0059499477972657895
1734904680.0,1.4673740435853e-05,1.4673740435853e-05,1.4673740435853e-05,1.4673740435853e-05,0.0,0.0,0.0,-1.0,0.05759260347972878,0.0
1734904740.0,1.4673740435853e-05,1.4673740435853e-05,1.46417454398081e-05,1.46417454398081e-05,3.79645148157,5.5647409892798994e-05,-0.0021804253785711993,inf,0.05759260347972878,0.0021804253785711993
1734904800.0,1.46417454398081e-05,1.48310488916628e-05,1.46417454398081e-05,1.48310488916628e-05,63.175,0.000930971890945337,0.012929022201138759,15.7298332975208,0.05746702710548359,0.012929022201138759
1734904860.0,1.48310488916628e-05,1.48310488916628e-05,1.48310488916628e-05,1.48310488916628e-05,0.0,0.0,0.0,-1.0,0.05821001957476383,0.0
1734904920.0,1.48310488916628e-05,1.48310488916628e-05,1.48310488916628e-05,1.48310488916628e-05,0.0,0.0,0.0,0.0,0.05821001957476383,0.0
1734904980.0,1.48310488916628e-05,1.48310488916628e-05,1.48310488916628e-05,1.48310488916628e-05,0.0,0.0,0.0,0.0,0.05821001957476383,0.0
1734905040.0,1.48310488916628e-05,1.48310488916628e-05,1.48310488916628e-05,1.48310488916628e-05,0.0,0.0,0.0,0.0,0.05821001957476383,0.0
1734905100.0,1.48310488916628e-05,1.48310488916628e-05,1.48310488916628e-05,1.48310488916628e-05,0.0,0.0,0.0,0.0,0.05821001957476383,0.0
1734905160.0,1.48310488916628e-05,1.48310488916628e-05,1.48310488916628e-05,1.48310488916628e-05,0.0,0.0,0.0,0.0,0.05821001957476383,0.0
1734905220.0,1.48310488916628e-05,1.48310488916628e-05,1.48310488916628e-05,1.48310488916628e-05,0.0,0.0,0.0,0.0,0.05821001957476383,0.0
1734905280.0,1.48310488916628e-05,1.48310488916628e-05,1.48310488916628e-05,1.48310488916628e-05,0.0,0.0,0.0,0.0,0.05821001957476383,0.0
1734905340.0,1.48310488916628e-05,1.48310488916628e-05,1.48310488916628e-05,1.48310488916628e-05,0.0,0.0,0.0,0.0,0.05821001957476383,0.0
1734905400.0,1.48310488916628e-05,1.48310488916628e-05,1.45749063388571e-05,1.45749063388571e-05,51.012172186,0.0007500308257565443,-0.017270697081289296,inf,0.05821001957476383,0.017270697081289296
1734905460.0,1.45749063388571e-05,1.45749063388571e-05,1.45749063388571e-05,1.45749063388571e-05,0.0,0.0,0.0,-1.0,0.057204691959592165,0.0
1734905520.0,1.45749063388571e-05,1.45749063388571e-05,1.44661392146036e-05,1.44661392146036e-05,0.1248059229,1.8122472461403022e-06,-0.007462629379890022,inf,0.057204691959592165,0.007462629379890022
1734905580.0,1.44661392146036e-05,1.44661392146036e-05,1.44661392146036e-05,1.44661392146036e-05,0.0,0.0,0.0,-1.0,0.05677779454470695,0.0
1734905640.0,1.44661392146036e-05,1.44661392146036e-05,1.44661392146036e-05,1.44661392146036e-05,0.0,0.0,0.0,0.0,0.05677779454470695,0.0
1734905700.0,1.44661392146036e-05,1.44997902658065e-05,1.44661392146036e-05,1.44897109517316e-05,5.1394846524,7.440907376353688e-05,0.0016294421599512899,inf,0.05677779454470695,0.002326194342781447
1734905760.0,1.44897109517316e-05,1.44897109517316e-05,1.44897109517316e-05,1.44897109517316e-05,0.0,0.0,0.0,-1.0,0.05687031067688715,0.0
1734905820.0,1.44897109517316e-05,1.44897109517316e-05,1.44897109517316e-05,1.44897109517316e-05,0.0,0.0,0.0,0.0,0.05687031067688715,0.0
1734905880.0,1.44897109517316e-05,1.44897109517316e-05,1.44897109517316e-05,1.44897109517316e-05,0.0,0.0,0.0,0.0,0.05687031067688715,0.0
1734905940.0,1.44897109517316e-05,1.47845253556568e-05,1.44897109517316e-05,1.47845253556568e-05,102.5930022686,0.0015016658959477154,0.020346465495915813,inf,0.05687031067688715,0.020346465495915813
1734906000.0,1.47845253556568e-05,1.47845253556568e-05,1.47845253556568e-05,1.47845253556568e-05,0.0,0.0,0.0,-1.0,0.058027420490816446,0.0
1734906060.0,1.47845253556568e-05,1.47845253556568e-05,1.47845253556568e-05,1.47845253556568e-05,0.0,0.0,0.0,0.0,0.058027420490816446,0.0
1734906120.0,1.47845253556568e-05,1.49764084071947e-05,1.47845253556568e-05,1.49312863365709e-05,19.0038054911,0.0002823567527046252,0.009926661653561068,inf,0.058027420490816446,0.012978641310556682
1734906180.0,1.49312863365709e-05,1.49312863365709e-05,1.49312863365709e-05,1.49312863365709e-05,0.0,0.0,0.0,-1.0,0.058603439060657694,0.0
1734906240.0,1.49312863365709e-05,1.55327272942358e-05,1.49312863365709e-05,1.55327272942358e-05,268.98,0.0040971051932071935,0.04028058561785135,inf,0.058603439060657694,0.04028058561785135
1734906300.0,1.55327272942358e-05,1.62844082107105e-05,1.55327272942358e-05,1.62730190922818e-05,146.4478673153,0.0023289418633384057,0.047660129739142756,-0.4315640547380426,0.06096401990524105,0.04839336339559955
1734906360.0,1.62730190922818e-05,1.62730190922818e-05,1.62730190922818e-05,1.62730190922818e-05,0.0,0.0,0.0,-1.0,0.06386957300334452,0.0
1734906420.0,1.62730190922818e-05,1.62730190922818e-05,1.62730190922818e-05,1.62730190922818e-05,0.0,0.0,0.0,0.0,0.06386957300334452,0.0
1734906480.0,1.62730190922818e-05,1.62730190922818e-05,1.6156056463696e-05,1.6156056463696e-05,6.5799949755,0.0001066915771092219,-0.007187518672627637,inf,0.06386957300334452,0.007187518672627637
1734906540.0,1.6156056463696e-05,1.6156056463696e-05,1.6156056463696e-05,1.6156056463696e-05,0.0,0.0,0.0,-1.0,0.06341050925477024,0.0
1734906600.0,1.6156056463696e-05,1.6156056463696e-05,1.6156056463696e-05,1.6156056463696e-05,0.0,0.0,0.0,0.0,0.06341050925477024,0.0
1734906660.0,1.6156056463696e-05,1.6156056463696e-05,1.6156056463696e-05,1.6156056463696e-05,0.0,0.0,0.0,0.0,0.06341050925477024,0.0
1734906720.0,1.6156056463696e-05,1.6218096588924e-05,1.6156056463696e-05,1.6218096588924e-05,1.7905,2.8982960520358056e-05,0.0038400537511990994,inf,0.06341050925477024,0.0038400537511990994
1734906780.0,1.6218096588924e-05,1.6218096588924e-05,1.6218096588924e-05,1.6218096588924e-05,0.0,0.0,0.0,-1.0,0.06365400901869946,0.0
1734906840.0,1.6218096588924e-05,1.6218096588924e-05,1.6218096588924e-05,1.6218096588924e-05,0.0,0.0,0.0,0.0,0.06365400901869946,0.0
1734906900.0,1.6218096588924e-05,1.6218096588924e-05,1.6218096588924e-05,1.6218096588924e-05,0.0,0.0,0.0,0.0,0.06365400901869946,0.0
1734906960.0,1.6218096588924e-05,1.6218096588924e-05,1.6218096588924e-05,1.6218096588924e-05,0.0,0.0,0.0,0.0,0.06365400901869946,0.0
1734907020.0,1.6218096588924e-05,1.6218096588924e-05,1.6218096588924e-05,1.6218096588924e-05,0.0,0.0,0.0,0.0,0.06365400901869946,0.0
1734907080.0,1.6218096588924e-05,1.6218096588924e-05,1.6218096588924e-05,1.6218096588924e-05,0.0,0.0,0.0,0.0,0.06365400901869946,0.0
1734907140.0,1.6218096588924e-05,1.6218096588924e-05,1.6218096588924e-05,1.6218096588924e-05,0.0,0.0,0.0,0.0,0.06365400901869946,0.0
1734907200.0,1.6218096588924e-05,1.6218096588924e-05,1.62075824671877e-05,1.62075824671877e-05,0.83898644741,1.3602352638071999e-05,-0.0006482956664272389,inf,0.06365400901869946,0.0006482956664272389
1734907260.0,1.62075824671877e-05,1.63056666640731e-05,1.62075824671877e-05,1.63056666640731e-05,8.92349991704,0.00014506598796275332,0.006051747512867616,9.66477188341112,0.06361274240050191,0.006051747512867616
1734907320.0,1.63056666640731e-05,1.63056666640731e-05,1.63056666640731e-05,1.63056666640731e-05,0.0,0.0,0.0,-1.0,0.06399771065611083,0.0
1734907380.0,1.63056666640731e-05,1.63056666640731e-05,1.62059178872279e-05,1.62059178872279e-05,9.17363240496,0.00014912466278820587,-0.006117430148684564,inf,0.06399771065611083,0.006117430148684564
1734907440.0,1.62059178872279e-05,1.62059178872279e-05,1.61605397294763e-05,1.61605397294763e-05,11.76750293094,0.00019043619243435593,-0.0028000979683701407,0.2770268101448967,0.06360620913149635,0.0028000979683701407
1734907500.0,1.61605397294763e-05,1.61605397294763e-05,1.61605397294763e-05,1.61605397294763e-05,0.0,0.0,0.0,-1.0,0.06342810551453153,0.0
1734907560.0,1.61605397294763e-05,1.61605397294763e-05,1.61321509079065e-05,1.61321509079065e-05,0.2161239759,3.4896123465299374e-06,-0.0017566753366547567,inf,0.06342810551453153,0.0017566753366547567
1734907620.0,1.61321509079065e-05,1.61321509079065e-05,1.61283999709063e-05,1.61283999709063e-05,0.73405562139,1.184051936086532e-05,-0.00023251313613481477,2.3930758448397587,0.0633166829259234,0.00023251313613481477
1734907680.0,1.61283999709063e-05,1.61283999709063e-05,1.61283999709063e-05,1.61283999709063e-05,0.0,0.0,0.0,-1.0,0.06330196096540665,0.0
1734907740.0,1.61283999709063e-05,1.77874270190804e-05,1.61283999709063e-05,1.77874270190804e-05,378.8468916392,0.006424452816264674,0.10286370942975018,inf,0.06330196096540665,0.10286370942975018
1734907800.0,1.77874270190804e-05,1.80159348560304e-05,1.77874270190804e-05,1.80159348560304e-05,63.83486339447,0.0011427513571802366,0.01284659308537897,-0.8221247178768045,0.06981343548448563,0.01284659308537897
1734907860.0,1.80159348560304e-05,1.80159348560304e-05,1.80159348560304e-05,1.80159348560304e-05,0.0,0.0,0.0,-1.0,0.07071030028204717,0.0
1734907920.0,1.80159348560304e-05,1.80159348560304e-05,1.80159348560304e-05,1.80159348560304e-05,0.0,0.0,0.0,0.0,0.07071030028204717,0.0
1734907980.0,1.80159348560304e-05,1.80159348560304e-05,1.79801282276423e-05,1.79801282276423e-05,30.9755619,0.0005574991401023043,-0.001987497661056079,inf,0.07071030028204717,0.001987497661056079
1734908040.0,1.79801282276423e-05,1.79801282276423e-05,1.75782626232302e-05,1.75782626232302e-05,77.61827597859,0.0013799904972087958,-0.022350541627076958,1.4753230954859584,0.07056976372562403,0.022350541627076958
1734908100.0,1.75782626232302e-05,1.75812578600372e-05,1.74822872700488e-05,1.75242785463061e-05,51.38163812506,0.0009018130338215672,-0.0030710701097819474,-0.3465077943322093,0.06899249128386149,0.005630282816323826
1734908160.0,1.75242785463061e-05,1.75242785463061e-05,1.75242785463061e-05,1.75242785463061e-05,0.0,0.0,0.0,-1.0,0.06878061050608023,0.0
1734908220.0,1.75242785463061e-05,1.76587493172616e-05,1.75242785463061e-05,1.76587493172616e-05,18.022,0.00031703426407860854,0.007673398399835607,inf,0.06878061050608023,0.007673398399835607
1734908280.0,1.76587493172616e-05,1.76587493172616e-05,1.76587493172616e-05,1.76587493172616e-05,0.0,0.0,0.0,-1.0,0.0693083915326773,0.0
1734908340.0,1.76587493172616e-05,1.80330978068891e-05,1.75855428450935e-05,1.80330978068891e-05,193.60104798204,0.003454989503825168,0.021199037536682716,inf,0.0693083915326773,0.025344657979719354
1734908400.0,1.80330978068891e-05,1.87794058755072e-05,1.80330978068891e-05,1.87794058755072e-05,153.323,0.002822101751048024,0.0413854611453941,-0.1831808033212392,0.07077766272638562,0.0413854611453941
1734908460.0,1.87794058755072e-05,1.92160999923459e-05,1.87794058755072e-05,1.92160999923459e-05,17.996565,0.00034189429552934983,0.023253883521855888,-0.8788511805421676,0.07370682893711027,0.023253883521855888
1734908520.0,1.92160999923459e-05,1.94218183466884e-05,1.92160999923459e-05,1.94218183466884e-05,75.9444,0.0014671667627534782,0.010705520601185577,3.291287634623695,0.07542079895197919,0.010705520601185577
1734908580.0,1.94218183466884e-05,1.96889168649913e-05,1.94218183466884e-05,1.96889168649913e-05,30.72290404548,0.0006007976825283057,0.013752498017181944,-0.5905048439069259,0.07622821786891748,0.013752498017181944
1734908640.0,1.96889168649913e-05,1.96889168649913e-05,1.96889168649913e-05,1.96889168649913e-05,0.0,0.0,0.0,-1.0,0.07727654628401308,0.0
1734908700.0,1.96889168649913e-05,1.96889168649913e-05,1.86110729937096e-05,1.86110729937096e-05,262.69673399544,0.0050306411239696,-0.05474368542833385,inf,0.07727654628401308,0.05474368542833385
1734908760.0,1.86110729937096e-05,1.86110729937096e-05,1.85058066615839e-05,1.85058066615839e-05,12.30279406405,0.00022832066334960152,-0.00565611301192994,-0.9546140029226657,0.07304614334325299,0.00565611301192994
1734908820.0,1.85058066615839e-05,1.85058066615839e-05,1.81720630265341e-05,1.81720630265341e-05,148.36439650368,0.002720845000659123,-0.018034535924479143,10.916770741389278,0.07263298610141791,0.018034535924479143
1734908880.0,1.81720630265341e-05,1.81720630265341e-05,1.78688020476115e-05,1.79677692095318e-05,16.83797700156,0.00030426083201555714,-0.01124219174806949,-0.8881741400403733,0.0713230839042697,0.01668830767754822
1734908940.0,1.79677692095318e-05,1.79677692095318e-05,1.79677692095318e-05,1.79677692095318e-05,0.0,0.0,0.0,-1.0,0.07052125611895425,0.0
1734909000.0,1.79677692095318e-05,1.79677692095318e-05,1.79258663680107e-05,1.79258663680107e-05,4.42618077396,7.943585985042263e-05,-0.0023321115177097522,inf,0.07052125611895425,0.0023321115177097522
1734909060.0,1.79258663680107e-05,1.80293415889047e-05,1.79082006100321e-05,1.79082006100321e-05,43.06620149045,0.0007716185743493361,-0.0009854897730423983,8.713731000108647,0.07035679268531587,0.0067578869765971055
1734909120.0,1.79082006100321e-05,1.79082006100321e-05,1.79082006100321e-05,1.79082006100321e-05,0.0,0.0,0.0,-1.0,0.07028745678566044,0.0
1734909180.0,1.79082006100321e-05,1.79082006100321e-05,1.79082006100321e-05,1.79082006100321e-05,0.0,0.0,0.0,0.0,0.07028745678566044,0.0
1734909240.0,1.79082006100321e-05,1.79082006100321e-05,1.77866105953201e-05,1.77866105953201e-05,0.25766206679,4.598599414424949e-06,-0.006789627688439423,inf,0.07028745678566044,0.006789627688439423
