time,open,high,low,close,volume,usd_vol,price_change,vol_change,norm_open,mov_in_min
1731998640.0,0.0001268835476368,0.0001268835476368,0.0001042752156705,0.0001268835476368,3460.17512359424,0.4390392951262401,0.0,0.0,1.0,0.17818174528833014
1731998700.0,0.0001268835476368,0.0001672017715857,0.0001088560437838,0.0001391130652117,17508.78665191715,2.3286389722484957,0.09638379287680858,4.303942034571018,1.0,0.45983682588157704
1731998760.0,0.0001391130652117,0.0003078491146542,0.0001391130652117,0.0002101607074215,30822.77379531798,5.3827932432552235,0.5107186884400889,1.3115619498791118,1.0963837928768085,1.212941783618384
1731998820.0,0.0002101607074215,0.0003233304862675,0.0002101607074215,0.0002660638797816,29861.8978594464,7.110484990607998,0.2660020183886236,0.32096565282673933,1.6563274856018224,0.5384916154618083
1731998880.0,0.0002660638797816,0.0002773279302885,0.0001806253824998,0.0002132704793191,22491.33825409454,5.390435603671731,-0.1984237789279617,-0.24190324418210885,2.096913939884461,0.3634561289118945
1731998940.0,0.0002132704793191,0.0002277896829663,6.77161347887124e-05,7.82470088306553e-05,33397.44233215503,4.86796924964807,-0.6331090496890552,-0.09692470004980305,1.6808363518458656,0.750565894954838
1731999000.0,7.82470088306553e-05,0.0001833974834897,7.82470088306553e-05,0.0001833974834897,18047.0982793322,2.3609619335757155,1.3438274028674344,-0.5150006476013789,0.6166836464459111,1.3438274028674344
1731999060.0,0.0001833974834897,0.0001833974834897,0.0001280978197068,0.0001559722288441,9811.09364763878,1.6647940144395725,-0.14953997254351792,-0.29486621924555356,1.445400029440139,0.3015290217218589
1731999120.0,0.0001559722288441,0.0002204607799118,0.0001532640541855,0.0002151238957109,32241.49255801175,5.982346469073517,0.37924486496839305,2.5934454456141123,1.2292549487232607,0.43082493738975564
1731999180.0,0.0002151238957109,0.0002518090894119,0.0001626758754847,0.000197126456418,397848.8744723997,82.00666929766666,-0.0836608096623833,12.708110976455531,1.6954435757635427,0.4143343241003039
1731999240.0,0.000197126456418,0.0002281850442706,0.0001239689457219,0.0001676236351662,216586.80555836047,39.500028581670655,-0.14966444275364157,-0.5183315098642282,1.5536013934782784,0.5286763656305639
1731999300.0,0.0001676236351662,0.0002012505449441,0.0001448596471906,0.0001448596471906,41079.30462256936,6.418297972697671,-0.13580416599979686,-0.8375115613036296,1.3210825066620708,0.33641376228112485
1731999360.0,0.0001448596471906,0.0001754046779068,0.0001223898262946,0.0001682120430325,78792.50002072901,12.333850579196636,0.16120704623264712,0.9216699866012301,1.1416739986279072,0.3659739108880016
1731999420.0,0.0001682120430325,0.0001888609839766,0.0001437622473061,0.0001442081762343,43331.51032582682,6.768819978578212,-0.1427000490896021,-0.4511997745460689,1.3257198917073274,0.26810646763137247
1731999480.0,0.0001442081762343,0.0001789500286738,0.0001205932377394,0.0001218601371841,32986.75196004204,4.388364729579743,-0.15497067942867787,-0.35167950344846993,1.1365395980816297,0.40467047332729394
1731999540.0,0.0001218601371841,0.0001269320460453,0.0001001774066962,0.0001218722933173,6370.12490838263,0.7763030132588032,9.975479661270308e-05,-0.8230997054492445,0.960409284369323,0.21955202059784698
1731999600.0,0.0001218722933173,0.0001419363633926,0.0001218722933173,0.0001419363633926,14191.75898332763,1.8719544368711594,0.1646319235419842,1.4113708241489058,0.9605050898021503,0.1646319235419842
1731999660.0,0.0001419363633926,0.0001768149415472,9.88980736202952e-05,0.0001002287623223,25951.62885436074,3.1422897320113474,-0.29384718667855114,0.6786144310560595,1.1186348903081447,0.5489563496239828
1731999720.0,0.0001002287623223,0.0001379797432849,9.88967312890847e-05,0.0001377541467682,5547.77406069532,0.6601377049705442,0.37439736435367443,-0.7899182566631127,0.7899271748706267,0.3899380885312966
1731999780.0,0.0001377541467682,0.0002667200678157,0.0001371062952925,0.0001722290538749,34100.73197558566,5.2853270210322725,0.25026402410020515,7.006400757351237,1.0856738271735333,0.940906503100064
1731999840.0,0.0001722290538749,0.0001744617696332,0.0001219742136096,0.0001533033124424,15188.48486234095,2.4721717090061697,-0.10988704290419467,-0.5322575690835244,1.3573789280222526,0.30475436543781265
1731999900.0,0.0001533033124424,0.0001837108142014,0.0001474224750752,0.0001752627899206,11208.69315523093,1.8413983112985317,0.14324202868382724,-0.25514950899636873,1.2082205715214214,0.23670942622217947
1731999960.0,0.0001752627899206,0.0002649637360706,0.0001369991380008,0.0001561396049917,41565.39090208013,6.887435045207639,-0.10911149444536078,2.7403287506822487,1.381288537283683,0.730129870280921
1732000020.0,0.0001561396049917,0.0001728634909994,0.0001381950146219,0.0001714962073341,6619.58379306935,1.0844063566504885,0.09835174325704421,-0.8425529461210627,1.230574080720414,0.22203512285907798
1732000080.0,0.0001714962073341,0.0001894137752743,0.0001207400154884,0.0001374393091369,14511.38238551727,2.2415407059889745,-0.1985868884601752,1.0670671028825758,1.3516031867662013,0.40043894179020156
1732000140.0,0.0001374393091369,0.0001604941424082,0.0001374393091369,0.0001600514528594,7632.88324469867,1.135356126347099,0.1645245735335921,-0.49349296967320677,1.0831925154734443,0.16774555559163667
1732000200.0,0.0001600514528594,0.0001778165738214,0.0001547549723471,0.000170303768944,8282.57845676962,1.368096521595095,0.06405637625549294,0.20499329668199903,1.2614043021364916,0.14408867312537843
1732000260.0,0.000170303768944,0.0001860586223438,0.000163561986916,0.0001795059736063,9024.601006964,1.5784466774326273,0.05403406348174176,0.15375388542928256,1.3422052907244442,0.13209710840396865
1732000320.0,0.0001795059736063,0.0002181321232936,0.0001786500062198,0.00021126221293,15324.66629461546,2.9941960286104212,0.17690909492153797,0.8969256747275975,1.4147300966089784,0.21994876427006177
1732000380.0,0.00021126221293,0.0002815785186881,0.0001342687606558,0.0001359517657847,27162.69020054838,4.715632868563597,-0.35647854910169624,0.5749245618871784,1.6650087175583328,0.6972839865173138
1732000440.0,0.0001359517657847,0.0002187737550304,0.0001277528472906,0.0001795238701597,39108.52669297243,6.168893664657009,0.32049678886850924,0.3081793762575248,1.0714688256814624,0.6695088306829737
1732000500.0,0.0001795238701597,0.0001958083084582,0.0001336810526712,0.0001336810526712,16928.71122745835,2.6510778468113414,-0.2553577830497937,-0.5702506817389368,1.4148711436850836,0.3460668251622089
1732000560.0,0.0001336810526712,0.0001722593129947,0.0001336810526712,0.0001600094603998,16969.4150394529,2.4918781047258327,0.1969494345122864,-0.060050949570187334,1.0535727851325345,0.28858435472068383
1732000620.0,0.0001600094603998,0.0002056297662204,0.0001599499547246,0.0001937436536025,11476.84643443312,2.029985082553455,0.21082624188852117,-0.18535939671222285,1.2610733493819217,0.2854819420155803
1732000680.0,0.0001937436536025,0.0001985682374791,0.0001482952493623,0.0001482952493623,28591.62841434828,4.889724608410445,-0.23458009279336495,1.4087490348745875,1.5269407043778824,0.2594819865426101
1732000740.0,0.0001482952493623,0.00021496916704,0.0001479945923289,0.0002090673918659,13554.58555815611,2.4219512479081415,0.40980505285862295,-0.5046855514639155,1.1687508122549528,0.45162994093947323
1732000800.0,0.0002090673918659,0.0002323589814592,0.0001758219911027,0.0001981343234189,34922.60182157373,7.110271681976451,-0.05229446997651699,1.9357616872419083,1.6477108006496521,0.2704247173694306
1732000860.0,0.0001981343234189,0.0001995640181278,0.0001504896344464,0.0001682950858964,25696.91875253339,4.708053379857033,-0.1506010518905057,-0.33785183036095606,1.561544637655096,0.2476823946229944
1732000920.0,0.0001682950858964,0.0001788551214192,0.000116289326267,0.0001454335233422,29478.08702296119,4.624059622364018,-0.13584212772720675,-0.017840442899898896,1.3263743726502601,0.3717624600798778
1732000980.0,0.0001454335233422,0.0001763732014692,0.0001424810827025,0.0001581846087926,11004.33872081122,1.6705583838956786,0.08767638407822352,-0.6387247310099308,1.1461968557066098,0.23304199738703318
1732001040.0,0.0001581846087926,0.0002196871402572,0.000156500861327,0.0001752186523541,18450.97171659013,3.0758070708183376,0.10768458253630595,0.8411850196134256,1.2466912514567945,0.3994464405386316
1732001100.0,0.0001752186523541,0.0002112479951531,0.0001580097176427,0.0001812171568529,14157.11798675488,2.5230519028239753,0.03423439467322007,-0.1797106109933281,1.3809406784215843,0.30383909929184116
1732001160.0,0.0001812171568529,0.0002028224077488,0.0001812171568529,0.000187630797265,4065.72775764081,0.7498176827030849,0.035392015433208406,-0.7028132152716173,1.428216346626973,0.11922298788429665
1732001220.0,0.000187630797265,0.0002205029499109,0.0001596364641015,0.0001605112899335,31674.33081851259,5.513583820886373,-0.14453654584858916,6.3532325898343185,1.4787638016087554,0.3243949644547709
1732001280.0,0.0001605112899335,0.0001976102703535,9.13047291275103e-05,0.0001233321200133,26674.17911007969,3.7856449780683596,-0.23162962515349145,-0.3133966760915638,1.2650283895982977,0.6622932335166717
1732001340.0,0.0001233321200133,0.0001432430339152,0.0001233321200133,0.0001408118587399,8468.72649647514,1.1184815558757957,0.14172900558844695,-0.7045466327784109,0.972010337907119,0.16144143066504354
1732001400.0,0.0001408118587399,0.0001672660969648,0.0001403855085207,0.00016030810476,8462.61644264599,1.2741313771616072,0.13845599507433815,0.13916172373887228,1.1097723965203854,0.19089719207351954
1732001460.0,0.00016030810476,0.0001808568195141,0.00016030810476,0.0001729407855299,5480.04619785729,0.913109657086664,0.07880250838728713,-0.28334732708584115,1.2634270379866481,0.1281826317194868
1732001520.0,0.0001729407855299,0.0001820103878538,0.0001342512241304,0.0001447875976073,16389.94773729619,2.603775797137164,-0.1627909104051835,1.8515477598218384,1.3629882577443164,0.27615905396210216
1732001580.0,0.0001447875976073,0.0001685761462732,0.0001422336883967,0.0001650494268644,10163.40442141001,1.5744994922160989,0.13994174633696968,-0.39530143342324187,1.1411061583945443,0.18193863502001953
1732001640.0,0.0001650494268644,0.0002244319350215,0.0001622898312893,0.0001879036590286,10784.41842206983,1.903196880815432,0.13846901863510494,0.20876309597070336,1.3007945469561475,0.376506025575322
1732001700.0,0.0001879036590286,0.0001918914747216,0.0001503303739621,0.0001793061821584,18148.60406638963,3.3321730084923393,-0.04575470703788385,0.7508293766563221,1.4809142913190612,0.22118303057192812
1732001760.0,0.0001793061821584,0.0001872773554771,0.0001517960769961,0.0001533742728926,16010.66808722255,2.6632181724638606,-0.14462362063395906,-0.20075633357679443,1.413155491771542,0.19788095454319393
1732001820.0,0.0001533742728926,0.0001842783535721,0.0001533742728926,0.0001826517067223,4274.80546462484,0.7182228469568448,0.1908888190798561,-0.7303176831763711,1.2087798280327788,0.20149455379091197
1732001880.0,0.0001826517067223,0.0002271451909122,0.0001505737532798,0.0001506084810956,16305.48132757,2.7169838848436196,-0.17543348595925176,2.7829260045898714,1.4395223819335075,0.4192210355242816
1732001940.0,0.0001506084810956,0.0001590991356173,0.0001363036873124,0.0001557408872386,4564.19410360617,0.6991189902972151,0.03407780296079175,-0.7426856323303316,1.1869819523545468,0.15135567491999602
1732002000.0,0.0001557408872386,0.0001889506811599,0.0001557408872386,0.0001787465559331,7547.70236901264,1.2623058336160105,0.1477175910732716,0.8055665074687339,1.2274316894449009,0.2132374773903885
1732002060.0,0.0001787465559331,0.0001911971917248,0.0001656972750061,0.0001690783433896,8001.24123817809,1.3915154640629648,-0.054088944500382714,0.1023600042129406,1.4087449418166977,0.14265962544332286
1732002120.0,0.0001690783433896,0.0001949187329181,0.0001690783433896,0.0001931060433695,4720.07269095736,0.8547683165163831,0.14210986160737332,-0.3857284819382319,1.3325474148435794,0.1528308653282525
1732002180.0,0.0001931060433695,0.0002091082249595,0.0001847110303041,0.0002091082249595,4827.8252406068,0.9709100983854713,0.08286732673291076,0.1358751601163988,1.5219155435522635,0.1263409172996054
1732002240.0,0.0002091082249595,0.0002937146900183,0.0001945434684714,0.0002365052847501,15689.17038338006,3.4956531394849497,0.13101856608417117,2.6003880743416716,1.6480326161597045,0.47425787085183985
1732002300.0,0.0002365052847501,0.0002434172103355,0.0001417807862597,0.000162175889579,25768.59124400464,5.136726108983167,-0.31428217449618134,0.46946104319149157,1.8639554863888943,0.42974271878614767
1732002360.0,0.000162175889579,0.000201815137144,0.000162175889579,0.000201815137144,4204.42733819246,0.765186911805462,0.24442133579720993,-0.8510360693619046,1.2781475029625053,0.24442133579720993
1732002420.0,0.000201815137144,0.0002140987924812,0.0001754908830695,0.0002055409156316,9818.60514198698,1.9998341172010128,0.01846134309014466,1.6135236846673124,1.590554022982469,0.1913033380848549
1732002480.0,0.0002055409156316,0.0002080270641425,0.0001466697537812,0.000170679011874,14922.68037440133,2.807104864323254,-0.16961053058693443,0.40366885442083833,1.6199177865041583,0.29851628408269526
1732002540.0,0.000170679011874,0.0002091210475368,0.000170679011874,0.0001876835732605,8003.62342092498,1.434099589782853,0.09962889519804145,-0.48911791361645823,1.3451626712279756,0.22523001065402817
1732002600.0,0.0001876835732605,0.0002079677749875,0.0001531210617888,0.000154114642564,8698.47698590366,1.4865619570861728,-0.17885918364260456,0.036582094909645334,1.479179742024065,0.29222969408502336
1732002660.0,0.000154114642564,0.0001867706897488,0.000154114642564,0.0001796660355439,16496.47539226869,2.753102371410865,0.16579471330434503,0.8519930220784424,1.2146148609049625,0.21189451334086395
1732002720.0,0.0001796660355439,0.0001874188751593,0.0001597291548937,0.0001597291548937,9657.3984181806,1.638837287635091,-0.11096633033531025,-0.4047307122854112,1.4159915835438976,0.15411772281708874
1732002780.0,0.0001597291548937,0.0001787053665176,0.0001351932371877,0.0001359304461694,18175.57521481925,2.6868916585529137,-0.14899414411938813,0.6395109379224633,1.2588641937323464,0.27241194232109595
1732002840.0,0.0001359304461694,0.0001508199498931,0.0001062760458853,0.0001142200834132,19641.971577486,2.45672479607725,-0.1597167034171578,-0.08566287432654633,1.0713008006246518,0.32769629809268963
1732002900.0,0.0001142200834132,0.0001302151091719,0.000113740205646,0.0001275088259895,8691.61487045834,1.050507291792092,0.1163433100309246,-0.5723952094799227,0.9001961683807206,0.14423823756371068
1732002960.0,0.0001275088259895,0.0001328826871963,0.0001170639178706,0.0001284389115413,4695.55023544773,0.6009077296125308,0.007294283706106654,-0.4279832854968343,1.0049279702872893,0.12406019115102372
1732003020.0,0.0001284389115413,0.0001448989504522,0.0001213106712279,0.0001436851544391,4790.16326547072,0.6517593522549212,0.11870423623838883,0.0846246771949162,1.0122582000067666,0.18365368361686177
1732003080.0,0.0001436851544391,0.0001536148471654,7.572049325749e-05,7.66167598307099e-05,12646.96889367384,1.3930757284935436,-0.4667733063321903,1.1374081149336126,1.132417536514616,0.5421183156463462
1732003140.0,7.66167598307099e-05,0.0001352146964378,7.60262727089167e-05,8.33672880929859e-05,20484.51170524023,1.6385975511723303,0.08810772312992297,0.1762444192063351,0.603835258847135,0.7725258006167876
1732003200.0,8.33672880929859e-05,0.0002349571366018,8.15919560741737e-05,8.73356699310353e-05,39118.74648923745,3.3388428699523134,0.04760118661438485,1.0376222749530823,0.6570378086497237,1.839632594940193
1732003260.0,8.73356699310353e-05,0.0001059125329899,8.53641124547547e-05,8.67436812466979e-05,7265.85986376019,0.6324180854158534,-0.006778315032161262,-0.8105876466642811,0.6883135879919656,0.23528096310901814
1732003320.0,8.67436812466979e-05,9.17629519815709e-05,5.40586563516919e-05,6.11620581044554e-05,10536.64741339481,0.7792153129802883,-0.29491050846099887,0.23212054011375527,0.6836479816516389,0.434663310202947
1732003380.0,6.11620581044554e-05,7.18365112025504e-05,5.97239979626219e-05,7.13929169183005e-05,3629.88204055467,0.24057946161063723,0.16727460015116505,-0.6912541917451728,0.48203300777441843,0.19803966078515853
1732003440.0,7.13929169183005e-05,9.59100705618994e-05,7.11375979359804e-05,9.43899472535722e-05,14856.9119057578,1.231510704242862,0.32211921473370636,4.118935323897203,0.5626648864095477,0.3469878202941019
1732003500.0,9.43899472535722e-05,9.89497088545427e-05,8.02319231440064e-05,8.43477639820816e-05,19084.10622203413,1.7055247335522403,-0.10639038969386176,0.38490451416807153,0.7439100577780213,0.1983027457389316
1732003560.0,8.43477639820816e-05,0.0001084151959595,8.43477639820816e-05,0.0001077841574642,3403.23154218428,0.3269347076632289,0.277854354113016,-0.8083084336265858,0.6647651768338344,0.285335743844154
1732003620.0,0.0001077841574642,0.000123231974809,0.0001057176739075,0.0001229417978274,3413.30185679721,0.39376866580406417,0.14062957599528994,0.20442601098712354,0.8494730756798243,0.16249420428338268
1732003680.0,0.0001229417978274,0.0001443104226741,0.0001152834854167,0.0001263290347814,16759.52314893219,2.0888301447303927,0.02755154889434265,4.30471397581893,0.9689341141320928,0.23610308105426747
1732003740.0,0.0001263290347814,0.0001421422128737,0.0001031673305575,0.0001104274242791,13452.33840069274,1.5924640029158017,-0.12587455076987,-0.23762877181124628,0.9956297497529998,0.30851880079383337
1732003800.0,0.0001104274242791,0.0001197623445287,8.7531692420337e-05,0.0001040653516304,15257.2549044344,1.6362854786054837,-0.05761315805592074,0.027518032187506185,0.8703053022697228,0.2918718091884637
1732003860.0,0.0001040653516304,0.0001307980402514,0.0001040653516304,0.0001299582519882,10753.7054565124,1.258310451593017,0.24881384583950292,-0.23099577179808137,0.8201642653331515,0.25688366206597
1732003920.0,0.0001299582519882,0.0001515538220339,9.79903094165291e-05,0.0001017178314455,19726.23025026476,2.285047882646358,-0.2173037887987612,0.8159651139776313,1.0242324904108233,0.41215938040036415
1732003980.0,0.0001017178314455,0.0001403016335033,0.0001015972461486,0.0001103696868752,25299.67475793626,2.682872616865779,0.08505741133830234,0.17409908004146188,0.8016628896337605,0.38050739781488235
1732004040.0,0.0001103696868752,0.000121600601486,9.46732346585244e-05,9.55077744995067e-05,17284.52762112784,1.779247333849399,-0.134655744674698,-0.3368125930898743,0.8698502597919914,0.24397429756164477
1732004100.0,9.55077744995067e-05,0.0001156148232884,9.55077744995067e-05,0.0001000668098031,8892.3147142163,0.8695553768604029,0.04773470356192671,-0.5112790895804682,0.7527199253042213,0.21052787476476223
1732004160.0,0.0001000668098031,0.0001140133472766,8.89523796261149e-05,0.0001032453699833,9250.09093882575,0.9403280759975452,0.03176438008221113,0.08138952506127059,0.788650787803774,0.2504423564596213
1732004220.0,0.0001032453699833,0.0001291259082514,0.0001023658680757,0.0001023658680757,16120.56185650882,1.657284340761735,-0.008518560277736982,0.7624533214150904,0.8137017911797082,0.25918876730286733
1732004280.0,0.0001023658680757,0.0001023658680757,7.24853334707244e-05,7.9501238361527e-05,15321.90115098688,1.393274913723601,-0.22336185042913428,-0.15930243262709395,0.8067702234234413,0.29189939153233
1732004340.0,7.9501238361527e-05,0.0001113021801331,7.9501238361527e-05,0.0001077477910536,16667.05588614907,1.5604450189445467,0.35529701516878925,0.11998357508223186,0.6265685334484554,0.4000056153460172
1732004400.0,0.0001077477910536,0.0001077477910536,8.84919876086578e-05,0.000107071906666,7528.08016479391,0.8085899527049721,-0.0062728375309686855,-0.48182092743524796,0.8491864631813772,0.17871181633193062
1732004460.0,0.000107071906666,0.0001174678208298,0.0001014998451163,0.0001110101854009,6637.39247465238,0.7237482183706447,0.03678162514827598,-0.10492553617628657,0.8438596544643426,0.14913319665923647
1732004520.0,0.0001110101854009,0.0001493932097931,0.0001103462431137,0.0001202180149929,12701.06302758479,1.4684219734783301,0.0829458086097867,1.0289127298774563,0.8748981839526038,0.35174219859544004
1732004580.0,0.0001202180149929,0.000135883487287,0.0001043991093998,0.0001046030676809,12121.34929311675,1.3625674357729038,-0.12988858045046078,-0.0720872743784152,0.9474673212717863,0.2618940088892622
1732004640.0,0.0001046030676809,0.0001386152241536,0.0001046030676809,0.0001386152241536,17605.89158993679,2.141037439363908,0.3251544837715161,0.5713258537911733,0.8244021358885933,0.3251544837715161
1732004700.0,0.0001386152241536,0.0001392710996271,9.20857242032816e-05,9.82961499841054e-05,20804.6107591649,2.4644244616769235,-0.2908704611321546,0.15104220802840912,1.0924601868035841,0.34040543318338634
1732004760.0,9.82961499841054e-05,0.0001301137115676,9.82961499841054e-05,0.0001301137115676,15341.98367614132,1.7521301836979815,0.3236908219562976,-0.28903068000479903,0.7746957884995059,0.3236908219562976
1732004820.0,0.0001301137115676,0.0001301137115676,9.21140765170883e-05,9.8575528665779e-05,8079.86201728174,0.9238887529613491,-0.24238938788119552,-0.4727054179208171,1.0254577050449931,0.2920494280940495
1732004880.0,9.8575528665779e-05,0.0001223116278919,9.8575528665779e-05,0.0001098759006829,14382.41797059458,1.4990177917302836,0.11463668691481214,0.6225089729964437,0.7768976396210817,0.24079099090199552
1732004940.0,0.0001098759006829,0.0001325017545854,9.5900063524948e-05,9.5900063524948e-05,16511.95202886033,1.6988814248462334,-0.1271965651347517,0.13332972711768254,0.8659586110991802,0.3331184621283231
1732005000.0,9.5900063524948e-05,0.0001137835367367,8.9854472980466e-05,0.0001137835367367,14821.25409139513,1.5538869591382058,0.18648030621063866,-0.08534701927249047,0.7558116502185042,0.24952083321622567
1732005060.0,0.0001137835367367,0.0001146368335018,8.74448460756255e-05,9.0373805758568e-05,11457.01546883025,1.1695169155217804,-0.2057391750117868,-0.24736036386430527,0.896755638188819,0.23897998081302327
1732005120.0,9.0373805758568e-05,0.0001166695109899,8.3339088493802e-05,0.0001159405459888,22447.24127906687,2.315594016503721,0.28289989577879554,0.9799576951570793,0.712257873000683,0.36880622893252524
1732005180.0,0.0001159405459888,0.0001243199034653,8.01443126169943e-05,9.22820454502426e-05,25307.23843474404,2.634769384524072,-0.2040571772091089,0.1378373608437065,0.9137555510402028,0.38101934462662546
1732005240.0,9.22820454502426e-05,9.78347411764259e-05,6.74546836252422e-05,8.00057050520172e-05,23320.81615473956,2.0089454775884197,-0.13303064901010098,-0.23752511723097056,0.7272971726357852,0.32920875781372083
1732005300.0,8.00057050520172e-05,8.76344911577497e-05,6.92064403905147e-05,8.38479298781947e-05,11439.21457545977,0.937178444467872,0.04802438555699771,-0.5334973223898137,0.6305443577368353,0.23033420873241053
1732005360.0,8.38479298781947e-05,9.24232524404951e-05,7.42774473333323e-05,9.11073957347683e-05,12273.70195468175,1.073674760978903,0.0865789515271202,0.14564602644967292,0.6608258630835785,0.2164132750030093
1732005420.0,9.11073957347683e-05,0.0001067110973229,7.47488246949573e-05,7.97384682008202e-05,21712.56353059184,1.8547508373201573,-0.12478600054649026,0.7274792187804832,0.718039473451359,0.3508197371922606
1732005480.0,7.97384682008202e-05,9.78246400095397e-05,7.42092193737054e-05,8.38347016936605e-05,22157.51866183546,1.812187782256269,0.05137085757057686,-0.02294812554196531,0.6284381993248561,0.2961609517800015
1732005540.0,8.38347016936605e-05,8.7310161671694e-05,7.42777513085596e-05,8.18372668290887e-05,12674.69157018795,1.0499205514258663,-0.023825871914837947,-0.42063368834842274,0.6607216085542831,0.15545364985917165
1732005600.0,8.18372668290887e-05,9.80060602513744e-05,7.50285979754406e-05,9.22781419789898e-05,17022.08452296253,1.4819036027406434,0.12758093658853645,0.4114435618277151,0.644979340137503,0.2807701572429172
1732005660.0,9.22781419789898e-05,0.0001142799765345,7.11180088538349e-05,7.93097625902862e-05,20551.44919441175,1.7631900515655237,-0.14053576622355796,0.18981426882603367,0.7272664084325019,0.46773771941021924
1732005720.0,7.93097625902862e-05,0.0001268582368995,7.69611706504392e-05,9.17123516383159e-05,22936.57480423868,1.9613307580916923,0.15638161864260522,0.11237626162321014,0.6250594664747852,0.629141540957937
1732005780.0,9.17123516383159e-05,9.86493421164537e-05,7.40767899424808e-05,9.86493421164537e-05,9270.55843537516,0.882379602905291,0.07563856290039386,-0.5501117803486566,0.7228072775899953,0.2679306738407402
1732005840.0,9.86493421164537e-05,0.0001127508337231,7.97548630661071e-05,8.22283006133972e-05,21775.33430672442,1.9693355695273826,-0.1664587026203557,1.2318462066022604,0.7774793813208487,0.3344773512837194
1732005900.0,8.22283006133972e-05,0.0001031491276674,7.6716181612773e-05,7.6716181612773e-05,21446.57578226388,1.7044074416181267,-0.06703432953746494,-0.13452665559320373,0.6480611721921034,0.32145801211317226
1732005960.0,7.6716181612773e-05,0.0001006843995247,5.04825016375525e-05,6.39780338138793e-05,17444.68356771965,1.2271830339632648,-0.16604251581745616,-0.27999432295472476,0.6046188260149421,0.6543847312493071
1732006020.0,6.39780338138793e-05,8.45795470170552e-05,6.39780338138793e-05,7.77535878350089e-05,6462.82561705216,0.4579933775693896,0.21531693301492416,-0.6267929356142814,0.5042263950328243,0.32200916431893606
1732006080.0,7.77535878350089e-05,8.23548794307772e-05,5.60528406015313e-05,6.23539625788596e-05,12944.13942202827,0.9067858333179842,-0.1980567802070678,0.979910360561052,0.6127948759564636,0.3382742785459386
1732006140.0,6.23539625788596e-05,6.56340090413935e-05,5.65069577293922e-05,5.65069577293922e-05,4334.94067039473,0.2576275187823938,-0.09377118321987381,-0.7158893430880816,0.49142669589713694,0.1463748402590812
1732006200.0,5.65069577293922e-05,6.93719347224404e-05,5.38856217934316e-05,6.93719347224404e-05,3421.15805031841,0.21532579313837621,0.2276706711880978,-0.16419723267120365,0.4453450331570293,0.27406028480902556
1732006260.0,6.93719347224404e-05,9.76918491130557e-05,6.93719347224404e-05,8.61515884762252e-05,16841.51259267991,1.3096256872041363,0.24187957018815748,5.0820660085181855,0.5467370357661758,0.4082330196487139
1732006320.0,8.61515884762252e-05,9.47639588998692e-05,8.26529483452864e-05,9.44081020317244e-05,7343.24090954238,0.6629466529761432,0.09583704376823778,-0.4937892105709689,0.6789815549832457,0.14057791352187338
1732006380.0,9.44081020317244e-05,9.61213752668821e-05,7.96057822761171e-05,9.11313271340875e-05,6445.42822069714,0.597940536398681,-0.03470861956885641,-0.09805633120799759,0.7440531399860012,0.17493830121926598
1732006440.0,9.11313271340875e-05,9.5085114048667e-05,6.26565834199979e-05,7.6279481344147e-05,6965.50121973062,0.5830500953256158,-0.1629719028242396,-0.024902879411301437,0.718228082611214,0.35584394135898917
1732006500.0,7.6279481344147e-05,9.8126528564601e-05,7.6279481344147e-05,8.79368179498935e-05,7530.11536722686,0.6182838394315899,0.15282401506051907,0.06043004604312285,0.6011770853262594,0.28640791514939085
1732006560.0,8.79368179498935e-05,0.0001087867491831,8.79368179498935e-05,0.0001076661238179,3129.69315405091,0.30608859388144105,0.22435774147807214,-0.5049383885517061,0.6930513812681985,0.23710127019932428
1732006620.0,0.0001076661238179,0.0001104500208977,7.48792823021091e-05,7.84804482340603e-05,18302.69778990519,1.7034922264469206,-0.2710757529750268,4.565356764344977,0.8485428238977898,0.33038004280485755
1732006680.0,7.84804482340603e-05,0.0001044012119124,7.84804482340603e-05,8.59904257416575e-05,6109.58297134441,0.502424225462089,0.09569233709266577,-0.7050622141610671,0.6185234389781409,0.33028307383048516
1732006740.0,8.59904257416575e-05,8.94247106910591e-05,6.71175169513294e-05,7.06095863154532e-05,9290.74131055128,0.7274651006259135,-0.17886688306920615,0.44791008028494295,0.677711392400552,0.2594148540065098
1732006800.0,7.06095863154532e-05,9.76631410362002e-05,7.06095863154532e-05,7.58127981010382e-05,10027.49584326735,0.7341249255488308,0.0736898777786249,0.009154837692127282,0.5564912680213736,0.383142801600386
1732006860.0,7.58127981010382e-05,7.58127981010382e-05,5.78323862721088e-05,6.39403512791312e-05,9242.55542513131,0.6458381144914356,-0.15660214527478858,-0.12026129066710563,0.5974990415467406,0.23716855569644482
1732006920.0,6.39403512791312e-05,6.39403512791312e-05,4.28689133921897e-05,4.57479282105702e-05,5785.14404799591,0.317281248612379,-0.28452178795737443,-0.5087294455171297,0.503929409840891,0.3295483597666562
1732006980.0,4.57479282105702e-05,5.12453366209557e-05,3.81474679050398e-05,5.07400135060251e-05,8350.82189356428,0.4028768080759491,0.10912156005135686,0.2697781852470639,0.36055051314865616,0.286305177703973
1732007040.0,5.07400135060251e-05,5.2467530497718e-05,3.18367633952617e-05,3.24170455008573e-05,17502.81704790962,0.7277413950198437,-0.36111476405090137,0.8063620948929184,0.3998943476207548,0.4065975879176008
1732007100.0,3.24170455008573e-05,4.03935224061211e-05,2.85853527993948e-05,4.03935224061211e-05,3598.04665637947,0.13098791020339698,0.24605810869015982,-0.8200076138312494,0.2554865946343968,0.3642580446269856
1732007160.0,4.03935224061211e-05,4.03935224061211e-05,2.81326722215844e-05,2.93017856755054e-05,3112.30899678215,0.10845666718797492,-0.2745919659864794,-0.17201009604959516,0.318351142905826,0.30353505844983525
1732007220.0,2.93017856755054e-05,3.61456544476056e-05,2.93017856755054e-05,3.57370348133987e-05,2520.5196117504,0.08196581128369826,0.2196196917538986,-0.24425290386586598,0.2309344767012726,0.23356490447001244
1732007280.0,3.57370348133987e-05,3.66121747235422e-05,3.36081934916951e-05,3.36560596956037e-05,1678.35364867493,0.05823307668101422,-0.05823021212198575,-0.28954431403772507,0.28165223528975397,0.08405793170956745
1732007340.0,3.36560596956037e-05,3.71248187396321e-05,3.36560596956037e-05,3.69368412480058e-05,747.80000293952,0.026394685766570215,0.09747966880480208,-0.5467406623360551,0.2652515658842001,0.10306491833568686
1732007400.0,3.69368412480058e-05,3.808907886713e-05,3.43799931988927e-05,3.72048108143432e-05,2665.37115807566,0.0988075105095329,0.007254804614671,2.743462278102816,0.29110820067654714,0.10041696969519687
1732007460.0,3.72048108143432e-05,4.03567800315633e-05,3.72048108143432e-05,3.76498327933866e-05,1470.84155759546,0.05504966029862317,0.011961409540935778,-0.442859555769174,0.2932201337941839,0.08471939913762305
1732007520.0,3.76498327933866e-05,0.0042712687753747,3.76498327933866e-05,4.23256770761976e-05,271389.2068337359,10.852245094815038,0.12419296278076268,196.1355506273026,0.2967274599001441,112.44721764939611
1732007580.0,4.23256770761976e-05,5.53727236133755e-05,4.23256770761976e-05,4.37942697359644e-05,5126.45559224704,0.22074504146961274,0.03469744044786198,-0.9796590438622622,0.33357892228355296,0.3082536993723624
1732007640.0,4.37942697359644e-05,4.41648997773169e-05,4.09049815006901e-05,4.17978075899896e-05,1289.88608872641,0.055202014923971615,-0.04558729162539916,-0.7499286300771988,0.3451532570741485,0.07443709636627904
1732007700.0,4.17978075899896e-05,4.17978075899896e-05,3.97569405441398e-05,3.97569405441398e-05,723.19679144903,0.029490066089018073,-0.04882713145793266,-0.46577917256038537,0.32941865488845296,0.04882713145793266
1732007760.0,3.97569405441398e-05,4.05454535832405e-05,3.8067095653058e-05,3.83102927302226e-05,1006.914750561,0.03930352435972101,-0.03638730229533312,0.3327716608392889,0.3133340869215191,0.062337742700068324
1732007820.0,3.83102927302226e-05,4.31536160094023e-05,3.83102927302226e-05,4.2854933725646e-05,667.31486142605,0.027081380922505966,0.11862715399817818,-0.31096812910092425,0.3019327047812736,0.1264235518450855
1732007880.0,4.2854933725646e-05,5.75752910761269e-05,4.2854933725646e-05,4.31610279097479e-05,5018.96525381253,0.21585556136065678,0.007142565802609526,6.970626090978622,0.3377501222484482,0.34349271065776227
1732007940.0,4.31610279097479e-05,4.67414799461177e-05,4.31610279097479e-05,4.65090036911565e-05,750.47666290167,0.03364763303906702,0.0775694172161378,-0.8441196843529655,0.34016252472144715,0.08295567111739605
1732008000.0,4.65090036911565e-05,4.65090036911565e-05,4.49990917894172e-05,4.49990917894172e-05,301.3338638195,0.013787243990962499,-0.032464937579955215,-0.5902462448114957,0.3665487335228599,0.032464937579955215
1732008060.0,4.49990917894172e-05,4.49990917894172e-05,3.89626591281284e-05,3.89626591281284e-05,1423.75288011904,0.059770392344346494,-0.13414565541761533,3.335195082028419,0.3546487517690286,0.13414565541761533
1732008120.0,3.89626591281284e-05,3.89626591281284e-05,3.75759317355155e-05,3.75759317355155e-05,143.72621598772,0.005500301020931907,-0.03559118970942546,-0.9079761600150821,0.3070741625199331,0.03559118970942546
1732008180.0,3.75759317355155e-05,3.84296535898892e-05,3.60183232664793e-05,3.84296535898892e-05,845.49147401038,0.03213103718489907,0.022719911787757233,4.841687039058666,0.2961450277468232,0.06417220311082251
1732008240.0,3.84296535898892e-05,3.931152510408e-05,3.84296535898892e-05,3.89519024518916e-05,452.13420731962,0.017493424251054657,0.013589736394079774,-0.4555599263606651,0.30287341665361395,0.022947683151190765
1732008300.0,3.89519024518916e-05,3.89519024518916e-05,3.67146709767905e-05,3.67146709767905e-05,455.20545154456,0.01722191836221642,-0.057435743423937716,-0.015520454139895947,0.3069893865467109,0.057435743423937716
1732008360.0,3.67146709767905e-05,3.67146709767905e-05,3.61786238096626e-05,3.63608482052469e-05,119.89374868022,0.004380648965743894,-0.009637094984924998,-0.7456352495924783,0.28935722290714194,0.014600353288383449
1732008420.0,3.63608482052469e-05,3.63608482052469e-05,3.37929458774959e-05,3.37929458774959e-05,503.81523777416,0.01767227522327826,-0.07062272896539445,3.0341683073611145,0.2865686598654117,0.07062272896539445
1732008480.0,3.37929458774959e-05,3.37929458774959e-05,3.23342199724984e-05,3.24731534049142e-05,376.7432462732,0.012482652680758674,-0.03905526547955105,-0.29365899279814955,0.2663303990697604,0.04316658009886394
1732008540.0,3.24731534049142e-05,3.24731534049142e-05,3.21806138670453e-05,3.21806138670453e-05,71.61026012059,0.002314936546060554,-0.009008658143579932,-0.8145477083065122,0.2559287946288161,0.009008658143579932
1732008600.0,3.21806138670453e-05,3.40577250073928e-05,3.20893265251632e-05,3.37129822032939e-05,535.40353404598,0.01763983210352895,0.04761774721202053,6.620006748585638,0.25362321960890666,0.06116721360139582
1732008660.0,3.37129822032939e-05,3.46392840358892e-05,3.37129822032939e-05,3.38958322727096e-05,322.16987253908,0.010890761571126176,0.0054237287082194415,-0.38260401191985177,0.26570018596734235,0.027476116678422924
1732008720.0,3.38958322727096e-05,3.38958322727096e-05,3.31283679770794e-05,3.31283679770794e-05,127.00582376558,0.004256231882476823,-0.022641848397630334,-0.6091887739273407,0.2671412716937527,0.022641848397630334
1732008780.0,3.31283679770794e-05,3.31908629155597e-05,3.266978110575e-05,3.266978110575e-05,148.37615740324,0.0048814382625778745,-0.013842724508695512,0.14689199211045487,0.2610926995193125,0.0157291723567614
1732008840.0,3.266978110575e-05,3.31255540646049e-05,3.24475879894431e-05,3.31255540646049e-05,378.87720003388,0.012464176182317368,0.013950903355599115,1.5533819157092177,0.2574784652086351,0.020752085022157443
1732008900.0,3.31255540646049e-05,3.34052178136163e-05,3.31255540646049e-05,3.34052178136163e-05,167.3378825944,0.005566559246736294,0.008442538001507054,-0.5533953335292676,0.26107052239290873,0.008442538001507054
1732008960.0,3.34052178136163e-05,3.49899763299061e-05,3.34052178136163e-05,3.49899763299061e-05,295.87403439585,0.010118181012265692,0.047440448529086895,0.817672383204767,0.26327462019928416,0.047440448529086895
1732009020.0,3.49899763299061e-05,3.69568943886078e-05,3.48257320373761e-05,3.69568943886078e-05,842.63881213568,0.030312612839563945,0.0562137579104495,1.9958559550197508,0.2757644862678632,0.060907796311087635
1732009080.0,3.69568943886078e-05,3.77429916036008e-05,3.69568943886078e-05,3.74641026708255e-05,98.59636413559,0.0036688198627027793,0.013724321012591623,-0.8789672179656436,0.2912662443392244,0.021270651335771197
1732009140.0,3.74641026708255e-05,3.75987000151796e-05,3.63685020757483e-05,3.71343447906607e-05,549.86892869318,0.020509684193910947,-0.008801969262741668,4.590267432427628,0.2952636757766678,0.03283671172482913
1732009200.0,3.71343447906607e-05,3.75176738958763e-05,3.71343447906607e-05,3.75176738958763e-05,52.32535,0.0019530965029897942,0.010322764744512394,-0.9047719855399021,0.29266477397807744,0.010322764744512394
1732009260.0,3.75176738958763e-05,3.77202053919641e-05,3.75176738958763e-05,3.77202053919641e-05,44.89322525401,0.0016888355312515162,0.005398295657931666,-0.13530359167288875,0.29568588358885906,0.005398295657931666
1732009320.0,3.77202053919641e-05,3.77495189257581e-05,3.73307681538477e-05,3.77285904462212e-05,122.02017543699,0.004603137652342506,0.00022229609223934398,1.7256281426832238,0.29728208341034845,0.011101497660445011
1732009380.0,3.77285904462212e-05,3.96667639924117e-05,3.77285904462212e-05,3.96667639924117e-05,396.5800565283,0.015346727019150427,0.05137148044142273,2.333970908156653,0.29734816805578335,0.05137148044142273
1732009440.0,3.96667639924117e-05,4.02613910511318e-05,3.96667639924117e-05,4.02613910511318e-05,142.21365391355,0.00568343748965553,0.01499056133829943,-0.629664521786082,0.3126233836553539,0.01499056133829943
1732009500.0,4.02613910511318e-05,4.05030848044497e-05,3.91030268329281e-05,4.05030848044497e-05,704.85345291764,0.028463559839944988,0.006003114820621867,4.008159215571868,0.31730978366382623,0.034774207620981885
1732009560.0,4.05030848044497e-05,4.07032192780816e-05,4.04293145805338e-05,4.04930254351556e-05,80.15938815298,0.0032462993197890392,-0.00024836057161233986,-0.8859489347768345,0.31921463072886685,0.006762563860758347
1732009620.0,4.04930254351556e-05,4.20430410962108e-05,4.04930254351556e-05,4.20430410962108e-05,297.9847390814,0.012297244125077144,0.038278583642443596,2.7880808002252486,0.319135350400712,0.038278583642443596
1732009680.0,4.20430410962108e-05,4.21878619136538e-05,4.10912496535252e-05,4.10912496535252e-05,192.93114939345,0.008019597134177913,-0.02263850135168708,-0.34785411653136517,0.3313513996042862,0.026083086083595285
1732009740.0,4.10912496535252e-05,4.19984719026445e-05,4.10912496535252e-05,4.19984719026445e-05,187.4320095742,0.007786836743116805,0.022078234582030256,-0.029023950600851278,0.3238501004964612,0.022078234582030256
1732009800.0,4.19984719026445e-05,4.2437872556151e-05,4.16448443008449e-05,4.23727571169841e-05,326.28215644556,0.013764413273243315,0.008911876965600564,0.7676514517156667,0.3310001389846361,0.018882312126602976
1732009860.0,4.23727571169841e-05,4.32353188201172e-05,4.23727571169841e-05,4.32353188201172e-05,128.38108039074,0.005495228639488788,0.020356515880043252,-0.6007655008317005,0.33394997149886385,0.020356515880043252
1732009920.0,4.32353188201172e-05,4.47819146753625e-05,4.32353188201172e-05,4.47819146753625e-05,267.3722862374,0.011766684473988733,0.03577158437711523,1.1412547586160797,0.3407480293968205,0.03577158437711523
1732009980.0,4.47819146753625e-05,4.69352752388e-05,4.47819146753625e-05,4.69352752388e-05,359.93871516564,0.016506283748153324,0.04808549565260556,0.40279819558703067,0.3529371262817246,0.04808549565260556
1732010040.0,4.69352752388e-05,4.69352752388e-05,4.25600629024792e-05,4.25600629024792e-05,1207.50480619685,0.05403302546890345,-0.0932179967851545,2.273482165538837,0.36990828293318756,0.0932179967851545
1732010100.0,4.25600629024792e-05,4.25600629024792e-05,4.0890066577e-05,4.09180089265976e-05,196.97203160528,0.008221422701332373,-0.03858203827480594,-0.8478444871449242,0.33542617380391965,0.03923857747357601
1732010160.0,4.09180089265976e-05,4.14739025393887e-05,4.07993899518425e-05,4.14739025393887e-05,322.46679592241,0.013284327850179736,0.013585548939791126,0.6158186159223832,0.3224847483278451,0.01648449192032296
1732010220.0,4.14739025393887e-05,4.22533710997667e-05,4.14451426501783e-05,4.18474733601393e-05,228.99002718669,0.009539882066232668,0.00900737084955568,-0.2818694198289005,0.3268658806585893,0.019487639216512424
1732010280.0,4.18474733601393e-05,4.32763345825161e-05,4.18474733601393e-05,4.32763345825161e-05,201.5968931844,0.00858034760863244,0.034144504020111856,-0.10058137521391307,0.3298100828637478,0.034144504020111856
1732010340.0,4.32763345825161e-05,4.35714530483e-05,4.28902441667164e-05,4.28902441667164e-05,390.16701256182,0.016809678306630424,-0.00892151379095047,0.9590905955510115,0.34107128456396246,0.01574090985651115
1732010400.0,4.28902441667164e-05,4.28902441667164e-05,4.13303776353438e-05,4.13303776353438e-05,210.40513642554,0.008860225710053142,-0.03636879578743653,-0.47290926403045397,0.3380284123950279,0.03636879578743653
1732010460.0,4.13303776353438e-05,4.15175205144596e-05,4.04882072155786e-05,4.04882072155786e-05,175.87475498388,0.007194911781891887,-0.020376547903714577,-0.1879538944783007,0.3257347260942817,0.02490452199499815
1732010520.0,4.04882072155786e-05,4.17108300743579e-05,4.03442175001132e-05,4.17108300743579e-05,237.22736475384,0.00974993050079713,0.030197011496939593,0.35511466941619757,0.31909737684411826,0.03375334864713076
1732010580.0,4.17108300743579e-05,4.19408022888836e-05,4.16106433535445e-05,4.19408022888836e-05,65.29290308048,0.0027309289622085356,0.005513489281218447,-0.7199027252568353,0.32873316400132335,0.007915424717046461
1732010640.0,4.19408022888836e-05,4.23526315763949e-05,4.0308306687734e-05,4.0308306687734e-05,476.20388992582,0.01958367281879899,-0.038923804792887574,6.171066362327284,0.3305456307774257,0.04874310402027638
1732010700.0,4.0308306687734e-05,4.0308306687734e-05,3.79531463710546e-05,3.79531463710546e-05,556.44440870328,0.021774073985778568,-0.05842865925687932,0.11184833341766932,0.31767953716990327,0.05842865925687932
1732010760.0,3.79531463710546e-05,3.79531463710546e-05,3.62393904910918e-05,3.62393904910918e-05,299.68778542437,0.011117298533616296,-0.04515451402126208,-0.4894249674692295,0.2991179477397199,0.04515451402126208
1732010820.0,3.62393904910918e-05,3.63090508759242e-05,3.61790412970446e-05,3.63090508759242e-05,23.30435330531,0.0008453472546832541,0.0019222283788001941,-0.9239610907157789,0.28561142217449553,0.0035875211232252683
1732010880.0,3.63090508759242e-05,3.63090508759242e-05,3.63090508759242e-05,3.63090508759242e-05,0.0,0.0,0.0,-1.0,0.2861604325555089,0.0
1732010940.0,3.63090508759242e-05,3.64107690615562e-05,3.6093081096199e-05,3.64107690615562e-05,67.66933550775,0.0024604509467062645,0.002801455372094089,0.0,0.2861604325555089,0.008749553009325594
1732011000.0,3.64107690615562e-05,3.6832909375166e-05,3.64107690615562e-05,3.6832909375166e-05,145.10222750121,0.005313910445775366,0.011593831289202638,1.1597302937044718,0.28696209823657226,0.011593831289202638
1732011060.0,3.6832909375166e-05,3.82215579567238e-05,3.6832909375166e-05,3.82215579567238e-05,242.02087933305,0.009082374090768822,0.03770130041625419,0.7091695811301144,0.2902890883899227,0.03770130041625419
1732011120.0,3.82215579567238e-05,3.86580425725172e-05,3.37174583338962e-05,3.43388752262128e-05,2893.95831786244,0.10499343457873057,-0.10158358104887161,10.56013103285893,0.3012333645188717,0.1292617178037315
1732011180.0,3.43388752262128e-05,3.43388752262128e-05,3.37185273878e-05,3.37185273878e-05,145.305774446,0.004944566796806177,-0.018065467617275212,-0.9529059429606674,0.2706330006196446,0.018065467617275212
1732011240.0,3.37185273878e-05,3.37185273878e-05,3.33058523100964e-05,3.33114256127177e-05,101.8324727156,0.003412912930026584,-0.012073533651104846,-0.3097650268915221,0.26574388891078443,0.012238822679216797
1732011300.0,3.33114256127177e-05,3.33114256127177e-05,3.22166070520165e-05,3.22166070520165e-05,325.27904106121,0.010657447813906193,-0.032866157498921744,2.1226837696744814,0.2625354211254446,0.032866157498921744
1732011360.0,3.22166070520165e-05,3.22166070520165e-05,3.15233648029864e-05,3.15233648029864e-05,96.40522147429,0.0030724330517232835,-0.021518164464395736,-0.7117102419479577,0.25390689062569,0.021518164464395736
1732011420.0,3.15233648029864e-05,3.15233648029864e-05,3.0283362361983e-05,3.0283362361983e-05,222.59779920311,0.006879020721434631,-0.0393359797963549,1.2389489390423942,0.24844328039456304,0.0393359797963549
1732011480.0,3.0283362361983e-05,3.04259592163372e-05,3.0283362361983e-05,3.04259592163372e-05,24.526,0.0007444784105149405,0.0047087523720024975,-0.8917755243569497,0.23867052053642238,0.0047087523720024975
1732011540.0,3.04259592163372e-05,3.04259592163372e-05,2.99844061891169e-05,2.99844061891169e-05,165.6524629632,0.005003562908960183,-0.01451237819917958,5.720897259464274,0.23979436091612533,0.01451237819917958
1732011600.0,2.99844061891169e-05,2.99844061891169e-05,2.9610846976322e-05,2.97620281849161e-05,12.9688326389,0.00038742075408392803,-0.0074164551666697975,-0.9225710236619289,0.23631437446047995,0.012458449583386684
1732011660.0,2.97620281849161e-05,2.97620281849161e-05,2.80204376443134e-05,2.89701215915378e-05,646.36678969208,0.018981255551360463,-0.02660795119398647,47.99390482123862,0.23456175949705418,0.058517199492653056
1732011720.0,2.89701215915378e-05,2.96689687840519e-05,2.87214286558469e-05,2.96689687840519e-05,239.70280220634,0.007027977140929837,0.024123032770364074,-0.6297411874618529,0.22832055164838097,0.032707495728349884
1732011780.0,2.96689687840519e-05,3.07504255982682e-05,2.96689687840519e-05,3.06131700276983e-05,269.88137347761,0.008134513209341542,0.03182453864570925,0.15744730613413815,0.23382833579794246,0.03645077191889524
1732011840.0,3.06131700276983e-05,3.06855403808267e-05,3.04701661868111e-05,3.06855403808267e-05,53.65775674806,0.001644575646035204,0.0023640267591668197,-0.7978274048228724,0.24126981470700595,0.007035344390036603
1732011900.0,3.06855403808267e-05,3.08176853522623e-05,3.06298484984231e-05,3.08115180756091e-05,105.88109278966,0.0032556878763585124,0.00410544162556481,0.9796522490208521,0.24184018300515256,0.0061213474329611575
1732011960.0,3.08115180756091e-05,3.21426462126381e-05,3.08115180756091e-05,3.15810420562127e-05,428.74655958156,0.013375297750002098,0.024975205009868356,3.1082862540749367,0.24283304375919612,0.0432022899281533
1732012020.0,3.15810420562127e-05,3.15810420562127e-05,2.91009222347415e-05,2.91009222347415e-05,580.89840122594,0.01762502801993244,-0.0785319185179738,0.3177297694123986,0.24889784881025237,0.0785319185179738
1732012080.0,2.91009222347415e-05,2.91009222347415e-05,2.88892397267361e-05,2.89156224007733e-05,102.91923824452,0.0029855092897331883,-0.0063674900909836745,-0.8306096712948867,0.22935142322818666,0.007274082460269575
1732012140.0,2.89156224007733e-05,2.90151656960449e-05,2.89156224007733e-05,2.90151656960449e-05,77.77514062176,0.002252787595279708,0.0034425437534050633,-0.24542603065186339,0.2278910303134282,0.0034425437534050633
1732012200.0,2.90151656960449e-05,3.93052315942292e-05,2.90151656960449e-05,3.00193334730908e-05,4024.64086985342,0.11879632904371566,0.03460837644579711,51.73303585860957,0.22867555515629073,0.3546443954854599
1732012260.0,3.00193334730908e-05,3.01068679759574e-05,2.97843225725003e-05,2.97843225725003e-05,92.1178653368,0.0027544925671280328,-0.007828651518900713,-0.9768133191547155,0.23658964485309128,0.010744589107757087
1732012320.0,2.97843225725003e-05,3.87348673914617e-05,2.97843225725003e-05,2.99973180114512e-05,3818.82510081792,0.11414781481503462,0.0071512601447432135,40.440596419561466,0.23473746697055595,0.3005119487668116
1732012380.0,2.99973180114512e-05,3.08979989922691e-05,2.99973180114512e-05,3.08979989922691e-05,47.51738569422,0.0014467931325187857,0.030025383618431375,-0.9873252664988534,0.23641613566258046,0.030025383618431375
1732012440.0,3.08979989922691e-05,3.08979989922691e-05,3.07774642440247e-05,3.07774642440247e-05,3.62914159704,0.00011191449457377255,-0.0039010535366565614,-0.92264651244305,0.24351462082943653,0.0039010535366565614
1732012500.0,3.07774642440247e-05,3.34801833628984e-05,3.07530118596489e-05,3.34801833628984e-05,559.83038497679,0.017986691798743334,0.08781487316319171,159.7181613717314,0.2425646572566223,0.08860936305949785
1732012560.0,3.34801833628984e-05,3.45873901131653e-05,3.34801833628984e-05,3.45873901131653e-05,325.40025971194,0.011074603043536344,0.033070510345348775,-0.38428905284794584,0.2638654418674857,0.033070510345348775
1732012620.0,3.45873901131653e-05,3.60984842968867e-05,3.45873901131653e-05,3.60984842968867e-05,187.22013448048,0.006616909456460128,0.0436891647151548,-0.4025149767943993,0.27259160669254434,0.0436891647151548
1732012680.0,3.60984842968867e-05,3.61441746799923e-05,3.50437397518704e-05,3.51232086506278e-05,258.25246870104,0.009196589014381536,-0.02701708022524959,0.3898616982589736,0.2845009062973036,0.030484241916406585
1732012740.0,3.51232086506278e-05,3.51232086506278e-05,3.48735159357042e-05,3.48735159357042e-05,47.42026389645,0.0016596315758854968,-0.007109051949305246,-0.8195383556566265,0.27681452248771315,0.007109051949305246
1732012800.0,3.48735159357042e-05,3.48735159357042e-05,3.15691046196585e-05,3.15691046196585e-05,806.61565143264,0.0267968288310778,-0.09475417741468894,15.146251505717673,0.2748466336670259,0.09475417741468894
1732012860.0,3.15691046196585e-05,3.15691046196585e-05,3.05612533209884e-05,3.06120788733601e-05,140.19425963053,0.004358722491376938,-0.030315264174532494,-0.8373418541853027,0.24880376697871048,0.031925241808806216
1732012920.0,3.06120788733601e-05,3.08279163979041e-05,3.04355984464753e-05,3.08279163979041e-05,128.9386103201,0.003960993804175161,0.007050730707865613,-0.09124891249411318,0.24126121505513207,0.012815789252725772
1732012980.0,3.08279163979041e-05,3.34566054179818e-05,3.08279163979041e-05,3.34566054179818e-05,494.8179657414,0.015904568156797652,0.08526975959544297,3.015297408451672,0.24296228291273825,0.08526975959544297
1732013040.0,3.34566054179818e-05,3.34935157931143e-05,3.32809149690286e-05,3.34935157931143e-05,23.06232314692,0.0007720126650478806,0.0011032313252157904,-0.9514596902325877,0.26367961836746745,0.006354524657526453
1732013100.0,3.34935157931143e-05,3.34935157931143e-05,3.34935157931143e-05,3.34935157931143e-05,0.0,0.0,0.0,-1.0,0.2639705179822714,0.0
1732013160.0,3.34935157931143e-05,3.35612044627529e-05,3.34649850866856e-05,3.35612044627529e-05,33.77064252032,0.0011322404935304759,0.0020209484742272255,0.0,0.2639705179822714,0.0028727762311259435
1732013220.0,3.35612044627529e-05,3.36236204214158e-05,3.33999748381622e-05,3.36236204214158e-05,16.86699833733,0.0005666031648075403,0.0018597651562884403,-0.49957348456881584,0.2645039887978286,0.006663812781266707
1732013280.0,3.36236204214158e-05,3.70436677544991e-05,3.36236204214158e-05,3.70436677544991e-05,710.36232693146,0.025099689633289478,0.10171561807499402,43.29853412805267,0.2649959040998941,0.10171561807499402
1732013340.0,3.70436677544991e-05,3.78381682628085e-05,3.66734508008261e-05,3.66734508008261e-05,390.96606147425,0.014410445752402924,-0.0099940685173659,-0.42587155606535915,0.2919501262727567,0.03144174247813085
1732013400.0,3.66734508008261e-05,3.68737792732781e-05,3.66734508008261e-05,3.68737792732781e-05,35.37032227676,0.0013006946151420404,0.005462493113614746,-0.9097394600076717,0.2890323567071331,0.005462493113614746
1732013460.0,3.68737792732781e-05,3.68737792732781e-05,3.65949473467963e-05,3.65949473467963e-05,31.15761859544,0.0011445552813604638,-0.007561794098058821,-0.12004303851486742,0.2906111939652577,0.007561794098058821
1732013520.0,3.65949473467963e-05,3.67211143430478e-05,3.65949473467963e-05,3.67211143430478e-05,0.00115405888,4.23055260198962e-08,0.0034476616418071446,-0.9999630375861185,0.2884136519539014,0.0034476616418071446
1732013580.0,3.67211143430478e-05,3.67661138097616e-05,3.65902888080921e-05,3.65902888080921e-05,17.16055229521,0.0006290320838051798,-0.0035626787829349097,14867.79240100566,0.28940800463871635,0.004788117267546671
1732013640.0,3.65902888080921e-05,3.65902888080921e-05,3.45978126277385e-05,3.48101175771012e-05,411.43002687224,0.014688135558874466,-0.048651467068967426,22.3503758187056,0.2883769368809785,0.05445368826695233
1732013700.0,3.48101175771012e-05,3.50190869881126e-05,3.48101175771012e-05,3.50190869881126e-05,27.0101,0.0009430468991134406,0.006003122814755003,-0.9357953298202195,0.2743469758328639,0.006003122814755003
1732013760.0,3.50190869881126e-05,3.68355794807772e-05,3.50190869881126e-05,3.66509465576069e-05,349.29061157298,0.01251683492432018,0.04659914663247061,12.27275974936906,0.27599391442264515,0.05187149777152153
1732013820.0,3.66509465576069e-05,3.79203096003996e-05,3.66509465576069e-05,3.79203096003996e-05,257.34722576972,0.009595352947213063,0.03463384065122437,-0.2334042107905957,0.2888549953104955,0.03463384065122437
1732013880.0,3.79203096003996e-05,3.79203096003996e-05,3.67297008996783e-05,3.67297008996783e-05,258.50736234856,0.009648788656833723,-0.03139765242604325,0.005568915485925956,0.29885915318938944,0.03139765242604325
1732013940.0,3.67297008996783e-05,3.72606413726874e-05,3.67297008996783e-05,3.72606413726874e-05,400.95547234862,0.01483341631752623,0.01445534431274795,0.5373345655177669,0.28947567737320734,0.01445534431274795
1732014000.0,3.72606413726874e-05,3.95722563367364e-05,3.72606413726874e-05,3.95722563367364e-05,471.94828323406,0.01813057708493035,0.062039054586522584,0.22227925764534787,0.293660147959803,0.062039054586522584
1732014060.0,3.95722563367364e-05,4.1142034015987e-05,3.95722563367364e-05,4.1142034015987e-05,270.479,0.010915760270157136,0.03966864223997563,-0.3979364132192999,0.3118785459089675,0.03966864223997563
1732014120.0,4.1142034015987e-05,4.12137792534259e-05,4.1142034015987e-05,4.12137792534259e-05,1.22945,5.062617731203985e-05,0.001743842742704921,-0.9953621024959253,0.32425034436895417,0.001743842742704921
1732014180.0,4.12137792534259e-05,4.19996742032222e-05,4.12137792534259e-05,4.19996742032222e-05,144.7310033536,0.006021783305649386,0.019068742639780367,117.94603988236129,0.32481578597880156,0.019068742639780367
1732014240.0,4.19996742032222e-05,4.19996742032222e-05,4.10336412337856e-05,4.11806652062722e-05,234.70882703596,0.009761579947627736,-0.019500365478719858,0.6210447058880098,0.3310096146069693,0.023000963406580078
1732014300.0,4.11806652062722e-05,4.17919786025299e-05,4.11806652062722e-05,4.17919786025299e-05,146.244267,0.006067136737435176,0.014844670264447113,-0.37846775112366776,0.3245548061451632,0.014844670264447113
1732014360.0,4.17919786025299e-05,4.22654304865768e-05,4.05599841599204e-05,4.06460533146571e-05,377.30792127155,0.01555226122819576,-0.027419742404908094,1.5633609231576886,0.3293727152251297,0.04080798238524089
1732014420.0,4.06460533146571e-05,4.06460533146571e-05,4.04589168238058e-05,4.04589168238058e-05,1.03718078568,4.2060258325381946e-05,-0.004604050715640253,-0.997295553507735,0.3203414002184515,0.004604050715640253
1732014480.0,4.04589168238058e-05,4.04589168238058e-05,3.81365088334031e-05,3.81365088334031e-05,458.56499237468,0.018020555383591364,-0.05740163535560126,427.4461413475572,0.3188665321655265,0.05740163535560126
1732014540.0,3.81365088334031e-05,3.81365088334031e-05,3.7076838957244e-05,3.7076838957244e-05,285.2391973479,0.010726897476826315,-0.02778623184382708,-0.40474101666180035,0.30056307175905583,0.02778623184382708
1732014600.0,3.7076838957244e-05,3.7076838957244e-05,3.62328858524854e-05,3.62328858524854e-05,48.23848336122,0.0017681749702248744,-0.022762272310533935,-0.8351643637832165,0.2922115565634659,0.022762272310533935
1732014660.0,3.62328858524854e-05,3.62328858524854e-05,3.61603479418667e-05,3.61603479418667e-05,18.6853095987,0.0006763449931492702,-0.002001990978969442,-0.6174897820981746,0.2855601575406833,0.002001990978969442
1732014720.0,3.61603479418667e-05,3.63518455979941e-05,3.59701352537819e-05,3.59701352537819e-05,61.38216698908,0.002213762682259165,-0.005260256023824628,2.273126443874753,0.28498846868133376,0.010556047326365964
1732014780.0,3.59701352537819e-05,3.59701352537819e-05,3.57042399361047e-05,3.57042399361047e-05,52.16737992522,0.001869532180716788,-0.007392113368526835,-0.15549566550244975,0.2834893563722322,0.007392113368526835
1732014840.0,3.57042399361047e-05,3.57042399361047e-05,3.56791422903893e-05,3.56791422903893e-05,1.0643460096,3.798830901226023e-05,-0.0007029318019460568,-0.979680312858966,0.28139377091115797,0.0007029318019460568
1732014900.0,3.56791422903893e-05,3.59748908727095e-05,3.56350199382075e-05,3.56350199382075e-05,148.65980437984,0.005300774703207688,-0.001236642737168188,138.53700075191375,0.28119597028071497,0.009525759664731294
1732014960.0,3.56350199382075e-05,3.56350199382075e-05,3.38982014518e-05,3.40852726763797e-05,354.91114391478,0.012372254402958164,-0.04348944562161373,1.3340464546571413,0.2808482313263464,0.04873909119229373
1732015020.0,3.40852726763797e-05,3.40852726763797e-05,3.40852726763797e-05,3.40852726763797e-05,0.0,0.0,0.0,-1.0,0.26863429744215284,0.0
1732015080.0,3.40852726763797e-05,3.40852726763797e-05,3.39200598244737e-05,3.39200598244737e-05,3.75217737024,0.00012758403483267445,-0.004847045041258936,0.0,0.26863429744215284,0.004847045041258936
1732015140.0,3.39200598244737e-05,3.39200598244737e-05,3.35266949036823e-05,3.35266949036823e-05,122.51307347695,0.004131554608896201,-0.011596822730471038,31.383006340211026,0.2673322149028238,0.011596822730471038
1732015200.0,3.35266949036823e-05,3.35266949036823e-05,3.32455178846438e-05,3.32455178846438e-05,23.36328633562,0.000780009163318305,-0.008386660833890417,-0.8112068610593303,0.26423201059645157,0.008386660833890417
1732015260.0,3.32455178846438e-05,3.32455178846438e-05,3.2882234661294e-05,3.29078766743187e-05,95.75884347628,0.003167386277498141,-0.010155991899318725,3.0607039333018693,0.2620159863421222,0.010927284231526444
1732015320.0,3.29078766743187e-05,3.29078766743187e-05,3.29078766743187e-05,3.29078766743187e-05,0.0,0.0,0.0,-1.0,0.25935495410733955,0.0
1732015380.0,3.29078766743187e-05,3.30986447599848e-05,3.27582135425711e-05,3.30986447599848e-05,47.13263600842,0.0015555306744724998,0.005797034173735665,0.0,0.25935495410733955,0.01034497669913106
1732015440.0,3.30986447599848e-05,3.33209406956555e-05,3.29085257944795e-05,3.33209406956555e-05,67.9883235617,0.0022578781333960282,0.006716164280521972,0.45151630273167276,0.26085844363942745,0.012460174855092425
1732015500.0,3.33209406956555e-05,3.33829018154671e-05,3.31677380114788e-05,3.33829018154671e-05,43.60382896434,0.0014542714700596308,0.0018595249269080976,-0.35591232823877395,0.26261041180087114,0.006457314814534882
1732015560.0,3.33829018154671e-05,3.34544974653267e-05,3.32612072932631e-05,3.34544974653267e-05,11.5887745712,0.00038728177659520216,0.002144680239464089,-0.733693615966129,0.26309874240768044,0.005790094975327859
1732015620.0,3.34544974653267e-05,3.34544974653267e-05,3.32993521486995e-05,3.32993521486995e-05,5.74926638008,0.00019189283166341856,-0.0046375025297569995,-0.5045136557923035,0.26366300508155005,0.0046375025297569995
1732015680.0,3.32993521486995e-05,3.35257300509148e-05,3.32993521486995e-05,3.35257300509148e-05,24.613,0.0008223828740895532,0.006798267461913387,3.285636242692061,0.2624402672284811,0.006798267461913387
1732015740.0,3.35257300509148e-05,3.35257300509148e-05,3.35257300509148e-05,3.35257300509148e-05,0.0,0.0,0.0,-1.0,0.2642244063578763,0.0
1732015800.0,3.35257300509148e-05,3.59229665179331e-05,3.35257300509148e-05,3.59229665179331e-05,945.33663019296,0.03282619839284403,0.0715043777832032,0.0,0.2642244063578763,0.0715043777832032
1732015860.0,3.59229665179331e-05,3.8575747044947e-05,3.59229665179331e-05,3.84500259062067e-05,65.08791672456,0.0024203915687293714,0.07034662315574822,-0.9262664674183836,0.2831176081296325,0.07384636582531713
1732015920.0,3.84500259062067e-05,3.84500259062067e-05,3.84500259062067e-05,3.84500259062067e-05,0.0,0.0,0.0,-1.0,0.30303397581748454,0.0
1732015980.0,3.84500259062067e-05,3.84913762783701e-05,3.82902233406e-05,3.82902233406e-05,4.31680067406,0.00016563617983807378,-0.004156110739600278,0.0,0.30303397581748454,0.0052315423209538985
1732016040.0,3.82902233406e-05,3.89926703714177e-05,3.82512663104e-05,3.89926703714177e-05,209.61886666672,0.008099976296318867,0.018345336473210846,47.90221631673357,0.3017745330561257,0.01936275101930719
1732016100.0,3.89926703714177e-05,3.93203825451859e-05,3.89926703714177e-05,3.91219129907232e-05,78.80134319118,0.003077767045878052,0.0033145362467976542,-0.6200276478245028,0.30731068840408643,0.008404455777114914
1732016160.0,3.91219129907232e-05,3.98998373716888e-05,3.91219129907232e-05,3.98998373716888e-05,146.34126947595,0.005782071632123492,0.01988462019099288,0.8786579835102278,0.30832928081983013,0.01988462019099288
1732016220.0,3.98998373716888e-05,3.98998373716888e-05,3.93268106767948e-05,3.93268106767948e-05,112.37714696886,0.004451632335797293,-0.014361629837132973,-0.23009733897703183,0.31446029146269444,0.014361629837132973
1732016280.0,3.93268106767948e-05,3.93591979537725e-05,3.93268106767948e-05,3.93591979537725e-05,7.3872,0.0002906346414778634,0.0008235419150531748,-0.934712793071261,0.3099441291582303,0.0008235419150531748
1732016340.0,3.93591979537725e-05,4.07666084175247e-05,3.93591979537725e-05,4.07666084175247e-05,338.62462873448,0.013566285717265671,0.03575810831829458,45.6781442442021,0.3101993811399167,0.03575810831829458
1732016400.0,4.07666084175247e-05,4.1330016384196e-05,4.07666084175247e-05,4.1330016384196e-05,78.22842673988,0.003211144899446412,0.013820329640890775,-0.7632996262669286,0.3212915242109858,0.013820329640890775
1732016460.0,4.1330016384196e-05,4.35824738470057e-05,4.1330016384196e-05,4.35824738470057e-05,402.00217612455,0.017067502926548836,0.05449931211909714,4.315083392683776,0.3257318789864059,0.05449931211909714
1732016520.0,4.35824738470057e-05,4.35824738470057e-05,3.77750426256385e-05,3.78889500447002e-05,1087.51973700784,0.04430089074218112,-0.1306379216171243,1.595628132178036,0.343484042326426,0.133251527707076
1732016580.0,3.78889500447002e-05,3.80289505064121e-05,3.78889500447002e-05,3.80289505064121e-05,30.0269045,0.0011397897748443733,0.0036950208846308384,-0.9742716284989024,0.29861200092825335,0.0036950208846308384
1732016640.0,3.80289505064121e-05,3.80289505064121e-05,3.77165423847027e-05,3.77165423847027e-05,52.9160468304,0.002004076024508981,-0.008215007712524845,0.7582856670061082,0.2997153785080846,0.008215007712524845
1732016700.0,3.77165423847027e-05,3.78467545361603e-05,3.727356987925e-05,3.727356987925e-05,182.43257355972,0.0068403195859226065,-0.011744780338941248,2.4132036421116085,0.2972532143620784,0.015197168686989152
1732016760.0,3.727356987925e-05,3.727356987925e-05,3.727356987925e-05,3.727356987925e-05,0.0,0.0,0.0,-1.0,0.2937620406543516,0.0
1732016820.0,3.727356987925e-05,3.727356987925e-05,3.67716201653431e-05,3.67716201653431e-05,79.6411385458,0.002948521619495765,-0.01346663911004482,0.0,0.2937620406543516,0.01346663911004482
1732016880.0,3.67716201653431e-05,4.07635811598738e-05,3.66745542187327e-05,4.07635811598738e-05,795.53369526818,0.030840932611806048,0.10856092216173506,9.459795311617977,0.2898060532686291,0.11120061946563255
1732016940.0,4.07635811598738e-05,4.09731275870655e-05,4.07635811598738e-05,4.09731275870655e-05,17.66597670118,0.0007219793961772826,0.005140530376118422,-0.9765902216620743,0.3212676656595244,0.005140530376118422
1732017000.0,4.09731275870655e-05,4.13767552143976e-05,4.07450672703674e-05,4.13767552143976e-05,155.17133012726,0.0063891704250635005,0.009851032886723513,7.849519056766317,0.32291915185371184,0.015417127791572676
1732017060.0,4.13767552143976e-05,4.29478213854307e-05,4.13737076009776e-05,4.27443211056566e-05,487.86408486938,0.020519825958555258,0.033051549938433435,2.211657319087918,0.32610023903837565,0.038043432267626597
1732017120.0,4.27443211056566e-05,4.55861243814375e-05,4.27443211056566e-05,4.55861243814375e-05,578.26427082953,0.02553917032582101,0.06648376210623287,0.2446094999735148,0.3368783573738876,0.06648376210623287
1732017180.0,4.55861243814375e-05,4.55861243814375e-05,4.3455361230836e-05,4.3455361230836e-05,355.38700252371,0.015822093336001965,-0.04674148503550224,-0.38047739475681924,0.35927529794427165,0.04674148503550224
1732017240.0,4.3455361230836e-05,4.36304687937218e-05,4.28859517915583e-05,4.28859517915583e-05,105.46628513197,0.004553048768944256,-0.013103318512369021,-0.7122347421258006,0.34248223698178387,0.017132914813631488
1732017300.0,4.28859517915583e-05,4.3228885576578e-05,4.25859897216615e-05,4.25859897216615e-05,195.30271529644,0.00834645112959517,-0.00699441326042454,0.8331565404098479,0.3379945831457829,0.014990826320964332
1732017360.0,4.25859897216615e-05,4.29303393321538e-05,4.25859897216615e-05,4.29303393321538e-05,72.24473015243,0.0030890520580596475,0.008085983506381771,-0.6298963463517605,0.33563050935147637,0.008085983506381771
1732017420.0,4.29303393321538e-05,4.58707488477038e-05,4.29303393321538e-05,4.58707488477038e-05,517.2799459455,0.02296751104678916,0.0684925756770739,6.435132401496637,0.3383444121143309,0.0684925756770739
1732017480.0,4.58707488477038e-05,4.66763215873862e-05,4.58707488477038e-05,4.66763215873862e-05,201.43120257033,0.009320933846050606,0.017561796131931335,-0.5941687444032527,0.3615184923659868,0.017561796131931335
1732017540.0,4.66763215873862e-05,4.70065757562281e-05,4.578110286143e-05,4.61996226205774e-05,437.92785635312,0.020336481576882736,-0.010212864908738349,1.1818073073761328,0.36786740642684146,0.026254701594336204
1732017600.0,4.61996226205774e-05,4.93010012747536e-05,4.61996226205774e-05,4.93010012747536e-05,565.810740236,0.027017639349608533,0.06712995644243294,0.32853066286158994,0.36411042630067614,0.06712995644243294
1732017660.0,4.93010012747536e-05,5.03693124774625e-05,4.93010012747536e-05,5.03693124774625e-05,192.08166049017,0.009572419683550949,0.021669158335248098,-0.6456974068058374,0.38855314335847624,0.021669158335248098
1732017720.0,5.03693124774625e-05,5.17500717422376e-05,4.80041696988216e-05,4.80041696988216e-05,1324.70683794374,0.0651580122556301,-0.046956026642197536,5.806848676682689,0.3969727629435694,0.07436873483417282
1732017780.0,4.80041696988216e-05,5.2668812976096e-05,4.55961094769954e-05,4.58767498426814e-05,3282.68143591277,0.15409057588265615,-0.04431739720711018,1.3648753322634035,0.3783324993105644,0.14733519074436188
1732017840.0,4.58767498426814e-05,4.62529805859545e-05,4.58767498426814e-05,4.60080431241083e-05,49.70051410272,0.0022833607243357193,0.002861869724361964,-0.9851816977692747,0.3615657876622594,0.008200902299383746
1732017900.0,4.60080431241083e-05,4.87255710436898e-05,4.58894712300844e-05,4.87255710436898e-05,676.50171658051,0.03204372630119557,0.059066366118873434,13.033580397384565,0.36260054184333507,0.06164356536431943
1732017960.0,4.87255710436898e-05,4.98969370080724e-05,4.87255710436898e-05,4.98969370080724e-05,140.5610101598,0.006931239678124352,0.02404006642287062,-0.7836943302731385,0.3840180382027554,0.02404006642287062
1732018020.0,4.98969370080724e-05,4.98969370080724e-05,4.98969370080724e-05,4.98969370080724e-05,0.0,0.0,0.0,-1.0,0.3932498573487301,0.0
1732018080.0,4.98969370080724e-05,5.03629958516858e-05,4.98969370080724e-05,5.03629958516858e-05,84.0446,0.004213152976612617,0.009340429925347888,0.0,0.3932498573487301,0.009340429925347888
1732018140.0,5.03629958516858e-05,5.0570813839837e-05,4.98741244390038e-05,5.02949317731932e-05,236.15770679508,0.011885572679318277,-0.0013514700097079693,1.8210636417181085,0.396922980084449,0.013833358978184671
1732018200.0,5.02949317731932e-05,5.17983050266014e-05,5.02949317731932e-05,5.17983050266014e-05,402.98381525787,0.020570961038803202,0.02989114808203168,0.7307505152526731,0.39638655058070094,0.02989114808203168
1732018260.0,5.17983050266014e-05,5.17983050266014e-05,4.76583219547118e-05,4.76583219547118e-05,1119.87436849398,0.055689463666619726,-0.07992506839294214,1.7071882330423043,0.4082349996618344,0.07992506839294214
1732018320.0,4.76583219547118e-05,4.76583219547118e-05,4.66049650158082e-05,4.66805050896607e-05,236.89068739682,0.01117399479337556,-0.020517232351996952,-0.7993517254849546,0.3756067893934696,0.022102266628367128
1732018380.0,4.66805050896607e-05,4.69117596450948e-05,4.57824668862024e-05,4.57824668862024e-05,674.44292746089,0.03118049875056767,-0.01923797100595665,1.79045223549351,0.36790037762249617,0.02419195672204773
1732018440.0,4.57824668862024e-05,4.57824668862024e-05,4.57247315429744e-05,4.57247315429744e-05,12.331,0.0005641876319150895,-0.001261079779110724,-0.9819057534509509,0.3608227208247141,0.001261079779110724
1732018500.0,4.57247315429744e-05,4.57247315429744e-05,4.57247315429744e-05,4.57247315429744e-05,0.0,0.0,0.0,-1.0,0.36036769458763834,0.0
1732018560.0,4.57247315429744e-05,4.57247315429744e-05,4.48612924176718e-05,4.48612924176718e-05,171.9301818535,0.0077872357864697045,-0.018883415958191017,0.0,0.36036769458763834,0.018883415958191017
1732018620.0,4.48612924176718e-05,4.50151096268477e-05,4.48612924176718e-05,4.50151096268477e-05,42.12925733952,0.0018932130352418617,0.0034287288860030893,-0.7568825335260411,0.3535627215128456,0.0034287288860030893
1732018680.0,4.50151096268477e-05,4.50151096268477e-05,4.40979183909091e-05,4.40979183909091e-05,141.26972859764,0.0062944866412911965,-0.020375186099548567,2.3247640514407633,0.3547749922291106,0.020375186099548567
1732018740.0,4.40979183909091e-05,4.44026673096122e-05,4.40979183909091e-05,4.44026673096122e-05,44.85572,0.0019848787460092937,0.006910732520334308,-0.6846639195341698,0.34754638573897656,0.006910732520334308
1732018800.0,4.44026673096122e-05,4.44026673096122e-05,4.28738713745374e-05,4.28738713745374e-05,289.600566412,0.012637667518704276,-0.03443027249725271,5.366972060189063,0.34994818584922754,0.03443027249725271
1732018860.0,4.28738713745374e-05,4.29195188555502e-05,4.27058652882557e-05,4.29195188555502e-05,1.80806714791,7.756010519142207e-05,0.0010646923067439426,-0.9938627832171855,0.33789937445051943,0.004983304759863355
1732018920.0,4.29195188555502e-05,4.3004336824601e-05,4.27617078114376e-05,4.27617078114376e-05,59.2413252847,0.002537934709885568,-0.003676906179767002,31.722166939070323,0.33825913331495044,0.005653115869727888
1732018980.0,4.27617078114376e-05,4.42926654732792e-05,4.27617078114376e-05,4.42926654732792e-05,256.56138304328,0.011167395204946454,0.035802070127613314,3.400190107904698,0.3370153862173021,0.035802070127613314
1732019040.0,4.42926654732792e-05,4.64271032930032e-05,4.42926654732792e-05,4.64271032930032e-05,678.82815136,0.030791566461711075,0.048189419103974694,1.7572738222851059,0.34908123470873864,0.048189419103974694
1732019100.0,4.64271032930032e-05,4.91791561062278e-05,4.64271032930032e-05,4.91065680423843e-05,242.52269950304,0.011584541932847185,0.05771337342480532,-0.6237754923169493,0.365903256629451,0.059276858085594804
1732019160.0,4.91065680423843e-05,5.13240099642026e-05,4.91065680423843e-05,5.13240099642026e-05,467.03896812621,0.023452496760257593,0.04515570951536262,1.0244647476098838,0.38702076791665885,0.04515570951536262
1732019220.0,5.13240099642026e-05,5.47989243867177e-05,5.13240099642026e-05,5.47488470555048e-05,432.87930226345,0.022958372167890814,0.06672972539930044,-0.021069167919217823,0.4044969652891161,0.06770543503788534
1732019280.0,5.47488470555048e-05,5.76064827044146e-05,5.47488470555048e-05,5.76064827044146e-05,770.96600070216,0.04331106962128872,0.052195357575524966,0.8865043786450524,0.43148893670770916,0.052195357575524966
1732019340.0,5.76064827044146e-05,6.09148110950479e-05,5.76064827044146e-05,6.09148110950479e-05,563.63827500477,0.03340156879423129,0.057429793233666336,-0.22879833986336387,0.4540106560490511,0.057429793233666336
1732019400.0,6.09148110950479e-05,6.22643619354892e-05,5.72060852331561e-05,5.81537414135495e-05,1122.70470697484,0.0668394121770416,-0.045326737978226506,1.0010860145163387,0.4800843941518293,0.08303853547933464
1732019460.0,5.81537414135495e-05,5.81537414135495e-05,5.75047868196313e-05,5.78300655345649e-05,146.39194459735,0.008489547520469052,-0.005565865086527188,-0.8729859039157575,0.4583237346106737,0.011159292216527896
1732019520.0,5.78300655345649e-05,5.79140832558122e-05,5.43038175820754e-05,5.43038175820754e-05,802.77497036836,0.045009137348125026,-0.06097603244772156,4.301712163057455,0.4557727665378774,0.06242887052546997
1732019580.0,5.43038175820754e-05,5.43038175820754e-05,5.22098560019817e-05,5.22098560019817e-05,569.12703156239,0.030309905433849888,-0.03856011737901973,-0.3265832846469223,0.427981551536676,0.03856011737901973
1732019640.0,5.22098560019817e-05,5.358384208e-05,5.19729556844133e-05,5.358384208e-05,347.0755747203,0.01835920428179485,0.026316603477438208,-0.39428368320504825,0.4114785326733668,0.030854067008450548
1732019700.0,5.358384208e-05,5.36752717930708e-05,5.33777921969849e-05,5.36752717930708e-05,74.93463315818,0.004018711175475008,0.0017062925972030315,-0.7811064622522885,0.42230725005720987,0.005551666034730559
1732019760.0,5.36752717930708e-05,5.39600578855483e-05,5.36318858708086e-05,5.39600578855483e-05,35.90001365477,0.0019320549025990481,0.0053057224111581645,-0.5192351930166563,0.42302782979172765,0.0061140261386075515
1732019820.0,5.39600578855483e-05,5.79783194509071e-05,5.39600578855483e-05,5.79783194509071e-05,623.68636511836,0.03490721983911064,0.07446733237169073,17.067405740982093,0.42527229802879724,0.07446733237169073
1732019880.0,5.79783194509071e-05,5.87773021860681e-05,5.79783194509071e-05,5.82255031530818e-05,198.48329866815,0.011532259014144125,0.004263381631542505,-0.6696311230943924,0.4569411915945804,0.013780715666267963
1732019940.0,5.82255031530818e-05,5.82255031530818e-05,5.5368503626811e-05,5.5368503626811e-05,486.34826611515,0.027623124119236727,-0.049067837486254214,1.3952916844269128,0.4588893062775199,0.049067837486254214
1732020000.0,5.5368503626811e-05,5.57789922929321e-05,5.42264589219223e-05,5.5599794467851e-05,476.15720946342,0.0264191775798296,0.004177299834557929,-0.043584734811682645,0.4363726003729146,0.02804000955983974
1732020060.0,5.5599794467851e-05,5.62213178652642e-05,5.55775032709155e-05,5.62213178652642e-05,114.1531717432,0.00638236732033888,0.011178519693496057,-0.7584191521082146,0.438195459564258,0.011579441983746339
1732020120.0,5.62213178652642e-05,5.74865828701486e-05,5.62213178652642e-05,5.74865828701486e-05,341.12650354788,0.019394389301820393,0.022505075528763633,2.0387453946775698,0.4430938361385976,0.022505075528763633
1732020180.0,5.74865828701486e-05,5.92042764414903e-05,5.74865828701486e-05,5.92042764414903e-05,120.15910383765,0.007010734540465913,0.029879903893777218,-0.6385173860665015,0.4530656963872264,0.029879903893777218
1732020240.0,5.92042764414903e-05,6.06614491777445e-05,5.89564685191571e-05,6.06614491777445e-05,296.60396397185,0.017776324681513588,0.02461262638171543,1.5355866177657649,0.46660325585284396,0.028798268656697063
1732020300.0,6.06614491777445e-05,6.06614491777445e-05,6.01449189845926e-05,6.01449189845926e-05,44.25250403164,0.002672992147075804,-0.008514966261989757,-0.8496319011400838,0.47808758745764196,0.008514966261989757
1732020360.0,6.01449189845926e-05,6.08187501850006e-05,5.99287031777541e-05,6.08187501850006e-05,195.8797996981,0.011847169643843573,0.011203460105759169,3.4321752522932485,0.47401668778016404,0.014798374031803119
1732020420.0,6.08187501850006e-05,6.09174406334882e-05,6.0254574257419e-05,6.0254574257419e-05,130.7024399106,0.007912289456355963,-0.009276348590943938,-0.3321367301879049,0.47932731483117325,0.010899046331153989
1732020480.0,6.0254574257419e-05,6.0254574257419e-05,5.53757033131168e-05,5.53757033131168e-05,1021.6928672209,0.059069314914294624,-0.0809709636891422,6.465514910711979,0.47488090756963813,0.0809709636891422
1732020540.0,5.53757033131168e-05,5.53757033131168e-05,3.20802213242965e-05,3.20802213242965e-05,3916.740786198,0.1712710935110076,-0.4206805619623131,1.8994934808285788,0.4364293428461501,0.4206805619623131
1732020600.0,3.20802213242965e-05,3.35848222596302e-05,3.15820845545375e-05,3.35294672709917e-05,879.05352684156,0.028837214077332286,0.04517568417140526,-0.8316282480237747,0.2528320016407886,0.06242904887865875
1732020660.0,3.35294672709917e-05,3.43387119664037e-05,3.35294672709917e-05,3.42230138342223e-05,260.36596986222,0.00882022022676539,0.02068468781878412,-0.6941375750406281,0.2642538602953371,0.024135328153934835
1732020720.0,3.42230138342223e-05,3.53132457584662e-05,3.42230138342223e-05,3.47081582514463e-05,458.25588580706,0.015794057661918475,0.014175969994169844,0.7906647743318965,0.26971986890045474,0.0318566894641433
1732020780.0,3.47081582514463e-05,3.66870699715614e-05,3.45870775592856e-05,3.66870699715614e-05,730.9871425408,0.026094496934892335,0.05701575133369803,0.652171816354043,0.273543409668819,0.060504288273155266
1732020840.0,3.66870699715614e-05,3.7265008086344e-05,3.65622192910265e-05,3.7265008086344e-05,185.27668782824,0.006850798040292087,0.015753182667097774,-0.7374619615244806,0.2891396926934683,0.019156307545472605
1732020900.0,3.7265008086344e-05,3.8049686660286e-05,3.7265008086344e-05,3.79070301434399e-05,408.3879616623,0.015349677733330968,0.01722855005447234,1.240567835025031,0.293694563088777,0.02105671283161606
1732020960.0,3.79070301434399e-05,3.79125305069735e-05,3.76619193598168e-05,3.79125305069735e-05,85.48482616588,0.003240710981086992,0.00014510141028696393,-0.7888743309541952,0.2987544945696784,0.006611204998344308
1732021020.0,3.79125305069735e-05,3.81911407389078e-05,3.78382609010684e-05,3.78382609010684e-05,153.86014049575,0.00582751370435279,-0.0019589725326152494,0.7982207417947954,0.29879784426817,0.009307736337317034
1732021080.0,3.78382609010684e-05,3.79342001749141e-05,3.26790926904938e-05,3.32836531159669e-05,1100.3099805936,0.0391280759159319,-0.12037043132108899,5.714368751583658,0.298212507498444,0.13888343066718262
1732021140.0,3.32836531159669e-05,3.40774428822543e-05,3.11528241573155e-05,3.11528241573155e-05,1051.50014291169,0.03387748253079116,-0.06402028500979638,-0.13418992021028145,0.26231653934551286,0.0878695230583266
1732021200.0,3.11528241573155e-05,3.11528241573155e-05,3.05146329314437e-05,3.05146329314437e-05,194.14658318329,0.005986263043692378,-0.0204858224939436,-0.82329669749659,0.24552295973382965,0.0204858224939436
1732021260.0,3.05146329314437e-05,3.05146329314437e-05,3.02111477645242e-05,3.02111477645242e-05,56.33290498639,0.0017104298170851579,-0.009945561776913022,-0.7142741966730968,0.24049321996253475,0.009945561776913022
1732021320.0,3.02111477645242e-05,3.04826075067051e-05,3.02111477645242e-05,3.04647589420797e-05,102.90234905273,0.003121846665506918,0.00839462239343662,0.8251825560589425,0.23810137978646864,0.008985416386585133
1732021380.0,3.04647589420797e-05,3.13506731003891e-05,2.98074687014419e-05,3.0595251384494e-05,981.84955189108,0.029975871888805555,0.004283389954353334,8.601968033858622,0.24010015096113227,0.050655395037957726
1732021440.0,3.0595251384494e-05,3.25529500812991e-05,3.0595251384494e-05,3.20451827129219e-05,581.90457414292,0.018225377563792222,0.0473907310061438,-0.39199841688012876,0.2411285935357979,0.06398701132415868
1732021500.0,3.20451827129219e-05,3.397458870302e-05,3.20009752832027e-05,3.397458870302e-05,529.1611153958,0.017467547940317785,0.060208924610689815,-0.041581010918533334,0.25255585384994267,0.061588458942424984
1732021560.0,3.397458870302e-05,3.46010681665327e-05,3.397458870302e-05,3.46010681665327e-05,12.268,0.0004206430792378363,0.018439648202628913,-0.9759185959772334,0.2677619702143823,0.018439648202628913
1732021620.0,3.46010681665327e-05,3.55516683133452e-05,3.43815450753623e-05,3.43815450753623e-05,559.97259097578,0.019314186334672044,-0.00634440214717777,44.915854290690916,0.2726994067471783,0.03381754668240795
1732021680.0,3.43815450753623e-05,3.45594433150662e-05,3.43815450753623e-05,3.44441055046e-05,64.9864153764,0.0022363661585701983,0.0018195933050876645,-0.8842112155376919,0.2709692920454774,0.005174236332717337
1732021740.0,3.44441055046e-05,3.46961185672848e-05,3.298444023798e-05,3.32471069390466e-05,555.01671446623,0.018784877164354164,-0.03475191322339726,7.3997323481071255,0.2714623459551677,0.04969437598187045
1732021800.0,3.32471069390466e-05,3.32471069390466e-05,3.31663499985475e-05,3.32252575902163e-05,10.78338543879,0.00035839856387339725,-0.0006571804539371628,-0.980920899256478,0.26202851006511385,0.0024289915103638537
1732021860.0,3.32252575902163e-05,3.48802301388756e-05,3.28960131914143e-05,3.29636590815996e-05,1160.22153231321,0.038396903161562815,-0.007873483235047428,106.13464570445755,0.26185631004992477,0.05972013737060029
1732021920.0,3.29636590815996e-05,3.34401551623456e-05,3.2789108761665e-05,3.34401551623456e-05,397.7464880349,0.013205941953825535,0.014455193811053048,-0.6560675245537684,0.2597945887827553,0.01975042876972418
1732021980.0,3.34401551623456e-05,3.36739756362382e-05,3.34401551623456e-05,3.36739756362382e-05,25.3567232072,0.0008508972189757532,0.006992206607817592,-0.9355670938164874,0.2635499699146729,0.006992206607817592
1732022040.0,3.36739756362382e-05,3.36739756362382e-05,3.26006187779036e-05,3.28640078608184e-05,237.58547106122,0.00790422907630594,-0.024053226864847902,8.289287707180971,0.2653927657558004,0.03187496688628335
1732022100.0,3.28640078608184e-05,3.28640078608184e-05,3.27511160423035e-05,3.27511160423035e-05,3.18786,0.0001045859144429031,-0.0034351202383169728,-0.9867683598952851,0.2590092133527867,0.0034351202383169728
1732022160.0,3.27511160423035e-05,3.27511160423035e-05,3.2329731186713e-05,3.2329731186713e-05,107.47112137328,0.0034971558158127625,-0.012866274695683988,32.43811482111174,0.25811948556208797,0.012866274695683988
1732022220.0,3.2329731186713e-05,3.2329731186713e-05,3.16016944875633e-05,3.16016944875633e-05,150.10402386203,0.004798182122472584,-0.022519107719921567,0.3720241176492887,0.2547984493565375,0.022519107719921567
1732022280.0,3.16016944875633e-05,3.16016944875633e-05,2.99806261321868e-05,2.99806261321868e-05,303.03159283317,0.009330694353882922,-0.05129688080537786,0.9446311364843855,0.24906061562860865,0.05129688080537786
1732022340.0,2.99806261321868e-05,2.99806261321868e-05,2.96144399120168e-05,2.96144399120168e-05,47.59621584948,0.0014182498135019651,-0.01221409514782842,-0.8480016856503538,0.2362845829153939,0.01221409514782842
1732022400.0,2.96144399120168e-05,2.96144399120168e-05,2.94694549136362e-05,2.95580936239913e-05,34.99942968646,0.0010355024634316058,-0.0019026626265058436,-0.2698730127982696,0.23339858053770032,0.0048957535179238315
1732022460.0,2.95580936239913e-05,2.95580936239913e-05,2.9137015373693e-05,2.91465836487979e-05,109.69205570463,0.0032197183647645596,-0.013922074286258879,2.109329507623349,0.2329545017814317,0.014245785119123073
1732022520.0,2.91465836487979e-05,2.91465836487979e-05,2.89408088554349e-05,2.89408088554349e-05,85.81354362083,0.0024923424952411274,-0.007059997008311059,-0.22591288650696043,0.22971129190231218,0.007059997008311059
1732022580.0,2.89408088554349e-05,2.89408088554349e-05,2.84872495382204e-05,2.84872495382204e-05,47.29535193572,0.0013580401163565032,-0.01567196409333679,-0.45511496957198233,0.2280895308687066,0.01567196409333679
1732022640.0,2.84872495382204e-05,2.84872495382204e-05,2.64955809518215e-05,2.64955809518215e-05,632.50641883671,0.017388496605381137,-0.06991438691639021,11.804111156916981,0.2245149199308662,0.06991438691639021
1732022700.0,2.64955809518215e-05,2.64955809518215e-05,2.53625899272674e-05,2.53625899272674e-05,83.0930554692,0.002154526934693693,-0.04276150904614186,-0.8760946973399103,0.20881809695031725,0.04276150904614186
1732022760.0,2.53625899272674e-05,2.56309191873361e-05,2.53625899272674e-05,2.54803813479406e-05,111.94084216991,0.0028457025114836635,0.004644297802826612,0.32080154843282765,0.19988872000857813,0.01057972631494611
1732022820.0,2.54803813479406e-05,2.54803813479406e-05,2.53527139894286e-05,2.53527139894286e-05,40.43171205018,0.0010276345366499297,-0.005010417888518811,-0.6388819518192883,0.20081706275172378,0.005010417888518811
1732022880.0,2.53527139894286e-05,2.53527139894286e-05,2.49045261786809e-05,2.49045261786809e-05,86.05497316565,0.002162442727023145,-0.017678099904198923,1.1042916035818235,0.19981088534819275,0.017678099904198923
1732022940.0,2.49045261786809e-05,2.49045261786809e-05,2.43520685072202e-05,2.43520685072202e-05,134.90540212916,0.0033224903568072665,-0.02218302277654331,0.536452418039789,0.19627860855506096,0.02218302277654331
1732023000.0,2.43520685072202e-05,2.43520685072202e-05,2.42560823930963e-05,2.42560823930963e-05,43.61628877788,0.0010600535733134861,-0.003941600036787141,-0.6809460797556264,0.19192455571093583,0.003941600036787141
1732023060.0,2.42560823930963e-05,2.42560823930963e-05,2.42560823930963e-05,2.42560823930963e-05,0.0,0.0,0.0,-1.0,0.19116806587508525,0.0
1732023120.0,2.42560823930963e-05,2.42560823930963e-05,2.26959908949235e-05,2.26959908949235e-05,341.13753097708,0.008008557177864993,-0.06431753788141933,0.0,0.19116806587508525,0.06431753788141933
1732023180.0,2.26959908949235e-05,2.29474188809957e-05,2.26423644258479e-05,2.29474188809957e-05,111.296127708,0.0025399673817246395,0.011078079262379338,-0.6828433230463903,0.17887260655644677,0.013440896084252162
1732023240.0,2.29474188809957e-05,2.36044438654826e-05,2.29474188809957e-05,2.36044438654826e-05,170.86938181152,0.003977144004832737,0.028631759758873162,0.5658248343851776,0.1808541714697475,0.028631759758873162
1732023300.0,2.36044438654826e-05,2.36044438654826e-05,2.3508043822126e-05,2.3508043822126e-05,3.60824782242,8.49967655538014e-05,-0.004083978589199781,-0.9786286929891099,0.18603234465865937,0.004083978589199781
1732023360.0,2.3508043822126e-05,2.3508043822126e-05,2.30945731825211e-05,2.30945731825211e-05,191.91757882129,0.004471930711133875,-0.017588474937916335,51.612951587001554,0.18527259254617476,0.017588474937916335
1732023420.0,2.30945731825211e-05,2.30945731825211e-05,2.25962503545535e-05,2.25962503545535e-05,22.49680757876,0.0005139488326143228,-0.021577485932701722,-0.8850722728474455,0.18201393019549358,0.021577485932701722
1732023480.0,2.25962503545535e-05,2.25962503545535e-05,2.25339993533726e-05,2.25339993533726e-05,20.95014211412,0.0004727425725133872,-0.0027549261582842776,-0.0801758025041719,0.17808652717714457,0.0027549261582842776
1732023540.0,2.25339993533726e-05,2.25339993533726e-05,2.25068758694445e-05,2.25068758694445e-05,0.41808052224,9.415356317651024e-06,-0.0012036693310742462,-0.9800835446920017,0.17759591194498625,0.0012036693310742462
1732023600.0,2.25068758694445e-05,2.25068758694445e-05,2.2413214740623e-05,2.2413214740623e-05,53.722655124,0.0012066132679917436,-0.004161445123028126,127.1537551297659,0.1773821451924539,0.004161445123028126
1732023660.0,2.2413214740623e-05,2.2435896999883e-05,2.23417512447524e-05,2.23417512447524e-05,15.28876849824,0.0003421241570485051,-0.0031884536287012733,-0.7164591455073854,0.1766439791294305,0.004200457463157445
1732023720.0,2.23417512447524e-05,2.23417512447524e-05,2.22884656072e-05,2.22884656072e-05,22.2884656072,0.0004973695266733093,-0.002385025102493488,0.4537690964710047,0.17608075799318704,0.002385025102493488
1732023780.0,2.22884656072e-05,2.22884656072e-05,2.21646759484146e-05,2.21646759484146e-05,16.77745823903,0.00037290536302150655,-0.005553978500225204,-0.2502448521208969,0.1756608009653072,0.005553978500225204
1732023840.0,2.21646759484146e-05,2.21646759484146e-05,2.21646759484146e-05,2.21646759484146e-05,0.0,0.0,0.0,-1.0,0.17468518465341354,0.0
1732023900.0,2.21646759484146e-05,2.21646759484146e-05,2.20670089191066e-05,2.20670089191066e-05,8.95889509714,0.0001981335123489386,-0.004406427124642312,0.0,0.17468518465341354,0.004406427124642312
1732023960.0,2.20670089191066e-05,2.20721634599996e-05,2.20670089191066e-05,2.20721634599996e-05,1.99430818606,4.401355640078247e-05,0.0002335858435501916,-0.7778591017794662,0.17391544711748358,0.0002335858435501916
1732024020.0,2.20721634599996e-05,2.20721634599996e-05,2.20721634599996e-05,2.20721634599996e-05,0.0,0.0,0.0,-1.0,0.17395607130390495,0.0
1732024080.0,2.20721634599996e-05,2.21007641151358e-05,2.20721634599996e-05,2.21007641151358e-05,9.5104812054,0.00021005289874541033,0.0012957794186343942,0.0,0.17395607130390495,0.0012957794186343942
1732024140.0,2.21007641151358e-05,2.21007641151358e-05,2.2035695460357e-05,2.2035695460357e-05,28.68573878604,0.0006330434751616002,-0.002944181225582142,2.0137335830288428,0.17418148000084704,0.002944181225582142
1732024200.0,2.2035695460357e-05,2.2035695460357e-05,2.1954905032372e-05,2.1954905032372e-05,11.0204926839,0.00024239904544524384,-0.0036663434621496053,-0.6170894180950757,0.17366865815758442,0.0036663434621496053
1732024260.0,2.1954905032372e-05,2.1954905032372e-05,2.19343037932129e-05,2.19343037932129e-05,2.22749433914,4.888148210416185e-05,-0.00093834335100622,-0.7983429265805264,0.17303192920816807,0.00093834335100622
1732024320.0,2.19343037932129e-05,2.19343037932129e-05,2.05577552727869e-05,2.05577552727869e-05,346.7368556969,0.007366781476315862,-0.06275779406556509,149.7069990352981,0.17286956584788382,0.06275779406556509
1732024380.0,2.05577552727869e-05,2.05577552727869e-05,2.05254323704619e-05,2.05254323704619e-05,12.33290800315,0.0002533375868401681,-0.0015722972618410578,-0.9656108182854825,0.16202065323419867,0.0015722972618410578
1732024440.0,2.05254323704619e-05,2.05254323704619e-05,2.01468261674619e-05,2.01468261674619e-05,86.4820184214,0.0017587095060583346,-0.01844571145526035,5.942157806089441,0.16176590860475684,0.01844571145526035
1732024500.0,2.01468261674619e-05,2.01468261674619e-05,2.00750864528136e-05,2.00750864528136e-05,34.34931242358,0.0006907975214338893,-0.0035608444750549434,-0.6072134033197315,0.15878202133133548,0.0035608444750549434
1732024560.0,2.00750864528136e-05,2.00750864528136e-05,1.97182883001216e-05,1.97182883001216e-05,101.32354918642,0.002016002982036337,-0.01777318137735813,1.9183703176174072,0.15821662324793975,0.01777318137735813
1732024620.0,1.97182883001216e-05,1.97182883001216e-05,1.97182883001216e-05,1.97182883001216e-05,0.0,0.0,0.0,-1.0,0.15540461050604096,0.0
1732024680.0,1.97182883001216e-05,1.97182883001216e-05,1.95414800230956e-05,1.95414800230956e-05,6.18383418288,0.00012138794868452998,-0.008966715281513946,0.0,0.15540461050604096,0.008966715281513946
1732024740.0,1.95414800230956e-05,1.95414800230956e-05,1.95414800230956e-05,1.95414800230956e-05,0.0,0.0,0.0,-1.0,0.15401114161019874,0.0
1732024800.0,1.95414800230956e-05,1.95414800230956e-05,1.95414800230956e-05,1.95414800230956e-05,0.0,0.0,0.0,0.0,0.15401114161019874,0.0
1732024860.0,1.95414800230956e-05,1.95414800230956e-05,1.94486189946718e-05,1.94486189946718e-05,19.17476403072,0.0003738129741000488,-0.0047519956683961554,0.0,0.15401114161019874,0.0047519956683961554
1732024920.0,1.94486189946718e-05,1.94486189946718e-05,1.94486189946718e-05,1.94486189946718e-05,0.0,0.0,0.0,-1.0,0.1532792813323823,0.0
1732024980.0,1.94486189946718e-05,1.94486189946718e-05,1.93881397345509e-05,1.93881397345509e-05,0.57417180883,1.1149486004326044e-05,-0.0031096943252099146,0.0,0.1532792813323823,0.0031096943252099146
1732025040.0,1.93881397345509e-05,1.98489417551718e-05,1.93881397345509e-05,1.97526710433505e-05,113.3280448187,0.002217875779039133,0.018801768183565486,197.92179587279526,0.15280262962105076,0.023767211652581575
1732025100.0,1.97526710433505e-05,2.00426653310146e-05,1.97526710433505e-05,2.00426653310146e-05,96.356,0.0019172597158441614,0.014681269537049296,-0.13554233561503143,0.15567558924102498,0.014681269537049296
1732025160.0,2.00426653310146e-05,2.01240677477428e-05,1.98214330520471e-05,1.98214330520471e-05,134.69964842424,0.0026848400184738626,-0.01103806680966508,0.40035280368457477,0.15796110452701143,0.015099523476420662
1732025220.0,1.98214330520471e-05,1.98214330520471e-05,1.98214330520471e-05,1.98214330520471e-05,0.0,0.0,0.0,-1.0,0.1562175193019138,0.0
1732025280.0,1.98214330520471e-05,1.98214330520471e-05,1.98214330520471e-05,1.98214330520471e-05,0.0,0.0,0.0,0.0,0.1562175193019138,0.0
1732025340.0,1.98214330520471e-05,1.98214330520471e-05,1.97302441477227e-05,1.97302441477227e-05,23.92767907257,0.00047318991940898796,-0.004600520259305134,0.0,0.1562175193019138,0.004600520259305134
1732025400.0,1.97302441477227e-05,1.98641561738562e-05,1.97302441477227e-05,1.98641561738562e-05,27.84977630344,0.0005513475959124125,0.006787144909656824,0.16517189673237995,0.15549883743950693,0.006787144909656824
1732025460.0,1.98641561738562e-05,1.98641561738562e-05,1.978794812426e-05,1.978794812426e-05,19.78794812426,0.0003923168914344352,-0.003836460453150324,-0.28844000709715806,0.15655423058249204,0.003836460453150324
1732025520.0,1.978794812426e-05,1.978794812426e-05,1.97475858626653e-05,1.97475858626653e-05,1.07418278931,2.1234195087467858e-05,-0.002039739610253817,-0.9458748895317026,0.15595361646808895,0.002039739610253817
1732025580.0,1.97475858626653e-05,1.98714611933391e-05,1.97475858626653e-05,1.98175436099098e-05,27.3015810491,0.000540095294506822,0.003542597446139603,24.4351668279425,0.15563551169921663,0.0062729354127280534
1732025640.0,1.98175436099098e-05,2.00561827865064e-05,1.97798996151346e-05,1.99976769443229e-05,129.06739166924,0.0025694233328351634,0.009089589404159201,3.7573518209992636,0.15618686566549092,0.013941342923733715
1732025700.0,1.99976769443229e-05,1.99976769443229e-05,1.99976769443229e-05,1.99976769443229e-05,0.0,0.0,0.0,-1.0,0.15760654014471281,0.0
1732025760.0,1.99976769443229e-05,1.99976769443229e-05,1.96754767168537e-05,1.96754767168537e-05,128.72011466168,0.0025533664441285504,-0.016111882813501874,0.0,0.15760654014471281,0.016111882813501874
1732025820.0,1.96754767168537e-05,1.96754767168537e-05,1.93378520605065e-05,1.93378520605065e-05,46.48378951523,0.0009067436815876383,-0.01715966841392952,-0.6448830587271601,0.15506720203925972,0.01715966841392952
1732025880.0,1.93378520605065e-05,1.93378520605065e-05,1.93378520605065e-05,1.93378520605065e-05,0.0,0.0,0.0,-1.0,0.1524063002703902,0.0
1732025940.0,1.93378520605065e-05,1.93378520605065e-05,1.93378520605065e-05,1.93378520605065e-05,0.0,0.0,0.0,0.0,0.1524063002703902,0.0
1732026000.0,1.93378520605065e-05,1.93378520605065e-05,1.92275460356776e-05,1.92275460356776e-05,8.28216655164,0.00015970252508144847,-0.005704150827287336,0.0,0.1524063002703902,0.005704150827287336
1732026060.0,1.92275460356776e-05,1.92275460356776e-05,1.9059499874984e-05,1.9059499874984e-05,58.0563954318,0.0011114039386524257,-0.00873986521118102,5.959213312911668,0.15153695174661905,0.00873986521118102
1732026120.0,1.9059499874984e-05,1.9059499874984e-05,1.85314711305025e-05,1.85314711305025e-05,107.34959161607,0.002017687692945252,-0.02770422875442554,0.8154404737774217,0.15021253921384037,0.02770422875442554
1732026180.0,1.85314711305025e-05,1.85314711305025e-05,1.85314711305025e-05,1.85314711305025e-05,0.0,0.0,0.0,-1.0,0.14605101666567702,0.0
1732026240.0,1.85314711305025e-05,1.85314711305025e-05,1.83293212662783e-05,1.83293212662783e-05,84.85571126945,0.0015639243783921845,-0.010908462841434312,0.0,0.14605101666567702,0.010908462841434312
1732026300.0,1.83293212662783e-05,1.83293212662783e-05,1.83293212662783e-05,1.83293212662783e-05,0.0,0.0,0.0,-1.0,0.14445782457742576,0.0
1732026360.0,1.83293212662783e-05,1.83293212662783e-05,1.82760962624333e-05,1.82760962624333e-05,5.48282887873,0.00010035062017219467,-0.0029038174993922176,0.0,0.14445782457742576,0.0029038174993922176
1732026420.0,1.82760962624333e-05,1.82760962624333e-05,1.81873061468423e-05,1.81873061468423e-05,7.0175794349,0.0001279424114369078,-0.00485826482395522,0.27495386891847334,0.1440383454184937,0.00485826482395522
1732026480.0,1.81873061468423e-05,1.81873061468423e-05,1.81873061468423e-05,1.81873061468423e-05,0.0,0.0,0.0,-1.0,0.14333856899164632,0.0
1732026540.0,1.81873061468423e-05,1.81873061468423e-05,1.81502204102655e-05,1.81502204102655e-05,8.25940265432,0.00015006313164859985,-0.002039100033692426,0.0,0.14333856899164632,0.002039100033692426
1732026600.0,1.81502204102655e-05,1.81502204102655e-05,1.81284758786932e-05,1.81284758786932e-05,10.7069996892,0.00019421799494523097,-0.0011980312679840965,0.29424191546280515,0.14304628731078603,0.0011980312679840965
1732026660.0,1.81284758786932e-05,1.81284758786932e-05,1.81284758786932e-05,1.81284758786932e-05,0.0,0.0,0.0,-1.0,0.14287491338581867,0.0
1732026720.0,1.81284758786932e-05,1.81284758786932e-05,1.81058192077756e-05,1.81058192077756e-05,2.5694183541,4.65505314215242e-05,-0.0012497835487773597,0.0,0.14287491338581867,0.0012497835487773597
1732026780.0,1.81058192077756e-05,1.81058192077756e-05,1.81058192077756e-05,1.81058192077756e-05,0.0,0.0,0.0,-1.0,0.1426963506695361,0.0
1732026840.0,1.81058192077756e-05,1.81058192077756e-05,1.80743476823258e-05,1.80743476823258e-05,2.16353951631,3.913861038671253e-05,-0.0017381994754638837,0.0,0.1426963506695361,0.0017381994754638837
1732026900.0,1.80743476823258e-05,1.81416961410625e-05,1.80743476823258e-05,1.81416961410625e-05,1.04583902137,1.8938075915072725e-05,0.0037261902847291763,-0.5161280452230324,0.1424483159476517,0.0037261902847291763
1732026960.0,1.81416961410625e-05,1.81416961410625e-05,1.79040567888091e-05,1.79040567888091e-05,55.1358019884,0.0009937057480320947,-0.013099070252616661,51.47131506327995,0.14297910547861187,0.013099070252616661
1732027020.0,1.79040567888091e-05,1.79040567888091e-05,1.78332038909013e-05,1.78332038909013e-05,4.46768370837,7.983138866025697e-05,-0.003957365570471383,-0.9196629497028143,0.14110621213129124,0.003957365570471383
1732027080.0,1.78332038909013e-05,1.78332038909013e-05,1.78332038909013e-05,1.78332038909013e-05,0.0,0.0,0.0,-1.0,0.14054780326562324,0.0
1732027140.0,1.78332038909013e-05,1.78332038909013e-05,1.78332038909013e-05,1.78332038909013e-05,0.0,0.0,0.0,0.0,0.14054780326562324,0.0
1732027200.0,1.78332038909013e-05,1.78614967503512e-05,1.78332038909013e-05,1.78614967503512e-05,3.6704956319,6.550862139284772e-05,0.0015865269989054445,0.0,0.14054780326562324,0.0015865269989054445
1732027260.0,1.78614967503512e-05,1.79757886205445e-05,1.78614967503512e-05,1.79757886205445e-05,1.1984,2.14737013942407e-05,0.006398784591837339,-0.6722003770241879,0.140770786150141,0.006398784591837339
1732027320.0,1.79757886205445e-05,1.79757886205445e-05,1.79757886205445e-05,1.79757886205445e-05,0.0,0.0,0.0,-1.0,0.14167154808753935,0.0
1732027380.0,1.79757886205445e-05,1.79757886205445e-05,1.78745176767598e-05,1.78745176767598e-05,6.6331620891,0.00011890044630695093,-0.0056337413574701406,0.0,0.14167154808753935,0.0056337413574701406
1732027440.0,1.78745176767598e-05,1.79837132869696e-05,1.78745176767598e-05,1.79837132869696e-05,0.98790667494,1.771229286030423e-05,0.006109010166566671,-0.851032578846857,0.14087340722790176,0.006109010166566671
1732027500.0,1.79837132869696e-05,1.79837132869696e-05,1.79837132869696e-05,1.79837132869696e-05,0.0,0.0,0.0,-1.0,0.1417340043048559,0.0
1732027560.0,1.79837132869696e-05,1.79837132869696e-05,1.79070331799993e-05,1.79070331799993e-05,10.45761755374,0.0001876658501349029,-0.004263863961057517,0.0,0.1417340043048559,0.004263863961057517
1732027620.0,1.79070331799993e-05,1.79070331799993e-05,1.79070331799993e-05,1.79070331799993e-05,0.0,0.0,0.0,-1.0,0.14112966979184405,0.0
1732027680.0,1.79070331799993e-05,1.79070331799993e-05,1.79070331799993e-05,1.79070331799993e-05,0.0,0.0,0.0,0.0,0.14112966979184405,0.0
1732027740.0,1.79070331799993e-05,1.79070331799993e-05,1.79070331799993e-05,1.79070331799993e-05,0.0,0.0,0.0,0.0,0.14112966979184405,0.0
1732027800.0,1.79070331799993e-05,1.79070331799993e-05,1.78113927126431e-05,1.78113927126431e-05,42.76592964266,0.000763765844335655,-0.005340944331471962,0.0,0.14112966979184405,0.005340944331471962
1732027860.0,1.78113927126431e-05,1.9056978404385e-05,1.78113927126431e-05,1.9056978404385e-05,668.009244,0.012314206358698688,0.06993196499775899,15.123012635384253,0.1403759040819668,0.06993196499775899
1732027920.0,1.9056978404385e-05,1.9056978404385e-05,1.9056978404385e-05,1.9056978404385e-05,0.0,0.0,0.0,-1.0,0.15019266689275568,0.0
1732027980.0,1.9056978404385e-05,1.9056978404385e-05,1.9056978404385e-05,1.9056978404385e-05,0.0,0.0,0.0,0.0,0.15019266689275568,0.0
1732028040.0,1.9056978404385e-05,1.9056978404385e-05,1.9056978404385e-05,1.9056978404385e-05,0.0,0.0,0.0,0.0,0.15019266689275568,0.0
1732028100.0,1.9056978404385e-05,2.0739853748275e-05,1.9056978404385e-05,2.0739853748275e-05,133.9700022,0.0026657908455224454,0.08830756419930523,0.0,0.15019266689275568,0.08830756419930523
1732028160.0,2.0739853748275e-05,2.0739853748275e-05,2.0739853748275e-05,2.0739853748275e-05,0.0,0.0,0.0,-1.0,0.16345581546665255,0.0
1732028220.0,2.0739853748275e-05,2.0739853748275e-05,2.0739853748275e-05,2.0739853748275e-05,0.0,0.0,0.0,0.0,0.16345581546665255,0.0
1732028280.0,2.0739853748275e-05,2.0739853748275e-05,2.0739853748275e-05,2.0739853748275e-05,0.0,0.0,0.0,0.0,0.16345581546665255,0.0
1732028340.0,2.0739853748275e-05,2.0739853748275e-05,2.0739853748275e-05,2.0739853748275e-05,0.0,0.0,0.0,0.0,0.16345581546665255,0.0
1732028400.0,2.0739853748275e-05,2.0739853748275e-05,2.0739853748275e-05,2.0739853748275e-05,0.0,0.0,0.0,0.0,0.16345581546665255,0.0
1732028460.0,2.0739853748275e-05,2.08788480358623e-05,2.06967024666019e-05,2.08788480358623e-05,109.69851763236,0.002282754945751559,0.00670179690147816,0.0,0.16345581546665255,0.008782394103215428
1732028520.0,2.08788480358623e-05,2.08876827073417e-05,2.08788480358623e-05,2.08876827073417e-05,119.735,0.0025004577792687656,0.0004231397950799922,0.0953684642858289,0.16455126314427557,0.0004231397950799922
1732028580.0,2.08876827073417e-05,2.10439599073274e-05,2.08876827073417e-05,2.10439599073274e-05,3.7882604034,7.94239906833355e-05,0.007481787337317723,-0.9682362200466499,0.16462089133204258,0.007481787337317723
1732028640.0,2.10439599073274e-05,2.10439599073274e-05,2.10439599073274e-05,2.10439599073274e-05,0.0,0.0,0.0,-1.0,0.1658525498322686,0.0
1732028700.0,2.10439599073274e-05,2.10439599073274e-05,2.10439599073274e-05,2.10439599073274e-05,0.0,0.0,0.0,0.0,0.1658525498322686,0.0
1732028760.0,2.10439599073274e-05,2.13989213254111e-05,2.10439599073274e-05,2.13989213254111e-05,96.212,0.0020417572445821184,0.01686761520392854,0.0,0.1658525498322686,0.01686761520392854
1732028820.0,2.13989213254111e-05,2.13989213254111e-05,2.13989213254111e-05,2.13989213254111e-05,0.0,0.0,0.0,-1.0,0.1686500868234297,0.0
1732028880.0,2.13989213254111e-05,2.16309492654081e-05,2.13989213254111e-05,2.16309492654081e-05,2.4089,5.1827327633112186e-05,0.0108429736465955,0.0,0.1686500868234297,0.0108429736465955
1732028940.0,2.16309492654081e-05,2.16845012390065e-05,2.16309492654081e-05,2.16845012390065e-05,24.089,0.0005217129436004217,0.002475710748581752,9.06636782999211,0.1704787552703522,0.002475710748581752
1732029000.0,2.16845012390065e-05,2.18367542201904e-05,2.16845012390065e-05,2.18367542201904e-05,50.589,0.001100848396212656,0.007021281213977201,1.110065333276056,0.17090081135717983,0.007021281213977201
1732029060.0,2.18367542201904e-05,2.18367542201904e-05,2.18367542201904e-05,2.18367542201904e-05,0.0,0.0,0.0,-1.0,0.17210075401341546,0.0
1732029120.0,2.18367542201904e-05,2.18367542201904e-05,2.18367542201904e-05,2.18367542201904e-05,0.0,0.0,0.0,0.0,0.17210075401341546,0.0
1732029180.0,2.18367542201904e-05,2.19487370759535e-05,2.18206824974163e-05,2.19487370759535e-05,10.63086279708,0.00023273877523602318,0.00512818226710442,0.0,0.17210075401341546,0.005864176390225533
1732029240.0,2.19487370759535e-05,2.19487370759535e-05,2.19487370759535e-05,2.19487370759535e-05,0.0,0.0,0.0,-1.0,0.17298331804830236,0.0
1732029300.0,2.19487370759535e-05,2.19487370759535e-05,2.19487370759535e-05,2.19487370759535e-05,0.0,0.0,0.0,0.0,0.17298331804830236,0.0
1732029360.0,2.19487370759535e-05,2.19901836241707e-05,2.19487370759535e-05,2.19901836241707e-05,27.03161294708,0.0005938699488390993,0.0018883340792582146,0.0,0.17298331804830236,0.0018883340792582146
1732029420.0,2.19901836241707e-05,2.19901836241707e-05,2.1841151074544e-05,2.1841151074544e-05,4.62576249342,0.00010137667204292654,-0.006777230794147989,-0.8292948275273091,0.17330996834291615,0.006777230794147989
1732029480.0,2.1841151074544e-05,2.1841151074544e-05,2.15194308206445e-05,2.15194308206445e-05,79.92032760199,0.001732695955038191,-0.014730004513107698,16.091663398700884,0.17213540668852972,0.014730004513107698
1732029540.0,2.15194308206445e-05,2.16278851225858e-05,2.15176043746177e-05,2.15176043746177e-05,3.04276303065,6.547574982046336e-05,-8.487427209508804e-05,-0.9622116334778308,0.16959985137114203,0.005124705615461883
1732029600.0,2.15176043746177e-05,2.15176043746177e-05,2.15176043746177e-05,2.15176043746177e-05,0.0,0.0,0.0,-1.0,0.16958545670720948,0.0
1732029660.0,2.15176043746177e-05,2.15176043746177e-05,2.15176043746177e-05,2.15176043746177e-05,0.0,0.0,0.0,0.0,0.16958545670720948,0.0
1732029720.0,2.15176043746177e-05,2.16570924543803e-05,2.15176043746177e-05,2.16570924543803e-05,27.8935815942,0.0006021484644022518,0.006482509731759055,0.0,0.16958545670720948,0.006482509731759055
1732029780.0,2.16570924543803e-05,2.16570924543803e-05,2.15184704043944e-05,2.15184704043944e-05,26.45175561633,0.0005710347186689013,-0.0064007691834858,-0.05167121992785769,0.17068479608067877,0.0064007691834858
1732029840.0,2.15184704043944e-05,2.15184704043944e-05,2.15184704043944e-05,2.15184704043944e-05,0.0,0.0,0.0,-1.0,0.169592282097836,0.0
1732029900.0,2.15184704043944e-05,2.15184704043944e-05,2.00746847254644e-05,2.00746847254644e-05,703.68316962096,0.014634201618157665,-0.06709518157178851,0.0,0.169592282097836,0.06709518157178851
1732029960.0,2.00746847254644e-05,2.00746847254644e-05,1.87413580365558e-05,1.87413580365558e-05,2.2066764426,4.282722357895211e-05,-0.06641831277266824,-0.9970734841095934,0.15821345713730772,0.06641831277266824
1732030020.0,1.87413580365558e-05,1.87413580365558e-05,1.87413580365558e-05,1.87413580365558e-05,0.0,0.0,0.0,-1.0,0.14770518625631687,0.0
1732030080.0,1.87413580365558e-05,1.87413580365558e-05,1.87413580365558e-05,1.87413580365558e-05,0.0,0.0,0.0,0.0,0.14770518625631687,0.0
1732030140.0,1.87413580365558e-05,1.87413580365558e-05,1.87413580365558e-05,1.87413580365558e-05,0.0,0.0,0.0,0.0,0.14770518625631687,0.0
1732030200.0,1.87413580365558e-05,1.87413580365558e-05,1.87413580365558e-05,1.87413580365558e-05,0.0,0.0,0.0,0.0,0.14770518625631687,0.0
1732030260.0,1.87413580365558e-05,1.87413580365558e-05,1.87413580365558e-05,1.87413580365558e-05,0.0,0.0,0.0,0.0,0.14770518625631687,0.0
1732030320.0,1.87413580365558e-05,1.87413580365558e-05,1.87193912907045e-05,1.87193912907045e-05,0.2977707287,5.577357312413167e-06,-0.0011721000051571223,0.0,0.14770518625631687,0.0011721000051571223
1732030380.0,1.87193912907045e-05,1.87193912907045e-05,1.83895542794533e-05,1.83895542794533e-05,141.67574176971,0.00262871869497195,-0.017620071407716462,470.3197573197219,0.14753206100674413,0.017620071407716462
1732030440.0,1.83895542794533e-05,1.83895542794533e-05,1.82292113470371e-05,1.82292113470371e-05,6.3456434207,0.00011618481458594707,-0.008719239736840804,-0.9558017315400928,0.1449325355568777,0.008719239736840804
1732030500.0,1.82292113470371e-05,1.82292113470371e-05,1.82292113470371e-05,1.82292113470371e-05,0.0,0.0,0.0,-1.0,0.14366883403368907,0.0
1732030560.0,1.82292113470371e-05,1.82292113470371e-05,1.82168840068203e-05,1.82168840068203e-05,11.19615802239,0.00020402812144044072,-0.0006762410058296142,0.0,0.14366883403368907,0.0006762410058296142
1732030620.0,1.82168840068203e-05,1.82168840068203e-05,1.82168840068203e-05,1.82168840068203e-05,0.0,0.0,0.0,-1.0,0.14357167927685577,0.0
1732030680.0,1.82168840068203e-05,1.82168840068203e-05,1.82168840068203e-05,1.82168840068203e-05,0.0,0.0,0.0,0.0,0.14357167927685577,0.0
1732030740.0,1.82168840068203e-05,1.82168840068203e-05,1.81802241858221e-05,1.81802241858221e-05,11.79832202658,0.00021471240164653408,-0.0020124089819354126,0.0,0.14357167927685577,0.0020124089819354126
1732030800.0,1.81802241858221e-05,1.81802241858221e-05,1.81802241858221e-05,1.81802241858221e-05,0.0,0.0,0.0,-1.0,0.1432827543399275,0.0
1732030860.0,1.81802241858221e-05,1.82592056873196e-05,1.81802241858221e-05,1.82592056873196e-05,6.48486,0.00011815230060357086,0.00434436345174961,0.0,0.1432827543399275,0.00434436345174961
1732030920.0,1.82592056873196e-05,1.8381219393419e-05,1.82592056873196e-05,1.8381219393419e-05,59.53213875,0.001090641434882755,0.006682311826090767,8.230809974171532,0.14390522670114786,0.006682311826090767
1732030980.0,1.8381219393419e-05,1.8381219393419e-05,1.8381219393419e-05,1.8381219393419e-05,0.0,0.0,0.0,-1.0,0.14486684629936922,0.0
1732031040.0,1.8381219393419e-05,1.8381219393419e-05,1.8381219393419e-05,1.8381219393419e-05,0.0,0.0,0.0,0.0,0.14486684629936922,0.0
1732031100.0,1.8381219393419e-05,1.8381219393419e-05,1.8381219393419e-05,1.8381219393419e-05,0.0,0.0,0.0,0.0,0.14486684629936922,0.0
1732031160.0,1.8381219393419e-05,1.84269793560075e-05,1.8381219393419e-05,1.84269793560075e-05,3.4684600062,6.383388263132333e-05,0.002489495479548307,0.0,0.14486684629936922,0.002489495479548307
1732031220.0,1.84269793560075e-05,1.84269793560075e-05,1.84247829001217e-05,1.84247829001217e-05,0.98337443556,1.8119540454006185e-05,-0.00011919782636999777,-0.7161454120117251,0.14522749165836793,0.00011919782636999777
1732031280.0,1.84247829001217e-05,1.84247829001217e-05,1.83260287959069e-05,1.83260287959069e-05,59.35339030908,0.0010906426353849438,-0.005359851714407373,59.19151744788348,0.14521018085703308,0.005359851714407373
1732031340.0,1.83260287959069e-05,1.83260287959069e-05,1.82312653880459e-05,1.82312653880459e-05,2.22322333024,4.063751466010547e-05,-0.0051709734234492806,-0.9627398440683897,0.1444318758202171,0.0051709734234492806
1732031400.0,1.82312653880459e-05,1.82312653880459e-05,1.76041942593327e-05,1.76041942593327e-05,337.7418717732,0.006051567608579313,-0.03439537055526407,147.9157902296677,0.14368502242885184,0.03439537055526407
1732031460.0,1.76041942593327e-05,1.76041942593327e-05,1.76041942593327e-05,1.76041942593327e-05,0.0,0.0,0.0,-1.0,0.13874292283917006,0.0
1732031520.0,1.76041942593327e-05,1.76041942593327e-05,1.70159393776802e-05,1.70159393776802e-05,1.14935604624,1.989542995866879e-05,-0.03341560954092747,0.0,0.13874292283917006,0.03341560954092747
1732031580.0,1.70159393776802e-05,1.70159393776802e-05,1.70159393776802e-05,1.70159393776802e-05,0.0,0.0,0.0,-1.0,0.1341067435030093,0.0
1732031640.0,1.70159393776802e-05,1.70159393776802e-05,1.70159393776802e-05,1.70159393776802e-05,0.0,0.0,0.0,0.0,0.1341067435030093,0.0
1732031700.0,1.70159393776802e-05,1.70159393776802e-05,1.70159393776802e-05,1.70159393776802e-05,0.0,0.0,0.0,0.0,0.1341067435030093,0.0
1732031760.0,1.70159393776802e-05,1.70159393776802e-05,1.70159393776802e-05,1.70159393776802e-05,0.0,0.0,0.0,0.0,0.1341067435030093,0.0
1732031820.0,1.70159393776802e-05,1.70159393776802e-05,1.69742950004678e-05,1.69742950004678e-05,2.03593463388,3.460094769208507e-05,-0.00244737456381786,0.0,0.1341067435030093,0.00244737456381786
1732031880.0,1.69742950004678e-05,1.69742950004678e-05,1.69742950004678e-05,1.69742950004678e-05,0.0,0.0,0.0,-1.0,0.1337785340701236,0.0
1732031940.0,1.69742950004678e-05,1.69742950004678e-05,1.69742950004678e-05,1.69742950004678e-05,0.0,0.0,0.0,0.0,0.1337785340701236,0.0
1732032000.0,1.69742950004678e-05,1.69742950004678e-05,1.69099814398297e-05,1.69099814398297e-05,47.29618850002,0.0008012985628535485,-0.0037888796345491383,0.0,0.1337785340701236,0.0037888796345491383
1732032060.0,1.69099814398297e-05,1.69099814398297e-05,1.69099814398297e-05,1.69099814398297e-05,0.0,0.0,0.0,-1.0,0.13327166330684548,0.0
1732032120.0,1.69099814398297e-05,1.69099814398297e-05,1.69099814398297e-05,1.69099814398297e-05,0.0,0.0,0.0,0.0,0.13327166330684548,0.0
1732032180.0,1.69099814398297e-05,1.69099814398297e-05,1.69099814398297e-05,1.69099814398297e-05,0.0,0.0,0.0,0.0,0.13327166330684548,0.0
1732032240.0,1.69099814398297e-05,1.69099814398297e-05,1.69099814398297e-05,1.69099814398297e-05,0.0,0.0,0.0,0.0,0.13327166330684548,0.0
1732032300.0,1.69099814398297e-05,1.69699486107709e-05,1.69099814398297e-05,1.69699486107709e-05,36.3289477536,0.0006154111043519459,0.003546258826751626,0.0,0.13327166330684548,0.003546258826751626
1732032360.0,1.69699486107709e-05,1.69699486107709e-05,1.69699486107709e-05,1.69699486107709e-05,0.0,0.0,0.0,-1.0,0.13374427911920325,0.0
1732032420.0,1.69699486107709e-05,1.71002005102862e-05,1.69149772890114e-05,1.71002005102862e-05,100.65782872709,0.0017147136174668909,0.0076754445462862125,0.0,0.13374427911920325,0.010914777971527748
1732032480.0,1.71002005102862e-05,1.71002005102862e-05,1.71002005102862e-05,1.71002005102862e-05,0.0,0.0,0.0,-1.0,0.1347708259169657,0.0
1732032540.0,1.71002005102862e-05,1.71002005102862e-05,1.71002005102862e-05,1.71002005102862e-05,0.0,0.0,0.0,0.0,0.1347708259169657,0.0
1732032600.0,1.71002005102862e-05,1.71002005102862e-05,1.71002005102862e-05,1.71002005102862e-05,0.0,0.0,0.0,0.0,0.1347708259169657,0.0
1732032660.0,1.71002005102862e-05,1.71002005102862e-05,1.71002005102862e-05,1.71002005102862e-05,0.0,0.0,0.0,0.0,0.1347708259169657,0.0
1732032720.0,1.71002005102862e-05,1.71002005102862e-05,1.71002005102862e-05,1.71002005102862e-05,0.0,0.0,0.0,0.0,0.1347708259169657,0.0
1732032780.0,1.71002005102862e-05,1.72920200574493e-05,1.71002005102862e-05,1.72920200574493e-05,54.40950411987,0.0009356318333358411,0.01121738584572243,0.0,0.1347708259169657,0.01121738584572243
1732032840.0,1.72920200574493e-05,1.76446344729752e-05,1.72920200574493e-05,1.76446344729752e-05,144.42,0.0025227758236419525,0.02039174222296804,1.696333893052154,0.13628260227202302,0.02039174222296804
1732032900.0,1.76446344729752e-05,1.79618086184515e-05,1.76446344729752e-05,1.79618086184515e-05,24.2819600571,0.0004322971144607137,0.01797567107225097,-0.8286422795043925,0.1390616419670294,0.01797567107225097
1732032960.0,1.79618086184515e-05,1.79618086184515e-05,1.79618086184515e-05,1.79618086184515e-05,0.0,0.0,0.0,-1.0,0.14156136830179583,0.0
1732033020.0,1.79618086184515e-05,1.79618086184515e-05,1.79618086184515e-05,1.79618086184515e-05,0.0,0.0,0.0,0.0,0.14156136830179583,0.0
1732033080.0,1.79618086184515e-05,1.79618086184515e-05,1.78995564079003e-05,1.78995564079003e-05,13.1994800058,0.00023667568532301296,-0.0034658097006585223,0.0,0.14156136830179583,0.0034658097006585223
1732033140.0,1.78995564079003e-05,1.79813306202664e-05,1.78995564079003e-05,1.79813306202664e-05,0.783575,1.4057683026547862e-05,0.004568504967531354,-0.9406036027428756,0.14107074353829696,0.004568504967531354
1732033200.0,1.79813306202664e-05,1.79813306202664e-05,1.79813306202664e-05,1.79813306202664e-05,0.0,0.0,0.0,-1.0,0.14171522593092503,0.0
1732033260.0,1.79813306202664e-05,1.79813306202664e-05,1.79813306202664e-05,1.79813306202664e-05,0.0,0.0,0.0,0.0,0.14171522593092503,0.0
1732033320.0,1.79813306202664e-05,1.79813306202664e-05,1.78736944224809e-05,1.78736944224809e-05,12.9253114414,0.00023171868270835258,-0.005985997369081573,0.0,0.14171522593092503,0.005985997369081573
1732033380.0,1.78736944224809e-05,1.78736944224809e-05,1.75925436708026e-05,1.75925436708026e-05,143.99364072,0.0025534563728471208,-0.015729862278762004,10.019639603514275,0.1408669189613437,0.015729862278762004
1732033440.0,1.75925436708026e-05,1.75925436708026e-05,1.70524832999925e-05,1.70524832999925e-05,83.2005072188,0.001441241908289579,-0.03069825381229023,-0.4355721430703025,0.13865110172644823,0.03069825381229023
1732033500.0,1.70524832999925e-05,1.70524832999925e-05,1.70524832999925e-05,1.70524832999925e-05,0.0,0.0,0.0,-1.0,0.13439475501429607,0.0
1732033560.0,1.70524832999925e-05,1.70524832999925e-05,1.70524832999925e-05,1.70524832999925e-05,0.0,0.0,0.0,0.0,0.13439475501429607,0.0
1732033620.0,1.70524832999925e-05,1.70524832999925e-05,1.70524832999925e-05,1.70524832999925e-05,0.0,0.0,0.0,0.0,0.13439475501429607,0.0
1732033680.0,1.70524832999925e-05,1.70524832999925e-05,1.70524832999925e-05,1.70524832999925e-05,0.0,0.0,0.0,0.0,0.13439475501429607,0.0
1732033740.0,1.70524832999925e-05,1.70524832999925e-05,1.70524832999925e-05,1.70524832999925e-05,0.0,0.0,0.0,0.0,0.13439475501429607,0.0
1732033800.0,1.70524832999925e-05,1.70524832999925e-05,1.70524832999925e-05,1.70524832999925e-05,0.0,0.0,0.0,0.0,0.13439475501429607,0.0
1732033860.0,1.70524832999925e-05,1.70524832999925e-05,1.70524832999925e-05,1.70524832999925e-05,0.0,0.0,0.0,0.0,0.13439475501429607,0.0
1732033920.0,1.70524832999925e-05,1.70524832999925e-05,1.70524832999925e-05,1.70524832999925e-05,0.0,0.0,0.0,0.0,0.13439475501429607,0.0
1732033980.0,1.70524832999925e-05,1.70524832999925e-05,1.70524832999925e-05,1.70524832999925e-05,0.0,0.0,0.0,0.0,0.13439475501429607,0.0
1732034040.0,1.70524832999925e-05,1.72150796190121e-05,1.70524832999925e-05,1.72150796190121e-05,21.7863,0.0003732817030111549,0.009535052236038403,0.0,0.13439475501429607,0.009535052236038403
1732034100.0,1.72150796190121e-05,1.72150796190121e-05,1.72150796190121e-05,1.72150796190121e-05,0.0,0.0,0.0,-1.0,0.13567621602360697,0.0
1732034160.0,1.72150796190121e-05,1.72150796190121e-05,1.72150796190121e-05,1.72150796190121e-05,0.0,0.0,0.0,0.0,0.13567621602360697,0.0
1732034220.0,1.72150796190121e-05,1.72150796190121e-05,1.72150796190121e-05,1.72150796190121e-05,0.0,0.0,0.0,0.0,0.13567621602360697,0.0
1732034280.0,1.72150796190121e-05,1.72150796190121e-05,1.71030285045218e-05,1.71030285045218e-05,18.14218346471,0.0003113027068694534,-0.006508893189582039,0.0,0.13567621602360697,0.006508893189582039
1732034340.0,1.71030285045218e-05,1.71030285045218e-05,1.71030285045218e-05,1.71030285045218e-05,0.0,0.0,0.0,-1.0,0.13479311402514263,0.0
1732034400.0,1.71030285045218e-05,1.71030285045218e-05,1.71030285045218e-05,1.71030285045218e-05,0.0,0.0,0.0,0.0,0.13479311402514263,0.0
1732034460.0,1.71030285045218e-05,1.71614909207808e-05,1.71030285045218e-05,1.71614909207808e-05,6.94513253422,0.00011898581431504112,0.0034182493611317273,0.0,0.13479311402514263,0.0034182493611317273
1732034520.0,1.71614909207808e-05,1.71614909207808e-05,1.71614909207808e-05,1.71614909207808e-05,0.0,0.0,0.0,-1.0,0.13525387050104404,0.0
1732034580.0,1.71614909207808e-05,1.71614909207808e-05,1.71614909207808e-05,1.71614909207808e-05,0.0,0.0,0.0,0.0,0.13525387050104404,0.0
