0,1,2,3,4,5
1733880600,0.000261489266651514,0.000261575140478423,0.000260612999087351,0.000261575140478423,138.5340301752
1733880480,0.000260480861571847,0.000261489266651514,0.000260480861571847,0.000261489266651514,10.636812
1733880420,0.000261061917612081,0.00026181170447929,0.000260480861571847,0.000260480861571847,65.10833743533
1733880360,0.000263296902079628,0.000263296902079628,0.000261061917612081,0.000261061917612081,97.31459494756
1733880300,0.000264509387511548,0.000264509387511548,0.00026261069593948,0.000263296902079628,114.82628148602
1733880240,0.000263661505982459,0.000264509387511548,0.00026162852721747,0.000264509387511548,208.48793640719
1733880180,0.000263529649415263,0.000263661505982459,0.000263529649415263,0.000263661505982459,2.13777315
1733880120,0.000262050449799839,0.000263529649415263,0.000261632550994949,0.000263529649415263,121.2934559764
1733880060,0.000262675425489171,0.000263764633609629,0.000262050449799839,0.000262050449799839,53.65823526716
1733880000,0.000264705298382125,0.000264705298382125,0.000262675425489171,0.000262675425489171,144.73028123931
1733879940,0.000262604586537922,0.000264705298382125,0.000262604586537922,0.000264705298382125,131.7811055394
1733879880,0.000259826596157229,0.000262604586537922,0.000259826596157229,0.000262604586537922,321.5725652886
1733879820,0.000262311605863222,0.000262311605863222,0.000259826596157229,0.000259826596157229,227.5184888325
1733879760,0.000265179150693453,0.000265179150693453,0.000262311605863222,0.000262311605863222,57.78568447996
1733879700,0.000272267600697386,0.00027228646677691,0.000265179150693453,0.000265179150693453,861.08822419407
1733879640,0.000274195989274242,0.000274195989274242,0.000272170958871513,0.000272267600697386,307.12227420155
1733879580,0.000274687991038274,0.000274687991038274,0.000272742854090683,0.000274195989274242,55.38654760282
1733879520,0.000274680964866,0.00027605168331,0.000273486491300495,0.000274687991038274,175.18874420934
1733879460,0.000272439167889401,0.000276122756481405,0.000272439167889401,0.000274680964866,344.787994735
1733879400,0.000274003022356632,0.000274203575070426,0.000272439167889401,0.000272439167889401,95.77905667882
1733879340,0.000268636725662754,0.000303865759451182,0.000268636725662754,0.000274003022356632,4387.42419356412
1733879280,0.000255956066390626,0.000268636725662754,0.000255956066390626,0.000268636725662754,1551.1827868759
1733879220,0.000255463803402382,0.00025719127599234,0.000254216081804142,0.000255956066390626,271.54706577594
1733879160,0.000251160683284477,0.000255463803402382,0.000251160683284477,0.000255463803402382,235.80573581526
1733879100,0.000243160186111997,0.000251160683284477,0.000243160186111997,0.000251160683284477,630.72171557836
1733879040,0.000243427244939188,0.000245223865274248,0.000242784491313645,0.000243160186111997,503.78514411244
1733878980,0.000245289509479528,0.000245289509479528,0.000241391539596784,0.000243427244939188,1005.47203898968
1733878920,0.00025214090294806,0.00025214090294806,0.000244539953796558,0.000245289509479528,298.7983162628
1733878860,0.0002592880246651,0.0002592880246651,0.00025214090294806,0.00025214090294806,757.22203198795
1733878800,0.000257999101638979,0.000259871603895155,0.000257248295459533,0.0002592880246651,330.89678090526
1733878740,0.000256037739448672,0.000258809318568812,0.000256037739448672,0.000257999101638979,459.49535173376
1733878680,0.000263775063024761,0.000265124525336853,0.000252037394786857,0.000256037739448672,4206.50658689836
1733878620,0.000268790952171072,0.000290702924377874,0.000259780965313611,0.000263775063024761,10831.58241405799
1733878560,0.000264995675833983,0.000337643366556196,0.000259270782950115,0.000268790952171072,12251.9626205773
1733878500,0.000284386647830558,0.000284519727472451,0.000259907092993731,0.000264995675833983,5143.51771633677
1733878440,0.000380817331037096,0.000380817331037096,0.000266893918423876,0.000284386647830558,28821.15610887437
1733878380,0.000388917938019357,0.00038895677473416,0.000380817331037096,0.000380817331037096,896.20824353205
1733878320,0.000401646385841537,0.000407393860272005,0.000388917938019357,0.000388917938019357,1749.06757928039
1733878260,0.000398830565015165,0.000415256386789524,0.000395576238797625,0.000401646385841537,2224.617798621
1733878200,0.000376046372552157,0.000398830565015165,0.000376046372552157,0.000398830565015165,1849.3744978818
1733878140,0.000365599798811325,0.00040152883075844,0.000365599798811325,0.000376046372552157,4141.99441588194
1733878080,0.000328882190174433,0.000365599798811325,0.000328709029623081,0.000365599798811325,2320.4228799895
1733878020,0.000331824633662042,0.000331824633662042,0.000328882190174433,0.000328882190174433,284.96885539422
1733877960,0.000331132913993451,0.000331824633662042,0.000330571686310726,0.000331824633662042,102.03557764708
1733877900,0.000330322936108552,0.000332501140586444,0.00033009478595109,0.000331132913993451,119.4323124619
1733877840,0.000339533609993138,0.000339533609993138,0.0003256542374155,0.000330322936108552,1757.35007108454
1733877780,0.000354628577127017,0.000354628577127017,0.000339533609993138,0.000339533609993138,1228.41138000205
1733877720,0.000361726637741433,0.000362306686481277,0.000352141011422671,0.000354628577127017,1600.61435635295
1733877660,0.000353407856405047,0.000367096753150374,0.000353407856405047,0.000361726637741433,1500.49056829201
1733877600,0.000353960675212787,0.000356293565715877,0.000351973587480062,0.000353407856405047,421.09420981264
1733877540,0.000346317704746636,0.000371390344903356,0.000341375181643006,0.000353960675212787,4921.78218212287
1733877480,0.000307673024153785,0.000384804929486659,0.000307673024153785,0.000346317704746636,10462.28452675416
1733877420,0.000215018535590003,0.000307673024153785,0.000215018535590003,0.000307673024153785,9771.97297341067
1733877360,0.000202331332654842,0.000227223620206242,0.000201535143177391,0.000215018535590003,5090.20699188606
1733877300,0.000205900920548758,0.000209849386026273,0.000202331332654842,0.000202331332654842,1193.19858676272
1733877240,0.000200044779195643,0.000209477163996521,0.000200044779195643,0.000205900920548758,1318.3471510376
1733877180,0.000192184433222473,0.000200044779195643,0.000192184433222473,0.000200044779195643,1057.7655812469
1733877120,0.000186345479948961,0.000192184433222473,0.000186345479948961,0.000192184433222473,429.19736257024
1733877060,0.000184927063320059,0.000186345479948961,0.000184017203230364,0.000186345479948961,191.7529355716
1733877000,0.000181370854221885,0.000184927063320059,0.000181370854221885,0.000184927063320059,216.32437379383
1733876940,0.000178953831151684,0.000181370854221885,0.000178953831151684,0.000181370854221885,48.81728578987
1733876880,0.000174690598091296,0.000195308060229345,0.000174522657753276,0.000178953831151684,3841.10057643697
1733876820,0.000185120663997747,0.000185120663997747,0.000174690598091296,0.000174690598091296,13.82009423518
1733876760,0.000196597134434082,0.000196597134434082,0.000185120663997747,0.000185120663997747,1769.7518322825
1733876700,0.000199379232039531,0.000199379232039531,0.000196597134434082,0.000196597134434082,31.54183763229
1733876640,0.000203418907950039,0.000203471643693199,0.000199379232039531,0.000199379232039531,477.38572922891
1733876580,0.000201129950782357,0.000203418907950039,0.000201129950782357,0.000203418907950039,158.72729126914
1733876520,0.000199254335127426,0.000201129950782357,0.000197102183455708,0.000201129950782357,777.68866685231
1733876460,0.000196516522555317,0.000199254335127426,0.000195640571426551,0.000199254335127426,448.3198765182
1733876400,0.000194277803535087,0.000196516522555317,0.000194277803535087,0.000196516522555317,143.58659575348
1733876340,0.000196150854585707,0.000196150854585707,0.000194277803535087,0.000194277803535087,122.14235421386
1733876280,0.000205113719606386,0.000205113719606386,0.000196150854585707,0.000196150854585707,317.12645692513
1733876220,0.000213737722378602,0.000215069972087798,0.000205113719606386,0.000205113719606386,1379.80335012938
1733876160,0.000214553388413214,0.000230231328089196,0.000213011070498166,0.000213737722378602,2664.25497616318
1733876100,0.00021556403908371,0.00021556403908371,0.00021395991711415,0.000214553388413214,110.92228255599
1733876040,0.000225582243778442,0.000225582243778442,0.00021556403908371,0.00021556403908371,474.30673988341
1733875980,0.000233346651946454,0.000233731287754722,0.000225582243778442,0.000225582243778442,1027.54561655704
1733875920,0.000231507980405861,0.000233346651946454,0.000231507980405861,0.000233346651946454,67.94156171197
1733875860,0.000224701671046164,0.000231507980405861,0.000224701671046164,0.000231507980405861,620.6506212441
1733875800,0.000217318792054677,0.000224701671046164,0.000217318792054677,0.000224701671046164,776.13628230796
1733875740,0.000244747239014438,0.000244747239014438,0.000217318792054677,0.000217318792054677,1437.49953687761
1733875680,0.000259295088673406,0.000259295088673406,0.000244747239014438,0.000244747239014438,1854.2351374564
1733875620,0.000266506103531584,0.000266506103531584,0.000256775054306219,0.000259295088673406,986.65303305155
1733875560,0.000270179354597119,0.000270541054736832,0.000265081935327192,0.000266506103531584,355.72448583952
1733875500,0.000251494959638626,0.000270179354597119,0.000251494959638626,0.000270179354597119,1334.80980617685
1733875440,0.000243673249812409,0.000251494959638626,0.000243673249812409,0.000251494959638626,397.23906879106
1733875380,0.000239714529743033,0.000243673249812409,0.000237751751724124,0.000243673249812409,815.33695643674
1733875320,0.000243307894143624,0.000244678756844458,0.000239714529743033,0.000239714529743033,326.57094441786
1733875260,0.000244074756721298,0.000244074756721298,0.000243307894143624,0.000243307894143624,12.5879434182
1733875200,0.00026189016739423,0.00026189016739423,0.000244074756721298,0.000244074756721298,1415.46523021182
1733875140,0.00026967271873534,0.00026967271873534,0.000261792051245945,0.00026189016739423,654.8791752139
1733875080,0.000268040300866503,0.00027117112178298,0.000267864823196026,0.00026967271873534,644.64657778536
1733875020,0.000265695250874858,0.000268142543388055,0.000263368545248392,0.000268040300866503,688.53669878451
1733874960,0.000259781473206569,0.000270703881242998,0.000259781473206569,0.000265695250874858,1937.08595498075
1733874900,0.000258385923448665,0.000259781473206569,0.000258385923448665,0.000259781473206569,76.30227359562
1733874840,0.000247843760169268,0.000258385923448665,0.000247843760169268,0.000258385923448665,993.494857096
1733874780,0.000250353357300892,0.000251249265970303,0.000247843760169268,0.000247843760169268,196.21558133068
1733874720,0.000241028246212148,0.000272435564349102,0.000241028246212148,0.000250353357300892,5487.90321193932
1733874660,0.000230417797824879,0.000249631425138176,0.000230417797824879,0.000241028246212148,3583.57725212044
1733874600,0.000228596842528646,0.000230417797824879,0.000228177503022975,0.000230417797824879,206.4597929359
1733874540,0.000215744808056851,0.000228596842528646,0.000215744808056851,0.000228596842528646,1231.13705971302
1733874480,0.000216142469344569,0.000216142469344569,0.000215744808056851,0.000215744808056851,1.0787240405
1733874420,0.000213904375945595,0.000224823572410358,0.000213904375945595,0.000216142469344569,1659.35155838161
1733874360,0.00021664637541046,0.00022280310197661,0.000213031796411101,0.000213904375945595,943.94865638827
1733874300,0.000201039357457053,0.00021664637541046,0.000200794746586391,0.00021664637541046,2197.34649332346
1733874240,0.000188569957752122,0.000201691033169005,0.000188569957752122,0.000201039357457053,1000.22661112556
1733874180,0.000186373062548032,0.000188569957752122,0.000186373062548032,0.000188569957752122,255.8334421947
1733874120,0.00018467074151171,0.000186373062548032,0.00018467074151171,0.000186373062548032,84.868434
1733874060,0.000185779409071217,0.000185779409071217,0.000182601633664637,0.00018467074151171,477.58924644385
1733874000,0.000185185259966794,0.000186704821913531,0.000185185259966794,0.000185779409071217,96.00686196566
1733873940,0.000181848682704273,0.000185185259966794,0.000181848682704273,0.000185185259966794,465.70466532928
1733873880,0.000168423665939276,0.000182178854745439,0.00016828995307838,0.000181848682704273,1252.71124916923
1733873760,0.00016945236073825,0.00016945236073825,0.000168423665939276,0.000168423665939276,79.93429022383
1733873700,0.000169153244432309,0.00016945236073825,0.0001685193245686,0.00016945236073825,50.74240460451
1733873640,0.000167716249103461,0.000169153244432309,0.000167640812766645,0.000169153244432309,99.12666576186
1733873580,0.000171369691535537,0.000171369691535537,0.000167716249103461,0.000167716249103461,247.74783742605
1733873520,0.000172960190392187,0.000172960190392187,0.000170792647554301,0.000171369691535537,66.81910627678
1733873460,0.000174231358877208,0.000174231358877208,0.000171591395456824,0.000172960190392187,189.63412433058
1733873400,0.000175710781388871,0.000175710781388871,0.000174231358877208,0.000174231358877208,191.1948481945
1733873340,0.000176654082134055,0.000176654082134055,0.000175710781388871,0.000175710781388871,23.9305801815
1733873280,0.000183268699330304,0.000183268699330304,0.000173828693464711,0.000176654082134055,989.9609965609
1733873220,0.00018386921053258,0.00018386921053258,0.000183268699330304,0.000183268699330304,40.69461296862
1733873160,0.000185183758626624,0.000185183758626624,0.00018386921053258,0.00018386921053258,49.7830972608
1733873100,0.000186314290478649,0.000186314290478649,0.00018388477415679,0.000185183758626624,207.83117258617
1733873040,0.000186159105548055,0.000186314290478649,0.000186159105548055,0.000186314290478649,7.45523124465
1733872920,0.000185066297016457,0.000186159105548055,0.000185066297016457,0.000186159105548055,64.458
1733872860,0.000185867904916071,0.000185867904916071,0.000185066297016457,0.000185066297016457,64.17890418933
1733872800,0.000190447189804559,0.000190543404437155,0.000185867904916071,0.000185867904916071,467.48242314528
1733872740,0.00018985272012783,0.000190447189804559,0.00018925830954769,0.000190447189804559,144.31699281216
1733872680,0.000188804516619692,0.000191075546735284,0.000188804516619692,0.00018985272012783,422.4742769964
1733872620,0.000181902372556839,0.000188804516619692,0.000181902372556839,0.000188804516619692,1359.23300170374
1733872560,0.000181391937560513,0.000181902372556839,0.000180594594770254,0.000181902372556839,146.24502784364
1733872500,0.000182671148203466,0.000182671148203466,0.000180403120550916,0.000181391937560513,358.01266672058
1733872440,0.000184347876467419,0.000184347876467419,0.000181786019895922,0.000182671148203466,221.24500055026
1733872380,0.000196915303366698,0.000196915303366698,0.000184347876467419,0.000184347876467419,556.80220199216
1733872320,0.000206439737052676,0.000207628308458391,0.000196915303366698,0.000196915303366698,1691.06967453416
1733872260,0.000207172162500672,0.000207172162500672,0.000206439737052676,0.000206439737052676,26.3363988084
1733872200,0.000208695333555214,0.000208695333555214,0.000205807999053314,0.000207172162500672,288.9272139342
1733872140,0.000209532311180988,0.000209532311180988,0.000207787420392824,0.000208695333555214,143.81228352825
1733872080,0.000210882216423797,0.000210882216423797,0.000209532311180988,0.000209532311180988,78.52501254645
1733872020,0.000210834229915792,0.000210882216423797,0.000209535146514285,0.000210882216423797,115.51499906009
1733871960,0.000221278004032545,0.00022151340839123,0.000210834229915792,0.000210834229915792,976.47679802802
1733871900,0.000221524863392194,0.000225618221125659,0.000219589660809121,0.000221278004032545,1057.61833126575
1733871840,0.000214891485090799,0.000226609326801117,0.000214891485090799,0.000221524863392194,1458.43195253632
1733871780,0.000202550618162729,0.000218411826268114,0.000202550618162729,0.000214891485090799,1639.6928996772
1733871720,0.000201022369646029,0.00020308379952929,0.000200089760284353,0.000202550618162729,351.56271883801
1733871660,0.000202204513518021,0.000202204513518021,0.000199979416276967,0.000201022369646029,210.96755823195
1733871600,0.000205954297008311,0.000205954297008311,0.000199079161447233,0.000202204513518021,861.94927029552
1733871540,0.00021129012237149,0.000212880226837202,0.000205185995332663,0.000205954297008311,1103.67505070153
1733871480,0.0002270974447152,0.0002270974447152,0.00021129012237149,0.00021129012237149,1202.83309457103
1733871420,0.000246447108872658,0.000246447108872658,0.0002270974447152,0.0002270974447152,1449.02832701826
1733871360,0.000241817013883978,0.000246447108872658,0.000239687499196239,0.000246447108872658,690.50772135307
1733871300,0.000239279172430986,0.000241817013883978,0.000239279172430986,0.000241817013883978,184.02588452988
1733871240,0.000231480255839707,0.000239279172430986,0.000231480255839707,0.000239279172430986,1033.25321925194
1733871180,0.000229656770567892,0.00023344171482939,0.00022879147636689,0.000231480255839707,1051.90531985216
1733871120,0.000201232723981758,0.000229656770567892,0.000201232723981758,0.000229656770567892,2682.45993134497
1733871060,0.000187354966483029,0.000201232723981758,0.000187354966483029,0.000201232723981758,1547.75205706874
1733871000,0.000165981423024912,0.000187668158489111,0.000165981423024912,0.000187354966483029,2364.43113504023
1733870940,0.000165531439246002,0.000165981423024912,0.000165531439246002,0.000165981423024912,31.99280795319
1733870880,0.000170803979140896,0.000170803979140896,0.000164510566407324,0.000165531439246002,427.11790415461
1733870820,0.000174945118258526,0.000189753566329968,0.000169061273797112,0.000170803979140896,5745.05359927756
1733870760,0.000167150160674716,0.000174945118258526,0.000166971693681429,0.000174945118258526,868.017438306
1733870700,0.000157025224077826,0.000167949660601259,0.000156210149321182,0.000167150160674716,1104.60210324002
1733870640,0.000159112317399494,0.000159112317399494,0.000157025224077826,0.000157025224077826,5.99048
1733870580,0.000158395767855825,0.000161179839906049,0.000158395767855825,0.000159112317399494,355.56137735977
1733870520,0.000161181280653229,0.000161331363765794,0.000156485629153373,0.000158395767855825,786.76390400648
1733870460,0.000160340310432719,0.000161181280653229,0.000160340310432719,0.000161181280653229,40.08402095718
1733870400,0.000144056293825096,0.000160340310432719,0.000142995350243197,0.000160340310432719,4170.38161137861
1733870340,0.000136091835687849,0.000146378626321659,0.000134420323316417,0.000144056293825096,3472.76316467691
1733870280,0.000136096457666603,0.000136096457666603,0.000135415360517315,0.000136091835687849,128.38066144724
1733870220,0.00013140646006982,0.000136096457666603,0.000127449871956177,0.000136096457666603,1884.94359735686
1733870160,0.000131346588228993,0.00013140646006982,0.000130733733348085,0.00013140646006982,80.98071038809
1733870100,0.000131930556489043,0.000133279508441224,0.000131346588228993,0.000131346588228993,687.9000590333
1733870040,0.000132776366453887,0.000132776366453887,0.000131930556489043,0.000131930556489043,151.921905849
1733869980,0.000139344729861603,0.000139344729861603,0.000132776366453887,0.000132776366453887,674.90522766654
1733869920,0.000145459683888247,0.000145750031083969,0.000138550641859409,0.000139344729861603,902.52384909768
1733869860,0.000138449068911941,0.000154531232428869,0.000138449068911941,0.000145459683888247,2730.37979668634
1733869800,0.0001312336691955,0.00014347156876588,0.0001312336691955,0.000138449068911941,3052.9666726381
1733869740,0.000128219712221352,0.0001312336691955,0.000128219712221352,0.0001312336691955,289.87659081114
1733869680,0.000131812468494033,0.000132998098148141,0.000128219712221352,0.000128219712221352,582.86598249755
1733869620,0.000131161159579147,0.000131812468494033,0.000131161159579147,0.000131812468494033,17.0848
1733869560,0.000130577875552987,0.000131161159579147,0.000130044482664478,0.000131161159579147,145.5491425204
1733869500,0.000130197278484824,0.000130577875552987,0.000129813642486356,0.000130577875552987,87.12004074849
1733869440,0.000130424779688958,0.000130424779688958,0.000130197278484824,0.000130197278484824,37.22069995396
1733869380,0.00013015945089799,0.000131117529860092,0.000129978460275184,0.000130424779688958,155.30250032593
1733869320,0.000124488885729166,0.000130607465485213,0.000124488885729166,0.00013015945089799,533.7985584442
1733869260,0.00012416882187384,0.000124488885729166,0.000123858094143946,0.000124488885729166,35.98152304347
1733869200,0.000124166848037357,0.00012416882187384,0.000123158167981666,0.00012416882187384,166.65493544128
1733869140,0.000127960368510307,0.000127960368510307,0.000124166848037357,0.000124166848037357,314.60317456466
1733869080,0.000127850825898548,0.000127960368510307,0.000127435956353087,0.000127960368510307,33.25507678144
1733869020,0.000129156248303603,0.000129156248303603,0.000127850825898548,0.000127850825898548,57.55957015368
1733868960,0.000130533964260107,0.000130533964260107,0.000129156248303603,0.000129156248303603,152.80167948644
1733868900,0.000131558993478656,0.000131558993478656,0.000130533964260107,0.000130533964260107,121.3401415852
1733868840,0.000140652916522121,0.0001408449391862,0.000131558993478656,0.000131558993478656,872.63779342576
1733868780,0.00013978931309473,0.000140652916522121,0.00013978931309473,0.000140652916522121,23.54754994674
1733868720,0.000141039651039884,0.000141039651039884,0.00013978931309473,0.00013978931309473,74.26250028878
1733868660,0.0001425319292814,0.0001425319292814,0.000141039651039884,0.000141039651039884,104.44378631994
1733868600,0.000144985706409378,0.000146354183930925,0.0001425319292814,0.0001425319292814,520.40990891333
1733868540,0.000152711899522418,0.000153110098322989,0.000144985706409378,0.000144985706409378,778.265293488
1733868480,0.000148317152909835,0.000154814755303085,0.000147748523442381,0.000152711899522418,765.80609852244
1733868420,0.000145623831516463,0.000149347979380958,0.000145623831516463,0.000148317152909835,783.7473837576
1733868360,0.000131406412019444,0.000145623831516463,0.000131406412019444,0.000145623831516463,1347.0632524912
1733868300,0.000126471958723861,0.000132324186161624,0.000126452680402189,0.000131406412019444,1693.59861490795
1733868240,0.000126893819859142,0.000126893819859142,0.000126471958723861,0.000126471958723861,0.28165008454
1733868180,0.000147592697721517,0.000147592697721517,0.000126893819859142,0.000126893819859142,2888.27155653541
1733868120,0.000147511540819798,0.000147947117885877,0.000146005160780541,0.000147592697721517,332.8774157591
1733868060,0.000132857855801823,0.000149635665781349,0.000132857855801823,0.000147511540819798,2794.70824071254
1733868000,0.000128524473715932,0.000141430175589479,0.000128524473715932,0.000132857855801823,4689.66619778645
1733867940,0.000130519252926335,0.000130519252926335,0.000128147959880157,0.000128524473715932,603.9156361088
1733867880,0.00015181973270074,0.00015181973270074,0.000130519252926335,0.000130519252926335,5018.40865343374
1733867820,0.00015049314046164,0.000153753543816818,0.000149756963392384,0.00015181973270074,1006.50080309966
1733867760,0.000154636162043105,0.000154636162043105,0.00015049314046164,0.00015049314046164,539.81368367309
1733867700,0.000134281896528994,0.000154636162043105,0.000134281896528994,0.000154636162043105,2084.46691216542
1733867640,0.000124089048684785,0.000134281896528994,0.000124089048684785,0.000134281896528994,1053.6295145416
1733867580,0.000121214366783474,0.000124089048684785,0.000121027508877129,0.000124089048684785,414.34959344559
1733867520,0.000121034685760961,0.000121214366783474,0.00012044851199327,0.000121214366783474,163.13490807148
1733867460,0.000121137767944559,0.000122298137369961,0.000121034685760961,0.000121034685760961,275.45141986686
1733867400,0.00012847477136113,0.00012847477136113,0.000121137767944559,0.000121137767944559,703.27535204122
1733867340,0.000136666425020001,0.000136666425020001,0.00012847477136113,0.00012847477136113,891.21916699961
1733867280,0.00013609443360875,0.000136666425020001,0.00013609443360875,0.000136666425020001,1.32928054049
1733867220,0.000139377937378553,0.000139377937378553,0.00013609443360875,0.00013609443360875,21.8988376035
1733867160,0.000144409877364428,0.000144409877364428,0.000136741486180565,0.000139377937378553,779.65105319582
1733867100,0.000146244867069931,0.000146244867069931,0.000144200646566153,0.000144409877364428,208.55365168505
1733867040,0.000144307779905736,0.000147368857984767,0.000143109513811363,0.000146244867069931,641.543741673
1733866980,0.00015344096532404,0.00015344096532404,0.000143506704106324,0.000144307779905736,1079.80378107995
1733866920,0.000151940480745133,0.000155179051187125,0.000148819273017821,0.00015344096532404,1046.99413920678
1733866860,0.000153365181914903,0.000153365181914903,0.000151940480745133,0.000151940480745133,21.35691
1733866800,0.000163659338704695,0.000163659338704695,0.000153365181914903,0.000153365181914903,1188.54173434919
1733866740,0.000162694072570039,0.000163659338704695,0.000160419858915173,0.000163659338704695,612.43972376869
1733866680,0.00015239284189459,0.000162694072570039,0.00015239284189459,0.000162694072570039,1394.38000897812
1733866620,0.000152172382414471,0.000153028244433688,0.000151844319214253,0.00015239284189459,348.71377617489
1733866560,0.000150915036128105,0.000153692741162809,0.000150333443933902,0.000152172382414471,716.12978980004
1733866500,0.000141156739094827,0.000150915036128105,0.000140422733885416,0.000150915036128105,1572.11867982436
1733866440,0.000136045228181404,0.000141607904810575,0.000136045228181404,0.000141156739094827,815.40039680176
1733866380,0.000135645456917363,0.00014495419144281,0.000135645456917363,0.000136045228181404,1818.17486583706
1733866320,0.000129029492939917,0.00014190358627623,0.000129029492939917,0.000135645456917363,2908.16235129614
1733866260,0.000129213889365323,0.000129572065659331,0.000128609083829293,0.000129029492939917,260.11817110391
1733866200,0.000129543694763119,0.000129543694763119,0.000128797140982173,0.000129213889365323,254.91131902593
1733866140,0.000129550681136343,0.00013053251631846,0.000129543694763119,0.000129543694763119,160.99263332364
1733866080,0.000126508861877922,0.000135737948493304,0.000124691817232828,0.000129550681136343,4277.94220579754
1733866020,0.000129569977047976,0.00013004998934248,0.000126508861877922,0.000126508861877922,114.10588907102
1733865960,0.00013030266152271,0.00013030266152271,0.000129569977047976,0.000129569977047976,82.72734888136
1733865900,0.000130781938289964,0.000130810695421353,0.000128761723159668,0.00013030266152271,1001.62850384954
1733865840,0.000126677107136401,0.0001372179362298,0.000126125236430867,0.000130781938289964,2895.28542018474
1733865780,0.000142853165513897,0.000142853165513897,0.000125870840577979,0.000126677107136401,2209.11776309557
1733865720,0.000138252497941334,0.000142888427321871,0.000137595715510951,0.000142853165513897,1143.5796031089
1733865660,0.000140820069380818,0.000140820069380818,0.000138252497941334,0.000138252497941334,239.0409540574
1733865600,0.000143339237756685,0.000143339237756685,0.000140820069380818,0.000140820069380818,210.55476236355
1733865540,0.000146744843674251,0.000150672331101564,0.000143339237756685,0.000143339237756685,1446.91780596465
1733865480,0.000147109151743287,0.000147109151743287,0.000146744843674251,0.000146744843674251,33.54332397801
1733865420,0.000147157686362271,0.000147833781899214,0.000147109151743287,0.000147109151743287,53.32375560998
1733865360,0.000145480002022093,0.000147365339915891,0.000145480002022093,0.000147157686362271,337.58441066604
1733865300,0.000155192598220069,0.000155524967582379,0.000145480002022093,0.000145480002022093,1048.85178906872
1733865240,0.000154131954148598,0.000181989659371822,0.000154131954148598,0.000155192598220069,5281.94148629604
1733865180,0.000152974916688636,0.000166491317335671,0.000152974916688636,0.000154131954148598,2693.4661013108
1733865120,0.00015288740587532,0.000153517744819204,0.000152335753282864,0.000152974916688636,259.4549819452
1733865060,0.000160658360453483,0.000160658360453483,0.000152462968914784,0.00015288740587532,567.6893544043
1733865000,0.000164905072762133,0.000164905072762133,0.00015795703498512,0.000160658360453483,668.44801780938
1733864940,0.000164032443576283,0.000165982135934238,0.000164032443576283,0.000164905072762133,429.2808812037
1733864880,0.000156290999203867,0.000170705080704067,0.000156290999203867,0.000164032443576283,2799.2080456254
1733864820,0.000153714590100011,0.000156290999203867,0.000153131730671122,0.000156290999203867,458.10586807973
1733864760,0.000155211214212655,0.000155211214212655,0.000153714590100011,0.000153714590100011,148.52024455122
1733864700,0.000155776350459723,0.00015667195113614,0.000155211214212655,0.000155211214212655,100.7930219152
1733864640,0.000157141031592201,0.000157141031592201,0.000155776350459723,0.000155776350459723,228.4467230283
1733864520,0.000158019600585698,0.000158019600585698,0.000157141031592201,0.000157141031592201,98.80857422029
1733864460,0.000156515904476012,0.000158019600585698,0.000156515904476012,0.000158019600585698,264.4561281559
1733864400,0.000153902199616148,0.000164413916712701,0.000151533039703404,0.000156515904476012,3036.42643641669
1733864340,0.000157541186512575,0.000157541186512575,0.000153195493927031,0.000153902199616148,370.35057735238
1733864280,0.000145713915583012,0.000157541186512575,0.000145713915583012,0.000157541186512575,2049.48313115558
1733864220,0.000169264465796028,0.000172753481680273,0.000145713915583012,0.000145713915583012,3577.83119352834
1733864160,0.000170345039054412,0.000170345039054412,0.000168795524400447,0.000169264465796028,182.4706119692
1733864100,0.000173598074840054,0.000174765887134955,0.000169492142583176,0.000170345039054412,1148.6811448812
1733864040,0.000172103658023028,0.000173726186288626,0.000171240348270129,0.000173598074840054,285.80090020063
1733863980,0.00017257854254412,0.00017257854254412,0.000169967928137087,0.000172103658023028,311.25535150632
1733863920,0.000175415240528764,0.000175415240528764,0.00017257854254412,0.00017257854254412,193.92891434784
1733863860,0.000174579136643425,0.000178232548379997,0.000174579136643425,0.000175415240528764,758.70062813543
1733863800,0.000157532686356674,0.000175725156062205,0.000157228080041854,0.000174579136643425,3258.32031728042
1733863740,0.000156844037476957,0.000158658768600513,0.000156844037476957,0.000157532686356674,175.68930622111
1733863680,0.000153462262177636,0.000164808985104714,0.000151558354081139,0.000156844037476957,3456.86596039991
1733863620,0.000157637207387283,0.000157637207387283,0.00015308128253382,0.000153462262177636,577.90739735266
1733863560,0.000166300967995046,0.00016762099997165,0.000157025680302676,0.000157637207387283,1190.92562982113
1733863500,0.000160230261188307,0.000169447838829789,0.000160230261188307,0.000166300967995046,454.31131681497
1733863440,0.000159326805270835,0.000160230261188307,0.000151525745180962,0.000160230261188307,2380.93973574825
1733863380,0.000159778995341013,0.0001603908849264,0.000145613754112732,0.000159326805270835,2010.25229267218
1733863320,0.000172060942483,0.000181292738751918,0.000159778995341013,0.000159778995341013,3502.27925669452
1733863260,0.000166313830692558,0.000185023928733077,0.000165817238152541,0.000172060942483,6727.3920665551
1733863200,0.000173059674673002,0.000189618007976569,0.000166313830692558,0.000166313830692558,11133.3530343735
1733863140,0.0001779339721091,0.000178060572324963,0.000173059674673002,0.000173059674673002,436.40330484056
1733863080,0.000174791192397211,0.000185274214243708,0.00017250526353278,0.0001779339721091,2622.42169593171
1733863020,0.000173320047708241,0.000175612178567788,0.000173320047708241,0.000174791192397211,57.8730640509
1733862960,0.000178758901018153,0.000181189329535371,0.000173320047708241,0.000173320047708241,1207.97572739616
1733862900,0.000187754479643116,0.000193566458426744,0.000174594267652762,0.000178758901018153,2615.32010729886
1733862840,0.000194074423281389,0.00020381800033507,0.000185838015395471,0.000187754479643116,3734.67029486789
1733862780,0.000194717223312992,0.000195337194343441,0.000194074423281389,0.000194074423281389,48.97029004782
1733862720,0.00019704462887154,0.000197819667775464,0.000194717223312992,0.000194717223312992,238.411965596
1733862660,0.000201815623820342,0.000201815623820342,0.00019704462887154,0.00019704462887154,363.664115093
1733862600,0.000193732282959356,0.000204517377732896,0.000193732282959356,0.000201815623820342,1980.20824397747
1733862540,0.000194105033308666,0.000194446627048911,0.000191941149189752,0.000193732282959356,505.7444819766
1733862480,0.000193953669108353,0.000194105033308666,0.000193524988188073,0.000194105033308666,62.58597613965
1733862420,0.000199750094739444,0.000199750094739444,0.000193953669108353,0.000193953669108353,610.6668281831
1733862360,0.000201740865159968,0.000201740865159968,0.000199192771962552,0.000199750094739444,288.47551495916
1733862300,0.000205060141977674,0.000211960621039038,0.000201740865159968,0.000201740865159968,1483.70780433574
1733862240,0.000204318402629559,0.000205786946028031,0.000203184402761286,0.000205060141977674,422.86771578644
1733862180,0.000209988155973738,0.000209988155973738,0.000204001833505788,0.000204318402629559,559.53147670414
1733862120,0.000217082762137751,0.000217082762137751,0.00020945359881384,0.000209988155973738,763.30702637304
1733862060,0.000212739643296771,0.000281424966641322,0.000210882086573801,0.000217082762137751,10010.46605351144
1733862000,0.000213535606489435,0.000214958788459471,0.000212610969184365,0.000212739643296771,261.99512329728
1733861940,0.00021322044856972,0.000215766669299832,0.000212709598349152,0.000213535606489435,511.66367942052
1733861880,0.000209919613580495,0.000223646844654819,0.000208697410434888,0.00021322044856972,2259.2181866578
1733861820,0.000217403970228881,0.000217403970228881,0.000209919613580495,0.000209919613580495,590.80777341919
1733861760,0.000221384237413479,0.000221384237413479,0.000217403970228881,0.000217403970228881,375.02238607674
1733861700,0.000219393500813238,0.00022889493490653,0.000218245131053423,0.000221384237413479,1870.01742279912
1733861640,0.000236643345273734,0.000236643345273734,0.000219393500813238,0.000219393500813238,1353.20235091066
1733861580,0.000239435666689858,0.000239435666689858,0.000236643345273734,0.000236643345273734,244.51796969519
1733861520,0.000246345015021964,0.000246345015021964,0.00023769843982802,0.000239435666689858,653.00017882589
1733861460,0.000260787735024936,0.000261272580769048,0.000246345015021964,0.000246345015021964,1380.6291107539
1733861400,0.000262825375329714,0.000263493963387092,0.000259908704425115,0.000260787735024936,304.71323692012
1733861340,0.000242686957594681,0.000264931652127608,0.000236429690551194,0.000262825375329714,6954.27933540487
1733861280,0.000249084466916402,0.0002491052141504,0.000242686957594681,0.000242686957594681,467.89689089128
1733861220,0.000262899828862236,0.000262959032179545,0.000249084466916402,0.000249084466916402,1063.2841040087
1733861160,0.000260704980651085,0.000262899828862236,0.000258579797895595,0.000262899828862236,835.45410490006
1733861100,0.000256625351744126,0.000260704980651085,0.000256625351744126,0.000260704980651085,787.81486030176
1733861040,0.000241481753314422,0.000256625351744126,0.000241481753314422,0.000256625351744126,1099.11856279984
1733860980,0.000228167819732248,0.000243230322773004,0.00022776515728151,0.000241481753314422,1394.13373419177
1733860920,0.000227520556308471,0.000239508074559849,0.000223052078093324,0.000228167819732248,3019.8023361283
1733860860,0.000231959218948712,0.000231959218948712,0.000227520556308471,0.000227520556308471,354.19839292191
1733860800,0.00023153095353395,0.000232558284269193,0.000224549185022689,0.000231959218948712,1117.9119339
1733860740,0.000246886542455033,0.000246886542455033,0.00023153095353395,0.00023153095353395,1749.86272526121
1733860680,0.000251423890404143,0.000252458878614263,0.000246886542455033,0.000246886542455033,495.64768246576
1733860620,0.00025587544727162,0.00025587544727162,0.000249952148458471,0.000251423890404143,466.71019701723
1733860560,0.000257282363487523,0.000258791494795231,0.00025587544727162,0.00025587544727162,312.05627657209
1733860500,0.000260450792317564,0.00026151903063,0.000257282363487523,0.000257282363487523,262.30454236426
1733860440,0.00026750264180343,0.00026750264180343,0.000260450792317564,0.000260450792317564,544.92523208761
1733860380,0.000261989711438524,0.000272948410598599,0.000261369362211962,0.00026750264180343,2093.6647138513
1733860320,0.000247619657087807,0.000264624694423123,0.000244950019454151,0.000261989711438524,6455.5533686098
1733860260,0.000254708641599179,0.000254708641599179,0.000245736387633544,0.000247619657087807,526.88313769668
1733860200,0.0002556254318887,0.000270221417736512,0.000251760932529241,0.000254708641599179,3766.11402825504
1733860140,0.000245465317259063,0.000266724966113311,0.000244712877355313,0.0002556254318887,4059.25380737465
1733860080,0.000245651758926836,0.000247801324745845,0.000245465317259063,0.000245465317259063,315.60516168947
1733860020,0.000241540304031248,0.000254211542388249,0.000233998224278497,0.000245651758926836,3683.5628256075
1733859960,0.000246007611569261,0.000246007611569261,0.000240483003231119,0.000241540304031248,592.78663628311
1733859900,0.000251227676998687,0.000251227676998687,0.000243772010140122,0.000246007611569261,1145.58695753943
1733859840,0.000242110747292502,0.000252131086705118,0.000241646026237467,0.000251227676998687,1168.96826061829
1733859780,0.000216020680611885,0.000243949680978962,0.000216020680611885,0.000242110747292502,2173.58644073116
1733859720,0.000208785479564086,0.000217971734918674,0.000208298904759416,0.000216020680611885,1761.39136863157
1733859660,0.000212916416751434,0.000212916416751434,0.000208785479564086,0.000208785479564086,633.73294999926
1733859600,0.000220545438186939,0.000220545438186939,0.000212916416751434,0.000212916416751434,730.12492754936
1733859540,0.000223241818409198,0.000223241818409198,0.000220545438186939,0.000220545438186939,189.6960137769
1733859480,0.000227624808554076,0.000227624808554076,0.000223168747681926,0.000223241818409198,504.57314762907
1733859420,0.000226934385763875,0.000229951107182658,0.000224979484116757,0.000227624808554076,1962.73497345486
1733859360,0.00020578944255863,0.000227910946091119,0.00020578944255863,0.000226934385763875,2598.45174091311
1733859300,0.000208683326201407,0.000208788513683272,0.00020578944255863,0.00020578944255863,317.22768610578
1733859240,0.000208356699339634,0.0002097074471706,0.000208356699339634,0.000208683326201407,125.1660930156
1733859180,0.000205060846705704,0.000208356699339634,0.000205060846705704,0.000208356699339634,435.817733392
1733859120,0.000203226268450604,0.000205784225413553,0.000203226268450604,0.000205060846705704,514.95740184891
1733859060,0.000211433684508549,0.000211433684508549,0.000203226268450604,0.000203226268450604,884.77655042763
1733859000,0.00020724045405359,0.000212862557100725,0.000203933140493195,0.000211433684508549,2346.91598791432
1733858940,0.000202580391972754,0.000207531893452969,0.00020024335663074,0.00020724045405359,1099.60077950594
1733858880,0.000203575696993351,0.000203575696993351,0.000199488480860619,0.000202580391972754,672.42984039601
1733858820,0.000195286569272969,0.000219006908479245,0.000195286569272969,0.000203575696993351,4648.81521994442
1733858760,0.000199015927852324,0.000199032658974165,0.000193522652854565,0.000195286569272969,607.57098186855
1733858700,0.000205204806102997,0.000205204806102997,0.000198063645799911,0.000199015927852324,655.20953263006
1733858640,0.000205496340054178,0.000210451955724696,0.000203335035958253,0.000205204806102997,1730.30172483176
1733858580,0.000192590560297181,0.000205496340054178,0.000192152912137376,0.000205496340054178,1550.6348359713
1733858520,0.000198884269149885,0.000217797551023182,0.000182549374155119,0.000192590560297181,16797.39347448276
1733858460,0.000197340053114042,0.000216473564506492,0.000188655748267275,0.000198884269149885,10146.00318128155
1733858400,0.00019700487774186,0.00019827291614714,0.00019255706775355,0.000197340053114042,1369.99434937713
1733858340,0.000223218173879387,0.000224091254794449,0.00019700487774186,0.00019700487774186,2174.19941891332
1733858280,0.000226366013742863,0.000226845326786114,0.000223218173879387,0.000223218173879387,241.36261410563
1733858220,0.00026042252330682,0.00026042252330682,0.000203727140723485,0.000226366013742863,13236.03341838001
1733858160,0.000258631734958095,0.000265464981466891,0.000258631734958095,0.00026042252330682,872.64457007981
1733858100,0.000259379674924276,0.000261131309558451,0.000256721286409718,0.000258631734958095,712.88470529519
1733858040,0.000267781552057412,0.000269912677217273,0.000259379674924276,0.000259379674924276,731.71267255408
1733857980,0.000270226384960505,0.000270887686977358,0.000265304398051529,0.000267781552057412,575.00657905158
1733857920,0.000248126626779751,0.000270226384960505,0.000246637008683987,0.000270226384960505,1832.0619047948
1733857860,0.000239324573122974,0.000249749964259436,0.000238186629181846,0.000248126626779751,1092.82433815306
1733857800,0.000241930323418778,0.000242000710684591,0.00023920418843686,0.000239324573122974,219.78861816795
1733857740,0.000252075153766617,0.000252075153766617,0.000240309640651298,0.000241930323418778,1531.53863329116
1733857680,0.00025334647731687,0.000253938542245339,0.000252075153766617,0.000252075153766617,96.0632115226
1733857620,0.000244350592249858,0.000256450378298107,0.000244350592249858,0.00025334647731687,1191.46989682952
1733857560,0.000233077180418834,0.000245858515551593,0.000231968276318219,0.000244350592249858,1197.92375720706
1733857500,0.000232094192101242,0.00023373597577424,0.000231238453140841,0.000233077180418834,317.90096767718
1733857440,0.000232036820995216,0.000234206812901954,0.000232036820995216,0.000232094192101242,391.95813172555
1733857380,0.00024832298493533,0.00024832298493533,0.000232036820995216,0.000232036820995216,1199.98628047499
1733857320,0.000252582664481636,0.000253197036199673,0.00024832298493533,0.00024832298493533,319.66587728972
1733857260,0.000254853816882373,0.000255029608001542,0.000251776391671399,0.000252582664481636,484.70210823676
1733857200,0.000256575546195677,0.000256575546195677,0.000254853816882373,0.000254853816882373,213.53356431732
1733857140,0.000257936771007241,0.000257936771007241,0.000256575546195677,0.000256575546195677,43.01552184916
1733857080,0.000267312041399276,0.000268775224712118,0.000257936771007241,0.000257936771007241,751.29486701974
1733857020,0.000269749936297254,0.000269749936297254,0.000267312041399276,0.000267312041399276,117.31876218037
1733856960,0.000259440165461574,0.000271151593793551,0.000259440165461574,0.000269749936297254,853.32727274186
1733856900,0.000261268288491182,0.000261268288491182,0.000256944296337501,0.000259440165461574,586.87923803073
1733856840,0.000254422700880479,0.000264683230076646,0.000252683687375092,0.000261268288491182,1181.51823137295
1733856780,0.00026194236847309,0.000262502562955128,0.000252679489718187,0.000254422700880479,686.01103630322
1733856720,0.000267195064938652,0.000267195064938652,0.00026194236847309,0.00026194236847309,1167.75622956585
1733856660,0.000249782643810458,0.000267195064938652,0.000249328106980052,0.000267195064938652,1646.97539065638
1733856600,0.000235766976986675,0.000249782643810458,0.000231958421358475,0.000249782643810458,1924.22495899015
1733856540,0.000237342529158275,0.000239967658168773,0.00023431884369677,0.000235766976986675,738.67712573812
1733856480,0.000234631477944152,0.000255800447085134,0.000227287980840012,0.000237342529158275,4622.45247620774
1733856420,0.000251123015621091,0.000251330751980306,0.000230464565155116,0.000234631477944152,1736.01093409675
1733856360,0.000251453714810439,0.000270352929691886,0.00024980838941075,0.000251123015621091,3147.49106589052
1733856300,0.000269646647697019,0.000271093295599469,0.000248335154408783,0.000251453714810439,2409.79489431309
1733856240,0.00027294893593821,0.00027294893593821,0.000269646647697019,0.000269646647697019,266.77476939796
1733856180,0.000282074432148875,0.000282074432148875,0.00027087040525356,0.00027294893593821,1302.3459923234
1733856120,0.000267015216745104,0.000285292745072943,0.000267015216745104,0.000282074432148875,727.8494044311
1733856060,0.000267318470344749,0.000276438433280062,0.000266984545373163,0.000267015216745104,2154.04187122868
1733856000,0.000253502513438839,0.000267318470344749,0.000251787247517719,0.000267318470344749,1880.72821549285
1733855940,0.000265155527832774,0.000294153807864672,0.000238955217520511,0.000253502513438839,15151.94213057055
1733855880,0.000279529576389353,0.000282718375005567,0.000247334745841861,0.000265155527832774,4314.81850448444
1733855820,0.000301532146261032,0.000301532146261032,0.000279529576389353,0.000279529576389353,1816.41433033645
1733855760,0.000292331027771716,0.000305906973907124,0.000290125055252483,0.000301532146261032,2887.90002563055
1733855700,0.000290597664076333,0.000318038133651978,0.000289565443005303,0.000292331027771716,3792.91657165176
1733855640,0.000290026528691379,0.000290722299914451,0.000285933325959491,0.000290597664076333,918.86436105344
1733855580,0.000286417094346201,0.000301953446127673,0.000286417094346201,0.000290026528691379,3077.74239198097
1733855520,0.000301116252103205,0.00031668813598229,0.000261431357560503,0.000286417094346201,11605.83942202752
1733855460,0.000298600836197227,0.000309798480911184,0.000294379580147425,0.000301116252103205,2982.58599695717
1733855400,0.000290801797463977,0.000298600836197227,0.000286260907197243,0.000298600836197227,1819.84917161378
1733855340,0.000327336254686668,0.000357835350225115,0.000290801797463977,0.000290801797463977,14001.21192324977
1733855280,0.000331403039619884,0.0003332542638868,0.000327336254686668,0.000327336254686668,523.74729492558
1733855220,0.00036522666174196,0.000365583797228759,0.000331403039619884,0.000331403039619884,2092.52284193762
1733855160,0.000359616483110121,0.00036522666174196,0.000358801781318286,0.00036522666174196,338.36665110296
1733855100,0.000344492139771871,0.000362291753048746,0.000338290391938816,0.000359616483110121,2143.14479687052
1733855040,0.000351843022436165,0.000351843022436165,0.000344492139771871,0.000344492139771871,557.1005768914
1733854980,0.000419391561581511,0.000419391561581511,0.000351843022436165,0.000351843022436165,9771.7034218836
1733854920,0.000418695970763667,0.000425974766547208,0.000418227941295585,0.000419391561581511,1645.87925259232
1733854860,0.000400662071045513,0.000418695970763667,0.000398054453817842,0.000418695970763667,1502.34617999603
1733854800,0.000418080045829545,0.000419149436046419,0.000400662071045513,0.000400662071045513,913.61631947576
1733854740,0.000432044690339522,0.000452745908421288,0.000416457311499795,0.000418080045829545,3783.62156929948
1733854680,0.000411507839582908,0.000448107649914034,0.000411507839582908,0.000432044690339522,3021.54622203232
1733854620,0.000417854564978637,0.00042252538347392,0.000391738741072232,0.000411507839582908,3528.16029736464
1733854560,0.000399230365473376,0.000445037731151329,0.000399230365473376,0.000417854564978637,4861.7021909476
1733854500,0.000397621539932739,0.000399230365473376,0.000394955912988783,0.000399230365473376,355.61862070544
1733854440,0.000398249112814101,0.000398249112814101,0.000395095576625527,0.000397621539932739,264.31846212038
1733854380,0.000415894764176225,0.000415894764176225,0.000396945935267411,0.000398249112814101,1425.32743104155
1733854320,0.000417192298930668,0.000428178907727158,0.000402480766259874,0.000415894764176225,3991.86863649499
1733854260,0.000398807197728409,0.00041984254658368,0.000398807197728409,0.000417192298930668,1145.1794234885
1733854200,0.000377077421795602,0.00041324643600985,0.000377077421795602,0.000398807197728409,2059.17460408802
1733854140,0.00038064758446213,0.000389844246730948,0.000376765210810339,0.000377077421795602,2620.91099278244
1733854080,0.000395360614144064,0.000395360614144064,0.00038064758446213,0.00038064758446213,903.45894709206
1733854020,0.000397733338501798,0.00039791868032243,0.000393060263737922,0.000395360614144064,652.31746431864
1733853960,0.000380774062692768,0.000491308189844247,0.000380774062692768,0.000397733338501798,11062.0639966743
1733853900,0.000384827513280084,0.000394610536005996,0.000369643551421929,0.000380774062692768,4411.7514783025
1733853840,0.000342629159082892,0.000387970776066881,0.000339575803638998,0.000384827513280084,5112.48599409116
1733853780,0.000339291139803843,0.000346302369657788,0.000339291139803843,0.000342629159082892,864.56569656841
1733853720,0.000352057202815167,0.000352531489124261,0.000338128634680227,0.000339291139803843,1153.3164205831
1733853660,0.000366471159414276,0.000368175891359289,0.000352057202815167,0.000352057202815167,2066.2076675821
1733853600,0.000345625668224,0.00036763832590563,0.000345625668224,0.000366471159414276,1772.25681340648
1733853540,0.000341777678866821,0.000346962960146471,0.000341777678866821,0.000345625668224,245.21194863992
1733853480,0.000341291411020194,0.000341777678866821,0.00033439620367866,0.000341777678866821,790.67595739689
1733853420,0.000346200195250414,0.000346200195250414,0.000337966354224923,0.000341291411020194,831.5491028232
1733853360,0.000383068576006307,0.000383410983143214,0.000346200195250414,0.000346200195250414,2141.81577413077
1733853300,0.000387695693060392,0.000388767030832277,0.000383068576006307,0.000383068576006307,812.39866645762
1733853240,0.000393092707150823,0.000402855549240344,0.000387695693060392,0.000387695693060392,2610.07407030461
1733853180,0.000382743263914754,0.000393092707150823,0.000382374792078311,0.000393092707150823,1103.39221085639
1733853120,0.000381553159628684,0.000383585038763818,0.000379370415511855,0.000382743263914754,471.88128008904
1733853060,0.000378438756305175,0.000383631104875476,0.000375708846667716,0.000381553159628684,1576.83876282918
1733853000,0.000359195594029808,0.000395319546833794,0.00035703214505402,0.000378438756305175,10334.23708376435
1733852940,0.000338690480162492,0.000366027751002389,0.000338690480162492,0.000359195594029808,5095.43402465092
1733852880,0.000287130422293159,0.000340176213470204,0.000278017736984576,0.000338690480162492,5170.76447494818
1733852820,0.00027188392233929,0.000290175859871381,0.000266480713569276,0.000287130422293159,4721.66441157168
1733852760,0.000276390370050787,0.000276390370050787,0.000268843570281893,0.00027188392233929,1655.84923146229
1733852700,0.000258568820365779,0.000278312315638402,0.000258568820365779,0.000276390370050787,2476.72855768599
1733852640,0.000252955327531737,0.000272774713294456,0.000252955327531737,0.000258568820365779,2899.12994800251
1733852580,0.000255400981221587,0.000256160326018667,0.00024814155721262,0.000252955327531737,1530.66836824627
1733852520,0.000249361502799116,0.000274915178360567,0.000242083798806549,0.000255400981221587,5504.23974619341
1733852460,0.00026241888039232,0.000263680919441347,0.000249361502799116,0.000249361502799116,1534.8087925598
1733852400,0.000277058372908876,0.000277058372908876,0.000259297524468998,0.00026241888039232,2295.09009591657
1733852340,0.000290808132647633,0.000290808132647633,0.00027622809299865,0.000277058372908876,1478.34809804254
1733852280,0.000254978650000746,0.000290808132647633,0.000254460349401462,0.000290808132647633,6274.83048822118
1733852220,0.000245508059401747,0.000254978650000746,0.000242542395738705,0.000254978650000746,2219.20853278776
1733852160,0.000260572854954332,0.000263551395932073,0.000245508059401747,0.000245508059401747,3853.55073586263
1733852100,0.000264718306617999,0.000264718306617999,0.000247161750627053,0.000260572854954332,2655.66137111947
1733852040,0.00029224463222138,0.000293084137113691,0.000263679976550893,0.000264718306617999,2395.13592109058
1733851980,0.000250434597088743,0.000298126065984005,0.000247412731388333,0.00029224463222138,11949.69279647119
1733851920,0.000263828680095966,0.000275602853559327,0.000232596724843642,0.000250434597088743,7638.71778603171
1733851860,0.000259626757023382,0.000264928289976981,0.000252325281760842,0.000263828680095966,4139.69950025421
1733851800,0.000280139888559655,0.000296389691851456,0.000239730309797828,0.000259626757023382,8787.5193300039
1733851740,0.000285561438253811,0.000285561438253811,0.000277941393111724,0.000280139888559655,3188.97934133321
1733851680,0.000288812574647273,0.000308080101768011,0.000276840213221991,0.000285561438253811,11995.34416310967
1733851620,0.000271036500744542,0.000291503639725837,0.000271036500744542,0.000288812574647273,7494.32642058142
1733851560,0.000292115857575205,0.000307296287274128,0.000266437967826926,0.000271036500744542,17914.00041704254
1733851500,0.000291381187451169,0.000304042750217346,0.000282597100317921,0.000292115857575205,5990.7146026737
1733851440,0.000243222088274149,0.000382163749582153,0.000243222088274149,0.000291381187451169,65852.2928436852
1733851380,0.000355778023144488,0.000355778023144488,0.000228011337376562,0.000243222088274149,26197.2146724563
1733851320,0.000394482832213912,0.000432370101800852,0.000341794578902118,0.000355778023144488,45194.34085111571
1733851260,0.000406860364066916,0.000406860364066916,0.000394126813126658,0.000394482832213912,837.63259679544
1733851200,0.000425089671199352,0.000425089671199352,0.000406860364066916,0.000406860364066916,1115.77519050239
1733851140,0.000416291385661792,0.000467039161206489,0.000397957887585847,0.000425089671199352,12043.8562278633
1733851080,0.000450970703305612,0.000450970703305612,0.000411312833706633,0.000416291385661792,6432.61022460605
1733851020,0.000438011489501923,0.000450970703305612,0.000433349058205328,0.000450970703305612,1862.86305012025
1733850960,0.000401231669113257,0.000438011489501923,0.000395210398703974,0.000438011489501923,5596.74093851312
1733850900,0.000395926680607892,0.000403191787968959,0.000391856020326336,0.000401231669113257,1532.27268284728
1733850840,0.000402617603767653,0.000403635864690199,0.000390817979402499,0.000395926680607892,1696.2400815164
1733850780,0.000411837720588992,0.000415134485225892,0.000400684518731709,0.000402617603767653,1452.8500703222
1733850720,0.000419088508079394,0.000454691168003172,0.000409195398883283,0.000411837720588992,7072.62515387429
1733850660,0.000420058205899432,0.000421518266457163,0.000410916153352144,0.000419088508079394,1569.96628318609
1733850600,0.000429649038713025,0.000429649038713025,0.000420058205899432,0.000420058205899432,941.4244361322
1733850540,0.000427128269426297,0.000459838769857404,0.00040777890478213,0.000429649038713025,12496.37447976666
1733850480,0.000408590148036735,0.000513743752151942,0.000400631315192565,0.000427128269426297,17118.92345298452
1733850420,0.000464640886173033,0.000503224076144359,0.000395404636980567,0.000408590148036735,9515.19300243392
1733850360,0.000488443958179563,0.000489643565261572,0.000464640886173033,0.000464640886173033,1481.49348815605
1733850300,0.000494518160417922,0.000496759691184727,0.00045701582300947,0.000488443958179563,3991.23223986388
1733850240,0.000476653747559138,0.000494518160417922,0.00047542841070272,0.000494518160417922,2090.10163519326
1733850180,0.000477057786317844,0.00049136029158302,0.000471732809443771,0.000476653747559138,3530.61101884034
1733850120,0.000535262743451632,0.000535262743451632,0.0004271991294349,0.000477057786317844,14569.22796324837
1733850060,0.000538637437522124,0.000540751530140117,0.000530686197768053,0.000535262743451632,797.60924637471
1733850000,0.000555763010492545,0.00055576330279186,0.000538606459657917,0.000538637437522124,1215.96816940634
1733849940,0.000563782575327839,0.00056794025655733,0.000519942782484826,0.000555763010492545,4473.5444617984
1733849880,0.000562327178443359,0.000564238168661869,0.000561342455643889,0.000563782575327839,158.97518053141
1733849820,0.000574928561480087,0.000576568303591731,0.000561196130731511,0.000562327178443359,950.19096718266
1733849760,0.000573132891864508,0.000574928561480087,0.000571131820133035,0.000574928561480087,87.7083429736
1733849700,0.000583766263086385,0.000603347230991154,0.000572598020781725,0.000573132891864508,3488.89827525403
1733849640,0.000558027394022929,0.000583766263086385,0.000519417270176563,0.000583766263086385,6303.843078549
1733849580,0.000510981057079455,0.00055835821079316,0.000510981057079455,0.000558027394022929,2548.86273006486
1733849520,0.000476192098975615,0.000522953488194706,0.000476192098975615,0.000510981057079455,5927.86089191573
1733849460,0.000467697261934955,0.000494221374179428,0.000457342303843242,0.000476192098975615,5284.55478333539
1733849400,0.000469991061797056,0.000472334462112887,0.000467697261934955,0.000467697261934955,466.1892010447
1733849340,0.000472528942151887,0.000512473742007405,0.000461636519592074,0.000469991061797056,5637.09772437166
1733849280,0.000486306444866456,0.000486306444866456,0.000472528942151887,0.000472528942151887,2754.08650409882
1733849220,0.00054879903135178,0.00054879903135178,0.000482042606313693,0.000486306444866456,977.21513675894
1733849160,0.000496304425108889,0.000616047644806648,0.000463485724229521,0.00054879903135178,28990.86909173586
1733849100,0.000488691424198002,0.000496304425108889,0.000488691424198002,0.000496304425108889,302.04661211957
1733849040,0.000475156789662707,0.000503094566870338,0.000467165058447548,0.000488691424198002,6081.45079880932
1733848980,0.000463386364411359,0.000487509090561047,0.000451622687490196,0.000475156789662707,7612.219597608
1733848920,0.000469621455918005,0.000473747523749409,0.000426725684667592,0.000463386364411359,5572.04656669357
1733848860,0.000507044629499228,0.000507044629499228,0.000469621455918005,0.000469621455918005,2106.20351682363
1733848800,0.000512649903853555,0.000534632290926121,0.000504885023978923,0.000507044629499228,3169.69245305176
1733848740,0.000500120809091059,0.000545359654121693,0.000500120809091059,0.000512649903853555,4550.42116969057
1733848680,0.000491162023794233,0.000565496420643129,0.000452545928099376,0.000500120809091059,21705.33656300651
1733848620,0.000558888321403509,0.000558888321403509,0.000486608902896788,0.000491162023794233,4158.87990829021
1733848560,0.000570134896190106,0.000570134896190106,0.000556519593183346,0.000558888321403509,628.01819979201
1733848500,0.000575676979118428,0.000576760378628244,0.000567557816718239,0.000570134896190106,440.92091971245
1733848440,0.000567734324808351,0.000575676979118428,0.000567734324808351,0.000575676979118428,332.40451424084
1733848380,0.000580663141621583,0.000608547613217297,0.000561594871747188,0.000567734324808351,5191.42866664122
1733848320,0.00061275645634942,0.000613650783257846,0.000580663141621583,0.000580663141621583,1703.36475291229
1733848260,0.000562911536741331,0.00061275645634942,0.000558329902002895,0.00061275645634942,3696.19395749857
1733848200,0.000517153035334885,0.000568722515777766,0.00051237953979864,0.000562911536741331,4650.98274786117
1733848140,0.000533584224427799,0.000533584224427799,0.000517153035334885,0.000517153035334885,1044.18209060518
1733848080,0.000544171338829813,0.000595235697866298,0.000526575397489899,0.000533584224427799,14040.03711030766
1733848020,0.000566883052052411,0.000569305665658656,0.000543090652748572,0.000544171338829813,4004.49007658408
1733847960,0.000546063733687784,0.000571317775485199,0.00054122828853459,0.000566883052052411,4029.10026781762
1733847900,0.000552316910328774,0.000554188597984117,0.000536056832462498,0.000546063733687784,2591.32691283601
1733847840,0.000571298963412796,0.000577788819855853,0.000533519391647534,0.000552316910328774,11258.97515353428
1733847780,0.000592211942892788,0.000616947191738984,0.000523226913602564,0.000571298963412796,11444.50058692422
1733847720,0.000503775379627088,0.000592211942892788,0.000500122482691733,0.000592211942892788,6156.56001822861
1733847660,0.000494598802178577,0.000530875313948518,0.000465062574326824,0.000503775379627088,11538.7812655195
1733847600,0.000604508539389034,0.000651863987618932,0.000443820264141,0.000494598802178577,106572.89556296066
1733847540,0.000620746261528991,0.00062445093160831,0.000604508539389034,0.000604508539389034,1552.10679467766
1733847480,0.000671299776593939,0.000675839119425986,0.000620746261528991,0.000620746261528991,3392.07781795705
1733847420,0.000686877962069732,0.000686877962069732,0.000629941678364892,0.000671299776593939,4766.02400580472
1733847360,0.000644140180931051,0.000690814264207243,0.000620255958086764,0.000686877962069732,7458.68896413032
1733847300,0.000631497220749866,0.000655440440081165,0.00059702901779092,0.000644140180931051,10982.99110725784
1733847240,0.000677814346902003,0.000677814346902003,0.000613619812363413,0.000631497220749866,7512.4163002434
1733847180,0.000566219622250571,0.0006823375634826,0.0005629195605092,0.000677814346902003,7931.27464357414
1733847120,0.000575731831562437,0.000616808453998543,0.000552369145077741,0.000566219622250571,11951.10396944548
1733847060,0.00066314402410245,0.000671843699624949,0.000547318471938546,0.000575731831562437,11844.22793569238
1733847000,0.000661295469921175,0.000690368681569876,0.000660413097244011,0.00066314402410245,4970.40896915631
1733846940,0.00071292463241854,0.000748487683004471,0.00053504736665397,0.000661295469921175,32569.22928237234
1733846880,0.000746242360660779,0.000847514043493686,0.00070111364687162,0.00071292463241854,19761.802739525
1733846820,0.000768741167531646,0.000904955209730809,0.000728890599106022,0.000746242360660779,21072.60691609273
1733846760,0.000826031793606414,0.00084266443575974,0.000768741167531646,0.000768741167531646,5326.8643544138
1733846700,0.00080426729696357,0.000911970120856181,0.000800144812307779,0.000826031793606414,13706.74864723966
1733846640,0.000784136478372555,0.000924448451067271,0.000774740428430843,0.00080426729696357,12743.81034222746
1733846580,0.000794441302873819,0.00103055062428995,0.000737844469632303,0.000784136478372555,24334.2412790692
1733846520,0.000937528778877126,0.000937528778877126,0.000784633634021751,0.000794441302873819,7252.52715833403
1733846460,0.00096670965659587,0.000992964433221868,0.000934496540754163,0.000937528778877126,6334.53133220502
1733846400,0.000891177858479523,0.00096670965659587,0.000889628117749271,0.00096670965659587,3447.11565861784
1733846340,0.000965298756392548,0.000965298756392548,0.000891177858479523,0.000891177858479523,2674.29185422473
1733846280,0.000932793652644097,0.000971489665021471,0.000932793652644097,0.000965298756392548,2247.79703186464
1733846220,0.000916685873734972,0.000940376331965383,0.000916685873734972,0.000932793652644097,1503.59493687824
1733846160,0.000897776863612718,0.000916685873734972,0.000884301518362945,0.000916685873734972,3690.27514114625
1733846100,0.000875882972605608,0.00090501022925199,0.00086983670378478,0.000897776863612718,4897.87413162811
1733846040,0.00094468286102097,0.000984466941215459,0.000873065676410889,0.000875882972605608,7655.24255642006
1733845980,0.00101252718690142,0.00101252718690142,0.000941319775597916,0.00094468286102097,3008.87963913978
1733845920,0.000977789652143135,0.00101837404804481,0.000933612999622063,0.00101252718690142,11730.52295732756
1733845860,0.000964158158818801,0.000982582672781016,0.00096038628087757,0.000977789652143135,1995.28717380498
1733845800,0.000945948236766562,0.000976125459075954,0.000941507986823164,0.000964158158818801,3711.89146332623
1733845740,0.000974704513237557,0.000983562109663249,0.0009271792901052,0.000945948236766562,3836.18474118897
1733845680,0.000935766758648998,0.000974704513237557,0.000930797713275562,0.000974704513237557,5886.30801860675
1733845620,0.000942259622591919,0.00115127657211827,0.000910343154613948,0.000935766758648998,39325.3822604898
1733845560,0.000908934472829472,0.000942646963787305,0.000836086780154479,0.000942259622591919,8886.54722002722
1733845500,0.000940802438790092,0.000955909694896861,0.000898510532199088,0.000908934472829472,7159.63339158573
1733845440,0.000887446998463068,0.000951418377014024,0.000877102276587227,0.000940802438790092,9009.41214195311
1733845380,0.000775242508247089,0.000887446998463068,0.00077055686224773,0.000887446998463068,7639.74153426996
1733845320,0.000891040531658976,0.000909274691169823,0.000765090265484489,0.000775242508247089,16356.61455769071
1733845260,0.000778523469286407,0.00089993974631594,0.000773587432769568,0.000891040531658976,7129.77852111769
1733845200,0.00074442245779019,0.000778523469286407,0.00074442245779019,0.000778523469286407,2078.73393765367
1733845140,0.000767340072626381,0.000767838511743251,0.00074442245779019,0.00074442245779019,1152.53691100616
1733845080,0.00075132942297068,0.00076795211261863,0.00075132942297068,0.000767340072626381,1692.46749905315
1733845020,0.000767489367080798,0.000774147964373132,0.000747674670470709,0.00075132942297068,1360.17114328967
1733844960,0.000747618906826342,0.000767489367080798,0.000729944123276526,0.000767489367080798,4589.12843790194
1733844900,0.000776076692915061,0.000776104897626516,0.000726558841597005,0.000747618906826342,5405.79178414849
1733844840,0.000727602510943434,0.000776076692915061,0.000727602510943434,0.000776076692915061,4280.677321529
1733844780,0.000698719908927533,0.000906040139212761,0.000695890962464789,0.000727602510943434,29538.32205075916
1733844720,0.000646898264949126,0.000705363432725041,0.000646898264949126,0.000698719908927533,3224.47304205978
1733844660,0.000628456120442758,0.000654674218676787,0.000628456120442758,0.000644272854242097,2489.158659372
1733844660,0.000644272854242097,0.000697194774939975,0.000623049780683972,0.000646898264949126,9275.0609116625
1733844600,0.000743072063003388,0.000743072063003388,0.000614120787907029,0.000628456120442758,16551.9254570264
1733844540,0.00076705746379378,0.000772036794516942,0.000743072063003388,0.000743072063003388,1873.20143844475
1733844480,0.00078199474500884,0.000798572475852224,0.000764409895967386,0.00076705746379378,3387.48679912365
