time,open,high,low,close,volume,usd_vol,price_change,vol_change,norm_open,mov_in_min
1737455760.0,8.79104728520618e-05,0.0002222737733434,8.57009020666593e-05,0.0001798727683287,113170.98125226222,15.152646083669005,1.0460903290941788,0.0,1.0,1.5535449514254045
1737455820.0,0.0001798727683287,0.0003678553059811,0.0001585069107341,0.000315257227915,150784.44356705734,37.328950488482754,0.7526679043427967,1.4635268508458465,2.046090329094179,1.1638693126934931
1737455880.0,0.000315257227915,0.0004462988425851,0.0001674552743442,0.0001962625953228,197007.4910501191,50.386618499239695,-0.37745251196677865,0.34980003026834827,3.5861168491895574,0.8844954010573297
1737455940.0,0.0001962625953228,0.0004658841151147,0.0001799127984113,0.0003243876129335,197975.71862045795,51.53804956471604,0.6528244335094431,0.02285192179534174,2.2325280362565696,1.4570851681292247
1737456000.0,0.0003243876129335,0.0006031045725772,0.0002576712993175,0.0004397582894855,217943.3737135468,83.2702679912898,0.3556568498676033,0.6157046821635691,3.689976886819714,1.0648781256962312
1737456060.0,0.0004397582894855,0.0005584626444968,0.0003507363587548,0.0004620531718837,242038.9218688658,109.13673691939374,0.050698037834111385,0.3106327090337888,5.00234244247028,0.47236468466582326
1737456120.0,0.0004620531718837,0.0004940566692759,0.0002881774871888,0.0003990310400622,190061.13322126825,81.82932056069025,-0.13639584285196255,-0.25021287175621,5.255951388877818,0.4455746537736577
1737456180.0,0.0003990310400622,0.0006085455911836,0.0003909059235713,0.0005079652425051,158561.03711822236,71.90713561312168,0.27299681354593247,-0.12125464172966698,4.539061469202886,0.5454203953115396
1737456240.0,0.0005079652425051,0.0008057021426958,0.0004336769925126,0.0006490549575746,231893.5902145359,134.15278407361114,0.2777546636334738,0.865639382374881,5.778210786784392,0.7323830826465747
1737456300.0,0.0006490549575746,0.000777572224198,0.0004856946502866,0.000622543418901,165054.11930297822,104.94127506813854,-0.04084636957811518,-0.2177480639495631,7.383135780271001,0.4496962399025397
1737456360.0,0.000622543418901,0.0006869619289588,0.0004628496634012,0.0005217284319534,198189.13971590708,113.39112686098113,-0.161940491035264,0.0805198125080536,7.081561487544645,0.35999459435814785
1737456420.0,0.0005217284319534,0.0007744936721298,0.0003899370473624,0.0005342975315424,217656.47664794547,114.92544523162385,0.024091268213887015,0.013531203129534247,5.934769942955251,0.7370819783150097
1737456480.0,0.0005342975315424,0.0009274513590111,0.0005286212295091,0.0007205034370082,219267.53966676525,137.56856057278205,0.3485060186002811,0.19702438651007742,6.077746077438701,0.7464569943841302
1737456540.0,0.0007205034370082,0.0008476792672212,0.0004528464672395,0.0005529660469482,233285.13772122192,148.54075197427107,-0.23252823158717736,0.07975798653271565,8.195877164950339,0.5479957203551916
1737456600.0,0.0005529660469482,0.0013600720390683,0.0002825107083643,0.000426919191995,364333.4584902677,178.50248901386922,-0.2279468253952447,0.20170718568051854,6.290104341478707,1.9486934806413936
1737456660.0,0.000426919191995,0.0005926757931221,0.0001903754749343,0.0002274698029725,182036.9420299374,59.5614857709639,-0.4671830003483093,-0.666326861322723,4.8562950254337895,0.9423336447064944
1737456720.0,0.0002274698029725,0.0004067652537089,0.0002257569755179,0.0003408462173039,97483.00417814143,27.700576489554503,0.49842402310036144,-0.5349246894868684,2.587516544875063,0.7957464060092541
1737456780.0,0.0003408462173039,0.0003846992760005,0.0001988698839871,0.0002268509281337,88667.78340146322,25.168223764645038,-0.33444786353184397,-0.0914187733913906,3.877196951010439,0.5452001007472345
1737456840.0,0.0002268509281337,0.0003294839406837,0.0002071433438997,0.0003294839406837,59637.3085093507,16.58915710308622,0.4524249179598276,-0.3408689759668391,2.580476714252818,0.5392995205728038
1737456900.0,0.0003294839406837,0.0003302945639073,0.0001228099380468,0.0001712553548973,130358.61240995662,32.63783987553914,-0.48023155683419855,0.9674200245814331,3.7479486799958948,0.6297260662536581
1737456960.0,0.0001712553548973,0.0002360082833973,0.0001086277031687,0.0001420233128313,89622.77988182442,14.038452539755765,-0.17069271838845654,-0.5698718851097413,1.948065450466787,0.743804947325523
1737457020.0,0.0001420233128313,0.0002150313339947,0.0001203390108006,0.0001969924270013,37609.31922394156,6.375075590652487,0.38704289510056794,-0.5458847353297105,1.6155448631279778,0.6667378848328843
1737457080.0,0.0001969924270013,0.0002000351321252,0.0001569992279664,0.000159099484835,23656.98752917273,4.212030958775312,-0.19235735476293167,-0.33929709555895443,2.2408300241178813,0.2184647644272944
1737457140.0,0.000159099484835,0.0002231822454092,0.0001310105443523,0.0002109734528248,36286.58661360655,6.714341852872075,0.32604736617216457,0.5940865389138389,1.809789888205209,0.5793337492732303
1737457200.0,0.0002109734528248,0.0003338278077777,0.0001929255871198,0.0002659606913725,75323.40520479604,17.962151899687925,0.26063581844756256,1.6751917452645897,2.399867114579534,0.6678670646534393
1737457260.0,0.0002659606913725,0.0002659606913725,0.0001854729394944,0.0001993355174195,32505.05699682275,7.562239893594749,-0.25050759798065764,-0.5789903160920192,3.025358444153361,0.3026302551055194
1737457320.0,0.0001993355174195,0.0002575812893112,0.0001953362732352,0.0002323042879139,14859.57857320452,3.2069928013371802,0.16539335749693562,-0.575920250288077,2.267483167278003,0.31226254549010374
1737457380.0,0.0002323042879139,0.000307560714234,0.0002317463423005,0.0002988796434474,22431.26218286043,5.95756301584393,0.2865868561073447,0.8576789487522013,2.6425098213818976,0.32635803933847063
1737457440.0,0.0002988796434474,0.0002995144217775,0.0002197841727524,0.0002741048781871,22406.25265676138,6.419217980078082,-0.08289211327522264,0.07749057173317296,3.3998184033245167,0.26676373173314416
1737457500.0,0.0002741048781871,0.0002988565098791,0.0002474811587028,0.0002987329452044,17076.78264509709,4.89111350047358,0.0898490650009128,-0.23805150165439856,3.118000271120954,0.18742953980276095
1737457560.0,0.0002987329452044,0.0003424576258872,0.0002616093946906,0.0003122929215156,23125.10469213106,7.06501856875006,0.045391633326287206,0.4444601557633027,3.3981496801537645,0.2706371442938164
1737457620.0,0.0003122929215156,0.0004912141039584,0.0003085927693281,0.0004075588929377,45807.74043325816,16.48739253344334,0.3050532524392846,1.33366584574459,3.552397244423144,0.5847757731555804
1737457680.0,0.0004075588929377,0.000448383324579,0.0003184532916614,0.000341720297898,29051.89105161988,10.883988709702328,-0.16154375767667073,-0.33985991492438616,4.636067577790777,0.3188006326669979
1737457740.0,0.000341720297898,0.0004516429783783,0.000341720297898,0.0003978962311087,25145.33434599909,9.298952454850403,0.1643915610405676,-0.14563008995396828,3.8871398004314734,0.32167442541885766
1737457800.0,0.0003978962311087,0.0004559628696571,0.0003297282266577,0.0003983604412072,30945.13879664218,12.320136621283977,0.0011666612101515076,0.3248951084654382,4.526152780207324,0.31725518647829154
1737457860.0,0.0003983604412072,0.0005574668569263,0.0003983604412072,0.000456067354764,58793.48893239715,25.11739558298262,0.14486105443081584,1.0387270332368232,4.531433267087211,0.3994031516707346
1737457920.0,0.000456067354764,0.0005130244419685,0.0003629133601979,0.0004287990500851,44721.76775678696,19.786394926722238,-0.05979008230705409,-0.21224336888941656,5.1878614682403414,0.3291423518972929
1737457980.0,0.0004287990500851,0.0005410250417119,0.0004116811824385,0.0005186885247945,28526.82244340373,13.514404907960772,0.20963076921826287,-0.3169849809421785,4.877678804056657,0.3016421310815176
1737458040.0,0.0005186885247945,0.000559961183563,0.0004324557784291,0.0004375709566566,24877.79296691685,11.894812701095866,-0.1563897488768198,-0.11984191815289419,5.900190363750671,0.2458226836316006
1737458100.0,0.0004375709566566,0.0004416711543637,0.0002978203955063,0.0003492696599751,46647.61944422546,18.352120823947615,-0.20179880620092824,0.5428675747249757,4.977461074438271,0.328748415929013
1737458160.0,0.0003492696599751,0.000470558526342,0.000338115223029,0.0004486694985982,57336.54180656976,22.875535962318555,0.2845933959170298,0.24647914983582453,3.973015371705038,0.37920071077013123
1737458220.0,0.0004486694985982,0.0004548983339146,0.0003262963316924,0.0003878227326531,29152.41591653862,12.19288471819565,-0.13561600718392167,-0.4669902056817279,5.103709308369136,0.28662969652271325
1737458280.0,0.0003878227326531,0.0003883723167258,0.000186491230485,0.0002245018740647,51804.61492032033,15.860620228626109,-0.42112244806053534,0.30080949629229536,4.411564630140699,0.5205499039721809
1737458340.0,0.0002245018740647,0.0003169303413242,0.0002204264103635,0.0002681229333523,30345.33795201389,7.474433132307312,0.19430153743406467,-0.528742695773205,2.5537557333185776,0.4298580195053881
1737458400.0,0.0002681229333523,0.0002731493154883,0.0002231398683128,0.0002326421249397,12090.62994229933,3.027282503921262,-0.1323303753580079,-0.5949816594336488,3.0499543985334348,0.18651685833151072
1737458460.0,0.0002326421249397,0.0003429736914221,0.0002326421249397,0.0002997921212495,28882.55020553106,7.689029423351826,0.28864074520985833,1.5399114266316962,2.646352788150698,0.4742544649254625
1737458520.0,0.0002997921212495,0.000351940261695,0.0002965205412487,0.0003297055838441,12866.01043454819,4.049562021129199,0.09978068292763681,-0.47333248474371153,3.4101980290107017,0.18486049671791518
1737458580.0,0.0003297055838441,0.0003352020345885,0.0002879198863781,0.0003117570283196,14787.27277378088,4.742741310123322,-0.054438130271360206,0.17117389124486954,3.7504699172638705,0.14340718060982913
1737458640.0,0.0003117570283196,0.0003169417006096,0.0001901956162864,0.0002109525444216,21996.44314687704,5.748875699565097,-0.32334309972527564,0.21214194990863064,3.5463013473290426,0.40655405591454813
1737458700.0,0.0002109525444216,0.0002428767256389,0.0001565124175857,0.0001565124175857,33682.93783090244,6.1886497351634056,-0.2580681213642935,0.07649739854900274,2.3996292771237484,0.4094015945150029
1737458760.0,0.0001565124175857,0.0002274768370241,0.0001565124175857,0.0002113650981321,16460.45851716354,3.027716293435013,0.350468553182784,-0.5107630221449156,1.780361457605665,0.4534107934250181
1737458820.0,0.0002113650981321,0.0002189201572968,0.0002058221818605,0.0002092333727603,5625.01064278122,1.1829354375536285,-0.01008551265388057,-0.609297793152356,2.404322161795115,0.061968487475231
1737458880.0,0.0002092333727603,0.0002107534200049,0.000160812518695,0.0001740559329999,11171.75890858538,2.14100785809601,-0.16812537740191025,0.8099109977833825,2.380073340208325,0.23868516122001646
1737458940.0,0.0001740559329999,0.0001893377521257,0.0001494505743215,0.0001890268377694,15750.04128686252,2.8592843150824576,0.0860120336691345,0.3354852035084113,1.9799226116415751,0.22916298868262605
1737459000.0,0.0001890268377694,0.0002380076325381,0.0001725792918539,0.0002377582884042,12727.0392948731,2.715855535639391,0.2578017556123384,-0.050162475514062464,2.150219781976371,0.34613254634253665
1737459060.0,0.0002377582884042,0.0002377582884042,0.0001524424041819,0.0001650728129292,13144.38459637702,2.6474834616541667,-0.30571163664936624,-0.02517515128768714,2.704550216722259,0.3588345323098015
1737459120.0,0.0001650728129292,0.0001884479591352,0.0001530684300685,0.0001534285181512,12956.88168067142,2.0633920309725484,-0.07054035471603827,-0.2206213708759766,1.877737743567699,0.21432680790309386
1737459180.0,0.0001534285181512,0.0001644970372925,0.0001519096552803,0.0001584237005972,6033.85311590104,0.940835240897843,0.03255706635370989,-0.5440346639051453,1.7452814570727402,0.08204069337224155
1737459240.0,0.0001584237005972,0.000164222749488,8.10411246399802e-05,9.3139694571499e-05,40210.91994599927,5.0577977722361664,-0.4120848444999324,4.3758591859393885,1.802102701276557,0.5250579587173838
1737459300.0,9.3139694571499e-05,0.0001423705268329,9.14962911968096e-05,0.0001180895953405,21735.01892401852,2.295536306772146,0.26787612825859264,-0.5461391676486034,1.059483489848099,0.5462143275232305
1737459360.0,0.0001180895953405,0.0001211617673366,4.99614138475692e-05,5.83958484357127e-05,17025.11324180086,1.50234233290975,-0.5054953972250148,-0.34553754236966994,1.3432938250625095,0.6029350281346245
1737459420.0,5.83958484357127e-05,7.09240743233975e-05,5.80493680175233e-05,6.56945670864868e-05,7893.01179367758,0.48972355659953604,0.12498694421417941,-0.6740266543304847,0.6642649793726269,0.22047297283552278
1737459480.0,6.56945670864868e-05,7.15812195715518e-05,4.93791011170823e-05,4.93791011170823e-05,14011.68547558009,0.8061880226948358,-0.24835335238491207,0.6462104218402623,0.7472894292929063,0.3379597345582693
1737459540.0,4.93791011170823e-05,4.93791011170823e-05,4.27581642182367e-05,4.27581642182367e-05,3885.58250330702,0.17900347304473596,-0.13408378745386157,-0.7779631202577495,0.5616975943262054,0.13408378745386157
1737459600.0,4.27581642182367e-05,4.88224839549368e-05,4.26751348008896e-05,4.88224839549368e-05,3149.93263622189,0.1442364362635169,0.14182834664622065,-0.1942254873039821,0.4863830534752251,0.1437701843949911
1737459660.0,4.88224839549368e-05,5.23124649687489e-05,4.88224839549368e-05,5.17612195430983e-05,1308.17648384076,0.06579061778687056,0.060192258773108624,-0.5438696386905143,0.5553659577863566,0.07148306950202188
1737459720.0,5.17612195430983e-05,6.59108951960389e-05,4.9720878835392e-05,5.39858681268551e-05,6689.23673324031,0.3536836516375179,0.042979060450932326,4.375898016086124,0.5887946892312083,0.3127827455295272
1737459780.0,5.39858681268551e-05,5.6696398103731e-05,5.39858681268551e-05,5.6696398103731e-05,765.01161573985,0.042336609661404456,0.05020813910978955,-0.8802980871030074,0.6141005317728643,0.05020813910978955
1737459840.0,5.6696398103731e-05,5.6696398103731e-05,3.60367451893268e-05,3.60367451893268e-05,4818.74287061795,0.2234285865567075,-0.3643909243865115,4.277432187972124,0.644933376699512,0.3643909243865115
1737459900.0,3.60367451893268e-05,3.60367451893268e-05,2.69955190324193e-05,2.74014384217103e-05,3138.55303398748,0.09955205182153766,-0.23962504721913863,-0.554434580839678,0.4099255073962626,0.2508890886068504
1737459960.0,2.74014384217103e-05,2.74014384217103e-05,2.61770016735832e-05,2.67211610225754e-05,1170.84360219557,0.03168454964676771,-0.024826338992332313,-0.6817288135500498,0.3116970883301038,0.04468512671790876
1737460020.0,2.67211610225754e-05,3.22533209122294e-05,2.67211610225754e-05,2.79832191643971e-05,2564.39606683792,0.07014184869513926,0.047230662648058135,1.2137555836238552,0.3039587907522977,0.20703291615885053
1737460080.0,2.79832191643971e-05,3.59096863671202e-05,2.70026167657757e-05,2.76238663139576e-05,3956.583759313,0.11000704565319398,-0.012841726619384224,0.5683511013706334,0.3183149658572312,0.31830039099564783
1737460140.0,2.76238663139576e-05,2.76238663139576e-05,2.70323649910038e-05,2.70323649910038e-05,118.777284576,0.00324595936978054,-0.02141269133839279,-0.9704931684101972,0.314227252086834,0.02141269133839279
1737460200.0,2.70323649910038e-05,2.70323649910038e-05,2.42998750478401e-05,2.42998750478401e-05,844.13766609459,0.021665738650898478,-0.10108216369796177,5.674679557792278,0.30749880092778725,0.10108216369796177
1737460260.0,2.42998750478401e-05,2.44364410597221e-05,2.31221028982409e-05,2.40205666890291e-05,590.07019256848,0.014256226180334215,-0.011494230248555433,-0.34199214667702965,0.2764161567954777,0.05408826830975926
1737460320.0,2.40205666890291e-05,2.79282176903722e-05,2.40205666890291e-05,2.52830165021873e-05,1666.36878775591,0.04107897607718497,0.05255703703838085,1.881476174518854,0.2732389658448497,0.16267938437638266
1737460380.0,2.52830165021873e-05,2.54053180802887e-05,2.44637716486184e-05,2.44637716486184e-05,376.11428089536,0.00935523872609705,-0.03240297112087186,-0.7722621248270864,0.28759959629308635,0.037240272796912714
1737460440.0,2.44637716486184e-05,2.44637716486184e-05,2.27938697229506e-05,2.27938697229506e-05,512.4407467158,0.012108370516237149,-0.06826019918977239,0.2942877109549387,0.27828051488002703,0.06826019918977239
1737460500.0,2.27938697229506e-05,2.27938697229506e-05,2.18696839114955e-05,2.18696839114955e-05,152.22116346749,0.003399369049414013,-0.04054536692049964,-0.7192546226715223,0.259285031503684,0.04054536692049964
1737460560.0,2.18696839114955e-05,2.18696839114955e-05,2.12561873993494e-05,2.1312191104713e-05,200.46240809611,0.004328171325927203,-0.025491580447098414,0.2732278440533834,0.2487722247643738,0.028052372161795378
1737460620.0,2.1312191104713e-05,2.1312191104713e-05,2.01341641745708e-05,2.03039189819504e-05,336.25405288512,0.006996792840976946,-0.04730964159474093,0.6165702127047978,0.2424306275837891,0.05527479198897055
1737460680.0,2.03039189819504e-05,2.04742369756172e-05,2.02448122610327e-05,2.03096656390694e-05,121.44287613626,0.0024661152632900105,0.00028303191734096664,-0.6475363328113524,0.23096132148121196,0.011299528666778648
1737460740.0,2.03096656390694e-05,2.03096656390694e-05,2.02115699678169e-05,2.02115699678169e-05,32.76972632973,0.0006639349006900873,-0.004829999321298131,-0.7307770198038753,0.23102669090686237,0.004829999321298131
1737460800.0,2.02115699678169e-05,2.33562152998015e-05,2.02115699678169e-05,2.33290201846322e-05,867.17428942044,0.018878640163198332,0.15424087400331835,27.434474740785674,0.22991083214658048,0.1555863961578369
1737460860.0,2.33290201846322e-05,2.4358984508826e-05,2.32818466834119e-05,2.4163593308307e-05,411.5672965742,0.00977320327126618,0.03577403238840556,-0.4823142352001666,0.26537247983969925,0.04617158444243858
1737460920.0,2.4163593308307e-05,2.43086614023286e-05,2.40520053539583e-05,2.40520053539583e-05,50.99701994606,0.0012294259233453838,-0.004618019883257094,-0.8742044047154968,0.27486592352847616,0.010621601063036737
1737460980.0,2.40520053539583e-05,2.40520053539583e-05,2.18389180743372e-05,2.18389180743372e-05,768.0965340094,0.017624329613882272,-0.09201258884872505,13.335414016588173,0.27359658722839186,0.09201258884872505
1737461040.0,2.18389180743372e-05,2.18389180743372e-05,2.08259956471791e-05,2.08259956471791e-05,3.08825517578,6.588007031233993e-05,-0.04638152969438447,-0.9962619814906067,0.2484222569373315,0.04638152969438447
1737461100.0,2.08259956471791e-05,2.09185330670176e-05,2.07879699249992e-05,2.07879699249992e-05,12.13193520593,0.0002524289669917345,-0.0018258777550955736,2.8316438612612145,0.23690005265044664,0.006269238898841532
1737461160.0,2.07879699249992e-05,2.07879699249992e-05,1.99896648771991e-05,1.99896648771991e-05,198.90664779047,0.004055471321664635,-0.03840226105195929,15.065792171139483,0.23646750211413123,0.03840226105195929
1737461220.0,1.99896648771991e-05,1.99896648771991e-05,1.78887268146877e-05,1.78887268146877e-05,548.53644250887,0.010388839113312561,-0.10510121482365632,1.5616847683805817,0.22738661536763963,0.10510121482365632
1737461280.0,1.78887268146877e-05,1.8482829904188e-05,1.78887268146877e-05,1.84431363620476e-05,173.42992600839,0.0031505161712440766,0.030992118841274646,-0.6967403059301482,0.20348800585786123,0.033211032604763456
1737461340.0,1.84431363620476e-05,1.85216341831777e-05,1.83874815545494e-05,1.83874815545494e-05,12.19380381385,0.0002245526646089263,-0.003017643333848968,-0.9287251191857063,0.20979453031818204,0.007273851149545371
1737461400.0,1.83874815545494e-05,1.84902469333702e-05,1.8366762238518e-05,1.8366762238518e-05,44.94166096414,0.000825898381770691,-0.0011268164141962833,2.6779718611179653,0.2091614452522894,0.006715693744456599
1737461460.0,1.8366762238518e-05,1.8366762238518e-05,1.8366762238518e-05,1.8366762238518e-05,0.0,0.0,0.0,-1.0,0.2089257587025621,0.0
1737461520.0,1.8366762238518e-05,1.84581772932776e-05,1.8322868858601e-05,1.84096077121235e-05,27.39420501539,0.0005037297090748508,0.0023327722681379475,0.0,0.2089257587025621,0.007367027074202233
1737461580.0,1.84096077121235e-05,1.90565024287102e-05,1.84096077121235e-05,1.89140482624885e-05,238.85556926364,0.004457481547408104,0.027400939675254796,7.848955038992456,0.20941313491856312,0.0351389734481248
1737461640.0,1.89140482624885e-05,2.1216613735365e-05,1.89140482624885e-05,2.1216613735365e-05,677.3218533143,0.013590687179557944,0.12173837355819216,2.0489609513830813,0.21515125159567267,0.12173837355819216
1737461700.0,2.1216613735365e-05,2.22117214601583e-05,2.1216613735365e-05,2.22117214601583e-05,238.594,0.005180870103820343,0.046902287858245684,-0.6187926309117757,0.24134341503393925,0.046902287858245684
1737461760.0,2.22117214601583e-05,2.39803224997926e-05,2.22117214601583e-05,2.39803224997926e-05,414.04156803457,0.009562713155949929,0.07962467217170364,0.8457735794028963,0.25266297335855314,0.07962467217170364
1737461820.0,2.39803224997926e-05,2.39803224997926e-05,2.39510526280552e-05,2.39539707905263e-05,14.74562720088,0.00035341060949834304,-0.0010988888605032417,-0.9630428515699595,0.2727811797821558,0.0012205787364891905
1737461880.0,2.39539707905263e-05,2.39539707905263e-05,1.96234567592647e-05,1.96234567592647e-05,1148.73355426902,0.025029426617586066,-0.18078480887913173,69.82251054407979,0.2724814235823383,0.18078480887913173
1737461940.0,1.96234567592647e-05,1.96234567592647e-05,1.94117930889148e-05,1.95856941635518e-05,75.98338,0.0014896219070228585,-0.0019243600236268543,-0.9404851765171389,0.22322092149689152,0.010786258147406587
1737462000.0,1.95856941635518e-05,1.95856941635518e-05,1.9337424801751e-05,1.9337424801751e-05,114.88128722055,0.002235769004686294,-0.012676056295355596,0.5008969686507073,0.22279136407912575,0.012676056295355596
1737462060.0,1.9337424801751e-05,1.9337424801751e-05,1.88827060479813e-05,1.88827060479813e-05,105.56764896172,0.0020174046784077727,-0.023514959123643268,-0.0976685542293582,0.21996724820593969,0.023514959123643268
1737462120.0,1.88827060479813e-05,1.88827060479813e-05,1.87725145021002e-05,1.87725145021002e-05,39.132265743,0.0007367670485885319,-0.005835580218274889,-0.6347946168291719,0.2147947273558367,0.005835580218274889
1737462180.0,1.87725145021002e-05,1.87725145021002e-05,1.85126400178261e-05,1.85126400178261e-05,92.30919352512,0.0017208812720969397,-0.013843349767822984,1.33571964896331,0.21354127549388924,0.013843349767822984
1737462240.0,1.85126400178261e-05,1.85126400178261e-05,1.84021842099321e-05,1.84021842099321e-05,17.91470917096,0.000330659170068698,-0.005966507628714221,-0.8078547454550534,0.2105851489273603,0.005966507628714221
1737462300.0,1.84021842099321e-05,1.84021842099321e-05,1.838103447279e-05,1.838103447279e-05,3.73907127198,6.87675381337621e-05,-0.001149305805268799,-0.792028939891566,0.20932869102979126,0.001149305805268799
1737462360.0,1.838103447279e-05,1.838103447279e-05,1.838103447279e-05,1.838103447279e-05,0.0,0.0,0.0,-1.0,0.20908810834998143,0.0
1737462420.0,1.838103447279e-05,1.838103447279e-05,1.77969468994731e-05,1.77969468994731e-05,147.71883233726,0.0026720845823149245,-0.031776643158008336,0.0,0.20908810834998143,0.031776643158008336
1737462480.0,1.77969468994731e-05,1.77969468994731e-05,1.76469721904633e-05,1.76469721904633e-05,74.12037684479,0.0013135583199011661,-0.008426990868542848,-0.508414393543193,0.20244399014236109,0.008426990868542848
1737462540.0,1.76469721904633e-05,1.76469721904633e-05,1.74773535011281e-05,1.74773535011281e-05,15.29400725622,0.0002685958459985167,-0.009611772915178174,-0.7955204257556481,0.20073799648604002,0.009611772915178174
1737462600.0,1.74773535011281e-05,1.74773535011281e-05,1.74671079347972e-05,1.74671079347972e-05,4.08502285499,7.137446181053576e-05,-0.0005862195515036787,-0.7342681844345057,0.19880854844836837,0.0005862195515036787
1737462660.0,1.74671079347972e-05,1.74671079347972e-05,1.74477754163895e-05,1.74477754163895e-05,16.71835202748,0.00029185965543176995,-0.0011067956114925493,3.0891328358666215,0.19869200299026188,0.0011067956114925493
1737462720.0,1.74477754163895e-05,1.74477754163895e-05,1.74477754163895e-05,1.74477754163895e-05,0.0,0.0,0.0,-1.0,0.19847209155331358,0.0
1737462780.0,1.74477754163895e-05,1.75290201774699e-05,1.74460751067769e-05,1.74460751067769e-05,13.30330782082,0.00023210181728168183,-9.74513697031038e-05,0.0,0.19847209155331358,0.004753905223647304
1737462840.0,1.74460751067769e-05,1.74460751067769e-05,1.70480230787575e-05,1.70480230787575e-05,145.10005854643,0.002502547833113673,-0.02281613632769341,9.782112188619998,0.19845275017614386,0.02281613632769341
1737462900.0,1.70480230787575e-05,1.70480230787575e-05,1.69230048557642e-05,1.69230048557642e-05,2.59726996128,4.411596520406848e-05,-0.007333297380918919,-0.9823715796276392,0.1939248251735193,0.007333297380918919
1737462960.0,1.69230048557642e-05,1.7015192863244e-05,1.69113915031301e-05,1.69429358257611e-05,20.48470956898,0.0003468669795706752,0.0011777441516309275,6.862617942646448,0.19250271676097916,0.006133742854688312
1737463020.0,1.69429358257611e-05,1.70991922831915e-05,1.69001499942237e-05,1.70991922831915e-05,92.46651609963,0.0015738784934260664,0.009222513679879312,3.5374122822936043,0.19272943570981746,0.011747803982422084
1737463080.0,1.70991922831915e-05,1.7590423688266e-05,1.70991922831915e-05,1.7590423688266e-05,143.887988,0.0024957095233128423,0.028728339733180324,0.5857066055208024,0.1945068855671667,0.028728339733180324
1737463140.0,1.7590423688266e-05,1.8696633169058e-05,1.7590423688266e-05,1.8696633169058e-05,319.86252246816,0.005803434769664599,0.06288702878316221,1.325364677040232,0.20009474545618308,0.06288702878316221
1737463200.0,1.8696633169058e-05,1.90377067110957e-05,1.8696633169058e-05,1.90377067110957e-05,50.07425406691,0.0009447594611029753,0.018242511309584843,-0.837206844119043,0.21267810947304558,0.018242511309584843
1737463260.0,1.90377067110957e-05,2.00037670965828e-05,1.90377067110957e-05,2.00037670965828e-05,244.98191765214,0.004782227560685437,0.05074457759789162,4.0618467002197,0.21655789229040873,0.05074457759789162
1737463320.0,2.00037670965828e-05,2.00037670965828e-05,1.99144865489567e-05,1.99144865489567e-05,3.11408800512,6.215447743145613e-05,-0.004463186718533236,-0.987003028056961,0.22754703106017524,0.004463186718533236
1737463380.0,1.99144865489567e-05,2.00368462201128e-05,1.98955494415548e-05,2.00368462201128e-05,26.2092347324,0.0005235469292083833,0.006144254377600931,7.4233180109309105,0.22653144617330578,0.007095175575360429
1737463440.0,2.00368462201128e-05,2.3546902289935e-05,2.00368462201128e-05,2.2429437019786e-05,1220.45229536968,0.025914036427976735,0.11940955045467871,48.49706508098413,0.2279233130031204,0.1751800673251081
1737463500.0,2.2429437019786e-05,2.28934920355333e-05,2.23685418301024e-05,2.28934920355333e-05,104.20478640465,0.0023614330707213264,0.020689552543737024,-0.9088743632322779,0.25513953334696404,0.023404519915850824
1737463560.0,2.28934920355333e-05,2.28934920355333e-05,2.28934920355333e-05,2.28934920355333e-05,0.0,0.0,0.0,-1.0,0.2604182561281306,0.0
1737463620.0,2.28934920355333e-05,2.28934920355333e-05,2.26630661649202e-05,2.27141537109665e-05,51.7746189408,0.0011806592396560126,-0.007833594118732386,0.0,0.2604182561281306,0.010065125506211811
1737463680.0,2.27141537109665e-05,2.47743813291134e-05,2.26227909835342e-05,2.47743813291134e-05,523.63431990676,0.012433313374540289,0.09070237193790812,9.53082291395336,0.2583782452085147,0.09472465375368147
1737463740.0,2.47743813291134e-05,2.76734596120283e-05,2.47743813291134e-05,2.6455364679894e-05,1856.30754404415,0.047549081997993056,0.06785167824978966,2.824329087961329,0.28181376490608145,0.11701919997122485
1737463800.0,2.6455364679894e-05,2.79875635890948e-05,2.6455364679894e-05,2.78180606942307e-05,161.13405097319,0.004372648445361916,0.051509250801307,-0.9080392667613125,0.30093530180885075,0.057916378312685604
1737463860.0,2.78180606942307e-05,2.85266744875994e-05,2.78180606942307e-05,2.85266744875994e-05,223.18688174444,0.006287702873974452,0.025473155773064502,0.43796213039807497,0.31643625374468987,0.025473155773064502
1737463920.0,2.85266744875994e-05,2.92445925415374e-05,2.85266744875994e-05,2.91196671696611e-05,148.37838735988,0.004276735606150493,0.020787304959765846,-0.31982542879810544,0.3244968837285733,0.025166552597993126
1737463980.0,2.91196671696611e-05,3.02266927583261e-05,2.91196671696611e-05,3.02266927583261e-05,324.95135525226,0.009642340043943928,0.03801642313475252,1.2546027933260613,0.33124229940913286,0.03801642313475252
1737464040.0,3.02266927583261e-05,3.08270638279812e-05,2.64095551471195e-05,2.64095551471195e-05,944.70031695372,0.02675214067367196,-0.12628366727799378,1.7744448496684369,0.34383494682359883,0.14614594842318207
1737464100.0,2.64095551471195e-05,2.85001013518629e-05,2.64095551471195e-05,2.80207188807756e-05,640.05376480752,0.017419150905529618,0.06100684864553002,-0.3488688954647796,0.3004142088003808,0.07915870574485664
1737464160.0,2.80207188807756e-05,2.8686238851319e-05,2.79406074563412e-05,2.8686238851319e-05,228.27702719484,0.006472447866173,0.023750995589195904,-0.6284291983417886,0.31874153296763225,0.02661000233971015
1737464220.0,2.8686238851319e-05,3.0605743247056e-05,2.8686238851319e-05,3.0605743247056e-05,353.565974976,0.010481813729435747,0.06691377024662613,0.6194512410392558,0.32631196171124005,0.06691377024662613
1737464280.0,3.0605743247056e-05,3.22920293683709e-05,3.0605743247056e-05,3.22920293683709e-05,367.90255310904,0.011570125565043709,0.05509704854095023,0.10382858002443691,0.34814672534591184,0.05509704854095023
1737464340.0,3.22920293683709e-05,3.26235607617625e-05,3.0650844385644e-05,3.0650844385644e-05,643.3376777447,0.02024676111574289,-0.0508232221643647,0.7499171467000759,0.3673285823716684,0.061089885482722844
1737464400.0,3.0650844385644e-05,3.0650844385644e-05,3.0650844385644e-05,3.0650844385644e-05,0.0,0.0,0.0,-1.0,0.34865976022247197,0.0
1737464460.0,3.0650844385644e-05,3.31518209318105e-05,3.0650844385644e-05,3.31518209318105e-05,588.22258598515,0.018765084392889063,0.08159568182525795,0.0,0.34865976022247197,0.08159568182525795
1737464520.0,3.31518209318105e-05,3.71375936760983e-05,3.31518209318105e-05,3.69994159282338e-05,819.0547474192,0.02872885179377403,0.11605983889504473,0.5309737591513677,0.3771088910828555,0.12022786779905925
1737464580.0,3.69994159282338e-05,4.18165136807715e-05,3.69994159282338e-05,4.18165136807715e-05,842.23533548955,0.03319078045808067,0.13019388635434728,0.1553117645054511,0.4208760882278207,0.13019388635434728
1737464640.0,4.18165136807715e-05,4.2404395663994e-05,4.04285567746482e-05,4.04285567746482e-05,629.34761038357,0.025880369278473373,-0.03319159786296386,-0.22025427178008683,0.4756715818278158,0.04725020608914011
1737464700.0,4.04285567746482e-05,4.04285567746482e-05,3.3853208567181e-05,3.4307781626298e-05,3318.00225398543,0.12398766963447867,-0.15139732002969727,3.7907998645756744,0.45988328196894707,0.16264118069113095
1737464760.0,3.4307781626298e-05,3.43570573861176e-05,3.40401077660504e-05,3.40401077660504e-05,118.45048734809,0.00404792040386851,-0.007802132564654648,-0.9673522341713336,0.39025818555238684,0.009238417788699244
1737464820.0,3.40401077660504e-05,3.73926820955029e-05,3.40401077660504e-05,3.73926820955029e-05,661.0677413068,0.02361095652451016,0.09848894581926551,4.832860868989835,0.38721333945426556,0.09848894581926551
1737464880.0,3.73926820955029e-05,3.79679020008171e-05,3.5952233115496e-05,3.5952233115496e-05,569.40767586936,0.020881578853565078,-0.038522216093724346,-0.115597928788347,0.42534957306427357,0.05390543743754393
1737464940.0,3.5952233115496e-05,3.5952233115496e-05,3.57461590455812e-05,3.59120684289251e-05,32.87354384899,0.0011812171339987835,-0.0011171680613515755,-0.943432575559433,0.4089641648953182,0.005731885116921327
1737465000.0,3.59120684289251e-05,3.59120684289251e-05,2.9807525920605e-05,2.98952971210033e-05,1202.84785521897,0.03957812425467106,-0.16754176440239898,32.506222620295844,0.40850728319205987,0.16998582302219173
1737465060.0,2.98952971210033e-05,2.98952971210033e-05,2.5280832018192e-05,2.5280832018192e-05,983.50921598563,0.02713311575540592,-0.1543542144483105,-0.31444159453302956,0.3400652521948317,0.1543542144483105
1737465120.0,2.5280832018192e-05,2.5280832018192e-05,2.50066311607022e-05,2.50066311607022e-05,111.90863025993,0.002813800561798358,-0.010846195935817442,-0.8962964450097204,0.28757474733113186,0.010846195935817442
1737465180.0,2.50066311607022e-05,2.50066311607022e-05,2.44000786870186e-05,2.44000786870186e-05,186.11897494595,0.004597763096154884,-0.02425566521878381,0.6340046123298657,0.2844556552753852,0.02425566521878381
1737465240.0,2.44000786870186e-05,2.46048421014989e-05,2.43347203842879e-05,2.43959812289979e-05,112.68983261219,0.002749409912035147,-0.0001679280658582522,-0.402011401080129,0.27755599413143567,0.011070526479683596
1737465300.0,2.43959812289979e-05,2.66391412416488e-05,2.43959812289979e-05,2.65959056425809e-05,524.08772461392,0.013362110982148078,0.09017568889453366,3.859992292767025,0.27750938469017383,0.09194793157098352
1737465360.0,2.65959056425809e-05,2.65959056425809e-05,2.59770575563317e-05,2.60713445001338e-05,215.22989193172,0.005667783278278675,-0.019723379586941328,-0.5758317465069035,0.3025339846293084,0.02326854721797497
1737465420.0,2.60713445001338e-05,3.11668841708763e-05,2.60713445001338e-05,3.00812238082748e-05,1515.87502525925,0.04256013795144032,0.15380408586601346,6.509132911723819,0.2965669920125147,0.19544598747933178
1737465480.0,3.00812238082748e-05,3.02024738426269e-05,3.00515834445774e-05,3.00515834445774e-05,28.07300441672,0.000844054281799546,-0.0009853443425810336,-0.9801679617964918,0.34218020711703284,0.005016099046076398
1737465540.0,3.00515834445774e-05,3.58387154243935e-05,3.00515834445774e-05,3.42540464420166e-05,1907.36277063786,0.061327082194053355,0.13984164944884145,71.65774668342704,0.3418430417858068,0.19257327955743195
1737465600.0,3.42540464420166e-05,3.42540464420166e-05,3.07903819118401e-05,3.07903819118401e-05,451.30936023643,0.014677579673661687,-0.10111694500209213,-0.7606672427816089,0.3896469366017433,0.10111694500209213
1737465660.0,3.07903819118401e-05,3.07903819118401e-05,2.99330828517533e-05,3.04369352068977e-05,404.09970945733,0.012370970529266877,-0.011479127019417886,-0.15715187351589888,0.35024702874315117,0.027843079781908607
1737465720.0,3.04369352068977e-05,3.18772353569615e-05,3.03440802716777e-05,3.12356108249336e-05,624.70744232804,0.01926364924670182,0.02624034294539942,0.5571655595758188,0.3462264986120348,0.05037153297012474
1737465780.0,3.12356108249336e-05,3.13991008451623e-05,2.72349419553152e-05,2.72349419553152e-05,887.92026784173,0.02595859444274626,-0.12808037889961452,0.3475429348980023,0.3553116006723995,0.1333144696028512
1737465840.0,2.72349419553152e-05,2.74321888544108e-05,2.66867886417359e-05,2.66867886417359e-05,289.29047836339,0.007799521619301377,-0.020126839795681084,-0.6995399101248012,0.30980315623085003,0.027369260191480876
1737465900.0,2.66867886417359e-05,2.79782676549674e-05,2.66867886417359e-05,2.79500137550371e-05,307.08540538979,0.008389082306607443,0.04733522381653754,0.07558933945988279,0.30356779773719533,0.04839394617948656
1737465960.0,2.79500137550371e-05,2.79500137550371e-05,2.76548189995698e-05,2.76548189995698e-05,127.91141463504,0.003556246409093288,-0.010561524514960244,-0.576086360925044,0.31793724738657886,0.010561524514960244
1737466020.0,2.76548189995698e-05,2.76548189995698e-05,2.73176018962419e-05,2.73176018962419e-05,8.28942487192,0.00022784487652169807,-0.012193791734205369,-0.9359310772338213,0.31457934535408655,0.012193791734205369
1737466080.0,2.73176018962419e-05,2.74260335618514e-05,2.72482456343129e-05,2.72482456343129e-05,17.71502303476,0.0004833176229574902,-0.002538885448013718,1.1212573674504507,0.31074343033295615,0.006508182094964892
1737466140.0,2.72482456343129e-05,2.72482456343129e-05,2.68024324551897e-05,2.68296477137062e-05,140.74426781714,0.0038055767521801673,-0.015362380617986294,6.873863007297964,0.3099544883596179,0.016361170003613024
1737466200.0,2.68296477137062e-05,2.68296477137062e-05,2.66824707734398e-05,2.66824707734398e-05,5.8008780558,0.00015520863692572735,-0.005485608377601401,-0.9592154758574215,0.3051928495351843,0.005485608377601401
1737466260.0,2.66824707734398e-05,2.66824707734398e-05,2.52396624503089e-05,2.52396624503089e-05,319.27726520009,0.008288778349516608,-0.05407326538017225,52.40410504012784,0.30351868108299,0.05407326538017225
1737466320.0,2.52396624503089e-05,2.52695594521296e-05,2.51197720608781e-05,2.51197720608781e-05,16.2221330756,0.0004084687241262193,-0.00475007895477347,-0.9507202742186922,0.2871064348929496,0.00593460358459214
1737466380.0,2.51197720608781e-05,2.63579436831535e-05,2.50825446231977e-05,2.63579436831535e-05,294.65310689615,0.007584034439947884,0.04929071885185399,17.566989323775914,0.2857426566587846,0.050772716283605315
1737466440.0,2.63579436831535e-05,2.63579436831535e-05,2.63289789304339e-05,2.63289789304339e-05,2.03397091326,5.3581834052608656e-05,-0.0010989003189240804,-0.992934916833925,0.2998271176121346,0.0010989003189240804
1737466500.0,2.63289789304339e-05,2.63289789304339e-05,2.62435977230732e-05,2.62435977230732e-05,27.17834397183,0.0007144177858872076,-0.0032428605600806366,12.333208885417497,0.29949763749696856,0.0032428605600806366
1737466560.0,2.62435977230732e-05,2.87064902433963e-05,2.62435977230732e-05,2.86626789823155e-05,546.81171086047,0.015011697551125983,0.09217795840222992,20.012491356837568,0.2985264084204923,0.09384736598662838
1737466620.0,2.86626789823155e-05,2.90687512593594e-05,2.86626789823155e-05,2.90687512593594e-05,109.74141239893,0.0031677643472658515,0.014167282733565892,-0.7889802711200875,0.3260439632778435,0.014167282733565892
1737466680.0,2.90687512593594e-05,3.30446325785653e-05,2.74801797579406e-05,2.74801797579406e-05,2144.80052401308,0.060643088439142276,-0.05464876998826428,18.14381304641057,0.3306631202891731,0.19142386857203184
1737466740.0,2.74801797579406e-05,2.74801797579406e-05,2.71931277147642e-05,2.71931277147642e-05,11.72520782075,0.0003205279461826139,-0.010445784769419332,-0.9947145181020213,0.31259278748488833,0.010445784769419332
1737466800.0,2.71931277147642e-05,2.71931277147642e-05,2.71822456724597e-05,2.71822456724597e-05,0.00341874874,9.294786962730062e-08,-0.00040017619225870795,-0.9997100163316982,0.3093275105063483,0.00040017619225870795
1737466860.0,2.71822456724597e-05,2.72773040508761e-05,2.70498291878619e-05,2.70498291878619e-05,79.98565972673,0.0021688941430261163,-0.00487143285339218,23333.522369612972,0.30920372500103305,0.00836850883312669
1737466920.0,2.70498291878619e-05,2.70498291878619e-05,2.46498577384942e-05,2.46498577384942e-05,500.11714898321,0.012927950014466874,-0.08872408889164601,4.9606182514879915,0.3076974598166718,0.08872408889164601
1737466980.0,2.46498577384942e-05,2.47149024437857e-05,2.3001727371184e-05,2.3001727371184e-05,391.18588750947,0.009320313806181257,-0.06686165838338345,-0.2790570975482217,0.2803972830401637,0.06950040405005405
1737467040.0,2.3001727371184e-05,2.3001727371184e-05,2.29732026048069e-05,2.29732026048069e-05,8.41050650868,0.00019333622389958933,-0.0012401140973802172,-0.9792564684065286,0.2616494556899034,0.0012401140973802172
1737467100.0,2.29732026048069e-05,2.3772101221017e-05,2.2943496359813e-05,2.3772101221017e-05,208.05880900485,0.00486288612028539,0.03477523921906037,24.15248318292886,0.2613249805113305,0.03606832166406887
1737467160.0,2.3772101221017e-05,2.40965922385106e-05,2.37639149907632e-05,2.40965922385106e-05,103.5497568773,0.002478395784884042,0.013650077226102213,-0.4903446793570828,0.2704126192225283,0.01399444014874377
1737467220.0,2.40965922385106e-05,2.42792996289606e-05,2.40965922385106e-05,2.42792996289606e-05,23.27815210824,0.0005630506846313826,0.00758229166354898,-0.7728164774708385,0.2741037723578284,0.00758229166354898
1737467280.0,2.42792996289606e-05,2.43772179172426e-05,2.42792996289606e-05,2.43772179172426e-05,25.95419277456,0.0006314203180664595,0.004032994764198409,0.1214271384464031,0.27618210710592445,0.004032994764198409
1737467340.0,2.43772179172426e-05,2.4645994011496e-05,2.43772179172426e-05,2.4645994011496e-05,74.73575609184,0.0018318934047723949,0.011025708313633571,1.9012265718373367,0.27729594809784797,0.011025708313633571
1737467400.0,2.4645994011496e-05,2.4740083709325e-05,2.45622299419112e-05,2.45622299419112e-05,27.57511438604,0.0006784612021245386,-0.003398689034239308,-0.6296393663752315,0.2803533323381273,0.0072163357392216075
1737467460.0,2.45622299419112e-05,2.45622299419112e-05,2.38290695999221e-05,2.38290695999221e-05,184.3512438315,0.004460498130579833,-0.0298490952866657,5.574433610370343,0.27940049854179727,0.0298490952866657
1737467520.0,2.38290695999221e-05,2.38290695999221e-05,2.36862683281732e-05,2.38054472803899e-05,18.09979257995,0.00043108743758988715,-0.0009913236197974238,-0.903354418056028,0.27106064643768124,0.005992733839233308
1737467580.0,2.38054472803899e-05,2.38054472803899e-05,2.29652232972066e-05,2.29652232972066e-05,164.2678855905,0.0038414595817157933,-0.03529545037683237,7.911091455581562,0.27079193761647,0.03529545037683237
1737467640.0,2.29652232972066e-05,2.29652232972066e-05,2.29652232972066e-05,2.29652232972066e-05,0.0,0.0,0.0,-1.0,0.26123421421988163,0.0
1737467700.0,2.29652232972066e-05,2.29652232972066e-05,2.27365229591627e-05,2.28636653779311e-05,64.84780418968,0.0014859513995179865,-0.004422248282160371,0.0,0.26123421421988163,0.009958550591220179
1737467760.0,2.28636653779311e-05,2.60003260631481e-05,2.27791965710029e-05,2.60003260631481e-05,755.65297056745,0.018462110143116973,0.13718975647030887,11.42443740024453,0.2600789716648062,0.14088421252238753
1737467820.0,2.60003260631481e-05,2.61298758295395e-05,2.59751733771219e-05,2.59751733771219e-05,27.58970458526,0.000716994337614198,-0.0009673988689646009,-0.9611640093111725,0.29575914245054935,0.005950019705209483
1737467880.0,2.59751733771219e-05,2.59751733771219e-05,2.51934941471112e-05,2.51934941471112e-05,186.21395481599,0.004764159971175979,-0.03009332098237989,5.644627051070923,0.29547302539065673,0.03009332098237989
1737467940.0,2.51934941471112e-05,2.51934941471112e-05,2.50825721244715e-05,2.50825721244715e-05,3.71214898216,9.331612411853221e-05,-0.004402804231600329,-0.980412890271714,0.2865812607959408,0.004402804231600329
1737468000.0,2.50825721244715e-05,2.51859635673124e-05,2.50453196074233e-05,2.51859635673124e-05,17.26649192422,0.00043398063278227573,0.004122043079466557,3.650650001611982,0.2853194996082111,0.005607238332303375
1737468060.0,2.51859635673124e-05,2.51980701945925e-05,2.50796722232051e-05,2.51980701945925e-05,3.88831395888,9.795447089054802e-05,0.00048068946211823833,-0.7742883818050679,0.286495598877008,0.004700950633513287
1737468120.0,2.51980701945925e-05,2.5848214975504e-05,2.51980701945925e-05,2.5848214975504e-05,164.11562648389,0.004188746535182845,0.02580137192613342,41.76217815380015,0.2866333142923314,0.02580137192613342
1737468180.0,2.5848214975504e-05,2.80825852667057e-05,2.5848214975504e-05,2.74150860772076e-05,506.069,0.013477452750222356,0.060618154994010416,2.2175383821914747,0.29402884704080817,0.08644195714555858
1737468240.0,2.74150860772076e-05,2.80450122516164e-05,2.74150860772076e-05,2.80450122516164e-05,3.9064942477,0.00010832727754921368,0.02297735533766969,-0.9919623329751666,0.31185233326343803,0.02297735533766969
1737468300.0,2.80450122516164e-05,2.86224888242266e-05,2.59210326560245e-05,2.59210326560245e-05,965.62423723778,0.026055460475340263,-0.07573466456480099,239.5253881092241,0.31901787513771346,0.09632572608508659
1737468360.0,2.59210326560245e-05,2.64371809486716e-05,2.59210326560245e-05,2.61773360850364e-05,170.13118561717,0.0044317786213186,0.009887855642677613,-0.8299097947045312,0.29485716337398316,0.01991233526443391
1737468420.0,2.61773360850364e-05,2.61773360850364e-05,2.59404923280798e-05,2.59404923280798e-05,48.8741587914,0.0012736075108627897,-0.009047664597620691,-0.7126193296893856,0.29777266844063455,0.009047664597620691
1737468480.0,2.59404923280798e-05,2.59404923280798e-05,2.45664653910838e-05,2.45664653910838e-05,307.03678229459,0.007753746890790448,-0.05296842170989397,5.0880191304287825,0.29507852121024514,0.05296842170989397
1737468540.0,2.45664653910838e-05,2.45664653910838e-05,2.40212781762536e-05,2.40212781762536e-05,106.73470141718,0.0025929991510971325,-0.022192334393700372,-0.6655811457842427,0.279448677661249,0.022192334393700372
1737468600.0,2.40212781762536e-05,2.41410211192028e-05,2.14877294762444e-05,2.14877294762444e-05,628.16043797298,0.014293479089354423,-0.10547101954440363,4.512334658230282,0.2732470591607132,0.1104558892949056
1737468660.0,2.14877294762444e-05,2.14877294762444e-05,2.1358548026821e-05,2.14621815591239e-05,7.1115474736,0.00015272016565745912,-0.0011889537770262465,-0.9893153958736889,0.24442741324352277,0.006011870615097584
1737468720.0,2.14621815591239e-05,2.21561119503055e-05,2.14621815591239e-05,2.21561119503055e-05,195.61887868644,0.004266280833265302,0.03233270528766911,26.935281597548013,0.24413680034733812,0.03233270528766911
1737468780.0,2.21561119503055e-05,2.21561119503055e-05,2.213226335989e-05,2.21384801606201e-05,6.82235567838,0.00015109673100474963,-0.0007957980048551703,-0.9645835009672572,0.2520304035628431,0.0010763887846834258
1737468840.0,2.21384801606201e-05,2.21384801606201e-05,2.21384801606201e-05,2.21384801606201e-05,0.0,0.0,0.0,-1.0,0.25182983827052496,0.0
1737468900.0,2.21384801606201e-05,2.2140228084042e-05,2.21384801606201e-05,2.2140228084042e-05,2.677294683,5.9273575076771054e-05,7.895408398496039e-05,0.0,0.25182983827052496,7.895408398496039e-05
1737468960.0,2.2140228084042e-05,2.33616217069441e-05,2.2140228084042e-05,2.33214620773166e-05,305.05675023375,0.006934197730378851,0.05335238592803827,115.98632521149074,0.2518497212647257,0.05516626198545996
1737469020.0,2.33214620773166e-05,2.33214620773166e-05,2.33214620773166e-05,2.33214620773166e-05,0.0,0.0,0.0,-1.0,0.2652865047895102,0.0
1737469080.0,2.33214620773166e-05,2.35817425480085e-05,2.33214620773166e-05,2.35817425480085e-05,50.913869429,0.0011940118180477355,0.011160555450125856,0.0,0.2652865047895102,0.011160555450125856
1737469140.0,2.35817425480085e-05,2.35817425480085e-05,2.23381621873765e-05,2.23729437396135e-05,396.3968859163,0.009108147268836927,-0.05125994425280856,6.628188541491297,0.2682472495363836,0.052734879880071535
1737469200.0,2.23729437396135e-05,2.23729437396135e-05,2.21021416569255e-05,2.21021416569255e-05,95.53126778716,0.002124380646436788,-0.01210399873345759,-0.7667603977259733,0.2544969104791794,0.01210399873345759
1737469260.0,2.21021416569255e-05,2.2350398497072e-05,2.20065119260307e-05,2.2350398497072e-05,87.4526598918,0.001943746437707063,0.011232252692974268,-0.08502911614860638,0.2514164801970705,0.015558970545894966
1737469320.0,2.2350398497072e-05,2.32246929059039e-05,2.2350398497072e-05,2.32246929059039e-05,195.65687557097,0.00445853999388382,0.03911762060736575,1.2937868373116241,0.2542404536338222,0.03911762060736575
1737469380.0,2.32246929059039e-05,2.34385629793267e-05,2.32246929059039e-05,2.33935661878578e-05,33.70235500738,0.0007855725589019888,0.007271281589732813,-0.8238049765215453,0.2641857352421146,0.009208736334611762
1737469440.0,2.33935661878578e-05,2.33935661878578e-05,2.3388047295242e-05,2.33925354427504e-05,18.90922782526,0.00044234452739446936,-4.406105076596128e-05,-0.4369144869154499,0.2661067041150506,0.0002359149764290301
1737469500.0,2.33925354427504e-05,2.33925354427504e-05,2.21207014429e-05,2.21207014429e-05,380.04895368689,0.0086486290286475,-0.054369224018619815,18.551793891495162,0.26609497917405145,0.054369224018619815
1737469560.0,2.21207014429e-05,2.21207014429e-05,2.21207014429e-05,2.21207014429e-05,0.0,0.0,0.0,-1.0,0.2516276016411074,0.0
1737469620.0,2.21207014429e-05,2.21207014429e-05,2.17390786356518e-05,2.17390786356518e-05,32.38329931679,0.000710162193126163,-0.017251840238126242,0.0,0.2516276016411074,0.017251840238126242
1737469680.0,2.17390786356518e-05,2.28790005064064e-05,2.1655570604934e-05,2.25948072071311e-05,414.12128002105,0.009179802776760181,0.03936360808207935,11.92634677769921,0.2472865624580922,0.056277909564483024
1737469740.0,2.25948072071311e-05,2.29249099596023e-05,2.25948072071311e-05,2.29249099596023e-05,194.832,0.0044343487675145,0.014609673339767048,-0.5169450939904059,0.25702065378665717,0.014609673339767048
1737469800.0,2.29249099596023e-05,2.36645998134745e-05,2.29249099596023e-05,2.36645998134745e-05,104.2106875455,0.0024275624229300624,0.032265769208065,-0.4525549183875455,0.26077564158005356,0.032265769208065
1737469860.0,2.36645998134745e-05,2.69367547423408e-05,2.36645998134745e-05,2.42212507408369e-05,1373.6985723486,0.03289036227107799,0.02352251598378806,12.548719472836211,0.2691897682463607,0.1382721429754816
1737469920.0,2.42212507408369e-05,2.42212507408369e-05,2.22773355113823e-05,2.22773355113823e-05,478.89102112795,0.011133877725665656,-0.08025659988636213,-0.661485099072436,0.2755217888726079,0.08025659988636213
1737469980.0,2.22773355113823e-05,2.22773355113823e-05,2.20840940371639e-05,2.20840940371639e-05,2.09559127212,4.648171229034985e-05,-0.008674353093962561,-0.9958252000394077,0.25340934690308425,0.008674353093962561
1737470040.0,2.20840940371639e-05,2.20840940371639e-05,1.98187342595835e-05,1.98187342595835e-05,530.3512042846,0.0111116077250554,-0.10257879602252068,238.05332178053823,0.25121118475073645,0.10257879602252068
1737470100.0,1.98187342595835e-05,1.98187342595835e-05,1.98187319568135e-05,1.98187319568135e-05,1.2292077217,2.436133977090904e-05,-1.1619157751308956e-07,-0.9978075774115047,0.2254422438716149,1.1619157751308956e-07
1737470160.0,1.98187319568135e-05,1.98187319568135e-05,1.94959645911946e-05,1.94959645911946e-05,76.42245408941,0.0015022627959896172,-0.01628597461846881,60.665852950482474,0.22544221767712497,0.01628597461846881
1737470220.0,1.94959645911946e-05,1.94959645911946e-05,1.93923388193e-05,1.93923388193e-05,3.42985225461,6.669056756522133e-05,-0.00531524210612303,-0.9556065904425938,0.221770671442104,0.00531524210612303
1737470280.0,1.93923388193e-05,1.98729096639346e-05,1.93804331705946e-05,1.98035009425531e-05,175.03472683663,0.003430316552924139,0.021202296797944657,50.436307684282255,0.22059190663135173,0.025395415062048638
1737470340.0,1.98035009425531e-05,2.04651507611573e-05,1.97363453165199e-05,2.02942620711203e-05,279.79660715953,0.0056096090229563545,0.024781533830347566,0.6353036043202775,0.22526896170697416,0.03680184866057525
1737470400.0,2.02942620711203e-05,2.02942620711203e-05,2.01409822330135e-05,2.01409822330135e-05,5.22537336,0.00010564462419595623,-0.007552865808554166,-0.9811672036743337,0.2308514721024428,0.007552865808554166
1737470460.0,2.01409822330135e-05,2.05614319489928e-05,2.01409822330135e-05,2.05614319489928e-05,107.6365,0.0021905327020507602,0.02087533324418184,19.73491877814458,0.22910788191194587,0.02087533324418184
1737470520.0,2.05614319489928e-05,2.05614319489928e-05,1.98941157248775e-05,1.98941157248775e-05,296.01051428226,0.005987633736256417,-0.032454754404787005,1.7334144478422255,0.2338905852957264,0.032454754404787005
1737470580.0,1.98941157248775e-05,1.98941157248775e-05,1.92356927490741e-05,1.9795925024399e-05,308.38072922397,0.006119821854595486,-0.004935665492068648,0.022076854423917255,0.2262997237923617,0.03309636803710981
1737470640.0,1.9795925024399e-05,2.02592637128662e-05,1.9795925024399e-05,2.02592637128662e-05,0.55352729434,1.1085820123008226e-05,0.023405760927873963,-0.9981885387538391,0.22518278405477507,0.023405760927873963
1737470700.0,2.02592637128662e-05,2.02592637128662e-05,2.02590949001554e-05,2.02590949001554e-05,0.38138810532,7.726610011048305e-06,-8.332618262689935e-06,-0.3030186377449874,0.2304533584634342,8.332618262689935e-06
1737470760.0,2.02590949001554e-05,2.02590949001554e-05,2.02590949001554e-05,2.02590949001554e-05,0.0,0.0,0.0,-1.0,0.23045143818357078,0.0
1737470820.0,2.02590949001554e-05,2.1837892655222e-05,2.02590949001554e-05,2.1837892655222e-05,746.83587514311,0.015719770270904446,0.07793032032514394,0.0,0.23045143818357078,0.07793032032514394
1737470880.0,2.1837892655222e-05,2.35014644028791e-05,2.1837892655222e-05,2.3284534970991e-05,133.94744128,0.0030220168624366076,0.06624459322191391,-0.8077569321715836,0.24841059258060658,0.07617821801405812
1737470940.0,2.3284534970991e-05,2.3284534970991e-05,2.25963430646436e-05,2.25963430646436e-05,297.95017516026,0.006835107823611928,-0.02955575051014695,1.2617702464111604,0.2648664512381234,0.02955575051014695
1737471000.0,2.25963430646436e-05,2.25963430646436e-05,2.17958589941323e-05,2.18092482529556e-05,59.11469112808,0.0013125114075498137,-0.0348328404041432,-0.8079750252050547,0.25703812448682145,0.035425381364642676
1737471060.0,2.18092482529556e-05,2.18092482529556e-05,2.18092482529556e-05,2.18092482529556e-05,0.0,0.0,0.0,-1.0,0.24808475651879172,0.0
1737471120.0,2.18092482529556e-05,2.18092482529556e-05,2.18092482529556e-05,2.18092482529556e-05,0.0,0.0,0.0,0.0,0.24808475651879172,0.0
1737471180.0,2.18092482529556e-05,2.18092482529556e-05,2.15356171885124e-05,2.15356171885124e-05,88.77456122028,0.0019239607053592,-0.012546561040044901,0.0,0.24808475651879172,0.012546561040044901
1737471240.0,2.15356171885124e-05,2.15356171885124e-05,2.13450034168495e-05,2.13450034168495e-05,6.9419685003,0.0001488379587578687,-0.008851093980467845,-0.9226398136181888,0.244972145978024,0.008851093980467845
1737471300.0,2.13450034168495e-05,2.13450034168495e-05,2.13450034168495e-05,2.13450034168495e-05,0.0,0.0,0.0,-1.0,0.24280387449137564,0.0
1737471360.0,2.13450034168495e-05,2.1515856862883e-05,2.13450034168495e-05,2.1515856862883e-05,69.66434106016,0.0014929367943295746,0.00800437660734361,0.0,0.24280387449137564,0.00800437660734361
1737471420.0,2.1515856862883e-05,2.1571795035e-05,2.14759210147796e-05,2.1571795035e-05,7.96505393376,0.00017159773562285723,0.002599857977931624,-0.8850602810014366,0.2447473681445268,0.004455970349281899
1737471480.0,2.1571795035e-05,2.1571795035e-05,2.138084587884e-05,2.138084587884e-05,20.326439658,0.00043653713184345545,-0.008851797258883033,1.5439562489501035,0.2453836765421751,0.008851797258883033
1737471540.0,2.138084587884e-05,2.138084587884e-05,2.138084587884e-05,2.138084587884e-05,0.0,0.0,0.0,-1.0,0.24321158998678444,0.0
1737471600.0,2.138084587884e-05,2.138084587884e-05,2.13051393887032e-05,2.13051393887032e-05,1.46635878312,3.129648470659645e-05,-0.003540855706355612,0.0,0.24321158998678444,0.003540855706355612
1737471660.0,2.13051393887032e-05,2.13051393887032e-05,2.13051393887032e-05,2.13051393887032e-05,0.0,0.0,0.0,-1.0,0.2423504128405279,0.0
1737471720.0,2.13051393887032e-05,2.13203071936364e-05,2.13051393887032e-05,2.13203071936364e-05,1.64166365391,3.4988323192954574e-05,0.0007119317389325525,0.0,0.2423504128405279,0.0007119317389325525
1737471780.0,2.13203071936364e-05,2.13203071936364e-05,2.12051139615929e-05,2.12051139615929e-05,53.77031787204,0.001143302706579527,-0.005402981814346558,31.67669331492137,0.24252294979137248,0.005402981814346558
1737471840.0,2.12051139615929e-05,2.12051139615929e-05,2.12051139615929e-05,2.12051139615929e-05,0.0,0.0,0.0,-1.0,0.24121260270408804,0.0
1737471900.0,2.12051139615929e-05,2.12051139615929e-05,2.12051139615929e-05,2.12051139615929e-05,0.0,0.0,0.0,0.0,0.24121260270408804,0.0
1737471960.0,2.12051139615929e-05,2.12051139615929e-05,2.09769337211379e-05,2.09769337211379e-05,15.20564635152,0.00032070264972327916,-0.010760623162331662,0.0,0.24121260270408804,0.010760623162331662
1737472020.0,2.09769337211379e-05,2.09769337211379e-05,2.09769337211379e-05,2.09769337211379e-05,0.0,0.0,0.0,-1.0,0.2386170047843841,0.0
1737472080.0,2.09769337211379e-05,2.09769337211379e-05,2.09769337211379e-05,2.09769337211379e-05,0.0,0.0,0.0,0.0,0.2386170047843841,0.0
1737472140.0,2.09769337211379e-05,2.09769337211379e-05,2.09769337211379e-05,2.09769337211379e-05,0.0,0.0,0.0,0.0,0.2386170047843841,0.0
1737472200.0,2.09769337211379e-05,2.11679252926691e-05,2.09769337211379e-05,2.11679252926691e-05,19.915351386,0.00041966483818669793,0.009104837440504575,0.0,0.2386170047843841,0.009104837440504575
1737472260.0,2.11679252926691e-05,2.11679252926691e-05,2.1086139125477e-05,2.1086139125477e-05,2.81192215092,5.9407569851892814e-05,-0.0038636836657972113,-0.8584404399744733,0.24078957382348604,0.0038636836657972113
1737472320.0,2.1086139125477e-05,2.1086139125477e-05,2.08942312854817e-05,2.08942312854817e-05,89.98333653151,0.0018887668992033709,-0.009101136953204943,30.793370843348708,0.23985923908020995,0.009101136953204943
1737472380.0,2.08942312854817e-05,2.08942312854817e-05,2.08942312854817e-05,2.08942312854817e-05,0.0,0.0,0.0,-1.0,0.23767624729584944,0.0
1737472440.0,2.08942312854817e-05,2.08942312854817e-05,2.0597764416928e-05,2.0597764416928e-05,7.37771059662,0.00015305796818428975,-0.014188933993455832,0.0,0.23767624729584944,0.014188933993455832
1737472500.0,2.0597764416928e-05,2.0597764416928e-05,2.05709404045195e-05,2.05808505134685e-05,6.75554901939,0.00013909207585643924,-0.0008211523890232835,-0.09124577108612107,0.23430387471115635,0.0013022778523700328
1737472560.0,2.05808505134685e-05,2.05808505134685e-05,2.05002776827429e-05,2.05002776827429e-05,21.93826231282,0.0004506242832375358,-0.003914941740278105,2.2397552517847066,0.23411147552467987,0.003914941740278105
1737472620.0,2.05002776827429e-05,2.05002776827429e-05,2.03111815194666e-05,2.03111815194666e-05,58.08169631113,0.001185199389698402,-0.009224078141901371,1.630127655756298,0.2331949427372702,0.009224078141901371
1737472680.0,2.03111815194666e-05,2.03111815194666e-05,2.02414213915393e-05,2.02414213915393e-05,17.27777761717,0.0003503294274468803,-0.003434567696637595,-0.7044130882179844,0.2310439343631654,0.003434567696637595
1737472740.0,2.02414213915393e-05,2.02414213915393e-05,2.02414213915393e-05,2.02414213915393e-05,0.0,0.0,0.0,-1.0,0.23025039832969763,0.0
1737472800.0,2.02414213915393e-05,2.02414213915393e-05,2.00823762772052e-05,2.00823762772052e-05,98.00261062053,0.001975918720835501,-0.007857408393294862,0.0,0.23025039832969763,0.007857408393294862
1737472860.0,2.00823762772052e-05,2.00823762772052e-05,1.9894432657481e-05,1.9894432657481e-05,3.93375346176,7.862945526846997e-05,-0.009358634512666202,-0.9602061287039063,0.22844122691730237,0.009358634512666202
1737472920.0,1.9894432657481e-05,2.01060846849317e-05,1.9894432657481e-05,2.01060846849317e-05,49.71684547876,0.0009943497698915958,0.010638756635822512,11.646021347808132,0.2263033289669583,0.010638756635822512
1737472980.0,2.01060846849317e-05,2.07424955326387e-05,2.01060846849317e-05,2.07424955326387e-05,274.41180300846,0.005604666273919603,0.031652649318838016,4.636513874318716,0.22871091500971424,0.031652649318838016
1737473040.0,2.07424955326387e-05,2.14304672663533e-05,2.07424955326387e-05,2.14304672663533e-05,59.5975,0.0012567015752064628,0.0331672595822456,-0.775775842166675,0.2359502213979073,0.0331672595822456
1737473100.0,2.14304672663533e-05,2.14304672663533e-05,2.14304672663533e-05,2.14304672663533e-05,0.0,0.0,0.0,-1.0,0.2437760436395,0.0
1737473160.0,2.14304672663533e-05,2.14304672663533e-05,2.14304672663533e-05,2.14304672663533e-05,0.0,0.0,0.0,0.0,0.2437760436395,0.0
1737473220.0,2.14304672663533e-05,2.20997747158195e-05,2.14304672663533e-05,2.18935370651726e-05,528.68944916045,0.011452471992729687,0.021608012231554986,0.0,0.2437760436395,0.031231584507587548
1737473280.0,2.18935370651726e-05,2.18935370651726e-05,2.1284593881697e-05,2.1284593881697e-05,5.2788526534,0.00011396549555886762,-0.02781383298929275,-0.9900488300140603,0.24904355937222242,0.02781383298929275
1737473340.0,2.1284593881697e-05,2.1284593881697e-05,2.127127596093e-05,2.127127596093e-05,21.27127596093,0.00045260882558996885,-0.0006257070649795256,2.971454898436156,0.2421167034047844,0.0006257070649795256
1737473400.0,2.127127596093e-05,2.127127596093e-05,2.127127596093e-05,2.127127596093e-05,0.0,0.0,0.0,-1.0,0.24196520927291448,0.0
1737473460.0,2.127127596093e-05,2.127127596093e-05,2.127127596093e-05,2.127127596093e-05,0.0,0.0,0.0,0.0,0.24196520927291448,0.0
1737473520.0,2.127127596093e-05,2.127127596093e-05,2.12038867742517e-05,2.12038867742517e-05,9.40151464605,0.00019966543227408395,-0.003168083889376378,0.0,0.24196520927291448,0.003168083889376378
1737473580.0,2.12038867742517e-05,2.13576097409369e-05,2.12038867742517e-05,2.13576097409369e-05,35.904,0.0007640639854406657,0.007249754175817808,2.826721414610331,0.24119864319162737,0.007249754175817808
1737473640.0,2.13576097409369e-05,2.13576097409369e-05,2.13576097409369e-05,2.13576097409369e-05,0.0,0.0,0.0,-1.0,0.24294727406230746,0.0
1737473700.0,2.13576097409369e-05,2.13576097409369e-05,2.13576097409369e-05,2.13576097409369e-05,0.0,0.0,0.0,0.0,0.24294727406230746,0.0
1737473760.0,2.13576097409369e-05,2.13576097409369e-05,2.12873956528584e-05,2.12873956528584e-05,2.074401456,4.4231430640008405e-05,-0.003287544295929112,0.0,0.24294727406230746,0.003287544295929112
1737473820.0,2.12873956528584e-05,2.12873956528584e-05,2.12873956528584e-05,2.12873956528584e-05,0.0,0.0,0.0,-1.0,0.24214857413725238,0.0
1737473880.0,2.12873956528584e-05,2.12873956528584e-05,2.12873956528584e-05,2.12873956528584e-05,0.0,0.0,0.0,0.0,0.24214857413725238,0.0
1737473940.0,2.12873956528584e-05,2.12873956528584e-05,2.12224480348108e-05,2.12224480348108e-05,1.40841181845,2.993568312508772e-05,-0.003050989379195359,0.0,0.24214857413725238,0.003050989379195359
1737474000.0,2.12224480348108e-05,2.12232919401829e-05,2.12171173870258e-05,2.12171173870258e-05,14.04676674345,0.0002980693380869625,-0.0002511796837130771,8.956991355148475,0.24140978140937233,0.0002909444352024452
1737474060.0,2.12171173870258e-05,2.12171173870258e-05,2.12171173870258e-05,2.12171173870258e-05,0.0,0.0,0.0,-1.0,0.24134914417683268,0.0
1737474120.0,2.12171173870258e-05,2.12171173870258e-05,2.12171173870258e-05,2.12171173870258e-05,0.0,0.0,0.0,0.0,0.24134914417683268,0.0
1737474180.0,2.12171173870258e-05,2.12171173870258e-05,2.12171173870258e-05,2.12171173870258e-05,0.0,0.0,0.0,0.0,0.24134914417683268,0.0
1737474240.0,2.12171173870258e-05,2.12814925188579e-05,2.12171173870258e-05,2.12814925188579e-05,1.43404794988,3.0472522204141195e-05,0.0030341130068623377,0.0,0.24134914417683268,0.0030341130068623377
1737474300.0,2.12814925188579e-05,2.42627568408403e-05,2.12814925188579e-05,2.42627568408403e-05,718.79426316294,0.016368472579906732,0.14008718229422348,536.1551613040508,0.24208142475437472,0.14008718229422348
1737474360.0,2.42627568408403e-05,3.77152100221275e-05,2.42627568408403e-05,3.77152100221275e-05,2951.38865967585,0.09146053427456438,0.5544486667171864,4.587603475405372,0.27599392943398615,0.5544486667171864
1737474420.0,3.77152100221275e-05,3.82275396903421e-05,2.87554295846021e-05,3.1629729082432e-05,2613.33108041563,0.09061064231573726,-0.16135349468092977,-0.009292444720208456,0.429018395630697,0.2511482794390569
1737474480.0,3.1629729082432e-05,3.1629729082432e-05,2.59760652653632e-05,2.60261381310312e-05,2123.95089141066,0.061229115281544906,-0.17716215452863876,-0.32426132607923663,0.35979477821327827,0.1787452495193516
1737474540.0,2.60261381310312e-05,2.89302909367612e-05,2.05450187904437e-05,2.06218846013865e-05,3214.94513908379,0.07498541696572822,-0.20764715465799977,0.224669287167205,0.29605276011686016,0.32218656890626673
1737474600.0,2.06218846013865e-05,2.22903437138774e-05,2.06218846013865e-05,2.22903437138774e-05,527.69984190786,0.011322388048939376,0.08090720827613986,-0.8490054665680632,0.2345782468499468,0.08090720827613986
1737474660.0,2.22903437138774e-05,2.55716803774443e-05,2.22123709497245e-05,2.35394664864532e-05,1630.50513416379,0.037362870414695534,0.05603873985119977,2.2999107832375962,0.25355731792488717,0.15070693708632144
1737474720.0,2.35394664864532e-05,2.35394664864532e-05,2.34294846388704e-05,2.34294846388704e-05,22.7924438679,0.0005352685910290384,-0.004672231957597518,-0.985673782953825,0.2677663505014479,0.004672231957597518
1737474780.0,2.34294846388704e-05,2.46294651916673e-05,2.34294846388704e-05,2.46294651916673e-05,286.764,0.006890788344602157,0.051216685782583864,11.873515203563159,0.2665152840014658,0.051216685782583864
1737474840.0,2.46294651916673e-05,2.4727785423444e-05,2.46294651916673e-05,2.4727785423444e-05,2.3886,5.894736440962742e-05,0.003991975912248627,-0.9914454832362101,0.28016531355842494,0.003991975912248627
1737474900.0,2.4727785423444e-05,2.4727785423444e-05,2.46272787069639e-05,2.46272787069639e-05,6.50678583398,0.0001605714160594563,-0.004064525583630001,1.7239795649494956,0.28128372674159774,0.004064525583630001
1737474960.0,2.46272787069639e-05,2.75867416592573e-05,2.46272787069639e-05,2.50983483500023e-05,1306.84229433886,0.0324917762752821,0.019127961665744007,201.35093563135214,0.28014044183799774,0.12017011654058828
1737475020.0,2.50983483500023e-05,2.52228996683239e-05,2.50983483500023e-05,2.52228996683239e-05,4.7603898,0.0001197743778948551,0.004962530465539125,-0.9963137017539427,0.2854989574704996,0.004962530465539125
1737475080.0,2.52228996683239e-05,2.52228996683239e-05,2.50024744467809e-05,2.50024744467809e-05,54.51680833457,0.0013690635470826207,-0.008739091240164573,10.430354063574967,0.28691575474482656,0.008739091240164573
1737475140.0,2.50024744467809e-05,2.50024744467809e-05,2.26730932075751e-05,2.26730932075751e-05,546.69203077824,0.013031926449732625,-0.09316602819308996,8.51886161712709,0.28440837178587086,0.09316602819308996
1737475200.0,2.26730932075751e-05,2.26730932075751e-05,2.16496453149782e-05,2.16496453149782e-05,349.7306070915,0.00775050912572519,-0.0451393148357439,-0.4052675822242531,0.2579111734017176,0.0451393148357439
1737475260.0,2.16496453149782e-05,2.16496453149782e-05,2.16496453149782e-05,2.16496453149782e-05,0.0,0.0,0.0,-1.0,0.24626923974588133,0.0
1737475320.0,2.16496453149782e-05,2.16496453149782e-05,2.10942232570562e-05,2.10942232570562e-05,35.46122440704,0.0007578749577289681,-0.02565501881630069,0.0,0.24626923974588133,0.02565501881630069
1737475380.0,2.10942232570562e-05,2.10942232570562e-05,2.10942232570562e-05,2.10942232570562e-05,0.0,0.0,0.0,-1.0,0.23995119776632468,0.0
1737475440.0,2.10942232570562e-05,2.10942232570562e-05,2.10942232570562e-05,2.10942232570562e-05,0.0,0.0,0.0,0.0,0.23995119776632468,0.0
1737475500.0,2.10942232570562e-05,2.10942232570562e-05,2.10942232570562e-05,2.10942232570562e-05,0.0,0.0,0.0,0.0,0.23995119776632468,0.0
1737475560.0,2.10942232570562e-05,2.10942232570562e-05,2.10469236935186e-05,2.10469236935186e-05,19.0267456737,0.0004009044427133025,-0.0022422993708373093,0.0,0.23995119776632468,0.0022422993708373093
1737475620.0,2.10469236935186e-05,2.10469236935186e-05,2.10469236935186e-05,2.10469236935186e-05,0.0,0.0,0.0,-1.0,0.2394131553465416,0.0
1737475680.0,2.10469236935186e-05,2.10469236935186e-05,2.10364403412044e-05,2.10364403412044e-05,8.37026451726,0.0001761244443733888,-0.0004980942805160404,0.0,0.2394131553465416,0.0004980942805160404
1737475740.0,2.10364403412044e-05,2.11129101101438e-05,2.10364403412044e-05,2.1104136845262e-05,4.38696721002,9.243466516417248e-05,0.0032180588996799588,-0.4751741276287102,0.23929390502318318,0.003635109728598774
1737475800.0,2.1104136845262e-05,2.1104136845262e-05,2.07786976552573e-05,2.07868907068074e-05,82.65150022074,0.0017311781364834449,-0.015032414771600725,17.72866779371909,0.2400639669038822,0.015420634939531505
1737475860.0,2.07868907068074e-05,2.07868907068074e-05,2.03490342570475e-05,2.04026751125093e-05,147.86728845885,0.0030452947052498455,-0.018483552914062035,0.759088011263691,0.23645522578166722,0.021064066576176703
1737475920.0,2.04026751125093e-05,2.04026751125093e-05,2.04026751125093e-05,2.04026751125093e-05,0.0,0.0,0.0,-1.0,0.23208469310412527,0.0
1737475980.0,2.04026751125093e-05,2.04026751125093e-05,2.04026751125093e-05,2.04026751125093e-05,0.0,0.0,0.0,0.0,0.23208469310412527,0.0
1737476040.0,2.04026751125093e-05,2.04026751125093e-05,2.04026751125093e-05,2.04026751125093e-05,0.0,0.0,0.0,0.0,0.23208469310412527,0.0
1737476100.0,2.04026751125093e-05,2.04026751125093e-05,2.04026751125093e-05,2.04026751125093e-05,0.0,0.0,0.0,0.0,0.23208469310412527,0.0
1737476160.0,2.04026751125093e-05,2.04026751125093e-05,2.04026751125093e-05,2.04026751125093e-05,0.0,0.0,0.0,0.0,0.23208469310412527,0.0
1737476220.0,2.04026751125093e-05,2.04026751125093e-05,2.04026751125093e-05,2.04026751125093e-05,0.0,0.0,0.0,0.0,0.23208469310412527,0.0
1737476280.0,2.04026751125093e-05,2.04026751125093e-05,2.04026751125093e-05,2.04026751125093e-05,0.0,0.0,0.0,0.0,0.23208469310412527,0.0
1737476340.0,2.04026751125093e-05,2.04026751125093e-05,2.04026751125093e-05,2.04026751125093e-05,0.0,0.0,0.0,0.0,0.23208469310412527,0.0
1737476400.0,2.04026751125093e-05,2.05116197814948e-05,2.04026751125093e-05,2.04984343014719e-05,10.99068747497,0.00022476565547431042,0.004693462422674535,0.0,0.23208469310412527,0.005339724736326495
1737476460.0,2.04984343014719e-05,2.04984343014719e-05,2.04984343014719e-05,2.04984343014719e-05,0.0,0.0,0.0,-1.0,0.23317397389008745,0.0
1737476520.0,2.04984343014719e-05,2.04984343014719e-05,2.04984343014719e-05,2.04984343014719e-05,0.0,0.0,0.0,0.0,0.23317397389008745,0.0
1737476580.0,2.04984343014719e-05,2.04984343014719e-05,2.04951046719032e-05,2.04951046719032e-05,3.85420367175,7.899872421460452e-05,-0.00016243336050601626,0.0,0.23317397389008745,0.00016243336050601626
1737476640.0,2.04951046719032e-05,2.04951046719032e-05,2.04951046719032e-05,2.04951046719032e-05,0.0,0.0,0.0,-1.0,0.23313609865792595,0.0
1737476700.0,2.04951046719032e-05,2.04951046719032e-05,2.04951046719032e-05,2.04951046719032e-05,0.0,0.0,0.0,0.0,0.23313609865792595,0.0
1737476760.0,2.04951046719032e-05,2.04951046719032e-05,2.04951046719032e-05,2.04951046719032e-05,0.0,0.0,0.0,0.0,0.23313609865792595,0.0
1737476820.0,2.04951046719032e-05,2.04951046719032e-05,2.04951046719032e-05,2.04951046719032e-05,0.0,0.0,0.0,0.0,0.23313609865792595,0.0
1737476880.0,2.04951046719032e-05,2.04951046719032e-05,2.04951046719032e-05,2.04951046719032e-05,0.0,0.0,0.0,0.0,0.23313609865792595,0.0
1737476940.0,2.04951046719032e-05,2.04951046719032e-05,2.02674271802613e-05,2.02674271802613e-05,35.5478352582,0.0007245098834939369,-0.011108871864120108,0.0,0.23313609865792595,0.011108871864120108
1737477000.0,2.02674271802613e-05,2.02674271802613e-05,2.01302634013842e-05,2.01302634013842e-05,23.488918245,0.0004744490256795388,-0.006767695655553431,-0.3451448537989348,0.23054621961103416,0.006767695655553431
1737477060.0,2.01302634013842e-05,2.01302634013842e-05,2.01302634013842e-05,2.01302634013842e-05,0.0,0.0,0.0,-1.0,0.2289859529621683,0.0
1737477120.0,2.01302634013842e-05,2.06174192070423e-05,2.01302634013842e-05,2.06174192070423e-05,206.9349735,0.004216060310380574,0.024200170457014572,0.0,0.2289859529621683,0.024200170457014572
1737477180.0,2.06174192070423e-05,2.19154006784508e-05,2.06174192070423e-05,2.19154006784508e-05,245.54,0.005221754297341987,0.06295557452530959,0.23853880469528466,0.23452745205611472,0.06295557452530959
1737477240.0,2.19154006784508e-05,2.19154006784508e-05,2.19154006784508e-05,2.19154006784508e-05,0.0,0.0,0.0,-1.0,0.24929226254226441,0.0
1737477300.0,2.19154006784508e-05,2.19154006784508e-05,2.19154006784508e-05,2.19154006784508e-05,0.0,0.0,0.0,0.0,0.24929226254226441,0.0
1737477360.0,2.19154006784508e-05,2.19154006784508e-05,2.19154006784508e-05,2.19154006784508e-05,0.0,0.0,0.0,0.0,0.24929226254226441,0.0
1737477420.0,2.19154006784508e-05,2.19154006784508e-05,2.18678115854793e-05,2.18678115854793e-05,0.02662199296,5.827981843282665e-07,-0.002171490892169339,0.0,0.24929226254226441,0.002171490892169339
1737477480.0,2.18678115854793e-05,2.18678115854793e-05,2.1818777703556e-05,2.1818777703556e-05,0.85040078478,1.8575554907878583e-05,-0.0022422857326912615,30.87304869401537,0.24875092666466558,0.0022422857326912615
1737477540.0,2.1818777703556e-05,2.1818777703556e-05,2.1818777703556e-05,2.1818777703556e-05,0.0,0.0,0.0,-1.0,0.24819315601081168,0.0
1737477600.0,2.1818777703556e-05,2.1818777703556e-05,2.1818777703556e-05,2.1818777703556e-05,0.0,0.0,0.0,0.0,0.24819315601081168,0.0
1737477660.0,2.1818777703556e-05,2.1818777703556e-05,2.17618747919142e-05,2.17618747919142e-05,0.3786337819,8.250553636014777e-06,-0.0026079788893273227,0.0,0.24819315601081168,0.0026079788893273227
1737477720.0,2.17618747919142e-05,2.17618747919142e-05,2.17618747919142e-05,2.17618747919142e-05,0.0,0.0,0.0,-1.0,0.24754587349945997,0.0
1737477780.0,2.17618747919142e-05,2.17618747919142e-05,2.17618747919142e-05,2.17618747919142e-05,0.0,0.0,0.0,0.0,0.24754587349945997,0.0
1737477840.0,2.17618747919142e-05,2.17803896889126e-05,2.17618747919142e-05,2.17803896889126e-05,0.1657771236,3.6091556803309572e-06,0.000850795125669895,0.0,0.24754587349945997,0.000850795125669895
1737477900.0,2.17803896889126e-05,2.17803896889126e-05,2.17803896889126e-05,2.17803896889126e-05,0.0,0.0,0.0,-1.0,0.247756484322013,0.0
1737477960.0,2.17803896889126e-05,2.17803896889126e-05,2.17803896889126e-05,2.17803896889126e-05,0.0,0.0,0.0,0.0,0.247756484322013,0.0
1737478020.0,2.17803896889126e-05,2.17803896889126e-05,2.03754219952744e-05,2.08368778826325e-05,447.09904073991,0.009527069725096943,-0.043319326226766236,0.0,0.247756484322013,0.06450608614929434
1737478080.0,2.08368778826325e-05,2.08368778826325e-05,2.08368778826325e-05,2.08368778826325e-05,0.0,0.0,0.0,-1.0,0.23702384035287102,0.0
1737478140.0,2.08368778826325e-05,2.08368778826325e-05,1.98298720062451e-05,1.98298720062451e-05,56.82387792576,0.0011554212156614976,-0.048328059609483824,0.0,0.23702384035287102,0.048328059609483824
1737478200.0,1.98298720062451e-05,1.98556889512225e-05,1.98298720062451e-05,1.98556889512225e-05,1.55201673924,3.0796327456059556e-05,0.0013019219170586984,-0.973346233357479,0.2255689380674287,0.0013019219170586984
1737478260.0,1.98556889512225e-05,1.98556889512225e-05,1.98556889512225e-05,1.98556889512225e-05,0.0,0.0,0.0,-1.0,0.22586261121170634,0.0
1737478320.0,1.98556889512225e-05,1.98556889512225e-05,1.98556889512225e-05,1.98556889512225e-05,0.0,0.0,0.0,0.0,0.22586261121170634,0.0
1737478380.0,1.98556889512225e-05,2.62925460039759e-05,1.98556889512225e-05,2.29410567401811e-05,3046.92833480022,0.06519930854218843,0.1553896113369884,0.0,0.22586261121170634,0.3241820048937203
1737478440.0,2.29410567401811e-05,2.29410567401811e-05,1.99424886428055e-05,1.99424886428055e-05,37.21276660105,0.0007979076826813078,-0.13070749666573245,-0.9877620223201447,0.2609593145834507,0.13070749666573245
1737478500.0,1.99424886428055e-05,1.99424886428055e-05,1.99424886428055e-05,1.99424886428055e-05,0.0,0.0,0.0,-1.0,0.2268499758426425,0.0
1737478560.0,1.99424886428055e-05,1.99424886428055e-05,1.9795717584958e-05,1.9795717584958e-05,6.43537535364,0.00012786513647800637,-0.007359716255897113,0.0,0.2268499758426425,0.007359716255897113
1737478620.0,1.9795717584958e-05,1.9795717584958e-05,1.9795717584958e-05,1.9795717584958e-05,0.0,0.0,0.0,-1.0,0.22518042438778352,0.0
1737478680.0,1.9795717584958e-05,1.9795717584958e-05,1.96691397842886e-05,1.96691397842886e-05,2.09933094322,4.142489812251162e-05,-0.006394201176398943,0.0,0.22518042438778352,0.006394201176398943
1737478740.0,1.96691397842886e-05,1.96691397842886e-05,1.96691397842886e-05,1.96691397842886e-05,0.0,0.0,0.0,-1.0,0.22374057545326115,0.0
1737478800.0,1.96691397842886e-05,2.60561878491312e-05,1.96691397842886e-05,2.27343256540777e-05,3022.46132785104,0.06408141722716514,0.15583731181968216,0.0,0.22374057545326115,0.3247243211899117
1737478860.0,2.27343256540777e-05,2.27343256540777e-05,1.97867465186991e-05,1.97867465186991e-05,37.3405396752,0.0007938798912498073,-0.1296532468228241,-0.987611386801332,0.25860770527688615,0.1296532468228241
1737478920.0,1.97867465186991e-05,1.97867465186991e-05,1.97867465186991e-05,1.97867465186991e-05,0.0,0.0,0.0,-1.0,0.22507837663433788,0.0
1737478980.0,1.97867465186991e-05,1.97867465186991e-05,1.97867465186991e-05,1.97867465186991e-05,0.0,0.0,0.0,0.0,0.22507837663433788,0.0
1737479040.0,1.97867465186991e-05,2.07772131808506e-05,1.97867465186991e-05,2.07772131808506e-05,487.52,0.009887870816362235,0.05005707538707678,0.0,0.22507837663433788,0.05005707538707678
1737479100.0,2.07772131808506e-05,2.07772131808506e-05,2.07772131808506e-05,2.07772131808506e-05,0.0,0.0,0.0,-1.0,0.23634514190152378,0.0
1737479160.0,2.07772131808506e-05,2.16212716388222e-05,2.07772131808506e-05,2.14839494466961e-05,58.90024450744,0.0012445964059655931,0.034014969172904495,0.0,0.23634514190152378,0.04062423822794136
1737479220.0,2.14839494466961e-05,2.14839494466961e-05,2.14839494466961e-05,2.14839494466961e-05,0.0,0.0,0.0,-1.0,0.24438441461746985,0.0
1737479280.0,2.14839494466961e-05,2.64242445826319e-05,2.14839494466961e-05,2.51324582347472e-05,5344.18580325152,0.1245633720648772,0.16982486377113432,0.0,0.24438441461746985,0.22995283749820697
1737479340.0,2.51324582347472e-05,2.51324582347472e-05,2.51324582347472e-05,2.51324582347472e-05,0.0,0.0,0.0,-1.0,0.2858869645376701,0.0
1737479400.0,2.51324582347472e-05,2.51324582347472e-05,2.51324582347472e-05,2.51324582347472e-05,0.0,0.0,0.0,0.0,0.2858869645376701,0.0
1737479460.0,2.51324582347472e-05,2.51324582347472e-05,1.96072272142337e-05,1.96072272142337e-05,10.15634758531,0.00022719589813864304,-0.21984443260208122,0.0,0.2858869645376701,0.21984443260208122
1737479520.0,1.96072272142337e-05,1.96982471385739e-05,1.95999958275312e-05,1.95999958275312e-05,24.39401143095,0.00047821072352830955,-0.0003688123069868877,1.104838720444188,0.2230363070305547,0.0050109742682726485
1737479580.0,1.95999958275312e-05,1.97157274674787e-05,1.95999958275312e-05,1.97157274674787e-05,24.205940352,0.0004758370264873733,0.005904676764519239,-0.004963705170437793,0.2229540484956169,0.005904676764519239
1737479640.0,1.97157274674787e-05,1.97157274674787e-05,1.96505300223451e-05,1.96505300223451e-05,6.04035407282,0.00011889306688016901,-0.0033068749424103707,-0.7501391017049743,0.22427052008532447,0.0033068749424103707
1737479700.0,1.96505300223451e-05,1.96505300223451e-05,1.96184251260046e-05,1.96184251260046e-05,10.68095952084,0.00020971506018260233,-0.0016337928953566777,0.7638964633149871,0.223528885522133,0.0016337928953566777
1737479760.0,1.96184251260046e-05,1.96184251260046e-05,1.96184251260046e-05,1.96184251260046e-05,0.0,0.0,0.0,-1.0,0.2231636856170599,0.0
1737479820.0,1.96184251260046e-05,1.96184251260046e-05,1.96184251260046e-05,1.96184251260046e-05,0.0,0.0,0.0,0.0,0.2231636856170599,0.0
1737479880.0,1.96184251260046e-05,1.96184251260046e-05,1.96184251260046e-05,1.96184251260046e-05,0.0,0.0,0.0,0.0,0.2231636856170599,0.0
1737479940.0,1.96184251260046e-05,1.96184251260046e-05,1.96184251260046e-05,1.96184251260046e-05,0.0,0.0,0.0,0.0,0.2231636856170599,0.0
1737480000.0,1.96184251260046e-05,1.96184251260046e-05,1.96184251260046e-05,1.96184251260046e-05,0.0,0.0,0.0,0.0,0.2231636856170599,0.0
1737480060.0,1.96184251260046e-05,1.96184251260046e-05,1.91826262489088e-05,1.91826262489088e-05,235.122585461,0.004561501758937363,-0.022213754381239372,0.0,0.2231636856170599,0.022213754381239372
1737480120.0,1.91826262489088e-05,1.91826262489088e-05,1.91826262489088e-05,1.91826262489088e-05,0.0,0.0,0.0,-1.0,0.21820638231795042,0.0
1737480180.0,1.91826262489088e-05,1.91826262489088e-05,1.91826262489088e-05,1.91826262489088e-05,0.0,0.0,0.0,0.0,0.21820638231795042,0.0
1737480240.0,1.91826262489088e-05,1.91826262489088e-05,1.91826262489088e-05,1.91826262489088e-05,0.0,0.0,0.0,0.0,0.21820638231795042,0.0
1737480300.0,1.91826262489088e-05,1.91826262489088e-05,1.84520284953606e-05,1.84520284953606e-05,94.03360916052,0.0017694612075568692,-0.038086430088776754,0.0,0.21820638231795042,0.038086430088776754
1737480360.0,1.84520284953606e-05,1.84520284953606e-05,1.84520284953606e-05,1.84520284953606e-05,0.0,0.0,0.0,-1.0,0.2098956801928729,0.0
1737480420.0,1.84520284953606e-05,1.84520284953606e-05,1.84222386955316e-05,1.84222386955316e-05,3.87279974917,7.140332636385744e-05,-0.0016144457958371047,0.0,0.2098956801928729,0.0016144457958371047
1737480480.0,1.84222386955316e-05,1.84222386955316e-05,1.84222386955316e-05,1.84222386955316e-05,0.0,0.0,0.0,-1.0,0.20955681499442116,0.0
1737480540.0,1.84222386955316e-05,1.84222386955316e-05,1.78053294281798e-05,1.78053294281798e-05,329.29434456464,0.005964766650234195,-0.033487204109532785,0.0,0.20955681499442116,0.033487204109532785
1737480600.0,1.78053294281798e-05,1.78053294281798e-05,1.72096020832994e-05,1.72096020832994e-05,4.22828334485,7.402652586552547e-05,-0.03345781089214591,-0.9875893676640949,0.20253934315815939,0.03345781089214591
1737480660.0,1.72096020832994e-05,1.72096020832994e-05,1.71663321207102e-05,1.71663321207102e-05,19.52350523694,0.00033556936572834314,-0.0025142918691414148,3.533096235502516,0.19576282011655424,0.0025142918691414148
1737480720.0,1.71663321207102e-05,1.71663321207102e-05,1.71663321207102e-05,1.71663321207102e-05,0.0,0.0,0.0,-1.0,0.195270615249655,0.0
1737480780.0,1.71663321207102e-05,1.71663321207102e-05,1.71663321207102e-05,1.71663321207102e-05,0.0,0.0,0.0,0.0,0.195270615249655,0.0
1737480840.0,1.71663321207102e-05,1.71663321207102e-05,1.71663321207102e-05,1.71663321207102e-05,0.0,0.0,0.0,0.0,0.195270615249655,0.0
1737480900.0,1.71663321207102e-05,1.71663321207102e-05,1.71663321207102e-05,1.71663321207102e-05,0.0,0.0,0.0,0.0,0.195270615249655,0.0
1737480960.0,1.71663321207102e-05,1.71663321207102e-05,1.71663321207102e-05,1.71663321207102e-05,0.0,0.0,0.0,0.0,0.195270615249655,0.0
1737481020.0,1.71663321207102e-05,1.71663321207102e-05,1.68598551248272e-05,1.68598551248272e-05,127.73072002495,0.002173094698288131,-0.01785337681503053,0.0,0.195270615249655,0.01785337681503053
1737481080.0,1.68598551248272e-05,1.68598551248272e-05,1.68598551248272e-05,1.68598551248272e-05,0.0,0.0,0.0,-1.0,0.19178437537470006,0.0
1737481140.0,1.68598551248272e-05,1.75968832388144e-05,1.68598551248272e-05,1.75968832388144e-05,490.06,0.008442934601243101,0.04371497314362339,0.0,0.19178437537470006,0.04371497314362339
1737481200.0,1.75968832388144e-05,1.90971463857399e-05,1.75968832388144e-05,1.90971463857399e-05,294.648,0.005405911220407838,0.08525732236583171,-0.3597118210992781,0.20016822419357166,0.08525732236583171
1737481260.0,1.90971463857399e-05,1.90971463857399e-05,1.90971463857399e-05,1.90971463857399e-05,0.0,0.0,0.0,-1.0,0.21723403101103905,0.0
1737481320.0,1.90971463857399e-05,2.01353788271786e-05,1.90971463857399e-05,1.94587101703885e-05,785.29720058908,0.01513890310992088,0.018932869725425648,0.0,0.21723403101103905,0.05436584191520681
1737481380.0,1.94587101703885e-05,1.94587101703885e-05,1.84477395737031e-05,1.84477395737031e-05,4.37302117252,8.288285365298894e-05,-0.05195465618393632,-0.9945251744428779,0.22134689462010015,0.05195465618393632
1737481440.0,1.84477395737031e-05,1.84477395737031e-05,1.82812197282148e-05,1.82812197282148e-05,92.3173681947,0.001695360429641653,-0.009026571782576008,19.45489935396927,0.20984689281273086,0.009026571782576008
1737481500.0,1.82812197282148e-05,1.82812197282148e-05,1.82812197282148e-05,1.82812197282148e-05,0.0,0.0,0.0,-1.0,0.2079526947714062,0.0
1737481560.0,1.82812197282148e-05,1.82812197282148e-05,1.82812197282148e-05,1.82812197282148e-05,0.0,0.0,0.0,0.0,0.2079526947714062,0.0
1737481620.0,1.82812197282148e-05,1.97169609736093e-05,1.82812197282148e-05,1.97169609736093e-05,492.44,0.00935591205240313,0.07853640330019182,0.0,0.2079526947714062,0.07853640330019182
1737481680.0,1.97169609736093e-05,1.97169609736093e-05,1.84850920629516e-05,1.84850920629516e-05,799.13733475024,0.015264343422812295,-0.062477625852509926,0.6315184812892234,0.22428455147533505,0.062477625852509926
1737481740.0,1.84850920629516e-05,1.84850920629516e-05,1.67615805879258e-05,1.72442534008695e-05,561.99521635664,0.010039860617110636,-0.06712645291981129,-0.34226711631066686,0.21027178518376108,0.0932379167578026
1737481800.0,1.72442534008695e-05,1.85569985975083e-05,1.72442534008695e-05,1.85569985975083e-05,296.712,0.005311330541471337,0.07612653132159415,-0.4709756694809693,0.19615698609525867,0.07612653132159415
1737481860.0,1.85569985975083e-05,1.85569985975083e-05,1.77354028853777e-05,1.77354028853777e-05,689.356693976,0.012509204951345984,-0.044274170082704935,1.355192329619294,0.21108973704118889,0.044274170082704935
1737481920.0,1.77354028853777e-05,1.77354028853777e-05,1.65348904366212e-05,1.65348904366212e-05,0.57736224379,9.89318672386537e-06,-0.0676901707006772,-0.9992091274575526,0.20174391412071382,0.0676901707006772
1737481980.0,1.65348904366212e-05,1.65348904366212e-05,1.65348904366212e-05,1.65348904366212e-05,0.0,0.0,0.0,-1.0,0.18808783413605995,0.0
1737482040.0,1.65348904366212e-05,1.65348904366212e-05,1.65348904366212e-05,1.65348904366212e-05,0.0,0.0,0.0,0.0,0.18808783413605995,0.0
1737482100.0,1.65348904366212e-05,1.65348904366212e-05,1.65348904366212e-05,1.65348904366212e-05,0.0,0.0,0.0,0.0,0.18808783413605995,0.0
1737482160.0,1.65348904366212e-05,1.65564924777714e-05,1.65348904366212e-05,1.65564924777714e-05,6.55662276,0.00010848385718819083,0.0013064520283940775,0.0,0.18808783413605995,0.0013064520283940775
1737482220.0,1.65564924777714e-05,1.65564924777714e-05,1.65564924777714e-05,1.65564924777714e-05,0.0,0.0,0.0,-1.0,0.18833356186848324,0.0
1737482280.0,1.65564924777714e-05,1.83509165015094e-05,1.65564924777714e-05,1.83509165015094e-05,496.8,0.00867100039045335,0.10838189466441506,0.0,0.18833356186848324,0.10838189466441506
1737482340.0,1.83509165015094e-05,1.83509165015094e-05,1.83509165015094e-05,1.83509165015094e-05,0.0,0.0,0.0,-1.0,0.2087455101326873,0.0
1737482400.0,1.83509165015094e-05,1.83509165015094e-05,1.83509165015094e-05,1.83509165015094e-05,0.0,0.0,0.0,0.0,0.2087455101326873,0.0
1737482460.0,1.83509165015094e-05,1.83509165015094e-05,1.83509165015094e-05,1.83509165015094e-05,0.0,0.0,0.0,0.0,0.2087455101326873,0.0
1737482520.0,1.83509165015094e-05,1.85151602390678e-05,1.83509165015094e-05,1.85151602390678e-05,12.328965,0.0002272602849109452,0.00895016537974512,0.0,0.2087455101326873,0.00895016537974512
1737482580.0,1.85151602390678e-05,1.85151602390678e-05,1.85151602390678e-05,1.85151602390678e-05,0.0,0.0,0.0,-1.0,0.2106138169706541,0.0
1737482640.0,1.85151602390678e-05,1.85151602390678e-05,1.85151602390678e-05,1.85151602390678e-05,0.0,0.0,0.0,0.0,0.2106138169706541,0.0
1737482700.0,1.85151602390678e-05,1.85151602390678e-05,1.85151602390678e-05,1.85151602390678e-05,0.0,0.0,0.0,0.0,0.2106138169706541,0.0
1737482760.0,1.85151602390678e-05,1.85151602390678e-05,1.84113853780846e-05,1.84113853780846e-05,11.90351751606,0.00021977789128068114,-0.005604858917949323,0.0,0.2106138169706541,0.005604858917949323
1737482820.0,1.84113853780846e-05,1.87918855002037e-05,1.84113853780846e-05,1.87918855002037e-05,149.622,0.002783213897675626,0.020666566600252418,11.663757402791477,0.2094333562403628,0.020666566600252418
1737482880.0,1.87918855002037e-05,1.87918855002037e-05,1.67256293864919e-05,1.67555580186507e-05,657.85947212649,0.01169261121437989,-0.1083620630580644,3.201118435110165,0.21376162464541865,0.10995469899438266
1737482940.0,1.67555580186507e-05,1.67555580186507e-05,1.66829920092571e-05,1.66829920092571e-05,6.40076998733,0.00010701623371923248,-0.004330861992947584,-0.9908475333903498,0.1905979739961975,0.004330861992947584
1737483000.0,1.66829920092571e-05,1.66829920092571e-05,1.66829920092571e-05,1.66829920092571e-05,0.0,0.0,0.0,-1.0,0.18977252047468454,0.0
1737483060.0,1.66829920092571e-05,1.66829920092571e-05,1.66829920092571e-05,1.66829920092571e-05,0.0,0.0,0.0,0.0,0.18977252047468454,0.0
1737483120.0,1.66829920092571e-05,1.66829920092571e-05,1.66829920092571e-05,1.66829920092571e-05,0.0,0.0,0.0,0.0,0.18977252047468454,0.0
1737483180.0,1.66829920092571e-05,1.66829920092571e-05,1.66829920092571e-05,1.66829920092571e-05,0.0,0.0,0.0,0.0,0.18977252047468454,0.0
1737483240.0,1.66829920092571e-05,1.66829920092571e-05,1.66829920092571e-05,1.66829920092571e-05,0.0,0.0,0.0,0.0,0.18977252047468454,0.0
1737483300.0,1.66829920092571e-05,1.66829920092571e-05,1.66829920092571e-05,1.66829920092571e-05,0.0,0.0,0.0,0.0,0.18977252047468454,0.0
1737483360.0,1.66829920092571e-05,1.66829920092571e-05,1.66829920092571e-05,1.66829920092571e-05,0.0,0.0,0.0,0.0,0.18977252047468454,0.0
1737483420.0,1.66829920092571e-05,1.67265370968388e-05,1.66829920092571e-05,1.67265370968388e-05,4.22364857878,7.055505506333549e-05,0.002610148560734207,0.0,0.18977252047468454,0.002610148560734207
1737483480.0,1.67265370968388e-05,1.67265370968388e-05,1.67265370968388e-05,1.67265370968388e-05,0.0,0.0,0.0,-1.0,0.19026785494586845,0.0
1737483540.0,1.67265370968388e-05,1.67265370968388e-05,1.67265370968388e-05,1.67265370968388e-05,0.0,0.0,0.0,0.0,0.19026785494586845,0.0
1737483600.0,1.67265370968388e-05,1.67265370968388e-05,1.67265370968388e-05,1.67265370968388e-05,0.0,0.0,0.0,0.0,0.19026785494586845,0.0
1737483660.0,1.67265370968388e-05,1.67546177855434e-05,1.67265370968388e-05,1.67546177855434e-05,2.6205345859,4.3869262172578605e-05,0.0016788106553093025,0.0,0.19026785494586845,0.0016788106553093025
1737483720.0,1.67546177855434e-05,1.67546177855434e-05,1.67546177855434e-05,1.67546177855434e-05,0.0,0.0,0.0,-1.0,0.19058727864811442,0.0
1737483780.0,1.67546177855434e-05,1.67546177855434e-05,1.67546177855434e-05,1.67546177855434e-05,0.0,0.0,0.0,0.0,0.19058727864811442,0.0
1737483840.0,1.67546177855434e-05,1.67822411486113e-05,1.67546177855434e-05,1.67822411486113e-05,1.8047842137,3.026339679072311e-05,0.001648701475705003,0.0,0.19058727864811442,0.001648701475705003
1737483900.0,1.67822411486113e-05,1.67822411486113e-05,1.67822411486113e-05,1.67822411486113e-05,0.0,0.0,0.0,-1.0,0.19090150017567217,0.0
1737483960.0,1.67822411486113e-05,1.67822411486113e-05,1.67688488366668e-05,1.67688488366668e-05,4.3320359061,7.267226325250843e-05,-0.0007980049759686689,0.0,0.19090150017567217,0.0007980049759686689
1737484020.0,1.67688488366668e-05,1.67688488366668e-05,1.67688488366668e-05,1.67688488366668e-05,0.0,0.0,0.0,-1.0,0.1907491598286121,0.0
1737484080.0,1.67688488366668e-05,1.67688488366668e-05,1.67688488366668e-05,1.67688488366668e-05,0.0,0.0,0.0,0.0,0.1907491598286121,0.0
1737484140.0,1.67688488366668e-05,1.67688488366668e-05,1.67298268806742e-05,1.67298268806742e-05,0.4469980397,7.486921189098711e-06,-0.0023270503761281002,0.0,0.1907491598286121,0.0023270503761281002
1737484200.0,1.67298268806742e-05,1.67298268806742e-05,1.67298268806742e-05,1.67298268806742e-05,0.0,0.0,0.0,-1.0,0.1903052769244868,0.0
1737484260.0,1.67298268806742e-05,1.67298268806742e-05,1.67298268806742e-05,1.67298268806742e-05,0.0,0.0,0.0,0.0,0.1903052769244868,0.0
1737484320.0,1.67298268806742e-05,1.67298268806742e-05,1.67298268806742e-05,1.67298268806742e-05,0.0,0.0,0.0,0.0,0.1903052769244868,0.0
1737484380.0,1.67298268806742e-05,1.67298268806742e-05,1.67298268806742e-05,1.67298268806742e-05,0.0,0.0,0.0,0.0,0.1903052769244868,0.0
1737484440.0,1.67298268806742e-05,1.67298268806742e-05,1.67298268806742e-05,1.67298268806742e-05,0.0,0.0,0.0,0.0,0.1903052769244868,0.0
1737484500.0,1.67298268806742e-05,1.68868185443544e-05,1.67298268806742e-05,1.68868185443544e-05,0.06649563406,1.1176800762537375e-06,0.009383938327631493,0.0,0.1903052769244868,0.009383938327631493
1737484560.0,1.68868185443544e-05,1.7488287327767e-05,1.68868185443544e-05,1.7488287327767e-05,167.97616635447,0.0028870992512139908,0.03561764946030547,2582.1177566401902,0.192091089906569,0.03561764946030547
1737484620.0,1.7488287327767e-05,1.7488287327767e-05,1.74786103445985e-05,1.74786103445985e-05,0.78570659664,1.3736861082606714e-05,-0.0005533408153202421,-0.9952419851597307,0.19893292301130922,0.0005533408153202421
1737484680.0,1.74786103445985e-05,1.74786103445985e-05,1.74786103445985e-05,1.74786103445985e-05,0.0,0.0,0.0,-1.0,0.1988228453054961,0.0
1737484740.0,1.74786103445985e-05,1.74786103445985e-05,1.74786103445985e-05,1.74786103445985e-05,0.0,0.0,0.0,0.0,0.1988228453054961,0.0
1737484800.0,1.74786103445985e-05,1.74786103445985e-05,1.74786103445985e-05,1.74786103445985e-05,0.0,0.0,0.0,0.0,0.1988228453054961,0.0
1737484860.0,1.74786103445985e-05,1.7573665286416e-05,1.74786103445985e-05,1.7573665286416e-05,15.23662901208,0.0002670392599094702,0.0054383580813034925,0.0,0.1988228453054961,0.0054383580813034925
1737484920.0,1.7573665286416e-05,1.7573665286416e-05,1.68947615075887e-05,1.68947615075887e-05,198.70284696368,0.003424487267163962,-0.03863188286350683,11.823909369449675,0.19990411513301098,0.03863188286350683
1737484980.0,1.68947615075887e-05,1.68947615075887e-05,1.68947615075887e-05,1.68947615075887e-05,0.0,0.0,0.0,-1.0,0.19218144277325952,0.0
1737485040.0,1.68947615075887e-05,1.68947615075887e-05,1.68947615075887e-05,1.68947615075887e-05,0.0,0.0,0.0,0.0,0.19218144277325952,0.0
1737485100.0,1.68947615075887e-05,1.68947615075887e-05,1.68947615075887e-05,1.68947615075887e-05,0.0,0.0,0.0,0.0,0.19218144277325952,0.0
1737485160.0,1.68947615075887e-05,1.68947615075887e-05,1.68947615075887e-05,1.68947615075887e-05,0.0,0.0,0.0,0.0,0.19218144277325952,0.0
1737485220.0,1.68947615075887e-05,1.68947615075887e-05,1.68947615075887e-05,1.68947615075887e-05,0.0,0.0,0.0,0.0,0.19218144277325952,0.0
1737485280.0,1.68947615075887e-05,1.68947615075887e-05,1.68008324777729e-05,1.68008324777729e-05,57.16603166,0.0009631216962848433,-0.005559654084114279,0.0,0.19218144277325952,0.005559654084114279
1737485340.0,1.68008324777729e-05,1.68008324777729e-05,1.68008324777729e-05,1.68008324777729e-05,0.0,0.0,0.0,-1.0,0.1911129804300542,0.0
1737485400.0,1.68008324777729e-05,1.68008324777729e-05,1.68008324777729e-05,1.68008324777729e-05,0.0,0.0,0.0,0.0,0.1911129804300542,0.0
1737485460.0,1.68008324777729e-05,1.68008324777729e-05,1.68008324777729e-05,1.68008324777729e-05,0.0,0.0,0.0,0.0,0.1911129804300542,0.0
1737485520.0,1.68008324777729e-05,1.68008324777729e-05,1.68008324777729e-05,1.68008324777729e-05,0.0,0.0,0.0,0.0,0.1911129804300542,0.0
1737485580.0,1.68008324777729e-05,1.68008324777729e-05,1.67537550290568e-05,1.67537550290568e-05,1.499126e-05,2.515127727538179e-10,-0.002802090240372388,0.0,0.1911129804300542,0.002802090240372388
1737485640.0,1.67537550290568e-05,1.67537550290568e-05,1.67537550290568e-05,1.67537550290568e-05,0.0,0.0,0.0,-1.0,0.19057746461278266,0.0
1737485700.0,1.67537550290568e-05,1.67537550290568e-05,1.67537550290568e-05,1.67537550290568e-05,0.0,0.0,0.0,0.0,0.19057746461278266,0.0
1737485760.0,1.67537550290568e-05,1.67537550290568e-05,1.67537550290568e-05,1.67537550290568e-05,0.0,0.0,0.0,0.0,0.19057746461278266,0.0
1737485820.0,1.67537550290568e-05,1.67537550290568e-05,1.67537550290568e-05,1.67537550290568e-05,0.0,0.0,0.0,0.0,0.19057746461278266,0.0
1737485880.0,1.67537550290568e-05,1.67537550290568e-05,1.67537550290568e-05,1.67537550290568e-05,0.0,0.0,0.0,0.0,0.19057746461278266,0.0
1737485940.0,1.67537550290568e-05,1.67537550290568e-05,1.67537550290568e-05,1.67537550290568e-05,0.0,0.0,0.0,0.0,0.19057746461278266,0.0
1737486000.0,1.67537550290568e-05,1.67537550290568e-05,1.67537550290568e-05,1.67537550290568e-05,0.0,0.0,0.0,0.0,0.19057746461278266,0.0
1737486060.0,1.67537550290568e-05,1.67537550290568e-05,1.67537550290568e-05,1.67537550290568e-05,0.0,0.0,0.0,0.0,0.19057746461278266,0.0
1737486120.0,1.67537550290568e-05,1.68079401205611e-05,1.67537550290568e-05,1.68079401205611e-05,9.00686364489,0.00015114280595198727,0.0032342057891096873,0.0,0.19057746461278266,0.0032342057891096873
1737486180.0,1.68079401205611e-05,1.68079401205611e-05,1.68079401205611e-05,1.68079401205611e-05,0.0,0.0,0.0,-1.0,0.19119383135210719,0.0
1737486240.0,1.68079401205611e-05,1.68079401205611e-05,1.68079401205611e-05,1.68079401205611e-05,0.0,0.0,0.0,0.0,0.19119383135210719,0.0
1737486300.0,1.68079401205611e-05,1.68079401205611e-05,1.68079401205611e-05,1.68079401205611e-05,0.0,0.0,0.0,0.0,0.19119383135210719,0.0
1737486360.0,1.68079401205611e-05,1.68079401205611e-05,1.68079401205611e-05,1.68079401205611e-05,0.0,0.0,0.0,0.0,0.19119383135210719,0.0
1737486420.0,1.68079401205611e-05,1.68079401205611e-05,1.68079401205611e-05,1.68079401205611e-05,0.0,0.0,0.0,0.0,0.19119383135210719,0.0
1737486480.0,1.68079401205611e-05,1.68079401205611e-05,1.6796436464138e-05,1.6796436464138e-05,0.2845620112,4.781264493032082e-06,-0.0006844179798705796,0.0,0.19119383135210719,0.0006844179798705796
1737486540.0,1.6796436464138e-05,1.6796436464138e-05,1.6796436464138e-05,1.6796436464138e-05,0.0,0.0,0.0,-1.0,0.19106297485628945,0.0
1737486600.0,1.6796436464138e-05,1.6796436464138e-05,1.67210206102099e-05,1.67210206102099e-05,5.53688253685,9.279111137728821e-05,-0.00448999131983268,0.0,0.19106297485628945,0.00448999131983268
1737486660.0,1.67210206102099e-05,1.67210206102099e-05,1.67210206102099e-05,1.67210206102099e-05,0.0,0.0,0.0,-1.0,0.1902051037576433,0.0
1737486720.0,1.67210206102099e-05,1.67210206102099e-05,1.67210206102099e-05,1.67210206102099e-05,0.0,0.0,0.0,0.0,0.1902051037576433,0.0
1737486780.0,1.67210206102099e-05,1.67210206102099e-05,1.67037069936034e-05,1.67037069936034e-05,0.37603385184,6.284414533782344e-06,-0.0010354401809617108,0.0,0.1902051037576433,0.0010354401809617108
1737486840.0,1.67037069936034e-05,1.67037069936034e-05,1.6677970373777e-05,1.6677970373777e-05,4.0603793962,6.777113749655362e-05,-0.0015407729455655856,9.7840017764972,0.19000815775058866,0.0015407729455655856
1737486900.0,1.6677970373777e-05,1.6677970373777e-05,1.6677970373777e-05,1.6677970373777e-05,0.0,0.0,0.0,-1.0,0.1897153983216898,0.0
1737486960.0,1.6677970373777e-05,1.6677970373777e-05,1.6677970373777e-05,1.6677970373777e-05,0.0,0.0,0.0,0.0,0.1897153983216898,0.0
1737487020.0,1.6677970373777e-05,1.6677970373777e-05,1.6677970373777e-05,1.6677970373777e-05,0.0,0.0,0.0,0.0,0.1897153983216898,0.0
1737487080.0,1.6677970373777e-05,1.6677970373777e-05,1.6677970373777e-05,1.6677970373777e-05,0.0,0.0,0.0,0.0,0.1897153983216898,0.0
1737487140.0,1.6677970373777e-05,1.6677970373777e-05,1.63640009648382e-05,1.63640009648382e-05,98.49936395311,0.0016273065803052438,-0.018825396730075765,0.0,0.1897153983216898,0.018825396730075765
1737487200.0,1.63640009648382e-05,1.63640009648382e-05,1.63640009648382e-05,1.63640009648382e-05,0.0,0.0,0.0,-1.0,0.1861439306824796,0.0
1737487260.0,1.63640009648382e-05,1.63640009648382e-05,1.63640009648382e-05,1.63640009648382e-05,0.0,0.0,0.0,0.0,0.1861439306824796,0.0
1737487320.0,1.63640009648382e-05,1.63640009648382e-05,1.63640009648382e-05,1.63640009648382e-05,0.0,0.0,0.0,0.0,0.1861439306824796,0.0
1737487380.0,1.63640009648382e-05,1.63640009648382e-05,1.63640009648382e-05,1.63640009648382e-05,0.0,0.0,0.0,0.0,0.1861439306824796,0.0
1737487440.0,1.63640009648382e-05,1.63640009648382e-05,1.63640009648382e-05,1.63640009648382e-05,0.0,0.0,0.0,0.0,0.1861439306824796,0.0
1737487500.0,1.63640009648382e-05,1.63640009648382e-05,1.63640009648382e-05,1.63640009648382e-05,0.0,0.0,0.0,0.0,0.1861439306824796,0.0
1737487560.0,1.63640009648382e-05,1.63640009648382e-05,1.63640009648382e-05,1.63640009648382e-05,0.0,0.0,0.0,0.0,0.1861439306824796,0.0
1737487620.0,1.63640009648382e-05,1.63640009648382e-05,1.63640009648382e-05,1.63640009648382e-05,0.0,0.0,0.0,0.0,0.1861439306824796,0.0
1737487680.0,1.63640009648382e-05,1.63640009648382e-05,1.63640009648382e-05,1.63640009648382e-05,0.0,0.0,0.0,0.0,0.1861439306824796,0.0
1737487740.0,1.63640009648382e-05,1.63640009648382e-05,1.63640009648382e-05,1.63640009648382e-05,0.0,0.0,0.0,0.0,0.1861439306824796,0.0
1737487800.0,1.63640009648382e-05,1.63640009648382e-05,1.61250316879015e-05,1.61250316879015e-05,36.8759309656,0.0005990316626207768,-0.014603352655024772,0.0,0.1861439306824796,0.014603352655024772
1737487860.0,1.61250316879015e-05,1.61250316879015e-05,1.61250316879015e-05,1.61250316879015e-05,0.0,0.0,0.0,-1.0,0.1834256052181309,0.0
1737487920.0,1.61250316879015e-05,1.61250316879015e-05,1.61250316879015e-05,1.61250316879015e-05,0.0,0.0,0.0,0.0,0.1834256052181309,0.0
1737487980.0,1.61250316879015e-05,1.61250316879015e-05,1.59954876900895e-05,1.59954876900895e-05,14.38097281206,0.00023096215794206744,-0.008033720511023724,0.0,0.1834256052181309,0.008033720511023724
1737488040.0,1.59954876900895e-05,1.59954876900895e-05,1.59954876900895e-05,1.59954876900895e-05,0.0,0.0,0.0,-1.0,0.18195201517124304,0.0
1737488100.0,1.59954876900895e-05,1.59954876900895e-05,1.59954876900895e-05,1.59954876900895e-05,0.0,0.0,0.0,0.0,0.18195201517124304,0.0
1737488160.0,1.59954876900895e-05,1.59954876900895e-05,1.58506913586386e-05,1.58506913586386e-05,31.09214721694,0.0004950830436400422,-0.009052323646287557,0.0,0.18195201517124304,0.009052323646287557
1737488220.0,1.58506913586386e-05,1.58506913586386e-05,1.57918219053723e-05,1.57918219053723e-05,3.73491980902,5.9091124798466206e-05,-0.0037139990890188374,-0.8806440140546818,0.18030492664181874,0.0037139990890188374
1737488280.0,1.57918219053723e-05,1.57918219053723e-05,1.57918219053723e-05,1.57918219053723e-05,0.0,0.0,0.0,-1.0,0.1796352743085254,0.0
1737488340.0,1.57918219053723e-05,1.57918219053723e-05,1.57918219053723e-05,1.57918219053723e-05,0.0,0.0,0.0,0.0,0.1796352743085254,0.0
1737488400.0,1.57918219053723e-05,1.57918219053723e-05,1.4402259068683e-05,1.4402259068683e-05,510.99021294193,0.0077144399332591965,-0.0879925600108608,0.0,0.1796352743085254,0.0879925600108608
1737488460.0,1.4402259068683e-05,1.4402259068683e-05,1.40716225460906e-05,1.40716225460906e-05,1.15225377667,1.640456881353868e-05,-0.02295726809354182,-0.9978735243315832,0.16382870665386504,0.02295726809354182
1737488520.0,1.40716225460906e-05,1.47352542586341e-05,1.40716225460906e-05,1.47352542586341e-05,379.77,0.005469993802065149,0.04716099443186609,332.4433147399014,0.16006764711379404,0.04716099443186609
1737488580.0,1.47352542586341e-05,1.52667832173045e-05,1.47352542586341e-05,1.52667832173045e-05,6.5122089444,9.768976840051568e-05,0.036071923113165955,-0.9821407899285675,0.16761659652804958,0.036071923113165955
1737488640.0,1.52667832173045e-05,1.52667832173045e-05,1.52667832173045e-05,1.52667832173045e-05,0.0,0.0,0.0,-1.0,0.17366284951049996,0.0
1737488700.0,1.52667832173045e-05,1.52667832173045e-05,1.3961507867287e-05,1.3961507867287e-05,422.82276769167,0.0061791934656423705,-0.08549773265516769,0.0,0.17366284951049996,0.08549773265516769
1737488760.0,1.3961507867287e-05,1.3961507867287e-05,1.38340493347876e-05,1.38340493347876e-05,35.08481794545,0.0004876010320635645,-0.009129281286160116,-0.9210898582841386,0.15881506963091663,0.009129281286160116
1737488820.0,1.38340493347876e-05,1.38340493347876e-05,1.37757059704161e-05,1.37757059704161e-05,0.42882993813,5.91994482965747e-06,-0.004217374317495599,-0.987859039582825,0.15736520218777486,0.004217374317495599
1737488880.0,1.37757059704161e-05,1.37757059704161e-05,1.37757059704161e-05,1.37757059704161e-05,0.0,0.0,0.0,-1.0,0.15670153422560065,0.0
1737488940.0,1.37757059704161e-05,1.37764190353674e-05,1.37757059704161e-05,1.37764190353674e-05,16.7222539884,0.00023036681613342923,5.1762497895301706e-05,0.0,0.15670153422560065,5.1762497895301706e-05
1737489000.0,1.37764190353674e-05,1.37764190353674e-05,1.37764190353674e-05,1.37764190353674e-05,0.0,0.0,0.0,-1.0,0.1567096454884362,0.0
1737489060.0,1.37764190353674e-05,1.37764190353674e-05,1.37764190353674e-05,1.37764190353674e-05,0.0,0.0,0.0,0.0,0.1567096454884362,0.0
1737489120.0,1.37764190353674e-05,1.37764190353674e-05,1.37764190353674e-05,1.37764190353674e-05,0.0,0.0,0.0,0.0,0.1567096454884362,0.0
1737489180.0,1.37764190353674e-05,1.37764190353674e-05,1.37764190353674e-05,1.37764190353674e-05,0.0,0.0,0.0,0.0,0.1567096454884362,0.0
1737489240.0,1.37764190353674e-05,1.37764190353674e-05,1.37764190353674e-05,1.37764190353674e-05,0.0,0.0,0.0,0.0,0.1567096454884362,0.0
1737489300.0,1.37764190353674e-05,1.37764190353674e-05,1.37296654331607e-05,1.37296654331607e-05,33.94510191597,0.0004668484202967329,-0.0033937412971158376,0.0,0.1567096454884362,0.0033937412971158376
1737489360.0,1.37296654331607e-05,1.37296654331607e-05,1.36251861312045e-05,1.36251861312045e-05,20.57882758098,0.00028146538692318626,-0.0076097485743429295,-0.397094699936471,0.1561778134928857,0.0076097485743429295
1737489420.0,1.36251861312045e-05,1.36618951049594e-05,1.36251861312045e-05,1.36618951049594e-05,4.95019509885,6.753818789859016e-05,0.002694199800385008,-0.7600479809013896,0.1549893395993142,0.002694199800385008
1737489480.0,1.36618951049594e-05,1.36618951049594e-05,1.36618951049594e-05,1.36618951049594e-05,0.0,0.0,0.0,-1.0,0.1554069118471245,0.0
1737489540.0,1.36618951049594e-05,1.36618951049594e-05,1.36618951049594e-05,1.36618951049594e-05,0.0,0.0,0.0,0.0,0.1554069118471245,0.0
1737489600.0,1.36618951049594e-05,1.36618951049594e-05,1.36618951049594e-05,1.36618951049594e-05,0.0,0.0,0.0,0.0,0.1554069118471245,0.0
1737489660.0,1.36618951049594e-05,1.36618951049594e-05,1.35792021365384e-05,1.35792021365384e-05,3.23113244454,4.4009796560936316e-05,-0.006052818279287005,0.0,0.1554069118471245,0.006052818279287005
1737489720.0,1.35792021365384e-05,1.35792021365384e-05,1.35034073348725e-05,1.35034073348725e-05,25.91315892363,0.0003508979816496389,-0.005581682996083736,6.973178907195872,0.15446626205036867,0.005581682996083736
1737489780.0,1.35034073348725e-05,1.35034073348725e-05,1.34541413555602e-05,1.34541413555602e-05,7.11837850149,9.594701752542302e-05,-0.003648410959585747,-0.7265672003174324,0.15360408034201353,0.003648410959585747
1737489840.0,1.34541413555602e-05,1.34541413555602e-05,1.34541413555602e-05,1.34541413555602e-05,0.0,0.0,0.0,-1.0,0.15304366953185664,0.0
1737489900.0,1.34541413555602e-05,1.34541413555602e-05,1.34541413555602e-05,1.34541413555602e-05,0.0,0.0,0.0,0.0,0.15304366953185664,0.0
1737489960.0,1.34541413555602e-05,1.86519816347442e-05,1.34541413555602e-05,1.86519816347442e-05,1510.057346,0.024241043436544322,0.3863375701070573,0.0,0.15304366953185664,0.3863375701070573
1737490020.0,1.86519816347442e-05,3.23255028705568e-05,1.79660462621681e-05,1.79660462621681e-05,17169.92189364965,0.3143643394447341,-0.03677546900959644,11.968267651829605,0.2121701889390616,0.7698622532224915
1737490080.0,1.79660462621681e-05,1.79660462621681e-05,1.63024930635015e-05,1.63024930635015e-05,638.13894727945,0.010934044805043617,-0.09259428448481836,-0.9652185587450645,0.2043675307309729,0.09259428448481836
1737490140.0,1.63024930635015e-05,1.63024930635015e-05,1.63024930635015e-05,1.63024930635015e-05,0.0,0.0,0.0,-1.0,0.18544426545100937,0.0
1737490200.0,1.63024930635015e-05,1.63024930635015e-05,1.57021263747851e-05,1.57787877308989e-05,1.01871598918,1.634085684931447e-05,-0.032124248147977326,0.0,0.18544426545100937,0.03682667959911717
1737490260.0,1.57787877308989e-05,1.57787877308989e-05,1.56200740359092e-05,1.56200740359092e-05,6.39314701106,0.00010036876962757766,-0.010058674829555863,5.142197471841162,0.17948700785004176,0.010058674829555863
1737490320.0,1.56200740359092e-05,1.56200740359092e-05,1.56200740359092e-05,1.56200740359092e-05,0.0,0.0,0.0,-1.0,0.17768160640194824,0.0
1737490380.0,1.56200740359092e-05,1.7242492180912e-05,1.56200740359092e-05,1.7242492180912e-05,765.70760587219,0.012581558450349238,0.10386750672711266,0.0,0.17768160640194824,0.10386750672711266
1737490440.0,1.7242492180912e-05,1.7242492180912e-05,1.6608000454298e-05,1.6608000454298e-05,0.2154833548,3.6471088573338716e-06,-0.03679814495241011,-0.999710122647228,0.19613695185018679,0.03679814495241011
1737490500.0,1.6608000454298e-05,1.6608000454298e-05,1.6608000454298e-05,1.6608000454298e-05,0.0,0.0,0.0,-1.0,0.18891947586547972,0.0
1737490560.0,1.6608000454298e-05,1.6608000454298e-05,1.65869925812746e-05,1.65869925812746e-05,1.08106109454,1.79429077521419e-05,-0.001264924882511402,0.0,0.18891947586547972,0.001264924882511402
1737490620.0,1.65869925812746e-05,1.65869925812746e-05,1.65115761805325e-05,1.65115761805325e-05,23.14633315644,0.0003830552497810625,-0.004546719387047762,20.348560393470006,0.18868050691966648,0.004546719387047762
1737490680.0,1.65115761805325e-05,1.65330592746805e-05,1.65115761805325e-05,1.65330592746805e-05,4.7805638175,7.898599430983446e-05,0.0013010928764831658,-0.7937999952879399,0.18782262960089682,0.0013010928764831658
1737490740.0,1.65330592746805e-05,1.65330592746805e-05,1.65244260280678e-05,1.65244260280678e-05,0.20179062742,3.335345350084504e-06,-0.0005221808298915891,-0.9577729522907428,0.1880670042863129,0.0005221808298915891
1737490800.0,1.65244260280678e-05,1.66108025048e-05,1.65244260280678e-05,1.65345469574602e-05,3.52003643728,5.818439474405687e-05,0.0006124829615993287,16.444788661115023,0.18796879930193944,0.005227199818346743
1737490860.0,1.65345469574602e-05,1.65345469574602e-05,1.56780164779986e-05,1.56780164779986e-05,496.83680224542,0.008002193504700546,-0.05180247645522234,136.53161032096008,0.18808392698882415,0.05180247645522234
1737490920.0,1.56780164779986e-05,1.56780164779986e-05,1.42481806908996e-05,1.42481806908996e-05,392.86039684398,0.005878408847902269,-0.09120004364745558,-0.26540031249566143,0.17834071378937982,0.09120004364745558
1737490980.0,1.42481806908996e-05,1.42481806908996e-05,1.36504938335292e-05,1.36504938335292e-05,0.15689214388,2.188541428773987e-06,-0.04194829293203346,-0.9996276983303815,0.16207603290767,0.04194829293203346
1737491040.0,1.36504938335292e-05,1.36504938335292e-05,1.36504938335292e-05,1.36504938335292e-05,0.0,0.0,0.0,-1.0,0.15527722000199717,0.0
1737491100.0,1.36504938335292e-05,1.36591398580172e-05,1.36504938335292e-05,1.36591398580172e-05,0.15385168674,2.100816603847973e-06,0.0006333854726019361,0.0,0.15527722000199717,0.0006333854726019361
1737491160.0,1.36591398580172e-05,1.36726450639434e-05,1.36591398580172e-05,1.36726450639434e-05,0.15092372848,2.0625074432178697e-06,0.0009887303348953143,-0.01823536645699309,0.15537557033737245,0.0009887303348953143
1737491220.0,1.36726450639434e-05,1.36726450639434e-05,1.36726450639434e-05,1.36726450639434e-05,0.0,0.0,0.0,-1.0,0.15552919487706668,0.0
1737491280.0,1.36726450639434e-05,1.36840185794348e-05,1.36726450639434e-05,1.36840185794348e-05,0.1480282881,2.024780043628392e-06,0.0008318445654230471,0.0,0.15552919487706668,0.0008318445654230471
1737491340.0,1.36840185794348e-05,1.36857063197249e-05,1.36382024554266e-05,1.36382024554266e-05,30.357866566,0.0004147221702315404,-0.003348148333929824,203.82331971642765,0.15565857099258978,0.0034714849313119034
1737491400.0,1.36382024554266e-05,1.36382024554266e-05,1.36382024554266e-05,1.36382024554266e-05,0.0,0.0,0.0,-1.0,0.15513740300745904,0.0
1737491460.0,1.36382024554266e-05,1.36382024554266e-05,1.36024723301298e-05,1.36025820234679e-05,0.27981306441,3.8111636909859174e-06,-0.002611812815883725,0.0,0.15513740300745904,0.002619855909426223
1737491520.0,1.36025820234679e-05,1.36025820234679e-05,1.35743753009534e-05,1.35743753009534e-05,0.13544257958,1.8404586025775979e-06,-0.0020736300259639223,-0.5170874956301112,0.15473221315006125,0.0020736300259639223
1737491580.0,1.35743753009534e-05,1.35743753009534e-05,1.35743753009534e-05,1.35743753009534e-05,0.0,0.0,0.0,-1.0,0.15441135578688944,0.0
1737491640.0,1.35743753009534e-05,1.35743753009534e-05,1.35552694798215e-05,1.35552694798215e-05,0.13254690636,1.7979752431687165e-06,-0.0014074917414842237,0.0,0.15441135578688944,0.0014074917414842237
1737491700.0,1.35552694798215e-05,1.44939360327597e-05,1.35552694798215e-05,1.44939360327597e-05,299.15197609694,0.004195487628518925,0.06924735464208268,2332.45127774111,0.154194023078828,0.06924735464208268
