time,open,high,low,close,volume,usd_vol,price_change,vol_change,norm_open,mov_in_min
1729848600.0,7.087849828881182e-05,7.087849828881182e-05,5.623163082623367e-05,6.010086497910988e-05,5466.749155559148,0.35801566177029287,-0.1520578676171415,0.0,1.0,0.20664754214876135
1729848660.0,6.010086497910988e-05,6.454241916829357e-05,4.065644749509906e-05,6.303045654697251e-05,11867.32012568504,0.7306194050243365,0.04874458244288009,1.0407470483598862,0.8479421323828585,0.39743141270091376
1729848720.0,6.303045654697251e-05,9.39472257680908e-05,6.273461065718955e-05,8.702303028148448e-05,24332.468264348576,1.8255858531041382,0.38065048309830773,1.4986824063936939,0.8892747175615863,0.49519893747938365
1729848780.0,8.702303028148448e-05,0.0001248664051019,7.921207433535592e-05,8.473786794581186e-05,22519.795706210854,1.9340101691969938,-0.026259282494312634,0.05939151856840698,1.2277775684085153,0.5246235464206509
1729848840.0,8.473786794581186e-05,0.0001019910769866,7.564998854451569e-05,0.0001002030614642,11488.080345690443,1.0623081281344404,0.18250628548121856,-0.45072257372074026,1.1955370103994958,0.3108538022095258
1729848900.0,0.0001002030614642,0.0001635240403963,9.142565791460624e-05,0.0001426221664041,35649.138714604655,4.328255115841255,0.4233314264061209,3.074387648188542,1.4137300293228288,0.7195227513827278
1729848960.0,0.0001426221664041,0.0001621341419898,0.0001128254483843,0.0001158167542563,22699.294889871613,2.933190635545276,-0.1879470269148107,-0.32231567755562607,2.012206379189229,0.34572952331821055
1729849020.0,0.0001158167542563,0.0002010246031021,0.0001158167542563,0.0001823485231921,36536.46252417408,5.446952242751717,0.5744572049443436,0.8570058750167583,1.6340181726815972,0.7357126297740727
1729849080.0,0.0001823485231921,0.0001891310825059,0.000141555855448,0.0001532911453787,31066.31961361421,5.213544609414009,-0.15935077128531897,-0.04285105191592321,2.572691684988531,0.2609027275081388
1729849140.0,0.0001532911453787,0.0001779061257582,0.0001379927697315,0.0001591884337609,12747.62839921173,1.991686778606847,0.038471161316141055,-0.6179783759765876,2.162731280706282,0.26037613541275034
1729849200.0,0.0001591884337609,0.0002230456721866,0.0001550670464947,0.0001840301334681,16869.684184275717,2.8949944176664166,0.1560521648483085,0.4535390046076516,2.2459340646897976,0.4270324425328757
1729849260.0,0.0001840301334681,0.000196839480986,0.0001497847337856,0.0001887319749458,13963.895935687297,2.6026056453295427,0.02554930211206422,-0.1009980435722433,2.5964169375912016,0.25569044761116
1729849320.0,0.0001887319749458,0.0002121662204579,0.000181878565195,0.000196891507823,9671.026933765992,1.8646875440748552,0.043233441919649604,-0.2835305081962397,2.6627535783385996,0.16047972407218228
1729849380.0,0.000196891507823,0.0003098311550799,0.0001918798761652,0.0002377008515885,31854.12841033355,6.921780411421875,0.20726817635114295,2.712032309872077,2.777873580514041,0.5990673758298145
1729849440.0,0.0002377008515885,0.0003541127724915,0.0002296210532546,0.0002803554686238,53451.11210804013,13.845343224973194,0.17944663113425569,1.0002575063095764,3.353638371681206,0.5237327439298198
1729849500.0,0.0002803554686238,0.0003031650419696,0.0001999555806086,0.0002084669478312,21565.553632732288,5.270863019471051,-0.2564191850634628,-0.6193042719256058,3.955437479521969,0.36813785679883937
1729849560.0,0.0002084669478312,0.0002524006541047,0.0001756662012241,0.0001763394921262,18598.563231728454,3.5784234527620113,-0.15411294710859522,-0.3210934453156936,2.9411874244534686,0.3680892999053905
1729849620.0,0.0001763394921262,0.000246354851229,0.0001639104827085,0.000177251273664,23206.407848777897,4.102785761244542,0.005170603174627914,0.14653444887239403,2.4879123624722057,0.46753207421907195
1729849680.0,0.000177251273664,0.00018153439121,0.000120119494426,0.0001508363290485,81975.1170111781,13.447509811137051,-0.1490254149912205,2.277653427133342,2.5007763700318004,0.3464849392305014
1729849740.0,0.0001508363290485,0.0001831835754706,0.0001372360477504,0.0001831835754706,13237.711903732566,2.2108296330680526,0.21445262309253785,-0.8355956110746189,2.1280971336875734,0.30461844311675085
1729849800.0,0.0001831835754706,0.0002033859472209,0.0001737403724595,0.0001942655702476,10885.13511817662,2.0542924756914718,0.06049666160587964,-0.07080471287122574,2.5844731462025847,0.16183533204459116
1729849860.0,0.0001942655702476,0.0001942655702476,0.0001312181202002,0.0001355289135436,7484.399592060998,1.2341568499754125,-0.3023523758179978,-0.39923021450000823,2.7408251435578856,0.3245425834698514
1729849920.0,0.0001355289135436,0.0001728906677986,0.000134081602997,0.0001561347182423,5271.413948658766,0.7687398684563337,0.15203991650144122,-0.3771133154820241,1.912130149701454,0.2863526592730712
1729849980.0,0.0001561347182423,0.0001588649458833,9.35495706033718e-05,0.0001022659860571,23689.681856573618,3.06071523818367,-0.3450144387592451,2.9814706687838792,2.2028502580019516,0.4183270448444885
1729850040.0,0.0001022659860571,0.0001208585701323,6.332343103719219e-05,6.967769993736876e-05,13074.125100269255,1.1240066304465495,-0.31866202416056144,-0.6327634088842671,1.44283511256675,0.5626028879532163
1729850100.0,6.967769993736876e-05,9.823485310305687e-05,6.284987657535902e-05,6.780674736273598e-05,25442.484364096337,1.7489729503696707,-0.02685152604512661,0.556016577655625,0.9830583550662979,0.5078378959050653
1729850160.0,6.780674736273598e-05,9.535835442588838e-05,6.677548832716906e-05,8.419673003429597e-05,6661.39729082698,0.5062777762644344,0.24171610214365338,-0.7105285269521033,0.9566617380413559,0.42153424563802894
1729850220.0,8.419673003429597e-05,8.510643876805873e-05,6.257130239860448e-05,6.382669506810128e-05,7849.333670330168,0.5809426273269213,-0.24193380144213839,0.14747803392319678,1.1879022844306852,0.2676485934818963
1729850280.0,6.382669506810128e-05,6.411806205815594e-05,4.252410944329133e-05,4.898915699259155e-05,10194.93961338072,0.5750753995954282,-0.23246602475153225,-0.010099495983776937,0.9005085690165693,0.33832164726411834
1729850340.0,4.898915699259155e-05,6.311610595069282e-05,4.6454462058285086e-05,5.460035607444024e-05,7493.462711519953,0.38812207673615584,0.11453961297389247,-0.325093584233991,0.6911709217225965,0.3401088100970469
1729850400.0,5.460035607444024e-05,6.522003081287692e-05,4.980711121198085e-05,5.037313372843663e-05,5859.879403149755,0.30756599538631446,-0.0774211497859165,-0.20755346366087582,0.7703373715955113,0.282286063846958
1729850460.0,5.037313372843663e-05,5.72389372503766e-05,4.521449148472316e-05,5.275839988821488e-05,4373.843937684557,0.22554061654665114,0.04735195099509404,-0.2666919622783278,0.710696966563526,0.2387075187832797
1729850520.0,5.275839988821488e-05,5.7141607909052064e-05,4.037050445711422e-05,4.0959157799139585e-05,6772.118685335928,0.3173332117792904,-0.2236467010765237,0.4069892006065912,0.7443498544966041,0.31788499058865805
1729850580.0,4.0959157799139585e-05,5.115581570824987e-05,4.041930531151667e-05,5.064250356023075e-05,3381.0698886241344,0.15485580948505598,0.23641466967112743,-0.5120088167992946,0.5778784650916482,0.26212722559834317
1729850640.0,5.064250356023075e-05,7.239993323465403e-05,4.815702865071682e-05,6.680791069863347e-05,8033.566766715948,0.4717728723635163,0.31920631884197204,2.0465300199734755,0.7144974115263483,0.47870667679579365
1729850700.0,6.680791069863347e-05,8.24944326473502e-05,6.168738530533682e-05,7.610811332274184e-05,21137.121024461816,1.510416648037351,0.13920810465187317,2.20157587796512,0.9425695000817915,0.3114458620906846
1729850760.0,7.610811332274184e-05,9.177582461619504e-05,7.345182455196582e-05,7.994476905780171e-05,9071.517781854098,0.7078182487123434,0.05041060101950319,-0.5313754985208294,1.0737828136908414,0.24076276843869454
1729850820.0,7.994476905780171e-05,7.994476905780171e-05,6.447917238066605e-05,6.490225532475922e-05,5172.278656627618,0.37459458634497006,-0.1881613257543649,-0.47077574359458924,1.12791285069341,0.19345351621384663
1729850880.0,6.490225532475922e-05,6.936221359561035e-05,5.676745615726532e-05,6.936221359561035e-05,5534.650853527651,0.3715534787542801,0.06871807841706427,-0.008118397065913227,0.9156832733715529,0.1940573155019517
1729850940.0,6.936221359561035e-05,8.057748825991702e-05,6.849904627566458e-05,7.489366698092945e-05,2982.9275830323036,0.2151524225931872,0.07974735952875016,-0.4209382097173844,0.9786072683562934,0.17413576294826943
1729851000.0,7.489366698092945e-05,7.728229638729444e-05,7.016775140295687e-05,7.016775140295687e-05,2696.109153965375,0.19555070899599852,-0.06310167158961463,-0.09110617189866292,1.0566486140233509,0.09499528159235651
1729851060.0,7.016775140295687e-05,7.016775140295687e-05,5.53520530993185e-05,5.53520530993185e-05,4730.462629442349,0.2968833722264616,-0.21114683038017426,0.5181912341342451,0.9899723201956279,0.21114683038017426
1729851120.0,5.53520530993185e-05,5.53520530993185e-05,4.9113590794499635e-05,4.950920750904102e-05,4545.672319395605,0.23833246486217433,-0.10555788382038207,-0.19721854722003376,0.780942802622214,0.11270516549088358
1729851180.0,4.950920750904102e-05,5.0959066810215066e-05,4.260729058900111e-05,4.747999142857479e-05,4067.400524719708,0.19724695932550135,-0.04098664031525179,-0.17238736468584917,0.6985081329926548,0.16869137361345993
1729851240.0,4.747999142857479e-05,5.422730450272741e-05,4.7002038029402064e-05,5.058697262949833e-05,3702.8797181363343,0.18156508611492192,0.06543769506777267,-0.07950375135923313,0.6698786313884068,0.15217497425614482
1729851300.0,5.058697262949833e-05,5.515611705214024e-05,4.918267838774518e-05,4.918267838774518e-05,3579.9795379598213,0.17858665457556203,-0.027759997658651683,-0.01640420855733624,0.7137139450016182,0.11808254880450832
1729851360.0,4.918267838774518e-05,5.057728985587144e-05,4.064241162449163e-05,4.3068660649612424e-05,4518.8547397454395,0.20843520032841345,-0.12431241930199927,0.16713760512391573,0.6939012475594263,0.20199953636228324
1729851420.0,4.3068660649612424e-05,4.359530923621772e-05,2.992035447946617e-05,3.33203857655542e-05,5966.786665806343,0.227898571781839,-0.22634265233752865,0.09337852446591934,0.6076407047186385,0.31751520828578655
1729851480.0,3.33203857655542e-05,3.603687993669166e-05,2.868092112231127e-05,2.868092112231127e-05,3185.9890481978805,0.0987677423593476,-0.13923802310953717,-0.5666153517895004,0.4701056959443768,0.2207645153371784
1729851540.0,2.868092112231127e-05,3.0433263255248504e-05,2.7368708244613188e-05,2.9756503120052487e-05,1975.0038695614153,0.057707069502935235,0.03750165460705893,-0.41572958817891104,0.4046491081885486,0.10684995079364304
1729851600.0,2.9756503120052487e-05,3.380756042493822e-05,2.4402857431741308e-05,2.490500713147275e-05,4024.467829449459,0.10999174475819255,-0.16303985616207647,0.9060358757707822,0.41982411928089,0.316055383095711
1729851660.0,2.490500713147275e-05,3.3491536187266985e-05,2.490500713147275e-05,3.320875563092559e-05,3126.181153499029,0.09083707495336169,0.33341682881749907,-0.17414643114299871,0.35137605525996324,0.34477119442151605
1729851720.0,3.320875563092559e-05,3.320875563092559e-05,2.672850842718287e-05,2.762357650674092e-05,1944.3717529665005,0.05914033413777751,-0.16818393276330673,-0.34894057114738863,0.46853074532714245,0.19513670658915033
1729851780.0,2.762357650674092e-05,3.1113446210839435e-05,2.762357650674092e-05,3.0554838729211496e-05,2421.2583189928087,0.07043248593793387,0.10611450771971066,0.19093824823257455,0.38973140195750033,0.12633663505690118
1729851840.0,3.0554838729211496e-05,3.839562880594107e-05,3.0554838729211496e-05,3.839562880594107e-05,1452.1944613531614,0.05006474353112977,0.25661369533701717,-0.28918108079775084,0.43108755781913316,0.25661369533701717
1729851900.0,3.839562880594107e-05,3.866640751100095e-05,2.483735453040253e-05,2.608524176240432e-05,3490.752580702871,0.11254338267120974,-0.3206194930614582,1.247956840151021,0.541710529044911,0.36017258762691784
1729851960.0,2.608524176240432e-05,3.653625858627359e-05,2.608524176240432e-05,3.4271806853950234e-05,3791.3289527688657,0.11441671296143152,0.31383895791009697,0.016645405938211677,0.3680275738364773,0.4006486471952861
1729852020.0,3.4271806853950234e-05,3.571834904187368e-05,2.931170324594972e-05,3.299463082237184e-05,1770.2501375613742,0.05953921027488637,-0.03726608395702908,-0.47962838003433717,0.4835289640914986,0.18693633000518373
1729852080.0,3.299463082237184e-05,3.9010803209363286e-05,3.2703480939611956e-05,3.9010803209363286e-05,3298.1684449250115,0.11874302519329917,0.1823379209599221,0.9943668154998179,0.4655097331200095,0.19116208039141577
1729852140.0,3.9010803209363286e-05,3.997005696481231e-05,3.0030303625539172e-05,3.0030303625539172e-05,1971.622319098512,0.06806149358547926,-0.230205451952054,-0.4268169143014215,0.5503898100437202,0.2547948906852402
1729852200.0,3.0030303625539172e-05,3.1751201785445674e-05,2.9415798774268723e-05,3.1751201785445674e-05,694.8101718201847,0.021463209194958022,0.057305386630955336,-0.6846497473934786,0.42368707507280046,0.07776821174697734
1729852260.0,3.1751201785445674e-05,3.362234922342179e-05,3.105377162186385e-05,3.105377162186385e-05,849.9643018671458,0.026690992687964248,-0.021965472938461,0.24356951681924147,0.4479666267203859,0.08089701986446826
1729852320.0,3.105377162186385e-05,3.105377162186385e-05,2.750979382705796e-05,2.750979382705796e-05,681.7787449253289,0.01996369707505913,-0.11412390861761558,-0.2520436647505678,0.4381268279038256,0.11412390861761558
1729852380.0,2.750979382705796e-05,2.844953542996352e-05,2.726027566689354e-05,2.820138879621175e-05,263.18194154619187,0.007331088604313294,0.025139954646754083,-0.6327790099824694,0.38812608183320363,0.04323041352277432
1729852440.0,2.820138879621175e-05,2.820138879621175e-05,2.7984481349861813e-05,2.802483304219548e-05,48.06989169276318,0.001351394197032756,-0.006260534021643139,-0.8156625475461237,0.39788355392771274,0.007691374631134288
1729852500.0,2.802483304219548e-05,2.802483304219548e-05,1.9805428028884283e-05,1.9805428028884283e-05,1695.044484028183,0.04053721009908084,-0.29329006174401406,28.996584407486747,0.395392590401696,0.29329006174401406
1729852560.0,1.9805428028884283e-05,1.9805428028884283e-05,1.667413730403866e-05,1.667413730403866e-05,990.4058332316328,0.018064787149740667,-0.15810265348867703,-0.5543653076867696,0.2794278731496569,0.15810265348867703
1729852620.0,1.667413730403866e-05,1.840771751221976e-05,1.667413730403866e-05,1.7581171929350822e-05,612.3444475886424,0.010488024204749003,0.05439769439180934,-0.4194216561859924,0.2352495849459987,0.10396820996317499
1729852680.0,1.7581171929350822e-05,1.7581171929350822e-05,1.5047809792545876e-05,1.5047809792545876e-05,761.283937102797,0.01241995983445036,-0.1440951801725819,0.18420396368141226,0.24804661997369112,0.1440951801725819
1729852740.0,1.5047809792545876e-05,1.5047841832746662e-05,1.3360915781367091e-05,1.3385644426825048e-05,453.15719361813694,0.006442412159459951,-0.110458956395382,-0.4812855882520608,0.21230429757738215,0.11210442414119366
1729852800.0,1.3385644426825048e-05,1.411118641318292e-05,1.2979392469804952e-05,1.411118641318292e-05,532.166378882982,0.007316444449442472,0.054202992640673624,0.1356684838456204,0.1888533864287299,0.0845528169797963
1729852860.0,1.411118641318292e-05,1.85390302035677e-05,1.411118641318292e-05,1.85390302035677e-05,894.5461931441015,0.014603563489922276,0.3137825311589825,0.995991849707148,0.19908980514349262,0.3137825311589825
1729852920.0,1.85390302035677e-05,1.9002621369690143e-05,1.6598160632550883e-05,1.7399607279184605e-05,1061.3907368080688,0.019072468458848274,-0.06146076207178424,0.30601469100400935,0.2615607081293664,0.12969722314150708
1729852980.0,1.7399607279184605e-05,1.8140857251264524e-05,1.7399607279184605e-05,1.8140857251264524e-05,305.50439281532226,0.0054288840183746795,0.0426015346315711,-0.7153549353043465,0.24548498767969998,0.0426015346315711
1729853040.0,1.8140857251264524e-05,1.901676547229172e-05,1.8140857251264524e-05,1.8494978460927413e-05,395.03219347422646,0.00723616727057429,0.019520643636518578,0.332901429848686,0.2559430248838675,0.04828372821059151
1729853100.0,1.8494978460927413e-05,1.8644157071910613e-05,1.8463432605017505e-05,1.8535131592891695e-05,27.456464877431088,0.0005083579580500461,0.0021710288578659282,-0.9297476220433333,0.2609391974638781,0.009771542436500103
1729853160.0,1.8535131592891695e-05,1.8535131592891695e-05,1.401129567012492e-05,1.401129567012492e-05,998.1386910719762,0.016242924153688342,-0.24406818479247738,30.95174560853296,0.2615057039917206,0.24406818479247738
1729853220.0,1.401129567012492e-05,1.4068815581122902e-05,1.3441592003897597e-05,1.3441592003897597e-05,271.34566813671523,0.0037246110740949173,-0.04066031291039363,-0.7706933161262619,0.1976804815055824,0.04476556572585079
1729853280.0,1.3441592003897597e-05,1.3441592003897597e-05,1.1632184082512135e-05,1.1632184082512135e-05,354.221723965159,0.004440838095822216,-0.1346126203548505,0.19229578806462166,0.18964273127128814,0.1346126203548505
1729853340.0,1.1632184082512135e-05,1.185980692076769e-05,1.157140157350828e-05,1.1827192573400206e-05,110.83432592426198,0.0013000520991307057,0.016764563688537838,-0.7072507326142449,0.1641144262836093,0.02479373995576626
1729853400.0,1.1827192573400206e-05,1.2182239148207191e-05,1.1827192573400206e-05,1.2182239148207191e-05,111.49441050137152,0.0013384587181367732,0.030019514149579152,0.0295423691340897,0.1668657330352487,0.030019514149579152
1729853460.0,1.2182239148207191e-05,1.3515526765167502e-05,1.2182239148207191e-05,1.2817658574531902e-05,594.1528466693862,0.007426880199204469,0.052159493718215405,4.548830231793176,0.17187496126918028,0.10944520139029817
1729853520.0,1.2817658574531902e-05,1.309141289426575e-05,1.2817658574531902e-05,1.309141289426575e-05,110.8708869134749,0.0014362808664251019,0.021357591805244776,-0.8066104706281718,0.1808398722318186,0.021357591805244776
1729853580.0,1.309141289426575e-05,1.3632710516231753e-05,1.309141289426575e-05,1.3632710516231753e-05,147.28356246337646,0.001968012049804495,0.04134753264127052,0.3702139294683151,0.1847021764050584,0.04134753264127052
1729853640.0,1.3632710516231753e-05,1.3782217325288334e-05,1.3632710516231753e-05,1.3782217325288334e-05,9.014819674242077,0.00012357031543683107,0.0109667706123864,-0.9372105900219937,0.19233915567288026,0.0109667706123864
1729853700.0,1.3782217325288334e-05,1.3782217325288334e-05,1.3782217325288334e-05,1.3782217325288334e-05,0.0,0.0,0.0,-1.0,0.1944484950729248,0.0
1729853760.0,1.3782217325288334e-05,1.386395438521751e-05,1.3533072044714687e-05,1.3569625377391543e-05,127.34602638518584,0.001741574241249462,-0.015425090381263704,0.0,0.1944484950729248,0.024007917789520168
1729853820.0,1.3569625377391543e-05,1.3569625377391543e-05,1.3569625377391543e-05,1.3569625377391543e-05,0.0,0.0,0.0,-1.0,0.19144910946192423,0.0
1729853880.0,1.3569625377391543e-05,1.3569625377391543e-05,1.3499686150226191e-05,1.3499686150226191e-05,3.7603134226025663,5.089454773895568e-05,-0.005154101548144298,0.0,0.19144910946192423,0.005154101548144298
1729853940.0,1.3499686150226191e-05,1.3499686150226191e-05,1.3286187126823042e-05,1.3286187126823042e-05,99.64640345117282,0.0013345579676784182,-0.015815110146065996,25.222022337707532,0.19046236131045569,0.015815110146065996
1729854000.0,1.3286187126823042e-05,1.3286187126823042e-05,1.2682674148041558e-05,1.2714700948295274e-05,130.25637649042625,0.0016933907330990228,-0.043013557845652646,0.26887761649261743,0.18745017808765102,0.04542409142823772
1729854060.0,1.2714700948295274e-05,1.2714700948295274e-05,1.248832929862317e-05,1.248832929862317e-05,64.97719088755062,0.0008188110536493659,-0.017803930315990278,-0.516466555742345,0.17938727900929993,0.017803930315990278
1729854120.0,1.248832929862317e-05,1.253466881839506e-05,1.2260471905632468e-05,1.2260471905632468e-05,156.68946140219666,0.001938938165522426,-0.018245626579995955,1.3679921721632313,0.17619348039424326,0.021956252610412914
1729854180.0,1.2260471905632468e-05,1.2260471905632468e-05,1.1066057241699469e-05,1.1066057241699469e-05,278.9199275216506,0.003253116909552747,-0.09741995847519415,0.67778269952009,0.17297871994514005,0.09741995847519415
1729854240.0,1.1066057241699469e-05,1.1066057241699469e-05,1.0456943680444329e-05,1.0456943680444329e-05,153.91456211387052,0.001656351631154097,-0.055043413200490145,-0.49084165211209096,0.15612714023099228,0.055043413200490145
1729854300.0,1.0456943680444329e-05,1.0456943680444329e-05,1.0370872444549284e-05,1.0370872444549284e-05,3.6112146680366575,3.760685754687367e-05,-0.008231012667306236,-0.9772953660083213,0.1475333695394469,0.008231012667306236
1729854360.0,1.0370872444549284e-05,1.0370872444549284e-05,1.01521770961263e-05,1.01521770961263e-05,61.86697899383907,0.0006348495374112475,-0.021087459092019405,15.88121738488686,0.14631902050591733,0.021087459092019405
1729854420.0,1.01521770961263e-05,1.01521770961263e-05,1.0096632639827626e-05,1.0096632639827626e-05,17.38441353496974,0.00017600684102037228,-0.005471186699438776,-0.7227581802483739,0.14323352414661447,0.005471186699438776
1729854480.0,1.0096632639827626e-05,1.0151395172358423e-05,1.0096632639827626e-05,1.0151395172358423e-05,10.404349835243334,0.00010533378241586019,0.0054238412433447,-0.4015358618721638,0.14244986679438976,0.0054238412433447
1729854540.0,1.0151395172358423e-05,1.0784014767650738e-05,1.0151395172358423e-05,1.0341457192963612e-05,407.82243734364783,0.0041787224998745855,0.018722748684113413,38.671247002000676,0.14322249225701814,0.062318487710427764
1729854600.0,1.0341457192963612e-05,1.0341457192963612e-05,1.0306224374048567e-05,1.0306224374048567e-05,5.778518359138928,5.965650350431716e-05,-0.003406949161769734,-0.9857237460716505,0.14590401098545866,0.003406949161769734
1729854660.0,1.0306224374048567e-05,1.0306224374048567e-05,9.886535218705144e-06,9.886535218705144e-06,115.3848122666825,0.0011649688873780696,-0.040721911352931114,18.527944464491863,0.14540692343753292,0.040721911352931114
1729854720.0,9.886535218705144e-06,9.94236647097104e-06,9.886535218705144e-06,9.94236647097104e-06,5.028785685738861,4.9857648490483366e-05,0.005647201070023531,-0.9572025922488837,0.13948567559120725,0.005647201070023531
1729854780.0,9.94236647097104e-06,9.94236647097104e-06,9.850857277505236e-06,9.918816253112848e-06,35.1426813921869,0.00034898760827224343,-0.002368673285877457,5.999680467057263,0.14027337924765887,0.00920396504524216
1729854840.0,9.918816253112848e-06,9.980364278175091e-06,9.889453864531292e-06,9.889453864531292e-06,55.36586454129468,0.0005483510000654303,-0.0029602714509749544,0.5712620937465049,0.1399411174415152,0.009165449921029564
1729854900.0,9.889453864531292e-06,9.902211872527204e-06,9.889453864531292e-06,9.902211872527204e-06,17.333212100918626,0.00017152657002545945,0.001290061935742408,-0.6871956648114209,0.13952685374673554,0.001290061935742408
1729854960.0,9.902211872527204e-06,9.902211872527204e-06,9.822235614802412e-06,9.822235614802412e-06,19.982081946527455,0.00019706776302089898,-0.008076605384164652,0.1489051695702216,0.1397068520297681,0.008076605384164652
1729855020.0,9.822235614802412e-06,9.822235614802412e-06,9.822235614802412e-06,9.822235614802412e-06,0.0,0.0,0.0,-1.0,0.13857849491645977,0.0
1729855080.0,9.822235614802412e-06,9.822235614802412e-06,9.822235614802412e-06,9.822235614802412e-06,0.0,0.0,0.0,0.0,0.13857849491645977,0.0
1729855140.0,9.822235614802412e-06,9.822235614802412e-06,9.819521188419373e-06,9.819521188419373e-06,0.6927769919653464,6.803678597525433e-06,-0.000276355250422641,0.0,0.13857849491645977,0.000276355250422641
1729855200.0,9.819521188419373e-06,9.882922094679632e-06,9.819521188419373e-06,9.847282156919085e-06,9.568317985711856,9.408911408533002e-05,0.00282712038265693,12.82915326416965,0.13854019802179396,0.006456618916921411
1729855260.0,9.847282156919085e-06,9.847282156919085e-06,9.579540341852738e-06,9.579540341852738e-06,89.41376307368833,0.0008685126520898908,-0.027189412347469005,8.230745347461037,0.1389318678394387,0.027189412347469005
1729855320.0,9.579540341852738e-06,9.579540341852738e-06,9.526104329117904e-06,9.526104329117904e-06,2.095005803208383,2.0013218229860404e-05,-0.005578139537799499,-0.9769569065209323,0.13515439199654813,0.005578139537799499
1729855380.0,9.526104329117904e-06,9.526104329117904e-06,9.43944618491761e-06,9.43944618491761e-06,27.11459500327278,0.0002571216106010924,-0.00909691319833762,11.847589410555578,0.13440048193884493,0.00909691319833762
1729855440.0,9.43944618491761e-06,9.43944618491761e-06,9.43944618491761e-06,9.43944618491761e-06,0.0,0.0,0.0,-1.0,0.13317785242083252,0.0
1729855500.0,9.43944618491761e-06,9.43944618491761e-06,7.928977862089106e-06,7.928977862089106e-06,461.7504994392125,0.0040099392390886895,-0.1600166252594286,0.0,0.13317785242083252,0.1600166252594286
1729855560.0,7.928977862089106e-06,7.928977862089106e-06,7.802128775086312e-06,7.802128775086312e-06,69.82332953180395,0.0005491991213137237,-0.01599816385026099,-0.8630405378814328,0.11186718191715267,0.01599816385026099
1729855620.0,7.802128775086312e-06,7.802128775086312e-06,7.573169692360099e-06,7.573169692360099e-06,77.04384507604524,0.0005922860565619485,-0.029345719524307697,0.07845412269625952,0.1100775124113751,0.029345719524307697
1729855680.0,7.573169692360099e-06,7.573169692360099e-06,7.573169692360099e-06,7.573169692360099e-06,0.0,0.0,0.0,-1.0,0.1068472086062174,0.0
1729855740.0,7.573169692360099e-06,7.573169692360099e-06,7.573169692360099e-06,7.573169692360099e-06,0.0,0.0,0.0,0.0,0.1068472086062174,0.0
1729855800.0,7.573169692360099e-06,7.573169692360099e-06,7.452588945161614e-06,7.452588945161614e-06,1.4207657988322466,1.0674041986849532e-05,-0.015922097628437867,0.0,0.1068472086062174,0.015922097628437867
1729855860.0,7.452588945161614e-06,7.452588945161614e-06,7.452588945161614e-06,7.452588945161614e-06,0.0,0.0,0.0,-1.0,0.10514597691946313,0.0
1729855920.0,7.452588945161614e-06,7.5135722863683645e-06,7.452588945161614e-06,7.502635979346799e-06,17.436073146132955,0.00013038019785029968,0.0067153890484831355,0.0,0.10514597691946313,0.008182839769573208
1729855980.0,7.502635979346799e-06,7.502635979346799e-06,7.502635979346799e-06,7.502635979346799e-06,0.0,0.0,0.0,-1.0,0.10585207306136016,0.0
1729856040.0,7.502635979346799e-06,7.502635979346799e-06,7.494005506481429e-06,7.494005506481429e-06,4.79444855053682,3.595031301732475e-05,-0.0011503254175103342,0.0,0.10585207306136016,0.0011503254175103342
1729856100.0,7.494005506481429e-06,7.494005506481429e-06,7.483317390604164e-06,7.483317390604164e-06,2.134586594912142,1.5985196341894796e-05,-0.001426222047477978,-0.5553530692711521,0.10573030873122151,0.001426222047477978
1729856160.0,7.483317390604164e-06,7.483317390604164e-06,7.483317390604164e-06,7.483317390604164e-06,0.0,0.0,0.0,-1.0,0.10557951383382239,0.0
1729856220.0,7.483317390604164e-06,7.483317390604164e-06,7.483317390604164e-06,7.483317390604164e-06,0.0,0.0,0.0,0.0,0.10557951383382239,0.0
1729856280.0,7.483317390604164e-06,7.483317390604164e-06,7.31958143723865e-06,7.31958143723865e-06,103.19414677929844,0.000763786257199758,-0.02188012946919712,0.0,0.10557951383382239,0.02188012946919712
1729856340.0,7.31958143723865e-06,7.7382234199455e-06,7.245458027849846e-06,7.422499695701858e-06,406.35476572508713,0.0029952574625381335,0.014060675374087278,2.9215911968873827,0.10326942040184346,0.06732152600812558
1729856400.0,7.422499695701858e-06,7.422499695701858e-06,7.162938875105138e-06,7.162938875105138e-06,1.266840687646714,9.23871351433502e-06,-0.034969461938411904,-0.9969155527930791,0.10472145819818393,0.034969461938411904
1729856460.0,7.162938875105138e-06,7.209951238332026e-06,7.162938875105138e-06,7.1858603109678185e-06,9.426767486083484,6.763139681580686e-05,0.0032000043923792265,6.320434464264779,0.10105940515158755,0.006563278571352833
1729856520.0,7.1858603109678185e-06,7.1858603109678185e-06,7.181753963752049e-06,7.181753963752049e-06,1.9762459954745049,1.4196970087468735e-05,-0.0005714482383552846,-0.7900831454637263,0.10138279569196386,0.0005714482383552846
1729856580.0,7.181753963752049e-06,7.181753963752049e-06,7.181753963752049e-06,7.181753963752049e-06,0.0,0.0,0.0,-1.0,0.10132486067196615,0.0
1729856640.0,7.181753963752049e-06,7.181753963752049e-06,7.181753963752049e-06,7.181753963752049e-06,0.0,0.0,0.0,0.0,0.10132486067196615,0.0
1729856700.0,7.181753963752049e-06,7.181753963752049e-06,7.181753963752049e-06,7.181753963752049e-06,0.0,0.0,0.0,0.0,0.10132486067196615,0.0
1729856760.0,7.181753963752049e-06,7.181753963752049e-06,7.181753963752049e-06,7.181753963752049e-06,0.0,0.0,0.0,0.0,0.10132486067196615,0.0
1729856820.0,7.181753963752049e-06,7.181753963752049e-06,7.181753963752049e-06,7.181753963752049e-06,0.0,0.0,0.0,0.0,0.10132486067196615,0.0
1729856880.0,7.181753963752049e-06,7.181753963752049e-06,7.169794301890921e-06,7.169794301890921e-06,6.372706085991797,4.5729099487933986e-05,-0.0016652842636340473,0.0,0.10132486067196615,0.0016652842636340473
1729856940.0,7.169794301890921e-06,7.169794301890921e-06,7.1565795789045554e-06,7.1565795789045554e-06,2.403409765003604,1.721607344109821e-05,-0.0018431104756911128,-0.62352039218177,0.10115612597597422,0.0018431104756911128
1729857000.0,7.1565795789045554e-06,7.1565795789045554e-06,7.150772635417444e-06,7.150772635417444e-06,1.4573173407432125,1.0425176241026124e-05,-0.0008114132488973223,-0.39445098926337385,0.10096968406050756,0.0008114132488973223
1729857060.0,7.150772635417444e-06,7.150772635417444e-06,7.001691455389318e-06,7.001691455389318e-06,52.450684468579304,0.0003711532142399023,-0.020848261807365306,34.601624918272904,0.1008877559211239,0.020848261807365306
1729857120.0,7.001691455389318e-06,7.06766961157944e-06,6.948149427944899e-06,7.06766961157944e-06,116.16203082070425,0.0008171627769444205,0.009423173901691688,1.201685841837358,0.09878442157252273,0.017070187167779867
1729857180.0,7.06766961157944e-06,7.06766961157944e-06,7.06766961157944e-06,7.06766961157944e-06,0.0,0.0,0.0,-1.0,0.09971528435577864,0.0
1729857240.0,7.06766961157944e-06,7.06766961157944e-06,7.06766961157944e-06,7.06766961157944e-06,0.0,0.0,0.0,0.0,0.09971528435577864,0.0
1729857300.0,7.06766961157944e-06,7.06766961157944e-06,7.06766961157944e-06,7.06766961157944e-06,0.0,0.0,0.0,0.0,0.09971528435577864,0.0
1729857360.0,7.06766961157944e-06,7.103696770247779e-06,7.06766961157944e-06,7.103696770247779e-06,39.24821590718656,0.00027810042372689996,0.005097459367556394,0.0,0.09971528435577864,0.005097459367556394
1729857420.0,7.103696770247779e-06,7.103696770247779e-06,7.0442949021329714e-06,7.0442949021329714e-06,0.5109489002782768,3.614450393074581e-06,-0.008362106384326419,-0.9870030748438411,0.10022357896610655,0.008362106384326419
1729857480.0,7.0442949021329714e-06,7.0442949021329714e-06,6.993081941067941e-06,6.993081941067941e-06,33.856291115771604,0.00023762675845260056,-0.00727013303340317,64.74353846656801,0.09938549873657403,0.00727013303340317
1729857540.0,6.993081941067941e-06,6.993081941067941e-06,6.993081941067941e-06,6.993081941067941e-06,0.0,0.0,0.0,-1.0,0.09866295293916802,0.0
1729857600.0,6.993081941067941e-06,7.003558941228199e-06,6.993081941067941e-06,7.003558941228199e-06,17.353871114883813,0.00012144795095634044,0.0014981949659034568,0.0,0.09866295293916802,0.0014981949659034568
1729857660.0,7.003558941228199e-06,7.003558941228199e-06,7.003558941228199e-06,7.003558941228199e-06,0.0,0.0,0.0,-1.0,0.09881076927858265,0.0
1729857720.0,7.003558941228199e-06,7.004470852503707e-06,7.003558941228199e-06,7.004470852503707e-06,0.7990938840962497,5.596865468204609e-06,0.00013020683957400673,0.0,0.09881076927858265,0.00013020683957400673
1729857780.0,7.004470852503707e-06,7.004470852503707e-06,7.004470852503707e-06,7.004470852503707e-06,0.0,0.0,0.0,-1.0,0.09882363511656629,0.0
1729857840.0,7.004470852503707e-06,7.004470852503707e-06,7.004470852503707e-06,7.004470852503707e-06,0.0,0.0,0.0,0.0,0.09882363511656629,0.0
1729857900.0,7.004470852503707e-06,7.004470852503707e-06,6.570217386612499e-06,6.570217386612499e-06,152.4591212884855,0.0010347925203503976,-0.0619966125972223,0.0,0.09882363511656629,0.0619966125972223
1729857960.0,6.570217386612499e-06,6.570217386612499e-06,6.570217386612499e-06,6.570217386612499e-06,0.0,0.0,0.0,-1.0,0.09269690449479527,0.0
1729858020.0,6.570217386612499e-06,6.6014487955592155e-06,6.570217386612499e-06,6.6014487955592155e-06,1.7403348808598542,1.1461555047937791e-05,0.004753481827002177,0.0,0.09269690449479527,0.004753481827002177
1729858080.0,6.6014487955592155e-06,6.6014487955592155e-06,6.6014487955592155e-06,6.6014487955592155e-06,0.0,0.0,0.0,-1.0,0.09313753754573063,0.0
1729858140.0,6.6014487955592155e-06,6.6014487955592155e-06,6.56159271234877e-06,6.56159271234877e-06,6.596037995271192,4.341196095974644e-05,-0.006037475173216029,0.0,0.09313753754573063,0.006037475173216029
1729858200.0,6.56159271234877e-06,6.56159271234877e-06,6.548992130645902e-06,6.548992130645902e-06,1.664377252884199,1.0910479592344344e-05,-0.0019203541358417313,-0.748675725511201,0.09257522197510382,0.0019203541358417313
1729858260.0,6.548992130645902e-06,6.548992130645902e-06,6.548992130645902e-06,6.548992130645902e-06,0.0,0.0,0.0,-1.0,0.09239744476470746,0.0
1729858320.0,6.548992130645902e-06,6.548992130645902e-06,6.548992130645902e-06,6.548992130645902e-06,0.0,0.0,0.0,0.0,0.09239744476470746,0.0
1729858380.0,6.548992130645902e-06,6.548992130645902e-06,6.548992130645902e-06,6.548992130645902e-06,0.0,0.0,0.0,0.0,0.09239744476470746,0.0
1729858440.0,6.548992130645902e-06,6.548992130645902e-06,6.548992130645902e-06,6.548992130645902e-06,0.0,0.0,0.0,0.0,0.09239744476470746,0.0
1729858500.0,6.548992130645902e-06,6.548992130645902e-06,6.548992130645902e-06,6.548992130645902e-06,0.0,0.0,0.0,0.0,0.09239744476470746,0.0
1729858560.0,6.548992130645902e-06,6.548992130645902e-06,6.548992130645902e-06,6.548992130645902e-06,0.0,0.0,0.0,0.0,0.09239744476470746,0.0
1729858620.0,6.548992130645902e-06,6.548992130645902e-06,6.533848770940248e-06,6.533848770940248e-06,3.693779503997692,2.4162564788170804e-05,-0.002312319117745014,0.0,0.09239744476470746,0.002312319117745014
1729858680.0,6.533848770940248e-06,6.533848770940248e-06,6.533848770940248e-06,6.533848770940248e-06,0.0,0.0,0.0,-1.0,0.09218379238674723,0.0
1729858740.0,6.533848770940248e-06,6.533848770940248e-06,6.533848770940248e-06,6.533848770940248e-06,0.0,0.0,0.0,0.0,0.09218379238674723,0.0
1729858800.0,6.533848770940248e-06,6.533848770940248e-06,6.533848770940248e-06,6.533848770940248e-06,0.0,0.0,0.0,0.0,0.09218379238674723,0.0
1729858860.0,6.533848770940248e-06,6.533848770940248e-06,6.533478795628308e-06,6.533478795628308e-06,0.1763807277651758,1.1524123730686527e-06,-5.6624406978153515e-05,0.0,0.09218379238674723,5.6624406978153515e-05
1729858920.0,6.533478795628308e-06,6.533478795628308e-06,6.531209522618743e-06,6.531209522618743e-06,2.432797445365333,1.5891870182562865e-05,-0.00034732997236996326,12.790089861883267,0.09217857253417033,0.00034732997236996326
1729858980.0,6.531209522618743e-06,6.531209522618743e-06,6.531209522618743e-06,6.531209522618743e-06,0.0,0.0,0.0,-1.0,0.09214655615311894,0.0
1729859040.0,6.531209522618743e-06,6.939095034286499e-06,6.531209522618743e-06,6.651298714461336e-06,152.5129714720276,0.0010052517513457816,0.01838697586208232,0.0,0.09214655615311894,0.06245175725188054
1729859100.0,6.651298714461336e-06,6.878033583118817e-06,6.593708424502267e-06,6.878033583118817e-06,150.534060619948,0.0010183126641156756,0.03408881158269307,0.012992678453341382,0.09384085265688036,0.042747314595624294
1729859160.0,6.878033583118817e-06,6.878033583118817e-06,6.193365565696591e-06,6.193365565696591e-06,131.20516276590868,0.0008575175264492428,-0.09954415155847005,-0.1579035038379599,0.09703977580186,0.09954415155847005
1729859220.0,6.193365565696591e-06,6.193365565696591e-06,6.179657905393751e-06,6.179657905393751e-06,7.543045388560305,4.666513881807821e-05,-0.0022132813181192776,-0.9455811253079498,0.0873800336522397,0.0022132813181192776
1729859280.0,6.179657905393751e-06,6.179657905393751e-06,6.179657905393751e-06,6.179657905393751e-06,0.0,0.0,0.0,-1.0,0.08718663705618057,0.0
1729859340.0,6.179657905393751e-06,6.179657905393751e-06,6.179657905393751e-06,6.179657905393751e-06,0.0,0.0,0.0,0.0,0.08718663705618057,0.0
1729859400.0,6.179657905393751e-06,6.179657905393751e-06,6.179657905393751e-06,6.179657905393751e-06,0.0,0.0,0.0,0.0,0.08718663705618057,0.0
1729859460.0,6.179657905393751e-06,6.179657905393751e-06,6.179657905393751e-06,6.179657905393751e-06,0.0,0.0,0.0,0.0,0.08718663705618057,0.0
1729859520.0,6.179657905393751e-06,6.179657905393751e-06,6.179657905393751e-06,6.179657905393751e-06,0.0,0.0,0.0,0.0,0.08718663705618057,0.0
1729859580.0,6.179657905393751e-06,6.179657905393751e-06,6.179657905393751e-06,6.179657905393751e-06,0.0,0.0,0.0,0.0,0.08718663705618057,0.0
1729859640.0,6.179657905393751e-06,6.179657905393751e-06,6.1446248681658715e-06,6.1446248681658715e-06,13.737322840487248,8.465132561892207e-05,-0.005669090063594316,0.0,0.08718663705618057,0.005669090063594316
1729859700.0,6.1446248681658715e-06,6.1446248681658715e-06,6.122747746168641e-06,6.122747746168641e-06,0.1395937344401992,8.562241775021921e-07,-0.0035603673888330903,-0.9898852832930616,0.08669236815836717,0.0035603673888330903
1729859760.0,6.122747746168641e-06,6.122747746168641e-06,6.122747746168641e-06,6.122747746168641e-06,0.0,0.0,0.0,-1.0,0.0863837114779154,0.0
1729859820.0,6.122747746168641e-06,6.122747746168641e-06,6.122747746168641e-06,6.122747746168641e-06,0.0,0.0,0.0,0.0,0.0863837114779154,0.0
1729859880.0,6.122747746168641e-06,6.122747746168641e-06,6.122047597159312e-06,6.122047597159312e-06,0.3322753458869349,2.034321804009513e-06,-0.00011435209130847718,0.0,0.0863837114779154,0.00011435209130847718
1729859940.0,6.122047597159312e-06,6.122047597159312e-06,6.122047597159312e-06,6.122047597159312e-06,0.0,0.0,0.0,-1.0,0.08637383331985292,0.0
1729860000.0,6.122047597159312e-06,6.152025678082599e-06,6.122047597159312e-06,6.152025678082599e-06,0.8686162022918398,5.330729457496196e-06,0.004896740910213932,0.0,0.08637383331985292,0.004896740910213932
1729860060.0,6.152025678082599e-06,6.152025678082599e-06,6.152025678082599e-06,6.152025678082599e-06,0.0,0.0,0.0,-1.0,0.08679678360304224,0.0
1729860120.0,6.152025678082599e-06,6.2005115587045035e-06,6.152025678082599e-06,6.1939543836311816e-06,32.342899429303834,0.00019965239574609958,0.006815430842227938,0.0,0.08679678360304224,0.00788128710103433
1729860180.0,6.1939543836311816e-06,6.1939543836311816e-06,6.1939543836311816e-06,6.1939543836311816e-06,0.0,0.0,0.0,-1.0,0.0873883410790166,0.0
1729860240.0,6.1939543836311816e-06,6.196182202090069e-06,6.1939543836311816e-06,6.196182202090069e-06,0.3167607084600622,1.962354221405e-06,0.0003596762780130963,0.0,0.0873883410790166,0.0003596762780130963
1729860300.0,6.196182202090069e-06,6.196182202090069e-06,6.196182202090069e-06,6.196182202090069e-06,0.0,0.0,0.0,-1.0,0.08741977259227764,0.0
1729860360.0,6.196182202090069e-06,6.196182202090069e-06,6.1880380648449246e-06,6.1880380648449246e-06,5.472725317243384,3.388771789458688e-05,-0.0013143798841804884,0.0,0.08741977259227764,0.0013143798841804884
1729860420.0,6.1880380648449246e-06,6.1880380648449246e-06,6.1880380648449246e-06,6.1880380648449246e-06,0.0,0.0,0.0,-1.0,0.08730486980170271,0.0
1729860480.0,6.1880380648449246e-06,6.1880380648449246e-06,6.1880380648449246e-06,6.1880380648449246e-06,0.0,0.0,0.0,0.0,0.08730486980170271,0.0
1729860540.0,6.1880380648449246e-06,6.1880380648449246e-06,6.1880380648449246e-06,6.1880380648449246e-06,0.0,0.0,0.0,0.0,0.08730486980170271,0.0
1729860600.0,6.1880380648449246e-06,6.1880380648449246e-06,6.1880380648449246e-06,6.1880380648449246e-06,0.0,0.0,0.0,0.0,0.08730486980170271,0.0
1729860660.0,6.1880380648449246e-06,6.1880380648449246e-06,6.1880380648449246e-06,6.1880380648449246e-06,0.0,0.0,0.0,0.0,0.08730486980170271,0.0
1729860720.0,6.1880380648449246e-06,6.1880380648449246e-06,6.180706512025545e-06,6.180706512025545e-06,0.012361413024051,7.644758015184341e-08,-0.0011847943956633715,0.0,0.08730486980170271,0.0011847943956633715
1729860780.0,6.180706512025545e-06,6.180706512025545e-06,6.177719466470983e-06,6.177719466470983e-06,0.0002595203236399,1.6036313548095833e-09,-0.0004832854543004352,-0.9790231247133737,0.08720143148124754,0.0004832854543004352
1729860840.0,6.177719466470983e-06,6.177719466470983e-06,6.176356411135167e-06,6.176356411135167e-06,2.8701191602833003,1.772883494195557e-05,-0.00022064053623888462,11054.430469592377,0.08715928829781848,0.00022064053623888462
1729860900.0,6.176356411135167e-06,6.176356411135167e-06,6.176356411135167e-06,6.176356411135167e-06,0.0,0.0,0.0,-1.0,0.08714005742571025,0.0
1729860960.0,6.176356411135167e-06,6.176356411135167e-06,6.176356411135167e-06,6.176356411135167e-06,0.0,0.0,0.0,0.0,0.08714005742571025,0.0
1729861020.0,6.176356411135167e-06,6.176356411135167e-06,6.176356411135167e-06,6.176356411135167e-06,0.0,0.0,0.0,0.0,0.08714005742571025,0.0
1729861080.0,6.176356411135167e-06,6.176356411135167e-06,6.155286998560796e-06,6.155286998560796e-06,9.944590411817464,6.131657140700723e-05,-0.003411301287015439,0.0,0.08714005742571025,0.003411301287015439
1729861140.0,6.155286998560796e-06,6.220622213321755e-06,6.155286998560796e-06,6.220622213321755e-06,34.723475698394054,0.0002148672913821674,0.010614487151652823,2.5042287337940174,0.08684279643566332,0.010614487151652823
1729861200.0,6.220622213321755e-06,6.220622213321755e-06,6.220622213321755e-06,6.220622213321755e-06,0.0,0.0,0.0,-1.0,0.08776458818264327,0.0
1729861260.0,6.220622213321755e-06,6.220622213321755e-06,6.220622213321755e-06,6.220622213321755e-06,0.0,0.0,0.0,0.0,0.08776458818264327,0.0
1729861320.0,6.220622213321755e-06,6.220622213321755e-06,6.220622213321755e-06,6.220622213321755e-06,0.0,0.0,0.0,0.0,0.08776458818264327,0.0
1729861380.0,6.220622213321755e-06,6.233969972790859e-06,6.220622213321755e-06,6.233969972790859e-06,0.641149588674624,3.992628328618144e-06,0.0021457273905043503,0.0,0.08776458818264327,0.0021457273905043503
1729861440.0,6.233969972790859e-06,6.233969972790859e-06,6.233969972790859e-06,6.233969972790859e-06,0.0,0.0,0.0,-1.0,0.0879529070634231,0.0
1729861500.0,6.233969972790859e-06,6.233969972790859e-06,6.233969972790859e-06,6.233969972790859e-06,0.0,0.0,0.0,0.0,0.0879529070634231,0.0
1729861560.0,6.233969972790859e-06,6.233969972790859e-06,6.233969972790859e-06,6.233969972790859e-06,0.0,0.0,0.0,0.0,0.0879529070634231,0.0
1729861620.0,6.233969972790859e-06,6.233969972790859e-06,6.233969972790859e-06,6.233969972790859e-06,0.0,0.0,0.0,0.0,0.0879529070634231,0.0
1729861680.0,6.233969972790859e-06,6.233969972790859e-06,6.233969972790859e-06,6.233969972790859e-06,0.0,0.0,0.0,0.0,0.0879529070634231,0.0
1729861740.0,6.233969972790859e-06,6.233969972790859e-06,6.233969972790859e-06,6.233969972790859e-06,0.0,0.0,0.0,0.0,0.0879529070634231,0.0
1729861800.0,6.233969972790859e-06,6.233969972790859e-06,6.233969972790859e-06,6.233969972790859e-06,0.0,0.0,0.0,0.0,0.0879529070634231,0.0
1729861860.0,6.233969972790859e-06,6.233969972790859e-06,6.233969972790859e-06,6.233969972790859e-06,0.0,0.0,0.0,0.0,0.0879529070634231,0.0
1729861920.0,6.233969972790859e-06,6.233969972790859e-06,6.233969972790859e-06,6.233969972790859e-06,0.0,0.0,0.0,0.0,0.0879529070634231,0.0
1729861980.0,6.233969972790859e-06,6.233969972790859e-06,6.233969972790859e-06,6.233969972790859e-06,0.0,0.0,0.0,0.0,0.0879529070634231,0.0
1729862040.0,6.233969972790859e-06,6.233969972790859e-06,6.233969972790859e-06,6.233969972790859e-06,0.0,0.0,0.0,0.0,0.0879529070634231,0.0
1729862100.0,6.233969972790859e-06,6.233969972790859e-06,6.233969972790859e-06,6.233969972790859e-06,0.0,0.0,0.0,0.0,0.0879529070634231,0.0
1729862160.0,6.233969972790859e-06,6.233969972790859e-06,6.2321666493607605e-06,6.2321666493607605e-06,0.5737353022325309,3.5761313312910907e-06,-0.0002892736792075785,0.0,0.0879529070634231,0.0002892736792075785
1729862220.0,6.2321666493607605e-06,6.2321666493607605e-06,6.2321666493607605e-06,6.2321666493607605e-06,0.0,0.0,0.0,-1.0,0.08792746460239986,0.0
1729862280.0,6.2321666493607605e-06,6.2321666493607605e-06,6.2321666493607605e-06,6.2321666493607605e-06,0.0,0.0,0.0,0.0,0.08792746460239986,0.0
1729862340.0,6.2321666493607605e-06,6.24343597724012e-06,6.2321666493607605e-06,6.24343597724012e-06,2.2712808438522516,1.4167798630655709e-05,0.0018082520114437982,0.0,0.08792746460239986,0.0018082520114437982
1729862400.0,6.24343597724012e-06,6.24343597724012e-06,6.24343597724012e-06,6.24343597724012e-06,0.0,0.0,0.0,-1.0,0.08808645961712831,0.0
1729862460.0,6.24343597724012e-06,6.24343597724012e-06,6.2336596184611e-06,6.2336596184611e-06,4.728404076637959,2.949837483965759e-05,-0.0015658619411905133,0.0,0.08808645961712831,0.0015658619411905133
1729862520.0,6.2336596184611e-06,6.2336596184611e-06,6.2336596184611e-06,6.2336596184611e-06,0.0,0.0,0.0,-1.0,0.08794852838247963,0.0
1729862580.0,6.2336596184611e-06,6.2336596184611e-06,6.2336596184611e-06,6.2336596184611e-06,0.0,0.0,0.0,0.0,0.08794852838247963,0.0
1729862640.0,6.2336596184611e-06,6.2336596184611e-06,6.2336596184611e-06,6.2336596184611e-06,0.0,0.0,0.0,0.0,0.08794852838247963,0.0
1729862700.0,6.2336596184611e-06,6.2336596184611e-06,6.2336596184611e-06,6.2336596184611e-06,0.0,0.0,0.0,0.0,0.08794852838247963,0.0
1729862760.0,6.2336596184611e-06,6.2336596184611e-06,6.221989112483046e-06,6.221989112483046e-06,3.592522359973933,2.2373598286948894e-05,-0.0018721756868937099,0.0,0.08794852838247963,0.0018721756868937099
1729862820.0,6.221989112483046e-06,6.221989112483046e-06,6.215241586316367e-06,6.215241586316367e-06,1.224750912586224,7.616254824199989e-06,-0.001084464476664196,-0.6595873973189753,0.08778387328594388,0.001084464476664196
1729862880.0,6.215241586316367e-06,6.215241586316367e-06,6.215241586316367e-06,6.215241586316367e-06,0.0,0.0,0.0,-1.0,0.08768867479374128,0.0
1729862940.0,6.215241586316367e-06,6.215241586316367e-06,6.213165211795672e-06,6.213165211795672e-06,0.2526209661222925,1.5698380663499656e-06,-0.00033407784586631303,0.0,0.08768867479374128,0.00033407784586631303
1729863000.0,6.213165211795672e-06,6.213165211795672e-06,6.213165211795672e-06,6.213165211795672e-06,0.0,0.0,0.0,-1.0,0.08765937995015931,0.0
1729863060.0,6.213165211795672e-06,6.213165211795672e-06,6.213165211795672e-06,6.213165211795672e-06,0.0,0.0,0.0,0.0,0.08765937995015931,0.0
1729863120.0,6.213165211795672e-06,6.213165211795672e-06,6.213165211795672e-06,6.213165211795672e-06,0.0,0.0,0.0,0.0,0.08765937995015931,0.0
1729863180.0,6.213165211795672e-06,6.213165211795672e-06,6.213165211795672e-06,6.213165211795672e-06,0.0,0.0,0.0,0.0,0.08765937995015931,0.0
1729863240.0,6.213165211795672e-06,6.213165211795672e-06,6.213165211795672e-06,6.213165211795672e-06,0.0,0.0,0.0,0.0,0.08765937995015931,0.0
1729863300.0,6.213165211795672e-06,6.213165211795672e-06,6.213165211795672e-06,6.213165211795672e-06,0.0,0.0,0.0,0.0,0.08765937995015931,0.0
1729863360.0,6.213165211795672e-06,6.213165211795672e-06,6.213165211795672e-06,6.213165211795672e-06,0.0,0.0,0.0,0.0,0.08765937995015931,0.0
1729863420.0,6.213165211795672e-06,6.213165211795672e-06,6.213165211795672e-06,6.213165211795672e-06,0.0,0.0,0.0,0.0,0.08765937995015931,0.0
1729863480.0,6.213165211795672e-06,6.213165211795672e-06,6.206124320937333e-06,6.206124320937333e-06,1.6277487447277548,1.0107741473658346e-05,-0.0011332212517013356,0.0,0.08765937995015931,0.0011332212517013356
1729863540.0,6.206124320937333e-06,6.206124320937333e-06,6.162671460428452e-06,6.162671460428452e-06,29.433774444344603,0.0001820301725884408,-0.007001609742538746,17.00898579201172,0.08756004247788883,0.007001609742538746
1729863600.0,6.162671460428452e-06,6.162671460428452e-06,6.162671460428452e-06,6.162671460428452e-06,0.0,0.0,0.0,-1.0,0.08694698123141853,0.0
1729863660.0,6.162671460428452e-06,6.162671460428452e-06,6.162671460428452e-06,6.162671460428452e-06,0.0,0.0,0.0,0.0,0.08694698123141853,0.0
1729863720.0,6.162671460428452e-06,6.162671460428452e-06,6.162671460428452e-06,6.162671460428452e-06,0.0,0.0,0.0,0.0,0.08694698123141853,0.0
1729863780.0,6.162671460428452e-06,6.162671460428452e-06,6.162671460428452e-06,6.162671460428452e-06,0.0,0.0,0.0,0.0,0.08694698123141853,0.0
1729863840.0,6.162671460428452e-06,6.162671460428452e-06,6.162671460428452e-06,6.162671460428452e-06,0.0,0.0,0.0,0.0,0.08694698123141853,0.0
1729863900.0,6.162671460428452e-06,6.162671460428452e-06,6.162671460428452e-06,6.162671460428452e-06,0.0,0.0,0.0,0.0,0.08694698123141853,0.0
1729863960.0,6.162671460428452e-06,6.162671460428452e-06,6.162671460428452e-06,6.162671460428452e-06,0.0,0.0,0.0,0.0,0.08694698123141853,0.0
1729864020.0,6.162671460428452e-06,6.162671460428452e-06,6.162671460428452e-06,6.162671460428452e-06,0.0,0.0,0.0,0.0,0.08694698123141853,0.0
1729864080.0,6.162671460428452e-06,6.162671460428452e-06,6.162671460428452e-06,6.162671460428452e-06,0.0,0.0,0.0,0.0,0.08694698123141853,0.0
1729864140.0,6.162671460428452e-06,6.162671460428452e-06,6.162671460428452e-06,6.162671460428452e-06,0.0,0.0,0.0,0.0,0.08694698123141853,0.0
1729864200.0,6.162671460428452e-06,6.162671460428452e-06,6.094532407503656e-06,6.094532407503656e-06,7.669516604962006,4.700341429775491e-05,-0.01105673949395615,0.0,0.08694698123141853,0.01105673949395615
1729864260.0,6.094532407503656e-06,6.094532407503656e-06,6.094532407503656e-06,6.094532407503656e-06,0.0,0.0,0.0,-1.0,0.08598563111015685,0.0
1729864320.0,6.094532407503656e-06,6.094532407503656e-06,6.094532407503656e-06,6.094532407503656e-06,0.0,0.0,0.0,0.0,0.08598563111015685,0.0
1729864380.0,6.094532407503656e-06,6.094532407503656e-06,6.094532407503656e-06,6.094532407503656e-06,0.0,0.0,0.0,0.0,0.08598563111015685,0.0
1729864440.0,6.094532407503656e-06,6.094532407503656e-06,6.094532407503656e-06,6.094532407503656e-06,0.0,0.0,0.0,0.0,0.08598563111015685,0.0
1729864500.0,6.094532407503656e-06,6.094532407503656e-06,6.094532407503656e-06,6.094532407503656e-06,0.0,0.0,0.0,0.0,0.08598563111015685,0.0
1729864560.0,6.094532407503656e-06,6.094532407503656e-06,6.094532407503656e-06,6.094532407503656e-06,0.0,0.0,0.0,0.0,0.08598563111015685,0.0
1729864620.0,6.094532407503656e-06,6.094532407503656e-06,6.094532407503656e-06,6.094532407503656e-06,0.0,0.0,0.0,0.0,0.08598563111015685,0.0
1729864680.0,6.094532407503656e-06,6.094532407503656e-06,6.094532407503656e-06,6.094532407503656e-06,0.0,0.0,0.0,0.0,0.08598563111015685,0.0
1729864740.0,6.094532407503656e-06,6.094532407503656e-06,6.094532407503656e-06,6.094532407503656e-06,0.0,0.0,0.0,0.0,0.08598563111015685,0.0
1729864800.0,6.094532407503656e-06,6.094532407503656e-06,6.094532407503656e-06,6.094532407503656e-06,0.0,0.0,0.0,0.0,0.08598563111015685,0.0
1729864860.0,6.094532407503656e-06,6.094532407503656e-06,6.094532407503656e-06,6.094532407503656e-06,0.0,0.0,0.0,0.0,0.08598563111015685,0.0
1729864920.0,6.094532407503656e-06,6.094532407503656e-06,6.094532407503656e-06,6.094532407503656e-06,0.0,0.0,0.0,0.0,0.08598563111015685,0.0
1729864980.0,6.094532407503656e-06,6.094532407503656e-06,6.094532407503656e-06,6.094532407503656e-06,0.0,0.0,0.0,0.0,0.08598563111015685,0.0
1729865040.0,6.094532407503656e-06,6.094532407503656e-06,6.094532407503656e-06,6.094532407503656e-06,0.0,0.0,0.0,0.0,0.08598563111015685,0.0
1729865100.0,6.094532407503656e-06,6.094532407503656e-06,6.094532407503656e-06,6.094532407503656e-06,0.0,0.0,0.0,0.0,0.08598563111015685,0.0
1729865160.0,6.094532407503656e-06,6.094532407503656e-06,6.094532407503656e-06,6.094532407503656e-06,0.0,0.0,0.0,0.0,0.08598563111015685,0.0
1729865220.0,6.094532407503656e-06,6.094532407503656e-06,6.094532407503656e-06,6.094532407503656e-06,0.0,0.0,0.0,0.0,0.08598563111015685,0.0
1729865280.0,6.094532407503656e-06,6.094532407503656e-06,6.094532407503656e-06,6.094532407503656e-06,0.0,0.0,0.0,0.0,0.08598563111015685,0.0
1729865340.0,6.094532407503656e-06,6.094532407503656e-06,6.094532407503656e-06,6.094532407503656e-06,0.0,0.0,0.0,0.0,0.08598563111015685,0.0
1729865400.0,6.094532407503656e-06,6.1529094022748436e-06,6.094532407503656e-06,6.148466668631032e-06,6.515718202511728,3.988596596685253e-05,0.008849614297065943,0.0,0.08598563111015685,0.009578584683430843
1729865460.0,6.148466668631032e-06,6.148466668631032e-06,6.148466668631032e-06,6.148466668631032e-06,0.0,0.0,0.0,-1.0,0.08674657078057153,0.0
1729865520.0,6.148466668631032e-06,6.148466668631032e-06,6.148466668631032e-06,6.148466668631032e-06,0.0,0.0,0.0,0.0,0.08674657078057153,0.0
1729865580.0,6.148466668631032e-06,6.148466668631032e-06,6.148466668631032e-06,6.148466668631032e-06,0.0,0.0,0.0,0.0,0.08674657078057153,0.0
1729865640.0,6.148466668631032e-06,6.148466668631032e-06,6.148466668631032e-06,6.148466668631032e-06,0.0,0.0,0.0,0.0,0.08674657078057153,0.0
1729865700.0,6.148466668631032e-06,6.148466668631032e-06,6.148466668631032e-06,6.148466668631032e-06,0.0,0.0,0.0,0.0,0.08674657078057153,0.0
1729865760.0,6.148466668631032e-06,6.148466668631032e-06,6.148466668631032e-06,6.148466668631032e-06,0.0,0.0,0.0,0.0,0.08674657078057153,0.0
1729865820.0,6.148466668631032e-06,6.148466668631032e-06,6.148466668631032e-06,6.148466668631032e-06,0.0,0.0,0.0,0.0,0.08674657078057153,0.0
1729865880.0,6.148466668631032e-06,6.148466668631032e-06,6.148466668631032e-06,6.148466668631032e-06,0.0,0.0,0.0,0.0,0.08674657078057153,0.0
1729865940.0,6.148466668631032e-06,6.148466668631032e-06,6.148466668631032e-06,6.148466668631032e-06,0.0,0.0,0.0,0.0,0.08674657078057153,0.0
1729866000.0,6.148466668631032e-06,6.148466668631032e-06,6.148466668631032e-06,6.148466668631032e-06,0.0,0.0,0.0,0.0,0.08674657078057153,0.0
1729866060.0,6.148466668631032e-06,6.148466668631032e-06,6.148466668631032e-06,6.148466668631032e-06,0.0,0.0,0.0,0.0,0.08674657078057153,0.0
1729866120.0,6.148466668631032e-06,6.148466668631032e-06,6.148466668631032e-06,6.148466668631032e-06,0.0,0.0,0.0,0.0,0.08674657078057153,0.0
1729866180.0,6.148466668631032e-06,6.148466668631032e-06,6.146176155350857e-06,6.146176155350857e-06,1.6977802019417632,1.043680058825091e-05,-0.0003725340647712029,0.0,0.08674657078057153,0.0003725340647712029
1729866240.0,6.146176155350857e-06,6.146176155350857e-06,6.142638791239765e-06,6.142638791239765e-06,0.8170058029295899,5.020016561246208e-06,-0.0005755390053395426,-0.5190080984303346,0.08671425472795367,0.0005755390053395426
1729866300.0,6.142638791239765e-06,6.142638791239765e-06,6.142638791239765e-06,6.142638791239765e-06,0.0,0.0,0.0,-1.0,0.08666434729203878,0.0
1729866360.0,6.142638791239765e-06,6.142638791239765e-06,6.142638791239765e-06,6.142638791239765e-06,0.0,0.0,0.0,0.0,0.08666434729203878,0.0
1729866420.0,6.142638791239765e-06,6.142638791239765e-06,6.142638791239765e-06,6.142638791239765e-06,0.0,0.0,0.0,0.0,0.08666434729203878,0.0
1729866480.0,6.142638791239765e-06,6.181694689051952e-06,6.142638791239765e-06,6.181694689051952e-06,3.9451511823441736,2.4310679400688377e-05,0.006358162857937613,0.0,0.08666434729203878,0.006358162857937613
1729866540.0,6.181694689051952e-06,6.181694689051952e-06,6.181694689051952e-06,6.181694689051952e-06,0.0,0.0,0.0,-1.0,0.08721537332609844,0.0
1729866600.0,6.181694689051952e-06,6.181694689051952e-06,6.181694689051952e-06,6.181694689051952e-06,0.0,0.0,0.0,0.0,0.08721537332609844,0.0
1729866660.0,6.181694689051952e-06,6.181694689051952e-06,6.181694689051952e-06,6.181694689051952e-06,0.0,0.0,0.0,0.0,0.08721537332609844,0.0
1729866720.0,6.181694689051952e-06,6.181694689051952e-06,6.181694689051952e-06,6.181694689051952e-06,0.0,0.0,0.0,0.0,0.08721537332609844,0.0
1729866780.0,6.181694689051952e-06,6.181694689051952e-06,6.181694689051952e-06,6.181694689051952e-06,0.0,0.0,0.0,0.0,0.08721537332609844,0.0
1729866840.0,6.181694689051952e-06,6.181694689051952e-06,6.164275549319547e-06,6.164275549319547e-06,5.242434939823203,3.236147287182807e-05,-0.0028178583072462292,0.0,0.08721537332609844,0.0028178583072462292
1729866900.0,6.164275549319547e-06,6.164275549319547e-06,6.164275549319547e-06,6.164275549319547e-06,0.0,0.0,0.0,-1.0,0.08696961276185192,0.0
1729866960.0,6.164275549319547e-06,6.164275549319547e-06,6.164275549319547e-06,6.164275549319547e-06,0.0,0.0,0.0,0.0,0.08696961276185192,0.0
1729867020.0,6.164275549319547e-06,6.164275549319547e-06,6.164275549319547e-06,6.164275549319547e-06,0.0,0.0,0.0,0.0,0.08696961276185192,0.0
1729867080.0,6.164275549319547e-06,6.164275549319547e-06,6.164275549319547e-06,6.164275549319547e-06,0.0,0.0,0.0,0.0,0.08696961276185192,0.0
1729867140.0,6.164275549319547e-06,6.164275549319547e-06,6.109508055776315e-06,6.109508055776315e-06,18.38720275780057,0.00011284027387613303,-0.008884660185133663,0.0,0.08696961276185192,0.008884660185133663
1729867200.0,6.109508055776315e-06,6.109508055776315e-06,6.109508055776315e-06,6.109508055776315e-06,0.0,0.0,0.0,-1.0,0.0861969173060302,0.0
1729867260.0,6.109508055776315e-06,6.109508055776315e-06,6.109508055776315e-06,6.109508055776315e-06,0.0,0.0,0.0,0.0,0.0861969173060302,0.0
1729867320.0,6.109508055776315e-06,6.109508055776315e-06,6.109508055776315e-06,6.109508055776315e-06,0.0,0.0,0.0,0.0,0.0861969173060302,0.0
1729867380.0,6.109508055776315e-06,6.109508055776315e-06,6.109508055776315e-06,6.109508055776315e-06,0.0,0.0,0.0,0.0,0.0861969173060302,0.0
1729867440.0,6.109508055776315e-06,6.109508055776315e-06,6.109508055776315e-06,6.109508055776315e-06,0.0,0.0,0.0,0.0,0.0861969173060302,0.0
1729867500.0,6.109508055776315e-06,6.109508055776315e-06,6.109508055776315e-06,6.109508055776315e-06,0.0,0.0,0.0,0.0,0.0861969173060302,0.0
1729867560.0,6.109508055776315e-06,6.109508055776315e-06,6.109508055776315e-06,6.109508055776315e-06,0.0,0.0,0.0,0.0,0.0861969173060302,0.0
1729867620.0,6.109508055776315e-06,6.109508055776315e-06,6.109508055776315e-06,6.109508055776315e-06,0.0,0.0,0.0,0.0,0.0861969173060302,0.0
1729867680.0,6.109508055776315e-06,6.109508055776315e-06,6.0228107420095354e-06,6.0228107420095354e-06,23.38073755321704,0.0001418312808614963,-0.014190555602068528,0.0,0.0861969173060302,0.014190555602068528
1729867740.0,6.0228107420095354e-06,6.0228107420095354e-06,6.0228107420095354e-06,6.0228107420095354e-06,0.0,0.0,0.0,-1.0,0.08497373515827207,0.0
1729867800.0,6.0228107420095354e-06,6.0228107420095354e-06,6.0228107420095354e-06,6.0228107420095354e-06,0.0,0.0,0.0,0.0,0.08497373515827207,0.0
1729867860.0,6.0228107420095354e-06,6.0228107420095354e-06,6.0228107420095354e-06,6.0228107420095354e-06,0.0,0.0,0.0,0.0,0.08497373515827207,0.0
1729867920.0,6.0228107420095354e-06,6.0228107420095354e-06,6.0228107420095354e-06,6.0228107420095354e-06,0.0,0.0,0.0,0.0,0.08497373515827207,0.0
1729867980.0,6.0228107420095354e-06,6.0228107420095354e-06,6.0228107420095354e-06,6.0228107420095354e-06,0.0,0.0,0.0,0.0,0.08497373515827207,0.0
1729868040.0,6.0228107420095354e-06,6.0228107420095354e-06,6.0228107420095354e-06,6.0228107420095354e-06,0.0,0.0,0.0,0.0,0.08497373515827207,0.0
1729868100.0,6.0228107420095354e-06,6.0228107420095354e-06,6.0228107420095354e-06,6.0228107420095354e-06,0.0,0.0,0.0,0.0,0.08497373515827207,0.0
1729868160.0,6.0228107420095354e-06,6.0228107420095354e-06,6.0228107420095354e-06,6.0228107420095354e-06,0.0,0.0,0.0,0.0,0.08497373515827207,0.0
1729868220.0,6.0228107420095354e-06,6.0228107420095354e-06,6.00521650527618e-06,6.00521650527618e-06,0.4222833924596056,2.5396180752901916e-06,-0.0029212667452148972,0.0,0.08497373515827207,0.0029212667452148972
1729868280.0,6.00521650527618e-06,6.00521650527618e-06,6.00521650527618e-06,6.00521650527618e-06,0.0,0.0,0.0,-1.0,0.08472550421153752,0.0
1729868340.0,6.00521650527618e-06,6.00521650527618e-06,6.002882412373731e-06,6.002882412373731e-06,0.6365680229644838,3.8219858937851804e-06,-0.000388677560650484,0.0,0.08472550421153752,0.000388677560650484
1729868400.0,6.002882412373731e-06,6.002882412373731e-06,6.002882412373731e-06,6.002882412373731e-06,0.0,0.0,0.0,-1.0,0.08469257330923569,0.0
1729868460.0,6.002882412373731e-06,6.002882412373731e-06,6.002882412373731e-06,6.002882412373731e-06,0.0,0.0,0.0,0.0,0.08469257330923569,0.0
1729868520.0,6.002882412373731e-06,6.002882412373731e-06,6.002882412373731e-06,6.002882412373731e-06,0.0,0.0,0.0,0.0,0.08469257330923569,0.0
1729868580.0,6.002882412373731e-06,6.002882412373731e-06,6.002882412373731e-06,6.002882412373731e-06,0.0,0.0,0.0,0.0,0.08469257330923569,0.0
1729868640.0,6.002882412373731e-06,6.010531188901306e-06,6.002882412373731e-06,6.010531188901306e-06,0.3061616155214508,1.839023058046868e-06,0.0012741839673235207,0.0,0.08469257330923569,0.0012741839673235207
1729868700.0,6.010531188901306e-06,6.010531188901306e-06,6.010531188901306e-06,6.010531188901306e-06,0.0,0.0,0.0,-1.0,0.0848004872282977,0.0
1729868760.0,6.010531188901306e-06,6.010531188901306e-06,6.010531188901306e-06,6.010531188901306e-06,0.0,0.0,0.0,0.0,0.0848004872282977,0.0
1729868820.0,6.010531188901306e-06,6.010531188901306e-06,6.010531188901306e-06,6.010531188901306e-06,0.0,0.0,0.0,0.0,0.0848004872282977,0.0
1729868880.0,6.010531188901306e-06,6.010531188901306e-06,6.010531188901306e-06,6.010531188901306e-06,0.0,0.0,0.0,0.0,0.0848004872282977,0.0
1729868940.0,6.010531188901306e-06,6.010531188901306e-06,6.010531188901306e-06,6.010531188901306e-06,0.0,0.0,0.0,0.0,0.0848004872282977,0.0
1729869000.0,6.010531188901306e-06,6.010531188901306e-06,6.010531188901306e-06,6.010531188901306e-06,0.0,0.0,0.0,0.0,0.0848004872282977,0.0
1729869060.0,6.010531188901306e-06,6.010531188901306e-06,6.010531188901306e-06,6.010531188901306e-06,0.0,0.0,0.0,0.0,0.0848004872282977,0.0
1729869120.0,6.010531188901306e-06,6.010531188901306e-06,6.010531188901306e-06,6.010531188901306e-06,0.0,0.0,0.0,0.0,0.0848004872282977,0.0
1729869180.0,6.010531188901306e-06,6.010531188901306e-06,6.010531188901306e-06,6.010531188901306e-06,0.0,0.0,0.0,0.0,0.0848004872282977,0.0
1729869240.0,6.010531188901306e-06,6.010531188901306e-06,6.010531188901306e-06,6.010531188901306e-06,0.0,0.0,0.0,0.0,0.0848004872282977,0.0
1729869300.0,6.010531188901306e-06,6.010531188901306e-06,6.010531188901306e-06,6.010531188901306e-06,0.0,0.0,0.0,0.0,0.0848004872282977,0.0
1729869360.0,6.010531188901306e-06,6.010531188901306e-06,6.010531188901306e-06,6.010531188901306e-06,0.0,0.0,0.0,0.0,0.0848004872282977,0.0
1729869420.0,6.010531188901306e-06,6.010531188901306e-06,6.010531188901306e-06,6.010531188901306e-06,0.0,0.0,0.0,0.0,0.0848004872282977,0.0
1729869480.0,6.010531188901306e-06,6.010531188901306e-06,6.010531188901306e-06,6.010531188901306e-06,0.0,0.0,0.0,0.0,0.0848004872282977,0.0
1729869540.0,6.010531188901306e-06,6.022863357861896e-06,6.010531188901306e-06,6.022863357861896e-06,0.3025893204989026,1.8205883396001387e-06,0.002051760247640332,0.0,0.0848004872282977,0.002051760247640332
1729869600.0,6.022863357861896e-06,6.022863357861896e-06,6.0181437402732205e-06,6.0181437402732205e-06,2.8260290203935954,1.701411774704756e-05,-0.0007836169124632301,8.345395319177108,0.08497447749697325,0.0007836169124632301
1729869660.0,6.0181437402732205e-06,6.0181437402732205e-06,6.0181437402732205e-06,6.0181437402732205e-06,0.0,0.0,0.0,-1.0,0.08490789005927889,0.0
1729869720.0,6.0181437402732205e-06,6.0181437402732205e-06,6.0181437402732205e-06,6.0181437402732205e-06,0.0,0.0,0.0,0.0,0.08490789005927889,0.0
1729869780.0,6.0181437402732205e-06,6.0181437402732205e-06,6.0181437402732205e-06,6.0181437402732205e-06,0.0,0.0,0.0,0.0,0.08490789005927889,0.0
1729869840.0,6.0181437402732205e-06,6.0181437402732205e-06,5.996145617337181e-06,5.996145617337181e-06,2.9164913042814873,1.7519785219296176e-05,-0.0036553003526368123,0.0,0.08490789005927889,0.0036553003526368123
1729869900.0,5.996145617337181e-06,5.996145617337181e-06,5.996145617337181e-06,5.996145617337181e-06,0.0,0.0,0.0,-1.0,0.08459752621880355,0.0
1729869960.0,5.996145617337181e-06,5.996145617337181e-06,5.996145617337181e-06,5.996145617337181e-06,0.0,0.0,0.0,0.0,0.08459752621880355,0.0
1729870020.0,5.996145617337181e-06,5.996145617337181e-06,5.996145617337181e-06,5.996145617337181e-06,0.0,0.0,0.0,0.0,0.08459752621880355,0.0
1729870080.0,5.996145617337181e-06,5.996145617337181e-06,5.996145617337181e-06,5.996145617337181e-06,0.0,0.0,0.0,0.0,0.08459752621880355,0.0
1729870140.0,5.996145617337181e-06,6.656326063461027e-06,5.996145617337181e-06,6.656326063461027e-06,354.8370366335449,0.0022447827786521413,0.11010080279154803,0.0,0.08459752621880355,0.11010080279154803
1729870200.0,6.656326063461027e-06,6.656326063461027e-06,6.656326063461027e-06,6.656326063461027e-06,0.0,0.0,0.0,-1.0,0.09391178176967287,0.0
1729870260.0,6.656326063461027e-06,6.656326063461027e-06,6.656326063461027e-06,6.656326063461027e-06,0.0,0.0,0.0,0.0,0.09391178176967287,0.0
1729870320.0,6.656326063461027e-06,6.656326063461027e-06,6.656326063461027e-06,6.656326063461027e-06,0.0,0.0,0.0,0.0,0.09391178176967287,0.0
1729870380.0,6.656326063461027e-06,6.656326063461027e-06,6.656326063461027e-06,6.656326063461027e-06,0.0,0.0,0.0,0.0,0.09391178176967287,0.0
1729870440.0,6.656326063461027e-06,6.656326063461027e-06,6.656326063461027e-06,6.656326063461027e-06,0.0,0.0,0.0,0.0,0.09391178176967287,0.0
1729870500.0,6.656326063461027e-06,6.656326063461027e-06,6.656326063461027e-06,6.656326063461027e-06,0.0,0.0,0.0,0.0,0.09391178176967287,0.0
1729870560.0,6.656326063461027e-06,6.656326063461027e-06,6.656326063461027e-06,6.656326063461027e-06,0.0,0.0,0.0,0.0,0.09391178176967287,0.0
1729870620.0,6.656326063461027e-06,6.656326063461027e-06,6.656326063461027e-06,6.656326063461027e-06,0.0,0.0,0.0,0.0,0.09391178176967287,0.0
1729870680.0,6.656326063461027e-06,6.656326063461027e-06,6.656326063461027e-06,6.656326063461027e-06,0.0,0.0,0.0,0.0,0.09391178176967287,0.0
1729870740.0,6.656326063461027e-06,6.656326063461027e-06,6.656326063461027e-06,6.656326063461027e-06,0.0,0.0,0.0,0.0,0.09391178176967287,0.0
1729870800.0,6.656326063461027e-06,6.656326063461027e-06,6.656326063461027e-06,6.656326063461027e-06,0.0,0.0,0.0,0.0,0.09391178176967287,0.0
1729870860.0,6.656326063461027e-06,6.656326063461027e-06,6.617382064120882e-06,6.617382064120882e-06,68.88877213352933,0.00045720472728398315,-0.005850674827052442,0.0,0.09391178176967287,0.005850674827052442
1729870920.0,6.617382064120882e-06,6.617382064120882e-06,6.617382064120882e-06,6.617382064120882e-06,0.0,0.0,0.0,-1.0,0.0933623344721094,0.0
1729870980.0,6.617382064120882e-06,6.617382064120882e-06,6.617382064120882e-06,6.617382064120882e-06,0.0,0.0,0.0,0.0,0.0933623344721094,0.0
1729871040.0,6.617382064120882e-06,6.617382064120882e-06,6.617382064120882e-06,6.617382064120882e-06,0.0,0.0,0.0,0.0,0.0933623344721094,0.0
1729871100.0,6.617382064120882e-06,6.617382064120882e-06,6.617382064120882e-06,6.617382064120882e-06,0.0,0.0,0.0,0.0,0.0933623344721094,0.0
1729871160.0,6.617382064120882e-06,6.617382064120882e-06,6.617382064120882e-06,6.617382064120882e-06,0.0,0.0,0.0,0.0,0.0933623344721094,0.0
1729871220.0,6.617382064120882e-06,6.617382064120882e-06,6.617382064120882e-06,6.617382064120882e-06,0.0,0.0,0.0,0.0,0.0933623344721094,0.0
1729871280.0,6.617382064120882e-06,6.617382064120882e-06,6.617382064120882e-06,6.617382064120882e-06,0.0,0.0,0.0,0.0,0.0933623344721094,0.0
1729871340.0,6.617382064120882e-06,6.617382064120882e-06,6.617382064120882e-06,6.617382064120882e-06,0.0,0.0,0.0,0.0,0.0933623344721094,0.0
1729871400.0,6.617382064120882e-06,6.617382064120882e-06,6.617382064120882e-06,6.617382064120882e-06,0.0,0.0,0.0,0.0,0.0933623344721094,0.0
1729871460.0,6.617382064120882e-06,6.617382064120882e-06,6.617382064120882e-06,6.617382064120882e-06,0.0,0.0,0.0,0.0,0.0933623344721094,0.0
1729871520.0,6.617382064120882e-06,6.617382064120882e-06,6.617382064120882e-06,6.617382064120882e-06,0.0,0.0,0.0,0.0,0.0933623344721094,0.0
1729871580.0,6.617382064120882e-06,6.617382064120882e-06,6.617382064120882e-06,6.617382064120882e-06,0.0,0.0,0.0,0.0,0.0933623344721094,0.0
1729871640.0,6.617382064120882e-06,6.617382064120882e-06,6.617382064120882e-06,6.617382064120882e-06,0.0,0.0,0.0,0.0,0.0933623344721094,0.0
1729871700.0,6.617382064120882e-06,6.617382064120882e-06,6.617382064120882e-06,6.617382064120882e-06,0.0,0.0,0.0,0.0,0.0933623344721094,0.0
1729871760.0,6.617382064120882e-06,6.617382064120882e-06,6.617382064120882e-06,6.617382064120882e-06,0.0,0.0,0.0,0.0,0.0933623344721094,0.0
1729871820.0,6.617382064120882e-06,6.617382064120882e-06,6.617382064120882e-06,6.617382064120882e-06,0.0,0.0,0.0,0.0,0.0933623344721094,0.0
1729871880.0,6.617382064120882e-06,6.617382064120882e-06,6.617382064120882e-06,6.617382064120882e-06,0.0,0.0,0.0,0.0,0.0933623344721094,0.0
1729871940.0,6.617382064120882e-06,6.617382064120882e-06,6.617382064120882e-06,6.617382064120882e-06,0.0,0.0,0.0,0.0,0.0933623344721094,0.0
1729872000.0,6.617382064120882e-06,6.617382064120882e-06,6.617382064120882e-06,6.617382064120882e-06,0.0,0.0,0.0,0.0,0.0933623344721094,0.0
1729872060.0,6.617382064120882e-06,6.617382064120882e-06,6.617382064120882e-06,6.617382064120882e-06,0.0,0.0,0.0,0.0,0.0933623344721094,0.0
1729872120.0,6.617382064120882e-06,6.617382064120882e-06,6.617382064120882e-06,6.617382064120882e-06,0.0,0.0,0.0,0.0,0.0933623344721094,0.0
1729872180.0,6.617382064120882e-06,6.6188861443088096e-06,6.617382064120882e-06,6.6188861443088096e-06,0.8066931199178177,5.338803248563586e-06,0.00022729233001103483,0.0,0.0933623344721094,0.00022729233001103483
1729872240.0,6.6188861443088096e-06,6.6188861443088096e-06,6.6188861443088096e-06,6.6188861443088096e-06,0.0,0.0,0.0,-1.0,0.09338355501464683,0.0
1729872300.0,6.6188861443088096e-06,6.6188861443088096e-06,6.6188861443088096e-06,6.6188861443088096e-06,0.0,0.0,0.0,0.0,0.09338355501464683,0.0
1729872360.0,6.6188861443088096e-06,6.6188861443088096e-06,6.6188861443088096e-06,6.6188861443088096e-06,0.0,0.0,0.0,0.0,0.09338355501464683,0.0
1729872420.0,6.6188861443088096e-06,6.6188861443088096e-06,6.6188861443088096e-06,6.6188861443088096e-06,0.0,0.0,0.0,0.0,0.09338355501464683,0.0
1729872480.0,6.6188861443088096e-06,6.6188861443088096e-06,6.6188861443088096e-06,6.6188861443088096e-06,0.0,0.0,0.0,0.0,0.09338355501464683,0.0
1729872540.0,6.6188861443088096e-06,6.743022370864304e-06,6.6188861443088096e-06,6.743022370864304e-06,82.83562597177517,0.0005534210280159789,0.018754851473345244,0.0,0.09338355501464683,0.018754851473345244
1729872600.0,6.743022370864304e-06,6.743022370864304e-06,6.743022370864304e-06,6.743022370864304e-06,0.0,0.0,0.0,-1.0,0.0951349497189995,0.0
1729872660.0,6.743022370864304e-06,6.743022370864304e-06,6.743022370864304e-06,6.743022370864304e-06,0.0,0.0,0.0,0.0,0.0951349497189995,0.0
1729872720.0,6.743022370864304e-06,6.743022370864304e-06,6.743022370864304e-06,6.743022370864304e-06,0.0,0.0,0.0,0.0,0.0951349497189995,0.0
1729872780.0,6.743022370864304e-06,6.743022370864304e-06,6.743022370864304e-06,6.743022370864304e-06,0.0,0.0,0.0,0.0,0.0951349497189995,0.0
1729872840.0,6.743022370864304e-06,6.743022370864304e-06,6.743022370864304e-06,6.743022370864304e-06,0.0,0.0,0.0,0.0,0.0951349497189995,0.0
1729872900.0,6.743022370864304e-06,6.743022370864304e-06,6.743022370864304e-06,6.743022370864304e-06,0.0,0.0,0.0,0.0,0.0951349497189995,0.0
1729872960.0,6.743022370864304e-06,6.743022370864304e-06,6.743022370864304e-06,6.743022370864304e-06,0.0,0.0,0.0,0.0,0.0951349497189995,0.0
1729873020.0,6.743022370864304e-06,6.743022370864304e-06,6.743022370864304e-06,6.743022370864304e-06,0.0,0.0,0.0,0.0,0.0951349497189995,0.0
1729873080.0,6.743022370864304e-06,6.743022370864304e-06,6.743022370864304e-06,6.743022370864304e-06,0.0,0.0,0.0,0.0,0.0951349497189995,0.0
1729873140.0,6.743022370864304e-06,6.743022370864304e-06,6.743022370864304e-06,6.743022370864304e-06,0.0,0.0,0.0,0.0,0.0951349497189995,0.0
1729873200.0,6.743022370864304e-06,6.743022370864304e-06,6.743022370864304e-06,6.743022370864304e-06,0.0,0.0,0.0,0.0,0.0951349497189995,0.0
1729873260.0,6.743022370864304e-06,6.848942588270823e-06,6.743022370864304e-06,6.848942588270823e-06,26.48583174411032,0.00017999724848974816,0.015708121904531448,0.0,0.0951349497189995,0.015708121904531448
1729873320.0,6.848942588270823e-06,6.848942588270823e-06,6.848942588270823e-06,6.848942588270823e-06,0.0,0.0,0.0,-1.0,0.09662934110656701,0.0
1729873380.0,6.848942588270823e-06,6.848942588270823e-06,6.848942588270823e-06,6.848942588270823e-06,0.0,0.0,0.0,0.0,0.09662934110656701,0.0
1729873440.0,6.848942588270823e-06,6.848942588270823e-06,6.848942588270823e-06,6.848942588270823e-06,0.0,0.0,0.0,0.0,0.09662934110656701,0.0
1729873500.0,6.848942588270823e-06,6.848942588270823e-06,6.848942588270823e-06,6.848942588270823e-06,0.0,0.0,0.0,0.0,0.09662934110656701,0.0
1729873560.0,6.848942588270823e-06,6.848942588270823e-06,6.848942588270823e-06,6.848942588270823e-06,0.0,0.0,0.0,0.0,0.09662934110656701,0.0
1729873620.0,6.848942588270823e-06,6.848942588270823e-06,6.848942588270823e-06,6.848942588270823e-06,0.0,0.0,0.0,0.0,0.09662934110656701,0.0
1729873680.0,6.848942588270823e-06,6.848942588270823e-06,6.848942588270823e-06,6.848942588270823e-06,0.0,0.0,0.0,0.0,0.09662934110656701,0.0
1729873740.0,6.848942588270823e-06,6.848942588270823e-06,6.848942588270823e-06,6.848942588270823e-06,0.0,0.0,0.0,0.0,0.09662934110656701,0.0
1729873800.0,6.848942588270823e-06,6.848942588270823e-06,6.848942588270823e-06,6.848942588270823e-06,0.0,0.0,0.0,0.0,0.09662934110656701,0.0
1729873860.0,6.848942588270823e-06,6.848942588270823e-06,6.751476311694888e-06,6.751476311694888e-06,0.0001699688077325,1.1558234925448655e-09,-0.014230850283787096,0.0,0.09662934110656701,0.014230850283787096
1729873920.0,6.751476311694888e-06,6.751476311694888e-06,6.751476311694888e-06,6.751476311694888e-06,0.0,0.0,0.0,-1.0,0.09525422342025847,0.0
1729873980.0,6.751476311694888e-06,6.751476311694888e-06,6.751476311694888e-06,6.751476311694888e-06,0.0,0.0,0.0,0.0,0.09525422342025847,0.0
1729874040.0,6.751476311694888e-06,6.751476311694888e-06,6.751476311694888e-06,6.751476311694888e-06,0.0,0.0,0.0,0.0,0.09525422342025847,0.0
1729874100.0,6.751476311694888e-06,6.751476311694888e-06,6.751476311694888e-06,6.751476311694888e-06,0.0,0.0,0.0,0.0,0.09525422342025847,0.0
1729874160.0,6.751476311694888e-06,6.751476311694888e-06,6.751476311694888e-06,6.751476311694888e-06,0.0,0.0,0.0,0.0,0.09525422342025847,0.0
1729874220.0,6.751476311694888e-06,6.751476311694888e-06,6.751476311694888e-06,6.751476311694888e-06,0.0,0.0,0.0,0.0,0.09525422342025847,0.0
1729874280.0,6.751476311694888e-06,6.751476311694888e-06,6.751476311694888e-06,6.751476311694888e-06,0.0,0.0,0.0,0.0,0.09525422342025847,0.0
1729874340.0,6.751476311694888e-06,6.751476311694888e-06,6.751476311694888e-06,6.751476311694888e-06,0.0,0.0,0.0,0.0,0.09525422342025847,0.0
1729874400.0,6.751476311694888e-06,6.751476311694888e-06,6.751476311694888e-06,6.751476311694888e-06,0.0,0.0,0.0,0.0,0.09525422342025847,0.0
1729874460.0,6.751476311694888e-06,6.751476311694888e-06,6.751476311694888e-06,6.751476311694888e-06,0.0,0.0,0.0,0.0,0.09525422342025847,0.0
1729874520.0,6.751476311694888e-06,6.751476311694888e-06,6.751476311694888e-06,6.751476311694888e-06,0.0,0.0,0.0,0.0,0.09525422342025847,0.0
1729874580.0,6.751476311694888e-06,6.751476311694888e-06,6.751476311694888e-06,6.751476311694888e-06,0.0,0.0,0.0,0.0,0.09525422342025847,0.0
1729874640.0,6.751476311694888e-06,6.751476311694888e-06,6.751476311694888e-06,6.751476311694888e-06,0.0,0.0,0.0,0.0,0.09525422342025847,0.0
1729874700.0,6.751476311694888e-06,6.751476311694888e-06,6.751476311694888e-06,6.751476311694888e-06,0.0,0.0,0.0,0.0,0.09525422342025847,0.0
1729874760.0,6.751476311694888e-06,6.751476311694888e-06,6.751476311694888e-06,6.751476311694888e-06,0.0,0.0,0.0,0.0,0.09525422342025847,0.0
1729874820.0,6.751476311694888e-06,6.751476311694888e-06,6.751476311694888e-06,6.751476311694888e-06,0.0,0.0,0.0,0.0,0.09525422342025847,0.0
1729874880.0,6.751476311694888e-06,6.751476311694888e-06,6.751476311694888e-06,6.751476311694888e-06,0.0,0.0,0.0,0.0,0.09525422342025847,0.0
1729874940.0,6.751476311694888e-06,6.751476311694888e-06,6.751476311694888e-06,6.751476311694888e-06,0.0,0.0,0.0,0.0,0.09525422342025847,0.0
1729875000.0,6.751476311694888e-06,6.751476311694888e-06,6.751476311694888e-06,6.751476311694888e-06,0.0,0.0,0.0,0.0,0.09525422342025847,0.0
1729875060.0,6.751476311694888e-06,6.751476311694888e-06,6.751476311694888e-06,6.751476311694888e-06,0.0,0.0,0.0,0.0,0.09525422342025847,0.0
1729875120.0,6.751476311694888e-06,6.751476311694888e-06,6.751476311694888e-06,6.751476311694888e-06,0.0,0.0,0.0,0.0,0.09525422342025847,0.0
1729875180.0,6.751476311694888e-06,6.751476311694888e-06,6.751476311694888e-06,6.751476311694888e-06,0.0,0.0,0.0,0.0,0.09525422342025847,0.0
1729875240.0,6.751476311694888e-06,6.751476311694888e-06,6.751476311694888e-06,6.751476311694888e-06,0.0,0.0,0.0,0.0,0.09525422342025847,0.0
1729875300.0,6.751476311694888e-06,6.751476311694888e-06,6.751476311694888e-06,6.751476311694888e-06,0.0,0.0,0.0,0.0,0.09525422342025847,0.0
1729875360.0,6.751476311694888e-06,6.751476311694888e-06,6.751476311694888e-06,6.751476311694888e-06,0.0,0.0,0.0,0.0,0.09525422342025847,0.0
1729875420.0,6.751476311694888e-06,6.751476311694888e-06,6.751476311694888e-06,6.751476311694888e-06,0.0,0.0,0.0,0.0,0.09525422342025847,0.0
1729875480.0,6.751476311694888e-06,6.751476311694888e-06,6.751476311694888e-06,6.751476311694888e-06,0.0,0.0,0.0,0.0,0.09525422342025847,0.0
1729875540.0,6.751476311694888e-06,6.751476311694888e-06,6.751476311694888e-06,6.751476311694888e-06,0.0,0.0,0.0,0.0,0.09525422342025847,0.0
1729875600.0,6.751476311694888e-06,6.836797150242898e-06,6.751476311694888e-06,6.836797150242898e-06,17.215253675926782,0.00011696278733256141,0.012637360276332117,0.0,0.09525422342025847,0.012637360276332117
1729875660.0,6.836797150242898e-06,6.836797150242898e-06,6.836797150242898e-06,6.836797150242898e-06,0.0,0.0,0.0,-1.0,0.0964579853594625,0.0
1729875720.0,6.836797150242898e-06,6.836797150242898e-06,6.836797150242898e-06,6.836797150242898e-06,0.0,0.0,0.0,0.0,0.0964579853594625,0.0
1729875780.0,6.836797150242898e-06,6.836797150242898e-06,6.836797150242898e-06,6.836797150242898e-06,0.0,0.0,0.0,0.0,0.0964579853594625,0.0
1729875840.0,6.836797150242898e-06,6.836797150242898e-06,6.836797150242898e-06,6.836797150242898e-06,0.0,0.0,0.0,0.0,0.0964579853594625,0.0
1729875900.0,6.836797150242898e-06,6.836797150242898e-06,6.836797150242898e-06,6.836797150242898e-06,0.0,0.0,0.0,0.0,0.0964579853594625,0.0
1729875960.0,6.836797150242898e-06,6.8856905634864135e-06,6.836797150242898e-06,6.8856905634864135e-06,17.21026504779894,0.00011808382533422299,0.007151508545456599,0.0,0.0964579853594625,0.007151508545456599
1729876020.0,6.8856905634864135e-06,6.8856905634864135e-06,6.8856905634864135e-06,6.8856905634864135e-06,0.0,0.0,0.0,-1.0,0.09714780546603823,0.0
1729876080.0,6.8856905634864135e-06,6.8856905634864135e-06,6.8856905634864135e-06,6.8856905634864135e-06,0.0,0.0,0.0,0.0,0.09714780546603823,0.0
1729876140.0,6.8856905634864135e-06,6.8856905634864135e-06,6.8856905634864135e-06,6.8856905634864135e-06,0.0,0.0,0.0,0.0,0.09714780546603823,0.0
1729876200.0,6.8856905634864135e-06,6.8856905634864135e-06,6.8856905634864135e-06,6.8856905634864135e-06,0.0,0.0,0.0,0.0,0.09714780546603823,0.0
1729876260.0,6.8856905634864135e-06,6.8856905634864135e-06,6.8856905634864135e-06,6.8856905634864135e-06,0.0,0.0,0.0,0.0,0.09714780546603823,0.0
1729876320.0,6.8856905634864135e-06,6.8856905634864135e-06,6.8856905634864135e-06,6.8856905634864135e-06,0.0,0.0,0.0,0.0,0.09714780546603823,0.0
1729876380.0,6.8856905634864135e-06,6.8856905634864135e-06,6.8856905634864135e-06,6.8856905634864135e-06,0.0,0.0,0.0,0.0,0.09714780546603823,0.0
1729876440.0,6.8856905634864135e-06,6.8856905634864135e-06,6.8856905634864135e-06,6.8856905634864135e-06,0.0,0.0,0.0,0.0,0.09714780546603823,0.0
1729876500.0,6.8856905634864135e-06,6.8856905634864135e-06,6.8856905634864135e-06,6.8856905634864135e-06,0.0,0.0,0.0,0.0,0.09714780546603823,0.0
1729876560.0,6.8856905634864135e-06,6.8856905634864135e-06,6.8856905634864135e-06,6.8856905634864135e-06,0.0,0.0,0.0,0.0,0.09714780546603823,0.0
1729876620.0,6.8856905634864135e-06,6.8856905634864135e-06,6.8856905634864135e-06,6.8856905634864135e-06,0.0,0.0,0.0,0.0,0.09714780546603823,0.0
1729876680.0,6.8856905634864135e-06,6.8856905634864135e-06,6.830335199288011e-06,6.830335199288011e-06,0.3979784728301708,2.7293414931841216e-06,-0.008039188471805932,0.0,0.09714780546603823,0.008039188471805932
1729876740.0,6.830335199288011e-06,6.830335199288011e-06,6.830335199288011e-06,6.830335199288011e-06,0.0,0.0,0.0,-1.0,0.0963668159482744,0.0
1729876800.0,6.830335199288011e-06,6.830335199288011e-06,6.830335199288011e-06,6.830335199288011e-06,0.0,0.0,0.0,0.0,0.0963668159482744,0.0
1729876860.0,6.830335199288011e-06,6.830335199288011e-06,6.830335199288011e-06,6.830335199288011e-06,0.0,0.0,0.0,0.0,0.0963668159482744,0.0
1729876920.0,6.830335199288011e-06,6.851938695312686e-06,6.830335199288011e-06,6.851938695312686e-06,9.998031856457706,6.83979051334987e-05,0.003162874938689334,0.0,0.0963668159482744,0.003162874938689334
1729876980.0,6.851938695312686e-06,6.851938695312686e-06,6.851938695312686e-06,6.851938695312686e-06,0.0,0.0,0.0,-1.0,0.09667161213535849,0.0
1729877040.0,6.851938695312686e-06,6.851938695312686e-06,6.851938695312686e-06,6.851938695312686e-06,0.0,0.0,0.0,0.0,0.09667161213535849,0.0
1729877100.0,6.851938695312686e-06,6.851938695312686e-06,6.851938695312686e-06,6.851938695312686e-06,0.0,0.0,0.0,0.0,0.09667161213535849,0.0
1729877160.0,6.851938695312686e-06,6.851938695312686e-06,6.851938695312686e-06,6.851938695312686e-06,0.0,0.0,0.0,0.0,0.09667161213535849,0.0
1729877220.0,6.851938695312686e-06,6.851938695312686e-06,6.851938695312686e-06,6.851938695312686e-06,0.0,0.0,0.0,0.0,0.09667161213535849,0.0
1729877280.0,6.851938695312686e-06,6.851938695312686e-06,6.851938695312686e-06,6.851938695312686e-06,0.0,0.0,0.0,0.0,0.09667161213535849,0.0
1729877340.0,6.851938695312686e-06,6.851938695312686e-06,6.851938695312686e-06,6.851938695312686e-06,0.0,0.0,0.0,0.0,0.09667161213535849,0.0
1729877400.0,6.851938695312686e-06,6.851938695312686e-06,6.851938695312686e-06,6.851938695312686e-06,0.0,0.0,0.0,0.0,0.09667161213535849,0.0
1729877460.0,6.851938695312686e-06,6.851938695312686e-06,6.759677861679187e-06,6.759677861679187e-06,30.87878458574097,0.00021015508776352863,-0.013464923977882829,0.0,0.09667161213535849,0.013464923977882829
1729877520.0,6.759677861679187e-06,6.759677861679187e-06,6.759677861679187e-06,6.759677861679187e-06,0.0,0.0,0.0,-1.0,0.0953699362271365,0.0
1729877580.0,6.759677861679187e-06,6.759677861679187e-06,6.759677861679187e-06,6.759677861679187e-06,0.0,0.0,0.0,0.0,0.0953699362271365,0.0
1729877640.0,6.759677861679187e-06,6.759677861679187e-06,6.759677861679187e-06,6.759677861679187e-06,0.0,0.0,0.0,0.0,0.0953699362271365,0.0
1729877700.0,6.759677861679187e-06,6.759677861679187e-06,6.759677861679187e-06,6.759677861679187e-06,0.0,0.0,0.0,0.0,0.0953699362271365,0.0
1729877760.0,6.759677861679187e-06,6.759677861679187e-06,6.759677861679187e-06,6.759677861679187e-06,0.0,0.0,0.0,0.0,0.0953699362271365,0.0
1729877820.0,6.759677861679187e-06,6.759677861679187e-06,6.759677861679187e-06,6.759677861679187e-06,0.0,0.0,0.0,0.0,0.0953699362271365,0.0
1729877880.0,6.759677861679187e-06,6.759677861679187e-06,6.759677861679187e-06,6.759677861679187e-06,0.0,0.0,0.0,0.0,0.0953699362271365,0.0
1729877940.0,6.759677861679187e-06,6.759677861679187e-06,6.759677861679187e-06,6.759677861679187e-06,0.0,0.0,0.0,0.0,0.0953699362271365,0.0
1729878000.0,6.759677861679187e-06,6.759677861679187e-06,6.759677861679187e-06,6.759677861679187e-06,0.0,0.0,0.0,0.0,0.0953699362271365,0.0
1729878060.0,6.759677861679187e-06,6.759677861679187e-06,6.759677861679187e-06,6.759677861679187e-06,0.0,0.0,0.0,0.0,0.0953699362271365,0.0
1729878120.0,6.759677861679187e-06,6.759677861679187e-06,6.759677861679187e-06,6.759677861679187e-06,0.0,0.0,0.0,0.0,0.0953699362271365,0.0
1729878180.0,6.759677861679187e-06,6.759677861679187e-06,6.759677861679187e-06,6.759677861679187e-06,0.0,0.0,0.0,0.0,0.0953699362271365,0.0
1729878240.0,6.759677861679187e-06,6.759677861679187e-06,6.759677861679187e-06,6.759677861679187e-06,0.0,0.0,0.0,0.0,0.0953699362271365,0.0
1729878300.0,6.759677861679187e-06,6.759677861679187e-06,6.759677861679187e-06,6.759677861679187e-06,0.0,0.0,0.0,0.0,0.0953699362271365,0.0
1729878360.0,6.759677861679187e-06,6.759677861679187e-06,6.759677861679187e-06,6.759677861679187e-06,0.0,0.0,0.0,0.0,0.0953699362271365,0.0
1729878420.0,6.759677861679187e-06,6.759677861679187e-06,6.759677861679187e-06,6.759677861679187e-06,0.0,0.0,0.0,0.0,0.0953699362271365,0.0
1729878480.0,6.759677861679187e-06,6.759677861679187e-06,6.759677861679187e-06,6.759677861679187e-06,0.0,0.0,0.0,0.0,0.0953699362271365,0.0
1729878540.0,6.759677861679187e-06,6.759677861679187e-06,6.759677861679187e-06,6.759677861679187e-06,0.0,0.0,0.0,0.0,0.0953699362271365,0.0
1729878600.0,6.759677861679187e-06,6.759677861679187e-06,6.759677861679187e-06,6.759677861679187e-06,0.0,0.0,0.0,0.0,0.0953699362271365,0.0
1729878660.0,6.759677861679187e-06,6.759677861679187e-06,6.759677861679187e-06,6.759677861679187e-06,0.0,0.0,0.0,0.0,0.0953699362271365,0.0
1729878720.0,6.759677861679187e-06,6.759677861679187e-06,6.759677861679187e-06,6.759677861679187e-06,0.0,0.0,0.0,0.0,0.0953699362271365,0.0
1729878780.0,6.759677861679187e-06,6.759677861679187e-06,6.759677861679187e-06,6.759677861679187e-06,0.0,0.0,0.0,0.0,0.0953699362271365,0.0
1729878840.0,6.759677861679187e-06,6.759677861679187e-06,6.759677861679187e-06,6.759677861679187e-06,0.0,0.0,0.0,0.0,0.0953699362271365,0.0
1729878900.0,6.759677861679187e-06,6.759677861679187e-06,6.1052733649427224e-06,6.335488845820967e-06,246.89835431915563,0.0016165875548083918,-0.06275284481572123,0.0,0.0953699362271365,0.09681001227089582
1729878960.0,6.335488845820967e-06,6.335488845820967e-06,6.335488845820967e-06,6.335488845820967e-06,0.0,0.0,0.0,-1.0,0.08938520141898978,0.0
1729879020.0,6.335488845820967e-06,6.335488845820967e-06,6.335488845820967e-06,6.335488845820967e-06,0.0,0.0,0.0,0.0,0.08938520141898978,0.0
1729879080.0,6.335488845820967e-06,6.335488845820967e-06,6.335488845820967e-06,6.335488845820967e-06,0.0,0.0,0.0,0.0,0.08938520141898978,0.0
1729879140.0,6.335488845820967e-06,6.335488845820967e-06,6.335488845820967e-06,6.335488845820967e-06,0.0,0.0,0.0,0.0,0.08938520141898978,0.0
1729879200.0,6.335488845820967e-06,6.335488845820967e-06,6.335488845820967e-06,6.335488845820967e-06,0.0,0.0,0.0,0.0,0.08938520141898978,0.0
1729879260.0,6.335488845820967e-06,6.335488845820967e-06,6.335488845820967e-06,6.335488845820967e-06,0.0,0.0,0.0,0.0,0.08938520141898978,0.0
1729879320.0,6.335488845820967e-06,6.335488845820967e-06,6.012834248620572e-06,6.012834248620572e-06,5.410922626737235,3.340791041698784e-05,-0.05092812962858035,0.0,0.08938520141898978,0.05092812962858035
1729879380.0,6.012834248620572e-06,6.012834248620572e-06,6.012834248620572e-06,6.012834248620572e-06,0.0,0.0,0.0,-1.0,0.08483298029424671,0.0
1729879440.0,6.012834248620572e-06,6.012834248620572e-06,6.012834248620572e-06,6.012834248620572e-06,0.0,0.0,0.0,0.0,0.08483298029424671,0.0
1729879500.0,6.012834248620572e-06,6.012834248620572e-06,6.012834248620572e-06,6.012834248620572e-06,0.0,0.0,0.0,0.0,0.08483298029424671,0.0
1729879560.0,6.012834248620572e-06,6.012834248620572e-06,6.012834248620572e-06,6.012834248620572e-06,0.0,0.0,0.0,0.0,0.08483298029424671,0.0
1729879620.0,6.012834248620572e-06,6.012834248620572e-06,6.012834248620572e-06,6.012834248620572e-06,0.0,0.0,0.0,0.0,0.08483298029424671,0.0
1729879680.0,6.012834248620572e-06,6.012834248620572e-06,6.012834248620572e-06,6.012834248620572e-06,0.0,0.0,0.0,0.0,0.08483298029424671,0.0
1729879740.0,6.012834248620572e-06,6.012834248620572e-06,6.012834248620572e-06,6.012834248620572e-06,0.0,0.0,0.0,0.0,0.08483298029424671,0.0
1729879800.0,6.012834248620572e-06,6.012834248620572e-06,6.012834248620572e-06,6.012834248620572e-06,0.0,0.0,0.0,0.0,0.08483298029424671,0.0
1729879860.0,6.012834248620572e-06,6.012834248620572e-06,6.012834248620572e-06,6.012834248620572e-06,0.0,0.0,0.0,0.0,0.08483298029424671,0.0
1729879920.0,6.012834248620572e-06,6.012834248620572e-06,6.012834248620572e-06,6.012834248620572e-06,0.0,0.0,0.0,0.0,0.08483298029424671,0.0
1729879980.0,6.012834248620572e-06,6.012834248620572e-06,6.01233533316773e-06,6.01233533316773e-06,0.0560187861588403,3.3681770166299497e-07,-8.297508832157049e-05,0.0,0.08483298029424671,8.297508832157049e-05
1729880040.0,6.01233533316773e-06,6.01233533316773e-06,6.01233533316773e-06,6.01233533316773e-06,0.0,0.0,0.0,-1.0,0.08482594127021421,0.0
1729880100.0,6.01233533316773e-06,6.01233533316773e-06,6.01233533316773e-06,6.01233533316773e-06,0.0,0.0,0.0,0.0,0.08482594127021421,0.0
1729880160.0,6.01233533316773e-06,6.01233533316773e-06,6.01233533316773e-06,6.01233533316773e-06,0.0,0.0,0.0,0.0,0.08482594127021421,0.0
1729880220.0,6.01233533316773e-06,6.01233533316773e-06,6.01233533316773e-06,6.01233533316773e-06,0.0,0.0,0.0,0.0,0.08482594127021421,0.0
1729880280.0,6.01233533316773e-06,6.01233533316773e-06,6.01233533316773e-06,6.01233533316773e-06,0.0,0.0,0.0,0.0,0.08482594127021421,0.0
1729880340.0,6.01233533316773e-06,6.01233533316773e-06,6.01233533316773e-06,6.01233533316773e-06,0.0,0.0,0.0,0.0,0.08482594127021421,0.0
1729880400.0,6.01233533316773e-06,6.01233533316773e-06,6.01233533316773e-06,6.01233533316773e-06,0.0,0.0,0.0,0.0,0.08482594127021421,0.0
1729880460.0,6.01233533316773e-06,6.01233533316773e-06,6.01233533316773e-06,6.01233533316773e-06,0.0,0.0,0.0,0.0,0.08482594127021421,0.0
1729880520.0,6.01233533316773e-06,6.01233533316773e-06,6.01233533316773e-06,6.01233533316773e-06,0.0,0.0,0.0,0.0,0.08482594127021421,0.0
1729880580.0,6.01233533316773e-06,6.01233533316773e-06,6.01233533316773e-06,6.01233533316773e-06,0.0,0.0,0.0,0.0,0.08482594127021421,0.0
1729880640.0,6.01233533316773e-06,6.01233533316773e-06,6.01233533316773e-06,6.01233533316773e-06,0.0,0.0,0.0,0.0,0.08482594127021421,0.0
1729880700.0,6.01233533316773e-06,6.01233533316773e-06,6.01233533316773e-06,6.01233533316773e-06,0.0,0.0,0.0,0.0,0.08482594127021421,0.0
1729880760.0,6.01233533316773e-06,6.01233533316773e-06,6.001554383074765e-06,6.001554383074765e-06,81.64010612903962,0.0004904076157283075,-0.0017931385219800702,0.0,0.08482594127021421,0.0017931385219800702
1729880820.0,6.001554383074765e-06,6.001554383074765e-06,6.001554383074765e-06,6.001554383074765e-06,0.0,0.0,0.0,-1.0,0.08467383660725937,0.0
1729880880.0,6.001554383074765e-06,6.001554383074765e-06,6.001554383074765e-06,6.001554383074765e-06,0.0,0.0,0.0,0.0,0.08467383660725937,0.0
1729880940.0,6.001554383074765e-06,6.001554383074765e-06,6.001554383074765e-06,6.001554383074765e-06,0.0,0.0,0.0,0.0,0.08467383660725937,0.0
1729881000.0,6.001554383074765e-06,6.001554383074765e-06,6.001554383074765e-06,6.001554383074765e-06,0.0,0.0,0.0,0.0,0.08467383660725937,0.0
1729881060.0,6.001554383074765e-06,6.001554383074765e-06,6.001554383074765e-06,6.001554383074765e-06,0.0,0.0,0.0,0.0,0.08467383660725937,0.0
1729881120.0,6.001554383074765e-06,6.001554383074765e-06,6.001554383074765e-06,6.001554383074765e-06,0.0,0.0,0.0,0.0,0.08467383660725937,0.0
1729881180.0,6.001554383074765e-06,6.001554383074765e-06,6.001554383074765e-06,6.001554383074765e-06,0.0,0.0,0.0,0.0,0.08467383660725937,0.0
1729881240.0,6.001554383074765e-06,6.001554383074765e-06,6.001554383074765e-06,6.001554383074765e-06,0.0,0.0,0.0,0.0,0.08467383660725937,0.0
1729881300.0,6.001554383074765e-06,6.001554383074765e-06,6.001554383074765e-06,6.001554383074765e-06,0.0,0.0,0.0,0.0,0.08467383660725937,0.0
1729881360.0,6.001554383074765e-06,6.001554383074765e-06,6.001554383074765e-06,6.001554383074765e-06,0.0,0.0,0.0,0.0,0.08467383660725937,0.0
1729881420.0,6.001554383074765e-06,6.001554383074765e-06,6.001554383074765e-06,6.001554383074765e-06,0.0,0.0,0.0,0.0,0.08467383660725937,0.0
1729881480.0,6.001554383074765e-06,6.001554383074765e-06,6.001554383074765e-06,6.001554383074765e-06,0.0,0.0,0.0,0.0,0.08467383660725937,0.0
1729881540.0,6.001554383074765e-06,6.001554383074765e-06,6.001554383074765e-06,6.001554383074765e-06,0.0,0.0,0.0,0.0,0.08467383660725937,0.0
1729881600.0,6.001554383074765e-06,6.001554383074765e-06,6.001554383074765e-06,6.001554383074765e-06,0.0,0.0,0.0,0.0,0.08467383660725937,0.0
1729881660.0,6.001554383074765e-06,6.001554383074765e-06,6.001554383074765e-06,6.001554383074765e-06,0.0,0.0,0.0,0.0,0.08467383660725937,0.0
1729881720.0,6.001554383074765e-06,6.001554383074765e-06,6.001554383074765e-06,6.001554383074765e-06,0.0,0.0,0.0,0.0,0.08467383660725937,0.0
1729881780.0,6.001554383074765e-06,6.001554383074765e-06,6.001554383074765e-06,6.001554383074765e-06,0.0,0.0,0.0,0.0,0.08467383660725937,0.0
1729881840.0,6.001554383074765e-06,6.001554383074765e-06,6.001554383074765e-06,6.001554383074765e-06,0.0,0.0,0.0,0.0,0.08467383660725937,0.0
1729881900.0,6.001554383074765e-06,6.001554383074765e-06,6.001554383074765e-06,6.001554383074765e-06,0.0,0.0,0.0,0.0,0.08467383660725937,0.0
1729881960.0,6.001554383074765e-06,6.001554383074765e-06,6.001554383074765e-06,6.001554383074765e-06,0.0,0.0,0.0,0.0,0.08467383660725937,0.0
1729882020.0,6.001554383074765e-06,6.001554383074765e-06,6.001554383074765e-06,6.001554383074765e-06,0.0,0.0,0.0,0.0,0.08467383660725937,0.0
1729882080.0,6.001554383074765e-06,6.001554383074765e-06,6.001554383074765e-06,6.001554383074765e-06,0.0,0.0,0.0,0.0,0.08467383660725937,0.0
1729882140.0,6.001554383074765e-06,6.001554383074765e-06,5.796973555107012e-06,5.796973555107012e-06,71.16888412007796,0.0004198440338099806,-0.03408797369973013,0.0,0.08467383660725937,0.03408797369973013
1729882200.0,5.796973555107012e-06,5.796973555107012e-06,5.796973555107012e-06,5.796973555107012e-06,0.0,0.0,0.0,-1.0,0.08178747709193587,0.0
1729882260.0,5.796973555107012e-06,5.796973555107012e-06,5.796973555107012e-06,5.796973555107012e-06,0.0,0.0,0.0,0.0,0.08178747709193587,0.0
1729882320.0,5.796973555107012e-06,5.796973555107012e-06,5.796973555107012e-06,5.796973555107012e-06,0.0,0.0,0.0,0.0,0.08178747709193587,0.0
1729882380.0,5.796973555107012e-06,5.796973555107012e-06,5.796973555107012e-06,5.796973555107012e-06,0.0,0.0,0.0,0.0,0.08178747709193587,0.0
1729882440.0,5.796973555107012e-06,5.796973555107012e-06,5.796973555107012e-06,5.796973555107012e-06,0.0,0.0,0.0,0.0,0.08178747709193587,0.0
1729882500.0,5.796973555107012e-06,5.796973555107012e-06,5.796973555107012e-06,5.796973555107012e-06,0.0,0.0,0.0,0.0,0.08178747709193587,0.0
1729882560.0,5.796973555107012e-06,5.796973555107012e-06,5.796973555107012e-06,5.796973555107012e-06,0.0,0.0,0.0,0.0,0.08178747709193587,0.0
1729882620.0,5.796973555107012e-06,5.796973555107012e-06,5.796973555107012e-06,5.796973555107012e-06,0.0,0.0,0.0,0.0,0.08178747709193587,0.0
1729882680.0,5.796973555107012e-06,5.796973555107012e-06,5.796973555107012e-06,5.796973555107012e-06,0.0,0.0,0.0,0.0,0.08178747709193587,0.0
1729882740.0,5.796973555107012e-06,5.796973555107012e-06,5.796973555107012e-06,5.796973555107012e-06,0.0,0.0,0.0,0.0,0.08178747709193587,0.0
1729882800.0,5.796973555107012e-06,5.796973555107012e-06,5.796973555107012e-06,5.796973555107012e-06,0.0,0.0,0.0,0.0,0.08178747709193587,0.0
1729882860.0,5.796973555107012e-06,5.796973555107012e-06,5.796973555107012e-06,5.796973555107012e-06,0.0,0.0,0.0,0.0,0.08178747709193587,0.0
1729882920.0,5.796973555107012e-06,5.796973555107012e-06,5.796973555107012e-06,5.796973555107012e-06,0.0,0.0,0.0,0.0,0.08178747709193587,0.0
1729882980.0,5.796973555107012e-06,5.796973555107012e-06,5.796973555107012e-06,5.796973555107012e-06,0.0,0.0,0.0,0.0,0.08178747709193587,0.0
1729883040.0,5.796973555107012e-06,5.796973555107012e-06,5.796973555107012e-06,5.796973555107012e-06,0.0,0.0,0.0,0.0,0.08178747709193587,0.0
1729883100.0,5.796973555107012e-06,5.796973555107012e-06,5.796973555107012e-06,5.796973555107012e-06,0.0,0.0,0.0,0.0,0.08178747709193587,0.0
1729883160.0,5.796973555107012e-06,5.796973555107012e-06,5.796973555107012e-06,5.796973555107012e-06,0.0,0.0,0.0,0.0,0.08178747709193587,0.0
1729883220.0,5.796973555107012e-06,5.796973555107012e-06,5.796973555107012e-06,5.796973555107012e-06,0.0,0.0,0.0,0.0,0.08178747709193587,0.0
1729883280.0,5.796973555107012e-06,5.796973555107012e-06,5.796973555107012e-06,5.796973555107012e-06,0.0,0.0,0.0,0.0,0.08178747709193587,0.0
1729883340.0,5.796973555107012e-06,5.796973555107012e-06,5.796973555107012e-06,5.796973555107012e-06,0.0,0.0,0.0,0.0,0.08178747709193587,0.0
1729883400.0,5.796973555107012e-06,5.796973555107012e-06,5.796973555107012e-06,5.796973555107012e-06,0.0,0.0,0.0,0.0,0.08178747709193587,0.0
1729883460.0,5.796973555107012e-06,5.796973555107012e-06,5.796973555107012e-06,5.796973555107012e-06,0.0,0.0,0.0,0.0,0.08178747709193587,0.0
1729883520.0,5.796973555107012e-06,5.796973555107012e-06,5.796973555107012e-06,5.796973555107012e-06,0.0,0.0,0.0,0.0,0.08178747709193587,0.0
1729883580.0,5.796973555107012e-06,5.796973555107012e-06,5.796973555107012e-06,5.796973555107012e-06,0.0,0.0,0.0,0.0,0.08178747709193587,0.0
1729883640.0,5.796973555107012e-06,5.796973555107012e-06,5.796973555107012e-06,5.796973555107012e-06,0.0,0.0,0.0,0.0,0.08178747709193587,0.0
1729883700.0,5.796973555107012e-06,5.796973555107012e-06,5.796973555107012e-06,5.796973555107012e-06,0.0,0.0,0.0,0.0,0.08178747709193587,0.0
1729883760.0,5.796973555107012e-06,5.796973555107012e-06,5.796973555107012e-06,5.796973555107012e-06,0.0,0.0,0.0,0.0,0.08178747709193587,0.0
1729883820.0,5.796973555107012e-06,5.796973555107012e-06,5.796973555107012e-06,5.796973555107012e-06,0.0,0.0,0.0,0.0,0.08178747709193587,0.0
1729883880.0,5.796973555107012e-06,5.796973555107012e-06,5.796973555107012e-06,5.796973555107012e-06,0.0,0.0,0.0,0.0,0.08178747709193587,0.0
1729883940.0,5.796973555107012e-06,5.796973555107012e-06,5.796973555107012e-06,5.796973555107012e-06,0.0,0.0,0.0,0.0,0.08178747709193587,0.0
1729884000.0,5.796973555107012e-06,5.796973555107012e-06,5.796973555107012e-06,5.796973555107012e-06,0.0,0.0,0.0,0.0,0.08178747709193587,0.0
1729884060.0,5.796973555107012e-06,5.796973555107012e-06,5.796973555107012e-06,5.796973555107012e-06,0.0,0.0,0.0,0.0,0.08178747709193587,0.0
1729884120.0,5.796973555107012e-06,5.796973555107012e-06,5.796973555107012e-06,5.796973555107012e-06,0.0,0.0,0.0,0.0,0.08178747709193587,0.0
1729884180.0,5.796973555107012e-06,5.796973555107012e-06,5.796973555107012e-06,5.796973555107012e-06,0.0,0.0,0.0,0.0,0.08178747709193587,0.0
1729884240.0,5.796973555107012e-06,5.796973555107012e-06,5.796973555107012e-06,5.796973555107012e-06,0.0,0.0,0.0,0.0,0.08178747709193587,0.0
1729884300.0,5.796973555107012e-06,5.796973555107012e-06,5.796973555107012e-06,5.796973555107012e-06,0.0,0.0,0.0,0.0,0.08178747709193587,0.0
1729884360.0,5.796973555107012e-06,5.796973555107012e-06,5.796973555107012e-06,5.796973555107012e-06,0.0,0.0,0.0,0.0,0.08178747709193587,0.0
1729884420.0,5.796973555107012e-06,5.796973555107012e-06,5.796973555107012e-06,5.796973555107012e-06,0.0,0.0,0.0,0.0,0.08178747709193587,0.0
1729884480.0,5.796973555107012e-06,5.796973555107012e-06,5.796973555107012e-06,5.796973555107012e-06,0.0,0.0,0.0,0.0,0.08178747709193587,0.0
1729884540.0,5.796973555107012e-06,5.796973555107012e-06,5.796973555107012e-06,5.796973555107012e-06,0.0,0.0,0.0,0.0,0.08178747709193587,0.0
