time,open,high,low,close,volume,usd_vol,price_change,vol_change,norm_open,mov_in_min
1732646340.0,8.16381187156432e-05,8.58420966877542e-05,4.41723723176366e-05,6.19048667551388e-05,26902.4024277424,1.9308255804072787,-0.24171615258844995,0.0,1.0,0.5104199487405997
1732646400.0,6.19048667551388e-05,7.55112924010979e-05,5.30572367972919e-05,6.38090623884233e-05,19124.42141643952,1.2021030794289496,0.030760031207504906,-0.37741498163941667,0.7582838474115501,0.3627187454036812
1732646460.0,6.38090623884233e-05,0.0001120689643501,6.36807307490816e-05,8.14573372804445e-05,34781.02181292705,2.5262569077841346,0.2765794423461562,1.1015310176097501,0.7816086822220762,0.7583285475418199
1732646520.0,8.14573372804445e-05,0.0001141802041169,7.18108005067227e-05,9.55910549495705e-05,25308.51433482426,2.2404158863554615,0.17351067615266977,-0.11314804149487469,0.9977855756839721,0.5201422612711518
1732646580.0,9.55910549495705e-05,0.000110008130668,8.70074024562118e-05,9.42610449400392e-05,15913.27119828358,1.5105839765534916,-0.013913540448245484,-0.32575733561200776,1.1709120255762788,0.24061590515893286
1732646640.0,9.42610449400392e-05,0.00011763355668,9.42610449400392e-05,0.0001115501192622,9236.6442366163,0.9505022518299516,0.18341696013616898,-0.3707716574628361,1.1546204937470863,0.24795515215037559
1732646700.0,0.0001115501192622,0.0001401473054636,0.0001114619418565,0.0001256377135021,24423.76008252864,2.8965093609650943,0.12628936959526615,2.0473461324143085,1.3663974748210994,0.25715224507895573
1732646760.0,0.0001256377135021,0.0002272375905067,8.2615619012714e-05,9.42047490476082e-05,46988.3602321703,5.165018412306548,-0.2501873329139057,0.7831871983267488,1.5389589505328196,1.1511031796321947
1732646820.0,9.42047490476082e-05,0.0001314653049811,9.17382056544e-05,0.000120901030737,22114.14389681794,2.3784400835970283,0.28338573117901217,-0.5395098538409884,1.15393091523503,0.42171015504349074
1732646880.0,0.000120901030737,0.0001582427522747,0.000113906433307,0.0001212466352912,21803.71028901711,2.6398587786202716,0.002858574092323592,0.10991182701053683,1.4809384713789757,0.3667158062874275
1732646940.0,0.0001212466352912,0.0001684419225639,0.0001183109065265,0.0001233504443214,18716.01590565537,2.288941416253137,0.017351483817651916,-0.13293035415725618,1.485171843725585,0.4134631523340795
1732647000.0,0.0001233504443214,0.0001318803789089,6.72708750886379e-05,6.72708750886379e-05,15635.19626444503,1.4902008705817038,-0.4546361348050117,-0.3489563079246147,1.5109417789384219,0.5237881725980376
1732647060.0,6.72708750886379e-05,9.38599406055785e-05,5.43104653780749e-05,9.38599406055785e-05,15339.507725722,1.23583369609666,0.3952537481028177,-0.1706932129128007,0.8240130486464493,0.5879137914497493
1732647120.0,9.38599406055785e-05,0.0001173162820318,6.55424797979406e-05,6.65579009255849e-05,30628.77420100405,2.4567009230352266,-0.29088064091925203,0.987889576724308,1.1497072946095879,0.5516070210551812
1732647180.0,6.65579009255849e-05,8.32760944720242e-05,5.5585227797726e-05,7.4403365844126e-05,18947.338643205,1.3354204285304363,0.11787428403598137,-0.4564171747529857,0.8152796998840116,0.416041766480256
1732647240.0,7.4403365844126e-05,8.70093235711149e-05,7.42401658200528e-05,8.70093235711149e-05,11233.71250920993,0.9066318741146046,0.16942725082354737,-0.3210888086291238,0.9113802107969092,0.17162070030290424
1732647300.0,8.70093235711149e-05,8.73862187480605e-05,6.04422216042938e-05,7.26726275339327e-05,9006.84092949998,0.7191149664576786,-0.16477195142730264,-0.20682805558766681,1.0657928543672146,0.30966793026203326
1732647360.0,7.26726275339327e-05,8.74927262939322e-05,7.17139551807331e-05,8.74927262939322e-05,3184.28459166874,0.255006034156621,0.20392958480935108,-0.6453890600931769,0.8901800859358537,0.21712124149951223
1732647420.0,8.74927262939322e-05,0.0001172904091157,8.74927262939322e-05,0.0001132899788768,7420.64527472644,0.744968616185993,0.29485025413657606,1.9213764240905928,1.071714141266305,0.3405732577318753
1732647480.0,0.0001132899788768,0.000135433236659,9.54096475167919e-05,0.0001347170589225,10583.3264849806,1.3123697258014582,0.18913482249830246,0.7616443126428358,1.3877093281804374,0.3532844611590293
1732647540.0,0.0001347170589225,0.0001523833668598,0.0001023415455039,0.0001121802110777,25518.05465063021,3.150169014478253,-0.16729023053988287,1.4003670250427782,1.650173485645083,0.3714586835263976
1732647600.0,0.0001121802110777,0.0001353113181566,0.0001073309284695,0.0001296908508046,9154.88785731873,1.1071512237315277,0.15609383828642917,-0.6485422786386907,1.3741155828007148,0.24942357852865665
1732647660.0,0.0001296908508046,0.0001590088155562,0.0001146130224829,0.0001530048041856,12594.98363197466,1.7802735737159623,0.1797655982388935,0.6079768829733593,1.588606558369272,0.3423201621229963
1732647720.0,0.0001530048041856,0.0001611240056623,0.0001489133873823,0.0001556488192428,5788.15180167876,0.8932670132708855,0.01728060155544348,-0.4982417160715526,1.874183366700754,0.07980545673054902
1732647780.0,0.0001556488192428,0.0001698238735434,0.0001276148295668,0.0001463306598464,22627.09193998053,3.4164587186693787,-0.05986656013024031,2.824678027860107,1.906570382702549,0.2711812667898058
1732647840.0,0.0001463306598464,0.0002166100474106,0.0001363230932986,0.00018146435985,24163.3832960116,3.9603183517238927,0.2400980084452503,0.15918811782579745,1.7924305722439517,0.5486680248437026
1732647900.0,0.00018146435985,0.0002365900247849,0.0001716372453903,0.0002044799028588,30986.17252798414,5.979467755240256,0.12683230485493038,0.5098452256085536,2.222789582916105,0.35793683921344405
1732647960.0,0.0002044799028588,0.0002387352450425,0.0001939342726589,0.0002190678424696,19187.25943423299,4.063360236200228,0.07134167909338973,-0.3204478387496612,2.5047111089248837,0.21909719125080238
1732648020.0,0.0002190678424696,0.0003585092598434,0.0002013039147032,0.0003281281203252,70494.37652643115,19.287119117499824,0.49783791462105753,3.7465934587024945,2.6834014050794512,0.7176103227565925
1732648080.0,0.0003281281203252,0.0004136682934278,0.000248739532269,0.0003055705653642,89492.43019401314,28.355617696548254,-0.06874618042075677,0.47018419515127535,4.019300364675421,0.5026352541664
1732648140.0,0.0003055705653642,0.0003168155981026,0.000216112349012,0.0002632546405402,20392.40700194488,5.799857555883814,-0.13848167860528376,-0.7954600172018177,3.742988816640231,0.32955808086611665
1732648200.0,0.0002632546405402,0.0003182077768101,0.000246594550131,0.0002944060084102,28129.22805636525,7.843281786193222,0.11833169514534361,0.3523231752884006,3.224653442311087,0.27203025379590373
1732648260.0,0.0002944060084102,0.0003491186263554,0.0002383242977846,0.0002504901434907,26604.04271310557,7.248220249689202,-0.14916769245521452,-0.07586894781104586,3.6062321503960253,0.3763317507312171
1732648320.0,0.0002504901434907,0.0003958761989674,0.0002493661343695,0.0002998271619337,41018.16225649542,11.286502263227694,0.1969619153690644,0.5571411842392139,3.0682988220636442,0.5848935313629995
1732648380.0,0.0002998271619337,0.0003274584926099,0.0002046540189877,0.0002130932568906,36586.64945110938,9.383019779920435,-0.28927967861123693,-0.16865122948754052,3.672636834981944,0.4095842178880226
1732648440.0,0.0002130932568906,0.0003103948955407,0.0001732948967742,0.0002582389229552,62371.45527808917,14.698836988188297,0.21185872665964905,0.5665358629685143,2.610217631702577,0.6433802775696736
1732648500.0,0.0002582389229552,0.0003987405910122,0.0002394921726595,0.0002887114031632,68746.2432844571,18.80039009192434,0.11800111253285575,0.27903929453955917,3.1632150154596492,0.6166708586386368
1732648560.0,0.0002887114031632,0.0002912071621135,0.0002400246595344,0.0002425815174602,12170.30833472921,3.2329993300227953,-0.15977853731300026,-0.8280355187198204,3.5364779064645226,0.17727911685624712
1732648620.0,0.0002425815174602,0.0002425815174602,0.0001808915664577,0.0002094952600261,13876.29768039773,3.1365759693974127,-0.13639232609519983,-0.02982473882068597,2.97142463932988,0.25430606440419096
1732648680.0,0.0002094952600261,0.0002631168020156,0.0001856180115994,0.0002105087182649,27278.21063437348,5.728478493548362,0.004837618945047908,0.8263477592888963,2.5661451209550874,0.3699309970380466
1732648740.0,0.0002105087182649,0.0002631660936976,0.0001777095582433,0.0002313208474219,19231.28438072998,4.248475012768633,0.09886587752061855,-0.25835891370571906,2.5785591532079617,0.4059524762616396
1732648800.0,0.0002313208474219,0.0002536700405275,0.0001775064827853,0.0001848654693399,25884.08845375464,5.38630171815239,-0.20082659474816492,0.2678200300023092,2.8334906666286903,0.32925505241335756
1732648860.0,0.0001848654693399,0.0002210438733781,0.0001142241522168,0.0001516262325862,53107.57895501639,8.935129813874099,-0.17980230095099692,0.6588617350865797,2.2644503847989426,0.5778240876607279
1732648920.0,0.0001516262325862,0.0002268056796502,0.0001359638253607,0.0002268056796502,46946.51397259894,8.883029527741744,0.4958208469715835,-0.005830948986488741,1.8572969952227223,0.5991170046242238
1732648980.0,0.0002268056796502,0.0002702063229228,0.0001928546443417,0.0002193676469383,37288.80505700455,8.318635098396902,-0.03279473743061282,-0.063536255011,2.7781835644718296,0.34104824314981286
1732649040.0,0.0002193676469383,0.0002518692801353,0.0002127348380873,0.0002358200790833,6299.58320788282,1.4337464776400186,0.07499935553225606,-0.8276464274870864,2.687073763940932,0.1783965985604388
1732649100.0,0.0002358200790833,0.0002358200790833,0.000203511688213,0.0002150376329244,8580.87519549396,1.9343768788320161,-0.08812839958194955,0.3491763774137024,2.8886025645041356,0.137004410294034
1732649160.0,0.0002150376329244,0.0002536886799922,0.0002150376329244,0.0002516763523518,5033.0116558446,1.1744884639203998,0.17038282522520592,-0.3928336940061234,2.634034643466071,0.17974085066955886
1732649220.0,0.0002516763523518,0.0002593489869432,0.0002066349893754,0.000215518273988,15585.08055577572,3.64063294336566,-0.1436689542975308,2.099760495912714,3.082828907760888,0.2094515319981868
1732649280.0,0.000215518273988,0.000257568004621,0.0001809964887023,0.0001809964887023,15970.36185973306,3.1662421214451366,-0.16018031625300674,-0.13030449081251314,2.639922102304682,0.35529013155962574
1732649340.0,0.0001809964887023,0.0001897540070941,0.0001396921454403,0.0001838527240867,15663.00870847905,2.8573181985979166,0.015780612126116304,-0.09756800364535007,2.2170585450742157,0.27659023670973476
1732649400.0,0.0001838527240867,0.0001859169493512,0.0001140924296614,0.000121273721285,15796.60745275257,2.409981340495248,-0.34037571709946174,-0.15655829243035524,2.2520450860349235,0.3906633423387814
1732649460.0,0.000121273721285,0.0001694551054151,0.000114632533644,0.0001342802369286,40229.23330470165,5.1403699034574455,0.10724924992640374,1.1329500843359666,1.4855036249354676,0.452056481735758
1732649520.0,0.0001342802369286,0.0001344337433273,0.0001164441643612,0.0001262857131061,8032.51863795845,1.0465004250355392,-0.05953611644840087,-0.7964153466209394,1.6448227744727502,0.13397041424394793
1732649580.0,0.0001262857131061,0.0001733595223297,0.0001236330281443,0.0001578377301597,16894.473057462,2.4000579286236956,0.24984629121974633,1.2934132382623633,1.5468964142347588,0.3937618354629068
1732649640.0,0.0001578377301597,0.0002634646923142,0.0001519623632097,0.0002511591907079,22130.37704049972,4.525628033601707,0.5912493828552744,0.8856328339528505,1.9333827462324376,0.7064364711256432
1732649700.0,0.0002511591907079,0.000339431649433,0.000249358772626,0.0002766501899187,23147.70327877718,6.10878746524985,0.10149339603680375,0.3498209353251221,3.076494101765402,0.35862863131994815
1732649760.0,0.0002766501899187,0.0002847730955774,0.0002392596972064,0.0002554484952481,8877.54856795729,2.361865960257241,-0.0766371954301951,-0.6133658318131321,3.388737936040769,0.16451605684556062
1732649820.0,0.0002554484952481,0.0003051252565952,0.0002550582999373,0.000278408042606,14624.70009194856,3.903745879121098,0.08987936036029867,0.6528227870712544,3.129034564574696,0.19599628727220858
1732649880.0,0.000278408042606,0.0002869909675124,0.0002394177080871,0.0002650817006311,10084.09829249106,2.7403019958818224,-0.047866224876841376,-0.29803268943859046,3.410270189783936,0.17087602419814119
1732649940.0,0.0002650817006311,0.0002956377248953,0.0002650817006311,0.0002896771331745,7608.55205563529,2.1104557326667166,0.09278434718369394,-0.22984556598566533,3.2470334299889494,0.11527021364150371
1732650000.0,0.0002896771331745,0.0003122086783232,0.0002869602590901,0.0003090949673974,4269.31750383634,1.2781741048902329,0.06703267879692405,-0.39436109220108323,3.5483073070741047,0.08716055339407977
1732650060.0,0.0003090949673974,0.000420913183637,0.0003039970977884,0.0003673300793145,21010.73836770656,7.106094840913709,0.1884052412999261,4.55956720897891,3.786159851061982,0.37825295841288237
1732650120.0,0.0003673300793145,0.0004014453862755,0.000301763671882,0.0003797355503064,25761.19897003816,9.62265316417042,0.03377199878390236,0.35414082975187655,4.499492211401407,0.2713682325703436
1732650180.0,0.0003797355503064,0.0007857208287969,0.0003435398324932,0.0004237174855821,59636.24599874889,23.957461448344105,0.11582253818535548,1.4896939585798226,4.651449056893033,1.1644445613451628
1732650240.0,0.0004237174855821,0.0004811622161173,0.0003445021743394,0.0003531111046417,44909.70395463814,17.443571005224882,-0.1666355138575447,-0.27189401753454356,5.190191692902262,0.3225263210229745
1732650300.0,0.0003531111046417,0.0003967846742514,0.0003174246944945,0.0003967846742514,15711.72308668296,5.891077410920409,0.12368223212355596,-0.6622780158285335,4.325321433136334,0.22474506950843745
1732650360.0,0.0003967846742514,0.0004135536621428,0.0003681797144165,0.0003855695342174,9660.03043078013,3.7787827307287554,-0.02826505347052329,-0.35855829636121406,4.8602868426384935,0.11435408338768487
1732650420.0,0.0003855695342174,0.0004564186702321,0.0002972351955247,0.0003410043917459,28499.05042377384,10.353333476313704,-0.11558263430214992,1.739859424073587,4.7229105751492355,0.41285283348566065
1732650480.0,0.0003410043917459,0.000450890033788,0.000305065782349,0.0003429797615191,32335.4437302813,11.058465550152253,0.005792798629619837,0.06810676729883622,4.177024129300006,0.4276315935181889
1732650540.0,0.0003429797615191,0.0003596171286369,0.0003347658923835,0.0003596171286369,4418.95637884479,1.5523725047556844,0.048508305691598454,-0.8596213464051248,4.201220788952103,0.07245685909667328
1732650600.0,0.0003596171286369,0.0003798658768071,0.0003490501056344,0.0003508016450612,4015.51422611547,1.4263483461421138,-0.024513525284833883,-0.08118164823680936,4.405014891260491,0.0856904989189607
1732650660.0,0.0003508016450612,0.0003509325343728,0.0002494204025839,0.0002917559284376,34447.12476872092,11.067130452699864,-0.16831653287514953,6.759065646644775,4.297032447343507,0.28937188071393005
1732650720.0,0.0002917559284376,0.0003165365191051,0.0002819804989398,0.0002819804989398,5153.9622950703,1.4785079570057293,-0.03350550424167562,-0.8664054821324492,3.573770844154629,0.11844153553400981
1732650780.0,0.0002819804989398,0.0002858699158263,0.0002229384013935,0.0002405398651183,11378.61902207876,2.9727800769475077,-0.14696276507527972,1.010662210413784,3.4540298499770294,0.22317683197743135
1732650840.0,0.0002405398651183,0.0003130109749845,0.0002299616229442,0.0002449446276787,18942.8772412004,4.598236574780006,0.01831198565873352,0.5467799351984153,2.946416072571852,0.34526232065298385
1732650900.0,0.0002449446276787,0.0002896774756359,0.0002047015781302,0.0002102354876445,45758.08238543276,10.414084608584886,-0.14170198531452935,1.264799655090197,3.000370801437449,0.34691880491931015
1732650960.0,0.0002102354876445,0.0002699472200926,0.0002050091422353,0.0002699472200926,22242.91901409725,5.340332540083122,0.28402308819084915,-0.4872009647702688,2.575212302194017,0.3088825706110461
1732651020.0,0.0002699472200926,0.0002872782054312,0.0002429290728463,0.0002787347165649,15326.29785200422,4.2046313936136785,0.03255264665917154,-0.21266487394655137,3.3066320530102282,0.1642881618476639
1732651080.0,0.0002787347165649,0.0003383976962445,0.0002609713267539,0.0002960833807633,13784.95323156072,3.9619202941619776,0.062240772919151456,-0.057724703245176145,3.414271677863761,0.27777799064571196
1732651140.0,0.0002960833807633,0.0002975118371862,0.000276336812317,0.0002767071984313,2758.26655180588,0.7899545478909911,-0.06544164107437712,-0.8006132155018324,3.6267785860499697,0.07151710040128231
1732651200.0,0.0002767071984313,0.0003092007136917,0.0002450939462028,0.0003031331118982,11284.80823606453,3.2716933548042775,0.09550135889746629,3.1416222788247703,3.3894362435654504,0.23167726698955474
1732651260.0,0.0003031331118982,0.0003123997833333,0.0002846009696833,0.0003108308871571,7497.87435605898,2.301712462030077,0.02539404293611163,-0.2964767133050058,3.7131320107222745,0.09170497236651463
1732651320.0,0.0003108308871571,0.0003186170459122,0.0002956956220979,0.0002968350625186,4591.69121964938,1.395107202802907,-0.045027136030487976,-0.39388293463361507,3.8074234444300066,0.07374242638478536
1732651380.0,0.0002968350625186,0.0002984267062577,0.0002334541484475,0.0002361734576061,6879.21515260806,1.833340144055517,-0.20436131903622032,0.3141213380392253,3.635986071071988,0.2188843772663439
1732651440.0,0.0002361734576061,0.0003209091666443,0.0001735035248741,0.0001982350884354,40406.52076111721,8.776468967216305,-0.16063773446538257,3.7871471072476206,2.892931161590392,0.6241414393655079
1732651500.0,0.0001982350884354,0.0002864070745557,0.000179719999097,0.0002025805675598,46684.77237787185,9.355993832811649,0.02192083731844512,0.06603166578268618,2.428217253828204,0.5381846185796051
1732651560.0,0.0002025805675598,0.0002131570763348,0.0002025805675598,0.0002118729442523,1908.22674356742,0.3954356376026424,0.045870029906777535,-0.9577345127980054,2.4814458092232132,0.05220890089508668
1732651620.0,0.0002118729442523,0.000213234559021,0.0001929283578803,0.0001929283578803,2921.18752126472,0.5912502561907303,-0.08941484453739701,0.49518707968565623,2.5952698027043297,0.09584140727529242
1732651680.0,0.0001929283578803,0.0002084579296675,0.0001729784006566,0.0001919922957755,10245.51766137967,1.9718556776301532,-0.004851863744057619,2.33506101178594,2.3632141567629215,0.18390002071604644
1732651740.0,0.0001919922957755,0.0002007156830155,0.0001918829201693,0.0001997945602918,1570.1550938406,0.30758306387693257,0.04063842502005047,-0.8440133994762756,2.3517481636762794,0.046005819194580036
1732651800.0,0.0001997945602918,0.0002285608896201,0.0001997847348984,0.0002285608896201,3651.59473037969,0.7820902518138577,0.14397954221719927,1.5426960833148498,2.4473195050918792,0.1440287196992371
1732651860.0,0.0002285608896201,0.0002303687085062,0.0002052471686125,0.0002146453895218,5922.98201861422,1.312551410947194,-0.060883120123611204,0.6782607990613203,2.799683447094231,0.10991180483876963
1732651920.0,0.0002146453895218,0.0002182930732557,0.0002031589896886,0.0002144872071989,4988.06474069156,1.0702705873919671,-0.0007369472190965671,-0.18458768284008517,2.6292299834767068,0.0705073777769773
1732651980.0,0.0002144872071989,0.0002268557805385,0.0001936962512739,0.0002048017151204,8185.05433360152,1.7159513053303488,-0.04515650236201914,0.6032873607334898,2.6272923797520185,0.15459910032699636
1732652040.0,0.0002048017151204,0.0002048017151204,0.0001909580224938,0.0001909580224938,2040.90830869031,0.4038546683709589,-0.06759558931653224,-0.7646467780778836,2.5086530452000315,0.06759558931653224
1732652100.0,0.0001909580224938,0.0001909580224938,0.0001450897688184,0.0001527340229974,10147.08271027228,1.743735806230935,-0.2001696446015566,3.317730963132594,2.3390791642190223,0.24020071571954643
1732652160.0,0.0001527340229974,0.0001590086180379,0.0001129855514012,0.0001326320425954,26766.30262861264,3.819097235796705,-0.13161429266053049,1.190181116973012,1.8708665192223946,0.3013281895775341
1732652220.0,0.0001326320425954,0.0001466779365756,0.0001290177766288,0.0001347629457615,10169.19952082131,1.3595964937345038,0.016066277231365653,-0.6440005556834488,1.6246337456326703,0.13315153413321942
1732652280.0,0.0001347629457615,0.0001471539030777,0.0001347629457615,0.0001400780124162,7674.04412344624,1.0545708199929562,0.03944011927511936,-0.22435014737623446,1.6507355617894368,0.09194632282770947
1732652340.0,0.0001400780124162,0.0001450755278863,0.0001397043273979,0.0001441087433779,2679.94880597598,0.3808029784322929,0.028774901158105253,-0.6389024129884077,1.7158407692380933,0.03834435109231189
1732652400.0,0.0001441087433779,0.0002019855160581,0.0001441087433779,0.0001600537778675,12343.05237129253,1.8771469645581744,0.11064585059760684,3.929444019282882,1.7652139177759667,0.40161874514739376
1732652460.0,0.0001600537778675,0.0002120400674522,0.0001582339739227,0.0001886727017533,11361.09902211794,1.9809580333032513,0.17880817477168262,0.055302579235990156,1.9605275131950226,0.3361750921870973
1732652520.0,0.0001886727017533,0.0001887271863382,0.0001804319785334,0.0001818660870347,2225.34208692386,0.4122877807638636,-0.0360763091605061,-0.7918745506807264,2.3110858594190904,0.04396612614180104
1732652580.0,0.0001818660870347,0.0001859597837614,0.0001694431146841,0.0001737467764983,4918.13599729689,0.8744762126217369,-0.04464444509025383,1.1210335436125627,2.2277104114582134,0.09081775138290968
1732652640.0,0.0001737467764983,0.0002084854687909,0.0001731205234868,0.0001753082523388,5831.30439956305,1.0177230626736942,0.008987078045245215,0.16380874400516146,2.1282555163168806,0.20354302978648955
1732652700.0,0.0001753082523388,0.0001757788858528,0.0001371902334016,0.0001387248934624,9323.90765017246,1.464008025271766,-0.20868018697544916,0.43851316626904546,2.1473823147422437,0.22011885884655175
1732652760.0,0.0001387248934624,0.0001573965939115,0.0001377834464382,0.0001456792515319,5576.40368844322,0.7929761615773775,0.05013057062743335,-0.4583525855808228,1.6992661717940596,0.14138160054609042
1732652820.0,0.0001456792515319,0.000189522706651,0.0001455166386837,0.0001490877266599,7652.01855854111,1.1277811937843683,0.023397121361882045,0.422213237206275,1.7844513546339902,0.30207505533252826
1732652880.0,0.0001490877266599,0.0001870908274925,0.0001481793767127,0.0001497695266041,6782.29289643522,1.0134687129302844,0.004573146022645498,-0.10136051344365687,1.8262023795427365,0.26099700928812924
1732652940.0,0.0001497695266041,0.0001574615378074,0.0001484555494382,0.0001567547140967,3815.34862058036,0.5847484194661198,0.04663957782990547,-0.4230227218604388,1.834553869691288,0.060132315120461036
1732653000.0,0.0001567547140967,0.000163091285277,0.0001274407379392,0.0001313770635666,11369.02743781825,1.6378890429807027,-0.1618940181565759,1.8010149124919557,1.920116687679909,0.22742886900235504
1732653060.0,0.0001313770635666,0.0001318243457857,0.0001205198919184,0.0001211426377587,1408.19942183176,0.1777990487037081,-0.0779011612077307,-0.8914462188597698,1.6092612817819134,0.08604587102503877
1732653120.0,0.0001211426377587,0.0001264252101369,0.0001201731544778,0.0001261974299509,1644.39241336448,0.2033620654313615,0.041725954508836746,0.14377476659198948,1.4838979592444612,0.05160904347776609
1732653180.0,0.0001261974299509,0.0001291710529865,0.0001217246143796,0.0001286199708381,3478.79574038787,0.443228844220741,0.01919643599828091,1.179506012001727,1.5458150179876513,0.059006261932570386
1732653240.0,0.0001286199708381,0.0001290832814827,0.0001270203345668,0.0001290569833469,330.98377688659,0.042643445756392055,0.0033977033733750155,-0.9037891005686571,1.5754891570456329,0.01603908710643945
1732653300.0,0.0001290569833469,0.0001291866469403,0.0001230773631119,0.0001230773631119,829.08874349364,0.1045208742485583,-0.04633317841411977,1.4510419454762542,1.5808422018692425,0.04733787874135004
1732653360.0,0.0001230773631119,0.0001266423892789,0.0001163606215657,0.0001174367247732,2004.39959653675,0.24104317035914946,-0.04583002264658228,1.3061725429690834,1.507596758085465,0.08353906399385544
1732653420.0,0.0001174367247732,0.0001184101724737,9.86265164516792e-05,9.86265164516792e-05,3983.21935898542,0.43031364260603777,-0.16017313457819995,0.7852140011470938,1.438503564520494,0.16846225965708791
1732653480.0,9.86265164516792e-05,0.0001089212465169,9.6345710518684e-05,9.6345710518684e-05,5150.55638304166,0.5021077240690258,-0.023125686834054034,0.16684128587742036,1.2080939394893326,0.12750664274325485
1732653540.0,9.6345710518684e-05,0.0001093796741169,9.30807340650656e-05,0.000101875221458,7450.08364138564,0.7383812613498546,0.05739239359539199,0.470563438789776,1.1801559373785837,0.16917141369437086
1732653600.0,0.000101875221458,0.0001066423582909,9.60587835574907e-05,0.000100020996309,3004.0773406022,0.30325592647356603,-0.01820094349207812,-0.5892962858792276,1.247887911440554,0.1038876243108103
1732653660.0,0.000100020996309,0.0001016166926792,8.43629702607051e-05,8.76530917363171e-05,3166.2277036733,0.29710944841535253,-0.12365308314340415,-0.020268286690018806,1.2251751740799772,0.17250100534083956
1732653720.0,8.76530917363171e-05,9.26523320262822e-05,8.58457789313999e-05,9.01937991791248e-05,3190.97761339824,0.283752723761827,0.028985942109729417,-0.04495557016030383,1.0736784864142312,0.07765331444734588
1732653780.0,9.01937991791248e-05,9.12671895043927e-05,8.8477235235755e-05,8.87160116341968e-05,1308.85677353455,0.11708365886740042,-0.016384580296846224,-0.587374326085142,1.1048000688658959,0.030932883347078645
1732653840.0,8.87160116341968e-05,8.87160116341968e-05,7.53971234469221e-05,7.53971234469221e-05,2759.06973368767,0.22639979195145565,-0.15012947428467077,0.9336583272295746,1.0866983834256014,0.15012947428467077
1732653900.0,7.53971234469221e-05,9.1977924645283e-05,7.10936139339657e-05,7.45366159772265e-05,22876.55257335615,1.7149835362282084,-0.011413001323603355,6.575022580391474,0.9235529264159144,0.2769908155185708
1732653960.0,7.45366159772265e-05,0.0001132672423222,7.41117924732216e-05,8.76945242766667e-05,10613.59423969786,0.8609277478491681,0.1765294563877222,-0.49799649404062457,0.9130124156443118,0.5253183195349482
1732654020.0,8.76945242766667e-05,9.0850306209884e-05,8.65646048869661e-05,8.83401813797234e-05,1365.33505666457,0.12017317741114912,0.007362570335859592,-0.8604143289476098,1.0741860010532431,0.048870797330480754
1732654080.0,8.83401813797234e-05,9.53988173005263e-05,8.0987265724459e-05,8.3248268378764e-05,5751.10535860817,0.4934116264406528,-0.05763982959319737,3.1058382333733343,1.0820947710397935,0.16313699327965342
1732654140.0,8.3248268378764e-05,8.52270942722084e-05,7.22584679526475e-05,7.22584679526475e-05,4128.20206742534,0.3209816152109501,-0.13201236061890165,-0.34946483217991714,1.0197230128333699,0.15578253544633608
1732654200.0,7.22584679526475e-05,7.88398845522666e-05,7.22584679526475e-05,7.77683003492909e-05,2437.74615788421,0.18286358900391744,0.07625171904079267,-0.4302988696603731,0.8851069707318181,0.09108159619343234
1732654260.0,7.77683003492909e-05,7.91703054986668e-05,7.59211530218229e-05,7.80105436931084e-05,1293.7858131486,0.10077222920537227,0.0031149368409685127,-0.44892129836074995,0.9525978987851078,0.041779908552077936
1732654320.0,7.80105436931084e-05,7.8891904312685e-05,7.56206737645083e-05,7.63999893919127e-05,1169.0164655205,0.09025422781309382,-0.02064534132118838,-0.10437400735517043,0.9555651810746627,0.04193318484031652
1732654380.0,7.63999893919127e-05,0.0001014733314175,7.63999893919127e-05,0.0001014733314175,4679.90339083779,0.4162149785977743,0.328185150615236,3.6115842845579254,0.9358372117567332,0.328185150615236
1732654440.0,0.0001014733314175,0.0001657964458725,0.0001014733314175,0.0001516520555374,8360.26265470704,1.0580973597586594,0.4945015938566712,1.542189527448971,1.242965088048459,0.6338918172534433
1732654500.0,0.0001516520555374,0.0001516520555374,0.0001221580819842,0.0001262498376854,6805.46331971515,0.9456255704035806,-0.16750328745616871,-0.10629625744528116,1.8576133051966197,0.1944844957668659
1732654560.0,0.0001262498376854,0.0001720365336206,0.0001099472211243,0.0001165325976037,23645.24594639142,2.8703251969373142,-0.07696833722601891,2.0353718075879623,1.5464569697538666,0.4917971669082013
1732654620.0,0.0001165325976037,0.0001275954896807,0.0001165325976037,0.0001258269842744,3327.68588007985,0.40324827925890483,0.07975782623766807,-0.8595112917208204,1.4274287482003238,0.09493388377578527
1732654680.0,0.0001258269842744,0.0001258269842744,0.0001206942399296,0.0001207677547275,943.6688223006,0.1163518834697234,-0.040207826453719724,-0.7114634098785084,1.5412773622659373,0.040792079492318174
1732654740.0,0.0001207677547275,0.0001216699261967,0.0001195042365377,0.0001204679503067,662.4846748267,0.07990747880308585,-0.0024824873284799718,-0.3132257388521,1.4793059495669014,0.017932681317845582
1732654800.0,0.0001204679503067,0.0001210523042171,0.0001123937762466,0.0001126836954823,1321.84708725093,0.1540954119369751,-0.06461681139740509,0.9284228991470104,1.4756335912921568,0.07187412044827032
1732654860.0,0.0001126836954823,0.0001180883812751,0.0001106546872652,0.0001180883812751,3269.97710341636,0.37730970355227034,0.047963334621457805,1.4485459937417846,1.3802828538319558,0.0659695617727381
1732654920.0,0.0001180883812751,0.000137778074279,0.0001180638885238,0.000137778074279,10331.9516694162,1.3217999263048945,0.16673692018887667,2.503222720912026,1.4464858222225587,0.16694433052878935
1732654980.0,0.000137778074279,0.000140143611331,0.0001328628868642,0.0001351883208507,1169.744402261,0.15965045635416542,-0.01879655701280713,-0.879217381407737,1.687668413316823,0.05284385418289824
1732655040.0,0.0001351883208507,0.0001354045283092,0.0001336385555438,0.0001344652767815,338.32429486847,0.0456151816388301,-0.005348421111010933,-0.7142809191998908,1.6559460577671996,0.013063057180437347
1732655100.0,0.0001344652767815,0.0001347211962988,0.0001174995222377,0.0001174995222377,1916.6127365002,0.24145947147495592,-0.12617201220928262,4.293401512390616,1.6470893609131423,0.12807525089978755
1732655160.0,0.0001174995222377,0.0001796915071658,0.0001171601214838,0.0001548679483056,15563.09026923045,2.119439765233672,0.31803045115625367,7.77762115640802,1.4392727819582296,0.5321841696981526
1732655220.0,0.0001548679483056,0.0001842409242578,0.0001452608751276,0.0001794856698225,4524.79360261378,0.7564405561583989,0.15895943470705756,-0.643094100352977,1.8970053541413219,0.25169862167529267
1732655280.0,0.0001794856698225,0.0001905379528679,0.0001744425378318,0.0001865754473855,5938.41136160258,1.0869107487344605,0.039500521518020686,0.4368752969226851,2.1985522528718877,0.08967520945832241
1732655340.0,0.0001865754473855,0.0001885245214615,0.0001773566554032,0.0001773566554032,2269.00448759666,0.41288178720402463,-0.049410531297037485,-0.6201327591205058,2.2853962134449466,0.0598571045375821
1732655400.0,0.0001773566554032,0.0001788570125296,0.0001705946654907,0.0001708826602656,961.56236534482,0.16742691004027638,-0.03650269071032097,-0.5944918976105315,2.172473572314394,0.04658605576495856
1732655460.0,0.0001708826602656,0.0001767690997463,0.0001700098869116,0.0001706402211737,1295.74761029739,0.22126372874342592,-0.0014187460068984716,0.3215541557220312,2.0931724414278556,0.03955470276618035
1732655520.0,0.0001706402211737,0.0001738763078232,0.0001706402211737,0.0001738763078232,359.92066942324,0.06199930987196766,0.018964383820189154,-0.7197945175015055,2.09020276138483,0.018964383820189154
1732655580.0,0.0001738763078232,0.0001776002576016,0.0001738763078232,0.0001767436017766,440.771203259,0.07727157972043283,0.016490423504480534,0.24632967495933963,2.1298421688137514,0.02141723518874438
1732655640.0,0.0001767436017766,0.0001793483894616,0.0001717961497365,0.0001793483894616,1716.20253158169,0.30556298841948193,0.014737663252401074,2.954403281581705,2.1649641681751914,0.04272991864591441
1732655700.0,0.0001793483894616,0.0001798296127109,0.0001724328394914,0.0001797639155541,762.37838643207,0.13688972982288536,0.002316865480350267,-0.5520081455841738,2.1968706810392717,0.041242484762227
1732655760.0,0.0001797639155541,0.0001947375853955,0.0001787433375859,0.0001922028948404,5533.15949903352,1.0290758451297641,0.0691961968449474,6.517553336260017,2.2019605348849653,0.08897362832968855
1732655820.0,0.0001922028948404,0.0001957319644423,0.0001764909391398,0.0001957319644423,4768.20108352437,0.9248757081843221,0.018361167790060723,-0.10125603223375888,2.354327829501671,0.10010788504760657
1732655880.0,0.0001957319644423,0.0001957319644423,0.0001801802838469,0.0001866679196638,1994.16254834735,0.38128376368837585,-0.04630845454561397,-0.5877459421689252,2.397556037811961,0.07945396470991063
1732655940.0,0.0001866679196638,0.0001944586195436,0.0001866679196638,0.000193568032311,1001.76557378497,0.1904536433018549,0.03696464105684317,-0.500493696716881,2.2865289230143833,0.04173561206355914
1732656000.0,0.000193568032311,0.0002005840097144,0.0001868026422889,0.0002005840097144,2540.29065531198,0.5006303745646292,0.03624553765224845,1.6286206232934448,2.3710496439197,0.07119650523366321
1732656060.0,0.0002005840097144,0.0002402544549659,0.0002005840097144,0.0002176571894444,6323.18984574256,1.3223092517960577,0.08511735184828298,1.6412885014138376,2.456989613063742,0.1977747144848906
1732656120.0,0.0002176571894444,0.0002230979260589,0.0002109619239933,0.0002188769416914,3353.67013794058,0.7319957398909848,0.005604006236199122,-0.44642621315949027,2.666122062446465,0.05575741420064661
1732656180.0,0.0002188769416914,0.0002317201674583,0.0002188769416914,0.0002315040925076,665.25478584991,0.14980906922845838,0.05769063985736482,-0.7953416105252618,2.6810630271108833,0.05867783818456303
1732656240.0,0.0002315040925076,0.0002635986319693,0.0002191158952099,0.0002202472947083,11779.12221363918,2.660617400098561,-0.04862461685825469,16.760055608122947,2.8357352686428334,0.19214665398599676
1732656300.0,0.0002202472947083,0.000230010856195,0.0002202472947083,0.000230010856195,988.5648623328,0.2225546934809709,0.04432999506137434,-0.9163522370887575,2.6978487276936356,0.04432999506137434
1732656360.0,0.000230010856195,0.0002352552648017,0.0002032459908521,0.0002033134119505,2767.93668332708,0.5997070687878947,-0.11607036592162535,1.694650287567049,2.8174443484686296,0.13916418763496521
1732656420.0,0.0002033134119505,0.0002107590669593,0.0001721767986714,0.0001738287408405,10201.61495606084,1.923729513236824,-0.14502078749816327,2.207781954488203,2.4904225519780603,0.1897674527113514
1732656480.0,0.0001738287408405,0.0001738638753377,0.0001698868931204,0.0001698868931204,682.56140602028,0.1173035131937519,-0.022676616657523494,-0.9390228655397714,2.1292595122870166,0.022878737992753202
1732656540.0,0.0001698868931204,0.0001837781926107,0.0001692398337777,0.0001827434495723,2724.90483360736,0.480442062639979,0.0756771532856775,3.095717592417083,2.0809751105624987,0.08557669497608952
1732656600.0,0.0001827434495723,0.0001856225984666,0.0001746792403131,0.0001813670403508,1788.16729617812,0.32554523513794015,-0.007531920978406686,-0.32240480080136397,2.2384573829882166,0.059883723214770666
1732656660.0,0.0001813670403508,0.0001813670403508,0.0001695644727795,0.0001695644727795,1610.23715987127,0.2825414815061308,-0.06507559228221121,-0.13209762880905873,2.2215974988660183,0.06507559228221121
1732656720.0,0.0001695644727795,0.0001704535228502,0.0001538587547448,0.0001667054370108,3978.62624383833,0.6689461440524177,-0.016861054216338368,1.3676033001826757,2.077025725814633,0.09786701089785278
1732656780.0,0.0001667054370108,0.0001670755365698,0.0001565531903341,0.0001633893813648,3572.68376983818,0.589662200059094,-0.0198917066261322,-0.11852066821557333,2.042004882442943,0.06311939445033404
1732656840.0,0.0001633893813648,0.0001654591884658,0.0001633116580165,0.0001639921845302,622.03344050623,0.10182114089599195,0.003689365614611776,-0.8273229301695314,2.0013859203922584,0.013143635353543551
1732656900.0,0.0001639921845302,0.0001647699616906,0.0001634182633013,0.0001642730974779,120.61057868783,0.01979613281306033,0.001712965459328226,-0.8055793459112617,2.008769764788522,0.008242456146140774
1732656960.0,0.0001642730974779,0.0001642730974779,0.0001589703748198,0.0001589703748198,459.49137243063,0.07426379335765626,-0.03227992129882,2.751429335160924,2.0122107180113473,0.03227992129882
1732657020.0,0.0001589703748198,0.0001912506529659,0.0001520096451981,0.0001545814687945,7205.32485842713,1.129621446599886,-0.02760832658459178,14.210931135171096,1.947256714397299,0.2468447835785845
1732657080.0,0.0001545814687945,0.0001545814687945,0.0001499805935358,0.0001499805935358,436.47466239336,0.06646681166672157,-0.029763433447617227,-0.9411601011411532,1.8934962150821792,0.029763433447617227
1732657140.0,0.0001499805935358,0.0001592706077684,0.0001499805935358,0.0001551999477856,2228.57104120601,0.34005825836422304,0.03480019732389016,4.116211381844911,1.8371392665012656,0.06194144197984188
1732657200.0,0.0001551999477856,0.0001690348044849,0.0001551999477856,0.0001680863828138,2262.36282857002,0.3656954886664406,0.08303118146664511,0.07539070048038213,1.9010720754869765,0.08914214789822027
1732657260.0,0.0001680863828138,0.0001724464704688,0.0001680863828138,0.0001692297881356,653.04644287457,0.110141562781288,0.006802486332677193,-0.6988161839706185,2.0589203359679074,0.02593956501419839
1732657320.0,0.0001692297881356,0.00017358618196,0.0001655236317266,0.0001698041553996,1803.09312990449,0.305654887196373,0.0033940080545379983,1.7751094090005126,2.0729261134134003,0.04764261849066229
1732657380.0,0.0001698041553996,0.0001698041553996,0.0001617948675655,0.0001690282681045,2167.97034203193,0.36728932253784574,-0.0045693068775266845,0.20164714494447022,2.0799616413387874,0.04716779642554529
1732657440.0,0.0001690282681045,0.0001728586789794,0.0001681137708386,0.0001728586789794,377.43633995467,0.06452027899281158,0.02266136261025821,-0.8243339105340767,2.0704576583060263,0.028071684068055
1732657500.0,0.0001728586789794,0.0001728586789794,0.0001667309338465,0.0001697202065871,1631.17348887746,0.2794027979926299,-0.01815629050754254,3.330464814384313,2.1173770500700853,0.035449450204523884
1732657560.0,0.0001697202065871,0.0001708299382427,0.0001697202065871,0.0001708299382427,43.1024469316,0.007339272272537573,0.006538594772629536,-0.973732287846555,2.0789333372350094,0.006538594772629536
1732657620.0,0.0001708299382427,0.0001718292434268,0.0001682095263435,0.0001718292434268,423.57020994799,0.07257011076017829,0.005849707576901895,8.887916412601896,2.0925266398864992,0.02118900890871615
1732657680.0,0.0001718292434268,0.0001718292434268,0.0001684013233647,0.0001684013233647,334.71877622749,0.05694077947581809,-0.019949573156098552,-0.21536871200335206,2.1047673088267125,0.019949573156098552
1732657740.0,0.0001684013233647,0.0001684013233647,0.0001585906707049,0.0001585906707049,1073.13648332145,0.17545351929505948,-0.058257574606783005,2.081333288905397,2.0627780994227094,0.058257574606783005
1732657800.0,0.0001585906707049,0.0001585906707049,0.0001540970303733,0.0001540970303733,239.28654974259,0.037410980568972414,-0.02833483402035425,-0.786775547624904,1.9426056503983529,0.02833483402035425
1732657860.0,0.0001540970303733,0.0001540970303733,0.0001470663558822,0.0001473429768518,699.66860835183,0.10545405517837565,-0.04382987462599568,1.8187995496123455,1.8875622417273132,0.04562498364873224
1732657920.0,0.0001473429768518,0.0001473429768518,0.000145509337359,0.0001461680635317,177.30678364668,0.0260207492675946,-0.007974002868706592,-0.7532503683847864,1.8048306253236417,0.012444702367078694
1732657980.0,0.0001461680635317,0.0001461680635317,0.000138136041989,0.0001407771013152,1773.72835570063,0.254481387710069,-0.0368819431977413,8.779940811581161,1.7904389007397814,0.05495059145363897
1732658040.0,0.0001407771013152,0.0001505300167654,0.0001372047923486,0.0001377809954687,2195.92453016965,0.30584627890256877,-0.021282622092009804,0.2018414456738968,1.7244040349036704,0.09465477192178316
1732658100.0,0.0001377809954687,0.0001379771625851,0.0001324091912742,0.0001324091912742,539.51374885648,0.07288566027694719,-0.03898799087803313,-0.7616918520687124,1.6877041954948788,0.04041175121401171
1732658160.0,0.0001324091912742,0.0001364507908415,0.0001324091912742,0.0001364507908415,589.00971279012,0.07918057042336263,0.03052355752955564,0.0863669221421108,1.6219039997161062,0.03052355752955564
1732658220.0,0.0001364507908415,0.0001498272383835,0.0001364507908415,0.0001498272383835,2075.49114185196,0.297083756881662,0.09803129362246041,2.7519779826441604,1.6714102797588573,0.09803129362246041
1732658280.0,0.0001498272383835,0.000151016117064,0.0001479117312,0.0001495536765613,518.5807642855,0.07762659184228332,-0.0018258483914639417,-0.7387046917102086,1.8352607916574963,0.02071976963263505
1732658340.0,0.0001495536765613,0.0001495536765613,0.0001482850689573,0.0001491516449095,102.38009005929,0.015290738856684836,-0.002688209752136872,-0.8030218963141965,1.8319098836931318,0.008482623986044381
1732658400.0,0.0001491516449095,0.0001491516449095,0.0001429566736945,0.0001436079009724,841.68718488866,0.12320597901130945,-0.03716850686067687,7.057555633254832,1.8269853256787518,0.041534716018444794
1732658460.0,0.0001436079009724,0.0001612105147155,0.0001425327976248,0.0001509678409651,3897.83914671121,0.5741044292977433,0.05125024419174888,3.659712409290173,1.7590790090669053,0.13006051174224495
1732658520.0,0.0001509678409651,0.0001520976910923,0.0001435211135495,0.0001439148858532,915.56723974617,0.1349924821209274,-0.04671826176232114,-0.7648642385740638,1.8492322378341637,0.05681062594504927
1732658580.0,0.0001439148858532,0.0001439148858532,0.0001402834386596,0.0001402834386596,282.09307318918,0.04008518937851581,-0.025233297946011292,-0.7030561350623425,1.7628393220877043,0.025233297946011292
1732658640.0,0.0001402834386596,0.0001402834386596,0.0001372630424733,0.0001372630424733,420.03082601073,0.05828903886331172,-0.02153066830382624,0.4541290628042413,1.7183570722425208,0.02153066830382624
1732658700.0,0.0001372630424733,0.0001411913032957,0.0001372630424733,0.0001411913032957,307.20366985226,0.04277109845327347,0.028618488644998052,-0.266223988465961,1.681359696092533,0.028618488644998052
1732658760.0,0.0001411913032957,0.000141561637584,0.0001394802245148,0.0001411205593482,642.83199612368,0.09073954909638622,-0.0005010503186010148,1.1215155181370262,1.7294776694633147,0.014741793726776977
1732658820.0,0.0001411205593482,0.0001411205593482,0.0001402378240328,0.0001409464708571,73.98705690724,0.010434654707727859,-0.0012336153704610618,-0.8850043359082171,1.7286111141260168,0.0062551857750360795
1732658880.0,0.0001409464708571,0.0001413276696304,0.0001409464708571,0.0001413276696304,38.91096,0.005491778894771747,0.0027045641581652327,-0.4736980716089666,1.726478672886081,0.0027045641581652327
1732658940.0,0.0001413276696304,0.0001413276696304,0.0001383082890401,0.0001390094647444,251.08632933617,0.03519441102339459,-0.01640305038682493,5.4085629989401385,1.7311480452246053,0.021364398055924026
1732659000.0,0.0001390094647444,0.0001391837767634,0.0001303042998428,0.0001345478912475,1218.53278992297,0.16666930410038053,-0.03209546562245665,3.7356753317903624,1.7027519366117327,0.06387677944754977
1732659060.0,0.0001345478912475,0.0001446908811219,0.0001345478912475,0.0001431196066355,1377.7171977521,0.19127364354510196,0.06370754166806215,0.1476237005819793,1.6481013203666393,0.07538572162191694
1732659120.0,0.0001431196066355,0.0001443553613311,0.0001427232422464,0.0001432271750248,278.05405838163,0.03980994237258246,0.0007515978546108185,-0.7918691690358513,1.7530978039070853,0.01140388185146928
1732659180.0,0.0001432271750248,0.0001432339646279,0.0001423716705667,0.0001431127432858,77.77691770176,0.01113531813058611,-0.0007989527055894557,-0.7202880118144777,1.7544154284554248,0.006020464070807026
1732659240.0,0.0001431127432858,0.0001431127432858,0.0001414660762739,0.0001422605468989,120.68264857922,0.01721980224662796,-0.0059547205045055035,0.5464131374324366,1.7530137335021325,0.011506082366205296
1732659300.0,0.0001422605468989,0.000144572177478,0.0001422605468989,0.0001423852484143,447.31611422681,0.06366332554525027,0.0008765713201469598,2.6970996898478923,1.7425750266785676,0.01624927381126118
1732659360.0,0.0001423852484143,0.0001428011002471,0.0001411357946199,0.0001426781080858,179.92966157992,0.025645676631949544,0.0020568118871967314,-0.5971671851524432,1.7441025179701584,0.011695773584314392
1732659420.0,0.0001426781080858,0.0001428318441585,0.0001417739482658,0.0001428318441585,119.10562280222,0.01700292033914472,0.0010775028822750056,-0.33700636629090236,1.747689808761609,0.007414563501667935
1732659480.0,0.0001428318441585,0.0001428893552601,0.0001413631787851,0.0001423495514656,169.23480860116,0.02413130945252813,-0.0033766468236929134,0.4192449868139523,1.7495729495678725,0.010685127563755493
1732659540.0,0.0001423495514656,0.0001424495721397,0.0001416270882689,0.0001424328158219,45.71116034542,0.006508866227313602,0.0005849288279642684,-0.7302729783430092,1.743665259624895,0.005777916841548709
1732659600.0,0.0001424328158219,0.0001424328158219,0.0001416305269527,0.0001416305269527,53.71013123308,0.007628539709465578,-0.00563275299003572,0.17202281365891536,1.7446851797015694,0.00563275299003572
1732659660.0,0.0001416305269527,0.0001434002766392,0.0001414695488413,0.0001432467378947,279.23270290406,0.03977352432962762,0.011411458933142007,4.213779549482608,1.7348577990389344,0.013632144421412916
1732659720.0,0.0001432467378947,0.0001631972404919,0.0001432467378947,0.0001558913895181,2862.5273624458,0.428145537434969,0.08827182949670404,9.764586358670758,1.7546550575675082,0.1392736957951918
1732659780.0,0.0001558913895181,0.0001585980305918,0.0001558913895181,0.0001565886491628,268.833945473,0.04200262084007101,0.004472727113764297,-0.9018963946425559,1.9095416696346368,0.01736235132720881
1732659840.0,0.0001565886491628,0.0001761106167268,0.0001565886491628,0.0001617782689259,3444.8371213866,0.5483610888267003,0.03314173658720647,12.055401731111912,1.9180825284352743,0.12467038746661424
1732659900.0,0.0001617782689259,0.0001657102716937,0.0001617782689259,0.0001636899144668,597.05675796925,0.09716148919929338,0.011816454419941943,-0.8228147635216336,1.9816511143451991,0.024304888375341567
1732659960.0,0.0001636899144668,0.0001660920767915,0.0001636899144668,0.0001660920767915,231.29656528521,0.03813872093548097,0.014675078379292623,-0.6074708071090542,2.0050672044140865,0.014675078379292623
1732660020.0,0.0001660920767915,0.0001718137811354,0.0001652727680632,0.0001718137811354,666.0381728624,0.11252910010656708,0.034448990309649825,1.9505210805819062,2.034491722794612,0.03938184890307027
1732660080.0,0.0001718137811354,0.0001898120645598,0.0001718137811354,0.0001898120645598,1990.93428615529,0.3599866474772381,0.10475459713104285,2.1990538192905147,2.104577908438227,0.10475459713104285
1732660140.0,0.0001898120645598,0.0001898120645598,0.0001734802832791,0.0001836085992018,5171.55976964174,0.9655836409312029,-0.03268214469078496,1.6822762669058624,2.325042119367566,0.08604185049341112
1732660200.0,0.0001836085992018,0.0001836085992018,0.0001605501597429,0.0001727289520202,3189.09226711902,0.5681966645431039,-0.059254562307522546,-0.4115510656382511,2.2490547564102257,0.12558474689715918
1732660260.0,0.0001727289520202,0.0001727289520202,0.0001590269758251,0.0001617990467434,1784.5954941166,0.298498579624682,-0.06327778377027267,-0.4746562268810403,2.115788001213486,0.07932645937374538
1732660320.0,0.0001617990467434,0.0001627200093096,0.0001611001548875,0.0001627200093096,226.64208116189,0.03677483712027198,0.005692014784614818,-0.876800629448519,1.9819056255689618,0.010011520183236693
1732660380.0,0.0001627200093096,0.0001627200093096,0.0001388145717839,0.0001388145717839,3569.38986648099,0.5381472390743647,-0.14691148081374683,13.633572334103235,1.9931866616914116,0.14691148081374683
1732660440.0,0.0001388145717839,0.0001388145717839,0.0001319543741408,0.0001319543741408,478.918892817,0.06483818189574174,-0.049419866768595624,-0.8795159071943469,1.7003646576841176,0.049419866768595624
1732660500.0,0.0001319543741408,0.0001326057346508,0.0001306923890465,0.0001306923890465,143.50945831868,0.01884614735708202,-0.009563798870005075,-0.709335659852613,1.6163328628433398,0.014500054407126957
1732660560.0,0.0001306923890465,0.0001306923890465,0.0001268729615964,0.0001268729615964,362.26318303883,0.04665322188220465,-0.029224559119055287,1.4754779318157705,1.6008745804361266,0.029224559119055287
1732660620.0,0.0001268729615964,0.0001268729615964,0.0001239002792734,0.0001239002792734,300.18988404949,0.037639795049710045,-0.023430384895218908,-0.19320052225444856,1.5540897266179783,0.023430384895218908
1732660680.0,0.0001239002792734,0.0001239002792734,0.0001233900915557,0.0001233900915557,94.53362139642,0.011688627145469224,-0.004117728553090826,-0.6894609247996087,1.5176768061616135,0.004117728553090826
1732660740.0,0.0001233900915557,0.0001314502117913,0.0001208983731947,0.0001215659720769,2223.7849824181,0.2723648078292142,-0.014783354609770786,22.301693555584837,1.5114274250425181,0.08551609342016527
1732660800.0,0.0001215659720769,0.0001223888209445,0.0001195678494046,0.0001195678494046,727.64101650338,0.08772942948807161,-0.016436529385345042,-0.677897338546461,1.4890834574511818,0.023205272756059738
1732660860.0,0.0001195678494046,0.0001216334197584,0.0001195678494046,0.0001216334197584,222.94260868243,0.026887020082356092,0.01727529903804167,-0.6935233679365045,1.4646080934455543,0.01727529903804167
1732660920.0,0.0001216334197584,0.0001216334197584,0.0001149553095589,0.0001149553095589,679.16982178751,0.08034196256368205,-0.054903580058545655,1.9881319059379279,1.4899096362333624,0.054903580058545655
1732660980.0,0.0001149553095589,0.0001149553095589,0.0001118955650643,0.0001122614033727,382.84166987878,0.04349401290155057,-0.023434378077331956,-0.45863890408358415,1.4081082632404252,0.02661681749490893
1732661040.0,0.0001122614033727,0.0001129478108362,0.0001063207416717,0.0001063207416717,969.16702235258,0.10592130332606045,-0.052918113639443966,1.435307672479316,1.375110121825834,0.05903248102554521
1732661100.0,0.0001063207416717,0.0001063207416717,8.07668487419079e-05,8.74749234047996e-05,7363.35859390307,0.7134934879511021,-0.1772543905411516,5.736071645141446,1.3023418881323048,0.24034720345253135
1732661160.0,8.74749234047996e-05,8.74749234047996e-05,8.2704737911522e-05,8.42492072482356e-05,375.89615180984,0.03227521994268306,-0.03687589575399408,-0.9547645206470406,1.0714960704752003,0.05453203395449745
1732661220.0,8.42492072482356e-05,8.5237545194255e-05,8.40336355798599e-05,8.48287012781121e-05,499.4244893825,0.04222082406581612,0.006878332138711513,0.30814984811243024,1.0319836930795425,0.014289862821472571
1732661280.0,8.48287012781121e-05,8.69797606674815e-05,8.48287012781121e-05,8.66732770288847e-05,464.91521414251,0.03986693948523076,0.021744712850490653,-0.05575174413734783,1.0390820196822779,0.025357683861233715
1732661340.0,8.66732770288847e-05,8.86611397635353e-05,8.62250953296916e-05,8.86611397635353e-05,368.26129536741,0.032284439725232976,0.022935128367052797,-0.190195180716263,1.0616765598283768,0.028106061260748872
1732661400.0,8.86611397635353e-05,0.0001032075454115,8.73332610353192e-05,0.0001003900723609,3078.04676689609,0.29095423612870247,0.13228944077017837,8.012212651201672,1.0860262480123317,0.17904444290383012
1732661460.0,0.0001003900723609,0.0001031883511937,9.85264283209886e-05,9.96815162845558e-05,1533.29125754002,0.15338400887611026,-0.0070580293417557265,-0.4728242801446567,1.229696053023618,0.04643808658640959
1732661520.0,9.96815162845558e-05,9.99279408991235e-05,9.24200224789692e-05,9.45966110504227e-05,1309.34627375276,0.12718867104885914,-0.051011515711874476,-0.17078271730666097,1.2210168221999362,0.07531906315230817
1732661580.0,9.45966110504227e-05,9.46799586828523e-05,9.30490294113104e-05,9.31925416964336e-05,314.65583688105,0.029544476507372696,-0.014842702485828984,-0.7677114143599844,1.158730903389821,0.017240884778341112
1732661640.0,9.31925416964336e-05,9.31925416964336e-05,8.54847686569242e-05,8.54847686569242e-05,1044.4374276232,0.09330863520004658,-0.08270804615048254,2.158242968927265,1.1415322053296701,0.08270804615048254
1732661700.0,8.54847686569242e-05,8.54847686569242e-05,8.38049153421413e-05,8.39211486923776e-05,81.0349684087,0.0068639015803237564,-0.01829121127790467,-0.9264387313606284,1.0471183070090018,0.019650907888920516
1732661760.0,8.39211486923776e-05,8.44903977285113e-05,8.39211486923776e-05,8.41291800407085e-05,54.34137911578,0.004566043312108045,0.0024788906202114934,-0.33477436139277017,1.0279652448225383,0.006783141615712969
1732661820.0,8.41291800407085e-05,8.44927707253213e-05,8.06059291446487e-05,8.21906629339341e-05,1198.68980017717,0.09968294967038632,-0.02304214905977199,20.83136314236249,1.0305134582258322,0.046200873214166875
1732661880.0,8.21906629339341e-05,8.23781759779672e-05,8.1733354940294e-05,8.21629676661834e-05,209.34105863339,0.01720298151003486,-0.00033696367399981285,-0.8274230290443995,1.0067682135132914,0.007845429330476507
1732661940.0,8.21629676661834e-05,8.21629676661834e-05,8.11590318410891e-05,8.11590318410891e-05,117.58570249503,0.009602166022477791,-0.012218835974537226,-0.44183128855444936,1.0064289691971997,0.012218835974537226
1732662000.0,8.11590318410891e-05,8.86343371826288e-05,8.11590318410891e-05,8.7256308804e-05,1550.73417490968,0.1305837121586975,0.07512752215735487,12.599401619698408,0.9941315787025566,0.09210688166138407
1732662060.0,8.7256308804e-05,9.37439354251266e-05,8.7256308804e-05,9.15759334402192e-05,1317.13949884046,0.11777350496303331,0.049505012249855686,-0.0980995790661551,1.068818220908859,0.07435137596410907
1732662120.0,9.15759334402192e-05,9.15827566892964e-05,8.90887092608595e-05,8.97387994856856e-05,346.2047953849,0.03138601500644033,-0.020061318356453264,-0.733505298867587,1.1217300800278212,0.027234747544943327
1732662180.0,8.97387994856856e-05,9.85196621419421e-05,8.52211314998687e-05,8.7412377739705e-05,3490.85537332237,0.3092045694538191,-0.02592436893867388,8.85166703674777,1.0992266957823733,0.1481915371978503
1732662240.0,8.7412377739705e-05,8.7816635600006e-05,8.70430866428539e-05,8.7816635600006e-05,134.30362285419,0.011766945660344188,0.004624721014966473,-0.9619444638831521,1.0707299373736716,0.008849421296553247
1732662300.0,8.7816635600006e-05,8.84802602956863e-05,8.7816635600006e-05,8.81133185910969e-05,201.19248570806,0.01769789239710656,0.003378437229618492,0.5040345139648489,1.0756817646163972,0.007556936008150233
1732662360.0,8.81133185910969e-05,8.82416593548781e-05,8.76322541991014e-05,8.82416593548781e-05,112.90613692527,0.009955779643710612,0.0014565421644913102,-0.4374595900843939,1.0793158879371991,0.006916152580800285
1732662420.0,8.82416593548781e-05,9.69672067386645e-05,8.80111500905962e-05,9.69672067386645e-05,957.10917051345,0.0886325520992636,0.09888240370339373,7.90262292569479,1.0808879570367849,0.10149465358589953
1732662480.0,9.69672067386645e-05,0.0001014284594243,9.64904073637363e-05,0.0001014284594243,690.30593400264,0.06847685281635059,0.04600784982554964,-0.22740741189918273,1.187768756362633,0.050924969653629464
1732662540.0,0.0001014284594243,0.00010166990337,8.98334880686909e-05,9.0951522377758e-05,2008.03830339606,0.19315318613258473,-0.10329385959333581,1.8207077017777968,1.2424154429328447,0.11669718113132813
1732662600.0,9.0951522377758e-05,9.0951522377758e-05,8.71821778955859e-05,8.94158903462563e-05,1119.49115317702,0.10095986143298114,-0.01688407177093314,-0.47730677678969274,1.1140815566139473,0.041443445734932374
1732662660.0,8.94158903462563e-05,8.94158903462563e-05,8.71816375830163e-05,8.7614623384062e-05,113.24810203817,0.010024184841400371,-0.02014481939640738,-0.900711186612963,1.0952713236534044,0.0249872003129201
1732662720.0,8.7614623384062e-05,8.77773118690367e-05,8.718666328625e-05,8.77773118690367e-05,22.3563353701,0.0019605604628645697,0.0018568645129197717,-0.8044169681740744,1.0732072806483426,0.006741438357813507
1732662780.0,8.77773118690367e-05,8.78503105334746e-05,8.61059584825323e-05,8.61059584825323e-05,322.03898510565,0.02799859595543532,-0.0190408358483117,13.280914302702323,1.0752000811627855,0.019872470616836224
1732662840.0,8.61059584825323e-05,8.61059584825323e-05,8.61059584825323e-05,8.61059584825323e-05,0.0,0.0,0.0,-1.0,1.0547273729132736,0.0
1732662900.0,8.61059584825323e-05,8.61059584825323e-05,8.23753817231273e-05,8.43400582988644e-05,834.41778522129,0.07111159391126194,-0.020508455103326426,0.0,1.0547273729132736,0.0433254193455357
1732662960.0,8.43400582988644e-05,8.63549717384372e-05,8.43400582988644e-05,8.63549717384372e-05,109.40232010757,0.009337216158456074,0.023890349143853132,-0.8686962892421212,1.0330965439396322,0.023890349143853132
1732663020.0,8.63549717384372e-05,8.80172688026771e-05,8.62837228081479e-05,8.80172688026771e-05,319.51899269367,0.027857621325717587,0.019249581474878822,1.9835039537441637,1.057777581073658,0.020074651865789325
1732663080.0,8.80172688026771e-05,0.0001011051775693,8.80172688026771e-05,9.70911872504904e-05,2921.67196947937,0.27041309368207167,0.10309247913788151,8.70696997135329,1.0781393568028357,0.14869705621023338
1732663140.0,9.70911872504904e-05,9.74625349898232e-05,9.49747788337885e-05,9.49747788337885e-05,542.29280783804,0.052077996018984676,-0.021798151579315677,-0.8074131865810704,1.189287415951761,0.02562288325526831
1732663200.0,9.49747788337885e-05,9.58895864244602e-05,9.112030902e-05,9.112030902e-05,932.24649257544,0.08674324646860634,-0.040584140980565425,0.6656410211519024,1.163363148587472,0.05021625175676076
1732663260.0,9.112030902e-05,9.17375300037259e-05,9.04699123817839e-05,9.04699123817839e-05,203.19234429768,0.018448871394081606,-0.007137779109960511,-0.7873163370619461,1.1161490545536035,0.013911471938311545
1732663320.0,9.04699123817839e-05,9.04699123817839e-05,8.95953618986634e-05,8.95953618986634e-05,92.61151690431,0.00833805909645143,-0.009666755058078094,-0.5480450311379872,1.1081822291484087,0.009666755058078094
1732663380.0,8.95953618986634e-05,9.26720097761406e-05,8.91593173859046e-05,9.26720097761406e-05,710.93270070444,0.06478991739753417,0.03433936547917545,6.7703835686542355,1.097469702979516,0.03920618563055772
1732663440.0,9.26720097761406e-05,9.26720097761406e-05,9.21721403242391e-05,9.21721403242391e-05,687.08379597246,0.06350171015713603,-0.005393963647804692,-0.019882835048145517,1.1351561162124517,0.005393963647804692
1732663500.0,9.21721403242391e-05,9.21721403242391e-05,8.92680110190086e-05,9.00665560482693e-05,65.19587973317,0.005940606065715871,-0.022844042338203918,-0.9064496680323137,1.1290331253870185,0.031507669183057745
1732663560.0,9.00665560482693e-05,9.00665560482693e-05,8.90294981163298e-05,8.90294981163298e-05,84.15602946718,0.0075360064058658345,-0.011514350913825468,0.26855851448512263,1.1032414448694428,0.011514350913825468
1732663620.0,8.90294981163298e-05,8.96747293909933e-05,8.90294981163298e-05,8.94196958441457e-05,58.41382488951,0.005211949983840712,0.0043827915024977826,-0.30839363674321413,1.0905383357305403,0.0072473875323930724
1732663680.0,8.94196958441457e-05,8.98915146666128e-05,8.94196958441457e-05,8.98468459924476e-05,29.1200013741,0.002610120972305876,0.004776913455916956,-0.49920452414194794,1.095317937881528,0.005276453000796002
1732663740.0,8.98468459924476e-05,9.10713738811869e-05,8.98468459924476e-05,9.06412487905126e-05,201.39841571258,0.01817500817213508,0.00884174385077215,5.963281918722187,1.1005501768775017,0.013629058151270352
1732663800.0,9.06412487905126e-05,9.06412487905126e-05,9.06412487905126e-05,9.06412487905126e-05,0.0,0.0,0.0,-1.0,1.1102809596363745,0.0
1732663860.0,9.06412487905126e-05,9.23984144871689e-05,8.94515107934405e-05,8.94515107934405e-05,1091.39596310206,0.09827625539691813,-0.013125790001214383,0.0,1.1102809596363745,0.03251172874437336
1732663920.0,8.94515107934405e-05,9.61210903610192e-05,8.94515107934405e-05,9.55664297727689e-05,992.245483902,0.09179160798383496,0.06836015317224592,-0.06598386748551806,1.0957076449178407,0.07456083758026125
1732663980.0,9.55664297727689e-05,9.6005706744506e-05,9.52937254563661e-05,9.55474002313479e-05,67.2827582674,0.006429332812861983,-0.00019912370344113013,-0.9299572918039063,1.170610387356425,0.007450119145737645
1732664040.0,9.55474002313479e-05,9.64393736835e-05,9.51239889703717e-05,9.64393736835e-05,160.92748415817,0.015447974258879924,0.009335402637773233,1.4027336441467155,1.170377291080808,0.01376682892410853
1732664100.0,9.64393736835e-05,9.64393736835e-05,9.63711027016766e-05,9.63711027016766e-05,11.25811723101,0.0010853414732556019,-0.0007079160639040236,-0.9297421490308532,1.1813032343311536,0.0007079160639040236
1732664160.0,9.63711027016766e-05,9.63711027016766e-05,9.63506134751384e-05,9.63506134751384e-05,1.60628226696,0.00015478273757645806,-0.00021260757596215773,-0.8573879821323237,1.1804669707952289,0.00021260757596215773
1732664220.0,9.63506134751384e-05,9.75467643564051e-05,9.63506134751384e-05,9.75467643564051e-05,98.5910642482,0.009558274417673608,0.012414564247433134,60.752845099745734,1.1802159945740647,0.012414564247433134
1732664280.0,9.75467643564051e-05,0.000106048685964,9.75467643564051e-05,0.0001026080985644,3812.4213288481,0.3815373342359725,0.051886233658170106,38.91696801783549,1.1948678618645525,0.08715739228962585
1732664340.0,0.0001026080985644,0.0001083425368102,0.0001026080985644,0.0001047542842119,2281.82721495215,0.23658256418814314,0.020916337769898166,-0.3799228988641463,1.2568650549358948,0.05588679963892799
1732664400.0,0.0001047542842119,0.0001149255726165,0.0001024944604743,0.0001036222312901,2980.97964365173,0.3105830754632706,-0.010806745808219529,0.3127893702947537,1.2831540689561156,0.11866924809541896
1732664460.0,0.0001036222312901,0.0001067892170118,0.0001036222312901,0.0001058207785576,394.3374097223,0.04129560699389209,0.02121694582453984,-0.8670384503975468,1.2692873491001244,0.0305628018454238
1732664520.0,0.0001058207785576,0.0001065028383199,0.0001058207785576,0.0001065028383199,20.5361623873,0.0021801561374276053,0.0064454237777956105,-0.9472061002093983,1.2962177500217555,0.0064454237777956105
1732664580.0,0.0001065028383199,0.0001065942747207,0.0001060263424675,0.0001060263424675,5.08223234166,0.0005400613380721148,-0.004474020222529224,-0.7522831833919289,1.3045724227289464,0.0053325550958004475
1732664640.0,0.0001060263424675,0.0001062692647761,0.0001052922736323,0.0001062692647761,178.79747974856,0.01897895976842291,0.002291150509831726,34.142230021821405,1.2987357393279033,0.009214607625453853
1732664700.0,0.0001062692647761,0.0001072519630224,0.0001062692647761,0.0001068084754202,68.77777208198,0.007327506125482236,0.0050740037134543794,-0.6139142389840722,1.301711338379201,0.009247248001296107
1732664760.0,0.0001068084754202,0.0001075679455555,0.0001068084754202,0.0001075679455555,49.6598560524,0.005322951103340984,0.007110579308543872,-0.2735657927558988,1.3083162265439827,0.007110579308543872
1732664820.0,0.0001075679455555,0.0001130189238064,0.0001075679455555,0.000112877410924,769.108754787,0.08477322681026228,0.049359177969617044,14.925982629645768,1.3176191128334787,0.050674745369079795
1732664880.0,0.000112877410924,0.0001142062283632,0.0001122269157043,0.0001132665811068,463.62438692861,0.05242293483143406,0.003447724213501269,-0.38160977464304846,1.3826557091199951,0.01753506430292469
1732664940.0,0.0001132665811068,0.0001140352750657,0.0001102838560055,0.0001103857802225,497.62946031971,0.055648001933764166,-0.025433811598706845,0.061520155494924324,1.387422724687264,0.033120263925532877
1732665000.0,0.0001103857802225,0.0001103857802225,0.0001082689612497,0.0001087319071929,218.89248649788,0.023981607717011067,-0.014982663765807197,-0.5690481799228746,1.3521352764998036,0.019176554883547726
1732665060.0,0.0001087319071929,0.0001087319071929,0.0001049527053467,0.0001049527053467,351.99812970142,0.037608291979955896,-0.034757063899333245,0.5682139589531733,1.3318766882861204,0.034757063899333245
1732665120.0,0.0001049527053467,0.0001056781277703,0.0001049527053467,0.0001055676500135,58.75821702768,0.006184900364499473,0.005859255030812205,-0.8355442366859989,1.2855845651253273,0.006911898280312461
1732665180.0,0.0001055676500135,0.0001057300198598,0.0001055676500135,0.0001057300198598,22.875888,0.0024168109153412925,0.0015380644191589723,-0.6092401214393891,1.2931171329560724,0.0015380644191589723
1732665240.0,0.0001057300198598,0.0001083168141661,0.0001057300198598,0.0001083168141661,259.56013986725,0.027779013088952323,0.024466034431187514,10.494077965561273,1.295106030408077,0.024466034431187514
1732665300.0,0.0001083168141661,0.0001251749971302,0.0001083168141661,0.0001251749971302,1905.44923649383,0.22245339678104814,0.15563772895174496,7.007966160234742,1.3267921391400794,0.15563772895174496
1732665360.0,0.0001251749971302,0.0001263685907602,0.0001209729100033,0.0001209729100033,580.00983318916,0.07138410327818108,-0.03356970020561873,-0.6791053572967396,1.5332910544668692,0.043105099904957186
1732665420.0,0.0001209729100033,0.0001209729100033,0.0001169862083919,0.0001169862083919,690.18573938736,0.08211799503677772,-0.03295532538062651,0.15036809689640676,1.4818189334404592,0.03295532538062651
1732665480.0,0.0001169862083919,0.0001169862083919,0.0001081820677736,0.0001081820677736,1271.23554448803,0.14312095807634026,-0.07525793629285278,0.7428696111277618,1.432985108333756,0.07525793629285278
1732665540.0,0.0001081820677736,0.0001085679302576,0.0001067655075893,0.0001072313740578,298.52573322924,0.032153227835076466,-0.008787904829010833,-0.7753422820302388,1.3251416063421675,0.016661011435574066
1732665600.0,0.0001072313740578,0.0001074663532239,0.0001064468032942,0.0001064468032942,143.87845099858,0.01537184258480281,-0.007316615780537284,-0.5219191471646457,1.31349638802067,0.009507944280844921
1732665660.0,0.0001064468032942,0.0001064468032942,0.0001057889464507,0.0001057889464507,24.94427319377,0.0026470332615606937,-0.006180146544014164,-0.8277998719439366,1.3038860396203993,0.006180146544014164
1732665720.0,0.0001057889464507,0.0001067421808344,0.0001057889464507,0.0001067421808344,114.4538025,0.012162497833695598,0.00901071818636774,3.594765774316178,1.2958278328188508,0.00901071818636774
1732665780.0,0.0001067421808344,0.0001087444019335,0.0001067421808344,0.0001087444019335,389.53673976185,0.041969970456914904,0.018757543488888,2.4507689975195044,1.3075041722384333,0.018757543488888
1732665840.0,0.0001087444019335,0.0001092309710008,0.0001087444019335,0.0001092309710008,18.4464,0.002010430459647636,0.00447442864780792,-0.9520983589513965,1.3320297386110982,0.00447442864780792
1732665900.0,0.0001092309710008,0.0001092309710008,0.0001079913117792,0.0001079913117792,93.52584375996,0.010157948640232064,-0.011348971910090625,4.052623726170776,1.3379898106332717,0.011348971910090625
1732665960.0,0.0001079913117792,0.0001079913117792,0.0001078768208824,0.0001079000130786,12.8127419637,0.0013830799188021617,-0.0008454263504703067,-0.8638425958047997,1.3228050018564073,0.001060186184552366
1732666020.0,0.0001079000130786,0.0001079000130786,0.0001078745033718,0.0001078745033718,7.8765016917,0.0008497741719236626,-0.0002364198675436593,-0.38559286388915043,1.321686667651304,0.0002364198675436593
1732666080.0,0.0001078745033718,0.0001086314624078,0.0001074709625506,0.0001086314624078,86.91107206457,0.00940838279714007,0.00701703379705081,10.071627154590962,1.3213741946644035,0.010757869755378775
1732666140.0,0.0001086314624078,0.0001089748105017,0.0001086314624078,0.0001087465370598,92.26190685968,0.010027854370111638,0.0010593123709226682,0.06584251367406868,1.3306463220469145,0.0031606689838261613
1732666200.0,0.0001087465370598,0.0001190299627821,0.0001086202745517,0.0001190299627821,1193.0594967606,0.13587545813763405,0.09456324771652383,12.549803689073855,1.3320558921571815,0.09572431924591479
1732666260.0,0.0001190299627821,0.0001242943814239,0.0001190299627821,0.0001195626117107,1832.56503588216,0.21861820491830747,0.004474914686607788,0.6089602045489316,1.4580194234594963,0.044227676114099196
1732666320.0,0.0001195626117107,0.0001197204112638,0.0001186539767455,0.0001193004447396,185.54167504018,0.02215952579950287,-0.002192716998641263,-0.8986382410020092,1.4645439359908945,0.008919464898277822
1732666380.0,0.0001193004447396,0.0001270418993118,0.0001193004447396,0.0001264988321796,1107.93383101268,0.13616466726861795,0.060338311862223944,5.144746440001559,1.4613326056071902,0.06489040832242868
1732666440.0,0.0001264988321796,0.0001304417856858,0.0001264988321796,0.0001304417856858,820.4531923836,0.10540387509034105,0.031169880687925096,-0.22590876763642181,1.5495069480987533,0.031169880687925096
1732666500.0,0.0001304417856858,0.0001410677808027,0.0001304417856858,0.0001410677808027,1195.61795523808,0.16231085635627895,0.08146158886919294,0.539894583734832,1.5978048947961023,0.08146158886919294
1732666560.0,0.0001410677808027,0.0001419779239566,0.0001327907265735,0.0001382563053218,3222.39933333438,0.4500468744559119,-0.019929961787888282,1.772746596001198,1.7279646202291665,0.0651261211512882
1732666620.0,0.0001382563053218,0.0001394676260298,0.0001378255616604,0.000138202112661,242.3584510036,0.033501016974608604,-0.00039197243607708073,-0.9255610495793134,1.6935263513771763,0.011876958273823327
1732666680.0,0.000138202112661,0.0001389516342624,0.0001368493183995,0.0001381346188336,463.19085021207,0.06399832280290414,-0.0004883704460116441,0.910339702565159,1.6928625357276663,0.015211893815667281
1732666740.0,0.0001381346188336,0.0001383529140311,0.0001381346188336,0.0001383529140311,5.94003868,0.0008211733198770447,0.0015803076690208242,-0.9871688306206708,1.6920357916960567,0.0015803076690208242
1732666800.0,0.0001383529140311,0.0001384831569322,0.0001382788912714,0.0001384831569322,37.9662437,0.0052552128675715706,0.000941381697755308,5.399639077848316,1.6947097288339317,0.0014764102529424806
1732666860.0,0.0001384831569322,0.0001387999449341,0.0001364229870091,0.0001364229870091,197.38715629544,0.02713147100035905,-0.014876682253197293,4.162772980668332,1.6963050975556637,0.017164238436330213
1732666920.0,0.0001364229870091,0.0001364229870091,0.0001358605340228,0.0001363846803549,55.4443848133,0.00756282664467418,-0.0002807932522210884,-0.7212526130789556,1.6710697056148494,0.004122860806899556
1732666980.0,0.0001363846803549,0.0001367764214719,0.0001260660297204,0.0001296611142154,1964.62234182691,0.2613397559809519,-0.04929854381008157,33.5558305458436,1.6706004805175216,0.07853075377402667
1732667040.0,0.0001296611142154,0.0001296611142154,0.0001289759233999,0.0001289759233999,14.39070718332,0.0018609849375415515,-0.005284474220711276,-0.9928790591750717,1.5882423095395852,0.005284474220711276
1732667100.0,0.0001289759233999,0.0001289759233999,0.0001276524031989,0.0001276524031989,164.27134896278,0.02107834069622288,-0.010261761777787894,10.326443471416999,1.5798492839985803,0.010261761777787894
1732667160.0,0.0001276524031989,0.0001279827331387,0.0001273176776136,0.0001279827331387,98.33338413384,0.01256873402979589,0.0025877298940099186,-0.4037133087972083,1.5636372470013782,0.005209894278792129
1732667220.0,0.0001279827331387,0.00012811458585,0.000127139564563,0.0001276855492908,130.59718147887,0.0166947785394182,-0.0023220620517453374,0.3282784487157548,1.5676835178488309,0.007618381504193502
1732667280.0,0.0001276855492908,0.0001281483381329,0.0001272307198061,0.0001281483381329,92.55279199417,0.011839070283892804,0.003624441799956823,-0.29085191181545406,1.5640432594428875,0.00718654798367331
1732667340.0,0.0001281483381329,0.0001281483381329,0.0001281483381329,0.0001281483381329,0.0,0.0,0.0,-1.0,1.569712043209353,0.0
1732667400.0,0.0001281483381329,0.0001283497701704,0.0001270424094266,0.0001270424094266,235.36609765561,0.0300316252054487,-0.008630066705610144,0.0,1.569712043209353,0.010201932875978105
1732667460.0,0.0001270424094266,0.0001270424094266,0.000126182124289,0.000126182124289,14.03718573957,0.0017772799067909417,-0.006771637451484474,-0.940819722721217,1.5561653235678568,0.006771637451484474
1732667520.0,0.000126182124289,0.000126182124289,0.0001258447756172,0.0001258447756172,53.42925519848,0.006732804775985069,-0.0026735060429586687,2.78826359891832,1.5456275361820833,0.0026735060429586687
1732667580.0,0.0001258447756172,0.0001337681819996,0.0001258447756172,0.0001322386155514,921.58979164026,0.1189235093464409,0.05080735296989235,16.663293872803752,1.541495291623937,0.06296174269881293
1732667640.0,0.0001322386155514,0.0001361787656914,0.0001322386155514,0.0001353960119243,313.56954764767,0.04196103453620396,0.023876508081504898,-0.6471594660567443,1.6198145870069016,0.029795760667718923
1732667700.0,0.0001353960119243,0.0001413937120008,0.0001353960119243,0.0001385844964787,903.99835262722,0.1238389641241401,0.023549324009503884,1.951284816805265,1.6584901030841115,0.044297464831189466
1732667760.0,0.0001385844964787,0.0001389335740613,0.0001382366879393,0.0001389335740613,45.4689517854,0.006309227884480248,0.0025188790338727188,-0.9490529662525626,1.6975464238881945,0.005028600887597213
1732667820.0,0.0001389335740613,0.0001391267921658,0.0001378908722474,0.0001378908722474,256.03871126124,0.03543888723924294,-0.0075050384397362425,4.61699274271219,1.7018223379843522,0.008895761350346273
1732667880.0,0.0001378908722474,0.0001386496651625,0.0001375222938815,0.0001386496651625,102.28571939076,0.014143073904839501,0.005502850933733907,-0.6009165352918222,1.6890500959201777,0.008175822392197914
1732667940.0,0.0001386496651625,0.0001471025181342,0.0001386496651625,0.0001471025181342,635.93524012745,0.09085994165086501,0.0609655491182982,5.424341855399229,1.6983446868176355,0.0609655491182982
1732668000.0,0.0001471025181342,0.0001525112174036,0.0001465087001614,0.0001497280626973,866.95001981072,0.12866863896614822,0.017848399853391754,0.4161206426982474,1.8018852032416168,0.04080499313223166
1732668060.0,0.0001497280626973,0.0001512575121256,0.0001497280626973,0.0001512575121256,126.35601183617,0.019015668427419394,0.010214848177071757,-0.8522120962791697,1.8340459708389834,0.010214848177071757
1732668120.0,0.0001512575121256,0.0001518930565094,0.0001505199913285,0.0001505199913285,91.68400726844,0.01383408541006869,-0.004875928386866399,-0.27249018550824056,1.8527804719808736,0.0090776660385624
1732668180.0,0.0001505199913285,0.0001532315328165,0.0001467629015169,0.0001532315328165,1197.31288008213,0.1818428061016933,0.01801449404871566,12.144548462115528,1.8437464470829104,0.04297523034985194
1732668240.0,0.0001532315328165,0.0001532315328165,0.0001500223934156,0.0001509396106888,481.0547809338,0.07316149140266276,-0.014957248586977466,-0.5976662867721689,1.876960606481226,0.020943074456763803
1732668300.0,0.0001509396106888,0.0001517476712012,0.0001508751356953,0.0001517476712012,38.62318440339,0.00584537335249918,0.005353535156957561,-0.9201031411411819,1.8488864401021226,0.005780692701659023
1732668360.0,0.0001517476712012,0.0001517929927499,0.0001504604710945,0.0001505984649387,124.41143662992,0.01880765857833517,-0.0075731393661802515,2.217529051466659,1.8587845186604313,0.008781167083831233
1732668420.0,0.0001505984649387,0.0001506562887048,0.000143810173007,0.000143810173007,853.53858910428,0.12564456672614277,-0.04507543907876573,5.680500191069753,1.8447076844489176,0.045459398942656264
1732668480.0,0.000143810173007,0.000143810173007,0.0001389163936667,0.0001389163936667,293.02697175842,0.041423254834024675,-0.03402943782052038,-0.6703139983417542,1.7615566756004093,0.03402943782052038
1732668540.0,0.0001389163936667,0.0001395037598354,0.0001385872256067,0.0001393692045861,89.12451884711,0.012401035023180478,0.003259593108113643,-0.7006262527445241,1.7016118922407426,0.006597739867182392
1732668600.0,0.0001393692045861,0.0001393692045861,0.0001385083730487,0.0001393325664709,87.87625065564,0.01224563334578786,-0.0002628853002986484,-0.012531347351421435,1.7071584546373748,0.006176626608126905
1732668660.0,0.0001393325664709,0.0001583264151162,0.0001393325664709,0.0001473321508014,3309.88070620017,0.47441300842395623,0.057413600661484654,37.74140234544426,1.70670966777437,0.13632023816389632
1732668720.0,0.0001473321508014,0.0001473321508014,0.0001392656652099,0.0001392656652099,765.93571685702,0.1097577518281357,-0.05475034164385078,-0.7686451469938376,1.804698015085063,0.05475034164385078
1732668780.0,0.0001392656652099,0.0001402603338136,0.0001378975525767,0.0001378975525767,257.67734002296,0.035709340355727724,-0.009823761162796336,-0.6746531360113568,1.7058901821951764,0.016965999719592232
1732668840.0,0.0001378975525767,0.0001453992937511,0.0001313427573408,0.0001318069848574,3090.3854882076,0.416745494295043,-0.04416733731305613,10.67048985345364,1.6891319244753318,0.10193463297676447
1732668900.0,0.0001318069848574,0.0001322706556467,0.0001274455450646,0.0001274455450646,583.25700123814,0.07560542658285345,-0.03308959534670018,-0.8185812981355783,1.6145274650007782,0.036607396696921785
1732668960.0,0.0001274455450646,0.0001274455450646,0.0001251440299734,0.0001257458000497,237.29528255048,0.030040555889116954,-0.013337029662656564,-0.6026666702793282,1.5611034045077687,0.018058811628396978
1732669020.0,0.0001257458000497,0.0001257458000497,0.0001241141196397,0.0001249143899501,228.94128893344,0.028693233491427585,-0.00661183195996517,-0.0448501153794386,1.5402829220953744,0.012976023130435317
1732669080.0,0.0001249143899501,0.0001249143899501,0.0001245656786549,0.0001245656786549,5.75690214666,0.0007181161712505042,-0.002791602275280623,-0.974972629994279,1.5300988302436758,0.002791602275280623
1732669140.0,0.0001245656786549,0.0001255215085462,0.0001244367179808,0.0001252749940763,109.72249626145,0.013706571139853622,0.005694308649536545,18.086843728898966,1.5258274028677634,0.008708583111447038
1732669200.0,0.0001252749940763,0.0001364930029861,0.0001252749940763,0.0001364930029861,1556.61860556762,0.20373646728475095,0.08954707196368,13.864145467596991,1.534515935045613,0.08954707196368
1732669260.0,0.0001364930029861,0.0001371923845843,0.0001364930029861,0.0001365155504819,114.63233182403,0.015647803545971107,0.00016519158716354505,-0.9231958629963821,1.6719273439105564,0.005123937366014307
1732669320.0,0.0001365155504819,0.0001388603652948,0.0001365155504819,0.0001372872321018,274.63462631182,0.037597862439005474,0.005652701228365325,1.402756548454107,1.6722035322421192,0.01717617373715159
1732669380.0,0.0001372872321018,0.0001372872321018,0.0001372872321018,0.0001372872321018,0.0,0.0,0.0,-1.0,1.681655999202901,0.0
1732669440.0,0.0001372872321018,0.0001379906811721,0.0001372872321018,0.0001379906811721,35.5136952249,0.0048880679570778695,0.005123922010303068,0.0,1.681655999202901,0.005123922010303068
1732669500.0,0.0001379906811721,0.0001379906811721,0.000137146913124,0.000137146913124,16.76054461248,0.0023057279618851037,-0.006114674128231047,-0.5282946182148645,1.6902726733909748,0.006114674128231047
1732669560.0,0.000137146913124,0.0001635984482324,0.000137146913124,0.0001512534456499,2452.02681842318,0.3535827070782348,0.10285709101703025,152.3497068705168,1.679937206805335,0.19287007272620216
1732669620.0,0.0001512534456499,0.0001631644389442,0.0001512534456499,0.0001622277653042,152.49206251885,0.02390169820964871,0.07255583241192276,-0.9324013937017566,1.852730660988607,0.07874857490433568
1732669680.0,0.0001622277653042,0.0001622277653042,0.0001608745804299,0.000161540151749,40.59398753281,0.006571515394190731,-0.00423856886588205,-0.7250607326496189,1.9871570763317272,0.00834126557659591
1732669740.0,0.000161540151749,0.0001798740939189,0.000161540151749,0.0001798740939189,1618.45462022082,0.2762817316552095,0.11349464496224541,41.04231673860866,1.9787343742163706,0.11349464496224541
1732669800.0,0.0001798740939189,0.0002095152661026,0.0001794496531627,0.000204492803594,5104.1922890315,0.9809412772221525,0.13686634433416445,2.5505108185956176,2.2033101294926483,0.1671480994559213
1732669860.0,0.000204492803594,0.0002049501157076,0.0002036432125244,0.0002046783701238,214.8901052694,0.043963418296711,0.0009074477269548514,-0.9551824157902628,2.5048691323507417,0.006390949511332007
1732669920.0,0.0002046783701238,0.0002437194019926,0.0002006262703394,0.0002406780685457,4142.91883536462,0.9225377891073897,0.17588423437281384,19.984214259253967,2.5071421701512127,0.21054072116723938
1732669980.0,0.0002406780685457,0.0002511200694217,0.0002406780685457,0.000249941431591,983.52347053098,0.24126789674231092,0.03848860472112816,-0.7384736976728596,2.9481089512120535,0.04338575982056006
1732670040.0,0.000249941431591,0.0002793417422277,0.000232802920378,0.0002348725722919,10928.42404251038,2.649126508089803,-0.06028956145117412,9.980020731557314,3.061577551310074,0.18619890889420584
1732670100.0,0.0002348725722919,0.0002357167771544,0.000228568296897,0.0002300652559865,650.47772679795,0.15121585082045463,-0.020467763683472782,-0.942918599637021,2.87699638339283,0.030435568477173436
1732670160.0,0.0002300652559865,0.0002300652559865,0.0002160298527102,0.0002243951932219,2273.22880133479,0.5165462911040407,-0.024645454352884674,2.415953342863238,2.81811070129934,0.06100618372868784
1732670220.0,0.0002243951932219,0.0002267174680742,0.0002243951932219,0.0002267174680742,76.197520734,0.017186833181239747,0.010349040097323126,-0.9667274095715498,2.7486570826490913,0.010349040097323126
1732670280.0,0.0002267174680742,0.0002274559225743,0.0002258022892731,0.0002274559225743,99.05750348955,0.02249464111451227,0.0032571574937415113,0.3088298977071733,2.7771030450112177,0.007293806318703153
1732670340.0,0.0002274559225743,0.0002286244958933,0.0002256420062345,0.0002256420062345,605.28872702334,0.13712753427279525,-0.007974803730192905,5.0960089816382235,2.7861485070051684,0.013112385138381059
1732670400.0,0.0002256420062345,0.0002256420062345,0.0002109479732754,0.0002119692230902,1058.39852587272,0.23158354001130566,-0.06059502560037724,0.6888186697108105,2.763929519498632,0.0651209994287549
1732670460.0,0.0002119692230902,0.0002119692230902,0.000209370712269,0.0002097875073097,195.47656844676,0.04122177918894888,-0.01029260639206857,-0.8220003926577145,2.596449139506974,0.012258906190802207
1732670520.0,0.0002097875073097,0.0002097875073097,0.0002011349146354,0.0002025123579093,917.88733533434,0.18922241232228773,-0.03467865886627845,3.5903504420550645,2.569724910497004,0.04124455638593651
1732670580.0,0.0002025123579093,0.0002025123579093,0.0001978420879056,0.0001978420879056,433.064169565,0.08668958280424272,-0.023061654369713545,-0.5418640860756434,2.4806102969457005,0.023061654369713545
1732670640.0,0.0001978420879056,0.0002032480597546,0.0001910676185199,0.0001910676185199,2531.70679650196,0.4923026734915102,-0.03424180091008966,4.678913862155722,2.423403319651586,0.06156648144813298
1732670700.0,0.0001910676185199,0.0001921628200624,0.0001817401973007,0.0001921628200624,1892.70926960254,0.362671901749283,0.005732010222265562,-0.2633151894602959,2.340421625655226,0.05454939378236116
1732670760.0,0.0001921628200624,0.000197400433315,0.0001889418347259,0.0001952606756109,1479.13199702652,0.2865252444251218,0.016120993371631778,-0.20996017876455672,2.353836946337893,0.044017872897334095
1732670820.0,0.0001952606756109,0.0001978826691608,0.0001951798024336,0.0001968587967275,463.82171191463,0.09093676246752905,0.008184551813108551,-0.6826221624904896,2.3917831361477084,0.013842350584641363
1732670880.0,0.0001968587967275,0.0002126429933423,0.0001968587967275,0.0002126429933423,1354.37477959538,0.2773094483348495,0.08018029611675985,2.0494757104847325,2.4113588091512286,0.08018029611675985
1732670940.0,0.0002126429933423,0.0002199969703668,0.0001413961161132,0.0001413961161132,9669.38940040966,1.7116710061497435,-0.33505396114515296,5.172422239587419,2.6047022725127316,0.36963764015056466
1732671000.0,0.0001413961161132,0.0001572160734381,0.0001327676556363,0.0001327676556363,5705.92674062881,0.7821791982685627,-0.061023320258614115,-0.5430318119204417,1.7319864585035591,0.1729072797319759
1732671060.0,0.0001327676556363,0.0001920449792594,0.0001210775486487,0.0001256102626912,17315.34039150855,2.236950802745029,-0.053909161164273044,1.8598955427308201,1.6262948941627136,0.53452348970525
1732671120.0,0.0001256102626912,0.0001291958333748,0.000119184355276,0.000119184355276,4345.47903547962,0.531874940187355,-0.0511575031969914,-0.7622321691050713,1.5386227006126614,0.0797027080773821
1732671180.0,0.000119184355276,0.0001202607960835,0.0001128257906133,0.0001128257906133,1676.27215998379,0.19445607419400557,-0.053350665428992076,-0.6343951190377429,1.4599106048871056,0.06238239450960205
1732671240.0,0.0001128257906133,0.0001128257906133,0.0001066721030791,0.0001066721030791,438.92315928017,0.04817135447740556,-0.05454149712357168,-0.7522764219268059,1.3820234026495362,0.05454149712357168
1732671300.0,0.0001066721030791,0.0001095009093619,0.0001029249641499,0.0001095009093619,1662.39146183418,0.1796820850804462,0.026518707339090994,2.7300608843109204,1.3066457772092177,0.06164634447231029
1732671360.0,0.0001095009093619,0.0001159075471287,0.0001067363738867,0.0001159075471287,1916.12093934294,0.21595493169330535,0.05850762157258525,0.2018723602668529,1.3412963341708881,0.08375431122393065
1732671420.0,0.0001159075471287,0.0001163072190307,0.0001129129465769,0.0001130447444698,994.6806039784,0.11386720184471737,-0.024699018569698788,-0.472727013215752,1.4197723925072543,0.02928430924373812
1732671480.0,0.0001130447444698,0.0001168086707964,0.000110283962196,0.0001164867159881,1049.63794632621,0.12046246538614293,0.03044786853598064,0.05792066051135281,1.3847054078199719,0.05771792957737265
1732671540.0,0.0001164867159881,0.0001164867159881,0.0001099035441779,0.0001102054066082,1108.31469631775,0.1256231055064722,-0.05392296732394517,0.04284023329413714,1.426866736038336,0.05651435663163956
1732671600.0,0.0001102054066082,0.0001106773423792,0.0001042325613113,0.0001042325613113,1041.01084094808,0.11161612465753804,-0.05419738904584359,-0.11150003649776452,1.3499258476553164,0.05847971770398115
1732671660.0,0.0001042325613113,0.0001042325613113,9.91772884605307e-05,9.98466039037052e-05,774.849674326,0.07906533735178438,-0.04207857268800805,-0.2916315846444802,1.276763391306901,0.048499938859520704
1732671720.0,9.98466039037052e-05,0.0001056110667414,9.76728776753665e-05,9.77621189748096e-05,2289.923777394,0.22625445656998638,-0.020876873598083975,1.8616137507048804,1.223039010140406,0.0795038464572046
1732671780.0,9.77621189748096e-05,9.77621189748096e-05,9.73224411175945e-05,9.73224411175945e-05,49.2494282096,0.004803901518536126,-0.004497425606418991,-0.9787677043300574,1.1975057793201789,0.004497425606418991
1732671840.0,9.73224411175945e-05,9.73224411175945e-05,9.49317052771256e-05,9.49317052771256e-05,277.27829605583,0.026653951060998046,-0.024565103515849764,4.548396643468287,1.1921200861644297,0.024565103515849764
1732671900.0,9.49317052771256e-05,9.543783633454e-05,9.33711824747533e-05,9.33711824747533e-05,233.64537131032,0.021998049063796626,-0.01643837322648755,-0.1746796182879718,1.1628355328444766,0.021769901359653253
1732671960.0,9.33711824747533e-05,9.38875026632748e-05,9.02739887722391e-05,9.36797665817541e-05,870.57743091832,0.08142116734022388,0.0033049180573914267,2.701290378255546,1.1437204083545576,0.03870052617158151
1732672020.0,9.36797665817541e-05,9.82843797654874e-05,9.33238735223757e-05,9.82843797654874e-05,548.27138322771,0.05262422402396432,0.04915269702038457,-0.3536788314017849,1.1475003105847357,0.05295173572814872
1732672080.0,9.82843797654874e-05,0.0001021604406028,9.60093530392056e-05,9.60093530392056e-05,1339.32138306243,0.13011087547017183,-0.02314738854444786,1.4724521431597963,1.2039030456817044,0.062584589517391
1732672140.0,9.60093530392056e-05,9.63424760564832e-05,9.34207447599136e-05,9.41233679200211e-05,358.4835713229,0.03407972841740199,-0.019643764482136967,-0.7380716385601845,1.1760358341134658,0.0304317361182145
1732672200.0,9.41233679200211e-05,9.41233679200211e-05,9.24467008473589e-05,9.24467008473589e-05,173.36471944532,0.016172333814375446,-0.01781350486828001,-0.5254559069162819,1.1529340631655876,0.01781350486828001
1732672260.0,9.24467008473589e-05,9.24467008473589e-05,9.17780372924102e-05,9.17780372924102e-05,93.79653940672,0.008639821455309763,-0.007232962872874693,-0.46576532772098106,1.1323962666185814,0.007232962872874693
1732672320.0,9.17780372924102e-05,9.17780372924102e-05,9.09252304700856e-05,9.10006663543528e-05,120.94484289704,0.011053070798741193,-0.008470119442417838,0.2793170386580527,1.1242056864647474,0.009292057745879878
1732672380.0,9.10006663543528e-05,9.94203981334918e-05,9.09835808156009e-05,9.8169945049141e-05,1743.37804004527,0.16489794487139423,0.07878270546801625,13.918745014297208,1.1146835300225455,0.09271159933091348
1732672440.0,9.8169945049141e-05,0.0001020306205769,9.8169945049141e-05,0.0001020306205769,391.40073275412,0.039179324041910865,0.039326450940014974,-0.7624025934800628,1.2025013142583605,0.039326450940014974
1732672500.0,0.0001020306205769,0.0001086890204511,0.0001015856101892,0.0001081598813956,3037.1323235784,0.31918818382492453,0.060072758393941134,7.146852750279277,1.2497914231988454,0.06962037691955618
1732672560.0,0.0001081598813956,0.0001081598813956,9.12746902366375e-05,9.12746902366375e-05,2566.18901340144,0.2558934033075352,-0.15611325512834193,-0.19829925957442926,1.3248698414074893,0.15611325512834193
1732672620.0,9.12746902366375e-05,9.14829178383901e-05,9.11142720005647e-05,9.14829178383901e-05,103.98668768505,0.009502179156482334,0.002281329043273268,-0.9628666505909786,1.1180400978439962,0.004038861560303956
1732672680.0,9.14829178383901e-05,9.17846212141316e-05,9.00289192521813e-05,9.00289192521813e-05,281.66507055076,0.025562772199956927,-0.01589366212364775,1.6902010348350616,1.1205907151907517,0.01919158246626807
1732672740.0,9.00289192521813e-05,9.00289192521813e-05,9.00289192521813e-05,9.00289192521813e-05,0.0,0.0,0.0,-1.0,1.1027804249846132,0.0
1732672800.0,9.00289192521813e-05,9.07156982965845e-05,8.99656924204895e-05,9.07156982965845e-05,202.43436706758,0.01829446112717811,0.007628427066634509,0.0,1.1027804249846132,0.008330721753908275
1732672860.0,9.07156982965845e-05,9.82356436383091e-05,9.07156982965845e-05,9.77342345315806e-05,924.87882725262,0.08714667643497417,0.07736848601495414,3.763555254738263,1.1111929050271205,0.08289574442936003
1732672920.0,9.77342345315806e-05,9.77342345315806e-05,9.13581006841981e-05,9.26059759544678e-05,826.77403179989,0.07868417161859498,-0.05247146613150899,-0.09710645503151946,1.1971642177596276,0.06523951282722941
1732672980.0,9.26059759544678e-05,9.26059759544678e-05,9.26059759544678e-05,9.26059759544678e-05,0.0,0.0,0.0,-1.0,1.1343472560535988,0.0
1732673040.0,9.26059759544678e-05,9.26059759544678e-05,9.05733900770784e-05,9.05733900770784e-05,91.6778037882,0.008396740988543481,-0.021948754995992706,0.0,1.1343472560535988,0.021948754995992706
1732673100.0,9.05733900770784e-05,9.05733900770784e-05,9.01470769575562e-05,9.01470769575562e-05,44.54533909127,0.00402512724239524,-0.004706825251427645,-0.5206322014830366,1.1094497460501016,0.004706825251427645
1732673160.0,9.01470769575562e-05,9.0456094802097e-05,8.99353899749467e-05,8.99353899749467e-05,37.37333216632,0.003365140926999384,-0.0023482401177485563,-0.1639665718997536,1.104227759970203,0.005776169840708894
1732673220.0,8.99353899749467e-05,9.44688654965031e-05,8.91636915698979e-05,9.14080541363457e-05,1568.19971768262,0.14219136892946138,0.016374690339467507,41.25420926316154,1.1016347680451095,0.05898872432846573
1732673280.0,9.14080541363457e-05,9.14080541363457e-05,9.14080541363457e-05,9.14080541363457e-05,0.0,0.0,0.0,-1.0,1.1196736962390392,0.0
1732673340.0,9.14080541363457e-05,9.14080541363457e-05,8.80281456773375e-05,8.80281456773375e-05,74.55191285269,0.0066886559655637895,-0.036976046486742686,0.0,1.1196736962390392,0.036976046486742686
1732673400.0,8.80281456773375e-05,8.89694098676191e-05,8.75788167165962e-05,8.89694098676191e-05,246.15013477845,0.021783986076423626,0.010692764036309033,2.2568555160524606,1.0782725895969214,0.01579714238352861
1732673460.0,8.89694098676191e-05,9.19298471087348e-05,8.8063013481288e-05,8.92675579807561e-05,1191.27610791686,0.10616472067265745,0.003351130614226077,3.8735213243437303,1.0898023039643012,0.043462507317969204
1732673520.0,8.92675579807561e-05,8.92675579807561e-05,8.54819403131846e-05,8.54819403131846e-05,604.3824948852,0.05280776887941444,-0.04240754147646322,-0.5025864661553714,1.0934543738285702,0.04240754147646322
1732673580.0,8.54819403131846e-05,8.54819403131846e-05,8.32974456869334e-05,8.32974456869334e-05,236.16976575822,0.019930294028232036,-0.025555042600200202,-0.6225878416915797,1.047083662117815,0.025555042600200202
1732673640.0,8.32974456869334e-05,9.04965516163385e-05,8.32974456869334e-05,8.88721496677321e-05,846.85223727558,0.0729011035084649,0.06692526925436307,2.6578037135426933,1.0203253945264206,0.08642649087298959
1732673700.0,8.88721496677321e-05,9.57467643304967e-05,8.88721496677321e-05,8.97950495235203e-05,1456.19543244989,0.1300871796954582,0.01038457896246074,0.7844336153341372,1.0886109462821654,0.07735398196698105
1732673760.0,8.97950495235203e-05,8.97950495235203e-05,8.7958387058008e-05,8.92156301102611e-05,344.30194586213,0.030816862664006652,-0.006452687718685672,-0.7631060744329244,1.0999157126132317,0.020453939000626253
1732673820.0,8.92156301102611e-05,9.0066403716371e-05,8.92156301102611e-05,9.0066403716371e-05,134.8156473302,0.012085011722506108,0.009536149720160366,-0.607844190556714,1.0928183000028628,0.009536149720160366
1732673880.0,9.0066403716371e-05,9.03264409223414e-05,8.94902004391084e-05,8.94902004391084e-05,119.22609527495,0.010703916397143834,-0.006397538410405876,-0.11428167030986312,1.1032395789286213,0.009284710488346143
1732673940.0,8.94902004391084e-05,8.94902004391084e-05,8.70169864754062e-05,8.73525670002015e-05,305.93585798636,0.0270512718926138,-0.023886787921113286,1.5272312384495073,1.0961815613465455,0.02763670157812466
1732674000.0,8.73525670002015e-05,9.25532826612868e-05,8.71173839130511e-05,9.25532826612868e-05,633.51979258331,0.056986958281035116,0.05953706730877532,1.1066276849110037,1.0699973048676257,0.06222941047883753
1732674060.0,9.25532826612868e-05,9.69269527290681e-05,9.25532826612868e-05,9.30794752373168e-05,1266.44173958207,0.1175465364182624,0.005685293496889692,1.062691885370922,1.1337018064277378,0.047255699009482205
1732674120.0,9.30794752373168e-05,9.30794752373168e-05,8.91972189089061e-05,8.93621368727675e-05,218.78117891433,0.019957395490237576,-0.039937250989775366,-0.8302170689298427,1.1401472339352334,0.04170904829998711
1732674180.0,8.93621368727675e-05,8.94090462088276e-05,8.80282842187602e-05,8.83908562461544e-05,193.79424091014,0.017223753185493403,-0.010869039848453972,-0.13697390053132782,1.094612887688264,0.015451309003871632
1732674240.0,8.83908562461544e-05,8.84730086528211e-05,8.66206801403221e-05,8.66206801403221e-05,296.98463945941,0.02598786901748757,-0.020026688064913,0.5088389120308394,1.082715496593349,0.020956110067998055
1732674300.0,8.66206801403221e-05,8.6998403485282e-05,8.66206801403221e-05,8.6998403485282e-05,14.00677709565,0.0012159219019474267,0.004360660114282349,-0.9532119428057292,1.0610322910800265,0.004360660114282349
1732674360.0,8.6998403485282e-05,8.71776409901208e-05,8.3984091141952e-05,8.44228851723816e-05,371.3275960664,0.031826727515927335,-0.02960420202809953,25.17497675216927,1.0656590922717049,0.03670814314091482
1732674420.0,8.44228851723816e-05,8.44228851723816e-05,8.11467644125535e-05,8.18610723459467e-05,514.06583875053,0.04274045104620847,-0.030345004452335095,0.3429106409014086,1.0341111052110121,0.03880607436169283
1732674480.0,8.18610723459467e-05,8.34949892593845e-05,8.1556154305997e-05,8.34949892593845e-05,468.50282411,0.03873489092290241,0.019959632418847736,-0.09371824642129976,1.0027309991191748,0.02368445584482375
1732674540.0,8.34949892593845e-05,8.57879002991778e-05,8.12011921196294e-05,8.12011921196294e-05,1040.70006119005,0.08569966301945367,-0.0274722730082546,1.2124668736005877,1.0227451412765773,0.054933933404067936
1732674600.0,8.12011921196294e-05,8.75383515176243e-05,8.12011921196294e-05,8.75383515176243e-05,755.75031243945,0.06376248141237234,0.07804268918439877,-0.2559774546849925,0.9946480075375613,0.07804268918439877
1732674660.0,8.75383515176243e-05,9.20277882656775e-05,8.75383515176243e-05,9.16762805467624e-05,995.01042402475,0.08916021352091248,0.04726989893458301,0.39831781238695674,1.0722730128376967,0.05128537001464246
1732674720.0,9.16762805467624e-05,9.16762805467624e-05,8.50904664246855e-05,8.59491345173398e-05,881.52824919432,0.0782909105769362,-0.062471404765393874,-0.1219075472652036,1.1229592497848155,0.0718377107229781
1732674780.0,8.59491345173398e-05,8.73659426103638e-05,8.59491345173398e-05,8.73659426103638e-05,137.40005335568,0.011906750422345133,0.016484262476641563,-0.8479165673945711,1.0528064079564654,0.016484262476641563
1732674840.0,8.73659426103638e-05,8.73659426103638e-05,8.69540133634993e-05,8.69540133634993e-05,7.37839209162,0.000643100492284549,-0.0047149865789422925,-0.9459885804713218,1.0701611451223099,0.0047149865789422925
1732674900.0,8.69540133634993e-05,8.73967848561294e-05,8.69540133634993e-05,8.73967848561294e-05,11.578,0.0010093167708934304,0.0050920190512560234,0.5694542035070371,1.0651153496857526,0.0050920190512560234
1732674960.0,8.73967848561294e-05,8.96132046593482e-05,8.73967848561294e-05,8.96132046593482e-05,268.40423929219,0.023755115791510146,0.025360427238455194,22.53583778310006,1.0705389373381378,0.025360427238455194
1732675020.0,8.96132046593482e-05,9.13935877042804e-05,8.96132046593482e-05,9.12365146058217e-05,306.6145674561,0.027725579223523592,0.018114628894751524,0.1671414051129337,1.0976882621644348,0.01986741855399626
1732675080.0,9.12365146058217e-05,9.16417677015822e-05,9.05745252271705e-05,9.05745252271705e-05,122.86177744725,0.011168813756707096,-0.007255750414307939,-0.5971657195449686,1.1175724776756681,0.011697536660871003
1732675140.0,9.05745252271705e-05,9.05745252271705e-05,9.05745252271705e-05,9.05745252271705e-05,0.0,0.0,0.0,-1.0,1.1094636507077538,0.0
1732675200.0,9.05745252271705e-05,9.24822880396531e-05,9.05745252271705e-05,9.24822880396531e-05,405.2409510554,0.03709105855270917,0.02106290712203815,0.0,1.1094636507077538,0.02106290712203815
1732675260.0,9.24822880396531e-05,9.24822880396531e-05,9.23926908111215e-05,9.23926908111215e-05,37.9663975662,0.003509518473545663,-0.0009688041940871845,-0.9053810106670755,1.1328321805378885,0.0009688041940871845
1732675320.0,9.23926908111215e-05,9.23926908111215e-05,9.22062241161006e-05,9.22062241161006e-05,1.5335963496,0.00014155011103625438,-0.002018197471941741,-0.9596667998464056,1.1317346879701866,0.002018197471941741
1732675380.0,9.22062241161006e-05,9.22062241161006e-05,9.22062241161006e-05,9.22062241161006e-05,0.0,0.0,0.0,-1.0,1.1294506238840163,0.0
1732675440.0,9.22062241161006e-05,9.25838086382544e-05,9.22062241161006e-05,9.25838086382544e-05,3.34240092912,0.0003088211885851357,0.004095000373059031,0.0,1.1294506238840163,0.004095000373059031
1732675500.0,9.25838086382544e-05,9.25838086382544e-05,9.10247874983071e-05,9.13690316747043e-05,489.612260544,0.045032782989558574,-0.013120835936837594,144.82154545766846,1.1340757246101731,0.01683902577435265
1732675560.0,9.13690316747043e-05,9.40982819953028e-05,9.13690316747043e-05,9.40982819953028e-05,233.31728256863,0.02163636481539489,0.02987062761390861,-0.5195419119353215,1.1191957030876127,0.02987062761390861
1732675620.0,9.40982819953028e-05,9.4188609766979e-05,9.40982819953028e-05,9.4188609766979e-05,2.62037326408,0.00024669096857530404,0.000959930083321867,-0.9885983171997647,1.1526267811616295,0.000959930083321867
1732675680.0,9.4188609766979e-05,9.4188609766979e-05,9.40271770106115e-05,9.414202881803e-05,26.06825514644,0.002454725569262996,-0.0004945497026046078,8.950609799132858,1.1537332222837091,0.001713930768984491
1732675740.0,9.414202881803e-05,9.48976686849063e-05,9.414202881803e-05,9.48976686849063e-05,69.8741468502,0.006604493791918779,0.008026594246623855,1.6905222622917087,1.1531626438617435,0.008026594246623855
1732675800.0,9.48976686849063e-05,0.0001038476858531,9.48976686849063e-05,0.0001025317883522,2255.7266551711,0.2226734443772791,0.08044580834373999,32.71544457347224,1.1624186125043858,0.09431229757509552
1732675860.0,0.0001025317883522,0.0001025317883522,9.8448955516215e-05,0.0001001924370925,1080.62805883608,0.10953474311067703,-0.02281586322930656,-0.5080924740846484,1.2559303174211098,0.03982016603436534
1732675920.0,0.0001001924370925,0.0001003605333364,9.77046678498251e-05,9.77046678498251e-05,297.67257768311,0.02945427067210342,-0.024829910468972233,-0.7310965467610402,1.2272751830732902,0.026507644325718335
1732675980.0,9.77046678498251e-05,9.77046678498251e-05,9.77046678498251e-05,9.77046678498251e-05,0.0,0.0,0.0,-1.0,1.1968020501567889,0.0
1732676040.0,9.77046678498251e-05,9.82305555081747e-05,9.77046678498251e-05,9.77751752313498e-05,29.94003412966,0.0029263365867554787,0.0007216377996706342,0.0,1.1968020501567889,0.0053824210237110245
1732676100.0,9.77751752313498e-05,9.77751752313498e-05,9.74504660564857e-05,9.76511462690347e-05,78.31715632065,0.007652616885057608,-0.0012685117875945611,1.6150843070114174,1.1976657077549053,0.003320977682686647
1732676160.0,9.76511462690347e-05,9.80651967482803e-05,9.48453517971874e-05,9.7655344916971e-05,695.7407783046,0.06794134509284605,4.299640195446949e-05,7.878184562656908,1.1961464546870204,0.03297293553751056
1732676220.0,9.7655344916971e-05,9.7655344916971e-05,9.4734611069947e-05,9.51506564217996e-05,15.4182034876,0.0014863610811358216,-0.02564824789980464,-0.9781228782105414,1.1961978846807826,0.029908591787856438
1732676280.0,9.51506564217996e-05,9.51506564217996e-05,9.31753507538667e-05,9.31753507538667e-05,193.68039741664,0.018237527956836024,-0.020759769214585815,11.269917578102614,1.165517504797268,0.020759769214585815
1732676340.0,9.31753507538667e-05,9.31753507538667e-05,9.23658448833558e-05,9.23658448833558e-05,163.9619100211,0.015210844412138795,-0.008687983076654039,-0.16595909006202392,1.1413216303821168,0.008687983076654039
1732676400.0,9.23658448833558e-05,9.23658448833558e-05,9.12305475781169e-05,9.15624449769065e-05,175.54571695818,0.01614391175620585,-0.008698019354057375,0.06134224496586348,1.1314058473723376,0.012291310783467683
1732676460.0,9.15624449769065e-05,9.15624449769065e-05,9.1316738474011e-05,9.1316738474011e-05,15.53092662115,0.0014201415893560147,-0.002683485603267508,-0.9120323741357108,1.1215648574145995,0.002683485603267508
1732676520.0,9.1316738474011e-05,9.1316738474011e-05,9.1316738474011e-05,9.1316738474011e-05,0.0,0.0,0.0,-1.0,1.1185551542665966,0.0
1732676580.0,9.1316738474011e-05,9.1316738474011e-05,9.12282708931758e-05,9.12282708931758e-05,3.09454147635,0.00028244655139372945,-0.0009687991743198728,0.0,1.1185551542665966,0.0009687991743198728
1732676640.0,9.12282708931758e-05,9.12282708931758e-05,9.07526604274768e-05,9.07526604274768e-05,58.84704487415,0.005354520015833026,-0.0052134109420523544,17.957639912440793,1.1174714989567118,0.0052134109420523544
1732676700.0,9.07526604274768e-05,9.07526604274768e-05,9.07526604274768e-05,9.07526604274768e-05,0.0,0.0,0.0,-1.0,1.1116456608166194,0.0
1732676760.0,9.07526604274768e-05,9.75699197286592e-05,6.25810815493599e-05,6.25810815493599e-05,6571.50757999422,0.5038169238348301,-0.31042152092752867,0.0,1.1116456608166194,0.38554063334881444
1732676820.0,6.25810815493599e-05,6.29051281947043e-05,5.76137343209586e-05,5.76719507291701e-05,1047.22582428686,0.06296604042543898,-0.07844432692199164,-0.8750219822983129,0.7665669240534366,0.08455261147208197
1732676880.0,5.76719507291701e-05,5.8740373333192e-05,5.75029466503836e-05,5.84865186618504e-05,215.74175094109,0.012530115786527886,0.014124161266983145,-0.8010020051782456,0.7064340976554033,0.021456300110592963
1732676940.0,5.84865186618504e-05,5.84865186618504e-05,5.63104494774455e-05,5.65208990098074e-05,851.38608781529,0.04895785770060589,-0.0336080809221619,2.907215107560645,0.716411886775184,0.03720633804494693
1732677000.0,5.65208990098074e-05,5.65208990098074e-05,5.62804430279196e-05,5.62804430279196e-05,41.90808889684,0.0023636443348999587,-0.004254284452306418,-0.951720838167502,0.6923346581108449,0.004254284452306418
1732677060.0,5.62804430279196e-05,5.62804430279196e-05,5.59839873527242e-05,5.59839873527242e-05,34.102191444,0.0019142315485961622,-0.0052674723091346515,-0.19013553759678398,0.689389269539051,0.0052674723091346515
1732677120.0,5.59839873527242e-05,5.60461211565659e-05,5.50901433538833e-05,5.50901433538833e-05,246.43006924458,0.013686002860655409,-0.01596606531809326,6.1496067812132225,0.6857579306515396,0.017075914880080107
1732677180.0,5.50901433538833e-05,5.53424931768e-05,5.46489833664332e-05,5.46489833664332e-05,181.02676548008,0.009932859578393759,-0.008007965864532474,-0.2742322444671706,0.6748090747383566,0.012588636880319847
1732677240.0,5.46489833664332e-05,5.49152412954e-05,5.4597043987164e-05,5.49152412954e-05,23.23521604063,0.001272874215170908,0.004872147889403238,-0.8718521886748807,0.6694052267027751,0.005822565922268265
1732677300.0,5.49152412954e-05,5.49152412954e-05,5.49152412954e-05,5.49152412954e-05,0.0,0.0,0.0,-1.0,0.6726666679652105,0.0
1732677360.0,5.49152412954e-05,5.49152412954e-05,5.42500466864598e-05,5.42500466864598e-05,94.98743672627,0.005184665442440976,-0.012113114560709714,0.0,0.6726666679652105,0.012113114560709714
1732677420.0,5.42500466864598e-05,5.42500466864598e-05,5.38644699687039e-05,5.39869711588686e-05,84.36307459116,0.004565603805005078,-0.004849314307721354,-0.11940242708205288,0.6645185795549771,0.007107398819108128
1732677480.0,5.39869711588686e-05,5.39869711588686e-05,5.39869711588686e-05,5.39869711588686e-05,0.0,0.0,0.0,-1.0,0.6612961200993944,0.0
1732677540.0,5.39869711588686e-05,5.39869711588686e-05,5.32401851244792e-05,5.33591889176645e-05,110.76006025137,0.005944833578915008,-0.011628402700286969,0.0,0.6612961200993944,0.013832708491680678
1732677600.0,5.33591889176645e-05,5.33591889176645e-05,5.30902686302408e-05,5.30902686302408e-05,12.39952346919,0.000659961273573898,-0.005039812127554145,-0.8889857445438619,0.6536063025107413,0.005039812127554145
1732677660.0,5.30902686302408e-05,5.30902686302408e-05,5.28299155581055e-05,5.28299155581055e-05,59.6561482204,0.0031593951037360278,-0.0049039697641877125,3.7872431765986945,0.6503122495407019,0.0049039697641877125
1732677720.0,5.28299155581055e-05,5.28299155581055e-05,5.28299155581055e-05,5.28299155581055e-05,0.0,0.0,0.0,-1.0,0.6471231379316733,0.0
1732677780.0,5.28299155581055e-05,5.28299155581055e-05,5.24173177917651e-05,5.24173177917651e-05,52.0855822547,0.002740931714862145,-0.00780992666714745,0.0,0.6471231379316733,0.00780992666714745
1732677840.0,5.24173177917651e-05,5.2490044102724e-05,5.20987272597323e-05,5.20987272597323e-05,34.34795925143,0.0017949564282747274,-0.006077963265851233,-0.34512909659808705,0.6420691536798127,0.0074654114227335954
1732677900.0,5.20987272597323e-05,5.20987272597323e-05,5.12906932127521e-05,5.12906932127521e-05,217.52710582216,0.011245000704004955,-0.015509669611540449,5.2647764184523425,0.6381666809496106,0.015509669611540449
1732677960.0,5.12906932127521e-05,5.12906932127521e-05,5.12906932127521e-05,5.12906932127521e-05,0.0,0.0,0.0,-1.0,0.6282689265709888,0.0
1732678020.0,5.12906932127521e-05,5.12906932127521e-05,5.06417755471323e-05,5.06417755471323e-05,2.20270600358,0.00011226363044856407,-0.012651762434329207,0.0,0.6282689265709888,0.012651762434329207
1732678080.0,5.06417755471323e-05,5.06417755471323e-05,5.0160362816802e-05,5.0160362816802e-05,70.35468740113,0.0035459514669800253,-0.009506237195065301,30.58593261960005,0.6203202173671416,0.009506237195065301
1732678140.0,5.0160362816802e-05,5.0160362816802e-05,4.98117142716535e-05,4.98117142716535e-05,47.13182204954,0.0023559330736279897,-0.006950678295965435,-0.3355991768171426,0.614423306243955,0.006950678295965435
1732678200.0,4.98117142716535e-05,4.98117142716535e-05,4.9664361659145e-05,4.9664361659145e-05,21.95259782988,0.0010918791443017125,-0.0029581919567132596,-0.5365406782883323,0.6101526475047099,0.0029581919567132596
1732678260.0,4.9664361659145e-05,4.99447924551095e-05,4.9664361659145e-05,4.99447924551095e-05,9.90732777528,0.0004934302696141499,0.005646519689292474,-0.5480907642670357,0.6083476988504941,0.005646519689292474
1732678320.0,4.99447924551095e-05,4.99447924551095e-05,4.99447924551095e-05,4.99447924551095e-05,0.0,0.0,0.0,-1.0,0.6117827461099893,0.0
1732678380.0,4.99447924551095e-05,5.01282298444669e-05,4.99447924551095e-05,5.01282298444669e-05,58.07,0.0029056202024682013,0.0036728031160060226,0.0,0.6117827461099893,0.0036728031160060226
1732678440.0,5.01282298444669e-05,5.95539792204355e-05,5.01282298444669e-05,5.95539792204355e-05,1517.4042807165,0.0832161267767625,0.18803275928980367,27.639712343021955,0.6140297036862207,0.18803275928980367
1732678500.0,5.95539792204355e-05,6.57189033371206e-05,5.95539792204355e-05,6.57189033371206e-05,869.88424407745,0.05448645337349143,0.10351825683832136,-0.34524165586728106,0.7294874031562414,0.10351825683832136
1732678560.0,6.57189033371206e-05,6.57189033371206e-05,5.5257261828745e-05,5.5257261828745e-05,1816.54892935922,0.10987956165501865,-0.15918770668935453,1.0166400059446132,0.8050026675164892,0.15918770668935453
1732678620.0,5.5257261828745e-05,5.5257261828745e-05,5.28262029777018e-05,5.28262029777018e-05,75.8460449068,0.004098851662696151,-0.04399528262145193,-0.9626968691815041,0.6768561389957264,0.04399528262145193
1732678680.0,5.28262029777018e-05,5.28262029777018e-05,5.23842169051017e-05,5.23842169051017e-05,70.15297451864,0.003690411952566864,-0.00836679616717222,-0.09964735095112534,0.6470776618665446,0.00836679616717222
1732678740.0,5.23842169051017e-05,5.23842169051017e-05,5.21436972709227e-05,5.21436972709227e-05,1.7357510928,9.071722062956948e-05,-0.004591452318829555,-0.9754181316894796,0.6416636949653769,0.004591452318829555
1732678800.0,5.21436972709227e-05,5.21436972709227e-05,5.17347189154689e-05,5.17347189154689e-05,109.2033243765,0.005671934189259795,-0.007843294144043415,61.52323594017843,0.6387175267052193,0.007843294144043415
1732678860.0,5.17347189154689e-05,5.17347189154689e-05,5.11692810141162e-05,5.11692810141162e-05,55.1182890937,0.002835946208508478,-0.010929563612331302,-0.5000036823631451,0.6337078772683143,0.010929563612331302
1732678920.0,5.11692810141162e-05,5.11692810141162e-05,5.08786293748094e-05,5.08786293748094e-05,65.81973978554,0.0033583834537285933,-0.005680197836405421,0.18421973013898701,0.6267817267120749,0.005680197836405421
1732678980.0,5.08786293748094e-05,5.08786293748094e-05,5.08786293748094e-05,5.08786293748094e-05,0.0,0.0,0.0,-1.0,0.6232214825041066,0.0
1732679040.0,5.08786293748094e-05,5.08786293748094e-05,5.08786293748094e-05,5.08786293748094e-05,0.0,0.0,0.0,0.0,0.6232214825041066,0.0
1732679100.0,5.08786293748094e-05,5.08786293748094e-05,5.08786293748094e-05,5.08786293748094e-05,0.0,0.0,0.0,0.0,0.6232214825041066,0.0
1732679160.0,5.08786293748094e-05,5.08786293748094e-05,5.08786293748094e-05,5.08786293748094e-05,0.0,0.0,0.0,0.0,0.6232214825041066,0.0
1732679220.0,5.08786293748094e-05,5.08786293748094e-05,5.08786293748094e-05,5.08786293748094e-05,0.0,0.0,0.0,0.0,0.6232214825041066,0.0
1732679280.0,5.08786293748094e-05,5.08786293748094e-05,5.08786293748094e-05,5.08786293748094e-05,0.0,0.0,0.0,0.0,0.6232214825041066,0.0
1732679340.0,5.08786293748094e-05,5.08786293748094e-05,5.08786293748094e-05,5.08786293748094e-05,0.0,0.0,0.0,0.0,0.6232214825041066,0.0
1732679400.0,5.08786293748094e-05,5.08905089269221e-05,4.98237674389387e-05,4.98237674389387e-05,285.62879103054,0.014381751927894287,-0.020732907879648477,0.0,0.6232214825041066,0.020966395932661565
1732679460.0,4.98237674389387e-05,4.98237674389387e-05,4.92990823924103e-05,4.92990823924103e-05,50.67593182872,0.002511571390360946,-0.010530818392475513,-0.8253640166404485,0.6103002889187309,0.010530818392475513
1732679520.0,4.92990823924103e-05,4.92990823924103e-05,4.92990823924103e-05,4.92990823924103e-05,0.0,0.0,0.0,-1.0,0.6038733274112524,0.0
1732679580.0,4.92990823924103e-05,4.93292708316162e-05,4.92990823924103e-05,4.93292708316162e-05,5.96662012569,0.0002942389586550694,0.0006123529636030067,0.0,0.6038733274112524,0.0006123529636030067
1732679640.0,4.93292708316162e-05,4.93292708316162e-05,4.93292708316162e-05,4.93292708316162e-05,0.0,0.0,0.0,-1.0,0.6042431110329335,0.0
1732679700.0,4.93292708316162e-05,4.93292708316162e-05,4.93292708316162e-05,4.93292708316162e-05,0.0,0.0,0.0,0.0,0.6042431110329335,0.0
1732679760.0,4.93292708316162e-05,4.93292708316162e-05,4.93030508680935e-05,4.93030508680935e-05,16.2769290489,0.0008027156511172274,-0.0005315295174786006,0.0,0.6042431110329335,0.0005315295174786006
1732679820.0,4.93030508680935e-05,4.93030508680935e-05,4.93030508680935e-05,4.93030508680935e-05,0.0,0.0,0.0,-1.0,0.6039219379836864,0.0
1732679880.0,4.93030508680935e-05,4.93030508680935e-05,4.91945475471896e-05,4.91945475471896e-05,12.05493214708,0.0005936909327732863,-0.0022007425299946457,0.0,0.6039219379836864,0.0022007425299946457
1732679940.0,4.91945475471896e-05,4.91945475471896e-05,4.91945475471896e-05,4.91945475471896e-05,0.0,0.0,0.0,-1.0,0.6025928612899689,0.0
1732680000.0,4.91945475471896e-05,4.91945475471896e-05,4.91180266165735e-05,4.91180266165735e-05,8.3627606296,0.0004110822623056741,-0.0015554758490805502,0.0,0.6025928612899689,0.0015554758490805502
1732680060.0,4.91180266165735e-05,4.93530624465495e-05,4.91180266165735e-05,4.93530624465495e-05,20.8368,0.0010259111942952405,0.004785123633136567,1.4956347874051292,0.6016555426474041,0.004785123633136567
1732680120.0,4.93530624465495e-05,4.93530624465495e-05,4.93530624465495e-05,4.93530624465495e-05,0.0,0.0,0.0,-1.0,0.6045345388035337,0.0
1732680180.0,4.93530624465495e-05,4.93530624465495e-05,4.93530624465495e-05,4.93530624465495e-05,0.0,0.0,0.0,0.0,0.6045345388035337,0.0
1732680240.0,4.93530624465495e-05,4.93530624465495e-05,4.9138972104565e-05,4.9138972104565e-05,8.66502210182,0.0004267178281193131,-0.004337934291643266,0.0,0.6045345388035337,0.004337934291643266
1732680300.0,4.9138972104565e-05,4.9138972104565e-05,4.9138972104565e-05,4.9138972104565e-05,0.0,0.0,0.0,-1.0,0.6019121076971752,0.0
1732680360.0,4.9138972104565e-05,4.9138972104565e-05,4.91260861886682e-05,4.91260861886682e-05,3.36711398621,0.0001654348260674432,-0.00026223413606169915,0.0,0.6019121076971752,0.00026223413606169915
1732680420.0,4.91260861886682e-05,4.91260861886682e-05,4.91260861886682e-05,4.91260861886682e-05,0.0,0.0,0.0,-1.0,0.6017542657956281,0.0
1732680480.0,4.91260861886682e-05,5.66248667555591e-05,4.91260861886682e-05,5.66248667555591e-05,1088.70731354708,0.05756591794247669,0.15264355760179874,0.0,0.6017542657956281,0.15264355760179874
1732680540.0,5.66248667555591e-05,5.66985479119546e-05,5.29252961115057e-05,5.29252961115057e-05,1005.35246503765,0.05506826314183982,-0.0653347346497764,-0.04338773513752838,0.6936081777287312,0.06663595018664592
1732680600.0,5.29252961115057e-05,5.29252961115057e-05,4.97268241527046e-05,4.97268241527046e-05,37.17318511758,0.0019079531346467872,-0.06043370928076428,-0.9653529451304382,0.6482914714859096,0.06043370928076428
1732680660.0,4.97268241527046e-05,4.97268241527046e-05,4.88321054843286e-05,4.88321054843286e-05,171.96661812708,0.008474422907952719,-0.017992676661361697,3.441630538017151,0.6091128131689312,0.017992676661361697
1732680720.0,4.88321054843286e-05,4.88321054843286e-05,4.88321054843286e-05,4.88321054843286e-05,0.0,0.0,0.0,-1.0,0.5981532432712903,0.0
1732680780.0,4.88321054843286e-05,4.88321054843286e-05,4.88321054843286e-05,4.88321054843286e-05,0.0,0.0,0.0,0.0,0.5981532432712903,0.0
1732680840.0,4.88321054843286e-05,4.88321054843286e-05,4.88321054843286e-05,4.88321054843286e-05,0.0,0.0,0.0,0.0,0.5981532432712903,0.0
1732680900.0,4.88321054843286e-05,4.88321054843286e-05,4.82008503525428e-05,4.82008503525428e-05,163.92171130306,0.007952904086787102,-0.012927051281628252,0.0,0.5981532432712903,0.012927051281628252
1732680960.0,4.82008503525428e-05,4.82008503525428e-05,4.76535337860873e-05,4.76535337860873e-05,14.72082153531,0.0007055276411409116,-0.01135491516129716,-0.9112867911593364,0.59042088562125,0.01135491516129716
1732681020.0,4.76535337860873e-05,4.89568248949724e-05,4.75860147336349e-05,4.89568248949724e-05,365.5228054146,0.017656644668605847,0.027349306658672308,24.02615580029326,0.5837167065555627,0.02876618064655923
1732681080.0,4.89568248949724e-05,4.98721385221807e-05,4.89568248949724e-05,4.98721385221807e-05,1.0756880934,5.315456961544788e-05,0.0186963437512937,-0.9969895429956769,0.5996809537649411,0.0186963437512937
1732681140.0,4.98721385221807e-05,5.04767293106228e-05,4.98721385221807e-05,5.04767293106228e-05,56.8353238165,0.0028516801989482738,0.012122816593742225,52.64882491908114,0.610892795017634,0.012122816593742225
1732681200.0,5.04767293106228e-05,5.05898754759228e-05,5.02736070972561e-05,5.05898754759228e-05,3.0369720804,0.00015346822849878,0.0022415510443183407,-0.9461832261010963,0.6182985363300715,0.006265627408631356
1732681260.0,5.05898754759228e-05,5.05898754759228e-05,5.03742772492461e-05,5.03940131184287e-05,2.608568828,0.00013171171195872503,-0.0038715722395347573,-0.14176560681566694,0.6196844840598826,0.004261687237781638
1732681320.0,5.03940131184287e-05,5.03940131184287e-05,5.02909684765125e-05,5.02909684765125e-05,20.87007881184,0.0010506517505275415,-0.002044779439852035,6.9769045205090645,0.617285330814126,0.002044779439852035
1732681380.0,5.02909684765125e-05,5.02909684765125e-05,5.0283881363469e-05,5.0283881363469e-05,0.2442572354,1.2283067386342008e-05,-0.00014092218261433796,-0.9883090973006283,0.616023118461155,0.00014092218261433796
1732681440.0,5.0283881363469e-05,5.0283881363469e-05,5.0283881363469e-05,5.0283881363469e-05,0.0,0.0,0.0,-1.0,0.6159363071387606,0.0
1732681500.0,5.0283881363469e-05,5.0283881363469e-05,5.0283881363469e-05,5.0283881363469e-05,0.0,0.0,0.0,0.0,0.6159363071387606,0.0
1732681560.0,5.0283881363469e-05,5.03464715810495e-05,5.0283881363469e-05,5.03464715810495e-05,32.08493457384,0.0016143591451836519,0.0012447371977527947,0.0,0.6159363071387606,0.0012447371977527947
1732681620.0,5.03464715810495e-05,5.03464715810495e-05,5.03464715810495e-05,5.03464715810495e-05,0.0,0.0,0.0,-1.0,0.6167029859717026,0.0
1732681680.0,5.03464715810495e-05,5.03464715810495e-05,5.0142327986656e-05,5.0142327986656e-05,16.13283402765,0.00081058456253179,-0.004054774604509591,0.0,0.6167029859717026,0.004054774604509591
1732681740.0,5.0142327986656e-05,5.0142327986656e-05,5.0142327986656e-05,5.0142327986656e-05,0.0,0.0,0.0,-1.0,0.6142023943656594,0.0
1732681800.0,5.0142327986656e-05,5.09557572569732e-05,5.0142327986656e-05,5.07454854779644e-05,211.03995523029,0.010645679818427668,0.012028908818691343,0.0,0.6142023943656594,0.016222407354793637
1732681860.0,5.07454854779644e-05,5.07454854779644e-05,5.05221945988823e-05,5.05221945988823e-05,5.83576903,0.00029548739556620494,-0.004400211703148674,-0.9722434451715599,0.6215905789637057,0.004400211703148674
1732681920.0,5.05221945988823e-05,5.05221945988823e-05,5.05221945988823e-05,5.05221945988823e-05,0.0,0.0,0.0,-1.0,0.6188554488235827,0.0
1732681980.0,5.05221945988823e-05,5.05221945988823e-05,5.05221945988823e-05,5.05221945988823e-05,0.0,0.0,0.0,0.0,0.6188554488235827,0.0
1732682040.0,5.05221945988823e-05,5.08270093724628e-05,5.05221945988823e-05,5.08270093724628e-05,46.108716,0.0023365408313704115,0.006033284500021417,0.0,0.6188554488235827,0.006033284500021417
1732682100.0,5.08270093724628e-05,5.09313177360581e-05,5.07129941573974e-05,5.09313177360581e-05,8.56155946396,0.00043560498424634726,0.0020522231168652798,-0.8135684262830283,0.6225891798107238,0.004295424447675249
1732682160.0,5.09313177360581e-05,5.09313177360581e-05,5.05721565814385e-05,5.05721565814385e-05,33.57204634096,0.0017038396717777196,-0.0070518724153355436,2.9114329114612443,0.6238668717178416,0.0070518724153355436
1732682220.0,5.05721565814385e-05,5.05721565814385e-05,5.05721565814385e-05,5.05721565814385e-05,0.0,0.0,0.0,-1.0,0.6194674421343328,0.0
1732682280.0,5.05721565814385e-05,5.05721565814385e-05,5.03882515914597e-05,5.03882515914597e-05,10.65833496,0.0005380349240025352,-0.003636487000166734,0.0,0.6194674421343328,0.003636487000166734
