0,1,2,3,4,5
1725513660.0,5.59008457106571e-05,5.80968408089203e-05,4.939741804958192e-05,5.1369305632510994e-05,2548.810723950676
1725513720.0,5.1369305632510994e-05,5.891843599868734e-05,5.1369305632510994e-05,5.8698716595128864e-05,903.7003661406206
1725513780.0,5.8698716595128864e-05,6.728976408881559e-05,5.798286146553866e-05,5.86060579865929e-05,3430.936260109719
1725513840.0,5.86060579865929e-05,7.012501660301036e-05,5.86060579865929e-05,6.823083953119004e-05,2527.929974187753
1725513900.0,6.823083953119004e-05,7.354353038537151e-05,6.79539393937902e-05,7.071845104307803e-05,1353.7689657175388
1725513960.0,7.071845104307803e-05,7.741919569131696e-05,7.071845104307803e-05,7.741919569131696e-05,823.2699186100285
1725514020.0,7.741919569131696e-05,0.0001000347016308,7.558692431268113e-05,9.95987465468033e-05,4101.011816924532
1725514080.0,9.95987465468033e-05,0.0001065126232885,8.363537083384438e-05,9.311461937347965e-05,9804.706850275648
1725514140.0,9.311461937347965e-05,0.0001032384975104,9.311461937347965e-05,0.0001032384975104,3117.4148328416813
1725514200.0,0.0001032384975104,0.0001045749133497,9.377694905452065e-05,0.000100528333077,3422.881598129871
1725514260.0,0.000100528333077,0.0001081062969666,9.93533161821116e-05,0.0001066236702199,2877.2357792882767
1725514320.0,0.0001066236702199,0.0001249764167327,0.0001066236702199,0.0001246417810051,2766.1998311291404
1725514380.0,0.0001246417810051,0.0001412338298927,0.0001188266021291,0.0001338451010114,6821.471956110519
1725514440.0,0.0001338451010114,0.0001349789857897,0.0001130834562822,0.0001139688500517,5737.578623289935
1725514500.0,0.0001139688500517,0.0001206144037738,0.0001059513743997,0.0001112966353301,2786.6185496292937
1725514560.0,0.0001112966353301,0.0001155881256376,0.0001068684263679,0.0001116199613808,2118.568195214971
1725514620.0,0.0001116199613808,0.0001116199613808,9.283625598504092e-05,9.382372658975393e-05,2690.632914859634
1725514680.0,9.382372658975393e-05,0.0001103673055483,9.382372658975393e-05,0.0001096900988821,2239.047624072208
1725514740.0,0.0001096900988821,0.0001198403424511,0.00010863709033,0.0001195991529794,1402.5123800157614
1725514800.0,0.0001195991529794,0.0001195991529794,0.0001020851815236,0.0001100813319211,2947.051545385897
1725514860.0,0.0001100813319211,0.0001103081908688,9.562294385842768e-05,9.707089368646868e-05,1565.9287280390313
1725514920.0,9.707089368646868e-05,0.0001141199756061,9.69708408351565e-05,0.000107003103162,2770.1940267172936
1725514980.0,0.000107003103162,0.0001070930759949,9.765747872192474e-05,0.0001021843964073,2028.054013090554
1725515040.0,0.0001021843964073,0.0001069575372842,9.765565182327736e-05,9.800997407902042e-05,2081.597368077984
1725515100.0,9.800997407902042e-05,0.0001100298102535,9.800997407902042e-05,0.0001038932294473,2442.6379525902553
1725515160.0,0.0001038932294473,0.0001059580036492,0.0001021300189642,0.000103622368783,848.7840592795565
1725515220.0,0.000103622368783,0.0001071327849672,0.0001029213956391,0.0001059796883234,1215.1404672871172
1725515280.0,0.0001059796883234,0.0001069700166484,0.0001005155422933,0.0001046553991722,1142.2957089500171
1725515340.0,0.0001046553991722,0.0001096524773892,0.0001027625454879,0.0001043616510588,1392.782929691562
1725515400.0,0.0001043616510588,0.0001132374231077,0.0001043117374111,0.0001119371039192,1495.638644024071
1725515460.0,0.0001119371039192,0.0001119452731485,0.0001041063589651,0.0001116420938425,2225.7368764650746
1725515520.0,0.0001116420938425,0.0001149514005016,0.0001089368442255,0.0001106004130671,2304.3381608472628
1725515580.0,0.0001106004130671,0.0001107914120871,9.989557031200604e-05,0.0001043983668761,1725.4728116325498
1725515640.0,0.0001043983668761,0.0001043983668761,7.736233886154833e-05,7.82888182138045e-05,3232.754848868893
1725515700.0,7.82888182138045e-05,7.908516075556207e-05,7.445967236664474e-05,7.445967236664474e-05,1851.445112410429
1725515760.0,7.445967236664474e-05,7.51242922579619e-05,6.294689346945539e-05,7.494582201374491e-05,3046.369306994721
1725515820.0,7.494582201374491e-05,8.009362105392955e-05,7.246992705162843e-05,7.246992705162843e-05,2617.456833454944
1725515880.0,7.246992705162843e-05,7.413566665616982e-05,6.891641676196182e-05,6.916574171181666e-05,1539.4421544202685
1725515940.0,6.916574171181666e-05,7.07643788178576e-05,6.718546630052233e-05,6.774740589500881e-05,644.4782927080582
1725516000.0,6.774740589500881e-05,7.237730489183484e-05,6.509007140598563e-05,6.509007140598563e-05,1643.4906611623348
1725516060.0,6.509007140598563e-05,6.824715243403066e-05,6.209327989064619e-05,6.824715243403066e-05,1579.1490563092036
1725516120.0,6.824715243403066e-05,6.974911577471777e-05,6.680111290274011e-05,6.974911577471777e-05,992.5797494246448
1725516180.0,6.974911577471777e-05,7.093233704132544e-05,6.712088901856392e-05,6.748286515152703e-05,1015.799855754738
1725516240.0,6.748286515152703e-05,7.033754400634561e-05,6.44590044006359e-05,6.44590044006359e-05,1286.689134868799
1725516300.0,6.44590044006359e-05,6.940045571084384e-05,6.44590044006359e-05,6.741071196079005e-05,1201.2588791306575
1725516360.0,6.741071196079005e-05,6.805487331074739e-05,6.530699063353347e-05,6.805487331074739e-05,623.1019480673313
1725516420.0,6.805487331074739e-05,7.296091850655733e-05,6.805487331074739e-05,6.884615526797516e-05,1461.835639564392
1725516480.0,6.884615526797516e-05,7.400853462291794e-05,6.821120451118696e-05,7.400853462291794e-05,492.1405063247672
1725516540.0,7.400853462291794e-05,8.290065516212878e-05,7.30915728247808e-05,8.017831456757745e-05,2302.636383147521
1725516600.0,8.017831456757745e-05,8.637490883153277e-05,7.986334071005447e-05,8.400582793852471e-05,1509.706981022123
1725516660.0,8.400582793852471e-05,8.669030243645118e-05,8.271139131988776e-05,8.669030243645118e-05,464.3212514064036
1725516720.0,8.669030243645118e-05,9.046127724652508e-05,8.566006796816651e-05,8.860278834356257e-05,1159.500082453484
1725516780.0,8.860278834356257e-05,9.082652234492274e-05,7.946987168222355e-05,7.946987168222355e-05,2396.8320285150394
1725516840.0,7.946987168222355e-05,8.020969936340225e-05,6.72980423553488e-05,7.232684469621941e-05,1894.506691305519
1725516900.0,7.232684469621941e-05,7.921512264490318e-05,7.219038511691385e-05,7.592174172913938e-05,1226.2164952696626
1725516960.0,7.592174172913938e-05,7.618167028835232e-05,7.136486217716616e-05,7.277751374594868e-05,1077.6539852043747
1725517020.0,7.277751374594868e-05,7.720629123527592e-05,7.074376711783171e-05,7.720629123527592e-05,1097.2470723477495
1725517080.0,7.720629123527592e-05,8.00110134481671e-05,7.486275493462653e-05,7.876185675413832e-05,1092.283761904623
1725517140.0,7.876185675413832e-05,7.89731603785866e-05,7.387368689353476e-05,7.680390739067036e-05,1063.9233782197382
1725517200.0,7.680390739067036e-05,8.538560038920492e-05,7.33093001074264e-05,8.357058706611469e-05,2804.734951233041
1725517260.0,8.357058706611469e-05,9.48791775219713e-05,8.357058706611469e-05,8.898631955404337e-05,1824.0162623535136
1725517320.0,8.898631955404337e-05,9.973612136822864e-05,8.756738582559154e-05,9.973612136822864e-05,2424.235344036285
1725517380.0,9.973612136822864e-05,9.973612136822864e-05,8.923976586920424e-05,9.092550413118764e-05,1432.6206075715595
1725517440.0,9.092550413118764e-05,9.389718204928168e-05,8.846191678603387e-05,8.854828663318882e-05,975.1740542384764
1725517500.0,8.854828663318882e-05,8.944077505378993e-05,7.365440179099171e-05,7.365440179099171e-05,1884.9785510535503
1725517560.0,7.365440179099171e-05,9.00748192042404e-05,7.365440179099171e-05,8.784353497741758e-05,2503.932221892557
1725517620.0,8.784353497741758e-05,8.868290111170429e-05,8.44466882424844e-05,8.617577618223834e-05,1618.244422291181
1725517680.0,8.617577618223834e-05,8.617577618223834e-05,7.598213078047566e-05,7.75184093407154e-05,2307.072250718448
1725517740.0,7.75184093407154e-05,8.029389602136949e-05,7.636213850928798e-05,7.933307497338847e-05,892.2049700877949
1725517800.0,7.933307497338847e-05,0.0001628705791204,7.850073482826406e-05,8.088877238799978e-05,13084.15724607036
1725517860.0,8.088877238799978e-05,8.90949359022777e-05,8.088877238799978e-05,8.767739888487436e-05,1016.232832386505
1725517920.0,8.767739888487436e-05,9.228998281924727e-05,8.68041854147195e-05,8.829044407226279e-05,968.872092068644
1725517980.0,8.829044407226279e-05,9.16630990103042e-05,8.779744664618667e-05,8.94139705019532e-05,1283.2799440307433
1725518040.0,8.94139705019532e-05,9.989365955217152e-05,7.605944379665299e-05,8.930453237746919e-05,5047.380897203834
1725518100.0,8.930453237746919e-05,9.079742571685348e-05,8.059520531861943e-05,8.090426765665945e-05,1818.3253780412956
1725518160.0,8.090426765665945e-05,8.573243155780734e-05,7.817174231450543e-05,8.037812493992799e-05,2319.7913985382597
1725518220.0,8.037812493992799e-05,8.303712805694265e-05,7.889476134416121e-05,8.179481045165319e-05,932.7733184486268
1725518280.0,8.179481045165319e-05,8.599812049310818e-05,7.962789555844557e-05,8.599812049310818e-05,729.0815932581926
1725518340.0,8.599812049310818e-05,8.729322384207617e-05,8.3039906324287e-05,8.435018838540881e-05,829.5044322907232
1725518400.0,8.435018838540881e-05,8.651714024205747e-05,8.350686023777264e-05,8.610883990466499e-05,717.7181741474506
1725518460.0,8.610883990466499e-05,8.845183227664055e-05,8.370138862010064e-05,8.845183227664055e-05,646.5444920241049
1725518520.0,8.845183227664055e-05,8.946943539760452e-05,8.429970691001186e-05,8.770403585095618e-05,1445.2643209938692
1725518580.0,8.770403585095618e-05,9.174341362889264e-05,8.711746331767229e-05,9.174341362889264e-05,655.5376930341891
1725518640.0,9.174341362889264e-05,9.176109393173171e-05,8.48201978651452e-05,8.48201978651452e-05,1185.6927108296973
1725518700.0,8.48201978651452e-05,9.165009394259018e-05,8.433640280482771e-05,8.760425526524325e-05,888.5067473252846
1725518760.0,8.760425526524325e-05,9.048276535444449e-05,8.311455585616966e-05,8.53992808067873e-05,1165.4350058137843
1725518820.0,8.53992808067873e-05,8.774543780970279e-05,8.212812185799206e-05,8.222161915619564e-05,1279.1633635007154
1725518880.0,8.222161915619564e-05,8.478661944983072e-05,8.186199841926783e-05,8.400047403374429e-05,806.7462948622307
1725518940.0,8.400047403374429e-05,8.400883728285158e-05,8.250976621650087e-05,8.250976621650087e-05,345.39732313448474
1725519000.0,8.250976621650087e-05,8.374488553447212e-05,6.562655845296218e-05,6.85261612143879e-05,3485.3833763121384
1725519060.0,6.85261612143879e-05,8.2042822975967e-05,6.798036978337853e-05,7.722315272079863e-05,3933.3184398116846
1725519120.0,7.722315272079863e-05,7.836988626167979e-05,7.335136134054197e-05,7.8225231261989e-05,726.9477162417611
1725519180.0,7.8225231261989e-05,7.944380935642833e-05,7.137221374785297e-05,7.142602735149741e-05,1079.2730150885027
1725519240.0,7.142602735149741e-05,7.581877913515728e-05,7.142602735149741e-05,7.303068154726414e-05,903.0381772533136
1725519300.0,7.303068154726414e-05,7.402359379366484e-05,6.989307884863794e-05,7.166287477502537e-05,843.2863768348176
1725519360.0,7.166287477502537e-05,7.327608813858596e-05,6.259649608942762e-05,6.314111427043529e-05,1668.3576607544103
1725519420.0,6.314111427043529e-05,7.375088365924862e-05,6.314111427043529e-05,7.375088365924862e-05,1545.0508410400153
1725519480.0,7.375088365924862e-05,8.59995735562662e-05,6.684809706613734e-05,6.704409148685481e-05,3716.181789855668
1725519540.0,6.704409148685481e-05,7.038493818520526e-05,6.704409148685481e-05,6.957165185304297e-05,801.7844409881278
1725519600.0,6.957165185304297e-05,7.150015138295709e-05,6.714064083793603e-05,7.106837877306683e-05,867.446532033081
1725519660.0,7.106837877306683e-05,7.106837877306683e-05,6.813000245080544e-05,6.831820961616631e-05,274.7068630399979
1725519720.0,6.831820961616631e-05,7.014936137715376e-05,6.831820961616631e-05,6.960329235904884e-05,521.2179900980393
1725519780.0,6.960329235904884e-05,7.245491332150686e-05,6.930258180646245e-05,7.245491332150686e-05,399.7920808274767
1725519840.0,7.245491332150686e-05,7.35892182015899e-05,6.922023253917248e-05,7.075412280549347e-05,578.5502351406341
1725519900.0,7.075412280549347e-05,7.353631215001269e-05,7.035043212128688e-05,7.28046550112897e-05,645.6313342491045
1725519960.0,7.28046550112897e-05,7.397928597786497e-05,7.16718961656338e-05,7.293844047502722e-05,583.2359003894273
1725520020.0,7.293844047502722e-05,7.835981341755315e-05,7.293844047502722e-05,7.505308964963976e-05,1073.196282237107
1725520080.0,7.505308964963976e-05,7.708082055851475e-05,7.457092508897091e-05,7.457092508897091e-05,409.1976409893332
1725520140.0,7.457092508897091e-05,7.837159774723777e-05,7.413916252500859e-05,7.837159774723777e-05,900.7847165782608
1725520200.0,7.837159774723777e-05,8.081917877405575e-05,7.837159774723777e-05,7.951343964676498e-05,457.7059831645302
1725520260.0,7.951343964676498e-05,8.715627723414037e-05,7.951343964676498e-05,8.715627723414037e-05,685.1782399101763
1725520320.0,8.715627723414037e-05,8.715627723414037e-05,7.946009848751345e-05,8.276709099534551e-05,1458.4248738869696
1725520380.0,8.276709099534551e-05,8.613588974344101e-05,8.195412056097229e-05,8.290339608870556e-05,1181.6132405726848
1725520440.0,8.290339608870556e-05,8.395805610192054e-05,8.178167578422369e-05,8.352278003838115e-05,957.4748464017428
1725520500.0,8.352278003838115e-05,9.169214709962506e-05,8.272773967687201e-05,9.166713105367208e-05,941.6827389975084
1725520560.0,9.166713105367208e-05,9.167546973565642e-05,8.383225086836838e-05,8.388188511991862e-05,1081.1187273303158
1725520620.0,8.388188511991862e-05,8.551165144504834e-05,7.843638914199858e-05,7.843638914199858e-05,1496.4176594297692
1725520680.0,7.843638914199858e-05,8.117792811422503e-05,7.380583147535505e-05,8.020235010517708e-05,1095.7597594517406
1725520740.0,8.020235010517708e-05,8.040055269011399e-05,7.083049742332101e-05,7.115895245729293e-05,1670.3136164860514
1725520800.0,7.115895245729293e-05,7.791936530346206e-05,7.115895245729293e-05,7.791936530346206e-05,1108.724588574972
1725520860.0,7.791936530346206e-05,7.791936530346206e-05,7.275630845310989e-05,7.42732922123549e-05,1139.114409195089
1725520920.0,7.42732922123549e-05,7.42732922123549e-05,7.184928556284682e-05,7.309787018968971e-05,189.07538851375705
1725520980.0,7.309787018968971e-05,7.417017614183936e-05,7.189261920961897e-05,7.224386475449436e-05,736.3040955811732
1725521040.0,7.224386475449436e-05,7.280805236193288e-05,6.74700918592919e-05,6.74700918592919e-05,950.4337475861926
1725521100.0,6.74700918592919e-05,6.747729558466661e-05,5.914564578262867e-05,6.488057957254088e-05,2141.2223555993355
1725521160.0,6.488057957254088e-05,6.488794149011408e-05,6.029223833951561e-05,6.0693041443387035e-05,513.1223245221204
1725521220.0,6.0693041443387035e-05,6.212187651022288e-05,5.9133246928057826e-05,5.961033894678024e-05,916.3709814862816
1725521280.0,5.961033894678024e-05,5.981977402056112e-05,5.706230917622862e-05,5.937570138191763e-05,657.4088337242748
1725521340.0,5.937570138191763e-05,6.0139408662069186e-05,5.469797086525697e-05,5.574027261363951e-05,1199.7718694963046
1725521400.0,5.574027261363951e-05,6.18906338529902e-05,5.400046941828452e-05,5.400046941828452e-05,2077.423757121495
1725521460.0,5.400046941828452e-05,5.400046941828452e-05,5.0535262768206774e-05,5.141381021822422e-05,906.1011506383092
1725521520.0,5.141381021822422e-05,5.490559032379791e-05,5.141381021822422e-05,5.299099956595517e-05,1453.7770065392829
1725521580.0,5.299099956595517e-05,5.4490477930608455e-05,5.1782571775405065e-05,5.290014276890566e-05,955.469169550858
1725521640.0,5.290014276890566e-05,5.290762741511988e-05,4.262712715123913e-05,4.44582733398902e-05,1941.850191509284
1725521700.0,4.44582733398902e-05,4.555698024793656e-05,4.1601353492799726e-05,4.271000534525985e-05,787.0607349121921
1725521760.0,4.271000534525985e-05,4.317488267770795e-05,4.060823242991921e-05,4.202536135425855e-05,1380.844437422496
1725521820.0,4.202536135425855e-05,4.339898303537481e-05,4.17633055870107e-05,4.282771761826993e-05,695.7682377983847
1725521880.0,4.282771761826993e-05,4.381134017742148e-05,3.816638525569484e-05,3.816638525569484e-05,1102.8559391794574
1725521940.0,3.816638525569484e-05,3.816638525569484e-05,2.916685847775405e-05,2.916685847775405e-05,2127.645193816531
1725522000.0,2.916685847775405e-05,2.916685847775405e-05,2.5462430198852213e-05,2.5494815250647277e-05,1704.75774921421
1725522060.0,2.5494815250647277e-05,2.853180525582281e-05,2.472226138296339e-05,2.5009537729301e-05,1338.4831485853551
1725522120.0,2.5009537729301e-05,3.435094124777292e-05,2.460782525042815e-05,2.689245502292515e-05,2864.6438112633227
1725522180.0,2.689245502292515e-05,2.689245502292515e-05,2.375113719464117e-05,2.4843620555603247e-05,1355.548857321348
1725522240.0,2.4843620555603247e-05,2.4843620555603247e-05,2.2077570384862953e-05,2.2276363923407304e-05,1100.4003649953854
1725522300.0,2.2276363923407304e-05,2.310025517525488e-05,2.1746393467963823e-05,2.209906354163513e-05,776.8923052814775
1725522360.0,2.209906354163513e-05,2.260999914860684e-05,2.1657852922770304e-05,2.1657852922770304e-05,469.76952546924144
1725522420.0,2.1657852922770304e-05,2.1657852922770304e-05,1.7869233486729237e-05,1.793417652714814e-05,1179.0238403324936
1725522480.0,1.793417652714814e-05,1.793417652714814e-05,1.6959751291610095e-05,1.7385157310132013e-05,208.11312169413145
1725522540.0,1.7385157310132013e-05,1.7797958572485442e-05,1.402875084059506e-05,1.4632783424179006e-05,1636.4153067524146
1725522600.0,1.4632783424179006e-05,1.564737215386046e-05,1.4488708882402718e-05,1.564737215386046e-05,574.2501418674448
1725522660.0,1.564737215386046e-05,1.661454792335223e-05,1.549048900414505e-05,1.5785327322171983e-05,836.8133652926863
1725522720.0,1.5785327322171983e-05,1.5872676168867354e-05,1.4131672900509289e-05,1.4349353286668425e-05,687.188947882035
1725522780.0,1.4349353286668425e-05,1.5012016770303424e-05,1.3049218034536792e-05,1.3461900922731173e-05,1021.0618350861944
1725522840.0,1.3461900922731173e-05,1.3817099064513384e-05,9.897118567861328e-06,9.897118567861328e-06,1607.0036315564914
1725522900.0,9.897118567861328e-06,9.897118567861328e-06,8.205850926487086e-06,9.67840273851538e-06,1539.5068886018114
1725522960.0,9.67840273851538e-06,1.1181350004204993e-05,9.67840273851538e-06,1.0563105638120173e-05,986.8680255908404
1725523020.0,1.0563105638120173e-05,1.1178507488309924e-05,1.0402164470756368e-05,1.1065773331810493e-05,453.6715255130785
1725523080.0,1.1065773331810493e-05,1.1478995829113472e-05,1.0822907046175156e-05,1.0822907046175156e-05,390.23519578443415
1725523140.0,1.0822907046175156e-05,1.1737629975495672e-05,9.449312530957852e-06,1.1737629975495672e-05,1169.9331020917564
1725523200.0,1.1737629975495672e-05,1.456526375347354e-05,1.1306904529533471e-05,1.456526375347354e-05,1546.4277655475553
1725523260.0,1.456526375347354e-05,1.4708523288062108e-05,1.275025002926408e-05,1.4315585767763324e-05,1577.4335666976451
1725523320.0,1.4315585767763324e-05,1.531963542330202e-05,1.4221082530925756e-05,1.531963542330202e-05,526.2924648872644
1725523380.0,1.531963542330202e-05,1.531963542330202e-05,1.2182014645713585e-05,1.331572824461519e-05,1113.8230875258291
1725523440.0,1.331572824461519e-05,1.492993273822113e-05,1.3071289030083738e-05,1.4834342417491575e-05,801.0431642771207
1725523500.0,1.4834342417491575e-05,1.4862905615437422e-05,1.3530450647376672e-05,1.3759729426548188e-05,695.7377415051513
1725523560.0,1.3759729426548188e-05,1.3916657979221255e-05,1.0312689215382164e-05,1.073590696633655e-05,2077.8485256812405
1725523620.0,1.073590696633655e-05,1.2373861445124518e-05,1.0618993817864596e-05,1.16294728283571e-05,998.2172244638506
1725523680.0,1.16294728283571e-05,1.2400904976687936e-05,1.0536548388756713e-05,1.2310597358191387e-05,841.8933503346716
1725523740.0,1.2310597358191387e-05,1.2627739621018712e-05,1.1264748818199163e-05,1.2627739621018712e-05,673.0638708985327
1725523800.0,1.2627739621018712e-05,1.2757826303259946e-05,1.2157053869350243e-05,1.2157053869350243e-05,444.4111817589627
1725523860.0,1.2157053869350243e-05,1.2157053869350243e-05,1.0643840009564615e-05,1.133911711602104e-05,836.0422152549112
1725523920.0,1.133911711602104e-05,1.1571574026499184e-05,1.099342641502312e-05,1.1272638608970968e-05,392.58782483250013
1725523980.0,1.1272638608970968e-05,1.1474310032639614e-05,1.1080942771566094e-05,1.1210781656320747e-05,338.52144888082614
1725524040.0,1.1210781656320747e-05,1.1507863653217066e-05,1.1210781656320747e-05,1.138258831702419e-05,307.8482679086558
1725524100.0,1.138258831702419e-05,1.2720525934041405e-05,1.138258831702419e-05,1.2720525934041405e-05,496.5994141420371
1725524160.0,1.2720525934041405e-05,1.5039927226795843e-05,1.2720525934041405e-05,1.4175114767262296e-05,866.6616121929434
1725524220.0,1.4175114767262296e-05,1.4361640543276384e-05,1.2978966171417214e-05,1.2991525139673637e-05,607.1446453089424
1725524280.0,1.2991525139673637e-05,1.4450307574243197e-05,1.2991525139673637e-05,1.4413748004280773e-05,444.6405862792478
1725524340.0,1.4413748004280773e-05,1.4413748004280773e-05,1.3654722676288336e-05,1.3654722676288336e-05,246.5508014194706
1725524400.0,1.3654722676288336e-05,1.3950412323030242e-05,1.342957720134492e-05,1.342957720134492e-05,432.85494108169104
1725524460.0,1.342957720134492e-05,1.342957720134492e-05,1.2202145569677334e-05,1.2202145569677334e-05,537.9294287542133
1725524520.0,1.2202145569677334e-05,1.2329657762911236e-05,1.1875706739479472e-05,1.2329657762911236e-05,302.3840558381932
1725524580.0,1.2329657762911236e-05,1.25118771379371e-05,1.188924973244059e-05,1.2101936301140493e-05,628.0681431853554
1725524640.0,1.2101936301140493e-05,1.2432185548368044e-05,1.186154278483461e-05,1.186154278483461e-05,324.177789577137
1725524700.0,1.186154278483461e-05,1.2045970697724972e-05,1.1555216123891207e-05,1.1604118148512811e-05,593.361113757092
1725524760.0,1.1604118148512811e-05,1.1711751873758712e-05,1.1508327308867844e-05,1.1508327308867844e-05,282.8523059871169
1725524820.0,1.1508327308867844e-05,1.2448650510407609e-05,1.135128310085728e-05,1.2448650510407609e-05,480.99227912898704
1725524880.0,1.2448650510407609e-05,1.4161712852567631e-05,1.2448650510407609e-05,1.4161712852567631e-05,693.520052016291
1725524940.0,1.4161712852567631e-05,1.4338849231125254e-05,1.3433343314227848e-05,1.3489233464271476e-05,607.2924031997184
1725525000.0,1.3489233464271476e-05,1.371090533699877e-05,1.3489233464271476e-05,1.371090533699877e-05,85.29719870373182
1725525060.0,1.371090533699877e-05,1.404061886570616e-05,1.344391834015841e-05,1.3665411695250076e-05,404.7218238082217
1725525120.0,1.3665411695250076e-05,1.3665411695250076e-05,1.280176846659646e-05,1.280176846659646e-05,395.65969252478453
1725525180.0,1.280176846659646e-05,1.3713178494864818e-05,1.1669049485915131e-05,1.3713178494864818e-05,945.9208864521768
1725525240.0,1.3713178494864818e-05,1.3713178494864818e-05,1.273334130935607e-05,1.3117460535034988e-05,386.38061290602263
1725525300.0,1.3117460535034988e-05,1.3117460535034988e-05,1.2507121242720886e-05,1.2507121242720886e-05,239.88405496588007
1725525360.0,1.2507121242720886e-05,1.345058131005673e-05,1.2507121242720886e-05,1.3029010826433818e-05,555.0436093986896
1725525420.0,1.3029010826433818e-05,1.3135852879876412e-05,1.2963572858492054e-05,1.3135852879876412e-05,112.04253143081192
1725525480.0,1.3135852879876412e-05,1.3135852879876412e-05,1.102923826442307e-05,1.1176574315897503e-05,604.7629177562811
1725525540.0,1.1176574315897503e-05,1.2133594004345552e-05,1.1176574315897503e-05,1.1991774404623542e-05,542.7384769907412
1725525600.0,1.1991774404623542e-05,1.2637469932429327e-05,1.1991774404623542e-05,1.239661354403548e-05,447.69575678919546
1725525660.0,1.239661354403548e-05,1.2603264333923524e-05,1.2109129276796105e-05,1.2355170113155338e-05,398.4836257404559
1725525720.0,1.2355170113155338e-05,1.2355170113155338e-05,1.1796591215258546e-05,1.1796591215258546e-05,271.26263770019966
1725525780.0,1.1796591215258546e-05,1.2209979328278707e-05,1.17415807065058e-05,1.17415807065058e-05,314.028605320577
1725525840.0,1.17415807065058e-05,1.1978256707782575e-05,1.17415807065058e-05,1.1909414032167396e-05,221.47567817787473
1725525900.0,1.1909414032167396e-05,1.2797772012856974e-05,1.1909414032167396e-05,1.2729828754902755e-05,560.6364250063901
1725525960.0,1.2729828754902755e-05,1.2957871730188809e-05,1.2225518919398829e-05,1.2225518919398829e-05,345.39218376835004
1725526020.0,1.2225518919398829e-05,1.303130878970078e-05,1.2225518919398829e-05,1.2895420693338426e-05,387.1481456955605
1725526080.0,1.2895420693338426e-05,1.3904584002281068e-05,1.2895420693338426e-05,1.3904584002281068e-05,305.3094286370474
1725526140.0,1.3904584002281068e-05,1.4044753804271832e-05,1.3659459416163358e-05,1.40147819860644e-05,385.2171573516264
1725526200.0,1.40147819860644e-05,1.4975019150357544e-05,1.40147819860644e-05,1.4522075627604356e-05,469.79289192327815
1725526260.0,1.4522075627604356e-05,1.4971399434195095e-05,1.4381570372970922e-05,1.4725333883394525e-05,387.4494427411444
1725526320.0,1.4725333883394525e-05,1.5160807790468315e-05,1.4463759043496748e-05,1.5142733771096616e-05,254.9231572785051
1725526380.0,1.5142733771096616e-05,1.6114163171742423e-05,1.5142733771096616e-05,1.5688440061203145e-05,552.7750425770366
1725526440.0,1.5688440061203145e-05,1.644202483727698e-05,1.5688440061203145e-05,1.613682324586172e-05,777.0859978597375
1725526500.0,1.613682324586172e-05,1.6223109370189155e-05,1.5550120417813686e-05,1.5629169565699242e-05,575.2707467854775
1725526560.0,1.5629169565699242e-05,1.5629169565699242e-05,1.509769924855044e-05,1.5284111202484824e-05,186.6257659354535
1725526620.0,1.5284111202484824e-05,1.551698825714064e-05,1.4870032978475865e-05,1.4967775089537384e-05,346.0373924533119
1725526680.0,1.4967775089537384e-05,1.5266816229091615e-05,1.3764847735033204e-05,1.3764847735033204e-05,573.0345789162697
1725526740.0,1.3764847735033204e-05,1.378730156307916e-05,1.3568453636421436e-05,1.3568453636421436e-05,319.1734784266612
1725526800.0,1.3568453636421436e-05,1.3988903176769654e-05,1.3568453636421436e-05,1.379651765503393e-05,300.48084249566705
1725526860.0,1.379651765503393e-05,1.430848122971928e-05,1.374664721099322e-05,1.4240340267686803e-05,236.8447338224667
1725526920.0,1.4240340267686803e-05,1.4240340267686803e-05,1.338251230648641e-05,1.3512109403601914e-05,618.367123643601
1725526980.0,1.3512109403601914e-05,1.372585460734104e-05,1.3439138924062408e-05,1.3538875892016148e-05,229.81616055261003
1725527040.0,1.3538875892016148e-05,1.3902227503261366e-05,1.3443802891827989e-05,1.3902227503261366e-05,304.0963354003218
1725527100.0,1.3902227503261366e-05,1.3946446955739125e-05,1.3383330163624664e-05,1.3383330163624664e-05,355.143806023251
1725527160.0,1.3383330163624664e-05,1.3710591527648211e-05,1.264832609821896e-05,1.290191174877795e-05,383.5793207024341
1725527220.0,1.290191174877795e-05,1.290191174877795e-05,1.1948657505178668e-05,1.1954931533290335e-05,362.5730951938051
1725527280.0,1.1954931533290335e-05,1.3146697215594694e-05,1.193391833327345e-05,1.3146697215594694e-05,809.4152414453209
1725527340.0,1.3146697215594694e-05,1.4342904346924326e-05,1.3146697215594694e-05,1.3273495441494484e-05,419.20199399227215
1725527400.0,1.3273495441494484e-05,1.377559790735734e-05,1.31941693845356e-05,1.377559790735734e-05,181.86143493221937
1725527460.0,1.377559790735734e-05,1.410349034228367e-05,1.3481060908054096e-05,1.3481060908054096e-05,216.2157048707801
1725527520.0,1.3481060908054096e-05,1.3947881210713176e-05,1.3481060908054096e-05,1.3644046706677192e-05,287.51320840736855
1725527580.0,1.3644046706677192e-05,1.4568971083515785e-05,1.3542812696295894e-05,1.4568971083515785e-05,339.07472300995164
1725527640.0,1.4568971083515785e-05,1.4661249065900644e-05,1.3280129544149655e-05,1.3280129544149655e-05,416.30486635325417
1725527700.0,1.3280129544149655e-05,1.3376500998388658e-05,1.2839541436557676e-05,1.2918335256088825e-05,412.8010293660213
1725527760.0,1.2918335256088825e-05,1.303765810359533e-05,1.2842811633850687e-05,1.303765810359533e-05,117.8414641094294
1725527820.0,1.303765810359533e-05,1.3306345433998137e-05,1.285576386095019e-05,1.2908114339607704e-05,207.44390428945204
1725527880.0,1.2908114339607704e-05,1.3166562844267393e-05,1.2213955806701217e-05,1.2213955806701217e-05,571.037903379327
1725527940.0,1.2213955806701217e-05,1.2292369979154493e-05,1.0997921634975854e-05,1.2058596868208518e-05,834.5103131571573
1725528000.0,1.2058596868208518e-05,1.2190593938568146e-05,1.1833097615061455e-05,1.2190593938568146e-05,167.84477631399702
1725528060.0,1.2190593938568146e-05,1.2853915237698658e-05,1.2156510517033289e-05,1.2853915237698658e-05,412.66414247520186
1725528120.0,1.2853915237698658e-05,1.3233414749861022e-05,1.2853915237698658e-05,1.311314012459776e-05,256.2122141708753
1725528180.0,1.311314012459776e-05,1.3206015518369544e-05,1.2867791760215327e-05,1.3206015518369544e-05,155.96960746221458
1725528240.0,1.3206015518369544e-05,1.3295400775909276e-05,1.2891360217948456e-05,1.3148109040483857e-05,248.69145382860407
1725528300.0,1.3148109040483857e-05,1.3621013118273156e-05,1.3148109040483857e-05,1.3621013118273156e-05,381.4873873178071
1725528360.0,1.3621013118273156e-05,1.4472656350128417e-05,1.3621013118273156e-05,1.401389929968503e-05,451.9080317332768
1725528420.0,1.401389929968503e-05,1.401389929968503e-05,1.2358984263627605e-05,1.2745859295040826e-05,564.3892993180191
1725528480.0,1.2745859295040826e-05,1.3188491163995333e-05,1.2681697739559189e-05,1.3188491163995333e-05,352.04862533593126
1725528540.0,1.3188491163995333e-05,1.3767194874598037e-05,1.3188491163995333e-05,1.3767194874598037e-05,231.4374206032098
1725528600.0,1.3767194874598037e-05,1.3767194874598037e-05,1.3337072606596822e-05,1.3708442788798913e-05,222.4632489461404
1725528660.0,1.3708442788798913e-05,1.3708442788798913e-05,1.3032981025685026e-05,1.321459109225811e-05,290.49851438077036
1725528720.0,1.321459109225811e-05,1.356283662863522e-05,1.321459109225811e-05,1.3409846312096866e-05,242.78724613431072
1725528780.0,1.3409846312096866e-05,1.3409846312096866e-05,1.3049834785182086e-05,1.3167540367596614e-05,268.27923020500634
1725528840.0,1.3167540367596614e-05,1.3167540367596614e-05,1.2607829086354202e-05,1.2795260714907097e-05,449.3360804166596
1725528900.0,1.2795260714907097e-05,1.2984853338123906e-05,1.2599177473488094e-05,1.2632446299352975e-05,191.7321101873796
1725528960.0,1.2632446299352975e-05,1.2788565674719863e-05,1.2282204814048703e-05,1.2282204814048703e-05,255.62750443179937
1725529020.0,1.2282204814048703e-05,1.2486381702149718e-05,1.2273199156339492e-05,1.2454947783167292e-05,165.5073710714709
1725529080.0,1.2454947783167292e-05,1.2804805740689636e-05,1.2444134889836148e-05,1.2804805740689636e-05,228.43073400858472
1725529140.0,1.2804805740689636e-05,1.2934128914493498e-05,1.2697835481890066e-05,1.2870314955261252e-05,219.8971984202706
1725529200.0,1.2870314955261252e-05,1.3057512974463138e-05,1.271147669797682e-05,1.286967728875272e-05,224.09220497908424
1725529260.0,1.286967728875272e-05,1.2873488092913968e-05,1.281134602779676e-05,1.281134602779676e-05,64.22411439903567
1725529320.0,1.281134602779676e-05,1.3075066069015026e-05,1.273834627563332e-05,1.273834627563332e-05,159.49531221760284
1725529380.0,1.273834627563332e-05,1.3146379591655356e-05,1.273834627563332e-05,1.2780506103848623e-05,220.17730526004905
1725529440.0,1.2780506103848623e-05,1.3221255552439191e-05,1.2780506103848623e-05,1.3221255552439191e-05,162.05964996215673
1725529500.0,1.3221255552439191e-05,1.3221255552439191e-05,1.2828016262570666e-05,1.291423861320688e-05,95.3692591547017
1725529560.0,1.291423861320688e-05,1.3190014209441904e-05,1.291423861320688e-05,1.296538786302329e-05,203.42536227206173
1725529620.0,1.296538786302329e-05,1.3296046594754272e-05,1.2915442981267696e-05,1.2963795577436108e-05,214.46473980485104
1725529680.0,1.2963795577436108e-05,1.2963795577436108e-05,1.2522673166904331e-05,1.2522673166904331e-05,126.59715227648026
1725529740.0,1.2522673166904331e-05,1.304831160612848e-05,1.2522673166904331e-05,1.2561588473881268e-05,281.1700121220759
1725529800.0,1.2561588473881268e-05,1.2888031376742116e-05,1.2561588473881268e-05,1.2885806559430002e-05,128.18235379155706
1725529860.0,1.2885806559430002e-05,1.2899534040448327e-05,1.251218830034206e-05,1.285470720991308e-05,185.1491985500408
1725529920.0,1.285470720991308e-05,1.3109930356144135e-05,1.26325779696985e-05,1.2907875891630542e-05,297.86943844393267
1725529980.0,1.2907875891630542e-05,1.343198209373212e-05,1.2546889975890845e-05,1.2562346755538902e-05,371.6142602844296
1725530040.0,1.2562346755538902e-05,1.2562346755538902e-05,1.2194903521462724e-05,1.228004620747808e-05,265.4240399279633
1725530100.0,1.228004620747808e-05,1.23803811447775e-05,1.2027593595083652e-05,1.23803811447775e-05,126.59365352160904
1725530160.0,1.23803811447775e-05,1.2704697339019322e-05,1.23803811447775e-05,1.2414762508079431e-05,217.29059900051467
1725530220.0,1.2414762508079431e-05,1.2794527965998316e-05,1.2413618340961902e-05,1.2794527965998316e-05,113.69135020690624
1725530280.0,1.2794527965998316e-05,1.289153174047898e-05,1.2620323682416817e-05,1.2620323682416817e-05,65.77787716934448
1725530340.0,1.2620323682416817e-05,1.2720668354168308e-05,1.23783535193546e-05,1.23783535193546e-05,121.9509456429076
1725530400.0,1.23783535193546e-05,1.2505711793981432e-05,1.2300723598464858e-05,1.2422658614216916e-05,149.35195844397646
1725530460.0,1.2422658614216916e-05,1.2592357913715203e-05,1.2360957771631827e-05,1.239931514216464e-05,170.97125588334254
1725530520.0,1.239931514216464e-05,1.239931514216464e-05,1.2292672305221916e-05,1.2292672305221916e-05,59.102149875555135
1725530580.0,1.2292672305221916e-05,1.2483026016163405e-05,1.2158803029108988e-05,1.2158803029108988e-05,257.12556381514185
1725530640.0,1.2158803029108988e-05,1.2158803029108988e-05,1.1840010022081928e-05,1.1877366126740287e-05,119.40922421495084
1725530700.0,1.1877366126740287e-05,1.1943089132196375e-05,1.094969682010458e-05,1.1774276560056478e-05,616.4558707206784
1725530760.0,1.1774276560056478e-05,1.1774276560056478e-05,1.165205822328034e-05,1.1714779879069293e-05,160.73052611956103
1725530820.0,1.1714779879069293e-05,1.1714779879069293e-05,1.151204731065837e-05,1.160450541389961e-05,117.47632537022552
1725530880.0,1.160450541389961e-05,1.1615083206513456e-05,1.1496404176048729e-05,1.1496404176048729e-05,108.92508318405724
1725530940.0,1.1496404176048729e-05,1.1496404176048729e-05,1.1496404176048729e-05,1.1496404176048729e-05,0.0
1725531000.0,1.1496404176048729e-05,1.1496404176048729e-05,1.1247917986260625e-05,1.1247917986260625e-05,111.40033188298456
1725531060.0,1.1247917986260625e-05,1.1517117249253495e-05,1.0683045473161478e-05,1.0683045473161478e-05,659.5093279710177
1725531120.0,1.0683045473161478e-05,1.0737235981020534e-05,1.0636592163022072e-05,1.0737235981020534e-05,76.40131809777785
1725531180.0,1.0737235981020534e-05,1.078475778631328e-05,9.56542389483361e-06,9.56542389483361e-06,358.05204755869903
1725531240.0,9.56542389483361e-06,1.0089038880146555e-05,9.56542389483361e-06,9.83394291768551e-06,213.9206256475466
1725531300.0,9.83394291768551e-06,1.0001236884862311e-05,9.83394291768551e-06,1.0001236884862311e-05,133.4591707331252
1725531360.0,1.0001236884862311e-05,1.087399317611726e-05,1.0001236884862311e-05,1.087399317611726e-05,337.6069975830047
1725531420.0,1.087399317611726e-05,1.1167169455070376e-05,1.087399317611726e-05,1.1004016100173308e-05,125.39495021906812
1725531480.0,1.1004016100173308e-05,1.1004016100173308e-05,1.03305771580301e-05,1.03305771580301e-05,171.83668791355444
1725531540.0,1.03305771580301e-05,1.06915565172169e-05,1.03305771580301e-05,1.043568267910994e-05,172.84414403826284
1725531600.0,1.043568267910994e-05,1.0700660973281503e-05,1.043568267910994e-05,1.0564948608046397e-05,296.7131212654445
1725531660.0,1.0564948608046397e-05,1.1822705025922518e-05,1.0564948608046397e-05,1.1758138785675796e-05,312.8658929412671
1725531720.0,1.1758138785675796e-05,1.1833701804641992e-05,1.1681176704647978e-05,1.1708542152182093e-05,155.29624705059578
1725531780.0,1.1708542152182093e-05,1.1708542152182093e-05,1.0619706940743352e-05,1.0758013144024844e-05,503.7739600745182
1725531840.0,1.0758013144024844e-05,1.1165900044515984e-05,1.0758013144024844e-05,1.1141725874230784e-05,330.6058722199518
1725531900.0,1.1141725874230784e-05,1.1141725874230784e-05,1.0908605604795298e-05,1.0908605604795298e-05,96.89652551060384
1725531960.0,1.0908605604795298e-05,1.107264778061428e-05,1.0908605604795298e-05,1.107264778061428e-05,146.81765275647444
1725532020.0,1.107264778061428e-05,1.107264778061428e-05,1.0867662731573704e-05,1.0923053449363296e-05,119.28939036583282
1725532080.0,1.0923053449363296e-05,1.0923053449363296e-05,1.081784430212542e-05,1.081784430212542e-05,95.26864663305147
1725532140.0,1.081784430212542e-05,1.122231449924987e-05,1.081784430212542e-05,1.122231449924987e-05,277.32747878420076
1725532200.0,1.122231449924987e-05,1.16202454423528e-05,1.122231449924987e-05,1.16202454423528e-05,93.82191430855828
1725532260.0,1.16202454423528e-05,1.2163681077125004e-05,1.1562734735759474e-05,1.17923149390912e-05,361.4637504045294
1725532320.0,1.17923149390912e-05,1.17923149390912e-05,1.1222095740571563e-05,1.1326028844308743e-05,71.11762755771717
1725532380.0,1.1326028844308743e-05,1.138187754945702e-05,1.1269707611372898e-05,1.132554721166723e-05,114.70085615467929
1725532440.0,1.132554721166723e-05,1.1340910622965628e-05,1.122109925433412e-05,1.133150169934191e-05,106.29522822665086
1725532500.0,1.133150169934191e-05,1.133150169934191e-05,1.1275417271201885e-05,1.1277272204241068e-05,66.8688598011348
1725532560.0,1.1277272204241068e-05,1.1461569559823818e-05,1.1221185858400644e-05,1.1333680333153367e-05,125.42531423619448
1725532620.0,1.1333680333153367e-05,1.140046224233072e-05,1.128423971269166e-05,1.140046224233072e-05,86.8375473410822
1725532680.0,1.140046224233072e-05,1.140046224233072e-05,1.1179911574785998e-05,1.1311467712638678e-05,76.66610761845571
1725532740.0,1.1311467712638678e-05,1.1351912374190205e-05,1.1036768621437788e-05,1.1036768621437788e-05,183.69933889783175
1725532800.0,1.1036768621437788e-05,1.1036768621437788e-05,9.931064548108732e-06,9.969097677251293e-06,290.677313896187
1725532860.0,9.969097677251293e-06,1.0183321863607892e-05,9.969097677251293e-06,1.0183321863607892e-05,59.4894635170871
1725532920.0,1.0183321863607892e-05,1.0773036411824388e-05,1.0183321863607892e-05,1.063102652986406e-05,215.5345376951844
1725532980.0,1.063102652986406e-05,1.0634434798521875e-05,1.0140608614826364e-05,1.0242065222556168e-05,189.35481977020245
1725533040.0,1.0242065222556168e-05,1.0242065222556168e-05,9.75147854175962e-06,9.75147854175962e-06,149.51862946882775
1725533100.0,9.75147854175962e-06,9.95151609834754e-06,9.75147854175962e-06,9.823407843803008e-06,130.79396674633844
1725533160.0,9.823407843803008e-06,9.87218655433183e-06,9.77523355941935e-06,9.87218655433183e-06,81.78610981221722
1725533220.0,9.87218655433183e-06,9.96982780656506e-06,9.841017331189218e-06,9.841017331189218e-06,47.16974241587258
1725533280.0,9.841017331189218e-06,1.0006083522425352e-05,9.839127133718412e-06,9.839127133718412e-06,123.44463594089004
1725533340.0,9.839127133718412e-06,9.966545154841809e-06,9.839127133718412e-06,9.963333504375769e-06,80.40056890279794
1725533400.0,9.963333504375769e-06,9.981430091133386e-06,9.818431086082665e-06,9.818431086082665e-06,63.213805036396735
1725533460.0,9.818431086082665e-06,1.0027143697296643e-05,9.818431086082665e-06,9.898619977674189e-06,120.52635089766189
1725533520.0,9.898619977674189e-06,9.958521107388952e-06,9.78162407414631e-06,9.958521107388952e-06,76.05708483552125
1725533580.0,9.958521107388952e-06,9.958521107388952e-06,9.715094258344656e-06,9.715094258344656e-06,75.98190791510132
1725533640.0,9.715094258344656e-06,9.88922080132145e-06,9.715094258344656e-06,9.762351291773464e-06,117.7153036389566
1725533700.0,9.762351291773464e-06,9.888269356751516e-06,9.437459852975371e-06,9.437459852975371e-06,195.78760665901848
1725533760.0,9.437459852975371e-06,9.437459852975371e-06,8.306924357357296e-06,8.306924357357296e-06,338.5690843182887
1725533820.0,8.306924357357296e-06,8.501881866553046e-06,8.306924357357296e-06,8.368946483326332e-06,219.9890952086221
1725533880.0,8.368946483326332e-06,8.368946483326332e-06,8.266542428474735e-06,8.266542428474735e-06,119.59784962477332
1725533940.0,8.266542428474735e-06,8.266542428474735e-06,8.093823286460654e-06,8.093823286460654e-06,71.13123802239974
1725534000.0,8.093823286460654e-06,8.25134988587546e-06,8.093823286460654e-06,8.153661566859237e-06,119.08842672627368
1725534060.0,8.153661566859237e-06,8.713777956860828e-06,8.153661566859237e-06,8.396332750854144e-06,307.95408355643923
1725534120.0,8.396332750854144e-06,8.396332750854144e-06,8.150443712272208e-06,8.20759961240412e-06,124.02001290464456
1725534180.0,8.20759961240412e-06,8.22238299810541e-06,7.603636520299365e-06,7.717631084534674e-06,201.72833732952228
1725534240.0,7.717631084534674e-06,7.84881252218366e-06,7.717631084534674e-06,7.832185544501986e-06,140.83941469648587
1725534300.0,7.832185544501986e-06,8.042598232219235e-06,7.799736750283658e-06,8.042598232219235e-06,128.57389959714658
1725534360.0,8.042598232219235e-06,8.042598232219235e-06,7.974505294426869e-06,7.978668163158984e-06,51.11695157126767
1725534420.0,7.978668163158984e-06,8.072683641192569e-06,7.909796007365396e-06,7.909796007365396e-06,85.93524350940535
1725534480.0,7.909796007365396e-06,8.106339109869652e-06,7.909796007365396e-06,8.030123712948613e-06,116.2903380284548
1725534540.0,8.030123712948613e-06,8.035856243588099e-06,8.030123712948613e-06,8.035856243588099e-06,15.7039467737589
1725534600.0,8.035856243588099e-06,8.584756905155993e-06,7.995871411726312e-06,8.510305545574969e-06,255.6304429927976
1725534660.0,8.510305545574969e-06,8.602522291354153e-06,8.510305545574969e-06,8.602522291354153e-06,65.92450801928919
1725534720.0,8.602522291354153e-06,8.720815307220045e-06,8.592085840417475e-06,8.592085840417475e-06,92.18856795702722
1725534780.0,8.592085840417475e-06,8.701790841505904e-06,8.591594892050119e-06,8.658671521577843e-06,70.22707982945435
1725534840.0,8.658671521577843e-06,8.70203978045703e-06,8.620052178360498e-06,8.70203978045703e-06,64.33362882147301
1725534900.0,8.70203978045703e-06,9.985701476905908e-06,8.658898010308144e-06,9.985701476905908e-06,405.68883959878616
1725534960.0,9.985701476905908e-06,9.985701476905908e-06,9.23375164026844e-06,9.23375164026844e-06,342.33910657145935
1725535020.0,9.23375164026844e-06,1.0269606819803132e-05,8.70176510936455e-06,8.739785832136219e-06,895.3185671498628
1725535080.0,8.739785832136219e-06,8.745746804556079e-06,8.700117401360512e-06,8.700117401360512e-06,61.87792807742351
1725535140.0,8.700117401360512e-06,8.700117401360512e-06,7.763837645505525e-06,7.763837645505525e-06,327.8242333593594
1725535200.0,7.763837645505525e-06,7.824183915953015e-06,7.596823489785579e-06,7.596823489785579e-06,185.52914606877584
1725535260.0,7.596823489785579e-06,7.596823489785579e-06,7.288237747606555e-06,7.288237747606555e-06,58.03303863650607
1725535320.0,7.288237747606555e-06,7.356960261146201e-06,7.288237747606555e-06,7.320498729008833e-06,63.09768055363395
1725535380.0,7.320498729008833e-06,7.324587215247315e-06,7.199867940645329e-06,7.231823302514461e-06,113.5319743109504
1725535440.0,7.231823302514461e-06,7.235574473455699e-06,7.199552192404698e-06,7.199552192404698e-06,25.271238488341684
1725535500.0,7.199552192404698e-06,7.276141552224218e-06,7.199552192404698e-06,7.240075833705071e-06,64.09445764817939
1725535560.0,7.240075833705071e-06,7.2758955444484514e-06,7.207911375841314e-06,7.2758955444484514e-06,55.259077736227454
1725535620.0,7.2758955444484514e-06,7.2758955444484514e-06,7.2398279414942684e-06,7.24385722787425e-06,42.50324785023829
1725535680.0,7.24385722787425e-06,7.661715521708345e-06,7.2077886258523265e-06,7.661715521708345e-06,204.99173129675637
1725535740.0,7.661715521708345e-06,7.69678841822843e-06,7.623560701957217e-06,7.658632728079358e-06,74.08702071333119
1725535800.0,7.658632728079358e-06,7.696528031982165e-06,7.623439266762429e-06,7.696528031982165e-06,53.90333964613623
1725535860.0,7.696528031982165e-06,7.696528031982165e-06,7.659759308121305e-06,7.671842337395544e-06,42.01053418601845
1725535920.0,7.671842337395544e-06,7.752252012699483e-06,7.633632083991315e-06,7.676726449605219e-06,92.96506400634628
1725535980.0,7.676726449605219e-06,7.68058596366064e-06,7.64232966317984e-06,7.64232966317984e-06,21.961132026416085
1725536040.0,7.64232966317984e-06,7.715111326942566e-06,7.64232966317984e-06,7.68060832317056e-06,70.84003893073069
1725536100.0,7.68060832317056e-06,7.7199602565203e-06,7.617341618277041e-06,7.667654547289356e-06,73.50204535197355
1725536160.0,7.667654547289356e-06,7.70661942162572e-06,7.667654547289356e-06,7.70661942162572e-06,29.43973589975917
1725536220.0,7.70661942162572e-06,7.70661942162572e-06,7.669681836303039e-06,7.669681836303039e-06,29.29863216838468
1725536280.0,7.669681836303039e-06,7.746589998885227e-06,7.669681836303039e-06,7.670751495273478e-06,78.7794993057101
1725536340.0,7.670751495273478e-06,7.670751495273478e-06,7.103790896880689e-06,7.103790896880689e-06,252.31993665654605
1725536400.0,7.103790896880689e-06,7.103790896880689e-06,6.787661480000677e-06,6.787661480000677e-06,57.13108960478254
1725536460.0,6.787661480000677e-06,6.787661480000677e-06,6.712083509438027e-06,6.763092391519571e-06,47.21215132148328
1725536520.0,6.763092391519571e-06,6.763092391519571e-06,6.729556539006869e-06,6.729556539006869e-06,28.14849327837919
1725536580.0,6.729556539006869e-06,6.762745775050657e-06,6.729208784189808e-06,6.729208784189808e-06,55.7462272333958
1725536640.0,6.729208784189808e-06,6.729208784189808e-06,6.659837587345264e-06,6.659837587345264e-06,13.409320280723596
1725536700.0,6.659837587345264e-06,6.750327585487436e-06,6.659837587345264e-06,6.683797950958587e-06,74.67517896701143
1725536760.0,6.683797950958587e-06,6.683797950958587e-06,6.6338686965204756e-06,6.6338686965204756e-06,2.410982768410874
1725536820.0,6.6338686965204756e-06,6.708645401750446e-06,6.6338686965204756e-06,6.708645401750446e-06,27.14559226499838
1725536880.0,6.708645401750446e-06,6.708645401750446e-06,6.579855026693634e-06,6.579855026693634e-06,47.0277082243764
1725536940.0,6.579855026693634e-06,6.579855026693634e-06,6.163363563321814e-06,6.163363563321814e-06,188.63604323780808
1725537000.0,6.163363563321814e-06,6.193186469200421e-06,6.163363563321814e-06,6.193186469200421e-06,26.460801713963544
1725537060.0,6.193186469200421e-06,6.193186469200421e-06,6.030880597950617e-06,6.030880597950617e-06,56.34436224888438
1725537120.0,6.030880597950617e-06,6.095769886046673e-06,6.030880597950617e-06,6.065537209820634e-06,52.11382392594691
1725537180.0,6.065537209820634e-06,6.09543740993551e-06,6.065537209820634e-06,6.09543740993551e-06,25.783917675399092
1725537240.0,6.09543740993551e-06,6.147936792776422e-06,6.042322877986488e-06,6.11205215929008e-06,61.009890936170905
1725537300.0,6.11205215929008e-06,6.325899342919879e-06,6.11205215929008e-06,6.2945164780144846e-06,90.75707900388046
1725537360.0,6.2945164780144846e-06,6.325559614470759e-06,5.984792675954338e-06,5.984792675954338e-06,145.50584580107423
1725537420.0,5.984792675954338e-06,6.159448830456269e-06,5.848272931406442e-06,6.1055055499325095e-06,274.36895766116436
1725537480.0,6.1055055499325095e-06,6.175385730156072e-06,6.1055055499325095e-06,6.137228054230556e-06,43.445920468618624
1725537540.0,6.137228054230556e-06,6.197567015227515e-06,6.137228054230556e-06,6.189946679610055e-06,42.36577077884455
1725537600.0,6.189946679610055e-06,6.210151656344725e-06,6.145408386512537e-06,6.145408386512537e-06,26.18650754680013
1725537660.0,6.145408386512537e-06,6.167288158815001e-06,6.103332079734271e-06,6.167288158815001e-06,25.94664319714822
1725537720.0,6.167288158815001e-06,6.167288158815001e-06,6.09941548119641e-06,6.09941548119641e-06,23.287311512709085
1725537780.0,6.09941548119641e-06,6.1669443749586215e-06,6.09941548119641e-06,6.135184741699584e-06,45.90197206288886
1725537840.0,6.135184741699584e-06,6.920157591173636e-06,6.135184741699584e-06,6.920157591173636e-06,318.68623397310813
1725537900.0,6.920157591173636e-06,7.238200937891054e-06,6.816856482482406e-06,6.816856482482406e-06,286.017443159215
1725537960.0,6.816856482482406e-06,6.862035731386546e-06,6.816856482482406e-06,6.862035731386546e-06,21.547051406714623
1725538020.0,6.862035731386546e-06,6.862035731386546e-06,6.827950612715914e-06,6.827950612715914e-06,21.44002284653957
1725538080.0,6.827950612715914e-06,6.863145202352832e-06,6.827950612715914e-06,6.8292804337097455e-06,42.35901202548566
1725538140.0,6.8292804337097455e-06,6.862665679321346e-06,6.8292804337097455e-06,6.862665679321346e-06,20.913012268434024
1725538200.0,6.862665679321346e-06,6.862665679321346e-06,6.828572049038765e-06,6.828572049038765e-06,20.80911670631689
1725538260.0,6.828572049038765e-06,6.862601605596759e-06,6.828505598970563e-06,6.828505598970563e-06,41.09097818500727
1725538320.0,6.828505598970563e-06,6.828505598970563e-06,6.828505598970563e-06,6.828505598970563e-06,0.0
1725538380.0,6.828505598970563e-06,6.87040159976931e-06,6.828505598970563e-06,6.844408429533407e-06,45.39947840647259
1725538440.0,6.844408429533407e-06,6.889480842594934e-06,6.844408429533407e-06,6.85524574156471e-06,39.895953197590906
1725538500.0,6.85524574156471e-06,6.85524574156471e-06,6.85524574156471e-06,6.85524574156471e-06,0.0
1725538560.0,6.85524574156471e-06,6.888192620212881e-06,6.853961243685154e-06,6.853961243685154e-06,39.264210585254595
1725538620.0,6.853961243685154e-06,6.88782774803896e-06,6.853961243685154e-06,6.88782774803896e-06,19.368277991309235
1725538680.0,6.88782774803896e-06,6.88782774803896e-06,6.853588272591813e-06,6.853588272591813e-06,19.271998046020855
1725538740.0,6.853588272591813e-06,6.879611952670198e-06,6.838297530161215e-06,6.838297530161215e-06,37.955815580200415
1725538800.0,6.838297530161215e-06,6.85507778543422e-06,6.821003177513254e-06,6.821003177513254e-06,37.225948802239955
1725538860.0,6.821003177513254e-06,6.821003177513254e-06,6.821003177513254e-06,6.821003177513254e-06,0.0
1725538920.0,6.821003177513254e-06,6.8891552289700575e-06,6.820566950498798e-06,6.820566950498798e-06,56.731051499971215
1725538980.0,6.820566950498798e-06,6.854246624404758e-06,6.820566950498798e-06,6.854246624404758e-06,17.972017975926487
1725539040.0,6.854246624404758e-06,6.854246624404758e-06,6.820170323809253e-06,6.820170323809253e-06,17.88266900434514
1725539100.0,6.820170323809253e-06,6.8461406733e-06,6.81052155642079e-06,6.81052155642079e-06,35.20261566390804
1725539160.0,6.81052155642079e-06,6.81052155642079e-06,6.703042267112504e-06,6.703042267112504e-06,24.434261209468993
1725539220.0,6.703042267112504e-06,6.760894698462797e-06,6.703042267112504e-06,6.757372232275102e-06,49.76158761015262
1725539280.0,6.757372232275102e-06,6.812043813678331e-06,6.757372232275102e-06,6.7781700191543975e-06,33.99091670629761
1725539340.0,6.7781700191543975e-06,6.7781700191543975e-06,6.7781700191543975e-06,6.7781700191543975e-06,0.0
1725539400.0,6.7781700191543975e-06,6.923709579760893e-06,6.7781700191543975e-06,6.923709579760893e-06,57.30693091321389
1725539460.0,6.923709579760893e-06,7.056845354222687e-06,6.923709579760893e-06,7.056845354222687e-06,16.856495137219774
1725539520.0,7.056845354222687e-06,7.056845354222687e-06,7.021749555071273e-06,7.021749555071273e-06,16.772662753479263
1725539580.0,7.021749555071273e-06,7.224771832828965e-06,7.021749555071273e-06,7.189318796567141e-06,73.16162773858333
1725539640.0,7.189318796567141e-06,7.189318796567141e-06,7.068237165401074e-06,7.068237165401074e-06,53.44785934071461
1725539700.0,7.068237165401074e-06,7.068237165401074e-06,7.000046731642403e-06,7.000046731642403e-06,32.555352820779014
1725539760.0,7.000046731642403e-06,7.01967071710827e-06,6.984752577363139e-06,6.984752577363139e-06,31.87775174944225
1725539820.0,6.984752577363139e-06,6.984752577363139e-06,6.984752577363139e-06,6.984752577363139e-06,0.0
1725539880.0,6.984752577363139e-06,6.985546888978233e-06,6.984752577363139e-06,6.985546888978233e-06,15.604570819416075
1725539940.0,6.985546888978233e-06,6.985546888978233e-06,6.950795993399704e-06,6.950795993399704e-06,15.526942994463829
1725540000.0,6.950795993399704e-06,6.985172831179892e-06,6.950421283712256e-06,6.950421283712256e-06,30.540851364747116
1725540060.0,6.950421283712256e-06,6.950421283712256e-06,6.950421283712256e-06,6.950421283712256e-06,0.0
1725540120.0,6.950421283712256e-06,6.984798330569101e-06,6.9500460842025335e-06,6.9500460842025335e-06,29.952573315126543
1725540180.0,6.9500460842025335e-06,6.956079850651335e-06,6.910369382995599e-06,6.921468228424579e-06,37.59744044607272
1725540240.0,6.921468228424579e-06,6.921468228424579e-06,6.8823921318866045e-06,6.8823921318866045e-06,0.1374209114972139
1725540300.0,6.8823921318866045e-06,6.941325233715851e-06,6.8823921318866045e-06,6.906590805909301e-06,28.724931786127236
1725540360.0,6.906590805909301e-06,6.906590805909301e-06,6.8802544547375744e-06,6.8802544547375744e-06,0.8199081599936279
1725540420.0,6.8802544547375744e-06,6.937499256717878e-06,6.8802544547375744e-06,6.90297519525917e-06,28.142588614992658
1725540480.0,6.90297519525917e-06,6.9474153884346305e-06,6.90297519525917e-06,6.9474153884346305e-06,13.837278762667054
1725540540.0,6.9474153884346305e-06,6.9474153884346305e-06,6.912839502339012e-06,6.912839502339012e-06,13.768413415250556
1725540600.0,6.912839502339012e-06,6.952073086487001e-06,6.912839502339012e-06,6.952073086487001e-06,13.55820461803765
1725540660.0,6.952073086487001e-06,6.952073086487001e-06,6.897517616973025e-06,6.897517616973025e-06,14.159407051598563
1725540720.0,6.897517616973025e-06,7.041595127781563e-06,6.897517616973025e-06,7.041595127781563e-06,62.58445932716185
1725540780.0,7.041595127781563e-06,7.041595127781563e-06,7.009246978803299e-06,7.009246978803299e-06,5.321785608080377
1725540840.0,7.009246978803299e-06,7.05791280307902e-06,6.790215760109884e-06,6.790215760109884e-06,148.3952274564045
1725540900.0,6.790215760109884e-06,6.790215760109884e-06,6.602069220298719e-06,6.602069220298719e-06,27.41160925594919
1725540960.0,6.602069220298719e-06,6.602069220298719e-06,6.602069220298719e-06,6.602069220298719e-06,0.0
1725541020.0,6.602069220298719e-06,6.644617487006829e-06,6.583588597940245e-06,6.583588597940245e-06,29.363712619673823
1725541080.0,6.583588597940245e-06,6.583588597940245e-06,6.561604860069367e-06,6.561604860069367e-06,12.141536619792973
1725541140.0,6.561604860069367e-06,6.59679354457963e-06,6.444671690845057e-06,6.444671690845057e-06,86.58772872515767
1725541200.0,6.444671690845057e-06,6.444671690845057e-06,6.360343367151767e-06,6.360343367151767e-06,24.846951600089575
1725541260.0,6.360343367151767e-06,6.391802965474206e-06,6.360343367151767e-06,6.3615586468226955e-06,23.506804551727615
1725541320.0,6.3615586468226955e-06,6.3615586468226955e-06,5.448244179307343e-06,5.448244179307343e-06,374.3022084888729
1725541380.0,5.448244179307343e-06,5.448244179307343e-06,5.230141531445853e-06,5.230141531445853e-06,10.61293835421899
1725541440.0,5.230141531445853e-06,5.282682754415534e-06,5.149285584815014e-06,5.149285584815014e-06,126.7088291664064
1725541500.0,5.149285584815014e-06,5.149285584815014e-06,4.99780029231781e-06,4.99780029231781e-06,5.418395999649586
1725541560.0,4.99780029231781e-06,5.0294843573188365e-06,4.99780029231781e-06,5.0294843573188365e-06,9.996451670194176
1725541620.0,5.0294843573188365e-06,5.0294843573188365e-06,5.0294843573188365e-06,5.0294843573188365e-06,0.0
1725541680.0,5.0294843573188365e-06,5.0294843573188365e-06,5.0294843573188365e-06,5.0294843573188365e-06,0.0
1725541740.0,5.0294843573188365e-06,5.0294843573188365e-06,5.0294843573188365e-06,5.0294843573188365e-06,0.0
1725541800.0,5.0294843573188365e-06,5.0294843573188365e-06,5.0294843573188365e-06,5.0294843573188365e-06,0.0
1725541860.0,5.0294843573188365e-06,5.0294843573188365e-06,5.0294843573188365e-06,5.0294843573188365e-06,0.0
1725541920.0,5.0294843573188365e-06,5.0294843573188365e-06,4.999340736509612e-06,4.999340736509612e-06,13.461271420976722
1725541980.0,4.999340736509612e-06,4.999340736509612e-06,4.973414551094658e-06,4.973414551094658e-06,4.442175616202013
1725542040.0,4.973414551094658e-06,4.973414551094658e-06,4.973414551094658e-06,4.973414551094658e-06,0.0
1725542100.0,4.973414551094658e-06,4.973414551094658e-06,4.973414551094658e-06,4.973414551094658e-06,0.0
1725542160.0,4.973414551094658e-06,4.973414551094658e-06,4.973414551094658e-06,4.973414551094658e-06,0.0
1725542220.0,4.973414551094658e-06,4.973414551094658e-06,4.973414551094658e-06,4.973414551094658e-06,0.0
1725542280.0,4.973414551094658e-06,4.973414551094658e-06,4.973414551094658e-06,4.973414551094658e-06,0.0
1725542340.0,4.973414551094658e-06,4.973414551094658e-06,4.973414551094658e-06,4.973414551094658e-06,0.0
1725542400.0,4.973414551094658e-06,4.973414551094658e-06,4.973414551094658e-06,4.973414551094658e-06,0.0
1725542460.0,4.973414551094658e-06,4.973414551094658e-06,4.973414551094658e-06,4.973414551094658e-06,0.0
1725542520.0,4.973414551094658e-06,4.973414551094658e-06,4.973414551094658e-06,4.973414551094658e-06,0.0
1725542580.0,4.973414551094658e-06,4.973414551094658e-06,4.952057132507429e-06,4.952057132507429e-06,9.842559649502594
1725542640.0,4.952057132507429e-06,4.952057132507429e-06,4.93555623485009e-06,4.93555623485009e-06,1.6726289093636355
1725542700.0,4.93555623485009e-06,4.93555623485009e-06,4.93555623485009e-06,4.93555623485009e-06,0.0
1725542760.0,4.93555623485009e-06,4.93555623485009e-06,4.93555623485009e-06,4.93555623485009e-06,0.0
1725542820.0,4.93555623485009e-06,4.93555623485009e-06,4.93555623485009e-06,4.93555623485009e-06,0.0
1725542880.0,4.93555623485009e-06,4.93555623485009e-06,4.93555623485009e-06,4.93555623485009e-06,0.0
1725542940.0,4.93555623485009e-06,4.93555623485009e-06,4.93555623485009e-06,4.93555623485009e-06,0.0
1725543000.0,4.93555623485009e-06,4.93555623485009e-06,4.93555623485009e-06,4.93555623485009e-06,0.0
1725543060.0,4.93555623485009e-06,4.93555623485009e-06,4.93555623485009e-06,4.93555623485009e-06,0.0
1725543120.0,4.93555623485009e-06,4.93555623485009e-06,4.93555623485009e-06,4.93555623485009e-06,0.0
1725543180.0,4.93555623485009e-06,4.93555623485009e-06,4.93555623485009e-06,4.93555623485009e-06,0.0
1725543240.0,4.93555623485009e-06,5.027375410146094e-06,4.93555623485009e-06,5.027375410146094e-06,40.12221873364798
1725543300.0,5.027375410146094e-06,5.027375410146094e-06,5.027375410146094e-06,5.027375410146094e-06,0.0
1725543360.0,5.027375410146094e-06,5.027375410146094e-06,5.027375410146094e-06,5.027375410146094e-06,0.0
1725543420.0,5.027375410146094e-06,5.027375410146094e-06,5.027375410146094e-06,5.027375410146094e-06,0.0
1725543480.0,5.027375410146094e-06,5.027375410146094e-06,5.027375410146094e-06,5.027375410146094e-06,0.0
1725543540.0,5.027375410146094e-06,5.027375410146094e-06,5.027375410146094e-06,5.027375410146094e-06,0.0
1725543600.0,5.027375410146094e-06,5.027375410146094e-06,5.027375410146094e-06,5.027375410146094e-06,0.0
1725543660.0,5.027375410146094e-06,5.027375410146094e-06,5.027375410146094e-06,5.027375410146094e-06,0.0
1725543720.0,5.027375410146094e-06,5.027375410146094e-06,5.027375410146094e-06,5.027375410146094e-06,0.0
1725543780.0,5.027375410146094e-06,5.027375410146094e-06,5.013215310541932e-06,5.013215310541932e-06,53.223746865382495
1725543840.0,5.013215310541932e-06,5.013215310541932e-06,5.013215310541932e-06,5.013215310541932e-06,0.0
1725543900.0,5.013215310541932e-06,5.013215310541932e-06,5.013215310541932e-06,5.013215310541932e-06,0.0
1725543960.0,5.013215310541932e-06,5.013215310541932e-06,5.013215310541932e-06,5.013215310541932e-06,0.0
1725544020.0,5.013215310541932e-06,5.013215310541932e-06,5.013215310541932e-06,5.013215310541932e-06,0.0
1725544080.0,5.013215310541932e-06,5.013215310541932e-06,5.013215310541932e-06,5.013215310541932e-06,0.0
1725544140.0,5.013215310541932e-06,5.013215310541932e-06,4.889070890162343e-06,4.889070890162343e-06,17.264389797829956
1725544200.0,4.889070890162343e-06,4.889070890162343e-06,4.889070890162343e-06,4.889070890162343e-06,0.0
1725544260.0,4.889070890162343e-06,4.889070890162343e-06,4.889070890162343e-06,4.889070890162343e-06,0.0
1725544320.0,4.889070890162343e-06,5.0546042782965415e-06,4.889070890162343e-06,5.0546042782965415e-06,126.81073705917652
1725544380.0,5.0546042782965415e-06,5.0546042782965415e-06,5.0546042782965415e-06,5.0546042782965415e-06,0.0
1725544440.0,5.0546042782965415e-06,5.0546042782965415e-06,5.0546042782965415e-06,5.0546042782965415e-06,0.0
1725544500.0,5.0546042782965415e-06,5.208444319300619e-06,5.0546042782965415e-06,5.208444319300619e-06,12.712207186255725
1725544560.0,5.208444319300619e-06,5.217685366952756e-06,5.208444319300619e-06,5.217685366952756e-06,1.3374919606602096
1725544620.0,5.217685366952756e-06,5.253162239309748e-06,5.217685366952756e-06,5.253162239309748e-06,20.07707043460328
1725544680.0,5.253162239309748e-06,5.253162239309748e-06,5.253162239309748e-06,5.253162239309748e-06,0.0
1725544740.0,5.253162239309748e-06,5.253162239309748e-06,5.253162239309748e-06,5.253162239309748e-06,0.0
1725544800.0,5.253162239309748e-06,5.253162239309748e-06,5.253162239309748e-06,5.253162239309748e-06,0.0
1725544860.0,5.253162239309748e-06,5.253162239309748e-06,5.253162239309748e-06,5.253162239309748e-06,0.0
1725544920.0,5.253162239309748e-06,5.253162239309748e-06,5.253162239309748e-06,5.253162239309748e-06,0.0
1725544980.0,5.253162239309748e-06,5.253162239309748e-06,5.253162239309748e-06,5.253162239309748e-06,0.0
1725545040.0,5.253162239309748e-06,5.253162239309748e-06,5.253162239309748e-06,5.253162239309748e-06,0.0
1725545100.0,5.253162239309748e-06,5.253162239309748e-06,5.253162239309748e-06,5.253162239309748e-06,0.0
1725545160.0,5.253162239309748e-06,5.253162239309748e-06,5.253162239309748e-06,5.253162239309748e-06,0.0
1725545220.0,5.253162239309748e-06,5.253162239309748e-06,5.253162239309748e-06,5.253162239309748e-06,0.0
1725545280.0,5.253162239309748e-06,5.253162239309748e-06,5.253162239309748e-06,5.253162239309748e-06,0.0
1725545340.0,5.253162239309748e-06,5.253162239309748e-06,5.253162239309748e-06,5.253162239309748e-06,0.0
1725545400.0,5.253162239309748e-06,5.253162239309748e-06,5.253162239309748e-06,5.253162239309748e-06,0.0
1725545460.0,5.253162239309748e-06,5.253162239309748e-06,5.253162239309748e-06,5.253162239309748e-06,0.0
1725545520.0,5.253162239309748e-06,5.306099691889793e-06,5.246687366060178e-06,5.306099691889793e-06,57.78564054837408
1725545580.0,5.306099691889793e-06,5.329792626142116e-06,5.306099691889793e-06,5.329792626142116e-06,1.5627626776365413
1725545640.0,5.329792626142116e-06,5.329792626142116e-06,5.329792626142116e-06,5.329792626142116e-06,0.0
1725545700.0,5.329792626142116e-06,5.329792626142116e-06,5.329792626142116e-06,5.329792626142116e-06,0.0
1725545760.0,5.329792626142116e-06,5.329792626142116e-06,5.329792626142116e-06,5.329792626142116e-06,0.0
1725545820.0,5.329792626142116e-06,5.329792626142116e-06,5.329792626142116e-06,5.329792626142116e-06,0.0
1725545880.0,5.329792626142116e-06,5.329792626142116e-06,5.329792626142116e-06,5.329792626142116e-06,0.0
1725545940.0,5.329792626142116e-06,5.359948852258922e-06,5.329792626142116e-06,5.359948852258922e-06,1.3414551491283528
1725546000.0,5.359948852258922e-06,5.359948852258922e-06,5.359948852258922e-06,5.359948852258922e-06,0.0
1725546060.0,5.359948852258922e-06,5.376269136718281e-06,5.359948852258922e-06,5.376269136718281e-06,5.372098863188416
1725546120.0,5.376269136718281e-06,5.376269136718281e-06,5.376269136718281e-06,5.376269136718281e-06,0.0
1725546180.0,5.376269136718281e-06,5.604800744930998e-06,5.376269136718281e-06,5.604800744930998e-06,134.7662134621431
1725546240.0,5.604800744930998e-06,5.604800744930998e-06,5.604800744930998e-06,5.604800744930998e-06,0.0
1725546300.0,5.604800744930998e-06,5.604800744930998e-06,5.604800744930998e-06,5.604800744930998e-06,0.0
1725546360.0,5.604800744930998e-06,5.783660587942623e-06,5.604800744930998e-06,5.783660587942623e-06,1.3784049620774503
1725546420.0,5.783660587942623e-06,5.783660587942623e-06,5.783660587942623e-06,5.783660587942623e-06,0.0
1725546480.0,5.783660587942623e-06,5.783660587942623e-06,5.783660587942623e-06,5.783660587942623e-06,0.0
1725546540.0,5.783660587942623e-06,5.783660587942623e-06,5.783660587942623e-06,5.783660587942623e-06,0.0
1725546600.0,5.783660587942623e-06,5.783660587942623e-06,5.757836985271804e-06,5.757836985271804e-06,0.3187897417879258
1725546660.0,5.757836985271804e-06,5.757836985271804e-06,5.756348711735563e-06,5.756348711735563e-06,0.6406095437420749
1725546720.0,5.756348711735563e-06,5.756348711735563e-06,5.756348711735563e-06,5.756348711735563e-06,0.0
1725546780.0,5.756348711735563e-06,5.784869090095647e-06,5.756348711735563e-06,5.784869090095647e-06,2.682915899005832
1725546840.0,5.784869090095647e-06,5.784869090095647e-06,5.784869090095647e-06,5.784869090095647e-06,0.0
1725546900.0,5.784869090095647e-06,5.987446806628098e-06,5.784869090095647e-06,5.987446806628098e-06,133.1680614118658
1725546960.0,5.987446806628098e-06,5.987446806628098e-06,5.9512020213249645e-06,5.9512020213249645e-06,132.3619335328232
1725547020.0,5.9512020213249645e-06,5.9512020213249645e-06,5.9512020213249645e-06,5.9512020213249645e-06,0.0
1725547080.0,5.9512020213249645e-06,6.366929657397708e-06,5.9512020213249645e-06,6.366929657397708e-06,254.07261230626895
1725547140.0,6.366929657397708e-06,6.80297504989337e-06,6.366929657397708e-06,6.80297504989337e-06,128.78032507301543
1725547200.0,6.80297504989337e-06,6.80297504989337e-06,6.765939827083702e-06,6.765939827083702e-06,128.07924826505987
1725547260.0,6.765939827083702e-06,6.765939827083702e-06,6.765939827083702e-06,6.765939827083702e-06,0.0
1725547320.0,6.765939827083702e-06,6.827865949041466e-06,6.765939827083702e-06,6.827865949041466e-06,146.9458395322649
1725547380.0,6.827865949041466e-06,6.827865949041466e-06,6.827865949041466e-06,6.827865949041466e-06,0.0
1725547440.0,6.827865949041466e-06,6.827865949041466e-06,6.827865949041466e-06,6.827865949041466e-06,0.0
1725547500.0,6.827865949041466e-06,6.827865949041466e-06,6.827865949041466e-06,6.827865949041466e-06,0.0
1725547560.0,6.827865949041466e-06,6.827865949041466e-06,6.827865949041466e-06,6.827865949041466e-06,0.0
1725547620.0,6.827865949041466e-06,6.975304543412412e-06,6.827865949041466e-06,6.975304543412412e-06,23.442186302354894
1725547680.0,6.975304543412412e-06,6.975304543412412e-06,6.975304543412412e-06,6.975304543412412e-06,0.0
1725547740.0,6.975304543412412e-06,6.975304543412412e-06,6.975304543412412e-06,6.975304543412412e-06,0.0
1725547800.0,6.975304543412412e-06,6.975304543412412e-06,6.975304543412412e-06,6.975304543412412e-06,0.0
1725547860.0,6.975304543412412e-06,6.975304543412412e-06,6.664418414919989e-06,6.664418414919989e-06,143.42820528164947
1725547920.0,6.664418414919989e-06,6.664418414919989e-06,6.664418414919989e-06,6.664418414919989e-06,0.0
1725547980.0,6.664418414919989e-06,6.664418414919989e-06,6.664418414919989e-06,6.664418414919989e-06,0.0
1725548040.0,6.664418414919989e-06,6.664418414919989e-06,6.664418414919989e-06,6.664418414919989e-06,0.0
1725548100.0,6.664418414919989e-06,6.664418414919989e-06,6.664418414919989e-06,6.664418414919989e-06,0.0
1725548160.0,6.664418414919989e-06,6.667678960307177e-06,6.513683985874436e-06,6.65584736232957e-06,132.41876050563658
1725548220.0,6.65584736232957e-06,6.65584736232957e-06,6.65584736232957e-06,6.65584736232957e-06,0.0
1725548280.0,6.65584736232957e-06,6.65584736232957e-06,6.65584736232957e-06,6.65584736232957e-06,0.0
1725548340.0,6.65584736232957e-06,6.65584736232957e-06,6.65584736232957e-06,6.65584736232957e-06,0.0
1725548400.0,6.65584736232957e-06,6.65584736232957e-06,6.65584736232957e-06,6.65584736232957e-06,0.0
1725548460.0,6.65584736232957e-06,6.65584736232957e-06,6.65584736232957e-06,6.65584736232957e-06,0.0
1725548520.0,6.65584736232957e-06,6.65584736232957e-06,6.638661668144818e-06,6.638661668144818e-06,26.34852798152722
1725548580.0,6.638661668144818e-06,6.638661668144818e-06,6.638661668144818e-06,6.638661668144818e-06,0.0
1725548640.0,6.638661668144818e-06,6.638661668144818e-06,6.638661668144818e-06,6.638661668144818e-06,0.0
1725548700.0,6.638661668144818e-06,6.638661668144818e-06,6.638661668144818e-06,6.638661668144818e-06,0.0
1725548760.0,6.638661668144818e-06,6.6971403000547665e-06,6.638661668144818e-06,6.6971403000547665e-06,13.15815486688364
1725548820.0,6.6971403000547665e-06,7.0628721692392935e-06,6.6971403000547665e-06,7.0628721692392935e-06,197.64969190305965
1725548880.0,7.0628721692392935e-06,7.770512257590408e-06,7.0628721692392935e-06,7.770512257590408e-06,197.79245131856905
1725548940.0,7.770512257590408e-06,8.453346547185591e-06,7.770512257590408e-06,8.453346547185591e-06,169.06693094371184
1725549000.0,8.453346547185591e-06,9.289003984653782e-06,8.453346547185591e-06,9.289003984653782e-06,263.7329869440183
1725549060.0,9.289003984653782e-06,1.0076478379572009e-05,9.289003984653782e-06,1.0076478379572009e-05,137.00217063321887
1725549120.0,1.0076478379572009e-05,1.0668153015825298e-05,1.0076478379572009e-05,1.0668153015825298e-05,147.76487632167937
1725549180.0,1.0668153015825298e-05,1.1873241518591164e-05,1.0668153015825298e-05,1.1873241518591164e-05,266.91846623934873
1725549240.0,1.1873241518591164e-05,1.1873241518591164e-05,1.1873241518591164e-05,1.1873241518591164e-05,0.0
1725549300.0,1.1873241518591164e-05,1.1873241518591164e-05,1.1873241518591164e-05,1.1873241518591164e-05,0.0
1725549360.0,1.1873241518591164e-05,1.239060181290278e-05,1.1873241518591164e-05,1.239060181290278e-05,74.82364289373963
1725549420.0,1.239060181290278e-05,1.239060181290278e-05,1.2346628888694322e-05,1.2346628888694322e-05,12.192287767962544
1725549480.0,1.2346628888694322e-05,1.2346628888694322e-05,1.2346628888694322e-05,1.2346628888694322e-05,0.0
1725549540.0,1.2346628888694322e-05,1.2346628888694322e-05,1.2346628888694322e-05,1.2346628888694322e-05,0.0
1725549600.0,1.2346628888694322e-05,1.2346628888694322e-05,1.2346628888694322e-05,1.2346628888694322e-05,0.0
