0,1,2,3,4,5
1738802280.0,0.0001031463132714,0.0001180794970407,8.0291760302347e-05,8.17066094091455e-05,11133.03263367778
1738802340.0,8.17066094091455e-05,8.17066094091455e-05,4.35352378480129e-05,4.87314417102655e-05,5964.00836106134
1738802400.0,4.87314417102655e-05,5.7219471749407e-05,4.22706290756608e-05,4.22706290756608e-05,4147.7121846071
1738802460.0,4.22706290756608e-05,6.55608271811435e-05,3.44946421785636e-05,4.51258207622191e-05,7847.21442419605
1738802520.0,4.51258207622191e-05,8.05214733962007e-05,4.51258207622191e-05,8.05214733962007e-05,12372.13118266895
1738802580.0,8.05214733962007e-05,8.05214733962007e-05,4.49090552335757e-05,4.49900467605266e-05,4852.8388065127
1738802640.0,4.49900467605266e-05,4.82396515388871e-05,3.16913267041137e-05,3.16913267041137e-05,3204.40077525564
1738802700.0,3.16913267041137e-05,4.76924426122659e-05,2.7109774857375e-05,3.20406420913675e-05,6600.91812784048
1738802760.0,3.20406420913675e-05,4.72956536628142e-05,2.81827105528282e-05,2.81827105528282e-05,5902.76712744996
1738802820.0,2.81827105528282e-05,2.90693288088521e-05,3.71195402374009e-06,3.76611203909451e-06,6738.45810862185
1738802880.0,3.76611203909451e-06,3.76611203909451e-06,3.68374689271e-06,3.69960269965751e-06,47.4802095717
1738802940.0,3.69960269965751e-06,3.74449896300137e-06,3.68597065693215e-06,3.74449896300137e-06,41.6622778949
1738803000.0,3.74449896300137e-06,3.74449896300137e-06,3.74449896300137e-06,3.74449896300137e-06,0.0
1738803060.0,3.74449896300137e-06,3.76236284774706e-06,3.71204983928153e-06,3.71204983928153e-06,43.62208002183
1738803120.0,3.71204983928153e-06,3.71204983928153e-06,3.71204983928153e-06,3.71204983928153e-06,0.0
1738803180.0,3.71204983928153e-06,3.71204983928153e-06,3.71204983928153e-06,3.71204983928153e-06,0.0
1738803240.0,3.71204983928153e-06,3.71204983928153e-06,3.71204983928153e-06,3.71204983928153e-06,0.0
1738803300.0,3.71204983928153e-06,3.71204983928153e-06,3.71204983928153e-06,3.71204983928153e-06,0.0
1738803360.0,3.71204983928153e-06,3.71204983928153e-06,3.64540574237295e-06,3.64540574237295e-06,20.39143415364
1738803420.0,3.64540574237295e-06,3.64540574237295e-06,3.62512357251448e-06,3.62512357251448e-06,0.76055026432
1738803480.0,3.62512357251448e-06,3.62512357251448e-06,3.62512357251448e-06,3.62512357251448e-06,0.0
1738803540.0,3.62512357251448e-06,3.62512357251448e-06,3.62512357251448e-06,3.62512357251448e-06,0.0
1738803600.0,3.62512357251448e-06,3.62512357251448e-06,3.62512357251448e-06,3.62512357251448e-06,0.0
1738803660.0,3.62512357251448e-06,3.64531224878995e-06,3.62512357251448e-06,3.64531224878995e-06,1.9548414
1738803720.0,3.64531224878995e-06,3.84923740413156e-06,3.64531224878995e-06,3.70624498725921e-06,210.84979903488
1738803780.0,3.70624498725921e-06,3.70746226168224e-06,3.70573622451839e-06,3.70573622451839e-06,0.00396676528
1738803840.0,3.70573622451839e-06,3.70573622451839e-06,3.70237253841354e-06,3.70237253841354e-06,0.00197949273
1738803900.0,3.70237253841354e-06,3.70237253841354e-06,3.70013385352e-06,3.70013385352e-06,1.85006692676
1738803960.0,3.70013385352e-06,3.70013385352e-06,3.70013385352e-06,3.70013385352e-06,0.0
1738804020.0,3.70013385352e-06,3.70013385352e-06,3.70013385352e-06,3.70013385352e-06,0.0
1738804080.0,3.70013385352e-06,3.70686602688931e-06,3.70013385352e-06,3.70686602688931e-06,1.1853069915
1738804140.0,3.70686602688931e-06,3.70686602688931e-06,3.70686602688931e-06,3.70686602688931e-06,0.0
1738804200.0,3.70686602688931e-06,3.70686602688931e-06,3.70686602688931e-06,3.70686602688931e-06,0.0
1738804260.0,3.70686602688931e-06,3.70686602688931e-06,3.70686602688931e-06,3.70686602688931e-06,0.0
1738804320.0,3.70686602688931e-06,3.70686602688931e-06,3.70686602688931e-06,3.70686602688931e-06,0.0
1738804380.0,3.70686602688931e-06,3.70686602688931e-06,3.70686602688931e-06,3.70686602688931e-06,0.0
1738804440.0,3.70686602688931e-06,3.70686602688931e-06,3.70686602688931e-06,3.70686602688931e-06,0.0
1738804500.0,3.70686602688931e-06,3.70686602688931e-06,3.70686602688931e-06,3.70686602688931e-06,0.0
1738804560.0,3.70686602688931e-06,3.70686602688931e-06,3.70686602688931e-06,3.70686602688931e-06,0.0
1738804620.0,3.70686602688931e-06,3.70686602688931e-06,3.70686602688931e-06,3.70686602688931e-06,0.0
1738804680.0,3.70686602688931e-06,3.70686602688931e-06,3.70686602688931e-06,3.70686602688931e-06,0.0
1738804740.0,3.70686602688931e-06,3.70686602688931e-06,3.70686602688931e-06,3.70686602688931e-06,0.0
1738804800.0,3.70686602688931e-06,3.70686602688931e-06,3.70686602688931e-06,3.70686602688931e-06,0.0
1738804860.0,3.70686602688931e-06,3.70686602688931e-06,3.70686602688931e-06,3.70686602688931e-06,0.0
1738804920.0,3.70686602688931e-06,3.70686602688931e-06,3.70686602688931e-06,3.70686602688931e-06,0.0
1738804980.0,3.70686602688931e-06,3.70686602688931e-06,3.70686602688931e-06,3.70686602688931e-06,0.0
1738805040.0,3.70686602688931e-06,3.72174049460107e-06,3.70686602688931e-06,3.72174049460107e-06,19.28397101805
1738805100.0,3.72174049460107e-06,3.72174049460107e-06,3.72174049460107e-06,3.72174049460107e-06,0.0
1738805160.0,3.72174049460107e-06,3.72174049460107e-06,3.72174049460107e-06,3.72174049460107e-06,0.0
1738805220.0,3.72174049460107e-06,3.72174049460107e-06,3.58232820718595e-06,3.66104861543648e-06,75.18698543945
1738805280.0,3.66104861543648e-06,3.66104861543648e-06,3.66104861543648e-06,3.66104861543648e-06,0.0
1738805340.0,3.66104861543648e-06,3.66104861543648e-06,3.5443897434487e-06,3.615733047921e-06,51.95126173215
1738805400.0,3.615733047921e-06,3.615733047921e-06,3.615733047921e-06,3.615733047921e-06,0.0
1738805460.0,3.615733047921e-06,3.615733047921e-06,3.615733047921e-06,3.615733047921e-06,0.0
1738805520.0,3.615733047921e-06,3.615733047921e-06,3.615733047921e-06,3.615733047921e-06,0.0
1738805580.0,3.615733047921e-06,3.615733047921e-06,3.615733047921e-06,3.615733047921e-06,0.0
1738805640.0,3.615733047921e-06,3.615733047921e-06,3.615733047921e-06,3.615733047921e-06,0.0
1738805700.0,3.615733047921e-06,3.615733047921e-06,3.615733047921e-06,3.615733047921e-06,0.0
1738805760.0,3.615733047921e-06,3.615733047921e-06,3.615733047921e-06,3.615733047921e-06,0.0
1738805820.0,3.615733047921e-06,3.615733047921e-06,3.615733047921e-06,3.615733047921e-06,0.0
1738805880.0,3.615733047921e-06,3.615733047921e-06,3.615733047921e-06,3.615733047921e-06,0.0
1738805940.0,3.615733047921e-06,3.63575673363636e-06,3.615733047921e-06,3.63575673363636e-06,1.03982642582
1738806000.0,3.63575673363636e-06,3.63575673363636e-06,3.63575673363636e-06,3.63575673363636e-06,0.0
1738806060.0,3.63575673363636e-06,3.63575673363636e-06,3.63575673363636e-06,3.63575673363636e-06,0.0
1738806120.0,3.63575673363636e-06,3.63575673363636e-06,3.63575673363636e-06,3.63575673363636e-06,0.0
1738806180.0,3.63575673363636e-06,3.67896736920331e-06,3.63575673363636e-06,3.67896736920331e-06,19.866
1738806240.0,3.67896736920331e-06,3.67896736920331e-06,3.67896736920331e-06,3.67896736920331e-06,0.0
1738806300.0,3.67896736920331e-06,3.67896736920331e-06,3.67896736920331e-06,3.67896736920331e-06,0.0
1738806360.0,3.67896736920331e-06,3.67896736920331e-06,3.67896736920331e-06,3.67896736920331e-06,0.0
1738806420.0,3.67896736920331e-06,3.67896736920331e-06,3.67896736920331e-06,3.67896736920331e-06,0.0
1738806480.0,3.67896736920331e-06,3.67896736920331e-06,3.67896736920331e-06,3.67896736920331e-06,0.0
1738806540.0,3.67896736920331e-06,3.67896736920331e-06,3.67896736920331e-06,3.67896736920331e-06,0.0
1738806600.0,3.67896736920331e-06,3.67896736920331e-06,3.67896736920331e-06,3.67896736920331e-06,0.0
1738806660.0,3.67896736920331e-06,3.67896736920331e-06,3.67896736920331e-06,3.67896736920331e-06,0.0
1738806720.0,3.67896736920331e-06,3.67896736920331e-06,3.67896736920331e-06,3.67896736920331e-06,0.0
1738806780.0,3.67896736920331e-06,3.67896736920331e-06,3.67896736920331e-06,3.67896736920331e-06,0.0
1738806840.0,3.67896736920331e-06,3.67896736920331e-06,3.67896736920331e-06,3.67896736920331e-06,0.0
1738806900.0,3.67896736920331e-06,3.67896736920331e-06,3.67896736920331e-06,3.67896736920331e-06,0.0
1738806960.0,3.67896736920331e-06,3.67896736920331e-06,3.67896736920331e-06,3.67896736920331e-06,0.0
1738807020.0,3.67896736920331e-06,3.67896736920331e-06,3.67896736920331e-06,3.67896736920331e-06,0.0
1738807080.0,3.67896736920331e-06,3.67896736920331e-06,3.67896736920331e-06,3.67896736920331e-06,0.0
1738807140.0,3.67896736920331e-06,3.67896736920331e-06,3.67896736920331e-06,3.67896736920331e-06,0.0
1738807200.0,3.67896736920331e-06,3.67896736920331e-06,3.67896736920331e-06,3.67896736920331e-06,0.0
1738807260.0,3.67896736920331e-06,3.67896736920331e-06,3.67896736920331e-06,3.67896736920331e-06,0.0
1738807320.0,3.67896736920331e-06,3.67896736920331e-06,3.67896736920331e-06,3.67896736920331e-06,0.0
1738807380.0,3.67896736920331e-06,3.67896736920331e-06,3.67896736920331e-06,3.67896736920331e-06,0.0
1738807440.0,3.67896736920331e-06,3.67896736920331e-06,3.67896736920331e-06,3.67896736920331e-06,0.0
1738807500.0,3.67896736920331e-06,3.67896736920331e-06,3.67896736920331e-06,3.67896736920331e-06,0.0
1738807560.0,3.67896736920331e-06,3.67896736920331e-06,3.67896736920331e-06,3.67896736920331e-06,0.0
1738807620.0,3.67896736920331e-06,3.67896736920331e-06,3.67896736920331e-06,3.67896736920331e-06,0.0
1738807680.0,3.67896736920331e-06,3.67896736920331e-06,3.67896736920331e-06,3.67896736920331e-06,0.0
1738807740.0,3.67896736920331e-06,3.67896736920331e-06,3.67896736920331e-06,3.67896736920331e-06,0.0
1738807800.0,3.67896736920331e-06,3.67896736920331e-06,3.67896736920331e-06,3.67896736920331e-06,0.0
1738807860.0,3.67896736920331e-06,3.67896736920331e-06,3.67896736920331e-06,3.67896736920331e-06,0.0
1738807920.0,3.67896736920331e-06,3.67896736920331e-06,3.67896736920331e-06,3.67896736920331e-06,0.0
1738807980.0,3.67896736920331e-06,3.67896736920331e-06,3.67896736920331e-06,3.67896736920331e-06,0.0
1738808040.0,3.67896736920331e-06,3.67896736920331e-06,3.67896736920331e-06,3.67896736920331e-06,0.0
1738808100.0,3.67896736920331e-06,3.67896736920331e-06,3.67896736920331e-06,3.67896736920331e-06,0.0
1738808160.0,3.67896736920331e-06,3.67896736920331e-06,3.67896736920331e-06,3.67896736920331e-06,0.0
1738808220.0,3.67896736920331e-06,3.67896736920331e-06,3.67896736920331e-06,3.67896736920331e-06,0.0
1738808280.0,3.67896736920331e-06,3.67896736920331e-06,3.67896736920331e-06,3.67896736920331e-06,0.0
1738808340.0,3.67896736920331e-06,3.67896736920331e-06,3.67896736920331e-06,3.67896736920331e-06,0.0
1738808400.0,3.67896736920331e-06,3.67896736920331e-06,3.67896736920331e-06,3.67896736920331e-06,0.0
1738808460.0,3.67896736920331e-06,3.67896736920331e-06,3.67896736920331e-06,3.67896736920331e-06,0.0
1738808520.0,3.67896736920331e-06,3.67896736920331e-06,3.67896736920331e-06,3.67896736920331e-06,0.0
1738808580.0,3.67896736920331e-06,3.73307353928005e-06,3.67896736920331e-06,3.73307353928005e-06,1.993184
1738808640.0,3.73307353928005e-06,3.73307353928005e-06,3.73307353928005e-06,3.73307353928005e-06,0.0
1738808700.0,3.73307353928005e-06,3.73307353928005e-06,3.73307353928005e-06,3.73307353928005e-06,0.0
1738808760.0,3.73307353928005e-06,3.73307353928005e-06,3.73307353928005e-06,3.73307353928005e-06,0.0
1738808820.0,3.73307353928005e-06,3.73307353928005e-06,3.73307353928005e-06,3.73307353928005e-06,0.0
1738808880.0,3.73307353928005e-06,3.73307353928005e-06,3.73307353928005e-06,3.73307353928005e-06,0.0
1738808940.0,3.73307353928005e-06,3.73307353928005e-06,3.73307353928005e-06,3.73307353928005e-06,0.0
1738809000.0,3.73307353928005e-06,3.73307353928005e-06,3.73307353928005e-06,3.73307353928005e-06,0.0
1738809060.0,3.73307353928005e-06,3.73307353928005e-06,3.73307353928005e-06,3.73307353928005e-06,0.0
1738809120.0,3.73307353928005e-06,3.73307353928005e-06,3.73307353928005e-06,3.73307353928005e-06,0.0
1738809180.0,3.73307353928005e-06,3.73307353928005e-06,3.73307353928005e-06,3.73307353928005e-06,0.0
1738809240.0,3.73307353928005e-06,3.73307353928005e-06,3.73307353928005e-06,3.73307353928005e-06,0.0
1738809300.0,3.73307353928005e-06,3.73307353928005e-06,3.73307353928005e-06,3.73307353928005e-06,0.0
1738809360.0,3.73307353928005e-06,3.73307353928005e-06,3.73307353928005e-06,3.73307353928005e-06,0.0
1738809420.0,3.73307353928005e-06,3.73307353928005e-06,3.73307353928005e-06,3.73307353928005e-06,0.0
1738809480.0,3.73307353928005e-06,3.73307353928005e-06,3.73307353928005e-06,3.73307353928005e-06,0.0
1738809540.0,3.73307353928005e-06,3.73307353928005e-06,3.73307353928005e-06,3.73307353928005e-06,0.0
1738809600.0,3.73307353928005e-06,3.73307353928005e-06,3.73307353928005e-06,3.73307353928005e-06,0.0
1738809660.0,3.73307353928005e-06,3.73307353928005e-06,3.73307353928005e-06,3.73307353928005e-06,0.0
1738809720.0,3.73307353928005e-06,3.73307353928005e-06,3.73307353928005e-06,3.73307353928005e-06,0.0
1738809780.0,3.73307353928005e-06,3.73307353928005e-06,3.73307353928005e-06,3.73307353928005e-06,0.0
1738809840.0,3.73307353928005e-06,3.73307353928005e-06,3.73307353928005e-06,3.73307353928005e-06,0.0
1738809900.0,3.73307353928005e-06,3.73307353928005e-06,3.73307353928005e-06,3.73307353928005e-06,0.0
1738809960.0,3.73307353928005e-06,3.73307353928005e-06,3.73307353928005e-06,3.73307353928005e-06,0.0
1738810020.0,3.73307353928005e-06,3.73307353928005e-06,3.73307353928005e-06,3.73307353928005e-06,0.0
1738810080.0,3.73307353928005e-06,3.73307353928005e-06,3.73307353928005e-06,3.73307353928005e-06,0.0
1738810140.0,3.73307353928005e-06,3.73307353928005e-06,3.73307353928005e-06,3.73307353928005e-06,0.0
1738810200.0,3.73307353928005e-06,3.73307353928005e-06,3.73307353928005e-06,3.73307353928005e-06,0.0
1738810260.0,3.73307353928005e-06,3.73307353928005e-06,3.73307353928005e-06,3.73307353928005e-06,0.0
1738810320.0,3.73307353928005e-06,3.73307353928005e-06,3.73307353928005e-06,3.73307353928005e-06,0.0
1738810380.0,3.73307353928005e-06,3.73307353928005e-06,3.73307353928005e-06,3.73307353928005e-06,0.0
1738810440.0,3.73307353928005e-06,3.73307353928005e-06,3.73307353928005e-06,3.73307353928005e-06,0.0
1738810500.0,3.73307353928005e-06,3.73307353928005e-06,3.73307353928005e-06,3.73307353928005e-06,0.0
1738810560.0,3.73307353928005e-06,3.73307353928005e-06,3.73307353928005e-06,3.73307353928005e-06,0.0
1738810620.0,3.73307353928005e-06,3.73307353928005e-06,3.73307353928005e-06,3.73307353928005e-06,0.0
1738810680.0,3.73307353928005e-06,3.73307353928005e-06,3.73307353928005e-06,3.73307353928005e-06,0.0
1738810740.0,3.73307353928005e-06,3.73307353928005e-06,3.73307353928005e-06,3.73307353928005e-06,0.0
1738810800.0,3.73307353928005e-06,3.73307353928005e-06,3.73307353928005e-06,3.73307353928005e-06,0.0
1738810860.0,3.73307353928005e-06,3.73307353928005e-06,3.73307353928005e-06,3.73307353928005e-06,0.0
1738810920.0,3.73307353928005e-06,3.73307353928005e-06,3.73307353928005e-06,3.73307353928005e-06,0.0
1738810980.0,3.73307353928005e-06,3.73307353928005e-06,3.73307353928005e-06,3.73307353928005e-06,0.0
1738811040.0,3.73307353928005e-06,3.73307353928005e-06,3.73307353928005e-06,3.73307353928005e-06,0.0
1738811100.0,3.73307353928005e-06,3.73307353928005e-06,3.73307353928005e-06,3.73307353928005e-06,0.0
1738811160.0,3.73307353928005e-06,3.73307353928005e-06,3.73307353928005e-06,3.73307353928005e-06,0.0
1738811220.0,3.73307353928005e-06,3.73307353928005e-06,3.73307353928005e-06,3.73307353928005e-06,0.0
1738811280.0,3.73307353928005e-06,3.73307353928005e-06,3.73307353928005e-06,3.73307353928005e-06,0.0
1738811340.0,3.73307353928005e-06,3.73307353928005e-06,3.73307353928005e-06,3.73307353928005e-06,0.0
1738811400.0,3.73307353928005e-06,3.73307353928005e-06,3.73307353928005e-06,3.73307353928005e-06,0.0
1738811460.0,3.73307353928005e-06,3.73307353928005e-06,3.73307353928005e-06,3.73307353928005e-06,0.0
1738811520.0,3.73307353928005e-06,3.73307353928005e-06,3.73307353928005e-06,3.73307353928005e-06,0.0
1738811580.0,3.73307353928005e-06,3.73307353928005e-06,3.73307353928005e-06,3.73307353928005e-06,0.0
1738811640.0,3.73307353928005e-06,3.73307353928005e-06,3.73307353928005e-06,3.73307353928005e-06,0.0
1738811700.0,3.73307353928005e-06,3.73307353928005e-06,3.73307353928005e-06,3.73307353928005e-06,0.0
1738811760.0,3.73307353928005e-06,3.73307353928005e-06,3.73307353928005e-06,3.73307353928005e-06,0.0
1738811820.0,3.73307353928005e-06,3.73307353928005e-06,3.73307353928005e-06,3.73307353928005e-06,0.0
1738811880.0,3.73307353928005e-06,3.73307353928005e-06,3.73307353928005e-06,3.73307353928005e-06,0.0
1738811940.0,3.73307353928005e-06,3.73307353928005e-06,3.73307353928005e-06,3.73307353928005e-06,0.0
1738812000.0,3.73307353928005e-06,3.73307353928005e-06,3.73307353928005e-06,3.73307353928005e-06,0.0
1738812060.0,3.73307353928005e-06,3.73307353928005e-06,3.73307353928005e-06,3.73307353928005e-06,0.0
1738812120.0,3.73307353928005e-06,3.73307353928005e-06,3.73307353928005e-06,3.73307353928005e-06,0.0
1738812180.0,3.73307353928005e-06,3.73307353928005e-06,3.73307353928005e-06,3.73307353928005e-06,0.0
1738812240.0,3.73307353928005e-06,3.73307353928005e-06,3.73307353928005e-06,3.73307353928005e-06,0.0
1738812300.0,3.73307353928005e-06,3.73307353928005e-06,3.73307353928005e-06,3.73307353928005e-06,0.0
1738812360.0,3.73307353928005e-06,3.73307353928005e-06,3.73307353928005e-06,3.73307353928005e-06,0.0
1738812420.0,3.73307353928005e-06,3.73307353928005e-06,3.73307353928005e-06,3.73307353928005e-06,0.0
1738812480.0,3.73307353928005e-06,3.73307353928005e-06,3.73307353928005e-06,3.73307353928005e-06,0.0
1738812540.0,3.73307353928005e-06,3.73307353928005e-06,3.73307353928005e-06,3.73307353928005e-06,0.0
1738812600.0,3.73307353928005e-06,3.73307353928005e-06,3.73307353928005e-06,3.73307353928005e-06,0.0
1738812660.0,3.73307353928005e-06,3.73307353928005e-06,3.73307353928005e-06,3.73307353928005e-06,0.0
1738812720.0,3.73307353928005e-06,3.73307353928005e-06,3.73307353928005e-06,3.73307353928005e-06,0.0
1738812780.0,3.73307353928005e-06,3.73307353928005e-06,3.73307353928005e-06,3.73307353928005e-06,0.0
1738812840.0,3.73307353928005e-06,3.73307353928005e-06,3.73307353928005e-06,3.73307353928005e-06,0.0
1738812900.0,3.73307353928005e-06,3.73307353928005e-06,3.73307353928005e-06,3.73307353928005e-06,0.0
1738812960.0,3.73307353928005e-06,3.73307353928005e-06,3.73307353928005e-06,3.73307353928005e-06,0.0
1738813020.0,3.73307353928005e-06,3.73307353928005e-06,3.73307353928005e-06,3.73307353928005e-06,0.0
1738813080.0,3.73307353928005e-06,3.73307353928005e-06,3.73307353928005e-06,3.73307353928005e-06,0.0
1738813140.0,3.73307353928005e-06,3.73307353928005e-06,3.73307353928005e-06,3.73307353928005e-06,0.0
1738813200.0,3.73307353928005e-06,3.73307353928005e-06,3.73307353928005e-06,3.73307353928005e-06,0.0
1738813260.0,3.73307353928005e-06,3.73307353928005e-06,3.73307353928005e-06,3.73307353928005e-06,0.0
1738813320.0,3.73307353928005e-06,3.73307353928005e-06,3.73307353928005e-06,3.73307353928005e-06,0.0
1738813380.0,3.73307353928005e-06,3.73307353928005e-06,3.73307353928005e-06,3.73307353928005e-06,0.0
1738813440.0,3.73307353928005e-06,3.73307353928005e-06,3.73307353928005e-06,3.73307353928005e-06,0.0
1738813500.0,3.73307353928005e-06,3.73307353928005e-06,3.73307353928005e-06,3.73307353928005e-06,0.0
1738813560.0,3.73307353928005e-06,3.73307353928005e-06,3.73307353928005e-06,3.73307353928005e-06,0.0
1738813620.0,3.73307353928005e-06,3.73307353928005e-06,3.73307353928005e-06,3.73307353928005e-06,0.0
1738813680.0,3.73307353928005e-06,3.73307353928005e-06,3.73307353928005e-06,3.73307353928005e-06,0.0
1738813740.0,3.73307353928005e-06,3.73307353928005e-06,3.73307353928005e-06,3.73307353928005e-06,0.0
1738813800.0,3.73307353928005e-06,3.73307353928005e-06,3.73307353928005e-06,3.73307353928005e-06,0.0
1738813860.0,3.73307353928005e-06,3.73307353928005e-06,3.73307353928005e-06,3.73307353928005e-06,0.0
1738813920.0,3.73307353928005e-06,3.73307353928005e-06,3.73307353928005e-06,3.73307353928005e-06,0.0
1738813980.0,3.73307353928005e-06,3.73307353928005e-06,3.73307353928005e-06,3.73307353928005e-06,0.0
1738814040.0,3.73307353928005e-06,3.73307353928005e-06,3.73307353928005e-06,3.73307353928005e-06,0.0
1738814100.0,3.73307353928005e-06,3.73307353928005e-06,3.73307353928005e-06,3.73307353928005e-06,0.0
1738814160.0,3.73307353928005e-06,3.73307353928005e-06,3.73307353928005e-06,3.73307353928005e-06,0.0
1738814220.0,3.73307353928005e-06,3.73307353928005e-06,3.73307353928005e-06,3.73307353928005e-06,0.0
1738814280.0,3.73307353928005e-06,3.73307353928005e-06,3.73307353928005e-06,3.73307353928005e-06,0.0
1738814340.0,3.73307353928005e-06,3.73307353928005e-06,3.73307353928005e-06,3.73307353928005e-06,0.0
1738814400.0,3.73307353928005e-06,3.73307353928005e-06,3.73307353928005e-06,3.73307353928005e-06,0.0
1738814460.0,3.73307353928005e-06,3.73307353928005e-06,3.73307353928005e-06,3.73307353928005e-06,0.0
1738814520.0,3.73307353928005e-06,3.73307353928005e-06,3.73307353928005e-06,3.73307353928005e-06,0.0
1738814580.0,3.73307353928005e-06,3.73307353928005e-06,3.73307353928005e-06,3.73307353928005e-06,0.0
1738814640.0,3.73307353928005e-06,3.73307353928005e-06,3.73307353928005e-06,3.73307353928005e-06,0.0
1738814700.0,3.73307353928005e-06,3.73307353928005e-06,3.73307353928005e-06,3.73307353928005e-06,0.0
1738814760.0,3.73307353928005e-06,3.73307353928005e-06,3.73307353928005e-06,3.73307353928005e-06,0.0
1738814820.0,3.73307353928005e-06,3.73307353928005e-06,3.73307353928005e-06,3.73307353928005e-06,0.0
1738814880.0,3.73307353928005e-06,3.73307353928005e-06,3.73307353928005e-06,3.73307353928005e-06,0.0
1738814940.0,3.73307353928005e-06,3.73307353928005e-06,3.73307353928005e-06,3.73307353928005e-06,0.0
1738815000.0,3.73307353928005e-06,3.73307353928005e-06,3.73307353928005e-06,3.73307353928005e-06,0.0
1738815060.0,3.73307353928005e-06,3.73307353928005e-06,3.73307353928005e-06,3.73307353928005e-06,0.0
1738815120.0,3.73307353928005e-06,3.73307353928005e-06,3.73307353928005e-06,3.73307353928005e-06,0.0
1738815180.0,3.73307353928005e-06,3.73307353928005e-06,3.73307353928005e-06,3.73307353928005e-06,0.0
1738815240.0,3.73307353928005e-06,3.73307353928005e-06,3.73307353928005e-06,3.73307353928005e-06,0.0
1738815300.0,3.73307353928005e-06,3.73307353928005e-06,3.73307353928005e-06,3.73307353928005e-06,0.0
1738815360.0,3.73307353928005e-06,3.73307353928005e-06,3.73307353928005e-06,3.73307353928005e-06,0.0
1738815420.0,3.73307353928005e-06,3.73307353928005e-06,3.73307353928005e-06,3.73307353928005e-06,0.0
1738815480.0,3.73307353928005e-06,3.73307353928005e-06,3.73307353928005e-06,3.73307353928005e-06,0.0
1738815540.0,3.73307353928005e-06,3.73307353928005e-06,3.73307353928005e-06,3.73307353928005e-06,0.0
1738815600.0,3.73307353928005e-06,3.73307353928005e-06,3.73307353928005e-06,3.73307353928005e-06,0.0
1738815660.0,3.73307353928005e-06,3.73307353928005e-06,3.73307353928005e-06,3.73307353928005e-06,0.0
1738815720.0,3.73307353928005e-06,3.73307353928005e-06,3.73307353928005e-06,3.73307353928005e-06,0.0
1738815780.0,3.73307353928005e-06,3.73307353928005e-06,3.73307353928005e-06,3.73307353928005e-06,0.0
1738815840.0,3.73307353928005e-06,3.73307353928005e-06,3.73307353928005e-06,3.73307353928005e-06,0.0
1738815900.0,3.73307353928005e-06,3.73307353928005e-06,3.73307353928005e-06,3.73307353928005e-06,0.0
1738815960.0,3.73307353928005e-06,3.73307353928005e-06,3.73307353928005e-06,3.73307353928005e-06,0.0
1738816020.0,3.73307353928005e-06,3.73307353928005e-06,3.73307353928005e-06,3.73307353928005e-06,0.0
1738816080.0,3.73307353928005e-06,3.73307353928005e-06,3.73307353928005e-06,3.73307353928005e-06,0.0
1738816140.0,3.73307353928005e-06,3.73307353928005e-06,3.73307353928005e-06,3.73307353928005e-06,0.0
1738816200.0,3.73307353928005e-06,3.73307353928005e-06,3.73307353928005e-06,3.73307353928005e-06,0.0
1738816260.0,3.73307353928005e-06,3.73307353928005e-06,3.73307353928005e-06,3.73307353928005e-06,0.0
1738816320.0,3.73307353928005e-06,3.73307353928005e-06,3.73307353928005e-06,3.73307353928005e-06,0.0
1738816380.0,3.73307353928005e-06,3.73307353928005e-06,3.73307353928005e-06,3.73307353928005e-06,0.0
1738816440.0,3.73307353928005e-06,3.73307353928005e-06,3.73307353928005e-06,3.73307353928005e-06,0.0
1738816500.0,3.73307353928005e-06,3.73307353928005e-06,3.73307353928005e-06,3.73307353928005e-06,0.0
1738816560.0,3.73307353928005e-06,3.73307353928005e-06,3.73307353928005e-06,3.73307353928005e-06,0.0
1738816620.0,3.73307353928005e-06,3.73307353928005e-06,3.73307353928005e-06,3.73307353928005e-06,0.0
1738816680.0,3.73307353928005e-06,3.73307353928005e-06,3.73307353928005e-06,3.73307353928005e-06,0.0
1738816740.0,3.73307353928005e-06,3.73307353928005e-06,3.73307353928005e-06,3.73307353928005e-06,0.0
1738816800.0,3.73307353928005e-06,3.73307353928005e-06,3.73307353928005e-06,3.73307353928005e-06,0.0
1738816860.0,3.73307353928005e-06,3.73307353928005e-06,3.73307353928005e-06,3.73307353928005e-06,0.0
1738816920.0,3.73307353928005e-06,3.73307353928005e-06,3.73307353928005e-06,3.73307353928005e-06,0.0
1738816980.0,3.73307353928005e-06,3.73307353928005e-06,3.73307353928005e-06,3.73307353928005e-06,0.0
1738817040.0,3.73307353928005e-06,3.73307353928005e-06,3.73307353928005e-06,3.73307353928005e-06,0.0
1738817100.0,3.73307353928005e-06,3.73307353928005e-06,3.73307353928005e-06,3.73307353928005e-06,0.0
1738817160.0,3.73307353928005e-06,3.73307353928005e-06,3.73307353928005e-06,3.73307353928005e-06,0.0
1738817220.0,3.73307353928005e-06,3.73307353928005e-06,3.73307353928005e-06,3.73307353928005e-06,0.0
1738817280.0,3.73307353928005e-06,3.73307353928005e-06,3.73307353928005e-06,3.73307353928005e-06,0.0
1738817340.0,3.73307353928005e-06,3.73307353928005e-06,3.73307353928005e-06,3.73307353928005e-06,0.0
1738817400.0,3.73307353928005e-06,3.73307353928005e-06,3.73307353928005e-06,3.73307353928005e-06,0.0
1738817460.0,3.73307353928005e-06,3.73307353928005e-06,3.73307353928005e-06,3.73307353928005e-06,0.0
1738817520.0,3.73307353928005e-06,3.73307353928005e-06,3.73307353928005e-06,3.73307353928005e-06,0.0
1738817580.0,3.73307353928005e-06,3.73307353928005e-06,3.73307353928005e-06,3.73307353928005e-06,0.0
1738817640.0,3.73307353928005e-06,3.73307353928005e-06,3.73307353928005e-06,3.73307353928005e-06,0.0
1738817700.0,3.73307353928005e-06,3.73307353928005e-06,3.73307353928005e-06,3.73307353928005e-06,0.0
1738817760.0,3.73307353928005e-06,3.73307353928005e-06,3.73307353928005e-06,3.73307353928005e-06,0.0
1738817820.0,3.73307353928005e-06,3.73307353928005e-06,3.73307353928005e-06,3.73307353928005e-06,0.0
1738817880.0,3.73307353928005e-06,3.73307353928005e-06,3.73307353928005e-06,3.73307353928005e-06,0.0
1738817940.0,3.73307353928005e-06,3.73307353928005e-06,3.73307353928005e-06,3.73307353928005e-06,0.0
1738818000.0,3.73307353928005e-06,3.73307353928005e-06,3.73307353928005e-06,3.73307353928005e-06,0.0
1738818060.0,3.73307353928005e-06,3.73307353928005e-06,3.73307353928005e-06,3.73307353928005e-06,0.0
1738818120.0,3.73307353928005e-06,3.73307353928005e-06,3.73307353928005e-06,3.73307353928005e-06,0.0
1738818180.0,3.73307353928005e-06,3.73307353928005e-06,3.73307353928005e-06,3.73307353928005e-06,0.0
1738818240.0,3.73307353928005e-06,3.73307353928005e-06,3.73307353928005e-06,3.73307353928005e-06,0.0
1738818300.0,3.73307353928005e-06,3.73307353928005e-06,3.73307353928005e-06,3.73307353928005e-06,0.0
1738818360.0,3.73307353928005e-06,3.73307353928005e-06,3.73307353928005e-06,3.73307353928005e-06,0.0
1738818420.0,3.73307353928005e-06,3.73307353928005e-06,3.73307353928005e-06,3.73307353928005e-06,0.0
1738818480.0,3.73307353928005e-06,3.73307353928005e-06,3.73307353928005e-06,3.73307353928005e-06,0.0
1738818540.0,3.73307353928005e-06,3.73307353928005e-06,3.73307353928005e-06,3.73307353928005e-06,0.0
1738818600.0,3.73307353928005e-06,3.73307353928005e-06,3.73307353928005e-06,3.73307353928005e-06,0.0
1738818660.0,3.73307353928005e-06,3.73307353928005e-06,3.73307353928005e-06,3.73307353928005e-06,0.0
1738818720.0,3.73307353928005e-06,3.73307353928005e-06,3.73307353928005e-06,3.73307353928005e-06,0.0
1738818780.0,3.73307353928005e-06,3.73307353928005e-06,3.73307353928005e-06,3.73307353928005e-06,0.0
1738818840.0,3.73307353928005e-06,3.73307353928005e-06,3.73307353928005e-06,3.73307353928005e-06,0.0
1738818900.0,3.73307353928005e-06,3.73307353928005e-06,3.73307353928005e-06,3.73307353928005e-06,0.0
1738818960.0,3.73307353928005e-06,3.73307353928005e-06,3.73307353928005e-06,3.73307353928005e-06,0.0
1738819020.0,3.73307353928005e-06,3.73307353928005e-06,3.73307353928005e-06,3.73307353928005e-06,0.0
1738819080.0,3.73307353928005e-06,3.73307353928005e-06,3.73307353928005e-06,3.73307353928005e-06,0.0
1738819140.0,3.73307353928005e-06,3.73307353928005e-06,3.73307353928005e-06,3.73307353928005e-06,0.0
1738819200.0,3.73307353928005e-06,3.73307353928005e-06,3.73307353928005e-06,3.73307353928005e-06,0.0
1738819260.0,3.73307353928005e-06,3.73307353928005e-06,3.73307353928005e-06,3.73307353928005e-06,0.0
1738819320.0,3.73307353928005e-06,3.73307353928005e-06,3.73307353928005e-06,3.73307353928005e-06,0.0
1738819380.0,3.73307353928005e-06,3.73307353928005e-06,3.73307353928005e-06,3.73307353928005e-06,0.0
1738819440.0,3.73307353928005e-06,3.73307353928005e-06,3.73307353928005e-06,3.73307353928005e-06,0.0
1738819500.0,3.73307353928005e-06,3.73307353928005e-06,3.73307353928005e-06,3.73307353928005e-06,0.0
1738819560.0,3.73307353928005e-06,3.73307353928005e-06,3.73307353928005e-06,3.73307353928005e-06,0.0
1738819620.0,3.73307353928005e-06,3.73307353928005e-06,3.73307353928005e-06,3.73307353928005e-06,0.0
1738819680.0,3.73307353928005e-06,3.73307353928005e-06,3.73307353928005e-06,3.73307353928005e-06,0.0
1738819740.0,3.73307353928005e-06,3.73307353928005e-06,3.73307353928005e-06,3.73307353928005e-06,0.0
1738819800.0,3.73307353928005e-06,3.73307353928005e-06,3.73307353928005e-06,3.73307353928005e-06,0.0
1738819860.0,3.73307353928005e-06,3.73307353928005e-06,3.73307353928005e-06,3.73307353928005e-06,0.0
1738819920.0,3.73307353928005e-06,3.73307353928005e-06,3.73307353928005e-06,3.73307353928005e-06,0.0
1738819980.0,3.73307353928005e-06,3.73307353928005e-06,3.73307353928005e-06,3.73307353928005e-06,0.0
1738820040.0,3.73307353928005e-06,3.73307353928005e-06,3.73307353928005e-06,3.73307353928005e-06,0.0
1738820100.0,3.73307353928005e-06,3.73307353928005e-06,3.73307353928005e-06,3.73307353928005e-06,0.0
1738820160.0,3.73307353928005e-06,3.73307353928005e-06,3.73307353928005e-06,3.73307353928005e-06,0.0
1738820220.0,3.73307353928005e-06,3.73307353928005e-06,3.73307353928005e-06,3.73307353928005e-06,0.0
1738820280.0,3.73307353928005e-06,3.73307353928005e-06,3.73307353928005e-06,3.73307353928005e-06,0.0
1738820340.0,3.73307353928005e-06,3.73307353928005e-06,3.73307353928005e-06,3.73307353928005e-06,0.0
1738820400.0,3.73307353928005e-06,3.73307353928005e-06,3.73307353928005e-06,3.73307353928005e-06,0.0
1738820460.0,3.73307353928005e-06,3.73307353928005e-06,3.73307353928005e-06,3.73307353928005e-06,0.0
1738820520.0,3.73307353928005e-06,3.73307353928005e-06,3.73307353928005e-06,3.73307353928005e-06,0.0
1738820580.0,3.73307353928005e-06,3.73307353928005e-06,3.73307353928005e-06,3.73307353928005e-06,0.0
1738820640.0,3.73307353928005e-06,3.73307353928005e-06,3.73307353928005e-06,3.73307353928005e-06,0.0
1738820700.0,3.73307353928005e-06,3.73307353928005e-06,3.73307353928005e-06,3.73307353928005e-06,0.0
1738820760.0,3.73307353928005e-06,3.73307353928005e-06,3.73307353928005e-06,3.73307353928005e-06,0.0
1738820820.0,3.73307353928005e-06,3.73307353928005e-06,3.73307353928005e-06,3.73307353928005e-06,0.0
1738820880.0,3.73307353928005e-06,3.73307353928005e-06,3.73307353928005e-06,3.73307353928005e-06,0.0
1738820940.0,3.73307353928005e-06,3.73307353928005e-06,3.73307353928005e-06,3.73307353928005e-06,0.0
1738821000.0,3.73307353928005e-06,3.73307353928005e-06,3.73307353928005e-06,3.73307353928005e-06,0.0
1738821060.0,3.73307353928005e-06,3.73307353928005e-06,3.73307353928005e-06,3.73307353928005e-06,0.0
1738821120.0,3.73307353928005e-06,3.73307353928005e-06,3.73307353928005e-06,3.73307353928005e-06,0.0
1738821180.0,3.73307353928005e-06,3.73307353928005e-06,3.73307353928005e-06,3.73307353928005e-06,0.0
1738821240.0,3.73307353928005e-06,3.73307353928005e-06,3.73307353928005e-06,3.73307353928005e-06,0.0
1738821300.0,3.73307353928005e-06,3.73307353928005e-06,3.73307353928005e-06,3.73307353928005e-06,0.0
1738821360.0,3.73307353928005e-06,3.73307353928005e-06,3.73307353928005e-06,3.73307353928005e-06,0.0
1738821420.0,3.73307353928005e-06,3.73307353928005e-06,3.73307353928005e-06,3.73307353928005e-06,0.0
1738821480.0,3.73307353928005e-06,3.73307353928005e-06,3.73307353928005e-06,3.73307353928005e-06,0.0
1738821540.0,3.73307353928005e-06,3.73307353928005e-06,3.73307353928005e-06,3.73307353928005e-06,0.0
1738821600.0,3.73307353928005e-06,3.73307353928005e-06,3.73307353928005e-06,3.73307353928005e-06,0.0
1738821660.0,3.73307353928005e-06,3.73307353928005e-06,3.73307353928005e-06,3.73307353928005e-06,0.0
1738821720.0,3.73307353928005e-06,3.73307353928005e-06,3.73307353928005e-06,3.73307353928005e-06,0.0
1738821780.0,3.73307353928005e-06,3.73307353928005e-06,3.73307353928005e-06,3.73307353928005e-06,0.0
1738821840.0,3.73307353928005e-06,3.73307353928005e-06,3.73307353928005e-06,3.73307353928005e-06,0.0
1738821900.0,3.73307353928005e-06,3.73307353928005e-06,3.73307353928005e-06,3.73307353928005e-06,0.0
1738821960.0,3.73307353928005e-06,3.73307353928005e-06,3.73307353928005e-06,3.73307353928005e-06,0.0
1738822020.0,3.73307353928005e-06,3.73307353928005e-06,3.73307353928005e-06,3.73307353928005e-06,0.0
1738822080.0,3.73307353928005e-06,3.73307353928005e-06,3.73307353928005e-06,3.73307353928005e-06,0.0
1738822140.0,3.73307353928005e-06,3.73307353928005e-06,3.73307353928005e-06,3.73307353928005e-06,0.0
1738822200.0,3.73307353928005e-06,3.73307353928005e-06,3.73307353928005e-06,3.73307353928005e-06,0.0
1738822260.0,3.73307353928005e-06,3.73307353928005e-06,3.73307353928005e-06,3.73307353928005e-06,0.0
1738822320.0,3.73307353928005e-06,3.73307353928005e-06,3.73307353928005e-06,3.73307353928005e-06,0.0
1738822380.0,3.73307353928005e-06,3.73307353928005e-06,3.73307353928005e-06,3.73307353928005e-06,0.0
1738822440.0,3.73307353928005e-06,3.73307353928005e-06,3.73307353928005e-06,3.73307353928005e-06,0.0
1738822500.0,3.73307353928005e-06,3.73307353928005e-06,3.73307353928005e-06,3.73307353928005e-06,0.0
1738822560.0,3.73307353928005e-06,3.73307353928005e-06,3.73307353928005e-06,3.73307353928005e-06,0.0
1738822620.0,3.73307353928005e-06,3.73307353928005e-06,3.73307353928005e-06,3.73307353928005e-06,0.0
1738822680.0,3.73307353928005e-06,3.73307353928005e-06,3.73307353928005e-06,3.73307353928005e-06,0.0
1738822740.0,3.73307353928005e-06,3.73307353928005e-06,3.73307353928005e-06,3.73307353928005e-06,0.0
1738822800.0,3.73307353928005e-06,3.73307353928005e-06,3.73307353928005e-06,3.73307353928005e-06,0.0
1738822860.0,3.73307353928005e-06,3.73307353928005e-06,3.73307353928005e-06,3.73307353928005e-06,0.0
1738822920.0,3.73307353928005e-06,3.73307353928005e-06,3.73307353928005e-06,3.73307353928005e-06,0.0
1738822980.0,3.73307353928005e-06,3.73307353928005e-06,3.73307353928005e-06,3.73307353928005e-06,0.0
1738823040.0,3.73307353928005e-06,3.73307353928005e-06,3.73307353928005e-06,3.73307353928005e-06,0.0
1738823100.0,3.73307353928005e-06,3.73307353928005e-06,3.73307353928005e-06,3.73307353928005e-06,0.0
1738823160.0,3.73307353928005e-06,3.73307353928005e-06,3.73307353928005e-06,3.73307353928005e-06,0.0
1738823220.0,3.73307353928005e-06,3.73307353928005e-06,3.73307353928005e-06,3.73307353928005e-06,0.0
1738823280.0,3.73307353928005e-06,3.73307353928005e-06,3.73307353928005e-06,3.73307353928005e-06,0.0
1738823340.0,3.73307353928005e-06,3.73307353928005e-06,3.73307353928005e-06,3.73307353928005e-06,0.0
1738823400.0,3.73307353928005e-06,3.73307353928005e-06,3.73307353928005e-06,3.73307353928005e-06,0.0
1738823460.0,3.73307353928005e-06,3.73307353928005e-06,3.73307353928005e-06,3.73307353928005e-06,0.0
1738823520.0,3.73307353928005e-06,3.73307353928005e-06,3.73307353928005e-06,3.73307353928005e-06,0.0
1738823580.0,3.73307353928005e-06,3.73307353928005e-06,3.73307353928005e-06,3.73307353928005e-06,0.0
1738823640.0,3.73307353928005e-06,3.73307353928005e-06,3.73307353928005e-06,3.73307353928005e-06,0.0
1738823700.0,3.73307353928005e-06,3.73307353928005e-06,3.73307353928005e-06,3.73307353928005e-06,0.0
1738823760.0,3.73307353928005e-06,3.73307353928005e-06,3.73307353928005e-06,3.73307353928005e-06,0.0
1738823820.0,3.73307353928005e-06,3.73307353928005e-06,3.73307353928005e-06,3.73307353928005e-06,0.0
1738823880.0,3.73307353928005e-06,3.73307353928005e-06,3.73307353928005e-06,3.73307353928005e-06,0.0
1738823940.0,3.73307353928005e-06,3.75919547491782e-06,3.73307353928005e-06,3.75919547491782e-06,3.1739980584
1738824000.0,3.75919547491782e-06,3.75919547491782e-06,3.75919547491782e-06,3.75919547491782e-06,0.0
1738824060.0,3.75919547491782e-06,3.75919547491782e-06,3.75919547491782e-06,3.75919547491782e-06,0.0
1738824120.0,3.75919547491782e-06,3.75919547491782e-06,3.75919547491782e-06,3.75919547491782e-06,0.0
1738824180.0,3.75919547491782e-06,3.75919547491782e-06,3.75919547491782e-06,3.75919547491782e-06,0.0
1738824240.0,3.75919547491782e-06,3.75919547491782e-06,3.75919547491782e-06,3.75919547491782e-06,0.0
1738824300.0,3.75919547491782e-06,3.75919547491782e-06,3.75919547491782e-06,3.75919547491782e-06,0.0
1738824360.0,3.75919547491782e-06,3.75919547491782e-06,3.75919547491782e-06,3.75919547491782e-06,0.0
1738824420.0,3.75919547491782e-06,3.75919547491782e-06,3.75919547491782e-06,3.75919547491782e-06,0.0
1738824480.0,3.75919547491782e-06,3.75919547491782e-06,3.75919547491782e-06,3.75919547491782e-06,0.0
1738824540.0,3.75919547491782e-06,3.75919547491782e-06,3.75919547491782e-06,3.75919547491782e-06,0.0
1738824600.0,3.75919547491782e-06,3.75919547491782e-06,3.75919547491782e-06,3.75919547491782e-06,0.0
1738824660.0,3.75919547491782e-06,3.75919547491782e-06,3.75919547491782e-06,3.75919547491782e-06,0.0
1738824720.0,3.75919547491782e-06,3.75919547491782e-06,3.75919547491782e-06,3.75919547491782e-06,0.0
1738824780.0,3.75919547491782e-06,3.75919547491782e-06,3.75919547491782e-06,3.75919547491782e-06,0.0
1738824840.0,3.75919547491782e-06,3.75919547491782e-06,3.75919547491782e-06,3.75919547491782e-06,0.0
1738824900.0,3.75919547491782e-06,3.75919547491782e-06,3.75919547491782e-06,3.75919547491782e-06,0.0
1738824960.0,3.75919547491782e-06,3.75919547491782e-06,3.75919547491782e-06,3.75919547491782e-06,0.0
1738825020.0,3.75919547491782e-06,3.75919547491782e-06,3.75919547491782e-06,3.75919547491782e-06,0.0
1738825080.0,3.75919547491782e-06,3.75919547491782e-06,3.75919547491782e-06,3.75919547491782e-06,0.0
1738825140.0,3.75919547491782e-06,3.75919547491782e-06,3.75919547491782e-06,3.75919547491782e-06,0.0
1738825200.0,3.75919547491782e-06,3.75919547491782e-06,3.75919547491782e-06,3.75919547491782e-06,0.0
1738825260.0,3.75919547491782e-06,3.75919547491782e-06,3.75919547491782e-06,3.75919547491782e-06,0.0
1738825320.0,3.75919547491782e-06,3.75919547491782e-06,3.75919547491782e-06,3.75919547491782e-06,0.0
1738825380.0,3.75919547491782e-06,3.75919547491782e-06,3.75919547491782e-06,3.75919547491782e-06,0.0
1738825440.0,3.75919547491782e-06,3.75919547491782e-06,3.75919547491782e-06,3.75919547491782e-06,0.0
1738825500.0,3.75919547491782e-06,3.75919547491782e-06,3.75919547491782e-06,3.75919547491782e-06,0.0
1738825560.0,3.75919547491782e-06,3.75919547491782e-06,3.75919547491782e-06,3.75919547491782e-06,0.0
1738825620.0,3.75919547491782e-06,3.75919547491782e-06,3.75919547491782e-06,3.75919547491782e-06,0.0
1738825680.0,3.75919547491782e-06,3.75919547491782e-06,3.75919547491782e-06,3.75919547491782e-06,0.0
1738825740.0,3.75919547491782e-06,3.75919547491782e-06,3.75919547491782e-06,3.75919547491782e-06,0.0
1738825800.0,3.75919547491782e-06,3.75919547491782e-06,3.75919547491782e-06,3.75919547491782e-06,0.0
1738825860.0,3.75919547491782e-06,3.75919547491782e-06,3.75919547491782e-06,3.75919547491782e-06,0.0
1738825920.0,3.75919547491782e-06,3.75919547491782e-06,3.75919547491782e-06,3.75919547491782e-06,0.0
1738825980.0,3.75919547491782e-06,3.75919547491782e-06,3.75919547491782e-06,3.75919547491782e-06,0.0
1738826040.0,3.75919547491782e-06,3.75919547491782e-06,3.75919547491782e-06,3.75919547491782e-06,0.0
1738826100.0,3.75919547491782e-06,3.75919547491782e-06,3.75919547491782e-06,3.75919547491782e-06,0.0
1738826160.0,3.75919547491782e-06,3.75919547491782e-06,3.75919547491782e-06,3.75919547491782e-06,0.0
1738826220.0,3.75919547491782e-06,3.75919547491782e-06,3.75919547491782e-06,3.75919547491782e-06,0.0
1738826280.0,3.75919547491782e-06,3.75919547491782e-06,3.75919547491782e-06,3.75919547491782e-06,0.0
1738826340.0,3.75919547491782e-06,3.75919547491782e-06,3.75919547491782e-06,3.75919547491782e-06,0.0
1738826400.0,3.75919547491782e-06,3.75919547491782e-06,3.75919547491782e-06,3.75919547491782e-06,0.0
1738826460.0,3.75919547491782e-06,3.75919547491782e-06,3.75919547491782e-06,3.75919547491782e-06,0.0
1738826520.0,3.75919547491782e-06,3.75919547491782e-06,3.75919547491782e-06,3.75919547491782e-06,0.0
1738826580.0,3.75919547491782e-06,3.75919547491782e-06,3.75919547491782e-06,3.75919547491782e-06,0.0
1738826640.0,3.75919547491782e-06,3.75919547491782e-06,3.75919547491782e-06,3.75919547491782e-06,0.0
1738826700.0,3.75919547491782e-06,3.75919547491782e-06,3.75919547491782e-06,3.75919547491782e-06,0.0
1738826760.0,3.75919547491782e-06,3.75919547491782e-06,3.75919547491782e-06,3.75919547491782e-06,0.0
1738826820.0,3.75919547491782e-06,3.75919547491782e-06,3.75919547491782e-06,3.75919547491782e-06,0.0
1738826880.0,3.75919547491782e-06,3.75919547491782e-06,3.75919547491782e-06,3.75919547491782e-06,0.0
1738826940.0,3.75919547491782e-06,3.75919547491782e-06,3.75919547491782e-06,3.75919547491782e-06,0.0
1738827000.0,3.75919547491782e-06,3.75919547491782e-06,3.75919547491782e-06,3.75919547491782e-06,0.0
1738827060.0,3.75919547491782e-06,3.75919547491782e-06,3.75919547491782e-06,3.75919547491782e-06,0.0
1738827120.0,3.75919547491782e-06,3.75919547491782e-06,3.75919547491782e-06,3.75919547491782e-06,0.0
1738827180.0,3.75919547491782e-06,3.75919547491782e-06,3.75919547491782e-06,3.75919547491782e-06,0.0
1738827240.0,3.75919547491782e-06,3.75919547491782e-06,3.75919547491782e-06,3.75919547491782e-06,0.0
1738827300.0,3.75919547491782e-06,3.75919547491782e-06,3.75919547491782e-06,3.75919547491782e-06,0.0
1738827360.0,3.75919547491782e-06,3.75919547491782e-06,3.75919547491782e-06,3.75919547491782e-06,0.0
1738827420.0,3.75919547491782e-06,3.75919547491782e-06,3.75919547491782e-06,3.75919547491782e-06,0.0
1738827480.0,3.75919547491782e-06,3.75919547491782e-06,3.75919547491782e-06,3.75919547491782e-06,0.0
1738827540.0,3.75919547491782e-06,3.75919547491782e-06,3.75919547491782e-06,3.75919547491782e-06,0.0
1738827600.0,3.75919547491782e-06,3.75919547491782e-06,3.75919547491782e-06,3.75919547491782e-06,0.0
1738827660.0,3.75919547491782e-06,3.75919547491782e-06,3.75919547491782e-06,3.75919547491782e-06,0.0
1738827720.0,3.75919547491782e-06,3.75919547491782e-06,3.75919547491782e-06,3.75919547491782e-06,0.0
1738827780.0,3.75919547491782e-06,3.75919547491782e-06,3.75919547491782e-06,3.75919547491782e-06,0.0
1738827840.0,3.75919547491782e-06,3.75919547491782e-06,3.75919547491782e-06,3.75919547491782e-06,0.0
1738827900.0,3.75919547491782e-06,3.75919547491782e-06,3.75919547491782e-06,3.75919547491782e-06,0.0
1738827960.0,3.75919547491782e-06,3.75919547491782e-06,3.75919547491782e-06,3.75919547491782e-06,0.0
1738828020.0,3.75919547491782e-06,3.75919547491782e-06,3.75919547491782e-06,3.75919547491782e-06,0.0
1738828080.0,3.75919547491782e-06,3.75919547491782e-06,3.75919547491782e-06,3.75919547491782e-06,0.0
1738828140.0,3.75919547491782e-06,3.75919547491782e-06,3.75919547491782e-06,3.75919547491782e-06,0.0
1738828200.0,3.75919547491782e-06,3.75919547491782e-06,3.75919547491782e-06,3.75919547491782e-06,0.0
1738828260.0,3.75919547491782e-06,3.75919547491782e-06,3.75919547491782e-06,3.75919547491782e-06,0.0
1738828320.0,3.75919547491782e-06,3.75919547491782e-06,3.75919547491782e-06,3.75919547491782e-06,0.0
1738828380.0,3.75919547491782e-06,3.75919547491782e-06,3.75919547491782e-06,3.75919547491782e-06,0.0
1738828440.0,3.75919547491782e-06,3.75919547491782e-06,3.75919547491782e-06,3.75919547491782e-06,0.0
1738828500.0,3.75919547491782e-06,3.75919547491782e-06,3.75919547491782e-06,3.75919547491782e-06,0.0
1738828560.0,3.75919547491782e-06,3.75919547491782e-06,3.75919547491782e-06,3.75919547491782e-06,0.0
1738828620.0,3.75919547491782e-06,3.75919547491782e-06,3.75919547491782e-06,3.75919547491782e-06,0.0
1738828680.0,3.75919547491782e-06,3.75919547491782e-06,3.75919547491782e-06,3.75919547491782e-06,0.0
1738828740.0,3.75919547491782e-06,3.75919547491782e-06,3.75919547491782e-06,3.75919547491782e-06,0.0
1738828800.0,3.75919547491782e-06,3.75919547491782e-06,3.75919547491782e-06,3.75919547491782e-06,0.0
1738828860.0,3.75919547491782e-06,3.75919547491782e-06,3.75919547491782e-06,3.75919547491782e-06,0.0
1738828920.0,3.75919547491782e-06,3.75919547491782e-06,3.75919547491782e-06,3.75919547491782e-06,0.0
1738828980.0,3.75919547491782e-06,3.75919547491782e-06,3.75919547491782e-06,3.75919547491782e-06,0.0
1738829040.0,3.75919547491782e-06,3.75919547491782e-06,3.75919547491782e-06,3.75919547491782e-06,0.0
1738829100.0,3.75919547491782e-06,3.75919547491782e-06,3.75919547491782e-06,3.75919547491782e-06,0.0
1738829160.0,3.75919547491782e-06,3.75919547491782e-06,3.75919547491782e-06,3.75919547491782e-06,0.0
1738829220.0,3.75919547491782e-06,3.75919547491782e-06,3.75919547491782e-06,3.75919547491782e-06,0.0
1738829280.0,3.75919547491782e-06,3.75919547491782e-06,3.75919547491782e-06,3.75919547491782e-06,0.0
1738829340.0,3.75919547491782e-06,3.75919547491782e-06,3.75919547491782e-06,3.75919547491782e-06,0.0
1738829400.0,3.75919547491782e-06,3.75919547491782e-06,3.75919547491782e-06,3.75919547491782e-06,0.0
1738829460.0,3.75919547491782e-06,3.75919547491782e-06,3.75919547491782e-06,3.75919547491782e-06,0.0
1738829520.0,3.75919547491782e-06,3.75919547491782e-06,3.75919547491782e-06,3.75919547491782e-06,0.0
1738829580.0,3.75919547491782e-06,3.75919547491782e-06,3.75919547491782e-06,3.75919547491782e-06,0.0
1738829640.0,3.75919547491782e-06,3.75919547491782e-06,3.75919547491782e-06,3.75919547491782e-06,0.0
1738829700.0,3.75919547491782e-06,3.75919547491782e-06,3.75919547491782e-06,3.75919547491782e-06,0.0
1738829760.0,3.75919547491782e-06,3.75919547491782e-06,3.75919547491782e-06,3.75919547491782e-06,0.0
1738829820.0,3.75919547491782e-06,3.75919547491782e-06,3.75919547491782e-06,3.75919547491782e-06,0.0
1738829880.0,3.75919547491782e-06,3.75919547491782e-06,3.75919547491782e-06,3.75919547491782e-06,0.0
1738829940.0,3.75919547491782e-06,3.75919547491782e-06,3.75919547491782e-06,3.75919547491782e-06,0.0
1738830000.0,3.75919547491782e-06,3.75919547491782e-06,3.75919547491782e-06,3.75919547491782e-06,0.0
1738830060.0,3.75919547491782e-06,3.75919547491782e-06,3.75919547491782e-06,3.75919547491782e-06,0.0
1738830120.0,3.75919547491782e-06,3.75919547491782e-06,3.75919547491782e-06,3.75919547491782e-06,0.0
1738830180.0,3.75919547491782e-06,3.75919547491782e-06,3.75919547491782e-06,3.75919547491782e-06,0.0
1738830240.0,3.75919547491782e-06,3.75919547491782e-06,3.75919547491782e-06,3.75919547491782e-06,0.0
1738830300.0,3.75919547491782e-06,3.75919547491782e-06,3.75919547491782e-06,3.75919547491782e-06,0.0
1738830360.0,3.75919547491782e-06,3.75919547491782e-06,3.75919547491782e-06,3.75919547491782e-06,0.0
1738830420.0,3.75919547491782e-06,3.75919547491782e-06,3.75919547491782e-06,3.75919547491782e-06,0.0
1738830480.0,3.75919547491782e-06,3.75919547491782e-06,3.75919547491782e-06,3.75919547491782e-06,0.0
1738830540.0,3.75919547491782e-06,3.75919547491782e-06,3.75919547491782e-06,3.75919547491782e-06,0.0
1738830600.0,3.75919547491782e-06,3.75919547491782e-06,3.75919547491782e-06,3.75919547491782e-06,0.0
1738830660.0,3.75919547491782e-06,3.75919547491782e-06,3.75919547491782e-06,3.75919547491782e-06,0.0
1738830720.0,3.75919547491782e-06,3.75919547491782e-06,3.75919547491782e-06,3.75919547491782e-06,0.0
1738830780.0,3.75919547491782e-06,3.75919547491782e-06,3.75919547491782e-06,3.75919547491782e-06,0.0
1738830840.0,3.75919547491782e-06,3.75919547491782e-06,3.75919547491782e-06,3.75919547491782e-06,0.0
1738830900.0,3.75919547491782e-06,3.75919547491782e-06,3.75919547491782e-06,3.75919547491782e-06,0.0
1738830960.0,3.75919547491782e-06,3.75919547491782e-06,3.75919547491782e-06,3.75919547491782e-06,0.0
1738831020.0,3.75919547491782e-06,3.75919547491782e-06,3.75919547491782e-06,3.75919547491782e-06,0.0
1738831080.0,3.75919547491782e-06,3.75919547491782e-06,3.75919547491782e-06,3.75919547491782e-06,0.0
1738831140.0,3.75919547491782e-06,3.75919547491782e-06,3.75919547491782e-06,3.75919547491782e-06,0.0
1738831200.0,3.75919547491782e-06,3.75919547491782e-06,3.75919547491782e-06,3.75919547491782e-06,0.0
1738831260.0,3.75919547491782e-06,3.75919547491782e-06,3.75919547491782e-06,3.75919547491782e-06,0.0
1738831320.0,3.75919547491782e-06,3.75919547491782e-06,3.75919547491782e-06,3.75919547491782e-06,0.0
1738831380.0,3.75919547491782e-06,3.75919547491782e-06,3.75919547491782e-06,3.75919547491782e-06,0.0
1738831440.0,3.75919547491782e-06,3.75919547491782e-06,3.75919547491782e-06,3.75919547491782e-06,0.0
1738831500.0,3.75919547491782e-06,3.75919547491782e-06,3.75919547491782e-06,3.75919547491782e-06,0.0
1738831560.0,3.75919547491782e-06,3.75919547491782e-06,3.75919547491782e-06,3.75919547491782e-06,0.0
1738831620.0,3.75919547491782e-06,3.75919547491782e-06,3.75919547491782e-06,3.75919547491782e-06,0.0
1738831680.0,3.75919547491782e-06,3.75919547491782e-06,3.75919547491782e-06,3.75919547491782e-06,0.0
1738831740.0,3.75919547491782e-06,3.75919547491782e-06,3.75919547491782e-06,3.75919547491782e-06,0.0
1738831800.0,3.75919547491782e-06,3.75919547491782e-06,3.75919547491782e-06,3.75919547491782e-06,0.0
1738831860.0,3.75919547491782e-06,3.75919547491782e-06,3.75919547491782e-06,3.75919547491782e-06,0.0
1738831920.0,3.75919547491782e-06,3.75919547491782e-06,3.75919547491782e-06,3.75919547491782e-06,0.0
1738831980.0,3.75919547491782e-06,3.75919547491782e-06,3.75919547491782e-06,3.75919547491782e-06,0.0
1738832040.0,3.75919547491782e-06,3.75919547491782e-06,3.75919547491782e-06,3.75919547491782e-06,0.0
1738832100.0,3.75919547491782e-06,3.75919547491782e-06,3.75919547491782e-06,3.75919547491782e-06,0.0
1738832160.0,3.75919547491782e-06,3.75919547491782e-06,3.75919547491782e-06,3.75919547491782e-06,0.0
1738832220.0,3.75919547491782e-06,3.75919547491782e-06,3.75919547491782e-06,3.75919547491782e-06,0.0
1738832280.0,3.75919547491782e-06,3.75919547491782e-06,3.75919547491782e-06,3.75919547491782e-06,0.0
1738832340.0,3.75919547491782e-06,3.75919547491782e-06,3.75919547491782e-06,3.75919547491782e-06,0.0
1738832400.0,3.75919547491782e-06,3.75919547491782e-06,3.75919547491782e-06,3.75919547491782e-06,0.0
1738832460.0,3.75919547491782e-06,3.75919547491782e-06,3.75919547491782e-06,3.75919547491782e-06,0.0
1738832520.0,3.75919547491782e-06,3.75919547491782e-06,3.75919547491782e-06,3.75919547491782e-06,0.0
1738832580.0,3.75919547491782e-06,3.75919547491782e-06,3.75919547491782e-06,3.75919547491782e-06,0.0
1738832640.0,3.75919547491782e-06,3.75919547491782e-06,3.75919547491782e-06,3.75919547491782e-06,0.0
1738832700.0,3.75919547491782e-06,3.75919547491782e-06,3.75919547491782e-06,3.75919547491782e-06,0.0
1738832760.0,3.75919547491782e-06,3.75919547491782e-06,3.75919547491782e-06,3.75919547491782e-06,0.0
1738832820.0,3.75919547491782e-06,3.75919547491782e-06,3.75919547491782e-06,3.75919547491782e-06,0.0
1738832880.0,3.75919547491782e-06,3.75919547491782e-06,3.75919547491782e-06,3.75919547491782e-06,0.0
1738832940.0,3.75919547491782e-06,3.75919547491782e-06,3.75919547491782e-06,3.75919547491782e-06,0.0
1738833000.0,3.75919547491782e-06,3.75919547491782e-06,3.75919547491782e-06,3.75919547491782e-06,0.0
1738833060.0,3.75919547491782e-06,3.75919547491782e-06,3.75919547491782e-06,3.75919547491782e-06,0.0
1738833120.0,3.75919547491782e-06,3.75919547491782e-06,3.75919547491782e-06,3.75919547491782e-06,0.0
1738833180.0,3.75919547491782e-06,3.75919547491782e-06,3.75919547491782e-06,3.75919547491782e-06,0.0
1738833240.0,3.75919547491782e-06,3.75919547491782e-06,3.75919547491782e-06,3.75919547491782e-06,0.0
1738833300.0,3.75919547491782e-06,3.75919547491782e-06,3.75919547491782e-06,3.75919547491782e-06,0.0
1738833360.0,3.75919547491782e-06,3.75919547491782e-06,3.75919547491782e-06,3.75919547491782e-06,0.0
1738833420.0,3.75919547491782e-06,3.75919547491782e-06,3.75919547491782e-06,3.75919547491782e-06,0.0
1738833480.0,3.75919547491782e-06,3.75919547491782e-06,3.75919547491782e-06,3.75919547491782e-06,0.0
1738833540.0,3.75919547491782e-06,3.75919547491782e-06,3.75919547491782e-06,3.75919547491782e-06,0.0
1738833600.0,3.75919547491782e-06,3.75919547491782e-06,3.75919547491782e-06,3.75919547491782e-06,0.0
1738833660.0,3.75919547491782e-06,3.75919547491782e-06,3.75919547491782e-06,3.75919547491782e-06,0.0
1738833720.0,3.75919547491782e-06,3.75919547491782e-06,3.75919547491782e-06,3.75919547491782e-06,0.0
1738833780.0,3.75919547491782e-06,3.75919547491782e-06,3.75919547491782e-06,3.75919547491782e-06,0.0
1738833840.0,3.75919547491782e-06,3.75919547491782e-06,3.75919547491782e-06,3.75919547491782e-06,0.0
1738833900.0,3.75919547491782e-06,3.75919547491782e-06,3.75919547491782e-06,3.75919547491782e-06,0.0
1738833960.0,3.75919547491782e-06,3.75919547491782e-06,3.75919547491782e-06,3.75919547491782e-06,0.0
1738834020.0,3.75919547491782e-06,3.75919547491782e-06,3.75919547491782e-06,3.75919547491782e-06,0.0
1738834080.0,3.75919547491782e-06,3.75919547491782e-06,3.75919547491782e-06,3.75919547491782e-06,0.0
1738834140.0,3.75919547491782e-06,3.75919547491782e-06,3.75919547491782e-06,3.75919547491782e-06,0.0
1738834200.0,3.75919547491782e-06,3.75919547491782e-06,3.75919547491782e-06,3.75919547491782e-06,0.0
1738834260.0,3.75919547491782e-06,3.75919547491782e-06,3.75919547491782e-06,3.75919547491782e-06,0.0
1738834320.0,3.75919547491782e-06,3.75919547491782e-06,3.75919547491782e-06,3.75919547491782e-06,0.0
1738834380.0,3.75919547491782e-06,3.75919547491782e-06,3.75919547491782e-06,3.75919547491782e-06,0.0
1738834440.0,3.75919547491782e-06,3.75919547491782e-06,3.75919547491782e-06,3.75919547491782e-06,0.0
1738834500.0,3.75919547491782e-06,3.75919547491782e-06,3.75919547491782e-06,3.75919547491782e-06,0.0
1738834560.0,3.75919547491782e-06,3.75919547491782e-06,3.75919547491782e-06,3.75919547491782e-06,0.0
1738834620.0,3.75919547491782e-06,3.75919547491782e-06,3.75919547491782e-06,3.75919547491782e-06,0.0
1738834680.0,3.75919547491782e-06,3.75919547491782e-06,3.75919547491782e-06,3.75919547491782e-06,0.0
1738834740.0,3.75919547491782e-06,3.75919547491782e-06,3.75919547491782e-06,3.75919547491782e-06,0.0
1738834800.0,3.75919547491782e-06,3.75919547491782e-06,3.75919547491782e-06,3.75919547491782e-06,0.0
1738834860.0,3.75919547491782e-06,3.75919547491782e-06,3.75919547491782e-06,3.75919547491782e-06,0.0
1738834920.0,3.75919547491782e-06,3.75919547491782e-06,3.74976064161843e-06,3.74976064161843e-06,1.19507147188
1738834980.0,3.74976064161843e-06,3.74976064161843e-06,3.74976064161843e-06,3.74976064161843e-06,0.0
1738835040.0,3.74976064161843e-06,3.74976064161843e-06,3.74976064161843e-06,3.74976064161843e-06,0.0
1738835100.0,3.74976064161843e-06,3.74976064161843e-06,3.74976064161843e-06,3.74976064161843e-06,0.0
1738835160.0,3.74976064161843e-06,3.74976064161843e-06,3.74976064161843e-06,3.74976064161843e-06,0.0
1738835220.0,3.74976064161843e-06,3.74976064161843e-06,3.74976064161843e-06,3.74976064161843e-06,0.0
1738835280.0,3.74976064161843e-06,3.74976064161843e-06,3.74976064161843e-06,3.74976064161843e-06,0.0
1738835340.0,3.74976064161843e-06,3.74976064161843e-06,3.74976064161843e-06,3.74976064161843e-06,0.0
1738835400.0,3.74976064161843e-06,3.74976064161843e-06,3.74976064161843e-06,3.74976064161843e-06,0.0
1738835460.0,3.74976064161843e-06,3.74976064161843e-06,3.74976064161843e-06,3.74976064161843e-06,0.0
1738835520.0,3.74976064161843e-06,3.74976064161843e-06,3.74976064161843e-06,3.74976064161843e-06,0.0
1738835580.0,3.74976064161843e-06,3.74976064161843e-06,3.74976064161843e-06,3.74976064161843e-06,0.0
1738835640.0,3.74976064161843e-06,3.74976064161843e-06,3.74976064161843e-06,3.74976064161843e-06,0.0
1738835700.0,3.74976064161843e-06,3.74976064161843e-06,3.74976064161843e-06,3.74976064161843e-06,0.0
1738835760.0,3.74976064161843e-06,3.74976064161843e-06,3.74976064161843e-06,3.74976064161843e-06,0.0
1738835820.0,3.74976064161843e-06,3.74976064161843e-06,3.74976064161843e-06,3.74976064161843e-06,0.0
1738835880.0,3.74976064161843e-06,3.74976064161843e-06,3.74976064161843e-06,3.74976064161843e-06,0.0
1738835940.0,3.74976064161843e-06,3.74976064161843e-06,3.74976064161843e-06,3.74976064161843e-06,0.0
1738836000.0,3.74976064161843e-06,3.74976064161843e-06,3.74976064161843e-06,3.74976064161843e-06,0.0
1738836060.0,3.74976064161843e-06,3.74976064161843e-06,3.74976064161843e-06,3.74976064161843e-06,0.0
1738836120.0,3.74976064161843e-06,3.74976064161843e-06,3.74976064161843e-06,3.74976064161843e-06,0.0
1738836180.0,3.74976064161843e-06,3.74976064161843e-06,3.74976064161843e-06,3.74976064161843e-06,0.0
1738836240.0,3.74976064161843e-06,3.74976064161843e-06,3.74976064161843e-06,3.74976064161843e-06,0.0
1738836300.0,3.74976064161843e-06,3.74976064161843e-06,3.74976064161843e-06,3.74976064161843e-06,0.0
1738836360.0,3.74976064161843e-06,3.74976064161843e-06,3.74976064161843e-06,3.74976064161843e-06,0.0
1738836420.0,3.74976064161843e-06,3.74976064161843e-06,3.74976064161843e-06,3.74976064161843e-06,0.0
1738836480.0,3.74976064161843e-06,3.74976064161843e-06,3.74976064161843e-06,3.74976064161843e-06,0.0
1738836540.0,3.74976064161843e-06,3.74976064161843e-06,3.74976064161843e-06,3.74976064161843e-06,0.0
1738836600.0,3.74976064161843e-06,3.74976064161843e-06,3.74976064161843e-06,3.74976064161843e-06,0.0
1738836660.0,3.74976064161843e-06,3.74976064161843e-06,3.74976064161843e-06,3.74976064161843e-06,0.0
1738836720.0,3.74976064161843e-06,3.74976064161843e-06,3.74976064161843e-06,3.74976064161843e-06,0.0
1738836780.0,3.74976064161843e-06,3.74976064161843e-06,3.74976064161843e-06,3.74976064161843e-06,0.0
1738836840.0,3.74976064161843e-06,3.750146580768e-06,3.74976064161843e-06,3.750146580768e-06,0.18976709136
1738836900.0,3.750146580768e-06,3.750146580768e-06,3.750146580768e-06,3.750146580768e-06,0.0
1738836960.0,3.750146580768e-06,3.750146580768e-06,3.750146580768e-06,3.750146580768e-06,0.0
1738837020.0,3.750146580768e-06,3.750146580768e-06,3.750146580768e-06,3.750146580768e-06,0.0
1738837080.0,3.750146580768e-06,3.750146580768e-06,3.750146580768e-06,3.750146580768e-06,0.0
1738837140.0,3.750146580768e-06,3.750146580768e-06,3.750146580768e-06,3.750146580768e-06,0.0
1738837200.0,3.750146580768e-06,3.750146580768e-06,3.750146580768e-06,3.750146580768e-06,0.0
1738837260.0,3.750146580768e-06,3.750146580768e-06,3.750146580768e-06,3.750146580768e-06,0.0
1738837320.0,3.750146580768e-06,3.750146580768e-06,3.750146580768e-06,3.750146580768e-06,0.0
1738837380.0,3.750146580768e-06,3.750146580768e-06,3.750146580768e-06,3.750146580768e-06,0.0
1738837440.0,3.750146580768e-06,3.750146580768e-06,3.750146580768e-06,3.750146580768e-06,0.0
1738837500.0,3.750146580768e-06,3.750146580768e-06,3.750146580768e-06,3.750146580768e-06,0.0
1738837560.0,3.750146580768e-06,3.750146580768e-06,3.750146580768e-06,3.750146580768e-06,0.0
1738837620.0,3.750146580768e-06,3.750146580768e-06,3.750146580768e-06,3.750146580768e-06,0.0
1738837680.0,3.750146580768e-06,3.750146580768e-06,3.750146580768e-06,3.750146580768e-06,0.0
1738837740.0,3.750146580768e-06,3.750146580768e-06,3.750146580768e-06,3.750146580768e-06,0.0
1738837800.0,3.750146580768e-06,3.750146580768e-06,3.750146580768e-06,3.750146580768e-06,0.0
1738837860.0,3.750146580768e-06,3.750146580768e-06,3.750146580768e-06,3.750146580768e-06,0.0
1738837920.0,3.750146580768e-06,3.750146580768e-06,3.750146580768e-06,3.750146580768e-06,0.0
1738837980.0,3.750146580768e-06,3.750146580768e-06,3.750146580768e-06,3.750146580768e-06,0.0
1738838040.0,3.750146580768e-06,3.750146580768e-06,3.750146580768e-06,3.750146580768e-06,0.0
1738838100.0,3.750146580768e-06,3.750146580768e-06,3.750146580768e-06,3.750146580768e-06,0.0
1738838160.0,3.750146580768e-06,3.750146580768e-06,3.750146580768e-06,3.750146580768e-06,0.0
1738838220.0,3.750146580768e-06,3.750146580768e-06,3.750146580768e-06,3.750146580768e-06,0.0
