0,1,2,3,4,5
1732315320,6.67232162090173e-05,6.67232162090173e-05,6.65380497476408e-05,6.65380497476408e-05,27.40318092445
1732315140,6.68221326907589e-05,6.68221326907589e-05,6.67232162090173e-05,6.67232162090173e-05,5.35604926272
1732315080,6.70768245223891e-05,6.70768245223891e-05,6.68221326907589e-05,6.68221326907589e-05,9.09557402476
1732314960,6.66158875774e-05,6.70768245223891e-05,6.66158875774e-05,6.70768245223891e-05,51.232
1732314900,6.66644888523467e-05,6.66644888523467e-05,6.66158875774e-05,6.66158875774e-05,19.98476627322
1732314840,6.67620184683754e-05,6.69586004398383e-05,6.66644888523467e-05,6.66644888523467e-05,13.119341056
1732314780,6.65629624590078e-05,6.67620184683754e-05,6.63041828728352e-05,6.67620184683754e-05,46.87425161452
1732314600,6.69003012500727e-05,6.69003012500727e-05,6.65629624590078e-05,6.65629624590078e-05,49.22074189932
1732314540,6.67282939220058e-05,6.69003012500727e-05,6.67282939220058e-05,6.69003012500727e-05,51.282
1732314480,6.67176781579446e-05,6.67282939220058e-05,6.67176781579446e-05,6.67282939220058e-05,0.51288
1732314420,6.63706286758222e-05,6.67176781579446e-05,6.63706286758222e-05,6.67176781579446e-05,2.538756
1732314240,6.64650216452809e-05,6.64650216452809e-05,6.63706286758222e-05,6.63706286758222e-05,14.93339145206
1732314060,6.67459804741209e-05,6.67459804741209e-05,6.64650216452809e-05,6.64650216452809e-05,4.06829314863
1732313940,6.67580926926964e-05,6.67580926926964e-05,6.67459804741209e-05,6.67459804741209e-05,51.352
1732313820,6.77889389285398e-05,6.77889389285398e-05,6.67580926926964e-05,6.67580926926964e-05,175.71200393763
1732313760,6.76540254043781e-05,6.83658168488125e-05,6.76540254043781e-05,6.77889389285398e-05,323.79354139662
1732313640,6.73891469569456e-05,6.76540254043781e-05,6.73891469569456e-05,6.76540254043781e-05,77.046
1732313580,6.75990338046346e-05,6.78197147119593e-05,6.72961639079787e-05,6.73891469569456e-05,135.2569024925
1732313520,6.74685516522041e-05,6.75990338046346e-05,6.74685516522041e-05,6.75990338046346e-05,21.32889093845
1732313460,6.70195248019023e-05,6.74685516522041e-05,6.67027153004104e-05,6.74685516522041e-05,112.907070948
1732313400,6.71729882574076e-05,6.71729882574076e-05,6.70195248019023e-05,6.70195248019023e-05,23.66586776788
1732313340,6.82503981114952e-05,6.82503981114952e-05,6.71729882574076e-05,6.71729882574076e-05,160.09940706033
1732313280,6.82032182114293e-05,6.82503981114952e-05,6.82032182114293e-05,6.82503981114952e-05,1.1533088055
1732313160,6.82334617939402e-05,6.82334617939402e-05,6.82032182114293e-05,6.82032182114293e-05,0.532248938
1732313100,6.86058816739628e-05,6.86058816739628e-05,6.82334617939402e-05,6.82334617939402e-05,9.27989871965
1732312980,6.92288727761795e-05,6.92288727761795e-05,6.86058816739628e-05,6.86058816739628e-05,70.477002827
1732312920,6.97693658776529e-05,6.97693658776529e-05,6.92288727761795e-05,6.92288727761795e-05,105.40548602553
1732312860,6.99080355180414e-05,6.99080355180414e-05,6.97693658776529e-05,6.97693658776529e-05,54.75624192189
1732312740,6.97639610851425e-05,6.99080355180414e-05,6.97639610851425e-05,6.99080355180414e-05,2.6892492946
1732312680,6.89912621355456e-05,6.97639610851425e-05,6.89912621355456e-05,6.97639610851425e-05,128.34
1732312620,6.89359403571031e-05,6.89912621355456e-05,6.89359403571031e-05,6.89912621355456e-05,10.00438510575
1732312380,6.87755661558545e-05,6.92254422704089e-05,6.87755661558545e-05,6.89359403571031e-05,4.17999761056
1732312260,7.04964613050325e-05,7.04964613050325e-05,6.87755661558545e-05,6.87755661558545e-05,240.62539146288
1732312200,7.08218005077112e-05,7.08218005077112e-05,7.04960691204723e-05,7.04964613050325e-05,16.87754857572
1732312140,7.06535466672512e-05,7.08218005077112e-05,7.06535466672512e-05,7.08218005077112e-05,5.838869286
1732312020,7.11499020985576e-05,7.11499020985576e-05,7.06535466672512e-05,7.06535466672512e-05,56.76986814158
1732311960,7.0840433386482e-05,7.11499020985576e-05,7.0840433386482e-05,7.11499020985576e-05,46.03347230895
1732311900,7.14260524406149e-05,7.14260524406149e-05,7.0840433386482e-05,7.0840433386482e-05,111.88737981754
1732311840,6.91096002435077e-05,7.14260524406149e-05,6.91096002435077e-05,7.14260524406149e-05,303.14324199679
1732311780,6.9186734613942e-05,6.9186734613942e-05,6.91096002435077e-05,6.91096002435077e-05,17.3801230757
1732311720,6.94056028534404e-05,6.94056028534404e-05,6.9186734613942e-05,6.9186734613942e-05,11.99687930666
1732311660,7.05117875835419e-05,7.05117875835419e-05,6.94056028534404e-05,6.94056028534404e-05,122.27522586279
1732311600,7.28990004492395e-05,7.28990004492395e-05,7.05117875835419e-05,7.05117875835419e-05,369.47053266466
1732311480,7.26274337554e-05,7.28990004492395e-05,7.26274337554e-05,7.28990004492395e-05,63.49893
1732311420,7.24988837634995e-05,7.26274337554e-05,7.24988837634995e-05,7.26274337554e-05,7.26274337554
1732311360,7.21023769080224e-05,7.24988837634995e-05,7.21023769080224e-05,7.24988837634995e-05,12.39273301069
1732311300,7.2473848532423e-05,7.2473848532423e-05,7.21023769080224e-05,7.21023769080224e-05,5.1813374952
1732311240,7.25167080704759e-05,7.25316862394949e-05,7.21589113767356e-05,7.2473848532423e-05,32.12276520988
1732311120,7.21602503934e-05,7.25167080704759e-05,7.21602503934e-05,7.25167080704759e-05,2.5462
1732311060,7.64364641241752e-05,7.64364641241752e-05,7.21602503934e-05,7.21602503934e-05,550.9436718717
1732310940,7.70802662834498e-05,7.70802662834498e-05,7.64364641241752e-05,7.64364641241752e-05,82.59648809472
1732310880,7.7541212974e-05,7.7541212974e-05,7.70802662834498e-05,7.70802662834498e-05,122.17308975144
1732310820,7.79312591690581e-05,7.79500703318512e-05,7.7541212974e-05,7.7541212974e-05,16.40686862687
1732310760,7.91918419062838e-05,7.93832698994727e-05,7.79312591690581e-05,7.79312591690581e-05,337.3194968785
1732310700,8.02181073054771e-05,8.02181073054771e-05,7.91028676773032e-05,7.91918419062838e-05,163.69400602773
1732310640,8.2099871876109e-05,8.2099871876109e-05,8.02181073054771e-05,8.02181073054771e-05,241.72167166592
1732310580,8.73134185449427e-05,8.73134185449427e-05,7.90570459976225e-05,8.2099871876109e-05,1432.58931900759
1732310520,8.21901676268476e-05,8.73134185449427e-05,8.21901676268476e-05,8.73134185449427e-05,1783.30251200733
1732310460,7.46759954757484e-05,8.21901676268476e-05,7.46759954757484e-05,8.21901676268476e-05,1144.9391517265
1732310400,7.3170265164453e-05,7.46759954757484e-05,7.3170265164453e-05,7.46759954757484e-05,236.39989495349
1732310280,7.25797924630542e-05,7.3170265164453e-05,7.25797924630542e-05,7.3170265164453e-05,38.0917355
1732310160,7.36924246831501e-05,7.39338176980202e-05,7.25797924630542e-05,7.25797924630542e-05,218.35338870906
1732310100,7.23684980138267e-05,7.36924246831501e-05,7.23684980138267e-05,7.36924246831501e-05,240.5683051957
1732310040,7.34159178597196e-05,7.34159178597196e-05,7.23684980138267e-05,7.23684980138267e-05,83.06917037652
1732309980,7.42537799924378e-05,7.42537799924378e-05,7.29627972071006e-05,7.34159178597196e-05,200.52767329455
1732309920,7.25535639347339e-05,7.55341778203698e-05,7.25535639347339e-05,7.42537799924378e-05,467.73565358657
1732309860,7.13867313909822e-05,7.47639408424618e-05,7.13867313909822e-05,7.25535639347339e-05,1451.95340636451
1732309800,7.0025597545799e-05,7.19266678298216e-05,7.0025597545799e-05,7.13867313909822e-05,174.79591150626
1732309740,6.73243634660325e-05,7.0025597545799e-05,6.71013626464802e-05,7.0025597545799e-05,533.71399596008
1732309680,6.20237254464533e-05,7.54213135087707e-05,6.20237254464533e-05,6.73243634660325e-05,3690.23845073578
1732309620,6.00918042548818e-05,6.21861554442865e-05,6.00918042548818e-05,6.20237254464533e-05,458.7386951224
1732309560,6.4200455627457e-05,6.4200455627457e-05,6.00918042548818e-05,6.00918042548818e-05,79.57414023581
1732309500,5.85257608123897e-05,7.14288265170621e-05,5.85257608123897e-05,6.4200455627457e-05,3761.6585344008
1732309380,5.87434727901019e-05,5.87434727901019e-05,5.85257608123897e-05,5.85257608123897e-05,59.49835778952
1732309260,5.87924073136469e-05,5.87924073136469e-05,5.87434727901019e-05,5.87434727901019e-05,0.77810183388
1732308900,5.85174850634564e-05,5.87924073136469e-05,5.85174850634564e-05,5.87924073136469e-05,50.996
1732308600,5.84899827070169e-05,5.85174850634564e-05,5.84899827070169e-05,5.85174850634564e-05,4.28383446239
1732308540,5.84456772749679e-05,5.84899827070169e-05,5.84456772749679e-05,5.84899827070169e-05,9.0613112789
1732308480,5.8093950003843e-05,5.84456772749679e-05,5.8093950003843e-05,5.84456772749679e-05,10.71795859083
1732308420,5.87002387932742e-05,5.88638619343591e-05,5.8093950003843e-05,5.8093950003843e-05,214.73865605465
1732308360,5.87732006410331e-05,5.87732006410331e-05,5.85870873299483e-05,5.87002387932742e-05,64.14152344785
1732308180,5.88737023090954e-05,5.88737023090954e-05,5.87732006410331e-05,5.87732006410331e-05,9.23557917304
1732308120,5.96695482679721e-05,5.96695482679721e-05,5.88737023090954e-05,5.88737023090954e-05,124.88873682975
1732307760,5.99220434902743e-05,6.02516183461098e-05,5.96695482679721e-05,5.96695482679721e-05,54.86777379072
1732307700,5.98715295655118e-05,6.00245518272779e-05,5.96698063959666e-05,5.99220434902743e-05,162.80979982348
1732307640,6.02309665215221e-05,6.02309665215221e-05,5.96690229361104e-05,5.98715295655118e-05,113.97078047149
1732307580,6.09635871435053e-05,6.09635871435053e-05,6.01028990987735e-05,6.02309665215221e-05,169.36254176106
1732307520,5.86161448828582e-05,6.10778127479973e-05,5.86161448828582e-05,6.09635871435053e-05,378.599098616
1732307460,5.84396326323936e-05,5.86161448828582e-05,5.81532536303922e-05,5.86161448828582e-05,52.3036508931
1732307400,5.81634712764768e-05,5.84396326323936e-05,5.81634712764768e-05,5.84396326323936e-05,16.72305988002
1732307280,5.91678383941853e-05,5.91678383941853e-05,5.81634712764768e-05,5.81634712764768e-05,152.76481305777
1732307220,5.73277850977578e-05,5.91678383941853e-05,5.73277850977578e-05,5.91678383941853e-05,192.85417677842
1732307160,5.59201747476452e-05,5.73277850977578e-05,5.59201747476452e-05,5.73277850977578e-05,302.71937974522
1732307040,5.6191349068104e-05,5.6191349068104e-05,5.59201747476452e-05,5.59201747476452e-05,6.95886746837
1732306980,5.73063429305189e-05,5.73063429305189e-05,5.6191349068104e-05,5.6191349068104e-05,182.15404815225
1732306920,5.76861787075933e-05,5.76861787075933e-05,5.73063429305189e-05,5.73063429305189e-05,54.81600158696
1732306860,5.89267363781608e-05,5.9377065790256e-05,5.76861787075933e-05,5.76861787075933e-05,364.00623219114
1732306740,5.40583688243951e-05,5.89267363781608e-05,5.40583688243951e-05,5.89267363781608e-05,746.03616620096
1732306680,5.35511476131652e-05,5.40583688243951e-05,5.35511476131652e-05,5.40583688243951e-05,102.6915712694
1732306620,5.27146056177979e-05,5.35511476131652e-05,5.27146056177979e-05,5.35511476131652e-05,12.602547
1732306560,5.45211762137316e-05,5.45211762137316e-05,5.27146056177979e-05,5.27146056177979e-05,666.7691167647
1732306500,5.5860500242838e-05,5.60195104695507e-05,5.45211762137316e-05,5.45211762137316e-05,282.32843485866
1732306440,5.53744783546115e-05,5.5860500242838e-05,5.53744783546115e-05,5.5860500242838e-05,48.25351622783
1732306380,5.5742532368017e-05,5.5742532368017e-05,5.53744783546115e-05,5.53744783546115e-05,45.70020742712
1732306320,5.61532798159224e-05,5.61532798159224e-05,5.5742532368017e-05,5.5742532368017e-05,66.81340782357
1732306260,5.5691523000364e-05,6.08209196545419e-05,5.53488813912537e-05,5.61532798159224e-05,1825.04199044478
1732306200,5.68127914546752e-05,5.68127914546752e-05,5.5691523000364e-05,5.5691523000364e-05,192.7264139679
1732306140,5.3724057760613e-05,5.68127914546752e-05,5.3724057760613e-05,5.68127914546752e-05,466.49353872727
1732306080,5.25786657893185e-05,5.3724057760613e-05,5.25786657893185e-05,5.3724057760613e-05,151.932302
1732305900,5.19808913988402e-05,5.25786657893185e-05,5.19808913988402e-05,5.25786657893185e-05,126.69
1732305840,5.19981026809814e-05,5.19981026809814e-05,5.19808913988402e-05,5.19808913988402e-05,7.1208217563
1732305780,5.19675748508113e-05,5.19981026809814e-05,5.19675748508113e-05,5.19981026809814e-05,2.43262702812
1732305720,5.1821427379804e-05,5.20841945632618e-05,5.1821427379804e-05,5.19675748508113e-05,66.97807887896
1732305660,5.27899031328848e-05,5.27899031328848e-05,5.1821427379804e-05,5.1821427379804e-05,182.45236325778
1732305600,5.31169122649156e-05,5.31169122649156e-05,5.27899031328848e-05,5.27899031328848e-05,7.94425109376
1732305420,5.35955414150338e-05,5.35955414150338e-05,5.31169122649156e-05,5.31169122649156e-05,87.21634509392
1732305360,5.34828585438148e-05,5.35955414150338e-05,5.34828585438148e-05,5.35955414150338e-05,25.1533635
1732305300,5.41371255476494e-05,5.41371255476494e-05,5.34828585438148e-05,5.34828585438148e-05,108.66415675411
1732305240,5.68421640561765e-05,5.68421640561765e-05,5.41371255476494e-05,5.41371255476494e-05,417.45803939946
1732305180,5.74394457830637e-05,5.76689884227324e-05,5.68421640561765e-05,5.68421640561765e-05,194.34853056184
1732305120,5.62080602639274e-05,5.94156237909752e-05,5.62080602639274e-05,5.74394457830637e-05,986.07711262539
1732305060,5.47564039584593e-05,5.62080602639274e-05,5.47564039584593e-05,5.62080602639274e-05,238.95224510505
1732304940,5.50280470024915e-05,5.50280470024915e-05,5.47564039584593e-05,5.47564039584593e-05,11.04841448464
1732304820,5.52546126599144e-05,5.52546126599144e-05,5.47222968132917e-05,5.50280470024915e-05,12.26010029305
1732304760,5.30971576189237e-05,5.6078519957449e-05,5.30971576189237e-05,5.52546126599144e-05,770.34405545344
1732304700,5.32612939683239e-05,5.32612939683239e-05,5.30971576189237e-05,5.30971576189237e-05,36.15212606827
1732304640,5.33166735918174e-05,5.33166735918174e-05,5.32612939683239e-05,5.32612939683239e-05,1.05941693128
1732304580,5.36741620025894e-05,5.38329267496971e-05,5.33166735918174e-05,5.33166735918174e-05,52.04991450702
1732304520,5.48621421474311e-05,5.48621421474311e-05,5.36741620025894e-05,5.36741620025894e-05,145.0646107258
1732304460,5.58562549248e-05,5.58562549248e-05,5.48621421474311e-05,5.48621421474311e-05,157.40392946107
1732304400,5.89956144687e-05,5.89956144687e-05,5.58562549248e-05,5.58562549248e-05,512.05442574105
1732304340,6.07862423635809e-05,6.07862423635809e-05,5.89956144687e-05,5.89956144687e-05,265.14342707682
1732304280,6.10833022038463e-05,6.10833022038463e-05,6.07862423635809e-05,6.07862423635809e-05,6.63791728884
1732304220,6.15086669385736e-05,6.16936702304855e-05,6.10833022038463e-05,6.10833022038463e-05,162.41584713848
1732304160,6.39883076925403e-05,6.39883076925403e-05,6.15086669385736e-05,6.15086669385736e-05,358.93456689672
1732304100,6.3721165536699e-05,6.42970817188192e-05,6.3721165536699e-05,6.39883076925403e-05,217.83908474258
1732304040,5.68374351020455e-05,6.3721165536699e-05,5.68374351020455e-05,6.3721165536699e-05,1009.25850259086
1732303980,5.70291370743495e-05,5.70291370743495e-05,5.68374351020455e-05,5.68374351020455e-05,23.89886542248
1732303920,5.70470403813344e-05,5.70470403813344e-05,5.67091792116842e-05,5.70291370743495e-05,120.16901960648
1732303860,5.78265508488011e-05,5.78265508488011e-05,5.70470403813344e-05,5.70470403813344e-05,86.3999459232
1732303800,5.81845778047777e-05,5.82970913860718e-05,5.78265508488011e-05,5.78265508488011e-05,143.4918363676
1732303740,6.16820555188457e-05,6.16820555188457e-05,5.81845778047777e-05,5.81845778047777e-05,518.84773689519
1732303680,6.35053342771766e-05,6.35053342771766e-05,6.16820555188457e-05,6.16820555188457e-05,240.00797620183
1732303620,6.52179127085058e-05,6.52179127085058e-05,6.35053342771766e-05,6.35053342771766e-05,87.7171089596
1732303560,6.70613589476738e-05,6.70613589476738e-05,6.52179127085058e-05,6.52179127085058e-05,446.9600014764
1732303500,6.78341583881705e-05,6.78341583881705e-05,6.70613589476738e-05,6.70613589476738e-05,110.0332147735
1732303440,6.84639743971998e-05,6.84639743971998e-05,6.77903295755808e-05,6.78341583881705e-05,91.3747240874
1732303380,6.9092220352104e-05,6.95339338059852e-05,6.83506417312185e-05,6.84639743971998e-05,177.64831663332
1732303320,6.84310527200933e-05,6.9092220352104e-05,6.80667167072594e-05,6.9092220352104e-05,255.89553986762
1732303260,6.61486339180211e-05,6.84310527200933e-05,6.59184595896983e-05,6.84310527200933e-05,442.10478240958
1732303200,6.61505153263795e-05,6.65117300310494e-05,6.61486339180211e-05,6.61486339180211e-05,22.39631957395
1732303140,6.82917971883584e-05,6.86053114290893e-05,6.61505153263795e-05,6.61505153263795e-05,342.31053527056
1732303080,6.82364126178727e-05,6.85955252727596e-05,6.7965335601925e-05,6.82917971883584e-05,56.17965873065
1732303020,6.85995632009853e-05,6.85995632009853e-05,6.82364126178727e-05,6.82364126178727e-05,64.14857717403
1732302960,6.85993083980653e-05,8.85022278434197e-05,6.85993083980653e-05,6.85995632009853e-05,5662.02173271248
1732302900,7.02719287349306e-05,7.02719287349306e-05,6.85993083980653e-05,6.85993083980653e-05,214.37821695257
1732302840,6.90666216195039e-05,7.02719287349306e-05,6.90666216195039e-05,7.02719287349306e-05,227.57065249806
1732302780,6.95252988549172e-05,6.95252988549172e-05,6.90619261351258e-05,6.90666216195039e-05,237.32811337175
1732302720,6.82272697700273e-05,6.95252988549172e-05,6.82272697700273e-05,6.95252988549172e-05,254.73
1732302660,6.86234648213718e-05,6.86234648213718e-05,6.82272697700273e-05,6.82272697700273e-05,101.54409692976
1732302600,6.96051498296766e-05,6.96051498296766e-05,6.86234648213718e-05,6.86234648213718e-05,97.95462639777
1732302540,7.52361715398366e-05,7.52361715398366e-05,6.96051498296766e-05,6.96051498296766e-05,1056.24633503287
1732302480,7.52391886810993e-05,7.52457522903668e-05,7.52361715398366e-05,7.52361715398366e-05,2.57244714318
1732302420,6.79398423752319e-05,7.54844185328877e-05,6.79398423752319e-05,7.52391886810993e-05,963.4058220096
1732302360,6.66186065191647e-05,6.79398423752319e-05,6.64411708057789e-05,6.79398423752319e-05,295.47153238081
1732302300,7.17306235443727e-05,7.17306235443727e-05,6.66186065191647e-05,6.66186065191647e-05,687.28064063242
1732302240,7.21212906514197e-05,7.21212906514197e-05,7.17306235443727e-05,7.17306235443727e-05,98.48284212424
1732302180,7.24348534347387e-05,7.25698778872315e-05,7.21212906514197e-05,7.21212906514197e-05,40.85878751434
1732302120,7.28025410801617e-05,7.28025410801617e-05,7.22259300059931e-05,7.24348534347387e-05,108.9757282505
1732302060,7.31385455090728e-05,7.32650376757128e-05,7.26053988541391e-05,7.28025410801617e-05,113.0955824258
1732302000,7.22884224763676e-05,7.37213369970384e-05,7.17564301277174e-05,7.31385455090728e-05,482.44202997083
1732301940,8.17403852302989e-05,8.17403852302989e-05,6.80848940779981e-05,7.22884224763676e-05,3638.98154470014
1732301880,9.61308121313275e-05,9.61308121313275e-05,8.17403852302989e-05,8.17403852302989e-05,1740.49487893684
1732301820,9.70312147303601e-05,9.70312147303601e-05,9.61308121313275e-05,9.61308121313275e-05,114.42267895293
1732301760,9.97519200728617e-05,9.97519200728617e-05,9.68321105517263e-05,9.70312147303601e-05,353.83623154858
1732301700,0.000100340516702602,0.000100340516702602,9.97519200728617e-05,9.97519200728617e-05,37.4970377047
1732301640,9.95710577074472e-05,0.000100340516702602,9.95710577074472e-05,0.000100340516702602,63.2925
1732301580,0.000102467120772388,0.000102467120772388,9.95710577074472e-05,9.95710577074472e-05,308.08474019593
1732301520,0.00010204677689717,0.000102467120772388,0.000101645916701008,0.000102467120772388,142.98201276096
1732301460,0.000102507049895402,0.000102507049895402,0.00010204677689717,0.00010204677689717,60.27025359726
1732301400,0.000103282922861707,0.000103282922861707,0.000102507049895402,0.000102507049895402,44.07924617734
1732301340,0.000103973805326571,0.000103973805326571,0.000102701255273438,0.000103282922861707,359.47045691872
1732301280,0.000104921262075148,0.000104921262075148,0.000103973805326571,0.000103973805326571,169.31556252583
1732301220,0.000114092591569639,0.000114092591569639,0.000104921262075148,0.000104921262075148,979.61630085279
1732301100,0.000115371891195864,0.000116552614204991,0.000114092591569639,0.000114092591569639,305.33604104278
1732301040,0.000110620707584076,0.000116558882794444,0.000110072906582835,0.000115371891195864,909.31365388338
1732300980,0.000112184338800111,0.000112734362173627,0.000110436687675997,0.000110620707584076,236.36344856464
1732300920,0.000112459893407334,0.000112459893407334,0.000112184338800111,0.000112184338800111,5.37632226208
1732300860,0.000113068955219752,0.000113068955219752,0.000112459893407334,0.000112459893407334,76.94511446304
1732300800,0.00011746593707572,0.00011746593707572,0.000113068955219752,0.000113068955219752,503.56263530118
1732300740,0.00011617112330117,0.00012059333844123,0.00011617112330117,0.00011746593707572,899.00088598451
1732300680,0.000112301041833695,0.00011617112330117,0.000112301041833695,0.00011617112330117,707.49790004106
1732300620,0.000110102280228076,0.000112903945826695,0.000110102280228076,0.000112301041833695,437.78292274898
1732300560,0.000109162869160424,0.000110152234545114,0.000105749069073687,0.000110102280228076,897.71922659987
1732300500,0.000109354566789499,0.00010996022941374,0.000108947278586623,0.000109162869160424,142.6932467213
1732300440,0.000109784885124499,0.000109784885124499,0.000109354566789499,0.000109354566789499,6.4915424985
1732300380,0.000108966065967508,0.000109784885124499,0.000107959080230354,0.000109784885124499,514.148273609
1732300320,0.00011019674967011,0.000110760611506913,0.000108966065967508,0.000108966065967508,152.14017339858
1732300260,0.000115202530954163,0.000115202530954163,0.00011019674967011,0.00011019674967011,543.9967675358
1732300200,0.000123181257177827,0.000123181257177827,0.000115202530954163,0.000115202530954163,1059.49400592439
1732300140,0.000125039402338372,0.000125039402338372,0.000123181257177827,0.000123181257177827,186.81675833536
1732300080,0.000125358926386891,0.000125959976477556,0.00012479465837958,0.000125039402338372,313.28258009632
1732300020,0.00012463000688633,0.000125358926386891,0.000124274634114256,0.000125358926386891,78.96228472914
1732299960,0.000121367074926867,0.000124663347066662,0.000121367074926867,0.00012463000688633,394.513706712
1732299900,0.000118301951613791,0.000121367074926867,0.000118124338761515,0.000121367074926867,627.04649214516
1732299840,0.000119193953383749,0.000119193953383749,0.000117616029913069,0.000118301951613791,362.5757226454
1732299780,0.000122401337898155,0.000122401337898155,0.000119193953383749,0.000119193953383749,376.88564947586
1732299720,0.00013349287286806,0.000135747132683798,0.000122401337898155,0.000122401337898155,1621.73270431533
1732299660,0.000127963654852849,0.000136731911005156,0.000127963654852849,0.00013349287286806,1763.11676662611
1732299600,0.000118374553137042,0.000128973883061883,0.000117503921106965,0.000127963654852849,1632.75575480299
1732299540,0.000116609793439242,0.000118374553137042,0.000116609793439242,0.000118374553137042,458.81203516108
1732299480,0.000112422404604699,0.000116609793439242,0.000112396047234368,0.000116609793439242,672.07351117401
1732299420,0.000116688882061179,0.000116688882061179,0.000110673129740074,0.000112422404604699,1426.44424617958
1732299360,0.000121557266520942,0.000121557266520942,0.000115340144277175,0.000116688882061179,1325.94188269236
1732299300,0.000124394494941859,0.000124855219343136,0.000121557266520942,0.000121557266520942,319.43038265608
1732299240,0.000123475605398275,0.000124394494941859,0.000123330457620168,0.000124394494941859,112.7954148843
1732299180,0.000124556598880962,0.000124556598880962,0.000123475605398275,0.000123475605398275,132.73013391768
1732299120,0.000125753960665043,0.00012620064827733,0.000124556598880962,0.000124556598880962,145.40952117432
1732299060,0.000124862626223889,0.000125753960665043,0.000124862626223889,0.000125753960665043,129.32021125
1732299000,0.000125552507346883,0.000125552507346883,0.000124269852948525,0.000124862626223889,153.67671966006
1732298940,0.000122750596918269,0.000126118498790029,0.000120322970121224,0.000125552507346883,1618.8405795627
1732298880,0.000128946735088725,0.000128946735088725,0.000122750596918269,0.000122750596918269,618.0870105187
1732298820,0.000129039893240555,0.00012986520682514,0.000128307471803393,0.000128946735088725,279.9666649494
1732298760,0.000126716846417038,0.000129039893240555,0.000125091019637296,0.000129039893240555,524.18675750529
1732298700,0.000132225358452019,0.000132225358452019,0.000126716846417038,0.000126716846417038,514.06899913265
1732298640,0.000135269987147265,0.000135269987147265,0.000131685977348872,0.000132225358452019,700.75059259164
1732298580,0.000136063817436548,0.000141632421523197,0.000134816027814919,0.000135269987147265,1339.04367397656
1732298520,0.000133829755639948,0.000136095709181353,0.000133829755639948,0.000136063817436548,354.39252937468
1732298460,0.000130326242233953,0.000133829755639948,0.000129748710258594,0.000133829755639948,556.70458182894
1732298400,0.00012351642195246,0.000130326242233953,0.00012351642195246,0.000130326242233953,995.07993077428
1732298340,0.000130847477018187,0.000130847477018187,0.000122971177208944,0.00012351642195246,2069.8676398791
1732298280,0.000138381370826423,0.000138381370826423,0.00013030617456099,0.000130847477018187,905.2077805938
1732298220,0.000139953413660329,0.000141922221951228,0.000137835851065009,0.000138381370826423,811.09491820924
1732298160,0.000157374438919957,0.000157374438919957,0.000139953413660329,0.000139953413660329,1664.88633062821
1732298100,0.000160053343654988,0.000160936359446613,0.000157374438919957,0.000157374438919957,864.5303327643
1732298040,0.000151226830480729,0.000160053343654988,0.000151226830480729,0.000160053343654988,608.28355347461
1732297980,0.00014539700039457,0.000151226830480729,0.00014480951133424,0.000151226830480729,1074.87906661394
1732297920,0.000148245066584481,0.000148800291003066,0.00014539700039457,0.00014539700039457,537.06970630882
1732297860,0.000148780513967299,0.000148780513967299,0.000142520647849353,0.000148245066584481,1103.23249981287
1732297800,0.0001616638138918,0.0001616638138918,0.000148780513967299,0.000148780513967299,1666.22589866948
1732297740,0.000155998289729839,0.00016190015472494,0.000155998289729839,0.0001616638138918,870.4271988199
1732297680,0.000159633643862892,0.000163356913717398,0.000155998289729839,0.000155998289729839,1257.97140878124
1732297620,0.000193311136164466,0.000195289898263723,0.000159633643862892,0.000159633643862892,4434.34494586697
1732297560,0.000185137932826266,0.000193721072068574,0.000185137932826266,0.000193311136164466,1234.96920661564
1732297500,0.000176136624748657,0.000185137932826266,0.000176136624748657,0.000185137932826266,1265.63697638366
1732297440,0.000188281073822149,0.000188739502433338,0.000176136624748657,0.000176136624748657,1307.31341887396
1732297380,0.000204150420795619,0.000204180579422672,0.00018663391660111,0.000188281073822149,1785.8796645227
1732297320,0.000181139456821023,0.000206360824194361,0.000181139456821023,0.000204150420795619,3156.1963348084
1732297260,0.000165191486992597,0.000182773044131587,0.000153226541640096,0.000181139456821023,4106.43836386527
1732297200,0.000165837000855889,0.000165837000855889,0.000164445984700972,0.000165191486992597,180.12274626582
1732297140,0.000170127742171179,0.000170757814032724,0.000165837000855889,0.000165837000855889,785.98745458678
1732297080,0.000164838603815328,0.000172055948417633,0.000163781669301481,0.000170127742171179,1362.64320262788
1732297020,0.000171484565447316,0.00017150452980259,0.000164838603815328,0.000164838603815328,1071.26962642732
1732296960,0.000179310231084125,0.000187992362897798,0.000171484565447316,0.000171484565447316,5098.77459589089
1732296900,0.000181354230452451,0.000189142076646869,0.000170539044304038,0.000179310231084125,4272.00413867137
1732296840,0.000195749886956294,0.000195749886956294,0.000172868325120241,0.000181354230452451,3762.71740574466
1732296780,0.000225437150279293,0.000225437150279293,0.000175050326803552,0.000195749886956294,11149.16080710539
1732296720,0.000260115551608033,0.000261938587534214,0.000221966090160108,0.000225437150279293,6350.50746456505
1732296660,0.000279718164610618,0.000279718164610618,0.000260115551608033,0.000260115551608033,1380.47363246176
1732296600,0.000294019596012562,0.000294019596012562,0.000278032124610262,0.000279718164610618,1059.80878291197
1732296540,0.000304885415653275,0.000306993411342002,0.000294019596012562,0.000294019596012562,1249.6662230305
1732296480,0.000270272712299569,0.000304885415653275,0.000270272712299569,0.000304885415653275,2051.20571389784
1732296420,0.000265007285166811,0.000270272712299569,0.000259901024368046,0.000270272712299569,2205.73113602841
1732296360,0.000266582023350292,0.000267844508431147,0.000265007285166811,0.000265007285166811,136.88145201817
1732296300,0.000269467890070131,0.000269467890070131,0.000264396491894463,0.000266582023350292,1205.41972862889
1732296240,0.000272389384940007,0.000273181316011645,0.000269467890070131,0.000269467890070131,683.64576757285
1732296180,0.00027721530984152,0.000282693660422616,0.00027197641795172,0.000272389384940007,1742.09623918366
1732296120,0.000269043337104093,0.000278816687537904,0.000269043337104093,0.00027721530984152,623.24488680528
1732296060,0.000261114591585722,0.000270856247751402,0.000261114591585722,0.000269043337104093,773.95719564831
1732296000,0.000272486413152035,0.000275521495761639,0.000252363466124468,0.000261114591585722,2817.8431199903
1732295940,0.000285861852865761,0.000285923162467155,0.000272486413152035,0.000272486413152035,947.5635669185
1732295880,0.000318396521244026,0.000318396521244026,0.000285861852865761,0.000285861852865761,2262.10862157302
1732295820,0.000332964514794863,0.000332964514794863,0.000318396521244026,0.000318396521244026,1094.98938319425
1732295760,0.000344071705809142,0.0003440745925,0.000332964514794863,0.000332964514794863,816.09007183123
1732295700,0.000351414130661593,0.000351414130661593,0.000344071705809142,0.000344071705809142,467.59767322703
1732295640,0.000355208471520718,0.000355208471520718,0.000351414130661593,0.000351414130661593,230.7801454434
1732295580,0.000368089174009827,0.000368089174009827,0.000355208471520718,0.000355208471520718,689.03689840563
1732295520,0.000367342164495339,0.000368089174009827,0.000364076303578769,0.000368089174009827,355.15187920414
1732295460,0.00037281847950789,0.000372905028651735,0.000367342164495339,0.000367342164495339,348.46057161313
1732295400,0.000376303953880079,0.000376303953880079,0.000371126727008658,0.00037281847950789,174.47007576001
1732295340,0.000386839332837696,0.000386839332837696,0.000375584396148419,0.000376303953880079,1050.50226417317
1732295280,0.000373629367636882,0.000389942810695155,0.000373448318076268,0.000386839332837696,1617.08103782293
1732295220,0.000365185042876576,0.000374103270030744,0.000365185042876576,0.000373629367636882,660.67842795638
1732295160,0.000321871745889242,0.000365185042876576,0.000321871745889242,0.000365185042876576,3002.04684022755
1732295100,0.000317266176980925,0.000323368926409149,0.000304229059205539,0.000321871745889242,2728.49734035054
1732295040,0.000313388196602119,0.000318619353734345,0.00031220675839741,0.000317266176980925,344.43261128274
1732294980,0.000350858461082581,0.000351543633599546,0.000313388196602119,0.000313388196602119,3124.41138056484
1732294920,0.000360754079267968,0.000360754079267968,0.000350858461082581,0.000350858461082581,329.83860733154
1732294860,0.000392740717890804,0.000392740717890804,0.000360754079267968,0.000360754079267968,2334.80933532447
1732294800,0.000391422299094793,0.000392740717890804,0.000389082284293978,0.000392740717890804,410.02392899768
1732294740,0.000361357923595559,0.000391422299094793,0.000361357923595559,0.000391422299094793,2433.34585709436
1732294680,0.000395402913182943,0.00042118426743575,0.000347710421377082,0.000361357923595559,8424.62297659959
1732294620,0.000391955561394244,0.000395402913182943,0.000382620630745155,0.000395402913182943,1555.3353845026
1732294560,0.000439524132685792,0.000445967797190503,0.000391955561394244,0.000391955561394244,3674.12280254486
1732294500,0.000400620348996111,0.000439524132685792,0.000400620348996111,0.000439524132685792,3886.69983918389
1732294440,0.000358819551454496,0.000400620348996111,0.000358819551454496,0.000400620348996111,2761.5823065626
1732294380,0.000356014005237712,0.000358819551454496,0.000351785994431623,0.000358819551454496,813.82456345928
1732294320,0.000363230331085402,0.000363230331085402,0.000354487979184982,0.000356014005237712,538.23534208881
1732294260,0.000361998307897052,0.00036371625771046,0.000359505862194754,0.000363230331085402,1026.2577615097
1732294200,0.000373552103731973,0.000375816632167161,0.000361998307897052,0.000361998307897052,1016.71489597179
1732294140,0.000380901276621364,0.000396905373963296,0.000371845208902914,0.000373552103731973,1780.38821366954
1732294080,0.000348355571681448,0.000380901276621364,0.000348079546584698,0.000380901276621364,3294.78325721836
1732294020,0.000316148599305396,0.000348355571681448,0.00031369909212397,0.000348355571681448,2511.07523053728
1732293960,0.000305641516917116,0.000317148336803235,0.000305641516917116,0.000316148599305396,544.23411612303
1732293900,0.000310767089449797,0.000310767089449797,0.000305641516917116,0.000305641516917116,416.52724933531
1732293840,0.000304014902211072,0.000316484179637537,0.00030392161915448,0.000310767089449797,2287.4889548327
1732293780,0.000303681566158328,0.000316622912075851,0.000302065750684173,0.000304014902211072,2442.22307210063
1732293720,0.000304533112960362,0.000306672426952473,0.000300418093019568,0.000303681566158328,1533.02427384006
1732293660,0.000287754362292029,0.000307532484905479,0.000287754362292029,0.000304533112960362,1765.06966745597
1732293600,0.000247085028393566,0.000287754362292029,0.000245187230739225,0.000287754362292029,5546.40645419907
1732293540,0.000267922309492438,0.000281467273854408,0.000229877904854134,0.000247085028393566,29690.8445943266
1732293480,0.000285392701628807,0.000285444883374786,0.000267922309492438,0.000267922309492438,1541.39503476718
1732293420,0.000289728972983216,0.000296053498860445,0.000285392701628807,0.000285392701628807,3247.45330926064
1732293360,0.000295233999570664,0.000295233999570664,0.000289728972983216,0.000289728972983216,367.27424934956
1732293300,0.000300214792213617,0.000301924855153211,0.000295233999570664,0.000295233999570664,603.50671381453
1732293240,0.000305237407275837,0.000305237407275837,0.000300214792213617,0.000300214792213617,340.80593186634
1732293180,0.000309710291841483,0.000309710291841483,0.00030305637352911,0.000305237407275837,1150.21878727952
1732293120,0.000311400868261084,0.00031670639507052,0.000306012237990433,0.000309710291841483,1653.75850470856
1732293060,0.000305981954950807,0.000311400868261084,0.000303356776468161,0.000311400868261084,1742.12089432456
1732293000,0.000298215341955719,0.000305981954950807,0.000298215341955719,0.000305981954950807,693.84383619452
1732292940,0.000300468212288321,0.000300468212288321,0.000297165896457706,0.000298215341955719,271.55980905427
1732292880,0.000294390587218889,0.000301752743239223,0.000294390587218889,0.000300468212288321,730.0345943046
1732292820,0.000311986892863958,0.000311986892863958,0.000290524641614646,0.000294390587218889,1903.73193745692
1732292760,0.000336574159137076,0.000338278633682543,0.00030073713682609,0.000311986892863958,3443.20491991879
1732292700,0.000350599956874434,0.000359673244559748,0.000336574159137076,0.000336574159137076,3864.13145168704
1732292640,0.000315482508921336,0.000356073534394303,0.000313786463700302,0.000350599956874434,4328.75195178408
1732292580,0.000313106737959627,0.000317591920084554,0.000313106737959627,0.000315482508921336,406.93569119125
1732292520,0.000321777040121605,0.000321777040121605,0.000311463385866199,0.000313106737959627,727.49966867931
1732292460,0.000330041693363098,0.000333524504570858,0.000321777040121605,0.000321777040121605,1234.95792405315
1732292400,0.000332252977700438,0.000332252977700438,0.00032843323672205,0.000330041693363098,367.23600899648
1732292340,0.000307970806048491,0.000332252977700438,0.000307288390147975,0.000332252977700438,6202.11645112125
1732292280,0.000339412820075347,0.000344357232836839,0.000307970806048491,0.000307970806048491,2946.91388479325
1732292220,0.000330393853176068,0.000339646353347849,0.000329123285966682,0.000339412820075347,1755.74623818906
1732292160,0.000284507081699328,0.000332926344965208,0.000284507081699328,0.000330393853176068,4104.47698019054
1732292100,0.000278972381482456,0.000284507081699328,0.000269336678733215,0.000284507081699328,2750.8429679291
1732292040,0.000282135844813812,0.000286346646056293,0.00027817203043465,0.000278972381482456,2057.77750422447
1732291980,0.000312183873771708,0.000312183873771708,0.000266453513559864,0.000282135844813812,4687.09098549247
1732291920,0.000334422998074227,0.000334422998074227,0.000312183873771708,0.000312183873771708,1392.39740751288
1732291860,0.000330509530805568,0.000343723242635316,0.000330509530805568,0.000334422998074227,1078.83145309907
1732291800,0.000296990758795108,0.000339518027470478,0.000295914470988704,0.000330509530805568,6273.54002441994
1732291740,0.000236750641694427,0.000337438019597706,0.000236255797866497,0.000296990758795108,18108.80160050927
1732291680,0.000310075496196055,0.000310075496196055,0.000219115699914544,0.000236750641694427,15926.1018150145
1732291620,0.000329930960971289,0.000329930960971289,0.000310075496196055,0.000310075496196055,1462.94990951005
1732291560,0.000341542430612082,0.000341542430612082,0.000329930960971289,0.000329930960971289,843.26217426608
1732291500,0.000335370646489939,0.0003482958143214,0.000335370646489939,0.000341542430612082,1172.71950660644
1732291440,0.000300716947466986,0.000335370646489939,0.000295264727968947,0.000335370646489939,4709.1579312604
1732291380,0.000342933423314005,0.00035197333312253,0.000292784892472314,0.000300716947466986,6908.7686409909
1732291320,0.000402657965555903,0.000402657965555903,0.000342933423314005,0.000342933423314005,5527.50786133965
1732291260,0.000426757089703173,0.000428312431054342,0.000402657965555903,0.000402657965555903,1721.25341430663
1732291200,0.000390800788408605,0.000431078686224747,0.000390800788408605,0.000426757089703173,3429.17971426652
1732291140,0.000419626694531256,0.000421108266201801,0.000345045909284995,0.000390800788408605,10362.8336750231
1732291080,0.000488775400990677,0.000488775400990677,0.000418381741690759,0.000419626694531256,3986.49139667467
1732291020,0.000497917267183831,0.000500384260481625,0.000488775400990677,0.000488775400990677,940.71422224967
1732290960,0.000484716733041166,0.000527656656586098,0.000484716733041166,0.000497917267183831,7585.77441969873
1732290900,0.000483676301178699,0.000487691587392716,0.000458082108790894,0.000484716733041166,3688.77667083074
1732290840,0.00047763202445152,0.000483676301178699,0.00047355688421539,0.000483676301178699,1462.49391412936
1732290780,0.000480756399987058,0.000480756399987058,0.000475203482258455,0.00047763202445152,1049.69164362786
1732290720,0.000468688646900481,0.000482694611322,0.000467107716869164,0.000480756399987058,1558.35330091742
1732290660,0.000493099170257158,0.000493099170257158,0.000462780211936649,0.000468688646900481,3079.34568200894
1732290600,0.000442224224698004,0.000498025759069453,0.000442224224698004,0.000493099170257158,6342.6746555857
1732290540,0.000399304289400378,0.000442224224698004,0.000397066502197328,0.000442224224698004,3045.82192884872
1732290480,0.000399717651389724,0.000402869065954724,0.000392864474238565,0.000399304289400378,1364.89239135206
1732290420,0.000401870711681613,0.000407517458615037,0.000382902064294497,0.000399717651389724,3538.88400600326
1732290360,0.000396029186758004,0.000401870711681613,0.000396029186758004,0.000401870711681613,164.27831991888
1732290300,0.000402255176703478,0.000402548556520195,0.000390001722167768,0.000396029186758004,2052.93337647345
1732290240,0.000411014474593333,0.000411014474593333,0.000401110162246856,0.000402255176703478,690.280018826
1732290180,0.000405220212834744,0.000490496847018859,0.000405220212834744,0.000411014474593333,9609.44608475394
1732290120,0.000389968677960203,0.000405220212834744,0.000389968677960203,0.000405220212834744,1619.35957548136
1732290060,0.00039490014717067,0.000395180784985517,0.000373291121491976,0.000389968677960203,4295.08909936506
1732290000,0.00037287489538011,0.000403445459292531,0.000362849547933317,0.00039490014717067,11153.84856869886
1732289940,0.00034364421693199,0.00037287489538011,0.00034208284861669,0.00037287489538011,3340.91415761965
1732289880,0.000367377643621642,0.000368389597191772,0.000333068057106646,0.00034364421693199,6815.09982634778
1732289820,0.000400186443334464,0.000425448220678073,0.000367377643621642,0.000367377643621642,8964.82869278854
1732289760,0.0004300306155144,0.000527785377912429,0.000395767784503799,0.000400186443334464,18065.96813980783
1732289700,0.000513615139589668,0.00051921934637042,0.0004300306155144,0.0004300306155144,6281.29496970236
1732289640,0.000508601338074643,0.000517189900602297,0.000508601338074643,0.000513615139589668,913.81547444081
1732289580,0.00050290160362173,0.000508691792517055,0.000500128448981884,0.000508601338074643,1559.31689312084
1732289520,0.000490779980888337,0.00050290160362173,0.000453557722014278,0.00050290160362173,3801.86858647133
1732289460,0.000569063698201199,0.000573204138216722,0.000473200174332141,0.000490779980888337,8614.29567888516
1732289400,0.00053619209668677,0.00058600142633453,0.000531147472846396,0.000569063698201199,6882.91030079287
1732289340,0.000594320198916049,0.000658746530571015,0.00053619209668677,0.00053619209668677,10969.60951735291
1732289280,0.000469122331969944,0.000625423285694452,0.000465447104945831,0.000594320198916049,10284.64498243999
1732289220,0.00046102987668819,0.000473810834203614,0.000457540823097606,0.000469122331969944,2408.47779919539
1732289160,0.000449120537065116,0.000587649695825734,0.000449120537065116,0.00046102987668819,14873.30030762305
1732289100,0.000399957273109159,0.000464626057240361,0.000395781416166689,0.000449120537065116,6147.98648370995
1732289040,0.000390356246864858,0.000425302205279021,0.000390356246864858,0.000399957273109159,5873.92976386568
1732288980,0.000380728504305254,0.000397523814843421,0.000349876176874142,0.000390356246864858,14489.58611099996
1732288920,0.000410622077261986,0.000410622077261986,0.0003661823652855,0.000380728504305254,4589.54711117152
1732288860,0.000431375298276199,0.000432628225675013,0.000357362743354527,0.000410622077261986,18380.18925661827
1732288800,0.00043904044693889,0.000457388627484938,0.000399076905214253,0.000431375298276199,11832.61495034306
1732288740,0.00050728328235209,0.00050728328235209,0.00043904044693889,0.00043904044693889,5547.74793892511
1732288680,0.000515730675314037,0.000542188955417743,0.000504491948368811,0.00050728328235209,4362.29849838531
1732288620,0.000547942651998448,0.000558897327756444,0.000514930450005507,0.000515730675314037,8849.7482342811
1732288560,0.000600475502826079,0.000604792893974513,0.000543990971161303,0.000547942651998448,4426.8821251929
1732288500,0.000599798008072209,0.000643068104108602,0.000599798008072209,0.000600475502826079,5398.39853514434
1732288440,0.000613419029146591,0.000648560298785205,0.00058589625780791,0.000599798008072209,9045.28336340592
1732288380,0.000550135095633839,0.000613419029146591,0.000521343549907502,0.000613419029146591,6022.41653800688
1732288320,0.000651918103837105,0.0007170780373562,0.000495794037954972,0.000550135095633839,32137.84008024994
1732288260,0.000688305063128583,0.000716826622032578,0.000651918103837105,0.000651918103837105,10363.32117409364
1732288200,0.000707740871136609,0.000892786315768915,0.000582147467198073,0.000688305063128583,33386.82930327372
1732288140,0.000599294220038067,0.000747864176160059,0.000599294220038067,0.000707740871136609,11826.70623979852
1732288080,0.000532999726253359,0.000621060797077691,0.000527508017777504,0.000599294220038067,12299.8842344231
1732288020,0.000605989656485606,0.000605989656485606,0.000532999726253359,0.000532999726253359,11069.68848427528
1732287960,0.000536073372347024,0.000639554087483949,0.00053418773201761,0.000605989656485606,15037.29988751017
1732287900,0.000543279586729305,0.000617939926986571,0.000533218836421527,0.000536073372347024,15226.47999664859
1732287840,0.000456822855690429,0.000558186585029766,0.000441828571861747,0.000543279586729305,8318.45580008748
1732287780,0.00046382753312311,0.000476273663410293,0.000425301009908267,0.000456822855690429,7400.44595333042
1732287720,0.000451497330211709,0.000471263360244394,0.000451414613178199,0.00046382753312311,5765.17349161828
1732287660,0.000394689967675088,0.000487045332290219,0.000394335339812625,0.000451497330211709,9881.27175134117
1732287600,0.000406234364007388,0.000465502094562206,0.000386983284213867,0.000394689967675088,11842.98382370231
1732287540,0.000404840824634897,0.000411947530148917,0.000387571103216812,0.000406234364007388,8161.44315733714
1732287480,0.000347399691581658,0.000404840824634897,0.000347399691581658,0.000404840824634897,8813.88776082555
1732287420,0.000403202543550513,0.000473850731486322,0.000326224701428069,0.000347399691581658,17710.2769276052
1732287360,0.000429417730355662,0.000453811955460456,0.000403202543550513,0.000403202543550513,5733.68685908481
1732287300,0.000500655185166822,0.000519699194421081,0.000425958305786949,0.000429417730355662,8936.0635217258
1732287240,0.000465445315286637,0.000542783118473561,0.000463209931381757,0.000500655185166822,13122.58997737728
1732287180,0.000552236686590467,0.000554891530242686,0.000465400898399446,0.000465445315286637,9661.9613352056
1732287120,0.000551209748103506,0.000717587581753797,0.000519032695804507,0.000552236686590467,27662.39584210156
1732287060,0.000434458339713155,0.000604623662341987,0.000434458339713155,0.000551209748103506,18132.88880256217
1732287000,0.000425105516923596,0.000434458339713155,0.000422493953553666,0.000434458339713155,1136.15308207958
1732286940,0.000427010124265139,0.000427907863797898,0.000422700590689506,0.000425105516923596,537.50618662015
1732286880,0.000420325691205695,0.000490281796015169,0.000413772663426234,0.000427010124265139,12037.23970023012
1732286820,0.000410921225924957,0.000433977189290365,0.000401575644684216,0.000420325691205695,6329.58422892893
1732286760,0.000343881206757558,0.00041208302750329,0.000343881206757558,0.000410921225924957,4773.49771452546
1732286700,0.000318539777826056,0.000426950349193486,0.000307681680186498,0.000343881206757558,14308.8463731813
1732286640,0.000399014449741323,0.000404920705829124,0.000318539777826056,0.000318539777826056,6672.48979140216
1732286580,0.00040623744834276,0.000423203414531107,0.000399014449741323,0.000399014449741323,3168.3777949346
1732286520,0.000430313106945774,0.000439653737509837,0.00040623744834276,0.00040623744834276,4898.50556865219
1732286460,0.000370344677983568,0.000443791070764167,0.000370344677983568,0.000430313106945774,6740.53194240867
1732286400,0.0003729955961965,0.0003729955961965,0.000345621513929426,0.000370344677983568,4213.87243138448
1732286340,0.000463618892585616,0.000491272252751019,0.000337971654352611,0.0003729955961965,16670.13511363892
1732286280,0.000448411399806905,0.000501149459596633,0.000447957609649263,0.000463618892585616,9618.44080510346
1732286220,0.000401276712761717,0.000455184705307935,0.000385021918594775,0.000448411399806905,9433.44422001932
1732286160,0.000331972057407171,0.000401276712761717,0.0003290845392137,0.000401276712761717,8102.43168617105
1732286100,0.00029926099490403,0.000346150804267461,0.00029926099490403,0.000331972057407171,9990.39722050863
1732286040,0.000338676239793873,0.000344562212683592,0.000299104687668827,0.00029926099490403,9029.60548119716
1732285980,0.00034143904351274,0.000362905452705647,0.000334241917191345,0.000338676239793873,10010.45696495885
1732285920,0.000366108520790126,0.000422177234354961,0.000238304417240661,0.00034143904351274,71957.83463222296
1732285860,0.000478747891096315,0.000494609595639933,0.000280296771261764,0.000366108520790126,30149.5397635111
1732285800,0.000434235764073175,0.000608197574221604,0.000433758440406525,0.000478747891096315,29258.11483380539
1732285740,0.00049575857282713,0.000502452065276787,0.000434235764073175,0.000434235764073175,6861.72111304702
1732285680,0.000465736654893043,0.000498932126212487,0.000464732082051422,0.00049575857282713,3940.60863152765
1732285620,0.000486983163119315,0.000507284483490962,0.000452903195407647,0.000465736654893043,9590.95984697888
1732285560,0.000550147083859575,0.000602285372507594,0.000447892414647017,0.000486983163119315,18493.77419078008
1732285500,0.000420951988521582,0.000550147083859575,0.000399804170790918,0.000550147083859575,18301.46001774823
1732285440,0.000576245210124338,0.000584205355133203,0.000409843622830629,0.000420951988521582,16562.60814808804
1732285380,0.000602737546192633,0.000602938970759645,0.000574483619698562,0.000576245210124338,5919.91998665549
1732285320,0.000563944873641492,0.0006162106374163,0.000563269382220212,0.000602737546192633,4895.74187389392
1732285260,0.000517944241675048,0.000566814440500415,0.000517944241675048,0.000563944873641492,3110.34370356286
1732285200,0.000510445424491344,0.000531357611789395,0.000504899179694263,0.000517944241675048,4066.53540203745
1732285140,0.000492014476972291,0.000551206317051047,0.000484074016888,0.000510445424491344,8449.56226690416
1732285080,0.000562037329855354,0.000562037329855354,0.000443624096977436,0.000492014476972291,12686.17347447291
1732285020,0.000552642942965379,0.000585319046695309,0.000549031931756047,0.000562037329855354,5499.53226633782
1732284960,0.000608610838055004,0.000616795855307352,0.000519749676427755,0.000552642942965379,8047.65456936734
1732284900,0.00067935400569985,0.00067935400569985,0.000608610838055004,0.000608610838055004,6626.3882172136
1732284840,0.000649046911333852,0.000682694388266894,0.000649046911333852,0.00067935400569985,3745.94148269279
1732284780,0.00071410551527965,0.000720041957116057,0.000575010203686654,0.000649046911333852,27075.31652871227
1732284720,0.000695196513742945,0.000879484723319359,0.000637840489331664,0.00071410551527965,25100.95169448906
1732284660,0.000619717989677768,0.000695196513742945,0.000596750563724038,0.000695196513742945,22317.081641613866
1732284600,0.000614098066567606,0.00062605069077359,0.00059673940170096,0.000619717989677768,5091.81277088858
1732284540,0.000641225988301019,0.000641225988301019,0.000578786639466355,0.000614098066567606,9309.5276442452
1732284480,0.000622653140767043,0.000677477733519833,0.00058041938749081,0.000641225988301019,14695.69811919491
1732284420,0.000572693770702582,0.000636723971783646,0.000571983722475815,0.000622653140767043,16178.37478293881
1732284360,0.000475300715923563,0.000581703440105212,0.000468589718688813,0.000572693770702582,13794.35604278083
1732284300,0.000476318726350638,0.000624923664177282,0.000448061566506049,0.000475300715923563,21066.38360624336
1732284240,0.000448120598067408,0.00047966868083265,0.000415006625805058,0.000476318726350638,17407.43424358754
1732284180,0.000489039506205296,0.000496157538910276,0.000361240331632747,0.000448120598067408,18976.15735906511
1732284120,0.000527251584270533,0.000541018225610664,0.000484330497439285,0.000489039506205296,16919.35648940533
1732284060,0.000547754644785474,0.000586659213568364,0.000509576561067704,0.000527251584270533,19365.08859330261
1732284000,0.000524669935888089,0.000683067558542541,0.000498264032662566,0.000547754644785474,29496.36224786349
1732283940,0.000644384487718953,0.000844025643033084,0.000523692212722683,0.000524669935888089,46737.42491285095
1732283880,0.000640561690612778,0.000657136455359523,0.000573197957203147,0.000644384487718953,24244.3788921748
1732283820,0.000623109878132232,0.000669560004554006,0.000580361675663198,0.000640561690612778,15984.53427737882
1732283760,0.000536238843613336,0.000627762486271552,0.000530907254965798,0.000623109878132232,22449.04421452635
1732283700,0.0004306657863134,0.000536238843613336,0.0004306657863134,0.000536238843613336,11457.36021056078
1732283640,0.000467842788250574,0.000478510979513525,0.000430173054467267,0.0004306657863134,13294.29411174045
1732283580,0.000361837853825163,0.000470608749572075,0.000343162792346558,0.000467842788250574,28924.02841368945
1732283520,0.000451348902263305,0.000465157070891496,0.000355402964439896,0.000361837853825163,17924.11219594275
1732283460,0.000372544632546425,0.000583729223333352,0.000359408823758628,0.000451348902263305,52866.3292882471
1732283400,0.0005086395429978,0.00054653596530568,0.000354310878184442,0.000372544632546425,41538.84646261242
1732283340,0.000597337045665394,0.000631256898527493,0.000477761499996659,0.0005086395429978,26106.08113705005
1732283280,0.000556040020333664,0.000608713893935979,0.000508057494760516,0.000597337045665394,23470.16779596188
1732283220,0.000548912332041605,0.000585935695477528,0.00045195413540386,0.000556040020333664,45423.594666809
1732283160,0.000754570169295853,0.000757172460722437,0.000532569321520974,0.000548912332041605,26183.55050730732
1732283100,0.000683373771807919,0.000929930216501022,0.000630142051016353,0.000754570169295853,72441.08822972252
1732283040,0.000788567635053019,0.000797561721278932,0.000634126116746284,0.000683373771807919,24795.28756983266
1732282980,0.000939213698075463,0.000972957396105498,0.000787889934814254,0.000788567635053019,23272.50743839589
1732282920,0.000903836422866875,0.000974786334994019,0.000831079331978544,0.000939213698075463,26012.72593427201
1732282860,0.000854158497003632,0.000903836422866875,0.000746650810419943,0.000903836422866875,30609.71631973256
1732282800,0.000679649611665827,0.000917406927310812,0.000659672654049556,0.000854158497003632,37766.8550647105
1732282740,0.000630820615634086,0.000712461133398601,0.000621345715503638,0.000679649611665827,35970.98022152055
1732282680,0.000864490105875701,0.00090700506455474,0.000621262345025002,0.000630820615634086,57635.58287602895
1732282620,0.000814469241820524,0.000914113795097156,0.000707114125158474,0.000864490105875701,34330.47784067232
1732282560,0.000826798566799929,0.000911599400958772,0.000708212762575526,0.000814469241820524,80402.37624043493
1732282500,0.000977040011430661,0.0010128133499476,0.00059943091012781,0.000826798566799929,86311.06445263459
1732282440,0.0011325264092805,0.00126406343949769,0.00088549638459636,0.000977040011430661,79698.9598455555
1732282380,0.000967108202705561,0.00129387830436824,0.000906909445694,0.0011325264092805,97552.05060172375
1732282320,0.000800809571845859,0.000980835957042802,0.000796583399405892,0.000967108202705561,39003.33565446992
1732282260,0.000682554399670875,0.000805804115142227,0.000681459256576321,0.000800809571845859,18811.1579793353
1732282200,0.000697905747319354,0.000849548463714976,0.000562894739160051,0.000682554399670875,97945.3543249165
1732282140,0.000606495403872955,0.000894481735591678,0.000606495403872955,0.000697905747319354,53314.73137458694
1732282080,0.000856629137999129,0.00101393799172913,0.000598391032982892,0.000606495403872955,112631.73493509488
1732282020,0.000694326289859592,0.00089132210119582,0.000694288265642557,0.000856629137999129,69931.60320015815
1732281960,0.000627389570605473,0.000738644435345751,0.000608829102601291,0.000694326289859592,38130.75140427331
1732281900,0.000429679811776914,0.000739104045153569,0.000419352197687316,0.000627389570605473,53041.66426238712
1732281840,0.000508345164918062,0.000603158893060977,0.00042936499333292,0.000429679811776914,40472.75460771054
1732281780,0.000489368719068317,0.00057359204918666,0.000467673127683382,0.000508345164918062,25194.17586787479
1732281720,0.000544580881170152,0.000587410359506213,0.000413355018666766,0.000489368719068317,57633.42739193112
1732281660,0.000383397713218543,0.000568082312802532,0.000347090396301771,0.000544580881170152,55421.18610874464
1732281600,0.000282061124474258,0.000429516567630428,0.000282061124474258,0.000383397713218543,28246.51954536796
1732281540,0.000280762651343722,0.000337465345534192,0.000252406570363601,0.000282061124474258,29107.13212191063
1732281480,0.000205896842993241,0.000298152133148796,0.00018653813904752,0.000280762651343722,12161.27964108078
1732281420,0.000214756648460034,0.000233965346831333,0.000205641805300384,0.000205896842993241,9602.75746253268
1732281360,0.000177590605405034,0.000217778324874054,0.000155701390543081,0.000214756648460034,13745.3020724118
1732281300,0.000199504760775965,0.000202857696505504,0.000176159890338331,0.000177590605405034,7568.42448844335
1732281240,0.000196821684858596,0.000219727531556854,0.000188857751068293,0.000199504760775965,9648.03567432701
1732281180,0.000150271439753092,0.000203140580585125,0.000150271439753092,0.000196821684858596,16963.99926689409
1732281120,0.000217978625768643,0.0002545700368495,0.000147713606532015,0.000150271439753092,35888.33288464583
1732281060,0.000133940565339634,0.0002493905765014,0.000133940565339634,0.000217978625768643,42638.51366341733
1732281000,0.000104705434454084,0.00013401861972778,0.000102202529863199,0.000133940565339634,5189.00130006027
1732280940,9.08018729073669e-05,0.00010989650601546,8.27557079068118e-05,0.000104705434454084,7387.87000118252
1732280880,0.000123988635968575,0.000137131569771103,9.08018729073669e-05,9.08018729073669e-05,19214.55852734915
1732280820,9.50964222212944e-05,0.000138221969841947,8.94468243287472e-05,0.000123988635968575,24701.96581453231
1732280760,0.000113710380650794,0.000113710380650794,7.38968290315212e-05,9.50964222212944e-05,11101.45638445144
1732280700,0.000120950403014389,0.000126885588202869,0.000110302942262045,0.000113710380650794,8651.17921133311
1732280640,0.000181737001353761,0.000181737001353761,0.000117324309584095,0.000120950403014389,13378.40347523742
1732280580,0.000167793581943184,0.000200284991681136,0.000165923955721919,0.000181737001353761,10550.54125601482
1732280520,0.000165376150854045,0.000195761772481044,0.000161421775512338,0.000167793581943184,12446.04842388098
1732280460,0.000186510133370328,0.000189989342462467,0.000140480289805558,0.000165376150854045,15692.45992316162
1732280400,0.000219785506688582,0.000240285183789018,0.000154594282705477,0.000186510133370328,40371.6152235588
1732280340,0.00022863372182186,0.000316657127618634,0.00020654399237093,0.000219785506688582,42557.80364591489
1732280280,0.000236924566111744,0.000257384357692339,0.000174347945909543,0.00022863372182186,28505.33008957538
1732280220,0.000269353649006081,0.000314705928152098,0.000236538525251395,0.000236924566111744,33873.29322652372
1732280160,0.000183247369171747,0.00032975168217231,0.000183247369171747,0.000269353649006081,60744.43543271554
1732280100,0.000286363899117637,0.000315112579962531,0.0001495831559422,0.000183247369171747,79947.57336143203
1732280040,0.000174165018977631,0.000343881503044223,0.000134930820622093,0.000286363899117637,100044.20125159959
1732279980,0.000353646377737947,0.000418965416248626,0.000173018872218024,0.000174165018977631,62858.03111584568
1732279920,0.000399119345623132,0.00041586731891335,0.000294778599935382,0.000353646377737947,37046.42952433716
1732279860,0.000293612739087209,0.000462608975915183,0.000291549434133961,0.000399119345623132,77481.52519699604
1732279800,0.000246308163744489,0.000360518811858807,0.000246308163744489,0.000293612739087209,54793.16157875543
1732279740,0.000287159583867203,0.000313629340364379,0.000158789549096377,0.000246308163744489,75026.56548611903
1732279680,0.000180621929393534,0.000470041274455136,0.000179296204162317,0.000287159583867203,170658.8004177109
1732279620,0.000164045987030393,0.00026595790838658,0.000135914197476116,0.000180621929393534,73357.2629185382
1732279560,0.000182824033431462,0.000256630293211018,0.00011987218876366,0.000164045987030393,119565.38149543722
1732279500,0.000109100155465238,0.000182824033431462,0.000101911376074359,0.000182824033431462,19693.00339630312
