time,open,high,low,close,volume,usd_vol,price_change,vol_change,norm_open,mov_in_min
1737697680.0,0.0001008662670214,0.0001048729219089,7.63420418282087e-05,9.60195678567764e-05,16101.17996791395,1.5850471302532538,-0.04805074389830762,0.0,1.0,0.28285849098230365
1737697740.0,9.60195678567764e-05,0.0001122525893779,8.08691693451254e-05,8.08691693451254e-05,14748.597063332,1.3044303550162373,-0.1577844896599563,-0.17704001974514189,0.9519492561016923,0.3268440041261837
1737697800.0,8.08691693451254e-05,0.0001325933113654,7.29931766190728e-05,0.0001318069197921,9774.10277501705,1.0393589765079643,0.6298784921307594,-0.2032085327429945,0.8017464285455118,0.7369945212615168
1737697860.0,0.0001318069197921,0.0001586831747879,0.0001134975385026,0.000155933992291,21982.24116937984,3.1625950618540126,0.18304860273615214,2.042832296960278,1.3067492600289803,0.34281687453565896
1737697920.0,0.000155933992291,0.000169578838569,0.000128536891826,0.0001292398833933,15430.1239261452,2.2001341211539374,-0.17118851704818872,-0.30432632754945566,1.545947886203786,0.2632007693768822
1737697980.0,0.0001292398833933,0.0001779771619632,9.32516356235388e-05,0.0001762089253984,25784.38810322974,3.9379053157772024,0.3634252892519626,0.7898478451449269,1.2812993601307778,0.6555679571593725
1737698040.0,0.0001762089253984,0.0004206674563455,0.000171463831316,0.0001952671916128,47956.29931187233,8.90730992730061,0.10815721264578503,1.2619411115888202,1.7469559507046604,1.4142508642287133
1737698100.0,0.0001952671916128,0.0002187138704862,0.0001401229226964,0.0001577405411987,21647.9030392366,3.820938586002046,-0.19218103207277393,-0.5710333852546214,1.935901836947844,0.4024790193410467
1737698160.0,0.0001577405411987,0.0001961072303747,0.0001577405411987,0.0001886689878569,13994.83666892681,2.423972389846489,0.19607164032257615,-0.36560812604351267,1.5638582239316283,0.2432265597952456
1737698220.0,0.0001886689878569,0.0001910871698673,0.0001112543786519,0.0001196332449267,15106.21101274505,2.328639292064753,-0.36590932995602665,-0.039329283691953765,1.8704864711298534,0.4231367970021171
1737698280.0,0.0001196332449267,0.000127457091725,7.45665330919502e-05,8.80952186395055e-05,16335.03025194156,1.6966253682716537,-0.2636225934230743,-0.27140911258639233,1.186058019786916,0.4421058600011741
1737698340.0,8.80952186395055e-05,0.0001087180525738,8.52214354652688e-05,0.0001038043097157,6991.35111970789,0.6708184912187909,0.17831945159790888,-0.6046160196802012,0.8733863286604532,0.26671841527156787
1737698400.0,0.0001038043097157,0.0001052502788593,9.1572916161286e-05,9.18804169924205e-05,3230.68071320641,0.3160974362224961,-0.11486895636546056,-0.5287884273312328,1.0291280998202963,0.1317610293394721
1737698460.0,9.18804169924205e-05,9.18804169924205e-05,7.5015487060432e-05,7.50840413912293e-05,3190.47276403591,0.26634777851752095,-0.18280691523827963,-0.1573870965215837,0.9109132290275692,0.18355304083327945
1737698520.0,7.50840413912293e-05,7.87018701421145e-05,5.11632265285042e-05,6.65627647937846e-05,10120.08160006939,0.7167386184907771,-0.11348985003409913,1.6909877847681334,0.7443919915792988,0.3667709289930035
1737698580.0,6.65627647937846e-05,7.53448547553464e-05,6.45625231958401e-05,6.67382167795298e-05,4504.50505524634,0.300227472683147,0.002635887891507652,-0.5811199997631908,0.6599110560883799,0.1619874353613558
1737698640.0,6.67382167795298e-05,7.11743543496285e-05,6.47047292669006e-05,7.01582383498349e-05,2367.79284377325,0.16207122339661778,0.05124532442338353,-0.46017190915881323,0.6616505076505952,0.09694033486241271
1737698700.0,7.01582383498349e-05,7.01821899916457e-05,6.44349937814587e-05,6.44349937814587e-05,1598.87287725433,0.10759873415836066,-0.0815762297199938,-0.3361021660517304,0.6955570025700464,0.08191762429280726
1737698760.0,6.44349937814587e-05,6.44349937814587e-05,5.097764e-05,5.12499719829611e-05,2027.68571720708,0.11728637638805202,-0.20462517375599734,0.09003490891847642,0.6388160847450419,0.20885163467387619
1737698820.0,5.12499719829611e-05,5.62731353596472e-05,5.12499719829611e-05,5.37980807083319e-05,961.3194729152,0.05049236932198097,0.04971922182158381,-0.5694950182882056,0.5080982324059619,0.098012997516489
1737698880.0,5.37980807083319e-05,5.81634157129378e-05,4.93400129454956e-05,5.67935399934242e-05,3133.29368428783,0.1732580133399838,0.05567966822705595,2.4313702380482063,0.5333604811301085,0.16400961988362697
1737698940.0,5.67935399934242e-05,6.48361223548487e-05,5.38773998626654e-05,6.48361223548487e-05,2267.64289768873,0.1379063199861697,0.14161086564344663,-0.20404074058291063,0.5630578157648558,0.19295720065085142
1737699000.0,6.48361223548487e-05,7.26030108792734e-05,6.40493496196614e-05,6.40493496196614e-05,3777.35210765475,0.2434229046044965,-0.012134790092493419,0.765132334971369,0.6427929204626254,0.13192740325829078
1737699060.0,6.40493496196614e-05,6.51053158045462e-05,6.07768644698076e-05,6.09694400605335e-05,1579.97485164511,0.09876327183890857,-0.048086507941408445,-0.5942728889897396,0.6349927632998706,0.0675799420359748
1737699120.0,6.09694400605335e-05,6.09694400605335e-05,5.73114262873107e-05,5.77841535274773e-05,573.98306985303,0.03408127610186277,-0.05224398534566978,-0.6549195316508725,0.6044581787447144,0.05999749660798824
1737699180.0,5.77841535274773e-05,5.86005415681499e-05,5.59873457912834e-05,5.59873457912834e-05,456.80762468102,0.025985844180100682,-0.031095164097878256,-0.23753312222131312,0.5728788745123053,0.04522339806576694
1737699240.0,5.59873457912834e-05,5.59873457912834e-05,5.47871137618422e-05,5.53416857537927e-05,352.87064237143,0.019642373437950097,-0.011532249446110143,-0.2441125521336058,0.5550651119011374,0.02143755901405964
1737699300.0,5.53416857537927e-05,5.53416857537927e-05,5.34652336440575e-05,5.34652336440575e-05,327.44710052106,0.017814255136727363,-0.03390666699390518,-0.09307013263940465,0.5486639625718605,0.03390666699390518
1737699360.0,5.34652336440575e-05,6.06583319687975e-05,5.25564171105363e-05,6.06583319687975e-05,1260.01381692328,0.0718986347543739,0.13453786385051153,3.036016897846132,0.5300605963013799,0.15153613490589696
1737699420.0,6.06583319687975e-05,6.2040815552668e-05,6.06583319687975e-05,6.2040815552668e-05,305.44041456855,0.018738639243082045,0.022791322131667676,-0.7393741994253641,0.601373816639096,0.022791322131667676
1737699480.0,6.2040815552668e-05,6.47377087080555e-05,6.2040815552668e-05,6.47377087080555e-05,381.44794797558,0.024179703963312635,0.04346965995471226,0.2903660532468668,0.615079921015668,0.04346965995471226
1737699540.0,6.47377087080555e-05,8.01248454543816e-05,6.47377087080555e-05,8.01248454543816e-05,1858.70683108875,0.13462850949534294,0.23768429642322877,4.567831173599644,0.6418172360271904,0.23768429642322877
1737699600.0,8.01248454543816e-05,8.09541220974878e-05,6.80740111313183e-05,7.07852150937243e-05,2282.50057000149,0.17222614961000554,-0.11656347425936357,0.27926952660768467,0.7943671142046145,0.16075052492304243
1737699660.0,7.07852150937243e-05,7.07852150937243e-05,6.6320772085299e-05,6.6320772085299e-05,596.8826232236,0.04091809064353835,-0.06307027537479522,-0.7624165044843968,0.70177292353554,0.06307027537479522
1737699720.0,6.6320772085299e-05,6.6320772085299e-05,6.27781771096432e-05,6.27992831150249e-05,530.74436331655,0.03426487074434685,-0.05309782832058869,-0.16259849358934236,0.6575119119975784,0.053416069570171316
1737699780.0,6.27992831150249e-05,6.28040935243817e-05,6.23238803650798e-05,6.28040935243817e-05,101.03869399226,0.006345400568331791,7.659974952230024e-05,-0.8148132349403746,0.622599457375589,0.0076467936492574185
1737699840.0,6.28040935243817e-05,6.28040935243817e-05,6.2032375203752e-05,6.2032375203752e-05,94.12983730944,0.00587541824583211,-0.012287707334396993,-0.07406661209778267,0.6226471483380767,0.012287707334396993
1737699900.0,6.2032375203752e-05,6.77513805566453e-05,6.19946355382953e-05,6.77513805566453e-05,865.83937157219,0.0561859427639305,0.0921938799555654,8.562883936609541,0.6149962424067015,0.09280226654938405
1737699960.0,6.77513805566453e-05,6.77513805566453e-05,6.62661907991727e-05,6.64764240876339e-05,471.10584871757,0.03161775191421967,-0.01881816220623641,-0.43726579356220724,0.6716951321522687,0.021921173343927142
1737700020.0,6.64764240876339e-05,6.64764240876339e-05,5.77471226772851e-05,5.77471226772851e-05,1105.17171254773,0.06864417495846928,-0.1313142445634744,1.171064380057883,0.6590550642022879,0.1313142445634744
1737700080.0,5.77471226772851e-05,5.80482419810172e-05,5.74129136822231e-05,5.74401828024e-05,134.47862679908,0.0077451153327970975,-0.0053152410138321135,-0.8871701009228677,0.5725117463208323,0.011001903979607373
1737700140.0,5.74401828024e-05,5.74401828024e-05,5.60626301741081e-05,5.60626301741081e-05,183.33573056915,0.010404560569350857,-0.023982385867935337,0.34337064359677105,0.5694687084058873,0.023982385867935337
1737700200.0,5.60626301741081e-05,5.61871579142028e-05,5.48898236714378e-05,5.48898236714378e-05,265.84718909701,0.014748198989127059,-0.02091957689155917,0.4174744710095145,0.5558114901011825,0.023140802326540866
1737700260.0,5.48898236714378e-05,5.48898236714378e-05,5.39853992409452e-05,5.39853992409452e-05,33.21195146191,0.0018079793093853478,-0.016477087554632126,-0.8774101630498571,0.5441841488967988,0.016477087554632126
1737700320.0,5.39853992409452e-05,5.39853992409452e-05,5.38375869056362e-05,5.38375869056362e-05,20.02195090284,0.0010794132674122252,-0.0027380057828097657,-0.4029725551565137,0.5352175790295832,0.0027380057828097657
1737700380.0,5.38375869056362e-05,5.49694919859348e-05,5.37368908498653e-05,5.48663763584473e-05,179.83652730132,0.009774471628651518,0.01910913010670991,8.05535620484334,0.5337521502031388,0.022894806526710478
1737700440.0,5.48663763584473e-05,6.02484051040225e-05,5.48663763584473e-05,6.02484051040225e-05,709.2731721152,0.040823913102616995,0.09809338802354813,3.1765851550432136,0.5439516894861067,0.09809338802354813
1737700500.0,6.02484051040225e-05,6.04871654998292e-05,5.99841447548008e-05,6.04871654998292e-05,59.23457736602,0.003575860248882212,0.00396293305016894,-0.9124077047711288,0.5973097536289319,0.008349113045563707
1737700560.0,6.04871654998292e-05,6.14920476925633e-05,6.04871654998292e-05,6.14920476925633e-05,184.99635943626,0.011282855183746016,0.01661314734176035,2.155284154987029,0.5996768521927763,0.01661314734176035
1737700620.0,6.14920476925633e-05,6.14920476925633e-05,6.14920476925633e-05,6.14920476925633e-05,0.0,0.0,0.0,-1.0,0.609639372095698,0.0
1737700680.0,6.14920476925633e-05,6.22251210820809e-05,6.14920476925633e-05,6.22251210820809e-05,16.90714846562,0.0010458522701095381,0.011921434023187434,0.0,0.609639372095698,0.011921434023187434
1737700740.0,6.22251210820809e-05,6.44373230774169e-05,6.22251210820809e-05,6.420200890368e-05,353.16811136244,0.02232501536102244,0.031769931294973415,20.346241719859933,0.6169071476480742,0.035551590047015004
1737700800.0,6.420200890368e-05,6.48814787915123e-05,6.40586151836894e-05,6.48814787915123e-05,131.39895358965,0.008480717604425366,0.010583311946697501,-0.6201248927590003,0.6365062453442316,0.012816789098568678
1737700860.0,6.48814787915123e-05,6.50541723904704e-05,6.47510326123479e-05,6.47510326123479e-05,68.32111742484,0.004428319016850021,-0.002010530302238849,-0.477836755873199,0.6432425894947308,0.004672208213635293
1737700920.0,6.47510326123479e-05,6.52600680785579e-05,6.473146019797e-05,6.52600680785579e-05,79.95566872136,0.00519756224847072,0.007861426230180697,0.1737099853677392,0.641949330776861,0.00816369807957464
1737700980.0,6.52600680785579e-05,6.55962444168375e-05,6.52600680785579e-05,6.55962444168375e-05,18.298,0.0011972044030203722,0.005151332938772464,-0.7696604012058489,0.6469959680842772,0.005151332938772464
1737701040.0,6.55962444168375e-05,6.55962444168375e-05,6.53313134664931e-05,6.53313134664931e-05,2.0440423944,0.00013381073945439384,-0.004038812781123294,-0.8882306654429195,0.6503288597259227,0.004038812781123294
1737701100.0,6.53313134664931e-05,6.57163286051115e-05,6.26892579067336e-05,6.26892579067336e-05,722.90158700032,0.04627313710719665,-0.040440876198127244,344.8103385114895,0.6477023032153283,0.0463341472528393
1737701160.0,6.26892579067336e-05,6.26892579067336e-05,5.79754597817236e-05,5.79754597817236e-05,349.03289481995,0.02105797785871712,-0.07519307585396834,-0.5449200297370358,0.6215086545577553,0.07519307585396834
1737701220.0,5.79754597817236e-05,5.79754597817236e-05,5.56781110616892e-05,5.56781110616892e-05,281.9842490565,0.01602425841343474,-0.039626226832592065,-0.23904096960566565,0.5747755071516962,0.039626226832592065
1737701280.0,5.56781110616892e-05,5.56781110616892e-05,5.52297287611571e-05,5.52297287611571e-05,52.50937770573,0.0029118508258922197,-0.008053116242311248,-0.8182848309878151,0.551999322527485,0.008053116242311248
1737701340.0,5.52297287611571e-05,5.52297287611571e-05,5.5035740951844e-05,5.5035740951844e-05,35.52470307246,0.0019585740353498474,-0.00351238026447694,-0.3273783059440481,0.5475540078174941,0.00351238026447694
1737701400.0,5.5035740951844e-05,5.5035740951844e-05,5.49324618171066e-05,5.49324618171066e-05,24.82900031865,0.001365200270795821,-0.0018765829795544973,-0.3029621315530387,0.5456307899267007,0.0018765829795544973
1737701460.0,5.49324618171066e-05,5.49324618171066e-05,5.48673768653553e-05,5.48673768653553e-05,2.21373374672,0.00012153380413788898,-0.0011848176760764376,-0.9109773073315882,0.5446068684732033,0.0011848176760764376
1737701520.0,5.48673768653553e-05,5.48673768653553e-05,5.48546575580095e-05,5.48546575580095e-05,8.57834972793,0.00047061699207179877,-0.0002318191259080796,2.8723135131839483,0.5439616086289236,0.0002318191259080796
1737701580.0,5.48546575580095e-05,5.552939003808e-05,5.48230151584666e-05,5.552939003808e-05,72.17484545112,0.003983475787758417,0.012300368101960411,7.464368807046146,0.5438355079242837,0.012877208810690405
1737701640.0,5.552939003808e-05,5.552939003808e-05,5.53128261757741e-05,5.53128261757741e-05,1.47232255072,8.15977472517197e-05,-0.0038999863343967553,-0.9795159424584738,0.550524884858669,0.0038999863343967553
1737701700.0,5.53128261757741e-05,5.53128261757741e-05,5.51515862273814e-05,5.51515862273814e-05,47.68604646792,0.0026338055514541756,-0.0029150553233406357,31.27791992013195,0.5483778453309749,0.0029150553233406357
1737701760.0,5.51515862273814e-05,5.51515862273814e-05,5.50344548661181e-05,5.50344548661181e-05,1.43561457765,7.909234342368491e-05,-0.002123807659500169,-0.9699703178998857,0.5467792935737408,0.002123807659500169
1737701820.0,5.50344548661181e-05,5.50344548661181e-05,5.3855034362359e-05,5.3855034362359e-05,169.11031639889,0.009207167987970643,-0.0214305839247117,115.41035768341483,0.5456180395219927,0.0214305839247117
1737701880.0,5.3855034362359e-05,5.3855034362359e-05,5.20766647854284e-05,5.20766647854284e-05,326.64038974162,0.017300785747812658,-0.03302141755151413,0.8790561625916345,0.53392512633518,0.03302141755151413
1737701940.0,5.20766647854284e-05,5.20766647854284e-05,5.1562034990707e-05,5.1562034990707e-05,20.33113024616,0.001053545951845641,-0.009882157331730666,-0.9391041558919461,0.5162941617972211,0.009882157331730666
1737702000.0,5.1562034990707e-05,5.19666322425022e-05,5.15501269808588e-05,5.18538872017904e-05,48.08025311226,0.0024861318574265307,0.005660215139608067,1.3597754355861102,0.5111920616608869,0.008077750649648862
1737702060.0,5.18538872017904e-05,5.18538872017904e-05,5.18538872017904e-05,5.18538872017904e-05,0.0,0.0,0.0,-1.0,0.5140855187075474,0.0
1737702120.0,5.18538872017904e-05,5.22901253999661e-05,5.18538872017904e-05,5.22901253999661e-05,53.4781417424,0.0027847141337695126,0.008412835020026046,0.0,0.5140855187075474,0.008412835020026046
1737702180.0,5.22901253999661e-05,5.22901253999661e-05,5.15484715835467e-05,5.15484715835467e-05,1.21548432363,6.31070934105966e-05,-0.014183439239177652,-0.9773380352958628,0.5184104353626184,0.014183439239177652
1737702240.0,5.15484715835467e-05,5.15484715835467e-05,5.11075038337806e-05,5.11075038337806e-05,90.76629640374,0.004658851346172089,-0.008554429185187527,72.82452739282395,0.5110575924516971,0.008554429185187527
1737702300.0,5.11075038337806e-05,5.11075038337806e-05,5.06137396839521e-05,5.06137396839521e-05,60.97056726078,0.003101000959874052,-0.009661284797520014,-0.3343850813308378,0.5066857864675166,0.009661284797520014
1737702360.0,5.06137396839521e-05,5.06768857293392e-05,5.06137396839521e-05,5.06395645672588e-05,11.0525587344,0.0005595540461442908,0.0005102346411855645,-0.8195569580968406,0.5017905507815986,0.0012476067917802647
1737702420.0,5.06395645672588e-05,5.06395645672588e-05,5.05982617596735e-05,5.05982617596735e-05,1.74159009615,8.815739784336951e-05,-0.0008156232767452993,-0.8424506114273784,0.5020465817032269,0.0008156232767452993
1737702480.0,5.05982617596735e-05,5.05982617596735e-05,5.04145465140185e-05,5.04145465140185e-05,29.43869153072,0.00148684245171049,-0.003630860809558912,15.865770633931184,0.5016371008251793,0.003630860809558912
1737702540.0,5.04145465140185e-05,5.04145465140185e-05,4.8999775530876e-05,4.8999775530876e-05,190.93513635623,0.009490843567702047,-0.02806275333150326,5.383220735178507,0.49981572633517246,0.02806275333150326
1737702600.0,4.8999775530876e-05,4.8999775530876e-05,4.89927550807216e-05,4.89927550807216e-05,1.04422914396,5.1163328177511335e-05,-0.0001432751492906756,-0.994609190657022,0.4857895208958224,0.0001432751492906756
1737702660.0,4.89927550807216e-05,4.89927550807216e-05,4.86137682975284e-05,4.86137682975284e-05,57.6030911612,0.0028112187320425666,-0.007735567893023724,53.945970721236776,0.48571991932969216,0.007735567893023724
1737702720.0,4.86137682975284e-05,4.86137682975284e-05,4.84654600368511e-05,4.84654600368511e-05,17.32266750969,0.0008408355972668663,-0.003050746030828443,-0.7008999734944371,0.48196259991672336,0.003050746030828443
1737702780.0,4.84654600368511e-05,5.53780469103247e-05,4.81749922508948e-05,5.53780469103247e-05,1232.26864760142,0.06398154893399251,0.14262913976711586,75.09281664806335,0.4804922544280196,0.14862243449155338
1737702840.0,5.53780469103247e-05,5.53780469103247e-05,5.13669235152435e-05,5.13669235152435e-05,666.0549737259,0.0355490092360869,-0.07243165150942449,-0.44438654849132286,0.5490244513418503,0.07243165150942449
1737702900.0,5.13669235152435e-05,5.13669235152435e-05,5.11262015104585e-05,5.11262015104585e-05,6.1654491532,0.00031595807544926806,-0.004686323188375643,-0.9911120427196455,0.5092577036121043,0.004686323188375643
1737702960.0,5.11262015104585e-05,5.11262015104585e-05,5.07632139727321e-05,5.07632139727321e-05,49.96581038775,0.0025454936072758904,-0.00709983388169656,7.0564283842291236,0.506871157426808,0.00709983388169656
1737703020.0,5.07632139727321e-05,5.07632139727321e-05,5.04069913802517e-05,5.04069913802517e-05,49.61505191265,0.002509782495300876,-0.007017337252754463,-0.01402915013140857,0.5032724564096545,0.007017337252754463
1737703080.0,5.04069913802517e-05,5.04069913802517e-05,5.00775736596645e-05,5.00775736596645e-05,49.29040027836,0.0024764622163071844,-0.00653515934133415,-0.013276162000523182,0.4997408238530057,0.00653515934133415
1737703140.0,5.00775736596645e-05,5.85590511848697e-05,5.00775736596645e-05,5.85590511848697e-05,1435.71161721932,0.07798543217239738,0.16936678248125053,30.490661015893306,0.4964749379397567,0.16936678248125053
1737703200.0,5.85590511848697e-05,5.85590511848697e-05,5.02457476985353e-05,5.02457476985353e-05,1380.29969062158,0.07509161511845358,-0.1419644498694057,-0.03710714903197081,0.5805613007611918,0.1419644498694057
1737703260.0,5.02457476985353e-05,5.02457476985353e-05,3.57119518067963e-05,3.57119518067963e-05,2331.11941070088,0.10018883090803596,-0.2892542465272672,0.3342212808979094,0.4981422350831627,0.2892542465272672
1737703320.0,3.57119518067963e-05,3.57119518067963e-05,3.44690749047253e-05,3.45308183618255e-05,245.99528467648,0.008639695122047339,-0.03307389781888146,-0.9137658854410851,0.3540524782107736,0.03480282760222789
1737703380.0,3.45308183618255e-05,3.45308183618255e-05,3.45308183618255e-05,3.45308183618255e-05,0.0,0.0,0.0,-1.0,0.3423425827239087,0.0
1737703440.0,3.45308183618255e-05,3.45308183618255e-05,3.45308183618255e-05,3.45308183618255e-05,0.0,0.0,0.0,0.0,0.3423425827239087,0.0
1737703500.0,3.45308183618255e-05,3.89861184101699e-05,3.45308183618255e-05,3.89861184101699e-05,781.01506,0.028708917391998094,0.1290238766327596,0.0,0.3423425827239087,0.1290238766327596
1737703560.0,3.89861184101699e-05,3.89861184101699e-05,3.89861184101699e-05,3.89861184101699e-05,0.0,0.0,0.0,-1.0,0.38651294988341867,0.0
1737703620.0,3.89861184101699e-05,3.89861184101699e-05,3.89861184101699e-05,3.89861184101699e-05,0.0,0.0,0.0,0.0,0.38651294988341867,0.0
1737703680.0,3.89861184101699e-05,3.93400002336e-05,3.89861184101699e-05,3.93400002336e-05,68.8450004088,0.002696180835025028,0.009077123803578788,0.0,0.38651294988341867,0.009077123803578788
1737703740.0,3.93400002336e-05,3.93400002336e-05,3.93252843091319e-05,3.93252843091319e-05,4.45773667822,0.00017533456210437438,-0.00037407026895558697,-0.9349692869904452,0.3900213757811969,0.00037407026895558697
1737703800.0,3.93252843091319e-05,3.93252843091319e-05,3.92790552920222e-05,3.92790552920222e-05,5.49731070756,0.00021605623887505348,-0.0011755545553414739,0.2322512816750756,0.38987548038026,0.0011755545553414739
1737703860.0,3.92790552920222e-05,4.36405519789149e-05,3.90564103092414e-05,3.90564103092414e-05,1554.63455430458,0.060891510825631094,-0.005668287618567714,280.83176353840446,0.389417160483283,0.11670702453489432
1737703920.0,3.90564103092414e-05,3.90564103092414e-05,3.90564103092414e-05,3.90564103092414e-05,0.0,0.0,0.0,-1.0,0.38720983201405784,0.0
1737703980.0,3.90564103092414e-05,3.90564103092414e-05,3.90564103092414e-05,3.90564103092414e-05,0.0,0.0,0.0,0.0,0.38720983201405784,0.0
1737704040.0,3.90564103092414e-05,3.90564103092414e-05,3.90564103092414e-05,3.90564103092414e-05,0.0,0.0,0.0,0.0,0.38720983201405784,0.0
1737704100.0,3.90564103092414e-05,3.90564103092414e-05,3.82147684351446e-05,3.82147684351446e-05,50.81112226172,0.0019631176552441084,-0.021549391442603972,0.0,0.38720983201405784,0.021549391442603972
1737704160.0,3.82147684351446e-05,3.83846601193172e-05,3.82147684351446e-05,3.83846601193172e-05,20.205906707,0.0007738804535904835,0.004445707540029306,-0.605790080119139,0.37886569577356194,0.004445707540029306
1737704220.0,3.83846601193172e-05,4.34558170248326e-05,3.83846601193172e-05,4.34558170248326e-05,936.17,0.03830829974401936,0.13211415418950984,48.50157297071502,0.38055002185392095,0.13211415418950984
1737704280.0,4.34558170248326e-05,4.34558170248326e-05,4.34558170248326e-05,4.34558170248326e-05,0.0,0.0,0.0,-1.0,0.4308260661179512,0.0
1737704340.0,4.34558170248326e-05,4.38460419619587e-05,3.88813080870119e-05,3.88813080870119e-05,910.28954753472,0.03747531218168528,-0.10526804582241822,0.0,0.4308260661179512,0.11424785482941748
1737704400.0,3.88813080870119e-05,4.25847024688269e-05,3.88813080870119e-05,4.25847024688269e-05,699.128,0.028477584513941234,0.09524870854466189,-0.24009747067941345,0.3854738480483545,0.09524870854466189
1737704460.0,4.25847024688269e-05,4.3144807395277e-05,4.25847024688269e-05,4.3144807395277e-05,130.625,0.0055992086129992855,0.013152726072469558,-0.8033818981290992,0.4221897342527015,0.013152726072469558
1737704520.0,4.3144807395277e-05,4.31482471366839e-05,4.291466530195e-05,4.291466530195e-05,65.17068632152,0.0028042774500731974,-0.0053341782527505125,-0.49916539213011185,0.42774268017793604,0.005413903754254993
1737704580.0,4.291466530195e-05,4.291466530195e-05,4.291466530195e-05,4.291466530195e-05,0.0,0.0,0.0,-1.0,0.42546102447555767,0.0
1737704640.0,4.291466530195e-05,4.291466530195e-05,4.291466530195e-05,4.291466530195e-05,0.0,0.0,0.0,0.0,0.42546102447555767,0.0
1737704700.0,4.291466530195e-05,4.291466530195e-05,4.291466530195e-05,4.291466530195e-05,0.0,0.0,0.0,0.0,0.42546102447555767,0.0
1737704760.0,4.291466530195e-05,4.291466530195e-05,4.291466530195e-05,4.291466530195e-05,0.0,0.0,0.0,0.0,0.42546102447555767,0.0
1737704820.0,4.291466530195e-05,4.291466530195e-05,4.291466530195e-05,4.291466530195e-05,0.0,0.0,0.0,0.0,0.42546102447555767,0.0
1737704880.0,4.291466530195e-05,4.291466530195e-05,4.291466530195e-05,4.291466530195e-05,0.0,0.0,0.0,0.0,0.42546102447555767,0.0
1737704940.0,4.291466530195e-05,4.291466530195e-05,4.291466530195e-05,4.291466530195e-05,0.0,0.0,0.0,0.0,0.42546102447555767,0.0
1737705000.0,4.291466530195e-05,4.291466530195e-05,4.291466530195e-05,4.291466530195e-05,0.0,0.0,0.0,0.0,0.42546102447555767,0.0
1737705060.0,4.291466530195e-05,4.291466530195e-05,4.291466530195e-05,4.291466530195e-05,0.0,0.0,0.0,0.0,0.42546102447555767,0.0
1737705120.0,4.291466530195e-05,4.291466530195e-05,4.28550632465612e-05,4.28550632465612e-05,1.01222760452,4.340924343449508e-05,-0.001388850523927807,0.0,0.42546102447555767,0.001388850523927807
1737705180.0,4.28550632465612e-05,4.28550632465612e-05,4.2754198652585e-05,4.2754198652585e-05,31.30921499508,0.0013401793931852395,-0.002353621400484006,29.87313408738813,0.4248701227088039,0.002353621400484006
1737705240.0,4.2754198652585e-05,4.2754198652585e-05,4.2754198652585e-05,4.2754198652585e-05,0.0,0.0,0.0,-1.0,0.4238701392955702,0.0
1737705300.0,4.2754198652585e-05,4.2754198652585e-05,4.2754198652585e-05,4.2754198652585e-05,0.0,0.0,0.0,0.0,0.4238701392955702,0.0
1737705360.0,4.2754198652585e-05,4.2754198652585e-05,4.2754198652585e-05,4.2754198652585e-05,0.0,0.0,0.0,0.0,0.4238701392955702,0.0
1737705420.0,4.2754198652585e-05,4.2754198652585e-05,4.2754198652585e-05,4.2754198652585e-05,0.0,0.0,0.0,0.0,0.4238701392955702,0.0
1737705480.0,4.2754198652585e-05,4.2754198652585e-05,4.23705028392236e-05,4.23705028392236e-05,62.428473315,0.002657102577764357,-0.008974459245026779,0.0,0.4238701392955702,0.008974459245026779
1737705540.0,4.23705028392236e-05,4.23705028392236e-05,4.23705028392236e-05,4.23705028392236e-05,0.0,0.0,0.0,-1.0,0.4200661340052783,0.0
1737705600.0,4.23705028392236e-05,4.23705028392236e-05,4.23705028392236e-05,4.23705028392236e-05,0.0,0.0,0.0,0.0,0.4200661340052783,0.0
1737705660.0,4.23705028392236e-05,4.23705028392236e-05,4.23705028392236e-05,4.23705028392236e-05,0.0,0.0,0.0,0.0,0.4200661340052783,0.0
1737705720.0,4.23705028392236e-05,4.23705028392236e-05,4.23705028392236e-05,4.23705028392236e-05,0.0,0.0,0.0,0.0,0.4200661340052783,0.0
1737705780.0,4.23705028392236e-05,4.23705028392236e-05,4.23705028392236e-05,4.23705028392236e-05,0.0,0.0,0.0,0.0,0.4200661340052783,0.0
1737705840.0,4.23705028392236e-05,4.23705028392236e-05,4.21436253875786e-05,4.21436253875786e-05,1.72701676632,7.297865821930288e-05,-0.005354608429026415,0.0,0.4200661340052783,0.005354608429026415
1737705900.0,4.21436253875786e-05,4.21436253875786e-05,4.21047430064766e-05,4.21047430064766e-05,7.15651810011,0.00030146248665839566,-0.0009226159530514684,3.130830766338463,0.41781684434338506,0.0009226159530514684
1737705960.0,4.21047430064766e-05,4.21047430064766e-05,4.21047430064766e-05,4.21047430064766e-05,0.0,0.0,0.0,-1.0,0.41743135985734026,0.0
1737706020.0,4.21047430064766e-05,4.21047430064766e-05,4.21047430064766e-05,4.21047430064766e-05,0.0,0.0,0.0,0.0,0.41743135985734026,0.0
1737706080.0,4.21047430064766e-05,4.21047430064766e-05,4.21047430064766e-05,4.21047430064766e-05,0.0,0.0,0.0,0.0,0.41743135985734026,0.0
1737706140.0,4.21047430064766e-05,4.21047430064766e-05,4.20724474435917e-05,4.20724474435917e-05,23.6319246996,0.000994634513069951,-0.0007670290940840388,0.0,0.41743135985734026,0.0007670290940840388
1737706200.0,4.20724474435917e-05,4.20724474435917e-05,4.20724474435917e-05,4.20724474435917e-05,0.0,0.0,0.0,-1.0,0.4171111778595466,0.0
1737706260.0,4.20724474435917e-05,4.20724474435917e-05,4.20724474435917e-05,4.20724474435917e-05,0.0,0.0,0.0,0.0,0.4171111778595466,0.0
1737706320.0,4.20724474435917e-05,4.20724474435917e-05,4.20012288774777e-05,4.20012288774777e-05,2.47224256272,0.00010392526050264619,-0.001692760237195247,0.0,0.4171111778595466,0.001692760237195247
1737706380.0,4.20012288774777e-05,4.23532309274169e-05,4.20012288774777e-05,4.23532309274169e-05,26.088,0.0011003195736950452,0.008380755976593606,9.587604672562051,0.4164051086431763,0.008380755976593606
1737706440.0,4.23532309274169e-05,4.23532309274169e-05,4.23532309274169e-05,4.23532309274169e-05,0.0,0.0,0.0,-1.0,0.4198948982461217,0.0
1737706500.0,4.23532309274169e-05,4.23532309274169e-05,4.22275355916429e-05,4.22275355916429e-05,33.91732951568,0.0014343768643578728,-0.0029677862354682257,0.0,0.4198948982461217,0.0029677862354682257
1737706560.0,4.22275355916429e-05,4.22275355916429e-05,4.22275355916429e-05,4.22275355916429e-05,0.0,0.0,0.0,-1.0,0.41864873994676355,0.0
1737706620.0,4.22275355916429e-05,4.22275355916429e-05,4.22275355916429e-05,4.22275355916429e-05,0.0,0.0,0.0,0.0,0.41864873994676355,0.0
1737706680.0,4.22275355916429e-05,4.22275355916429e-05,4.22275355916429e-05,4.22275355916429e-05,0.0,0.0,0.0,0.0,0.41864873994676355,0.0
1737706740.0,4.22275355916429e-05,4.22275355916429e-05,4.18286021536725e-05,4.18286021536725e-05,54.08190744704,0.0022729581309488965,-0.009447234662904537,0.0,0.41864873994676355,0.009447234662904537
1737706800.0,4.18286021536725e-05,4.18286021536725e-05,4.18286021536725e-05,4.18286021536725e-05,0.0,0.0,0.0,-1.0,0.41469366705915717,0.0
1737706860.0,4.18286021536725e-05,4.18286021536725e-05,4.18286021536725e-05,4.18286021536725e-05,0.0,0.0,0.0,0.0,0.41469366705915717,0.0
1737706920.0,4.18286021536725e-05,4.18286021536725e-05,4.18286021536725e-05,4.18286021536725e-05,0.0,0.0,0.0,0.0,0.41469366705915717,0.0
1737706980.0,4.18286021536725e-05,4.18286021536725e-05,4.18286021536725e-05,4.18286021536725e-05,0.0,0.0,0.0,0.0,0.41469366705915717,0.0
1737707040.0,4.18286021536725e-05,4.18286021536725e-05,4.18286021536725e-05,4.18286021536725e-05,0.0,0.0,0.0,0.0,0.41469366705915717,0.0
1737707100.0,4.18286021536725e-05,4.18286021536725e-05,4.18286021536725e-05,4.18286021536725e-05,0.0,0.0,0.0,0.0,0.41469366705915717,0.0
1737707160.0,4.18286021536725e-05,4.18286021536725e-05,4.18286021536725e-05,4.18286021536725e-05,0.0,0.0,0.0,0.0,0.41469366705915717,0.0
1737707220.0,4.18286021536725e-05,4.18286021536725e-05,4.18286021536725e-05,4.18286021536725e-05,0.0,0.0,0.0,0.0,0.41469366705915717,0.0
1737707280.0,4.18286021536725e-05,4.22276283805871e-05,4.18286021536725e-05,4.22276283805871e-05,3.99465401418,0.0001678877793602598,0.009539554428537565,0.0,0.41469366705915717,0.009539554428537565
1737707340.0,4.22276283805871e-05,4.22276283805871e-05,4.22276283805871e-05,4.22276283805871e-05,0.0,0.0,0.0,-1.0,0.41864965986723784,0.0
1737707400.0,4.22276283805871e-05,4.22276283805871e-05,4.22276283805871e-05,4.22276283805871e-05,0.0,0.0,0.0,0.0,0.41864965986723784,0.0
1737707460.0,4.22276283805871e-05,4.22276283805871e-05,4.22276283805871e-05,4.22276283805871e-05,0.0,0.0,0.0,0.0,0.41864965986723784,0.0
1737707520.0,4.22276283805871e-05,4.22276283805871e-05,4.22276283805871e-05,4.22276283805871e-05,0.0,0.0,0.0,0.0,0.41864965986723784,0.0
1737707580.0,4.22276283805871e-05,4.22276283805871e-05,4.22276283805871e-05,4.22276283805871e-05,0.0,0.0,0.0,0.0,0.41864965986723784,0.0
1737707640.0,4.22276283805871e-05,4.22276283805871e-05,4.22276283805871e-05,4.22276283805871e-05,0.0,0.0,0.0,0.0,0.41864965986723784,0.0
1737707700.0,4.22276283805871e-05,4.22276283805871e-05,4.22276283805871e-05,4.22276283805871e-05,0.0,0.0,0.0,0.0,0.41864965986723784,0.0
1737707760.0,4.22276283805871e-05,4.22276283805871e-05,4.22276283805871e-05,4.22276283805871e-05,0.0,0.0,0.0,0.0,0.41864965986723784,0.0
1737707820.0,4.22276283805871e-05,4.22276283805871e-05,4.22276283805871e-05,4.22276283805871e-05,0.0,0.0,0.0,0.0,0.41864965986723784,0.0
1737707880.0,4.22276283805871e-05,4.22276283805871e-05,4.22276283805871e-05,4.22276283805871e-05,0.0,0.0,0.0,0.0,0.41864965986723784,0.0
1737707940.0,4.22276283805871e-05,4.22276283805871e-05,4.22276283805871e-05,4.22276283805871e-05,0.0,0.0,0.0,0.0,0.41864965986723784,0.0
1737708000.0,4.22276283805871e-05,4.22276283805871e-05,4.2169570815796e-05,4.2169570815796e-05,2.1269631621,8.975486683756129e-05,-0.0013748715477895795,0.0,0.41864965986723784,0.0013748715477895795
1737708060.0,4.2169570815796e-05,4.2169570815796e-05,4.2169570815796e-05,4.2169570815796e-05,0.0,0.0,0.0,-1.0,0.4180740703613946,0.0
1737708120.0,4.2169570815796e-05,4.2169570815796e-05,4.2169570815796e-05,4.2169570815796e-05,0.0,0.0,0.0,0.0,0.4180740703613946,0.0
1737708180.0,4.2169570815796e-05,4.2169570815796e-05,4.2169570815796e-05,4.2169570815796e-05,0.0,0.0,0.0,0.0,0.4180740703613946,0.0
1737708240.0,4.2169570815796e-05,4.2169570815796e-05,4.2169570815796e-05,4.2169570815796e-05,0.0,0.0,0.0,0.0,0.4180740703613946,0.0
1737708300.0,4.2169570815796e-05,4.2169570815796e-05,4.2169570815796e-05,4.2169570815796e-05,0.0,0.0,0.0,0.0,0.4180740703613946,0.0
1737708360.0,4.2169570815796e-05,4.2169570815796e-05,4.2169570815796e-05,4.2169570815796e-05,0.0,0.0,0.0,0.0,0.4180740703613946,0.0
1737708420.0,4.2169570815796e-05,4.2169570815796e-05,4.2169570815796e-05,4.2169570815796e-05,0.0,0.0,0.0,0.0,0.4180740703613946,0.0
1737708480.0,4.2169570815796e-05,4.2169570815796e-05,4.2169570815796e-05,4.2169570815796e-05,0.0,0.0,0.0,0.0,0.4180740703613946,0.0
1737708540.0,4.2169570815796e-05,4.2169570815796e-05,4.2169570815796e-05,4.2169570815796e-05,0.0,0.0,0.0,0.0,0.4180740703613946,0.0
1737708600.0,4.2169570815796e-05,4.2169570815796e-05,4.2169570815796e-05,4.2169570815796e-05,0.0,0.0,0.0,0.0,0.4180740703613946,0.0
1737708660.0,4.2169570815796e-05,4.2169570815796e-05,4.2169570815796e-05,4.2169570815796e-05,0.0,0.0,0.0,0.0,0.4180740703613946,0.0
1737708720.0,4.2169570815796e-05,4.2169570815796e-05,4.2169570815796e-05,4.2169570815796e-05,0.0,0.0,0.0,0.0,0.4180740703613946,0.0
1737708780.0,4.2169570815796e-05,4.21827683360354e-05,4.21030048613293e-05,4.21030048613293e-05,35.23913453277,0.00148484631585463,-0.0015785305180711774,0.0,0.4180740703613946,0.0018914936330398447
1737708840.0,4.21030048613293e-05,4.21030048613293e-05,4.21030048613293e-05,4.21030048613293e-05,0.0,0.0,0.0,-1.0,0.4174141276825149,0.0
1737708900.0,4.21030048613293e-05,4.21030048613293e-05,4.19626522951769e-05,4.19626522951769e-05,28.94479720087,0.0012166316989764689,-0.00333355223967192,0.0,0.4174141276825149,0.00333355223967192
1737708960.0,4.19626522951769e-05,4.19626522951769e-05,4.19626522951769e-05,4.19626522951769e-05,0.0,0.0,0.0,-1.0,0.41602265588230813,0.0
1737709020.0,4.19626522951769e-05,4.19626522951769e-05,4.19626522951769e-05,4.19626522951769e-05,0.0,0.0,0.0,0.0,0.41602265588230813,0.0
1737709080.0,4.19626522951769e-05,4.19626522951769e-05,4.19626522951769e-05,4.19626522951769e-05,0.0,0.0,0.0,0.0,0.41602265588230813,0.0
1737709140.0,4.19626522951769e-05,4.19626522951769e-05,4.19626522951769e-05,4.19626522951769e-05,0.0,0.0,0.0,0.0,0.41602265588230813,0.0
1737709200.0,4.19626522951769e-05,4.19626522951769e-05,4.19626522951769e-05,4.19626522951769e-05,0.0,0.0,0.0,0.0,0.41602265588230813,0.0
1737709260.0,4.19626522951769e-05,4.19626522951769e-05,4.19626522951769e-05,4.19626522951769e-05,0.0,0.0,0.0,0.0,0.41602265588230813,0.0
1737709320.0,4.19626522951769e-05,4.19626522951769e-05,4.19626522951769e-05,4.19626522951769e-05,0.0,0.0,0.0,0.0,0.41602265588230813,0.0
1737709380.0,4.19626522951769e-05,4.19626522951769e-05,4.19626522951769e-05,4.19626522951769e-05,0.0,0.0,0.0,0.0,0.41602265588230813,0.0
1737709440.0,4.19626522951769e-05,4.19626522951769e-05,4.19626522951769e-05,4.19626522951769e-05,0.0,0.0,0.0,0.0,0.41602265588230813,0.0
1737709500.0,4.19626522951769e-05,4.19626522951769e-05,4.19626522951769e-05,4.19626522951769e-05,0.0,0.0,0.0,0.0,0.41602265588230813,0.0
1737709560.0,4.19626522951769e-05,4.19626522951769e-05,4.19626522951769e-05,4.19626522951769e-05,0.0,0.0,0.0,0.0,0.41602265588230813,0.0
1737709620.0,4.19626522951769e-05,4.19626522951769e-05,4.19626522951769e-05,4.19626522951769e-05,0.0,0.0,0.0,0.0,0.41602265588230813,0.0
1737709680.0,4.19626522951769e-05,4.19626522951769e-05,4.19626522951769e-05,4.19626522951769e-05,0.0,0.0,0.0,0.0,0.41602265588230813,0.0
1737709740.0,4.19626522951769e-05,4.19626522951769e-05,4.19626522951769e-05,4.19626522951769e-05,0.0,0.0,0.0,0.0,0.41602265588230813,0.0
1737709800.0,4.19626522951769e-05,4.19626522951769e-05,4.19626522951769e-05,4.19626522951769e-05,0.0,0.0,0.0,0.0,0.41602265588230813,0.0
1737709860.0,4.19626522951769e-05,4.19626522951769e-05,4.19626522951769e-05,4.19626522951769e-05,0.0,0.0,0.0,0.0,0.41602265588230813,0.0
1737709920.0,4.19626522951769e-05,4.19626522951769e-05,4.19626522951769e-05,4.19626522951769e-05,0.0,0.0,0.0,0.0,0.41602265588230813,0.0
1737709980.0,4.19626522951769e-05,4.19626522951769e-05,4.19626522951769e-05,4.19626522951769e-05,0.0,0.0,0.0,0.0,0.41602265588230813,0.0
1737710040.0,4.19626522951769e-05,4.19626522951769e-05,4.07440258501469e-05,4.07440258501469e-05,349.67698217232,0.014460310809677097,-0.029040739285444678,0.0,0.41602265588230813,0.029040739285444678
1737710100.0,4.07440258501469e-05,4.07440258501469e-05,4.07440258501469e-05,4.07440258501469e-05,0.0,0.0,0.0,-1.0,0.40394105039599176,0.0
1737710160.0,4.07440258501469e-05,4.07440258501469e-05,4.07440258501469e-05,4.07440258501469e-05,0.0,0.0,0.0,0.0,0.40394105039599176,0.0
1737710220.0,4.07440258501469e-05,4.07440258501469e-05,4.07440258501469e-05,4.07440258501469e-05,0.0,0.0,0.0,0.0,0.40394105039599176,0.0
1737710280.0,4.07440258501469e-05,4.07440258501469e-05,4.07440258501469e-05,4.07440258501469e-05,0.0,0.0,0.0,0.0,0.40394105039599176,0.0
1737710340.0,4.07440258501469e-05,4.07440258501469e-05,4.07440258501469e-05,4.07440258501469e-05,0.0,0.0,0.0,0.0,0.40394105039599176,0.0
1737710400.0,4.07440258501469e-05,4.07440258501469e-05,4.07440258501469e-05,4.07440258501469e-05,0.0,0.0,0.0,0.0,0.40394105039599176,0.0
1737710460.0,4.07440258501469e-05,4.07440258501469e-05,4.07440258501469e-05,4.07440258501469e-05,0.0,0.0,0.0,0.0,0.40394105039599176,0.0
1737710520.0,4.07440258501469e-05,4.07440258501469e-05,4.07440258501469e-05,4.07440258501469e-05,0.0,0.0,0.0,0.0,0.40394105039599176,0.0
1737710580.0,4.07440258501469e-05,4.07440258501469e-05,4.07440258501469e-05,4.07440258501469e-05,0.0,0.0,0.0,0.0,0.40394105039599176,0.0
1737710640.0,4.07440258501469e-05,4.07440258501469e-05,3.96420682902693e-05,3.96420682902693e-05,23.19050802894,0.0009320971807892241,-0.027045868366825383,0.0,0.40394105039599176,0.027045868366825383
1737710700.0,3.96420682902693e-05,3.96420682902693e-05,3.96420682902693e-05,3.96420682902693e-05,0.0,0.0,0.0,-1.0,0.3930161139190246,0.0
1737710760.0,3.96420682902693e-05,3.98521833997078e-05,3.96420682902693e-05,3.98521833997078e-05,29.0587,0.0011549998057917687,0.005300306429522917,0.0,0.3930161139190246,0.005300306429522917
1737710820.0,3.98521833997078e-05,3.98521833997078e-05,3.98521833997078e-05,3.98521833997078e-05,0.0,0.0,0.0,-1.0,0.3950992197545357,0.0
1737710880.0,3.98521833997078e-05,3.98521833997078e-05,3.98521833997078e-05,3.98521833997078e-05,0.0,0.0,0.0,0.0,0.3950992197545357,0.0
1737710940.0,3.98521833997078e-05,3.98521833997078e-05,3.9665480054544e-05,3.9665480054544e-05,5.79132057636,0.00023025614027333903,-0.004684896265060468,0.0,0.3950992197545357,0.004684896265060468
1737711000.0,3.9665480054544e-05,3.9665480054544e-05,3.9665480054544e-05,3.9665480054544e-05,0.0,0.0,0.0,-1.0,0.39324822089557937,0.0
1737711060.0,3.9665480054544e-05,3.9665480054544e-05,3.9665480054544e-05,3.9665480054544e-05,0.0,0.0,0.0,0.0,0.39324822089557937,0.0
1737711120.0,3.9665480054544e-05,3.9665480054544e-05,3.9665480054544e-05,3.9665480054544e-05,0.0,0.0,0.0,0.0,0.39324822089557937,0.0
1737711180.0,3.9665480054544e-05,3.9665480054544e-05,3.9665480054544e-05,3.9665480054544e-05,0.0,0.0,0.0,0.0,0.39324822089557937,0.0
1737711240.0,3.9665480054544e-05,3.9665480054544e-05,3.9665480054544e-05,3.9665480054544e-05,0.0,0.0,0.0,0.0,0.39324822089557937,0.0
1737711300.0,3.9665480054544e-05,3.9665480054544e-05,3.9665480054544e-05,3.9665480054544e-05,0.0,0.0,0.0,0.0,0.39324822089557937,0.0
1737711360.0,3.9665480054544e-05,3.9665480054544e-05,3.9665480054544e-05,3.9665480054544e-05,0.0,0.0,0.0,0.0,0.39324822089557937,0.0
1737711420.0,3.9665480054544e-05,3.9665480054544e-05,3.9665480054544e-05,3.9665480054544e-05,0.0,0.0,0.0,0.0,0.39324822089557937,0.0
1737711480.0,3.9665480054544e-05,3.9665480054544e-05,3.9665480054544e-05,3.9665480054544e-05,0.0,0.0,0.0,0.0,0.39324822089557937,0.0
1737711540.0,3.9665480054544e-05,3.9665480054544e-05,3.9665480054544e-05,3.9665480054544e-05,0.0,0.0,0.0,0.0,0.39324822089557937,0.0
1737711600.0,3.9665480054544e-05,3.9665480054544e-05,3.9665480054544e-05,3.9665480054544e-05,0.0,0.0,0.0,0.0,0.39324822089557937,0.0
1737711660.0,3.9665480054544e-05,3.9665480054544e-05,3.96091080730736e-05,3.96091080730736e-05,3.00976946625,0.00011929911739802409,-0.001421184904175706,0.0,0.39324822089557937,0.001421184904175706
1737711720.0,3.96091080730736e-05,3.96091080730736e-05,3.96091080730736e-05,3.96091080730736e-05,0.0,0.0,0.0,-1.0,0.3926893424604486,0.0
1737711780.0,3.96091080730736e-05,3.96091080730736e-05,3.96091080730736e-05,3.96091080730736e-05,0.0,0.0,0.0,0.0,0.3926893424604486,0.0
1737711840.0,3.96091080730736e-05,3.96091080730736e-05,3.93932719390727e-05,3.93932719390727e-05,63.27441297874,0.00249941460959595,-0.005449154108764873,0.0,0.3926893424604486,0.005449154108764873
1737711900.0,3.93932719390727e-05,3.93932719390727e-05,3.93932719390727e-05,3.93932719390727e-05,0.0,0.0,0.0,-1.0,0.3905495177165121,0.0
1737711960.0,3.93932719390727e-05,4.05813054875609e-05,3.93932719390727e-05,4.05813054875609e-05,395.235,0.015804376054607765,0.030158285666792673,0.0,0.3905495177165121,0.030158285666792673
1737712020.0,4.05813054875609e-05,4.05813054875609e-05,4.05813054875609e-05,4.05813054875609e-05,0.0,0.0,0.0,-1.0,0.4023278216388348,0.0
1737712080.0,4.05813054875609e-05,4.05813054875609e-05,4.05813054875609e-05,4.05813054875609e-05,0.0,0.0,0.0,0.0,0.4023278216388348,0.0
1737712140.0,4.05813054875609e-05,4.05813054875609e-05,4.05813054875609e-05,4.05813054875609e-05,0.0,0.0,0.0,0.0,0.4023278216388348,0.0
1737712200.0,4.05813054875609e-05,4.05813054875609e-05,4.05813054875609e-05,4.05813054875609e-05,0.0,0.0,0.0,0.0,0.4023278216388348,0.0
1737712260.0,4.05813054875609e-05,4.05813054875609e-05,4.05813054875609e-05,4.05813054875609e-05,0.0,0.0,0.0,0.0,0.4023278216388348,0.0
1737712320.0,4.05813054875609e-05,4.05813054875609e-05,4.05813054875609e-05,4.05813054875609e-05,0.0,0.0,0.0,0.0,0.4023278216388348,0.0
1737712380.0,4.05813054875609e-05,4.05813054875609e-05,4.05813054875609e-05,4.05813054875609e-05,0.0,0.0,0.0,0.0,0.4023278216388348,0.0
1737712440.0,4.05813054875609e-05,4.05813054875609e-05,4.05813054875609e-05,4.05813054875609e-05,0.0,0.0,0.0,0.0,0.4023278216388348,0.0
1737712500.0,4.05813054875609e-05,4.05813054875609e-05,4.05813054875609e-05,4.05813054875609e-05,0.0,0.0,0.0,0.0,0.4023278216388348,0.0
1737712560.0,4.05813054875609e-05,4.05813054875609e-05,4.05813054875609e-05,4.05813054875609e-05,0.0,0.0,0.0,0.0,0.4023278216388348,0.0
1737712620.0,4.05813054875609e-05,4.15200761597815e-05,4.05813054875609e-05,4.15200761597815e-05,30.2748641148,0.0012428040865053128,0.023133082116058374,0.0,0.4023278216388348,0.023133082116058374
1737712680.0,4.15200761597815e-05,4.15200761597815e-05,4.15200761597815e-05,4.15200761597815e-05,0.0,0.0,0.0,-1.0,0.4116349041743808,0.0
1737712740.0,4.15200761597815e-05,4.15200761597815e-05,4.15200761597815e-05,4.15200761597815e-05,0.0,0.0,0.0,0.0,0.4116349041743808,0.0
1737712800.0,4.15200761597815e-05,4.15200761597815e-05,4.14193954629675e-05,4.14193954629675e-05,2.12669925156,8.819365611244106e-05,-0.0024248678260259493,0.0,0.4116349041743808,0.0024248678260259493
1737712860.0,4.14193954629675e-05,4.14193954629675e-05,4.14193954629675e-05,4.14193954629675e-05,0.0,0.0,0.0,-1.0,0.4106367439391791,0.0
1737712920.0,4.14193954629675e-05,4.14193954629675e-05,4.14193954629675e-05,4.14193954629675e-05,0.0,0.0,0.0,0.0,0.4106367439391791,0.0
1737712980.0,4.14193954629675e-05,4.14193954629675e-05,4.14193954629675e-05,4.14193954629675e-05,0.0,0.0,0.0,0.0,0.4106367439391791,0.0
1737713040.0,4.14193954629675e-05,4.14193954629675e-05,4.14193954629675e-05,4.14193954629675e-05,0.0,0.0,0.0,0.0,0.4106367439391791,0.0
1737713100.0,4.14193954629675e-05,4.14193954629675e-05,4.14193954629675e-05,4.14193954629675e-05,0.0,0.0,0.0,0.0,0.4106367439391791,0.0
1737713160.0,4.14193954629675e-05,4.14193954629675e-05,4.14193954629675e-05,4.14193954629675e-05,0.0,0.0,0.0,0.0,0.4106367439391791,0.0
1737713220.0,4.14193954629675e-05,4.14193954629675e-05,4.14193954629675e-05,4.14193954629675e-05,0.0,0.0,0.0,0.0,0.4106367439391791,0.0
1737713280.0,4.14193954629675e-05,4.14193954629675e-05,4.14193954629675e-05,4.14193954629675e-05,0.0,0.0,0.0,0.0,0.4106367439391791,0.0
1737713340.0,4.14193954629675e-05,4.14193954629675e-05,4.14193954629675e-05,4.14193954629675e-05,0.0,0.0,0.0,0.0,0.4106367439391791,0.0
1737713400.0,4.14193954629675e-05,4.14193954629675e-05,4.14193954629675e-05,4.14193954629675e-05,0.0,0.0,0.0,0.0,0.4106367439391791,0.0
1737713460.0,4.14193954629675e-05,4.14193954629675e-05,4.14193954629675e-05,4.14193954629675e-05,0.0,0.0,0.0,0.0,0.4106367439391791,0.0
1737713520.0,4.14193954629675e-05,4.14193954629675e-05,4.14193954629675e-05,4.14193954629675e-05,0.0,0.0,0.0,0.0,0.4106367439391791,0.0
1737713580.0,4.14193954629675e-05,4.14193954629675e-05,4.14193954629675e-05,4.14193954629675e-05,0.0,0.0,0.0,0.0,0.4106367439391791,0.0
1737713640.0,4.14193954629675e-05,4.14193954629675e-05,4.14193954629675e-05,4.14193954629675e-05,0.0,0.0,0.0,0.0,0.4106367439391791,0.0
1737713700.0,4.14193954629675e-05,4.14193954629675e-05,4.14193954629675e-05,4.14193954629675e-05,0.0,0.0,0.0,0.0,0.4106367439391791,0.0
1737713760.0,4.14193954629675e-05,4.14193954629675e-05,4.13335847004599e-05,4.13335847004599e-05,32.68748755285,0.001352493504526638,-0.0020717531375927132,0.0,0.4106367439391791,0.0020717531375927132
1737713820.0,4.13335847004599e-05,4.13335847004599e-05,4.12250627386727e-05,4.12250627386727e-05,2.88513103112,0.00011909625780696858,-0.002625515366587428,-0.9119431942494605,0.40978600597651227,0.002625515366587428
1737713880.0,4.12250627386727e-05,4.12250627386727e-05,4.12250627386727e-05,4.12250627386727e-05,0.0,0.0,0.0,-1.0,0.4087101065208084,0.0
1737713940.0,4.12250627386727e-05,4.12250627386727e-05,4.12250627386727e-05,4.12250627386727e-05,0.0,0.0,0.0,0.0,0.4087101065208084,0.0
1737714000.0,4.12250627386727e-05,4.12250627386727e-05,4.12250627386727e-05,4.12250627386727e-05,0.0,0.0,0.0,0.0,0.4087101065208084,0.0
1737714060.0,4.12250627386727e-05,4.12250627386727e-05,4.12250627386727e-05,4.12250627386727e-05,0.0,0.0,0.0,0.0,0.4087101065208084,0.0
1737714120.0,4.12250627386727e-05,4.12250627386727e-05,4.12250627386727e-05,4.12250627386727e-05,0.0,0.0,0.0,0.0,0.4087101065208084,0.0
1737714180.0,4.12250627386727e-05,4.12250627386727e-05,4.12250627386727e-05,4.12250627386727e-05,0.0,0.0,0.0,0.0,0.4087101065208084,0.0
1737714240.0,4.12250627386727e-05,4.12250627386727e-05,4.12250627386727e-05,4.12250627386727e-05,0.0,0.0,0.0,0.0,0.4087101065208084,0.0
1737714300.0,4.12250627386727e-05,4.12250627386727e-05,4.12250627386727e-05,4.12250627386727e-05,0.0,0.0,0.0,0.0,0.4087101065208084,0.0
1737714360.0,4.12250627386727e-05,4.12250627386727e-05,4.12250627386727e-05,4.12250627386727e-05,0.0,0.0,0.0,0.0,0.4087101065208084,0.0
1737714420.0,4.12250627386727e-05,4.12250627386727e-05,3.99874027891819e-05,3.99874027891819e-05,389.45078162226,0.01581412908864691,-0.03002202706970703,0.0,0.4087101065208084,0.03002202706970703
1737714480.0,3.99874027891819e-05,3.99874027891819e-05,3.87854163576363e-05,3.87854163576363e-05,17.8026166872,0.0007011811523204667,-0.03005912731773579,-0.9556610959484421,0.3964398006391779,0.03005912731773579
1737714540.0,3.87854163576363e-05,3.87854163576363e-05,3.86793955930317e-05,3.86793955930317e-05,11.05931736322,0.0004283539699222974,-0.002733521373781069,-0.38909657154258026,0.384523166197947,0.002733521373781069
1737714600.0,3.86793955930317e-05,3.86793955930317e-05,3.86605253334329e-05,3.86605253334329e-05,5.32139975088,0.00020577831797558385,-0.0004878633522959764,-0.5196068382116041,0.38347206390443095,0.0004878633522959764
1737714660.0,3.86605253334329e-05,3.86605253334329e-05,3.86495910021588e-05,3.86495910021588e-05,2.85083115306,0.00011019904404809882,-0.00028282935060494933,-0.464476893716401,0.3832849819378227,0.00028282935060494933
1737714720.0,3.86495910021588e-05,3.86495910021588e-05,3.86495910021588e-05,3.86495910021588e-05,0.0,0.0,0.0,-1.0,0.38317657769528457,0.0
1737714780.0,3.86495910021588e-05,3.86495910021588e-05,3.86495910021588e-05,3.86495910021588e-05,0.0,0.0,0.0,0.0,0.38317657769528457,0.0
1737714840.0,3.86495910021588e-05,3.86495910021588e-05,3.86495910021588e-05,3.86495910021588e-05,0.0,0.0,0.0,0.0,0.38317657769528457,0.0
1737714900.0,3.86495910021588e-05,3.86495910021588e-05,3.86495910021588e-05,3.86495910021588e-05,0.0,0.0,0.0,0.0,0.38317657769528457,0.0
1737714960.0,3.86495910021588e-05,3.86495910021588e-05,3.86495910021588e-05,3.86495910021588e-05,0.0,0.0,0.0,0.0,0.38317657769528457,0.0
1737715020.0,3.86495910021588e-05,3.86495910021588e-05,3.86495910021588e-05,3.86495910021588e-05,0.0,0.0,0.0,0.0,0.38317657769528457,0.0
1737715080.0,3.86495910021588e-05,3.86495910021588e-05,3.86495910021588e-05,3.86495910021588e-05,0.0,0.0,0.0,0.0,0.38317657769528457,0.0
1737715140.0,3.86495910021588e-05,3.86495910021588e-05,3.86495910021588e-05,3.86495910021588e-05,0.0,0.0,0.0,0.0,0.38317657769528457,0.0
1737715200.0,3.86495910021588e-05,3.86495910021588e-05,3.86495910021588e-05,3.86495910021588e-05,0.0,0.0,0.0,0.0,0.38317657769528457,0.0
1737715260.0,3.86495910021588e-05,3.86495910021588e-05,3.86495910021588e-05,3.86495910021588e-05,0.0,0.0,0.0,0.0,0.38317657769528457,0.0
1737715320.0,3.86495910021588e-05,3.86495910021588e-05,3.86495910021588e-05,3.86495910021588e-05,0.0,0.0,0.0,0.0,0.38317657769528457,0.0
1737715380.0,3.86495910021588e-05,3.86495910021588e-05,3.86495910021588e-05,3.86495910021588e-05,0.0,0.0,0.0,0.0,0.38317657769528457,0.0
1737715440.0,3.86495910021588e-05,3.86495910021588e-05,3.86495910021588e-05,3.86495910021588e-05,0.0,0.0,0.0,0.0,0.38317657769528457,0.0
1737715500.0,3.86495910021588e-05,3.86495910021588e-05,3.86495910021588e-05,3.86495910021588e-05,0.0,0.0,0.0,0.0,0.38317657769528457,0.0
1737715560.0,3.86495910021588e-05,3.88427231857329e-05,3.86495910021588e-05,3.88427231857329e-05,6.6984945324,0.00025954092144530775,0.004997004588310211,0.0,0.38317657769528457,0.004997004588310211
1737715620.0,3.88427231857329e-05,3.88427231857329e-05,3.88427231857329e-05,3.88427231857329e-05,0.0,0.0,0.0,-1.0,0.3850913128121609,0.0
1737715680.0,3.88427231857329e-05,3.88427231857329e-05,3.88427231857329e-05,3.88427231857329e-05,0.0,0.0,0.0,0.0,0.3850913128121609,0.0
1737715740.0,3.88427231857329e-05,3.88427231857329e-05,3.88427231857329e-05,3.88427231857329e-05,0.0,0.0,0.0,0.0,0.3850913128121609,0.0
1737715800.0,3.88427231857329e-05,3.88427231857329e-05,3.88427231857329e-05,3.88427231857329e-05,0.0,0.0,0.0,0.0,0.3850913128121609,0.0
1737715860.0,3.88427231857329e-05,3.88427231857329e-05,3.88427231857329e-05,3.88427231857329e-05,0.0,0.0,0.0,0.0,0.3850913128121609,0.0
1737715920.0,3.88427231857329e-05,3.88427231857329e-05,3.88427231857329e-05,3.88427231857329e-05,0.0,0.0,0.0,0.0,0.3850913128121609,0.0
1737715980.0,3.88427231857329e-05,3.88427231857329e-05,3.88427231857329e-05,3.88427231857329e-05,0.0,0.0,0.0,0.0,0.3850913128121609,0.0
1737716040.0,3.88427231857329e-05,3.88427231857329e-05,3.88427231857329e-05,3.88427231857329e-05,0.0,0.0,0.0,0.0,0.3850913128121609,0.0
1737716100.0,3.88427231857329e-05,3.88427231857329e-05,3.88427231857329e-05,3.88427231857329e-05,0.0,0.0,0.0,0.0,0.3850913128121609,0.0
1737716160.0,3.88427231857329e-05,3.88427231857329e-05,3.88427231857329e-05,3.88427231857329e-05,0.0,0.0,0.0,0.0,0.3850913128121609,0.0
1737716220.0,3.88427231857329e-05,3.88427231857329e-05,3.88427231857329e-05,3.88427231857329e-05,0.0,0.0,0.0,0.0,0.3850913128121609,0.0
1737716280.0,3.88427231857329e-05,3.88427231857329e-05,3.88427231857329e-05,3.88427231857329e-05,0.0,0.0,0.0,0.0,0.3850913128121609,0.0
1737716340.0,3.88427231857329e-05,3.88427231857329e-05,3.88427231857329e-05,3.88427231857329e-05,0.0,0.0,0.0,0.0,0.3850913128121609,0.0
1737716400.0,3.88427231857329e-05,3.88427231857329e-05,3.88427231857329e-05,3.88427231857329e-05,0.0,0.0,0.0,0.0,0.3850913128121609,0.0
1737716460.0,3.88427231857329e-05,3.88427231857329e-05,3.88427231857329e-05,3.88427231857329e-05,0.0,0.0,0.0,0.0,0.3850913128121609,0.0
1737716520.0,3.88427231857329e-05,3.88427231857329e-05,3.88427231857329e-05,3.88427231857329e-05,0.0,0.0,0.0,0.0,0.3850913128121609,0.0
1737716580.0,3.88427231857329e-05,3.88427231857329e-05,3.88427231857329e-05,3.88427231857329e-05,0.0,0.0,0.0,0.0,0.3850913128121609,0.0
1737716640.0,3.88427231857329e-05,3.90007327491762e-05,3.88427231857329e-05,3.90007327491762e-05,21.13129916864,0.0008224666778407045,0.004067932175809379,0.0,0.3850913128121609,0.004067932175809379
1737716700.0,3.90007327491762e-05,3.90007327491762e-05,3.90007327491762e-05,3.90007327491762e-05,0.0,0.0,0.0,-1.0,0.3866578381541742,0.0
1737716760.0,3.90007327491762e-05,3.90007327491762e-05,3.81976432066533e-05,3.81976432066533e-05,229.82756575392,0.00887115741304212,-0.020591652666830156,0.0,0.3866578381541742,0.020591652666830156
1737716820.0,3.81976432066533e-05,3.81976432066533e-05,3.81976432066533e-05,3.81976432066533e-05,0.0,0.0,0.0,-1.0,0.378695914249996,0.0
1737716880.0,3.81976432066533e-05,3.81976432066533e-05,3.81976432066533e-05,3.81976432066533e-05,0.0,0.0,0.0,0.0,0.378695914249996,0.0
1737716940.0,3.81976432066533e-05,3.81976432066533e-05,3.81976432066533e-05,3.81976432066533e-05,0.0,0.0,0.0,0.0,0.378695914249996,0.0
1737717000.0,3.81976432066533e-05,3.81976432066533e-05,3.81976432066533e-05,3.81976432066533e-05,0.0,0.0,0.0,0.0,0.378695914249996,0.0
1737717060.0,3.81976432066533e-05,3.81976432066533e-05,3.81976432066533e-05,3.81976432066533e-05,0.0,0.0,0.0,0.0,0.378695914249996,0.0
1737717120.0,3.81976432066533e-05,3.81976432066533e-05,3.81976432066533e-05,3.81976432066533e-05,0.0,0.0,0.0,0.0,0.378695914249996,0.0
1737717180.0,3.81976432066533e-05,3.81976432066533e-05,3.81976432066533e-05,3.81976432066533e-05,0.0,0.0,0.0,0.0,0.378695914249996,0.0
1737717240.0,3.81976432066533e-05,3.81976432066533e-05,3.81976432066533e-05,3.81976432066533e-05,0.0,0.0,0.0,0.0,0.378695914249996,0.0
1737717300.0,3.81976432066533e-05,3.81976432066533e-05,3.81976432066533e-05,3.81976432066533e-05,0.0,0.0,0.0,0.0,0.378695914249996,0.0
1737717360.0,3.81976432066533e-05,3.81976432066533e-05,3.81976432066533e-05,3.81976432066533e-05,0.0,0.0,0.0,0.0,0.378695914249996,0.0
1737717420.0,3.81976432066533e-05,3.81976432066533e-05,3.81976432066533e-05,3.81976432066533e-05,0.0,0.0,0.0,0.0,0.378695914249996,0.0
1737717480.0,3.81976432066533e-05,3.81976432066533e-05,3.81976432066533e-05,3.81976432066533e-05,0.0,0.0,0.0,0.0,0.378695914249996,0.0
1737717540.0,3.81976432066533e-05,3.81976432066533e-05,3.81976432066533e-05,3.81976432066533e-05,0.0,0.0,0.0,0.0,0.378695914249996,0.0
1737717600.0,3.81976432066533e-05,3.81976432066533e-05,3.81976432066533e-05,3.81976432066533e-05,0.0,0.0,0.0,0.0,0.378695914249996,0.0
1737717660.0,3.81976432066533e-05,3.81976432066533e-05,3.81976432066533e-05,3.81976432066533e-05,0.0,0.0,0.0,0.0,0.378695914249996,0.0
1737717720.0,3.81976432066533e-05,3.81976432066533e-05,3.81976432066533e-05,3.81976432066533e-05,0.0,0.0,0.0,0.0,0.378695914249996,0.0
1737717780.0,3.81976432066533e-05,3.81976432066533e-05,3.76289723149371e-05,3.76289723149371e-05,10.305301248,0.00039070805778313085,-0.014887591065229517,0.0,0.378695914249996,0.014887591065229517
1737717840.0,3.76289723149371e-05,3.76289723149371e-05,3.76289723149371e-05,3.76289723149371e-05,0.0,0.0,0.0,-1.0,0.37305804434056883,0.0
1737717900.0,3.76289723149371e-05,3.76289723149371e-05,3.76289723149371e-05,3.76289723149371e-05,0.0,0.0,0.0,0.0,0.37305804434056883,0.0
1737717960.0,3.76289723149371e-05,3.76289723149371e-05,3.76289723149371e-05,3.76289723149371e-05,0.0,0.0,0.0,0.0,0.37305804434056883,0.0
1737718020.0,3.76289723149371e-05,3.76289723149371e-05,3.76289723149371e-05,3.76289723149371e-05,0.0,0.0,0.0,0.0,0.37305804434056883,0.0
1737718080.0,3.76289723149371e-05,3.76289723149371e-05,3.76289723149371e-05,3.76289723149371e-05,0.0,0.0,0.0,0.0,0.37305804434056883,0.0
1737718140.0,3.76289723149371e-05,3.76289723149371e-05,3.76289723149371e-05,3.76289723149371e-05,0.0,0.0,0.0,0.0,0.37305804434056883,0.0
1737718200.0,3.76289723149371e-05,3.76289723149371e-05,3.76289723149371e-05,3.76289723149371e-05,0.0,0.0,0.0,0.0,0.37305804434056883,0.0
1737718260.0,3.76289723149371e-05,3.76289723149371e-05,3.76289723149371e-05,3.76289723149371e-05,0.0,0.0,0.0,0.0,0.37305804434056883,0.0
1737718320.0,3.76289723149371e-05,3.76289723149371e-05,3.76289723149371e-05,3.76289723149371e-05,0.0,0.0,0.0,0.0,0.37305804434056883,0.0
1737718380.0,3.76289723149371e-05,3.76289723149371e-05,3.76289723149371e-05,3.76289723149371e-05,0.0,0.0,0.0,0.0,0.37305804434056883,0.0
1737718440.0,3.76289723149371e-05,3.76289723149371e-05,3.76289723149371e-05,3.76289723149371e-05,0.0,0.0,0.0,0.0,0.37305804434056883,0.0
1737718500.0,3.76289723149371e-05,3.76289723149371e-05,3.76289723149371e-05,3.76289723149371e-05,0.0,0.0,0.0,0.0,0.37305804434056883,0.0
1737718560.0,3.76289723149371e-05,3.76289723149371e-05,3.75131355439862e-05,3.75131355439862e-05,3.75896535703,0.0001412282901479522,-0.0030783931589041975,0.0,0.37305804434056883,0.0030783931589041975
1737718620.0,3.75131355439862e-05,3.75131355439862e-05,3.75131355439862e-05,3.75131355439862e-05,0.0,0.0,0.0,-1.0,0.37190962500899666,0.0
1737718680.0,3.75131355439862e-05,3.75131355439862e-05,3.75131355439862e-05,3.75131355439862e-05,0.0,0.0,0.0,0.0,0.37190962500899666,0.0
1737718740.0,3.75131355439862e-05,3.75131355439862e-05,3.75131355439862e-05,3.75131355439862e-05,0.0,0.0,0.0,0.0,0.37190962500899666,0.0
1737718800.0,3.75131355439862e-05,3.75131355439862e-05,3.74683541698272e-05,3.74683541698272e-05,10.23225244784,0.00038361476583342847,-0.0011937518287825492,0.0,0.37190962500899666,0.0011937518287825492
1737718860.0,3.74683541698272e-05,3.74683541698272e-05,3.74683541698272e-05,3.74683541698272e-05,0.0,0.0,0.0,-1.0,0.3714656572140003,0.0
1737718920.0,3.74683541698272e-05,3.74683541698272e-05,3.74683541698272e-05,3.74683541698272e-05,0.0,0.0,0.0,0.0,0.3714656572140003,0.0
1737718980.0,3.74683541698272e-05,3.74683541698272e-05,3.74683541698272e-05,3.74683541698272e-05,0.0,0.0,0.0,0.0,0.3714656572140003,0.0
1737719040.0,3.74683541698272e-05,3.74683541698272e-05,3.74683541698272e-05,3.74683541698272e-05,0.0,0.0,0.0,0.0,0.3714656572140003,0.0
1737719100.0,3.74683541698272e-05,3.74683541698272e-05,3.74683541698272e-05,3.74683541698272e-05,0.0,0.0,0.0,0.0,0.3714656572140003,0.0
1737719160.0,3.74683541698272e-05,3.74683541698272e-05,3.74683541698272e-05,3.74683541698272e-05,0.0,0.0,0.0,0.0,0.3714656572140003,0.0
1737719220.0,3.74683541698272e-05,3.74683541698272e-05,3.74683541698272e-05,3.74683541698272e-05,0.0,0.0,0.0,0.0,0.3714656572140003,0.0
1737719280.0,3.74683541698272e-05,3.74683541698272e-05,3.74683541698272e-05,3.74683541698272e-05,0.0,0.0,0.0,0.0,0.3714656572140003,0.0
1737719340.0,3.74683541698272e-05,3.74683541698272e-05,3.74683541698272e-05,3.74683541698272e-05,0.0,0.0,0.0,0.0,0.3714656572140003,0.0
1737719400.0,3.74683541698272e-05,3.74683541698272e-05,3.74683541698272e-05,3.74683541698272e-05,0.0,0.0,0.0,0.0,0.3714656572140003,0.0
1737719460.0,3.74683541698272e-05,3.75683051525348e-05,3.74683541698272e-05,3.75683051525348e-05,0.10604117756,3.97848785735591e-06,0.002667610705678921,0.0,0.3714656572140003,0.002667610705678921
1737719520.0,3.75683051525348e-05,3.75683051525348e-05,3.75683051525348e-05,3.75683051525348e-05,0.0,0.0,0.0,-1.0,0.37245658297797646,0.0
1737719580.0,3.75683051525348e-05,3.75683051525348e-05,3.75683051525348e-05,3.75683051525348e-05,0.0,0.0,0.0,0.0,0.37245658297797646,0.0
1737719640.0,3.75683051525348e-05,3.75683051525348e-05,3.75683051525348e-05,3.75683051525348e-05,0.0,0.0,0.0,0.0,0.37245658297797646,0.0
1737719700.0,3.75683051525348e-05,3.75683051525348e-05,3.75683051525348e-05,3.75683051525348e-05,0.0,0.0,0.0,0.0,0.37245658297797646,0.0
1737719760.0,3.75683051525348e-05,3.75683051525348e-05,3.75683051525348e-05,3.75683051525348e-05,0.0,0.0,0.0,0.0,0.37245658297797646,0.0
1737719820.0,3.75683051525348e-05,3.75683051525348e-05,3.75683051525348e-05,3.75683051525348e-05,0.0,0.0,0.0,0.0,0.37245658297797646,0.0
1737719880.0,3.75683051525348e-05,3.75683051525348e-05,3.75683051525348e-05,3.75683051525348e-05,0.0,0.0,0.0,0.0,0.37245658297797646,0.0
1737719940.0,3.75683051525348e-05,3.75683051525348e-05,3.75683051525348e-05,3.75683051525348e-05,0.0,0.0,0.0,0.0,0.37245658297797646,0.0
1737720000.0,3.75683051525348e-05,3.75683051525348e-05,3.75683051525348e-05,3.75683051525348e-05,0.0,0.0,0.0,0.0,0.37245658297797646,0.0
1737720060.0,3.75683051525348e-05,3.75683051525348e-05,3.75683051525348e-05,3.75683051525348e-05,0.0,0.0,0.0,0.0,0.37245658297797646,0.0
1737720120.0,3.75683051525348e-05,3.75683051525348e-05,3.75683051525348e-05,3.75683051525348e-05,0.0,0.0,0.0,0.0,0.37245658297797646,0.0
1737720180.0,3.75683051525348e-05,3.75683051525348e-05,3.75683051525348e-05,3.75683051525348e-05,0.0,0.0,0.0,0.0,0.37245658297797646,0.0
1737720240.0,3.75683051525348e-05,3.75683051525348e-05,3.75683051525348e-05,3.75683051525348e-05,0.0,0.0,0.0,0.0,0.37245658297797646,0.0
1737720300.0,3.75683051525348e-05,3.75683051525348e-05,3.75683051525348e-05,3.75683051525348e-05,0.0,0.0,0.0,0.0,0.37245658297797646,0.0
1737720360.0,3.75683051525348e-05,3.75683051525348e-05,3.75683051525348e-05,3.75683051525348e-05,0.0,0.0,0.0,0.0,0.37245658297797646,0.0
1737720420.0,3.75683051525348e-05,3.75683051525348e-05,3.75683051525348e-05,3.75683051525348e-05,0.0,0.0,0.0,0.0,0.37245658297797646,0.0
1737720480.0,3.75683051525348e-05,3.75683051525348e-05,3.75683051525348e-05,3.75683051525348e-05,0.0,0.0,0.0,0.0,0.37245658297797646,0.0
1737720540.0,3.75683051525348e-05,3.75683051525348e-05,3.75683051525348e-05,3.75683051525348e-05,0.0,0.0,0.0,0.0,0.37245658297797646,0.0
1737720600.0,3.75683051525348e-05,3.75683051525348e-05,3.75683051525348e-05,3.75683051525348e-05,0.0,0.0,0.0,0.0,0.37245658297797646,0.0
1737720660.0,3.75683051525348e-05,3.75683051525348e-05,3.75683051525348e-05,3.75683051525348e-05,0.0,0.0,0.0,0.0,0.37245658297797646,0.0
1737720720.0,3.75683051525348e-05,3.75683051525348e-05,3.75683051525348e-05,3.75683051525348e-05,0.0,0.0,0.0,0.0,0.37245658297797646,0.0
1737720780.0,3.75683051525348e-05,3.75683051525348e-05,3.75683051525348e-05,3.75683051525348e-05,0.0,0.0,0.0,0.0,0.37245658297797646,0.0
1737720840.0,3.75683051525348e-05,3.75683051525348e-05,3.75683051525348e-05,3.75683051525348e-05,0.0,0.0,0.0,0.0,0.37245658297797646,0.0
1737720900.0,3.75683051525348e-05,3.75683051525348e-05,3.75683051525348e-05,3.75683051525348e-05,0.0,0.0,0.0,0.0,0.37245658297797646,0.0
1737720960.0,3.75683051525348e-05,3.75683051525348e-05,3.75683051525348e-05,3.75683051525348e-05,0.0,0.0,0.0,0.0,0.37245658297797646,0.0
1737721020.0,3.75683051525348e-05,3.75683051525348e-05,3.75683051525348e-05,3.75683051525348e-05,0.0,0.0,0.0,0.0,0.37245658297797646,0.0
1737721080.0,3.75683051525348e-05,3.75683051525348e-05,3.75683051525348e-05,3.75683051525348e-05,0.0,0.0,0.0,0.0,0.37245658297797646,0.0
1737721140.0,3.75683051525348e-05,3.75683051525348e-05,3.75683051525348e-05,3.75683051525348e-05,0.0,0.0,0.0,0.0,0.37245658297797646,0.0
1737721200.0,3.75683051525348e-05,3.75683051525348e-05,3.75683051525348e-05,3.75683051525348e-05,0.0,0.0,0.0,0.0,0.37245658297797646,0.0
1737721260.0,3.75683051525348e-05,3.75683051525348e-05,3.75683051525348e-05,3.75683051525348e-05,0.0,0.0,0.0,0.0,0.37245658297797646,0.0
1737721320.0,3.75683051525348e-05,3.75683051525348e-05,3.75683051525348e-05,3.75683051525348e-05,0.0,0.0,0.0,0.0,0.37245658297797646,0.0
1737721380.0,3.75683051525348e-05,3.75683051525348e-05,3.75316132638943e-05,3.75316132638943e-05,10.14291970153,0.0003808662210446472,-0.0009766713854011979,0.0,0.37245658297797646,0.0009766713854011979
1737721440.0,3.75316132638943e-05,3.75316132638943e-05,3.75316132638943e-05,3.75316132638943e-05,0.0,0.0,0.0,-1.0,0.37209281529107757,0.0
1737721500.0,3.75316132638943e-05,3.75316132638943e-05,3.74841734314379e-05,3.74841734314379e-05,0.872453946,3.272390955731844e-05,-0.0012639966239351005,0.0,0.37209281529107757,0.0012639966239351005
1737721560.0,3.74841734314379e-05,3.74841734314379e-05,3.74841734314379e-05,3.74841734314379e-05,0.0,0.0,0.0,-1.0,0.3716224912287591,0.0
1737721620.0,3.74841734314379e-05,3.74841734314379e-05,3.74841734314379e-05,3.74841734314379e-05,0.0,0.0,0.0,0.0,0.3716224912287591,0.0
1737721680.0,3.74841734314379e-05,3.74841734314379e-05,3.74841734314379e-05,3.74841734314379e-05,0.0,0.0,0.0,0.0,0.3716224912287591,0.0
1737721740.0,3.74841734314379e-05,3.74841734314379e-05,3.74841734314379e-05,3.74841734314379e-05,0.0,0.0,0.0,0.0,0.3716224912287591,0.0
1737721800.0,3.74841734314379e-05,3.74841734314379e-05,3.74841734314379e-05,3.74841734314379e-05,0.0,0.0,0.0,0.0,0.3716224912287591,0.0
1737721860.0,3.74841734314379e-05,3.74841734314379e-05,3.74841734314379e-05,3.74841734314379e-05,0.0,0.0,0.0,0.0,0.3716224912287591,0.0
1737721920.0,3.74841734314379e-05,3.74841734314379e-05,3.7355794533536e-05,3.7355794533536e-05,4.51403014,0.00016891493553526331,-0.003424882721149443,0.0,0.3716224912287591,0.003424882721149443
1737721980.0,3.7355794533536e-05,3.7355794533536e-05,3.7355794533536e-05,3.7355794533536e-05,0.0,0.0,0.0,-1.0,0.3703497277797593,0.0
1737722040.0,3.7355794533536e-05,3.7355794533536e-05,3.7355794533536e-05,3.7355794533536e-05,0.0,0.0,0.0,0.0,0.3703497277797593,0.0
1737722100.0,3.7355794533536e-05,3.7355794533536e-05,3.7355794533536e-05,3.7355794533536e-05,0.0,0.0,0.0,0.0,0.3703497277797593,0.0
1737722160.0,3.7355794533536e-05,3.7355794533536e-05,3.7355794533536e-05,3.7355794533536e-05,0.0,0.0,0.0,0.0,0.3703497277797593,0.0
1737722220.0,3.7355794533536e-05,3.7355794533536e-05,3.7355794533536e-05,3.7355794533536e-05,0.0,0.0,0.0,0.0,0.3703497277797593,0.0
1737722280.0,3.7355794533536e-05,3.7355794533536e-05,3.7355794533536e-05,3.7355794533536e-05,0.0,0.0,0.0,0.0,0.3703497277797593,0.0
1737722340.0,3.7355794533536e-05,3.755762574018e-05,3.7355794533536e-05,3.755762574018e-05,18.77881287009,0.0007033925503892595,0.005402942412663932,0.0,0.3703497277797593,0.005402942412663932
1737722400.0,3.755762574018e-05,3.755762574018e-05,3.737316500186e-05,3.737316500186e-05,18.68658250093,0.0007001002015305263,-0.0049114057314508,-0.004680670639618312,0.37235070603149906,0.0049114057314508
1737722460.0,3.737316500186e-05,3.737316500186e-05,3.737316500186e-05,3.737316500186e-05,0.0,0.0,0.0,-1.0,0.3705219406397862,0.0
1737722520.0,3.737316500186e-05,3.737316500186e-05,3.737316500186e-05,3.737316500186e-05,0.0,0.0,0.0,0.0,0.3705219406397862,0.0
1737722580.0,3.737316500186e-05,3.737316500186e-05,3.737316500186e-05,3.737316500186e-05,0.0,0.0,0.0,0.0,0.3705219406397862,0.0
1737722640.0,3.737316500186e-05,3.737316500186e-05,3.737316500186e-05,3.737316500186e-05,0.0,0.0,0.0,0.0,0.3705219406397862,0.0
1737722700.0,3.737316500186e-05,3.75115524747838e-05,3.727979234672e-05,3.727979234672e-05,19.95284047336,0.0007447692744203823,-0.002498387683658828,0.0,0.3705219406397862,0.006201244343428285
1737722760.0,3.727979234672e-05,3.727979234672e-05,3.718346153472e-05,3.718346153472e-05,18.59173076736,0.0006922003841126535,-0.0025839954016931453,-0.07058412868688847,0.3695962331867664,0.0025839954016931453
1737722820.0,3.718346153472e-05,3.718346153472e-05,3.718346153472e-05,3.718346153472e-05,0.0,0.0,0.0,-1.0,0.3686411982197287,0.0
1737722880.0,3.718346153472e-05,3.718346153472e-05,3.718346153472e-05,3.718346153472e-05,0.0,0.0,0.0,0.0,0.3686411982197287,0.0
1737722940.0,3.718346153472e-05,3.718346153472e-05,3.71408489147627e-05,3.71408489147627e-05,6.8488621996,0.0002545184801743987,-0.0011460100323772706,0.0,0.3686411982197287,0.0011460100323772706
1737723000.0,3.71408489147627e-05,3.71408489147627e-05,3.71408489147627e-05,3.71408489147627e-05,0.0,0.0,0.0,-1.0,0.3682187317082213,0.0
1737723060.0,3.71408489147627e-05,3.71408489147627e-05,3.71408489147627e-05,3.71408489147627e-05,0.0,0.0,0.0,0.0,0.3682187317082213,0.0
1737723120.0,3.71408489147627e-05,3.71408489147627e-05,3.7022730953e-05,3.7022730953e-05,55.5340964295,0.002059303697966629,-0.0031802709204029876,0.0,0.3682187317082213,0.0031802709204029876
1737723180.0,3.7022730953e-05,3.7022730953e-05,3.7022730953e-05,3.7022730953e-05,0.0,0.0,0.0,-1.0,0.36704769638342194,0.0
1737723240.0,3.7022730953e-05,3.7022730953e-05,3.63962012648089e-05,3.63962012648089e-05,163.78290569164,0.006012383025705152,-0.016922838268913023,0.0,0.36704769638342194,0.016922838268913023
1737723300.0,3.63962012648089e-05,3.63962012648089e-05,3.63962012648089e-05,3.63962012648089e-05,0.0,0.0,0.0,-1.0,0.36083620758054824,0.0
1737723360.0,3.63962012648089e-05,3.63962012648089e-05,3.63962012648089e-05,3.63962012648089e-05,0.0,0.0,0.0,0.0,0.36083620758054824,0.0
1737723420.0,3.63962012648089e-05,3.63962012648089e-05,3.63962012648089e-05,3.63962012648089e-05,0.0,0.0,0.0,0.0,0.36083620758054824,0.0
1737723480.0,3.63962012648089e-05,3.63962012648089e-05,3.63962012648089e-05,3.63962012648089e-05,0.0,0.0,0.0,0.0,0.36083620758054824,0.0
1737723540.0,3.63962012648089e-05,3.63962012648089e-05,3.63962012648089e-05,3.63962012648089e-05,0.0,0.0,0.0,0.0,0.36083620758054824,0.0
1737723600.0,3.63962012648089e-05,3.63962012648089e-05,3.63962012648089e-05,3.63962012648089e-05,0.0,0.0,0.0,0.0,0.36083620758054824,0.0
1737723660.0,3.63962012648089e-05,3.63962012648089e-05,3.63962012648089e-05,3.63962012648089e-05,0.0,0.0,0.0,0.0,0.36083620758054824,0.0
1737723720.0,3.63962012648089e-05,3.63962012648089e-05,3.63962012648089e-05,3.63962012648089e-05,0.0,0.0,0.0,0.0,0.36083620758054824,0.0
1737723780.0,3.63962012648089e-05,3.63962012648089e-05,3.63962012648089e-05,3.63962012648089e-05,0.0,0.0,0.0,0.0,0.36083620758054824,0.0
1737723840.0,3.63962012648089e-05,3.63962012648089e-05,3.63962012648089e-05,3.63962012648089e-05,0.0,0.0,0.0,0.0,0.36083620758054824,0.0
1737723900.0,3.63962012648089e-05,3.63962012648089e-05,3.63962012648089e-05,3.63962012648089e-05,0.0,0.0,0.0,0.0,0.36083620758054824,0.0
1737723960.0,3.63962012648089e-05,3.63962012648089e-05,3.63962012648089e-05,3.63962012648089e-05,0.0,0.0,0.0,0.0,0.36083620758054824,0.0
1737724020.0,3.63962012648089e-05,3.63962012648089e-05,3.59048677291817e-05,3.59048677291817e-05,2.19722205449,7.943075167839964e-05,-0.013499582883729731,0.0,0.36083620758054824,0.013499582883729731
1737724080.0,3.59048677291817e-05,3.59048677291817e-05,3.59048677291817e-05,3.59048677291817e-05,0.0,0.0,0.0,-1.0,0.3559650692888639,0.0
1737724140.0,3.59048677291817e-05,3.59048677291817e-05,3.59048677291817e-05,3.59048677291817e-05,0.0,0.0,0.0,0.0,0.3559650692888639,0.0
1737724200.0,3.59048677291817e-05,3.59048677291817e-05,3.59048677291817e-05,3.59048677291817e-05,0.0,0.0,0.0,0.0,0.3559650692888639,0.0
1737724260.0,3.59048677291817e-05,3.59048677291817e-05,3.59048677291817e-05,3.59048677291817e-05,0.0,0.0,0.0,0.0,0.3559650692888639,0.0
1737724320.0,3.59048677291817e-05,3.59048677291817e-05,3.59048677291817e-05,3.59048677291817e-05,0.0,0.0,0.0,0.0,0.3559650692888639,0.0
1737724380.0,3.59048677291817e-05,3.59048677291817e-05,3.59048677291817e-05,3.59048677291817e-05,0.0,0.0,0.0,0.0,0.3559650692888639,0.0
1737724440.0,3.59048677291817e-05,3.59048677291817e-05,3.59048677291817e-05,3.59048677291817e-05,0.0,0.0,0.0,0.0,0.3559650692888639,0.0
1737724500.0,3.59048677291817e-05,3.59048677291817e-05,3.59048677291817e-05,3.59048677291817e-05,0.0,0.0,0.0,0.0,0.3559650692888639,0.0
1737724560.0,3.59048677291817e-05,3.59048677291817e-05,3.59048677291817e-05,3.59048677291817e-05,0.0,0.0,0.0,0.0,0.3559650692888639,0.0
1737724620.0,3.59048677291817e-05,3.59048677291817e-05,3.59048677291817e-05,3.59048677291817e-05,0.0,0.0,0.0,0.0,0.3559650692888639,0.0
1737724680.0,3.59048677291817e-05,3.59048677291817e-05,3.59048677291817e-05,3.59048677291817e-05,0.0,0.0,0.0,0.0,0.3559650692888639,0.0
1737724740.0,3.59048677291817e-05,3.59048677291817e-05,3.59048677291817e-05,3.59048677291817e-05,0.0,0.0,0.0,0.0,0.3559650692888639,0.0
1737724800.0,3.59048677291817e-05,3.59048677291817e-05,3.59048677291817e-05,3.59048677291817e-05,0.0,0.0,0.0,0.0,0.3559650692888639,0.0
1737724860.0,3.59048677291817e-05,3.74496770018726e-05,3.59048677291817e-05,3.74496770018726e-05,412.26412514544,0.015120723604495071,0.04302506513442334,0.0,0.3559650692888639,0.04302506513442334
1737724920.0,3.74496770018726e-05,3.74496770018726e-05,3.74496770018726e-05,3.74496770018726e-05,0.0,0.0,0.0,-1.0,0.3712804895805968,0.0
1737724980.0,3.74496770018726e-05,3.74496770018726e-05,3.74496770018726e-05,3.74496770018726e-05,0.0,0.0,0.0,0.0,0.3712804895805968,0.0
1737725040.0,3.74496770018726e-05,3.74496770018726e-05,3.74496770018726e-05,3.74496770018726e-05,0.0,0.0,0.0,0.0,0.3712804895805968,0.0
1737725100.0,3.74496770018726e-05,3.74496770018726e-05,3.74496770018726e-05,3.74496770018726e-05,0.0,0.0,0.0,0.0,0.3712804895805968,0.0
1737725160.0,3.74496770018726e-05,3.74496770018726e-05,3.74496770018726e-05,3.74496770018726e-05,0.0,0.0,0.0,0.0,0.3712804895805968,0.0
1737725220.0,3.74496770018726e-05,3.74496770018726e-05,3.74496770018726e-05,3.74496770018726e-05,0.0,0.0,0.0,0.0,0.3712804895805968,0.0
1737725280.0,3.74496770018726e-05,3.74496770018726e-05,3.74496770018726e-05,3.74496770018726e-05,0.0,0.0,0.0,0.0,0.3712804895805968,0.0
1737725340.0,3.74496770018726e-05,3.74496770018726e-05,3.74496770018726e-05,3.74496770018726e-05,0.0,0.0,0.0,0.0,0.3712804895805968,0.0
1737725400.0,3.74496770018726e-05,3.91364018075186e-05,3.74496770018726e-05,3.91364018075186e-05,262.539285,0.010053427185785608,0.04503976911634402,0.0,0.3712804895805968,0.04503976911634402
1737725460.0,3.91364018075186e-05,4.00100543571383e-05,3.91364018075186e-05,4.00100543571383e-05,29.1269,0.0011526454570311726,0.022323272178073957,-0.8853480076266051,0.38800287710871006,0.022323272178073957
1737725520.0,4.00100543571383e-05,4.01862700261346e-05,4.00100543571383e-05,4.01862700261346e-05,29.128,0.0011679792683179865,0.004404284668632555,0.01330314642137115,0.39666437094028356,0.004404284668632555
1737725580.0,4.01862700261346e-05,4.01862700261346e-05,4.01862700261346e-05,4.01862700261346e-05,0.0,0.0,0.0,-1.0,0.39841139374780865,0.0
1737725640.0,4.01862700261346e-05,4.01862700261346e-05,4.01862700261346e-05,4.01862700261346e-05,0.0,0.0,0.0,0.0,0.39841139374780865,0.0
1737725700.0,4.01862700261346e-05,4.01862700261346e-05,4.01862700261346e-05,4.01862700261346e-05,0.0,0.0,0.0,0.0,0.39841139374780865,0.0
1737725760.0,4.01862700261346e-05,4.01862700261346e-05,4.01862700261346e-05,4.01862700261346e-05,0.0,0.0,0.0,0.0,0.39841139374780865,0.0
1737725820.0,4.01862700261346e-05,4.01862700261346e-05,4.01862700261346e-05,4.01862700261346e-05,0.0,0.0,0.0,0.0,0.39841139374780865,0.0
1737725880.0,4.01862700261346e-05,4.01862700261346e-05,4.01862700261346e-05,4.01862700261346e-05,0.0,0.0,0.0,0.0,0.39841139374780865,0.0
1737725940.0,4.01862700261346e-05,4.01862700261346e-05,4.01862700261346e-05,4.01862700261346e-05,0.0,0.0,0.0,0.0,0.39841139374780865,0.0
1737726000.0,4.01862700261346e-05,4.01862700261346e-05,4.01862700261346e-05,4.01862700261346e-05,0.0,0.0,0.0,0.0,0.39841139374780865,0.0
1737726060.0,4.01862700261346e-05,4.01862700261346e-05,4.01862700261346e-05,4.01862700261346e-05,0.0,0.0,0.0,0.0,0.39841139374780865,0.0
1737726120.0,4.01862700261346e-05,4.01862700261346e-05,4.01862700261346e-05,4.01862700261346e-05,0.0,0.0,0.0,0.0,0.39841139374780865,0.0
1737726180.0,4.01862700261346e-05,4.01862700261346e-05,4.01862700261346e-05,4.01862700261346e-05,0.0,0.0,0.0,0.0,0.39841139374780865,0.0
1737726240.0,4.01862700261346e-05,4.01862700261346e-05,4.01862700261346e-05,4.01862700261346e-05,0.0,0.0,0.0,0.0,0.39841139374780865,0.0
1737726300.0,4.01862700261346e-05,4.01862700261346e-05,4.01862700261346e-05,4.01862700261346e-05,0.0,0.0,0.0,0.0,0.39841139374780865,0.0
1737726360.0,4.01862700261346e-05,4.01862700261346e-05,4.01862700261346e-05,4.01862700261346e-05,0.0,0.0,0.0,0.0,0.39841139374780865,0.0
1737726420.0,4.01862700261346e-05,4.01862700261346e-05,4.01862700261346e-05,4.01862700261346e-05,0.0,0.0,0.0,0.0,0.39841139374780865,0.0
1737726480.0,4.01862700261346e-05,4.01862700261346e-05,4.01862700261346e-05,4.01862700261346e-05,0.0,0.0,0.0,0.0,0.39841139374780865,0.0
1737726540.0,4.01862700261346e-05,4.04231349246757e-05,4.01862700261346e-05,4.04231349246757e-05,6.64125,0.0002676736053147845,0.005894174761356538,0.0,0.39841139374780865,0.005894174761356538
1737726600.0,4.04231349246757e-05,4.04231349246757e-05,4.04231349246757e-05,4.04231349246757e-05,0.0,0.0,0.0,-1.0,0.4007597001294738,0.0
1737726660.0,4.04231349246757e-05,4.35121630042456e-05,4.04231349246757e-05,4.35121630042456e-05,602.21036757304,0.025273353309064158,0.0764173309498627,0.0,0.4007597001294738,0.0764173309498627
1737726720.0,4.35121630042456e-05,4.35121630042456e-05,4.35121630042456e-05,4.35121630042456e-05,0.0,0.0,0.0,-1.0,0.43138468676563557,0.0
1737726780.0,4.35121630042456e-05,4.35121630042456e-05,4.35121630042456e-05,4.35121630042456e-05,0.0,0.0,0.0,0.0,0.43138468676563557,0.0
1737726840.0,4.35121630042456e-05,4.35121630042456e-05,4.35121630042456e-05,4.35121630042456e-05,0.0,0.0,0.0,0.0,0.43138468676563557,0.0
1737726900.0,4.35121630042456e-05,4.35121630042456e-05,4.35121630042456e-05,4.35121630042456e-05,0.0,0.0,0.0,0.0,0.43138468676563557,0.0
1737726960.0,4.35121630042456e-05,4.35121630042456e-05,4.35121630042456e-05,4.35121630042456e-05,0.0,0.0,0.0,0.0,0.43138468676563557,0.0
1737727020.0,4.35121630042456e-05,4.35121630042456e-05,4.35121630042456e-05,4.35121630042456e-05,0.0,0.0,0.0,0.0,0.43138468676563557,0.0
1737727080.0,4.35121630042456e-05,4.35121630042456e-05,4.35121630042456e-05,4.35121630042456e-05,0.0,0.0,0.0,0.0,0.43138468676563557,0.0
1737727140.0,4.35121630042456e-05,4.35121630042456e-05,4.35121630042456e-05,4.35121630042456e-05,0.0,0.0,0.0,0.0,0.43138468676563557,0.0
1737727200.0,4.35121630042456e-05,4.35121630042456e-05,4.35121630042456e-05,4.35121630042456e-05,0.0,0.0,0.0,0.0,0.43138468676563557,0.0
1737727260.0,4.35121630042456e-05,4.35121630042456e-05,4.35121630042456e-05,4.35121630042456e-05,0.0,0.0,0.0,0.0,0.43138468676563557,0.0
1737727320.0,4.35121630042456e-05,4.35121630042456e-05,4.35121630042456e-05,4.35121630042456e-05,0.0,0.0,0.0,0.0,0.43138468676563557,0.0
1737727380.0,4.35121630042456e-05,4.35121630042456e-05,4.35121630042456e-05,4.35121630042456e-05,0.0,0.0,0.0,0.0,0.43138468676563557,0.0
1737727440.0,4.35121630042456e-05,4.35121630042456e-05,4.35121630042456e-05,4.35121630042456e-05,0.0,0.0,0.0,0.0,0.43138468676563557,0.0
1737727500.0,4.35121630042456e-05,4.35121630042456e-05,4.35121630042456e-05,4.35121630042456e-05,0.0,0.0,0.0,0.0,0.43138468676563557,0.0
1737727560.0,4.35121630042456e-05,4.35121630042456e-05,4.35121630042456e-05,4.35121630042456e-05,0.0,0.0,0.0,0.0,0.43138468676563557,0.0
1737727620.0,4.35121630042456e-05,4.35121630042456e-05,4.35121630042456e-05,4.35121630042456e-05,0.0,0.0,0.0,0.0,0.43138468676563557,0.0
1737727680.0,4.35121630042456e-05,4.35121630042456e-05,4.35121630042456e-05,4.35121630042456e-05,0.0,0.0,0.0,0.0,0.43138468676563557,0.0
1737727740.0,4.35121630042456e-05,4.35121630042456e-05,4.35121630042456e-05,4.35121630042456e-05,0.0,0.0,0.0,0.0,0.43138468676563557,0.0
1737727800.0,4.35121630042456e-05,4.43116336859802e-05,4.35121630042456e-05,4.43116336859802e-05,1.3332,5.854334287370451e-05,0.018373498960660553,0.0,0.43138468676563557,0.018373498960660553
1737727860.0,4.43116336859802e-05,4.43116336859802e-05,4.43116336859802e-05,4.43116336859802e-05,0.0,0.0,0.0,-1.0,0.43931073285956884,0.0
1737727920.0,4.43116336859802e-05,4.43116336859802e-05,4.43116336859802e-05,4.43116336859802e-05,0.0,0.0,0.0,0.0,0.43931073285956884,0.0
1737727980.0,4.43116336859802e-05,4.43116336859802e-05,4.43116336859802e-05,4.43116336859802e-05,0.0,0.0,0.0,0.0,0.43931073285956884,0.0
1737728040.0,4.43116336859802e-05,4.43116336859802e-05,4.43116336859802e-05,4.43116336859802e-05,0.0,0.0,0.0,0.0,0.43931073285956884,0.0
1737728100.0,4.43116336859802e-05,4.43116336859802e-05,4.43116336859802e-05,4.43116336859802e-05,0.0,0.0,0.0,0.0,0.43931073285956884,0.0
1737728160.0,4.43116336859802e-05,4.43116336859802e-05,4.43116336859802e-05,4.43116336859802e-05,0.0,0.0,0.0,0.0,0.43931073285956884,0.0
1737728220.0,4.43116336859802e-05,4.46568936682393e-05,4.43116336859802e-05,4.46568936682393e-05,53.082927,0.002361354921420768,0.007791632885978147,0.0,0.43931073285956884,0.007791632885978147
1737728280.0,4.46568936682393e-05,4.46568936682393e-05,4.46568936682393e-05,4.46568936682393e-05,0.0,0.0,0.0,-1.0,0.4427336808128806,0.0
1737728340.0,4.46568936682393e-05,4.46568936682393e-05,4.46568936682393e-05,4.46568936682393e-05,0.0,0.0,0.0,0.0,0.4427336808128806,0.0
1737728400.0,4.46568936682393e-05,4.46568936682393e-05,4.46568936682393e-05,4.46568936682393e-05,0.0,0.0,0.0,0.0,0.4427336808128806,0.0
1737728460.0,4.46568936682393e-05,4.46568936682393e-05,4.46568936682393e-05,4.46568936682393e-05,0.0,0.0,0.0,0.0,0.4427336808128806,0.0
1737728520.0,4.46568936682393e-05,4.46568936682393e-05,4.46568936682393e-05,4.46568936682393e-05,0.0,0.0,0.0,0.0,0.4427336808128806,0.0
1737728580.0,4.46568936682393e-05,4.46568936682393e-05,4.46493160457661e-05,4.46493160457661e-05,33.30143376595,0.0014870124138394957,-0.00016968539122966478,0.0,0.4427336808128806,0.00016968539122966478
1737728640.0,4.46493160457661e-05,4.46493160457661e-05,4.46493160457661e-05,4.46493160457661e-05,0.0,0.0,0.0,-1.0,0.44265855537504134,0.0
1737728700.0,4.46493160457661e-05,4.46493160457661e-05,4.46493160457661e-05,4.46493160457661e-05,0.0,0.0,0.0,0.0,0.44265855537504134,0.0
1737728760.0,4.46493160457661e-05,4.46493160457661e-05,4.46493160457661e-05,4.46493160457661e-05,0.0,0.0,0.0,0.0,0.44265855537504134,0.0
1737728820.0,4.46493160457661e-05,4.46493160457661e-05,4.46493160457661e-05,4.46493160457661e-05,0.0,0.0,0.0,0.0,0.44265855537504134,0.0
1737728880.0,4.46493160457661e-05,4.46493160457661e-05,4.30524565582287e-05,4.30524565582287e-05,359.00158928176,0.015742537873830828,-0.03576447813669974,0.0,0.44265855537504134,0.03576447813669974
1737728940.0,4.30524565582287e-05,4.30524565582287e-05,4.30524565582287e-05,4.30524565582287e-05,0.0,0.0,0.0,-1.0,0.4268271031493076,0.0
1737729000.0,4.30524565582287e-05,4.30524565582287e-05,4.30524565582287e-05,4.30524565582287e-05,0.0,0.0,0.0,0.0,0.4268271031493076,0.0
1737729060.0,4.30524565582287e-05,4.30524565582287e-05,4.30524565582287e-05,4.30524565582287e-05,0.0,0.0,0.0,0.0,0.4268271031493076,0.0
1737729120.0,4.30524565582287e-05,4.30524565582287e-05,4.30524565582287e-05,4.30524565582287e-05,0.0,0.0,0.0,0.0,0.4268271031493076,0.0
1737729180.0,4.30524565582287e-05,4.30524565582287e-05,4.30524565582287e-05,4.30524565582287e-05,0.0,0.0,0.0,0.0,0.4268271031493076,0.0
1737729240.0,4.30524565582287e-05,4.30524565582287e-05,4.30524565582287e-05,4.30524565582287e-05,0.0,0.0,0.0,0.0,0.4268271031493076,0.0
1737729300.0,4.30524565582287e-05,4.30524565582287e-05,4.30524565582287e-05,4.30524565582287e-05,0.0,0.0,0.0,0.0,0.4268271031493076,0.0
1737729360.0,4.30524565582287e-05,4.30524565582287e-05,4.30524565582287e-05,4.30524565582287e-05,0.0,0.0,0.0,0.0,0.4268271031493076,0.0
1737729420.0,4.30524565582287e-05,4.30524565582287e-05,4.30524565582287e-05,4.30524565582287e-05,0.0,0.0,0.0,0.0,0.4268271031493076,0.0
1737729480.0,4.30524565582287e-05,4.30524565582287e-05,4.30524565582287e-05,4.30524565582287e-05,0.0,0.0,0.0,0.0,0.4268271031493076,0.0
1737729540.0,4.30524565582287e-05,4.30524565582287e-05,4.22928731337319e-05,4.22928731337319e-05,2.58219136918,0.00011018898686520111,-0.017643207501283002,0.0,0.4268271031493076,0.017643207501283002
1737729600.0,4.22928731337319e-05,4.22928731337319e-05,4.22928731337319e-05,4.22928731337319e-05,0.0,0.0,0.0,-1.0,0.41929650400127283,0.0
1737729660.0,4.22928731337319e-05,4.62302279743917e-05,4.22928731337319e-05,4.62302279743917e-05,696.1402,0.030812244655014694,0.09309736012045602,0.0,0.41929650400127283,0.09309736012045602
1737729720.0,4.62302279743917e-05,4.62302279743917e-05,4.62302279743917e-05,4.62302279743917e-05,0.0,0.0,0.0,-1.0,0.45833190163152754,0.0
1737729780.0,4.62302279743917e-05,4.62302279743917e-05,4.62302279743917e-05,4.62302279743917e-05,0.0,0.0,0.0,0.0,0.45833190163152754,0.0
1737729840.0,4.62302279743917e-05,4.62302279743917e-05,4.62302279743917e-05,4.62302279743917e-05,0.0,0.0,0.0,0.0,0.45833190163152754,0.0
1737729900.0,4.62302279743917e-05,4.69434498836635e-05,4.62302279743917e-05,4.69434498836635e-05,1.37191160106,6.391302478344659e-05,0.015427609607871156,0.0,0.45833190163152754,0.015427609607871156
1737729960.0,4.69434498836635e-05,4.69434498836635e-05,4.69434498836635e-05,4.69434498836635e-05,0.0,0.0,0.0,-1.0,0.465402867280732,0.0
1737730020.0,4.69434498836635e-05,4.69434498836635e-05,4.69434498836635e-05,4.69434498836635e-05,0.0,0.0,0.0,0.0,0.465402867280732,0.0
1737730080.0,4.69434498836635e-05,4.69434498836635e-05,4.69434498836635e-05,4.69434498836635e-05,0.0,0.0,0.0,0.0,0.465402867280732,0.0
1737730140.0,4.69434498836635e-05,4.69434498836635e-05,4.69434498836635e-05,4.69434498836635e-05,0.0,0.0,0.0,0.0,0.465402867280732,0.0
1737730200.0,4.69434498836635e-05,4.69434498836635e-05,4.69434498836635e-05,4.69434498836635e-05,0.0,0.0,0.0,0.0,0.465402867280732,0.0
1737730260.0,4.69434498836635e-05,4.69434498836635e-05,4.69434498836635e-05,4.69434498836635e-05,0.0,0.0,0.0,0.0,0.465402867280732,0.0
1737730320.0,4.69434498836635e-05,4.69434498836635e-05,4.69434498836635e-05,4.69434498836635e-05,0.0,0.0,0.0,0.0,0.465402867280732,0.0
1737730380.0,4.69434498836635e-05,4.69434498836635e-05,4.69434498836635e-05,4.69434498836635e-05,0.0,0.0,0.0,0.0,0.465402867280732,0.0
1737730440.0,4.69434498836635e-05,4.69434498836635e-05,4.69434498836635e-05,4.69434498836635e-05,0.0,0.0,0.0,0.0,0.465402867280732,0.0
1737730500.0,4.69434498836635e-05,4.69434498836635e-05,4.69434498836635e-05,4.69434498836635e-05,0.0,0.0,0.0,0.0,0.465402867280732,0.0
1737730560.0,4.69434498836635e-05,4.69434498836635e-05,4.69434498836635e-05,4.69434498836635e-05,0.0,0.0,0.0,0.0,0.465402867280732,0.0
1737730620.0,4.69434498836635e-05,4.69434498836635e-05,4.67625185361647e-05,4.67625185361647e-05,1.97104957399,9.234955456711138e-05,-0.003854240537224845,0.0,0.465402867280732,0.003854240537224845
1737730680.0,4.67625185361647e-05,4.67625185361647e-05,4.67625185361647e-05,4.67625185361647e-05,0.0,0.0,0.0,-1.0,0.4636090926835179,0.0
1737730740.0,4.67625185361647e-05,4.67625185361647e-05,4.50149575835951e-05,4.50149575835951e-05,386.28364162178,0.017726068847198385,-0.03737097588569979,0.0,0.4636090926835179,0.03737097588569979
1737730800.0,4.50149575835951e-05,4.50149575835951e-05,4.40193408509451e-05,4.40193408509451e-05,258.61681919684,0.01151288353028149,-0.022117464640527336,-0.3505111804808821,0.446283568460451,0.022117464640527336
1737730860.0,4.40193408509451e-05,4.40193408509451e-05,4.40193408509451e-05,4.40193408509451e-05,0.0,0.0,0.0,-1.0,0.43641290741537864,0.0
1737730920.0,4.40193408509451e-05,4.40193408509451e-05,4.40193408509451e-05,4.40193408509451e-05,0.0,0.0,0.0,0.0,0.43641290741537864,0.0
1737730980.0,4.40193408509451e-05,4.40193408509451e-05,4.40193408509451e-05,4.40193408509451e-05,0.0,0.0,0.0,0.0,0.43641290741537864,0.0
1737731040.0,4.40193408509451e-05,4.40193408509451e-05,4.40193408509451e-05,4.40193408509451e-05,0.0,0.0,0.0,0.0,0.43641290741537864,0.0
1737731100.0,4.40193408509451e-05,4.40193408509451e-05,4.40193408509451e-05,4.40193408509451e-05,0.0,0.0,0.0,0.0,0.43641290741537864,0.0
1737731160.0,4.40193408509451e-05,4.40193408509451e-05,4.36388344164468e-05,4.36388344164468e-05,108.7508928,0.004766452410773873,-0.008644073880768502,0.0,0.43641290741537864,0.008644073880768502
1737731220.0,4.36388344164468e-05,4.36388344164468e-05,4.36388344164468e-05,4.36388344164468e-05,0.0,0.0,0.0,-1.0,0.4326405220011591,0.0
1737731280.0,4.36388344164468e-05,4.36388344164468e-05,4.36388344164468e-05,4.36388344164468e-05,0.0,0.0,0.0,0.0,0.4326405220011591,0.0
1737731340.0,4.36388344164468e-05,4.36388344164468e-05,4.36388344164468e-05,4.36388344164468e-05,0.0,0.0,0.0,0.0,0.4326405220011591,0.0
1737731400.0,4.36388344164468e-05,4.36388344164468e-05,4.36388344164468e-05,4.36388344164468e-05,0.0,0.0,0.0,0.0,0.4326405220011591,0.0
1737731460.0,4.36388344164468e-05,4.36388344164468e-05,4.36388344164468e-05,4.36388344164468e-05,0.0,0.0,0.0,0.0,0.4326405220011591,0.0
1737731520.0,4.36388344164468e-05,4.36388344164468e-05,4.36388344164468e-05,4.36388344164468e-05,0.0,0.0,0.0,0.0,0.4326405220011591,0.0
1737731580.0,4.36388344164468e-05,4.36388344164468e-05,4.36388344164468e-05,4.36388344164468e-05,0.0,0.0,0.0,0.0,0.4326405220011591,0.0
1737731640.0,4.36388344164468e-05,4.36388344164468e-05,4.36388344164468e-05,4.36388344164468e-05,0.0,0.0,0.0,0.0,0.4326405220011591,0.0
1737731700.0,4.36388344164468e-05,4.36388344164468e-05,4.36388344164468e-05,4.36388344164468e-05,0.0,0.0,0.0,0.0,0.4326405220011591,0.0
1737731760.0,4.36388344164468e-05,4.36388344164468e-05,4.36388344164468e-05,4.36388344164468e-05,0.0,0.0,0.0,0.0,0.4326405220011591,0.0
1737731820.0,4.36388344164468e-05,4.36388344164468e-05,4.36388344164468e-05,4.36388344164468e-05,0.0,0.0,0.0,0.0,0.4326405220011591,0.0
1737731880.0,4.36388344164468e-05,4.36388344164468e-05,4.36388344164468e-05,4.36388344164468e-05,0.0,0.0,0.0,0.0,0.4326405220011591,0.0
1737731940.0,4.36388344164468e-05,4.36388344164468e-05,4.36388344164468e-05,4.36388344164468e-05,0.0,0.0,0.0,0.0,0.4326405220011591,0.0
1737732000.0,4.36388344164468e-05,4.36388344164468e-05,4.36388344164468e-05,4.36388344164468e-05,0.0,0.0,0.0,0.0,0.4326405220011591,0.0
1737732060.0,4.36388344164468e-05,4.36388344164468e-05,4.36388344164468e-05,4.36388344164468e-05,0.0,0.0,0.0,0.0,0.4326405220011591,0.0
1737732120.0,4.36388344164468e-05,4.36388344164468e-05,4.32601689611821e-05,4.32601689611821e-05,136.22307550254,0.00591882474910311,-0.00867725869236293,0.0,0.4326405220011591,0.00867725869236293
1737732180.0,4.32601689611821e-05,4.32601689611821e-05,4.32601689611821e-05,4.32601689611821e-05,0.0,0.0,0.0,-1.0,0.4288863882709561,0.0
1737732240.0,4.32601689611821e-05,4.32601689611821e-05,4.32601689611821e-05,4.32601689611821e-05,0.0,0.0,0.0,0.0,0.4288863882709561,0.0
1737732300.0,4.32601689611821e-05,4.32601689611821e-05,4.32601689611821e-05,4.32601689611821e-05,0.0,0.0,0.0,0.0,0.4288863882709561,0.0
1737732360.0,4.32601689611821e-05,4.32601689611821e-05,4.32601689611821e-05,4.32601689611821e-05,0.0,0.0,0.0,0.0,0.4288863882709561,0.0
1737732420.0,4.32601689611821e-05,4.32601689611821e-05,4.32601689611821e-05,4.32601689611821e-05,0.0,0.0,0.0,0.0,0.4288863882709561,0.0
1737732480.0,4.32601689611821e-05,4.32601689611821e-05,4.32601689611821e-05,4.32601689611821e-05,0.0,0.0,0.0,0.0,0.4288863882709561,0.0
1737732540.0,4.32601689611821e-05,4.32601689611821e-05,4.32601689611821e-05,4.32601689611821e-05,0.0,0.0,0.0,0.0,0.4288863882709561,0.0
1737732600.0,4.32601689611821e-05,4.32601689611821e-05,4.32601689611821e-05,4.32601689611821e-05,0.0,0.0,0.0,0.0,0.4288863882709561,0.0
1737732660.0,4.32601689611821e-05,4.32601689611821e-05,4.32601689611821e-05,4.32601689611821e-05,0.0,0.0,0.0,0.0,0.4288863882709561,0.0
1737732720.0,4.32601689611821e-05,4.32601689611821e-05,4.32601689611821e-05,4.32601689611821e-05,0.0,0.0,0.0,0.0,0.4288863882709561,0.0
1737732780.0,4.32601689611821e-05,4.32601689611821e-05,4.32601689611821e-05,4.32601689611821e-05,0.0,0.0,0.0,0.0,0.4288863882709561,0.0
1737732840.0,4.32601689611821e-05,4.32601689611821e-05,4.32601689611821e-05,4.32601689611821e-05,0.0,0.0,0.0,0.0,0.4288863882709561,0.0
1737732900.0,4.32601689611821e-05,4.32601689611821e-05,4.32601689611821e-05,4.32601689611821e-05,0.0,0.0,0.0,0.0,0.4288863882709561,0.0
1737732960.0,4.32601689611821e-05,4.32601689611821e-05,4.32601689611821e-05,4.32601689611821e-05,0.0,0.0,0.0,0.0,0.4288863882709561,0.0
1737733020.0,4.32601689611821e-05,4.32601689611821e-05,4.32601689611821e-05,4.32601689611821e-05,0.0,0.0,0.0,0.0,0.4288863882709561,0.0
1737733080.0,4.32601689611821e-05,4.32601689611821e-05,4.32601689611821e-05,4.32601689611821e-05,0.0,0.0,0.0,0.0,0.4288863882709561,0.0
1737733140.0,4.32601689611821e-05,4.32601689611821e-05,4.32601689611821e-05,4.32601689611821e-05,0.0,0.0,0.0,0.0,0.4288863882709561,0.0
1737733200.0,4.32601689611821e-05,4.32601689611821e-05,4.32601689611821e-05,4.32601689611821e-05,0.0,0.0,0.0,0.0,0.4288863882709561,0.0
1737733260.0,4.32601689611821e-05,4.32601689611821e-05,4.32601689611821e-05,4.32601689611821e-05,0.0,0.0,0.0,0.0,0.4288863882709561,0.0
1737733320.0,4.32601689611821e-05,4.32601689611821e-05,4.32601689611821e-05,4.32601689611821e-05,0.0,0.0,0.0,0.0,0.4288863882709561,0.0
1737733380.0,4.32601689611821e-05,4.32601689611821e-05,4.32601689611821e-05,4.32601689611821e-05,0.0,0.0,0.0,0.0,0.4288863882709561,0.0
1737733440.0,4.32601689611821e-05,4.32601689611821e-05,4.32601689611821e-05,4.32601689611821e-05,0.0,0.0,0.0,0.0,0.4288863882709561,0.0
1737733500.0,4.32601689611821e-05,4.32601689611821e-05,4.32601689611821e-05,4.32601689611821e-05,0.0,0.0,0.0,0.0,0.4288863882709561,0.0
1737733560.0,4.32601689611821e-05,4.32601689611821e-05,4.32601689611821e-05,4.32601689611821e-05,0.0,0.0,0.0,0.0,0.4288863882709561,0.0
1737733620.0,4.32601689611821e-05,4.32601689611821e-05,4.32601689611821e-05,4.32601689611821e-05,0.0,0.0,0.0,0.0,0.4288863882709561,0.0
