0,1,2,3,4,5
1730624400.0,7.820097830108793e-05,0.0001201350140274,7.820097830108793e-05,9.246028740514536e-05,7957.164679328549
1730624460.0,9.246028740514536e-05,0.0001172647857069,7.637304040888188e-05,0.0001172585664618,6914.197380314145
1730624520.0,0.0001172585664618,0.0001686985256926,0.0001172585664618,0.0001658831992314,7438.535378242358
1730624580.0,0.0001658831992314,0.0002128708483558,0.0001641590886918,0.0002051035045419,4804.908456483826
1730624640.0,0.0002051035045419,0.000225639278691,0.0002051035045419,0.000221525583831,2368.373754792543
1730624700.0,0.000221525583831,0.0002219560856344,0.0002086809759652,0.0002162147743243,10322.2015771827
1730624760.0,0.0002162147743243,0.0002429376626709,0.0001744618371688,0.0001800297925236,66824.99230022747
1730624820.0,0.0001800297925236,0.0002537386323035,0.0001794956725915,0.0002537354157821,15302.330626656643
1730624880.0,0.0002537354157821,0.0002885211788363,0.0002502375290127,0.0002603476026948,5050.736459442542
1730624940.0,0.0002603476026948,0.0002619150819749,0.0002472624016359,0.0002531721927815,35500.12905050623
1730625000.0,0.0002531721927815,0.0002758389008703,0.0002518361177731,0.0002735894980851,49162.46741319851
1730625060.0,0.0002735894980851,0.0002940856294471,0.0002586600452612,0.0002933730271265,82767.98198450661
1730625120.0,0.0002933730271265,0.0003247717030699,0.0002909363390094,0.0003157741701847,17984.35444336371
1730625180.0,0.0003157741701847,0.0003340375020271,0.0003136520352897,0.0003340375020271,94932.87113974518
1730625240.0,0.0003340375020271,0.0003521770671574,0.0003257541432476,0.0003504158932686,146801.41717506445
1730625300.0,0.0003504158932686,0.0003520590340099,0.0003206965219296,0.0003281190654976,65151.14793924246
1730625360.0,0.0003281190654976,0.0003363830006472,0.00029435467189,0.0002969127940774,102347.56786500296
1730625420.0,0.0002969127940774,0.0003703311263053,0.0002947090259927,0.0003421996123565,32081.64837261022
1730625480.0,0.0003421996123565,0.0003793669214075,0.0003421996123565,0.0003764657540644,4189.033697343405
1730625540.0,0.0003764657540644,0.0004099377161991,0.000373273254755,0.0003816221578536,61828.30708747092
1730625600.0,0.0003816221578536,0.0004354018415185,0.000380683637828,0.0003985646704087,217553.65933121197
1730625660.0,0.0003985646704087,0.0004264446305525,0.0003952521157088,0.0004063580115558,177721.98165917495
1730625720.0,0.0004063580115558,0.0004365963527122,0.0004025801689084,0.0004224124620373,33353.49953740774
1730625780.0,0.0004224124620373,0.0004345565527993,0.0004081698543494,0.0004155473520261,193414.41451324592
1730625840.0,0.0004155473520261,0.0004375784900564,0.0004153008260862,0.0004328375697063,196828.86394080656
1730625900.0,0.0004328375697063,0.0004662354156373,0.0004283840398865,0.0004662354156373,53919.78079138217
1730625960.0,0.0004662354156373,0.0004830893226938,0.000448889166876,0.0004694915247719,9448.068964821809
1730626020.0,0.0004694915247719,0.0005102690135915,0.0004694915247719,0.0004839358134248,8901.105889362132
1730626080.0,0.0004839358134248,0.0005030241280087,0.0004610495683916,0.0004659283986722,6847.439175177271
1730626140.0,0.0004659283986722,0.0005235362299386,0.0004623059596911,0.0005034971979316,6203.5370010222305
1730626200.0,0.0005034971979316,0.0005238560746789,0.0004791960639185,0.0004905266395342,8800.210391069375
1730626260.0,0.0004905266395342,0.0005190483996764,0.000490485773647,0.0005038021801308,4926.281018476389
1730626320.0,0.0005038021801308,0.0005126165422059,0.0004734057419514,0.0004757468204439,6667.718029180885
1730626380.0,0.0004757468204439,0.0004967101691483,0.0004675333886015,0.0004967101691483,6323.743839784504
1730626440.0,0.0004967101691483,0.0005170054764942,0.0004637852793285,0.0004684342990492,6617.293807388916
1730626500.0,0.0004684342990492,0.00051092984744,0.0004645705194198,0.00051092984744,11560.605572536851
1730626560.0,0.00051092984744,0.00051092984744,0.0004771621394666,0.0004887870104054,8983.670352218036
1730626620.0,0.0004887870104054,0.0004888781146825,0.0004520334880653,0.0004535735133949,10989.792127693938
1730626680.0,0.0004535735133949,0.0004781595485328,0.000450954101401,0.0004696423568312,4786.9650251799485
1730626740.0,0.0004696423568312,0.0004950461271688,0.0004695486756884,0.0004797493173866,5029.574042189578
1730626800.0,0.0004797493173866,0.0005036463621769,0.0004779486117836,0.0004973319689662,4826.105733074154
1730626860.0,0.0004973319689662,0.000500962719529,0.0004757484587151,0.0004966694840438,5380.145216516379
1730626920.0,0.0004966694840438,0.0005533493775949,0.0004950982082819,0.0005172430583429,17681.046734936797
1730626980.0,0.0005172430583429,0.0005822173314747,0.0005172430583429,0.0005822173314747,17983.274072768196
1730627040.0,0.0005822173314747,0.0005822173314747,0.0005222104976583,0.0005427512196783,5111.048932792824
1730627100.0,0.0005427512196783,0.000594021474885,0.0005427512196783,0.0005777337366416,14086.357444366671
1730627160.0,0.0005777337366416,0.0006019015416492,0.0005524471446581,0.0005619302255273,6896.114410398228
1730627220.0,0.0005619302255273,0.0005879108418042,0.0005619302255273,0.0005845564729592,4726.917579967454
1730627280.0,0.0005845564729592,0.0006117050739921,0.0005845564729592,0.0006073476865504,2102.068395043094
1730627340.0,0.0006073476865504,0.0008492163342817,0.000605842376098,0.000691521204054,24522.904745433327
1730627400.0,0.000691521204054,0.000754600884867,0.0006839766187226,0.0007017010030786,12911.44487868126
1730627460.0,0.0007017010030786,0.0007597175302766,0.0007013826932737,0.0007102065764635,9913.125540636
1730627520.0,0.0007102065764635,0.0007766425567758,0.0007088989687848,0.0007719185747742,8373.673821500835
1730627580.0,0.0007719185747742,0.0007973963403911,0.0007264703483832,0.0007973963403911,5025.816726761019
1730627640.0,0.0007973963403911,0.0007977464214117,0.0007406013074744,0.0007622166851142,4661.822762017021
1730627700.0,0.0007622166851142,0.0007654428901847,0.000171235353073,0.0001837484165704,28304.577292059686
1730627760.0,0.0001837484165704,0.0003087221472722,0.0001824206909924,0.0002279479275006,16431.08112046906
1730627820.0,0.0002279479275006,0.0002486602361011,0.0002007483570439,0.0002235808649839,15408.809268149693
1730627880.0,0.0002235808649839,0.000257700837849,0.000187302008575,0.000187302008575,19413.56434318144
1730627940.0,0.000187302008575,0.0002022753980446,0.0001803247232551,0.0001821599917535,3320.2786000841356
1730628000.0,0.0001821599917535,0.0001985908227036,0.0001789022626073,0.0001985908227036,4172.917375875015
1730628060.0,0.0001985908227036,0.0002303753432474,0.0001985908227036,0.0002190208134218,11688.570217504734
1730628120.0,0.0002190208134218,0.0002405592951544,0.0002190208134218,0.0002405592951544,3107.04824616422
1730628180.0,0.0002405592951544,0.000282482175606,0.0002354383102996,0.0002381728997829,21377.960083519763
1730628240.0,0.0002381728997829,0.0002560846109615,0.0002375173848173,0.0002437841004011,8293.558712509139
1730628300.0,0.0002437841004011,0.0002720262312327,0.0002191617889847,0.0002207439142867,12978.280293220942
1730628360.0,0.0002207439142867,0.0002508952681814,0.0002207439142867,0.0002364809750471,10921.344849129418
1730628420.0,0.0002364809750471,0.0002662172775962,0.0002044516200207,0.0002192818979936,16969.09820751208
1730628480.0,0.0002192818979936,0.0002448078944263,0.0002178353525924,0.0002272044452878,7573.526606384995
1730628540.0,0.0002272044452878,0.0002569012353665,0.0001936359752421,0.0002016524070933,14338.469183704634
1730628600.0,0.0002016524070933,0.0002235209829467,0.0002012623548726,0.0002228629965029,1919.2721820591755
1730628660.0,0.0002228629965029,0.0002276938181769,0.0001824420509781,0.0001883818577471,7990.159079013947
1730628720.0,0.0001883818577471,0.0002308412347014,0.0001868361994247,0.0001965757942267,13995.67287158712
1730628780.0,0.0001965757942267,0.0002108841857202,0.0001630988502965,0.0001640025217998,6814.420161053734
1730628840.0,0.0001640025217998,0.000167134392752,0.0001530544637259,0.0001588575705203,3200.3772867823454
1730628900.0,0.0001588575705203,0.0001890525155192,0.0001587558775706,0.0001657806720818,6473.517831158487
1730628960.0,0.0001657806720818,0.000186344441952,0.0001657190436326,0.0001703234341161,5726.346511929221
1730629020.0,0.0001703234341161,0.0001917372964866,0.0001685575914874,0.0001732621020355,5701.817402596614
1730629080.0,0.0001732621020355,0.0001972283600947,0.0001732621020355,0.0001774575308367,5773.206986693885
1730629140.0,0.0001774575308367,0.0001880181266333,0.0001774575308367,0.0001880181266333,799.9461504299313
1730629200.0,0.0001880181266333,0.000194035946731,0.0001790123646485,0.000194035946731,1976.284017487281
1730629260.0,0.000194035946731,0.000210300709659,0.000194035946731,0.000195435422465,5321.381512708742
1730629320.0,0.000195435422465,0.0002014453110721,0.0001560457618638,0.0001592390678621,6098.610264632074
1730629380.0,0.0001592390678621,0.0001805761547941,0.0001457729147229,0.0001468851452694,7423.590547593743
1730629440.0,0.0001468851452694,0.0001638501651215,0.000124685867534,0.0001254771456711,10225.223284783038
1730629500.0,0.0001254771456711,0.0001443479177527,0.0001239715299829,0.0001326131870596,6332.587884444845
1730629560.0,0.0001326131870596,0.0001513531551745,0.0001322983670071,0.0001357204861453,5432.317563327002
1730629620.0,0.0001357204861453,0.0001611076779731,0.0001357204861453,0.0001438534881659,5946.579156780719
1730629680.0,0.0001438534881659,0.0001527103554814,0.0001355830972837,0.0001364320363394,2839.229611174037
1730629740.0,0.0001364320363394,0.0001432666095737,0.0001171319997347,0.0001190414694443,3427.6588241369436
1730629800.0,0.0001190414694443,0.0001192121284924,0.0001112121010473,0.0001125702488684,1182.527269260571
1730629860.0,0.0001125702488684,0.0001290426563171,0.0001106828449916,0.0001132314692977,6173.632074040222
1730629920.0,0.0001132314692977,0.0001244181364375,0.0001103759676554,0.000123806907346,1867.470691888161
1730629980.0,0.000123806907346,0.0001456722677308,0.000123806907346,0.0001456722677308,1681.718434988214
1730630040.0,0.0001456722677308,0.0001629926214838,0.0001454990177327,0.0001522967709231,5906.54862738398
1730630100.0,0.0001522967709231,0.0001803850771038,0.0001436928434815,0.0001445727703119,7809.664101164289
1730630160.0,0.0001445727703119,0.0001581527825554,0.000137046120462,0.000147354568948,6125.072601920809
1730630220.0,0.000147354568948,0.0001517262175958,0.0001337953142743,0.0001400650220509,7011.895334827747
1730630280.0,0.0001400650220509,0.000145424597053,0.0001258423390866,0.0001337258355319,7105.193281442785
1730630340.0,0.0001337258355319,0.0001395578745776,0.000117566546229,0.0001180706714915,9673.902750660458
1730630400.0,0.0001180706714915,0.000148323800221,0.0001180706714915,0.0001326603359475,6445.742194996585
1730630460.0,0.0001326603359475,0.0001528568969745,0.0001326603359475,0.000136989689319,5411.449711550861
1730630520.0,0.000136989689319,0.000157603611104,0.000136989689319,0.000140813893002,5332.494483316092
1730630580.0,0.000140813893002,0.0001608149007553,0.0001401159171548,0.000144338188073,5358.144526690552
1730630640.0,0.000144338188073,0.0001739332784133,0.0001441753557477,0.0001543729084005,6339.540620709373
1730630700.0,0.0001543729084005,0.0001591264856743,0.0001543729084005,0.0001591264856743,407.059369916185
1730630760.0,0.0001591264856743,0.0001826462937151,0.0001449416954933,0.0001468330003845,7616.114191292603
1730630820.0,0.0001468330003845,0.0001648005828449,0.0001337321510668,0.0001374139391891,10898.161153182882
1730630880.0,0.0001374139391891,0.0001544322447258,0.0001270280118413,0.0001301892942787,9033.420139696238
1730630940.0,0.0001301892942787,0.0001464166602113,0.0001186409146947,0.0001188682031103,6564.717108740697
1730631000.0,0.0001188682031103,0.0001371570794308,0.0001188682031103,0.0001213443369896,5485.5461972860785
1730631060.0,0.0001213443369896,0.0001372042541753,0.0001213443369896,0.0001264731021471,5402.927812841595
1730631120.0,0.0001264731021471,0.0001434019889445,0.0001168288047869,0.0001177570517687,6885.965720566022
1730631180.0,0.0001177570517687,0.0001708226764561,0.0001111977270578,0.0001160324122933,15061.239482209168
1730631240.0,0.0001160324122933,0.0001454563931099,9.849596607880248e-05,0.0001022916153287,8778.693152481284
1730631300.0,0.0001022916153287,0.0001077515116456,0.0001022916153287,0.0001073883471142,571.3269063783167
1730631360.0,0.0001073883471142,0.0001129089971048,0.0001073883471142,0.0001129089971048,485.7074559371694
1730631420.0,0.0001129089971048,0.0001242746765444,0.0001119826294521,0.0001242746765444,1396.1145847934042
1730631480.0,0.0001242746765444,0.00012662394016,0.0001147380238313,0.0001166465956584,2902.0279332771115
1730631540.0,0.0001166465956584,0.0001169799530027,0.0001057011360512,0.0001151939326891,2011.6157001570905
1730631600.0,0.0001151939326891,0.0001171732048338,0.0001057388095548,0.0001100480239087,2225.9359094255774
1730631660.0,0.0001100480239087,0.0001260216276727,0.0001096228286247,0.000125302059282,1473.0967738090883
1730631720.0,0.000125302059282,0.0001466093438877,0.000125302059282,0.0001305413987757,5951.737864851523
1730631780.0,0.0001305413987757,0.0003280523800449,0.0001305413987757,0.0001345860226452,5358.11862637941
1730631840.0,0.0001345860226452,0.0001420723636325,0.0001345860226452,0.0001420723636325,667.7029608798954
1730631900.0,0.0001420723636325,0.0001441759042462,0.0001288423276335,0.0001307173646369,1763.995614685345
1730631960.0,0.0001307173646369,0.0001448389388818,0.0001245703196057,0.0001250155081815,7600.457861022467
1730632020.0,0.0001250155081815,0.0001405425550214,0.0001155231989195,0.0001167674946411,7258.966779659722
1730632080.0,0.0001167674946411,0.0001316426479417,0.0001157248900063,0.0001197939188126,5884.013273070036
1730632140.0,0.0001197939188126,0.0001357104353041,0.0001091230219155,0.0001104694068459,7909.86296974512
1730632200.0,0.0001104694068459,0.0001258154128938,0.0001104694068459,0.0001254695299212,6067.952238212585
1730632260.0,0.0001254695299212,0.0001413667807527,0.0001227756178899,0.0001248030591425,5471.778900745732
1730632320.0,0.0001248030591425,0.0001430662206911,0.0001248030591425,0.0001287301512891,5350.679456839239
1730632380.0,0.0001287301512891,0.0001460978283175,0.0001287301512891,0.0001335164762214,5400.614853316149
1730632440.0,0.0001335164762214,0.0001564542916437,0.000104185279037,0.0001123762723977,12394.184133539417
1730632500.0,0.0001123762723977,0.0001318994119509,9.810497622134792e-05,0.000102432540589,9305.455617578804
1730632560.0,0.000102432540589,0.0001238486217642,8.987597979822823e-05,8.987597979822823e-05,9446.2505921205
1730632620.0,8.987597979822823e-05,9.197645815846554e-05,7.832118196004753e-05,7.832118196004753e-05,4171.927484528836
1730632680.0,7.832118196004753e-05,8.293775615287256e-05,7.586432405638872e-05,7.783903722431521e-05,2156.4125566969265
1730632740.0,7.783903722431521e-05,7.986498742225563e-05,7.755294293709901e-05,7.914142412544887e-05,365.5096211967992
1730632800.0,7.914142412544887e-05,8.500286462963403e-05,7.914142412544887e-05,8.500286462963403e-05,792.2447389017707
1730632860.0,8.500286462963403e-05,9.022168531364892e-05,7.624591000433236e-05,7.773639458049889e-05,4940.893662781367
1730632920.0,7.773639458049889e-05,7.813794115256329e-05,6.995582820174415e-05,7.392560300776064e-05,1585.8654888266713
1730632980.0,7.392560300776064e-05,7.60806345570325e-05,6.994967528001634e-05,7.034702842422467e-05,914.7957426145562
1730633040.0,7.034702842422467e-05,7.173783127342661e-05,6.880000327633754e-05,7.173783127342661e-05,617.8664552201702
1730633100.0,7.173783127342661e-05,7.57901482356295e-05,7.173783127342661e-05,7.567810071098095e-05,453.4238229158918
1730633160.0,7.567810071098095e-05,7.611107737381588e-05,5.820968087761437e-05,5.918947579620533e-05,3708.7605751255383
1730633220.0,5.918947579620533e-05,6.162303015514784e-05,4.402301530934371e-05,4.654925904754435e-05,7992.98407668254
1730633280.0,4.654925904754435e-05,4.654925904754435e-05,3.450125836302914e-05,3.450125836302914e-05,4672.727776050417
1730633340.0,3.450125836302914e-05,3.759584912337354e-05,3.012894113095951e-05,3.217649772016753e-05,3260.108690480588
1730633400.0,3.217649772016753e-05,3.93782310913371e-05,3.161790961372564e-05,3.78867561160279e-05,2027.760732163396
1730633460.0,3.78867561160279e-05,3.8036055152828525e-05,3.224373145458797e-05,3.3993149010949736e-05,2311.314776296129
1730633520.0,3.3993149010949736e-05,3.919923917293843e-05,3.3993149010949736e-05,3.4503762867263024e-05,1838.562654639414
1730633580.0,3.4503762867263024e-05,3.519171091515309e-05,3.13633288573798e-05,3.2127405105528224e-05,1835.7934757193184
1730633640.0,3.2127405105528224e-05,3.85258590218808e-05,3.2127405105528224e-05,3.8284133853279014e-05,1226.4798575798768
1730633700.0,3.8284133853279014e-05,3.995895295743527e-05,3.8284133853279014e-05,3.97695583945144e-05,267.0805685169003
1730633760.0,3.97695583945144e-05,4.467955188892487e-05,3.97695583945144e-05,4.467955188892487e-05,983.2336836760808
1730633820.0,4.467955188892487e-05,4.934083055649493e-05,3.777841458939835e-05,3.861669090192522e-05,4014.358522282747
1730633880.0,3.861669090192522e-05,4.1024970935328847e-05,3.840086629756481e-05,3.950687575966544e-05,864.29952749551
1730633940.0,3.950687575966544e-05,4.034279759922517e-05,3.6997449721885815e-05,3.7456715266888824e-05,1791.074639822631
1730634000.0,3.7456715266888824e-05,4.10348131601357e-05,3.631984742327307e-05,3.65280579981356e-05,2405.2207763861365
1730634060.0,3.65280579981356e-05,4.174484181072872e-05,3.509263704178569e-05,3.509263704178569e-05,2825.7323114165756
1730634120.0,3.509263704178569e-05,3.845748589066735e-05,3.509263704178569e-05,3.836105837353155e-05,1126.9900721984034
1730634180.0,3.836105837353155e-05,4.2950268814116624e-05,3.816598577780979e-05,4.276623276907623e-05,908.6038212419172
1730634240.0,4.276623276907623e-05,4.561514993702127e-05,3.6107231170452415e-05,3.6344252015894504e-05,4199.720871504089
1730634300.0,3.6344252015894504e-05,4.0961800981164394e-05,3.6344252015894504e-05,4.0491876297757586e-05,2908.0312870462376
1730634360.0,4.0491876297757586e-05,4.099745926353839e-05,3.445169350136058e-05,3.509506769497369e-05,2587.876588656725
1730634420.0,3.509506769497369e-05,3.681607909910139e-05,3.5073984975374884e-05,3.681607909910139e-05,766.3093249809028
1730634480.0,3.681607909910139e-05,4.275854711270738e-05,3.671584883073474e-05,3.676935856285703e-05,2733.949972360206
1730634540.0,3.676935856285703e-05,3.676935856285703e-05,3.2402274590719465e-05,3.327349354927541e-05,1919.63888668709
1730634600.0,3.327349354927541e-05,3.586754835324926e-05,3.024460949728845e-05,3.131597509885526e-05,1821.0062575470995
1730634660.0,3.131597509885526e-05,3.437608523503349e-05,3.131597509885526e-05,3.437608523503349e-05,939.2694415681254
1730634720.0,3.437608523503349e-05,3.64641037387066e-05,3.4142837542119364e-05,3.6135624488098046e-05,1309.0358716435776
1730634780.0,3.6135624488098046e-05,3.6135624488098046e-05,3.4702271345279614e-05,3.4702271345279614e-05,1032.2645702481311
1730634840.0,3.4702271345279614e-05,3.72817983149951e-05,3.354112811937811e-05,3.72817983149951e-05,1163.0505579694936
1730634900.0,3.72817983149951e-05,3.74764049846856e-05,3.196966474575494e-05,3.445619729355714e-05,3488.055493048966
1730634960.0,3.445619729355714e-05,3.661874133245088e-05,3.093614977767507e-05,3.154163933334277e-05,1483.0027018303551
1730635020.0,3.154163933334277e-05,3.530521150462375e-05,3.086594130231342e-05,3.324602654587167e-05,2233.5052211211487
1730635080.0,3.324602654587167e-05,3.324602654587167e-05,1.7047502669917753e-05,1.7137136968421755e-05,4449.32980472936
1730635140.0,1.7137136968421755e-05,1.7137136968421755e-05,9.30335286790863e-06,9.944364390416126e-06,2431.256786707477
1730635200.0,9.944364390416126e-06,1.0247043766444254e-05,9.83787955469066e-06,1.0247043766444254e-05,136.23931477284202
1730635260.0,1.0247043766444254e-05,1.1298580643896612e-05,1.0247043766444254e-05,1.1298580643896612e-05,297.5142839070455
1730635320.0,1.1298580643896612e-05,1.1717168037262903e-05,1.12531739566883e-05,1.1717168037262903e-05,188.48082510749933
1730635380.0,1.1717168037262903e-05,1.1819104970625296e-05,1.1717168037262903e-05,1.1813278447712814e-05,85.61353729374787
1730635440.0,1.1813278447712814e-05,1.1813278447712814e-05,1.1367979594795866e-05,1.1367979594795866e-05,210.55308026563696
1730635500.0,1.1367979594795866e-05,1.1367979594795866e-05,9.688684426183091e-06,9.688684426183091e-06,683.8364266250135
1730635560.0,9.688684426183091e-06,9.688684426183091e-06,5.9948074330275344e-06,6.38101621378924e-06,1809.09552588993
1730635620.0,6.38101621378924e-06,7.285174328798692e-06,6.2658874409093125e-06,7.285174328798692e-06,461.163634934775
1730635680.0,7.285174328798692e-06,7.493521884564808e-06,7.285174328798692e-06,7.493521884564808e-06,56.54233995715684
1730635740.0,7.493521884564808e-06,7.493521884564808e-06,6.706203960269311e-06,6.706203960269311e-06,276.80165669132566
1730635800.0,6.706203960269311e-06,6.706203960269311e-06,6.307374637196824e-06,6.618115610988944e-06,289.91132999365254
1730635860.0,6.618115610988944e-06,6.825464108049842e-06,6.618115610988944e-06,6.825464108049842e-06,90.7835777454796
1730635920.0,6.825464108049842e-06,6.9887151667964116e-06,6.825464108049842e-06,6.9108155686758685e-06,68.9966219646555
1730635980.0,6.9108155686758685e-06,7.149803053986678e-06,6.9108155686758685e-06,7.149803053986678e-06,163.68396168744147
1730636040.0,7.149803053986678e-06,7.783503993626052e-06,7.149803053986678e-06,7.783503993626052e-06,139.73472255813337
1730636100.0,7.783503993626052e-06,8.425350119929283e-06,7.783503993626052e-06,7.789056042677858e-06,657.453275339149
1730636160.0,7.789056042677858e-06,7.789056042677858e-06,7.582932160532373e-06,7.582932160532373e-06,75.08734331923168
1730636220.0,7.582932160532373e-06,7.612496235267042e-06,7.5561962653535965e-06,7.612496235267042e-06,13.645777506544649
1730636280.0,7.612496235267042e-06,7.710614272694916e-06,7.612496235267042e-06,7.710614272694916e-06,50.612554593086195
1730636340.0,7.710614272694916e-06,8.01253904403515e-06,7.710614272694916e-06,8.01253904403515e-06,94.9827870078868
1730636400.0,8.01253904403515e-06,8.236803151388705e-06,7.97010330821718e-06,8.236803151388705e-06,143.76284112705045
1730636460.0,8.236803151388705e-06,8.236803151388705e-06,7.697189249876735e-06,7.899372061308146e-06,561.13163018454
1730636520.0,7.899372061308146e-06,7.948175876535428e-06,7.899372061308146e-06,7.948175876535428e-06,16.354663591934607
1730636580.0,7.948175876535428e-06,7.948175876535428e-06,7.917469714213543e-06,7.917469714213543e-06,10.49373504079566
1730636640.0,7.917469714213543e-06,7.942786266277122e-06,7.917469714213543e-06,7.942786266277122e-06,1.1448264514354225
1730636700.0,7.942786266277122e-06,8.009780040003517e-06,7.919605152222148e-06,7.927587479157507e-06,98.40977943809816
1730636760.0,7.927587479157507e-06,7.927587479157507e-06,7.867517299514057e-06,7.922990832183604e-06,23.48625120336071
1730636820.0,7.922990832183604e-06,7.922990832183604e-06,7.831596457207121e-06,7.831596457207121e-06,47.783114043681095
1730636880.0,7.831596457207121e-06,7.831596457207121e-06,7.597503259233335e-06,7.597503259233335e-06,58.34262238026781
1730636940.0,7.597503259233335e-06,7.597503259233335e-06,7.583538858795869e-06,7.583538858795869e-06,0.2930030786973024
1730637000.0,7.583538858795869e-06,7.645735003851919e-06,7.583538858795869e-06,7.645735003851919e-06,16.359939379373095
1730637060.0,7.645735003851919e-06,7.645735003851919e-06,7.6163433586113725e-06,7.6163433586113725e-06,10.33909084881202
1730637120.0,7.6163433586113725e-06,7.90138110931542e-06,7.6163433586113725e-06,7.90138110931542e-06,155.19763142428187
1730637180.0,7.90138110931542e-06,8.043848333473743e-06,7.90138110931542e-06,8.043848333473743e-06,29.447890882871565
1730637240.0,8.043848333473743e-06,8.207438657957888e-06,8.043848333473743e-06,8.148232068035948e-06,66.82384935747397
1730637300.0,8.148232068035948e-06,8.180935553657332e-06,8.148232068035948e-06,8.180935553657332e-06,16.358617883706163
1730637360.0,8.180935553657332e-06,8.180935553657332e-06,8.180935553657332e-06,8.180935553657332e-06,0.0
1730637420.0,8.180935553657332e-06,8.180935553657332e-06,8.180935553657332e-06,8.180935553657332e-06,0.0
1730637480.0,8.180935553657332e-06,8.180935553657332e-06,8.114603359554803e-06,8.114603359554803e-06,33.58917896162634
1730637540.0,8.114603359554803e-06,8.230015494862798e-06,8.114603359554803e-06,8.19891959278372e-06,60.0101592210306
1730637600.0,8.19891959278372e-06,8.38208221644979e-06,8.19891959278372e-06,8.38208221644979e-06,61.05944960998155
1730637660.0,8.38208221644979e-06,8.564341717969498e-06,8.38208221644979e-06,8.564341717969498e-06,92.87935246788992
1730637720.0,8.564341717969498e-06,1.0777799743545502e-05,8.564341717969498e-06,9.931398122726748e-06,1109.2430903822474
1730637780.0,9.931398122726748e-06,9.972361297932502e-06,9.703549102349746e-06,9.972361297932502e-06,264.9547049851182
1730637840.0,9.972361297932502e-06,1.0389269978278643e-05,9.972361297932502e-06,1.0200190866452306e-05,158.55165071299172
1730637900.0,1.0200190866452306e-05,1.0200190866452306e-05,1.0163393988552951e-05,1.0163393988552951e-05,2.0332042206961822
1730637960.0,1.0163393988552951e-05,1.0183587930135536e-05,1.014406402283448e-05,1.0183587930135536e-05,11.731955099911014
1730638020.0,1.0183587930135536e-05,1.0183587930135536e-05,1.0183587930135536e-05,1.0183587930135536e-05,0.0
1730638080.0,1.0183587930135536e-05,1.0499975371187845e-05,1.0183587930135536e-05,1.0398674972995066e-05,212.26739904579628
1730638140.0,1.0398674972995066e-05,1.0398674972995066e-05,8.193506345262844e-06,8.193506345262844e-06,703.6380069046813
1730638200.0,8.193506345262844e-06,9.034992742237832e-06,8.193506345262844e-06,9.034992742237832e-06,284.4198797266521
1730638260.0,9.034992742237832e-06,9.166593784247816e-06,8.608769360239421e-06,8.608769360239421e-06,321.9780037718053
1730638320.0,8.608769360239421e-06,8.61206632069653e-06,8.608769360239421e-06,8.61206632069653e-06,0.9935486270113116
1730638380.0,8.61206632069653e-06,8.61206632069653e-06,8.61206632069653e-06,8.61206632069653e-06,0.0
1730638440.0,8.61206632069653e-06,8.61206632069653e-06,8.61206632069653e-06,8.61206632069653e-06,0.0
1730638500.0,8.61206632069653e-06,8.657003689970616e-06,8.61206632069653e-06,8.65002823010202e-06,42.90903046753697
1730638560.0,8.65002823010202e-06,8.65002823010202e-06,8.62795672533707e-06,8.62795672533707e-06,2.921680560958378
1730638620.0,8.62795672533707e-06,8.823846758489877e-06,8.62795672533707e-06,8.823846758489877e-06,98.36348386512822
1730638680.0,8.823846758489877e-06,9.067328012214864e-06,8.823846758489877e-06,9.067328012214864e-06,29.508823645502677
1730638740.0,9.067328012214864e-06,9.072118563330076e-06,8.977804785851935e-06,9.072118563330076e-06,50.28421696333792
1730638800.0,9.072118563330076e-06,9.072118563330076e-06,9.072118563330076e-06,9.072118563330076e-06,0.0
1730638860.0,9.072118563330076e-06,9.072118563330076e-06,8.979670245529584e-06,8.979670245529584e-06,48.66454689562963
1730638920.0,8.979670245529584e-06,8.979670245529584e-06,8.979670245529584e-06,8.979670245529584e-06,0.0
1730638980.0,8.979670245529584e-06,8.979670245529584e-06,8.65074722303558e-06,8.65074722303558e-06,165.3605255536259
1730639040.0,8.65074722303558e-06,8.65074722303558e-06,8.387808809131287e-06,8.387808809131287e-06,1.093388226012299
1730639100.0,8.387808809131287e-06,8.387808809131287e-06,8.259892655793821e-06,8.312077748554662e-06,153.56695953168963
1730639160.0,8.312077748554662e-06,8.667739844510925e-06,8.312077748554662e-06,8.531843301064666e-06,98.88745310697186
1730639220.0,8.531843301064666e-06,8.531843301064666e-06,7.513305547878682e-06,7.513305547878682e-06,431.6765017604835
1730639280.0,7.513305547878682e-06,7.513305547878682e-06,7.107806706481925e-06,7.107806706481925e-06,59.92719895809744
1730639340.0,7.107806706481925e-06,7.107806706481925e-06,7.018586209239975e-06,7.018586209239975e-06,14.104337479025483
1730639400.0,7.018586209239975e-06,7.231718870731599e-06,7.018586209239975e-06,7.231718870731599e-06,137.55636166616748
1730639460.0,7.231718870731599e-06,7.616127312859097e-06,7.231718870731599e-06,7.616127312859097e-06,104.3798245471872
1730639520.0,7.616127312859097e-06,7.709792408007128e-06,7.616127312859097e-06,7.709792408007128e-06,6.895750370259779
1730639580.0,7.709792408007128e-06,7.709792408007128e-06,7.709792408007128e-06,7.709792408007128e-06,0.0
1730639640.0,7.709792408007128e-06,7.719710838397876e-06,7.709792408007128e-06,7.719710838397876e-06,1.1333088603655366
1730639700.0,7.719710838397876e-06,7.719710838397876e-06,7.661907994260371e-06,7.661907994260371e-06,11.76334018547442
1730639760.0,7.661907994260371e-06,7.661907994260371e-06,7.661907994260371e-06,7.661907994260371e-06,0.0
1730639820.0,7.661907994260371e-06,7.661907994260371e-06,7.597888928993913e-06,7.597888928993913e-06,22.79366678698174
1730639880.0,7.597888928993913e-06,7.597888928993913e-06,7.597888928993913e-06,7.597888928993913e-06,0.0
1730639940.0,7.597888928993913e-06,7.597888928993913e-06,7.597888928993913e-06,7.597888928993913e-06,0.0
1730640000.0,7.597888928993913e-06,7.597888928993913e-06,7.534369885164028e-06,7.534369885164028e-06,10.177369120223844
1730640060.0,7.534369885164028e-06,7.534369885164028e-06,7.534369885164028e-06,7.534369885164028e-06,0.0
1730640120.0,7.534369885164028e-06,7.534369885164028e-06,7.534369885164028e-06,7.534369885164028e-06,0.0
1730640180.0,7.534369885164028e-06,7.534369885164028e-06,7.518815538823934e-06,7.518815538823934e-06,5.804586416249919
1730640240.0,7.518815538823934e-06,7.518815538823934e-06,7.216823588717672e-06,7.426265813607751e-06,233.01202137082413
1730640300.0,7.426265813607751e-06,7.622663531536834e-06,7.426265813607751e-06,7.622663531536834e-06,1.6284709005030875
1730640360.0,7.622663531536834e-06,7.864200734085503e-06,7.525694007021768e-06,7.864200734085503e-06,308.4382135956959
1730640420.0,7.864200734085503e-06,7.945495357897048e-06,7.864200734085503e-06,7.945495357897048e-06,0.2386130014729353
1730640480.0,7.945495357897048e-06,8.010072252169469e-06,7.945495357897048e-06,8.010072252169469e-06,16.28470900503088
1730640540.0,8.010072252169469e-06,8.010072252169469e-06,8.010072252169469e-06,8.010072252169469e-06,0.0
1730640600.0,8.010072252169469e-06,8.010072252169469e-06,7.98966659012276e-06,7.98966659012276e-06,3.710485772976844
1730640660.0,7.98966659012276e-06,7.98966659012276e-06,7.954027152508702e-06,7.954027152508702e-06,19.354772339306766
1730640720.0,7.954027152508702e-06,7.954027152508702e-06,7.788401370296539e-06,7.788401370296539e-06,70.26820172473968
1730640780.0,7.788401370296539e-06,7.788401370296539e-06,7.788401370296539e-06,7.788401370296539e-06,0.0
1730640840.0,7.788401370296539e-06,7.788401370296539e-06,7.788401370296539e-06,7.788401370296539e-06,0.0
1730640900.0,7.788401370296539e-06,7.788401370296539e-06,7.788401370296539e-06,7.788401370296539e-06,0.0
1730640960.0,7.788401370296539e-06,7.788401370296539e-06,7.788401370296539e-06,7.788401370296539e-06,0.0
1730641020.0,7.788401370296539e-06,7.788401370296539e-06,7.788401370296539e-06,7.788401370296539e-06,0.0
1730641080.0,7.788401370296539e-06,7.788401370296539e-06,7.690479238172395e-06,7.690479238172395e-06,3.3621149449289467
1730641140.0,7.690479238172395e-06,7.690479238172395e-06,7.682031939380804e-06,7.682031939380804e-06,2.2042884042620496
1730641200.0,7.682031939380804e-06,7.682031939380804e-06,7.314622261262713e-06,7.314622261262713e-06,160.2771713481626
1730641260.0,7.314622261262713e-06,7.314622261262713e-06,7.167599391716651e-06,7.167599391716651e-06,12.8441724907371
1730641320.0,7.167599391716651e-06,7.167599391716651e-06,7.167599391716651e-06,7.167599391716651e-06,0.0
1730641380.0,7.167599391716651e-06,7.208553867974442e-06,7.158053558750242e-06,7.208553867974442e-06,16.91492159394554
1730641440.0,7.208553867974442e-06,7.208553867974442e-06,7.208553867974442e-06,7.208553867974442e-06,0.0
1730641500.0,7.208553867974442e-06,7.226197804695208e-06,7.208553867974442e-06,7.226197804695208e-06,1.6202724085957874
1730641560.0,7.226197804695208e-06,7.226197804695208e-06,7.226197804695208e-06,7.226197804695208e-06,0.0
1730641620.0,7.226197804695208e-06,7.2755925996982366e-06,7.226197804695208e-06,7.2755925996982366e-06,32.40293374521577
1730641680.0,7.2755925996982366e-06,7.2755925996982366e-06,7.2755925996982366e-06,7.2755925996982366e-06,0.0
1730641740.0,7.2755925996982366e-06,7.2755925996982366e-06,7.2755925996982366e-06,7.2755925996982366e-06,0.0
1730641800.0,7.2755925996982366e-06,7.783132177745494e-06,7.2755925996982366e-06,7.783132177745494e-06,315.6311783891967
1730641860.0,7.783132177745494e-06,8.955945995170358e-06,7.783132177745494e-06,8.955945995170358e-06,217.9007353732132
1730641920.0,8.955945995170358e-06,8.971774923916242e-06,8.955945995170358e-06,8.971774923916242e-06,1.6027042649353138
1730641980.0,8.971774923916242e-06,8.993057252795514e-06,8.815640714499315e-06,8.815640714499315e-06,75.99529433570525
1730642040.0,8.815640714499315e-06,8.815640714499315e-06,8.633071155643166e-06,8.633071155643166e-06,81.54390794079441
1730642100.0,8.633071155643166e-06,8.633071155643166e-06,8.399136400746997e-06,8.399136400746997e-06,85.57197277227392
1730642160.0,8.399136400746997e-06,8.399136400746997e-06,8.399136400746997e-06,8.399136400746997e-06,0.0
1730642220.0,8.399136400746997e-06,8.399136400746997e-06,8.188408708951713e-06,8.188408708951713e-06,58.29905227793085
1730642280.0,8.188408708951713e-06,8.188408708951713e-06,8.07252083713403e-06,8.07252083713403e-06,15.953833513493391
1730642340.0,8.07252083713403e-06,8.07252083713403e-06,8.07252083713403e-06,8.07252083713403e-06,0.0
1730642400.0,8.07252083713403e-06,8.07252083713403e-06,8.045312640577095e-06,8.045312640577095e-06,0.0882062437984205
1730642460.0,8.045312640577095e-06,8.045312640577095e-06,8.036681746564033e-06,8.036681746564033e-06,0.4190961362463928
1730642520.0,8.036681746564033e-06,8.036681746564033e-06,8.036681746564033e-06,8.036681746564033e-06,0.0
1730642580.0,8.036681746564033e-06,8.036681746564033e-06,8.036681746564033e-06,8.036681746564033e-06,0.0
1730642640.0,8.036681746564033e-06,8.036681746564033e-06,8.036681746564033e-06,8.036681746564033e-06,0.0
1730642700.0,8.036681746564033e-06,8.036681746564033e-06,8.036681746564033e-06,8.036681746564033e-06,0.0
1730642760.0,8.036681746564033e-06,8.036681746564033e-06,7.993719737123005e-06,7.993719737123005e-06,20.75525924472523
1730642820.0,7.993719737123005e-06,7.993719737123005e-06,7.880034307621706e-06,7.880034307621706e-06,50.38385933041905
1730642880.0,7.880034307621706e-06,7.880034307621706e-06,7.880034307621706e-06,7.880034307621706e-06,0.0
1730642940.0,7.880034307621706e-06,7.880034307621706e-06,7.880034307621706e-06,7.880034307621706e-06,0.0
1730643000.0,7.880034307621706e-06,7.880034307621706e-06,7.880034307621706e-06,7.880034307621706e-06,0.0
1730643060.0,7.880034307621706e-06,7.880034307621706e-06,7.880034307621706e-06,7.880034307621706e-06,0.0
1730643120.0,7.880034307621706e-06,8.073237725072155e-06,7.797452941215726e-06,8.073237725072155e-06,120.65593139191118
1730643180.0,8.073237725072155e-06,8.073237725072155e-06,7.990813433226995e-06,7.990813433226995e-06,49.79677344307102
1730643240.0,7.990813433226995e-06,7.990813433226995e-06,7.900080229987657e-06,7.900080229987657e-06,10.229490228674848
1730643300.0,7.900080229987657e-06,7.900080229987657e-06,7.900080229987657e-06,7.900080229987657e-06,0.0
1730643360.0,7.900080229987657e-06,7.900080229987657e-06,7.900080229987657e-06,7.900080229987657e-06,0.0
1730643420.0,7.900080229987657e-06,7.900080229987657e-06,7.877327303819538e-06,7.877327303819538e-06,0.3165420008118073
1730643480.0,7.877327303819538e-06,7.877327303819538e-06,7.877327303819538e-06,7.877327303819538e-06,0.0
1730643540.0,7.877327303819538e-06,7.877327303819538e-06,7.877327303819538e-06,7.877327303819538e-06,0.0
1730643600.0,7.877327303819538e-06,7.877327303819538e-06,7.877327303819538e-06,7.877327303819538e-06,0.0
1730643660.0,7.877327303819538e-06,7.877327303819538e-06,7.877327303819538e-06,7.877327303819538e-06,0.0
1730643720.0,7.877327303819538e-06,7.877327303819538e-06,7.877327303819538e-06,7.877327303819538e-06,0.0
1730643780.0,7.877327303819538e-06,7.877327303819538e-06,7.86255408718376e-06,7.86255408718376e-06,0.4314512821478657
1730643840.0,7.86255408718376e-06,7.86255408718376e-06,7.86255408718376e-06,7.86255408718376e-06,0.0
1730643900.0,7.86255408718376e-06,7.86255408718376e-06,7.861350121416746e-06,7.861350121416746e-06,0.0627000442100487
1730643960.0,7.861350121416746e-06,7.861350121416746e-06,7.861350121416746e-06,7.861350121416746e-06,0.0
1730644020.0,7.861350121416746e-06,7.890312745741245e-06,7.861350121416746e-06,7.890312745741245e-06,4.972050052044028
1730644080.0,7.890312745741245e-06,7.890312745741245e-06,7.890312745741245e-06,7.890312745741245e-06,0.0
1730644140.0,7.890312745741245e-06,7.890312745741245e-06,7.890312745741245e-06,7.890312745741245e-06,0.0
1730644200.0,7.890312745741245e-06,7.890312745741245e-06,7.890312745741245e-06,7.890312745741245e-06,0.0
1730644260.0,7.890312745741245e-06,7.890312745741245e-06,7.890312745741245e-06,7.890312745741245e-06,0.0
1730644320.0,7.890312745741245e-06,7.890312745741245e-06,7.890312745741245e-06,7.890312745741245e-06,0.0
1730644380.0,7.890312745741245e-06,7.890312745741245e-06,7.890312745741245e-06,7.890312745741245e-06,0.0
1730644440.0,7.890312745741245e-06,7.93621638513321e-06,7.890312745741245e-06,7.93621638513321e-06,8.045643810633148
1730644500.0,7.93621638513321e-06,7.93621638513321e-06,7.93621638513321e-06,7.93621638513321e-06,0.0
1730644560.0,7.93621638513321e-06,7.93621638513321e-06,7.93621638513321e-06,7.93621638513321e-06,0.0
1730644620.0,7.93621638513321e-06,7.93621638513321e-06,7.93621638513321e-06,7.93621638513321e-06,0.0
1730644680.0,7.93621638513321e-06,7.950264608294416e-06,7.911878578867355e-06,7.911878578867355e-06,2.8342780004186885
1730644740.0,7.911878578867355e-06,7.911878578867355e-06,7.847441171238428e-06,7.847441171238428e-06,34.94974640988883
1730644800.0,7.847441171238428e-06,7.847441171238428e-06,7.847441171238428e-06,7.847441171238428e-06,0.0
1730644860.0,7.847441171238428e-06,7.847441171238428e-06,7.847441171238428e-06,7.847441171238428e-06,0.0
1730644920.0,7.847441171238428e-06,7.847441171238428e-06,7.847441171238428e-06,7.847441171238428e-06,0.0
1730644980.0,7.847441171238428e-06,7.847441171238428e-06,7.847441171238428e-06,7.847441171238428e-06,0.0
1730645040.0,7.847441171238428e-06,7.847441171238428e-06,7.847441171238428e-06,7.847441171238428e-06,0.0
1730645100.0,7.847441171238428e-06,7.847441171238428e-06,7.847441171238428e-06,7.847441171238428e-06,0.0
1730645160.0,7.847441171238428e-06,7.847441171238428e-06,7.847441171238428e-06,7.847441171238428e-06,0.0
1730645220.0,7.847441171238428e-06,8.396734669287349e-06,7.838511517639777e-06,8.396734669287349e-06,360.7100685313169
1730645280.0,8.396734669287349e-06,8.396734669287349e-06,8.396734669287349e-06,8.396734669287349e-06,0.0
1730645340.0,8.396734669287349e-06,8.954412567339656e-06,8.396734669287349e-06,8.954412567339656e-06,7.995101630702843
1730645400.0,8.954412567339656e-06,9.408575159020602e-06,8.954412567339656e-06,9.408575159020602e-06,255.64669124948207
1730645460.0,9.408575159020602e-06,9.83384328684398e-06,9.408575159020602e-06,9.793835400997012e-06,24.26979539450954
1730645520.0,9.793835400997012e-06,1.012989619902623e-05,9.793835400997012e-06,1.012989619902623e-05,129.79861730209927
1730645580.0,1.012989619902623e-05,1.031157091965923e-05,1.012989619902623e-05,1.031157091965923e-05,30.231778331741683
1730645640.0,1.031157091965923e-05,1.031157091965923e-05,1.031157091965923e-05,1.031157091965923e-05,0.0
1730645700.0,1.031157091965923e-05,1.039423287848844e-05,1.031157091965923e-05,1.0344877146663337e-05,20.628025737795166
1730645760.0,1.0344877146663337e-05,1.2182954570494972e-05,1.0344877146663337e-05,1.115692010198055e-05,1446.962625432384
1730645820.0,1.115692010198055e-05,1.115692010198055e-05,1.0933356610614162e-05,1.0933356610614162e-05,1.5910283117706958
1730645880.0,1.0933356610614162e-05,1.095215386102907e-05,1.0933356610614162e-05,1.095215386102907e-05,7.956163777680945
1730645940.0,1.095215386102907e-05,1.095215386102907e-05,1.0892551181736749e-05,1.0892551181736749e-05,10.34792362264991
1730646000.0,1.0892551181736749e-05,1.0892551181736749e-05,1.0720878016067674e-05,1.0720878016067674e-05,80.127316726855
1730646060.0,1.0720878016067674e-05,1.0720878016067674e-05,1.0720878016067674e-05,1.0720878016067674e-05,0.0
1730646120.0,1.0720878016067674e-05,1.364760137678642e-05,1.0257618244932598e-05,1.1758867094940908e-05,1924.4682490075916
1730646180.0,1.1758867094940908e-05,1.1758867094940908e-05,1.023179398338059e-05,1.023179398338059e-05,71.07549072230327
1730646240.0,1.023179398338059e-05,1.122727839512066e-05,1.016206415975476e-05,1.122727839512066e-05,318.01954338815574
1730646300.0,1.122727839512066e-05,1.122727839512066e-05,1.122727839512066e-05,1.122727839512066e-05,0.0
1730646360.0,1.122727839512066e-05,1.1405195586611822e-05,1.120247346350857e-05,1.1405195586611822e-05,79.40944120496883
1730646420.0,1.1405195586611822e-05,1.1589854392368771e-05,1.1405195586611822e-05,1.1589854392368771e-05,9.548128755663182
1730646480.0,1.1589854392368771e-05,1.1881927591885556e-05,1.1586953827410612e-05,1.1881915569761748e-05,78.62846390710595
1730646540.0,1.1881915569761748e-05,1.1881947320642952e-05,1.0248373047412182e-05,1.0248389832641642e-05,439.2878251715639
1730646600.0,1.0248389832641642e-05,1.0262162787487416e-05,1.0165375641192504e-05,1.0262162787487416e-05,54.509859584449245
1730646660.0,1.0262162787487416e-05,1.0416241941546226e-05,1.0262162787487416e-05,1.041623064192726e-05,26.72344913059883
1730646720.0,1.041623064192726e-05,1.041623064192726e-05,1.04049827393742e-05,1.0405214348161582e-05,0.0126609406808463
1730646780.0,1.0405214348161582e-05,1.0419306545400822e-05,1.0368706936670376e-05,1.0368706936670376e-05,15.020807380132188
1730646840.0,1.0368706936670376e-05,1.0368706936670376e-05,1.0368706936670376e-05,1.0368706936670376e-05,0.0
1730646900.0,1.0368706936670376e-05,1.0368706936670376e-05,1.0368706936670376e-05,1.0368706936670376e-05,0.0
1730646960.0,1.0368706936670376e-05,1.0368706936670376e-05,1.0368706936670376e-05,1.0368706936670376e-05,0.0
1730647020.0,1.0368706936670376e-05,1.0368706936670376e-05,1.0293299023563814e-05,1.0293299023563814e-05,35.97539956471816
1730647080.0,1.0293299023563814e-05,1.0293299023563814e-05,1.0235758106880164e-05,1.0235758106880164e-05,3.6218471415976494
1730647140.0,1.0235758106880164e-05,1.0235758106880164e-05,1.0235758106880164e-05,1.0235758106880164e-05,0.0
1730647200.0,1.0235758106880164e-05,1.0235758106880164e-05,1.0235758106880164e-05,1.0235758106880164e-05,0.0
1730647260.0,1.0235758106880164e-05,1.0334230573540812e-05,1.0235758106880164e-05,1.0334230573540812e-05,30.41490400429468
1730647320.0,1.0334230573540812e-05,1.0334230573540812e-05,1.0300575480107886e-05,1.0300575480107886e-05,10.112259036921264
1730647380.0,1.0300575480107886e-05,1.0300575480107886e-05,1.0300575480107886e-05,1.0300575480107886e-05,0.0
1730647440.0,1.0300575480107886e-05,1.0300575480107886e-05,1.0300575480107886e-05,1.0300575480107886e-05,0.0
1730647500.0,1.0300575480107886e-05,1.0300575480107886e-05,1.0300575480107886e-05,1.0300575480107886e-05,0.0
1730647560.0,1.0300575480107886e-05,1.0300575480107886e-05,1.0300575480107886e-05,1.0300575480107886e-05,0.0
1730647620.0,1.0300575480107886e-05,1.0300575480107886e-05,1.0091899043354e-05,1.0091899043354e-05,71.10123764698419
1730647680.0,1.0091899043354e-05,1.0091899043354e-05,1.004015306222892e-05,1.004015306222892e-05,0.1406810350605574
1730647740.0,1.004015306222892e-05,1.004015306222892e-05,1.004015306222892e-05,1.004015306222892e-05,0.0
1730647800.0,1.004015306222892e-05,1.0158111023732417e-05,1.004015306222892e-05,1.0154214418381055e-05,49.36737736798409
1730647860.0,1.0154214418381055e-05,1.0154214418381055e-05,1.0154214418381055e-05,1.0154214418381055e-05,0.0
1730647920.0,1.0154214418381055e-05,1.0222297694381215e-05,1.0154214418381055e-05,1.0222297694381215e-05,20.444595388762433
1730647980.0,1.0222297694381215e-05,1.0222297694381215e-05,1.0222297694381215e-05,1.0222297694381215e-05,0.0
1730648040.0,1.0222297694381215e-05,1.0362323617759538e-05,1.0222297694381215e-05,1.0362323617759538e-05,55.854576575437086
1730648100.0,1.0362323617759538e-05,1.0362323617759538e-05,1.0362323617759538e-05,1.0362323617759538e-05,0.0
1730648160.0,1.0362323617759538e-05,1.0362323617759538e-05,1.0362323617759538e-05,1.0362323617759538e-05,0.0
1730648220.0,1.0362323617759538e-05,1.0362323617759538e-05,1.0362323617759538e-05,1.0362323617759538e-05,0.0
1730648280.0,1.0362323617759538e-05,1.0362323617759538e-05,1.0362323617759538e-05,1.0362323617759538e-05,0.0
1730648340.0,1.0362323617759538e-05,1.0362323617759538e-05,1.0362323617759538e-05,1.0362323617759538e-05,0.0
1730648400.0,1.0362323617759538e-05,1.0407633080573206e-05,1.0362323617759538e-05,1.0407633080573206e-05,5.1912268520859275
1730648460.0,1.0407633080573206e-05,1.0407633080573206e-05,1.0300681634182354e-05,1.0300681634182354e-05,55.050376765260665
1730648520.0,1.0300681634182354e-05,1.0300681634182354e-05,1.0300681634182354e-05,1.0300681634182354e-05,0.0
1730648580.0,1.0300681634182354e-05,1.0300681634182354e-05,1.0198357114628946e-05,1.0198357114628946e-05,2.970585483719427
1730648640.0,1.0198357114628946e-05,1.0198357114628946e-05,1.0198357114628946e-05,1.0198357114628946e-05,0.0
1730648700.0,1.0198357114628946e-05,1.0198357114628946e-05,1.0187276989546308e-05,1.0187276989546308e-05,1.444242998569977
1730648760.0,1.0187276989546308e-05,1.0187276989546308e-05,1.0187276989546308e-05,1.0187276989546308e-05,0.0
1730648820.0,1.0187276989546308e-05,1.0187276989546308e-05,1.0187276989546308e-05,1.0187276989546308e-05,0.0
1730648880.0,1.0187276989546308e-05,1.0187276989546308e-05,1.0187276989546308e-05,1.0187276989546308e-05,0.0
1730648940.0,1.0187276989546308e-05,1.0187276989546308e-05,1.0187276989546308e-05,1.0187276989546308e-05,0.0
1730649000.0,1.0187276989546308e-05,1.0187276989546308e-05,1.0187276989546308e-05,1.0187276989546308e-05,0.0
1730649060.0,1.0187276989546308e-05,1.0187276989546308e-05,1.0187276989546308e-05,1.0187276989546308e-05,0.0
1730649120.0,1.0187276989546308e-05,1.02594723205574e-05,1.0187276989546308e-05,1.02594723205574e-05,2.3103004701949317
1730649180.0,1.02594723205574e-05,1.02594723205574e-05,1.02594723205574e-05,1.02594723205574e-05,0.0
1730649240.0,1.02594723205574e-05,1.02594723205574e-05,1.02594723205574e-05,1.02594723205574e-05,0.0
1730649300.0,1.02594723205574e-05,1.02594723205574e-05,1.02594723205574e-05,1.02594723205574e-05,0.0
1730649360.0,1.02594723205574e-05,1.025986044202643e-05,1.02594723205574e-05,1.025986044202643e-05,0.0700611322994298
1730649420.0,1.025986044202643e-05,1.025986044202643e-05,1.025986044202643e-05,1.025986044202643e-05,0.0
1730649480.0,1.025986044202643e-05,1.025986044202643e-05,1.025986044202643e-05,1.025986044202643e-05,0.0
1730649540.0,1.025986044202643e-05,1.025986044202643e-05,1.025986044202643e-05,1.025986044202643e-05,0.0
1730649600.0,1.025986044202643e-05,1.0319977175533131e-05,1.025986044202643e-05,1.0319977175533131e-05,3.1968106940421577
1730649660.0,1.0319977175533131e-05,1.0319977175533131e-05,1.0319977175533131e-05,1.0319977175533131e-05,0.0
1730649720.0,1.0319977175533131e-05,1.0332147164163084e-05,1.0319977175533131e-05,1.0332147164163084e-05,3.6898964148423743
1730649780.0,1.0332147164163084e-05,1.0355605254933503e-05,1.0332147164163084e-05,1.0355605254933503e-05,9.590438440914047
1730649840.0,1.0355605254933503e-05,1.0355605254933503e-05,1.0355605254933503e-05,1.0355605254933503e-05,0.0
1730649900.0,1.0355605254933503e-05,1.0355605254933503e-05,1.0355605254933503e-05,1.0355605254933503e-05,0.0
1730649960.0,1.0355605254933503e-05,1.0355605254933503e-05,1.0355605254933503e-05,1.0355605254933503e-05,0.0
1730650020.0,1.0355605254933503e-05,1.0355605254933503e-05,1.0355605254933503e-05,1.0355605254933503e-05,0.0
1730650080.0,1.0355605254933503e-05,1.0355605254933503e-05,1.0355605254933503e-05,1.0355605254933503e-05,0.0
1730650140.0,1.0355605254933503e-05,1.0355605254933503e-05,1.0355605254933503e-05,1.0355605254933503e-05,0.0
1730650200.0,1.0355605254933503e-05,1.0355605254933503e-05,1.0355605254933503e-05,1.0355605254933503e-05,0.0
1730650260.0,1.0355605254933503e-05,1.0355605254933503e-05,1.0355605254933503e-05,1.0355605254933503e-05,0.0
1730650320.0,1.0355605254933503e-05,1.0355605254933503e-05,1.0355605254933503e-05,1.0355605254933503e-05,0.0
1730650380.0,1.0355605254933503e-05,1.0355605254933503e-05,1.0355605254933503e-05,1.0355605254933503e-05,0.0
1730650440.0,1.0355605254933503e-05,1.0355605254933503e-05,1.0018487942546212e-05,1.0018487942546212e-05,115.0790103363491
1730650500.0,1.0018487942546212e-05,1.0018487942546212e-05,9.93768332285774e-06,9.93768332285774e-06,31.00997068870637
1730650560.0,9.93768332285774e-06,9.93768332285774e-06,9.397054780079236e-06,9.397054780079236e-06,278.92939543824633
1730650620.0,9.397054780079236e-06,9.397054780079236e-06,8.803015607369526e-06,8.803015607369526e-06,53.060647374589266
1730650680.0,8.803015607369526e-06,8.803015607369526e-06,8.54870860620283e-06,8.54870860620283e-06,112.75854566934588
1730650740.0,8.54870860620283e-06,8.54870860620283e-06,8.54870860620283e-06,8.54870860620283e-06,0.0
1730650800.0,8.54870860620283e-06,8.54870860620283e-06,8.483653170996189e-06,8.483653170996189e-06,27.886207400203013
1730650860.0,8.483653170996189e-06,8.483653170996189e-06,8.481697626902898e-06,8.481697626902898e-06,2.5445092880708695
1730650920.0,8.481697626902898e-06,8.481697626902898e-06,8.481697626902898e-06,8.481697626902898e-06,0.0
1730650980.0,8.481697626902898e-06,8.481697626902898e-06,8.481697626902898e-06,8.481697626902898e-06,0.0
1730651040.0,8.481697626902898e-06,8.481697626902898e-06,8.481697626902898e-06,8.481697626902898e-06,0.0
1730651100.0,8.481697626902898e-06,8.481697626902898e-06,8.481697626902898e-06,8.481697626902898e-06,0.0
1730651160.0,8.481697626902898e-06,8.481697626902898e-06,8.481697626902898e-06,8.481697626902898e-06,0.0
1730651220.0,8.481697626902898e-06,8.50810194843687e-06,8.481697626902898e-06,8.50810194843687e-06,0.9948397770076176
1730651280.0,8.50810194843687e-06,8.50810194843687e-06,8.50810194843687e-06,8.50810194843687e-06,0.0
1730651340.0,8.50810194843687e-06,8.50810194843687e-06,8.50810194843687e-06,8.50810194843687e-06,0.0
1730651400.0,8.50810194843687e-06,8.50810194843687e-06,8.50810194843687e-06,8.50810194843687e-06,0.0
1730651460.0,8.50810194843687e-06,8.50810194843687e-06,8.50810194843687e-06,8.50810194843687e-06,0.0
1730651520.0,8.50810194843687e-06,8.50810194843687e-06,8.50810194843687e-06,8.50810194843687e-06,0.0
1730651580.0,8.50810194843687e-06,8.50810194843687e-06,8.50810194843687e-06,8.50810194843687e-06,0.0
1730651640.0,8.50810194843687e-06,8.50810194843687e-06,8.311466488377026e-06,8.311466488377026e-06,83.24141057162167
1730651700.0,8.311466488377026e-06,8.311466488377026e-06,8.150312327865802e-06,8.150312327865802e-06,19.25918564992655
1730651760.0,8.150312327865802e-06,8.150312327865802e-06,8.117556355070483e-06,8.117556355070483e-06,0.0267051016423636
1730651820.0,8.117556355070483e-06,8.117556355070483e-06,8.117556355070483e-06,8.117556355070483e-06,0.0
1730651880.0,8.117556355070483e-06,8.117556355070483e-06,8.100570856438702e-06,8.100570856438702e-06,8.212264460907505
1730651940.0,8.100570856438702e-06,8.100570856438702e-06,8.100570856438702e-06,8.100570856438702e-06,0.0
1730652000.0,8.100570856438702e-06,8.100570856438702e-06,8.100570856438702e-06,8.100570856438702e-06,0.0
1730652060.0,8.100570856438702e-06,8.100570856438702e-06,8.100570856438702e-06,8.100570856438702e-06,0.0
1730652120.0,8.100570856438702e-06,1.0414989944865726e-05,8.100570856438702e-06,1.0414989944865726e-05,741.7617698981387
1730652180.0,1.0414989944865726e-05,1.361666710130497e-05,1.0414989944865726e-05,1.361666710130497e-05,860.4987890848145
1730652240.0,1.361666710130497e-05,1.561419899808889e-05,1.361666710130497e-05,1.561419899808889e-05,532.1512097609713
1730652300.0,1.561419899808889e-05,1.561419899808889e-05,1.561419899808889e-05,1.561419899808889e-05,0.0
1730652360.0,1.561419899808889e-05,1.595385366522672e-05,1.5591239558188116e-05,1.560286450294687e-05,290.4289965992573
1730652420.0,1.560286450294687e-05,1.764940489293359e-05,1.560286450294687e-05,1.6736165432232658e-05,810.7558624126372
1730652480.0,1.6736165432232658e-05,1.6736165432232658e-05,1.5972494423506974e-05,1.6573828088424548e-05,139.76432041559795
1730652540.0,1.6573828088424548e-05,1.749162790139891e-05,1.6573828088424548e-05,1.749162790139891e-05,217.43405526244325
1730652600.0,1.749162790139891e-05,1.7605372024810363e-05,1.749162790139891e-05,1.7605372024810363e-05,17.43024558823907
1730652660.0,1.7605372024810363e-05,1.7605372024810363e-05,1.6908418188192674e-05,1.737742039449229e-05,373.2909387684044
1730652720.0,1.737742039449229e-05,1.737742039449229e-05,1.737742039449229e-05,1.737742039449229e-05,0.0
1730652780.0,1.737742039449229e-05,1.737742039449229e-05,1.7241362430823925e-05,1.7241362430823925e-05,67.88938796608468
1730652840.0,1.7241362430823925e-05,1.7241362430823925e-05,1.7241362430823925e-05,1.7241362430823925e-05,0.0
1730652900.0,1.7241362430823925e-05,1.7241362430823925e-05,1.6778978655340314e-05,1.6778978655340314e-05,134.91892586786804
1730652960.0,1.6778978655340314e-05,1.6778978655340314e-05,1.6474121649036315e-05,1.6474121649036315e-05,1.6583177204928787
1730653020.0,1.6474121649036315e-05,1.6474121649036315e-05,1.643005019679744e-05,1.643005019679744e-05,18.135420178091262
1730653080.0,1.643005019679744e-05,1.643005019679744e-05,1.637874447236865e-05,1.637874447236865e-05,4.923052120893507
1730653140.0,1.637874447236865e-05,1.637874447236865e-05,1.623805521848872e-05,1.623805521848872e-05,54.853001264563304
1730653200.0,1.623805521848872e-05,1.623805521848872e-05,1.623805521848872e-05,1.623805521848872e-05,0.0
1730653260.0,1.623805521848872e-05,1.699359272380158e-05,1.623805521848872e-05,1.699359272380158e-05,196.87569819346817
1730653320.0,1.699359272380158e-05,1.7006376235987287e-05,1.699359272380158e-05,1.7006376235987287e-05,1.1268681198251875
1730653380.0,1.7006376235987287e-05,1.7006376235987287e-05,1.7006376235987287e-05,1.7006376235987287e-05,0.0
1730653440.0,1.7006376235987287e-05,1.7006376235987287e-05,1.7006376235987287e-05,1.7006376235987287e-05,0.0
1730653500.0,1.7006376235987287e-05,1.7006376235987287e-05,1.684628809511147e-05,1.684628809511147e-05,79.62299178824388
1730653560.0,1.684628809511147e-05,1.684628809511147e-05,1.684628809511147e-05,1.684628809511147e-05,0.0
1730653620.0,1.684628809511147e-05,1.684628809511147e-05,1.684628809511147e-05,1.684628809511147e-05,0.0
1730653680.0,1.684628809511147e-05,1.684628809511147e-05,1.684628809511147e-05,1.684628809511147e-05,0.0
1730653740.0,1.684628809511147e-05,1.6887688577740636e-05,1.684628809511147e-05,1.6887688577740636e-05,48.10902409211972
1730653800.0,1.6887688577740636e-05,1.6887688577740636e-05,1.6887688577740636e-05,1.6887688577740636e-05,0.0
1730653860.0,1.6887688577740636e-05,1.7068809941848067e-05,1.6887688577740636e-05,1.7068809941848067e-05,32.07240656321236
1730653920.0,1.7068809941848067e-05,1.7323565714645434e-05,1.7068809941848067e-05,1.7323565714645434e-05,80.18148738008453
1730653980.0,1.7323565714645434e-05,1.7726614005579764e-05,1.7323565714645434e-05,1.7726614005579764e-05,127.32580786394776
1730654040.0,1.7726614005579764e-05,1.865496664497669e-05,1.7726614005579764e-05,1.865496664497669e-05,367.13247600097134
1730654100.0,1.865496664497669e-05,1.9215618401200983e-05,1.865496664497669e-05,1.9215618401200983e-05,62.56757026092112
1730654160.0,1.9215618401200983e-05,2.020168022112782e-05,1.855205365256899e-05,1.9018590981209167e-05,817.5687722789305
1730654220.0,1.9018590981209167e-05,2.0264395878400697e-05,1.9018590981209167e-05,1.980219355129861e-05,751.1425673112607
1730654280.0,1.980219355129861e-05,2.066763114238216e-05,1.980219355129861e-05,2.041770696839318e-05,444.3831085614837
1730654340.0,2.041770696839318e-05,2.331694939422317e-05,2.0374267843684584e-05,2.331694939422317e-05,736.1846025139981
1730654400.0,2.331694939422317e-05,2.4873652045779597e-05,2.331694939422317e-05,2.4754316890266073e-05,479.52611535945823
1730654460.0,2.4754316890266073e-05,2.626128474415178e-05,2.4754316890266073e-05,2.626128474415178e-05,501.50566808813846
1730654520.0,2.626128474415178e-05,2.676110160618368e-05,2.597216784591305e-05,2.597216784591305e-05,282.2921665799538
1730654580.0,2.597216784591305e-05,2.801167200410399e-05,2.1517581356420544e-05,2.1517581356420544e-05,2027.73461182738
1730654640.0,2.1517581356420544e-05,2.3743783075283263e-05,2.1517581356420544e-05,2.3713895954694623e-05,845.5701534924832
1730654700.0,2.3713895954694623e-05,2.652970655820585e-05,2.3713895954694623e-05,2.652970655820585e-05,707.2321128940017
1730654760.0,2.652970655820585e-05,2.80957934150795e-05,2.652970655820585e-05,2.80957934150795e-05,159.35902273188364
1730654820.0,2.80957934150795e-05,2.9950605770559107e-05,2.7148959886113308e-05,2.9950605770559107e-05,1416.4995514383224
1730654880.0,2.9950605770559107e-05,2.9950605770559107e-05,2.739987715740943e-05,2.920747566281831e-05,926.057910524719
1730654940.0,2.920747566281831e-05,2.920747566281831e-05,2.777659780931831e-05,2.777659780931831e-05,383.9501883745547
1730655000.0,2.777659780931831e-05,2.777659780931831e-05,2.5329755752618097e-05,2.5329755752618097e-05,499.5670750400887
1730655060.0,2.5329755752618097e-05,2.5329755752618097e-05,2.5329755752618097e-05,2.5329755752618097e-05,0.0
1730655120.0,2.5329755752618097e-05,2.5329755752618097e-05,2.250121260590838e-05,2.250121260590838e-05,901.7292099121094
1730655180.0,2.250121260590838e-05,2.250121260590838e-05,1.6702122432005083e-05,1.6702122432005083e-05,814.2360775589619
1730655240.0,1.6702122432005083e-05,1.8068919704243685e-05,1.5475693908481358e-05,1.7808287020066815e-05,917.2732349273044
1730655300.0,1.7808287020066815e-05,2.114429426192633e-05,1.7808287020066815e-05,2.114429426192633e-05,945.4823811610606
1730655360.0,2.114429426192633e-05,2.1213460223666473e-05,2.114429426192633e-05,2.1213460223666473e-05,12.527677252631827
1730655420.0,2.1213460223666473e-05,2.1213460223666473e-05,1.994317512960243e-05,1.994317512960243e-05,319.78759422625035
1730655480.0,1.994317512960243e-05,1.994317512960243e-05,1.8119790276601548e-05,1.8119790276601548e-05,336.38477217500093
1730655540.0,1.8119790276601548e-05,1.8119790276601548e-05,1.619790493733292e-05,1.6363626307900418e-05,719.7013081065315
1730655600.0,1.6363626307900418e-05,1.6363626307900418e-05,1.5870439885758504e-05,1.5870439885758504e-05,190.44527862910203
1730655660.0,1.5870439885758504e-05,1.5870439885758504e-05,1.5550278205589105e-05,1.5661794716725676e-05,59.59222473835004
1730655720.0,1.5661794716725676e-05,1.5661794716725676e-05,1.5661794716725676e-05,1.5661794716725676e-05,0.0
1730655780.0,1.5661794716725676e-05,1.5661794716725676e-05,1.5264481979705948e-05,1.5264481979705948e-05,129.8650737320924
1730655840.0,1.5264481979705948e-05,1.5319859301412893e-05,1.5264481979705948e-05,1.5319859301412893e-05,2.8805519181211316
1730655900.0,1.5319859301412893e-05,1.5319859301412893e-05,1.5319859301412893e-05,1.5319859301412893e-05,0.0
1730655960.0,1.5319859301412893e-05,1.5319859301412893e-05,1.5319859301412893e-05,1.5319859301412893e-05,0.0
1730656020.0,1.5319859301412893e-05,1.5319859301412893e-05,1.5319859301412893e-05,1.5319859301412893e-05,0.0
1730656080.0,1.5319859301412893e-05,1.5319859301412893e-05,1.5175810136667418e-05,1.5175810136667418e-05,34.67110758297491
1730656140.0,1.5175810136667418e-05,1.5191592529876246e-05,1.5175810136667418e-05,1.5191592529876246e-05,6.4560514159254385
1730656200.0,1.5191592529876246e-05,1.5191592529876246e-05,1.5065762980252722e-05,1.5083069341099766e-05,29.93825868231021
1730656260.0,1.5083069341099766e-05,1.5083069341099766e-05,1.5083069341099766e-05,1.5083069341099766e-05,0.0
1730656320.0,1.5083069341099766e-05,1.5083069341099766e-05,1.3358423058581114e-05,1.3358423058581114e-05,426.2308637066307
1730656380.0,1.3358423058581114e-05,1.3358423058581114e-05,1.3358423058581114e-05,1.3358423058581114e-05,0.0
1730656440.0,1.3358423058581114e-05,1.4171051517620463e-05,1.3358423058581114e-05,1.4171051517620463e-05,403.3153785766923
1730656500.0,1.4171051517620463e-05,1.5888031142656705e-05,1.4171051517620463e-05,1.5888031142656705e-05,241.98922714601545
1730656560.0,1.5888031142656705e-05,1.5888031142656705e-05,1.562710977660807e-05,1.562710977660807e-05,164.07964069376385
1730656620.0,1.562710977660807e-05,1.562710977660807e-05,1.5388157394634885e-05,1.5388157394634885e-05,16.1326151430677
1730656680.0,1.5388157394634885e-05,1.8229761540463924e-05,1.5388157394634885e-05,1.8229761540463924e-05,1259.6974207533744
1730656740.0,1.8229761540463924e-05,1.8229761540463924e-05,1.8229761540463924e-05,1.8229761540463924e-05,0.0
1730656800.0,1.8229761540463924e-05,1.8229761540463924e-05,1.8229761540463924e-05,1.8229761540463924e-05,0.0
1730656860.0,1.8229761540463924e-05,1.8229761540463924e-05,1.5432347649343626e-05,1.5432347649343626e-05,38.23273218081547
1730656920.0,1.5432347649343626e-05,1.5432347649343626e-05,1.5432347649343626e-05,1.5432347649343626e-05,0.0
1730656980.0,1.5432347649343626e-05,1.5614310849734472e-05,1.5432347649343626e-05,1.5614310849734472e-05,67.71369585237011
1730657040.0,1.5614310849734472e-05,1.5789594934049542e-05,1.5614310849734472e-05,1.5789594934049542e-05,32.246655491006365
1730657100.0,1.5789594934049542e-05,1.5789594934049542e-05,1.5789594934049542e-05,1.5789594934049542e-05,0.0
1730657160.0,1.5789594934049542e-05,1.590513043411635e-05,1.5789594934049542e-05,1.590513043411635e-05,20.960310665026228
1730657220.0,1.590513043411635e-05,1.590513043411635e-05,1.590513043411635e-05,1.590513043411635e-05,0.0
1730657280.0,1.590513043411635e-05,1.590513043411635e-05,1.590513043411635e-05,1.590513043411635e-05,0.0
1730657340.0,1.590513043411635e-05,1.590513043411635e-05,1.590513043411635e-05,1.590513043411635e-05,0.0
1730657400.0,1.590513043411635e-05,1.6125129580284452e-05,1.590513043411635e-05,1.6125129580284452e-05,80.61157210474013
1730657460.0,1.6125129580284452e-05,1.6125129580284452e-05,1.6125129580284452e-05,1.6125129580284452e-05,0.0
1730657520.0,1.6125129580284452e-05,1.6125129580284452e-05,1.6125129580284452e-05,1.6125129580284452e-05,0.0
1730657580.0,1.6125129580284452e-05,1.6125129580284452e-05,1.6125129580284452e-05,1.6125129580284452e-05,0.0
1730657640.0,1.6125129580284452e-05,1.829107895351753e-05,1.6125129580284452e-05,1.829107895351753e-05,440.9477313351512
1730657700.0,1.829107895351753e-05,1.8577873904903248e-05,1.829107895351753e-05,1.8577873904903248e-05,100.8884998024316
1730657760.0,1.8577873904903248e-05,1.956528796577236e-05,1.8577873904903248e-05,1.956528796577236e-05,177.18127686457868
1730657820.0,1.956528796577236e-05,1.956528796577236e-05,1.9426346716129328e-05,1.9426346716129328e-05,25.10746282764534
1730657880.0,1.9426346716129328e-05,2.006292983020968e-05,1.9426346716129328e-05,2.006292983020968e-05,208.9707669034318
1730657940.0,2.006292983020968e-05,2.070814878570767e-05,2.006292983020968e-05,2.0540342772080095e-05,228.13002137793455
1730658000.0,2.0540342772080095e-05,2.0540342772080095e-05,2.046793430165273e-05,2.046793430165273e-05,56.2481766709031
1730658060.0,2.046793430165273e-05,2.046793430165273e-05,2.036641135920291e-05,2.036641135920291e-05,55.96918025050683
1730658120.0,2.036641135920291e-05,2.036641135920291e-05,1.8576318846732643e-05,1.8576318846732643e-05,369.8918529847071
1730658180.0,1.8576318846732643e-05,1.9766895558497847e-05,1.8576318846732643e-05,1.9766895558497847e-05,311.190366607634
1730658240.0,1.9766895558497847e-05,2.0649763906933165e-05,1.9766895558497847e-05,2.0649763906933165e-05,168.9855936270132
1730658300.0,2.0649763906933165e-05,2.1923175118047884e-05,2.0649763906933165e-05,2.1923175118047884e-05,281.234363391154
1730658360.0,2.1923175118047884e-05,2.1954770825890286e-05,2.1081085016050935e-05,2.1081085016050935e-05,229.7454697641942
1730658420.0,2.1081085016050935e-05,2.1081085016050935e-05,1.7989633824778117e-05,1.7989633824778117e-05,668.4924104721474
1730658480.0,1.7989633824778117e-05,1.8644347770947548e-05,1.7989633824778117e-05,1.8644347770947548e-05,176.7355368842169
1730658540.0,1.8644347770947548e-05,1.9930781373644455e-05,1.8644347770947548e-05,1.9930781373644455e-05,561.74573686603
1730658600.0,1.9930781373644455e-05,1.9930781373644455e-05,1.9730986332114083e-05,1.9730986332114083e-05,57.3241420070768
1730658660.0,1.9730986332114083e-05,1.9730986332114083e-05,1.9490176164641737e-05,1.958436621011197e-05,33.36475741857585
1730658720.0,1.958436621011197e-05,1.962731870170962e-05,1.946620978645095e-05,1.946620978645095e-05,22.816751160005136
1730658780.0,1.946620978645095e-05,1.9566577765363745e-05,1.6042949924369945e-05,1.6042949924369945e-05,992.2199304328764
1730658840.0,1.6042949924369945e-05,1.6042949924369945e-05,1.435121352751491e-05,1.435121352751491e-05,316.2621783059405
1730658900.0,1.435121352751491e-05,1.4684359224022651e-05,1.435121352751491e-05,1.4684359224022651e-05,79.90584918923538
1730658960.0,1.4684359224022651e-05,1.537158906171273e-05,1.4684359224022651e-05,1.537158906171273e-05,170.07304771965397
1730659020.0,1.537158906171273e-05,1.5990318330355746e-05,1.537158906171273e-05,1.5990318330355746e-05,191.74801031178976
1730659080.0,1.5990318330355746e-05,1.5990318330355746e-05,1.5990318330355746e-05,1.5990318330355746e-05,0.0
1730659140.0,1.5990318330355746e-05,1.5990318330355746e-05,1.529764590958845e-05,1.529764590958845e-05,274.04812666245726
1730659200.0,1.529764590958845e-05,1.529764590958845e-05,1.487492564262588e-05,1.487492564262588e-05,66.20035757694511
1730659260.0,1.487492564262588e-05,1.629457697678831e-05,1.487492564262588e-05,1.629457697678831e-05,350.6365914961856
1730659320.0,1.629457697678831e-05,1.629457697678831e-05,1.6031418972050615e-05,1.6031418972050615e-05,82.13600172811589
1730659380.0,1.6031418972050615e-05,1.6031418972050615e-05,1.585553030014793e-05,1.585553030014793e-05,54.280055261630814
1730659440.0,1.585553030014793e-05,1.585553030014793e-05,1.585553030014793e-05,1.585553030014793e-05,0.0
1730659500.0,1.585553030014793e-05,1.7880862351801246e-05,1.585553030014793e-05,1.7880862351801246e-05,692.9073243175715
1730659560.0,1.7880862351801246e-05,1.7880862351801246e-05,1.692981059305833e-05,1.692981059305833e-05,450.0343097654264
1730659620.0,1.692981059305833e-05,1.692981059305833e-05,1.692981059305833e-05,1.692981059305833e-05,0.0
1730659680.0,1.692981059305833e-05,1.692981059305833e-05,1.692981059305833e-05,1.692981059305833e-05,0.0
1730659740.0,1.692981059305833e-05,1.692981059305833e-05,1.5760844531280376e-05,1.5760844531280376e-05,71.38581533098453
1730659800.0,1.5760844531280376e-05,1.5760844531280376e-05,1.5760844531280376e-05,1.5760844531280376e-05,0.0
1730659860.0,1.5760844531280376e-05,1.5760844531280376e-05,1.5760844531280376e-05,1.5760844531280376e-05,0.0
1730659920.0,1.5760844531280376e-05,1.5760844531280376e-05,1.4722585743945417e-05,1.4722585743945417e-05,414.822201669966
1730659980.0,1.4722585743945417e-05,1.4722585743945417e-05,1.3985904868574368e-05,1.4057627605224509e-05,34.91084279261613
1730660040.0,1.4057627605224509e-05,1.4057627605224509e-05,1.4057627605224509e-05,1.4057627605224509e-05,0.0
1730660100.0,1.4057627605224509e-05,1.4057627605224509e-05,1.400423991713878e-05,1.400423991713878e-05,10.851763970939189
1730660160.0,1.400423991713878e-05,1.400423991713878e-05,1.400423991713878e-05,1.400423991713878e-05,0.0
1730660220.0,1.400423991713878e-05,1.400423991713878e-05,1.3973135297705072e-05,1.3973135297705072e-05,4.298224710169038
1730660280.0,1.3973135297705072e-05,1.3973135297705072e-05,1.3896326779570245e-05,1.3896326779570245e-05,34.33503160480029
1730660340.0,1.3896326779570245e-05,1.3896326779570245e-05,1.3896326779570245e-05,1.3896326779570245e-05,0.0
