0,1,2,3,4,5
1735506780,0.000116521350620763,0.000120643744458848,0.000116521350620763,0.000118993271492401,809.68046647992
1735506720,0.000107623523378708,0.000116521350620763,0.000107623523378708,0.000116521350620763,835.27396498048
1735506660,0.000107878264252419,0.000108607434404461,0.000106631548895605,0.000107623523378708,674.29433652728
1735506600,0.000106242776682299,0.000107878264252419,0.000106242776682299,0.000107878264252419,202.3676981676
1735506540,0.000105520629700728,0.000106242776682299,0.000103175901335578,0.000106242776682299,486.07179442286
1735506480,0.000104288807256634,0.000105520629700728,0.000103679264680162,0.000105520629700728,363.04725372105
1735506420,0.000109078712134663,0.000109078712134663,0.000104288807256634,0.000104288807256634,916.53210220668
1735506360,0.000109216547780913,0.000109588238252166,0.00010902221376664,0.000109078712134663,15.1492124323
1735506300,0.000101949576855473,0.000109868669663442,0.000101470506386351,0.000109216547780913,2535.53270930288
1735506240,0.000108085025962572,0.000108271534108736,0.000101949576855473,0.000101949576855473,861.5034751183
1735506180,0.000114260520990698,0.000114260520990698,0.000108085025962572,0.000108085025962572,636.64337015664
1735506120,0.00011525292195714,0.00011525292195714,0.000114080208651425,0.000114260520990698,36.17055414719
1735506060,0.000116312434244377,0.000116742397510769,0.00011525292195714,0.00011525292195714,238.2096765378
1735506000,0.000115357420722629,0.00011775456563221,0.000113974544913164,0.000116312434244377,874.7110221889
1735505940,0.000114389942757227,0.000115357420722629,0.000114389942757227,0.000115357420722629,215.20177134739
1735505880,0.000116027899729113,0.000116027899729113,0.000114389942757227,0.000114389942757227,227.86029004052
1735505820,0.000118382745601065,0.000118762426438681,0.000116027899729113,0.000116027899729113,244.0511631617
1735505760,0.000115818017257494,0.000118821606023479,0.000115818017257494,0.000118382745601065,322.65193113161
1735505700,0.00011924338816757,0.000132300860820487,0.000107756291902878,0.000115818017257494,6696.97958501811
1735505640,0.000126838998818266,0.000126838998818266,0.000118521073723678,0.00011924338816757,913.00397187631
1735505580,0.000134414905666661,0.000134423724117611,0.000126595407829593,0.000126838998818266,894.2293973724
1735505520,0.000139394501361367,0.000141879905199741,0.000134054717583631,0.000134414905666661,1258.02730192516
1735505460,0.000133610005519993,0.000140155246463041,0.000132978391314127,0.000139394501361367,1023.17734367913
1735505400,0.000129345010535777,0.000136376350109794,0.000129345010535777,0.000133610005519993,1123.41029610988
1735505340,0.000134909648710272,0.000138783453140577,0.000128624826351113,0.000129345010535777,1401.38206507425
1735505280,0.00013136659747441,0.000143176389568374,0.000126176032394449,0.000134909648710272,4698.84846569885
1735505220,0.00012935953926843,0.0001350730100341,0.00012922227889549,0.00013136659747441,1015.14552767765
1735505160,0.000124302929070678,0.000130462517343083,0.000124239553316591,0.00012935953926843,869.45445398321
1735505100,0.000119203735372965,0.000124302929070678,0.000119203735372965,0.000124302929070678,550.376674188
1735505040,0.000117889193388086,0.000123028300251858,0.000115823339837645,0.000119203735372965,2615.81792843274
1735504980,0.000114376046752017,0.000121874365515887,0.000114101626450175,0.000117889193388086,1216.78560025347
1735504920,0.000106846598074769,0.000114854040824553,0.00010625913638905,0.000114376046752017,1157.6679536928
1735504860,9.90866223822992e-05,0.000107750148768454,9.90866223822992e-05,0.000106846598074769,1160.99548662476
1735504800,0.000102122046615969,0.000102741225442263,9.78407900994112e-05,9.90866223822992e-05,874.98657033818
1735504740,9.98441337120557e-05,0.000102122046615969,9.84628370646005e-05,0.000102122046615969,1088.49929773121
1735504680,0.000104969066426832,0.000104969066426832,9.88077578338353e-05,9.98441337120557e-05,875.18374554723
1735504620,0.000100220076818137,0.000105025370800979,9.67016281843766e-05,0.000104969066426832,7353.21751001184
1735504560,9.92159262547624e-05,0.000105988710237489,9.83616699208124e-05,0.000100220076818137,2122.75172561091
1735504500,9.44251226845695e-05,0.000102894812796503,9.44251226845695e-05,9.92159262547624e-05,3120.64002976531
1735504440,0.000108541919169132,0.000108544407166987,9.44251226845695e-05,9.44251226845695e-05,2666.86929789879
1735504380,0.000105475053020359,0.000108541919169132,9.81292625542143e-05,0.000108541919169132,3816.21231177174
1735504320,0.000109556797042318,0.000114069344017483,0.000105365485839409,0.000105475053020359,1788.48739249053
1735504260,0.000104089580946218,0.000110361117685822,9.6028907557486e-05,0.000109556797042318,6907.65554662648
1735504200,0.0001042197794564,0.000112274864284387,9.67819886306875e-05,0.000104089580946218,9901.61417424648
1735504140,0.00010734923091814,0.00010734923091814,0.000104045788723752,0.0001042197794564,480.53039099232
1735504080,0.000118755705178185,0.000119783266045543,0.000106853504157531,0.00010734923091814,5183.61135429834
1735504020,0.000125501628804153,0.000125501628804153,0.000116238038503832,0.000118755705178185,1117.3194812802
1735503960,0.00011983875293828,0.000125726229811453,0.00011983875293828,0.000125501628804153,834.47458914676
1735503900,0.000114761251394066,0.00012794113549498,0.000106482397072247,0.00011983875293828,13621.05863836542
1735503840,0.000121190677874218,0.000122366843149838,0.000114761251394066,0.000114761251394066,1761.39706858572
1735503780,0.000125386892077344,0.000125386892077344,0.00012057820214759,0.000121190677874218,273.6405756764
1735503720,0.000117175339244869,0.000140082149537148,0.000117175339244869,0.000125386892077344,6117.93933379902
1735503660,0.000128822697961754,0.000129749502415597,0.000117175339244869,0.000117175339244869,1317.11325587312
1735503600,0.0001385346693197,0.0001385346693197,0.000128822697961754,0.000128822697961754,919.75811231195
1735503540,0.000124716090390257,0.0001385346693197,0.000124716090390257,0.0001385346693197,1315.73221012252
1735503480,0.000128002444403837,0.000128002444403837,0.000124716090390257,0.000124716090390257,388.35732359641
1735503420,0.000131490767355034,0.000131837244402998,0.000127561107660888,0.000128002444403837,854.11666433454
1735503360,0.000138845606385982,0.000139646999872769,0.000130878433796697,0.000131490767355034,978.47549459571
1735503300,0.000135209310458805,0.000145725632993823,0.000135209310458805,0.000138845606385982,1700.96675467104
1735503240,0.000131884942519855,0.000140074121704846,0.000113421594593746,0.000135209310458805,15758.72282647283
1735503180,0.000139170602499258,0.000139170602499258,0.000130649147556585,0.000131884942519855,912.5533280889
1735503120,0.000142974133974285,0.000142974133974285,0.000139077083833447,0.000139170602499258,650.86587227309
1735503060,0.000142807745704837,0.000143402389874573,0.000142493338419623,0.000142974133974285,82.10089196784
1735503000,0.000140923636448077,0.000143999825587972,0.000140923636448077,0.000142807745704837,425.76382386174
1735502940,0.000148992543058533,0.000148992543058533,0.000140923636448077,0.000140923636448077,958.99359437874
1735502880,0.000148225977425151,0.000151461416553301,0.000146478025826148,0.000148992543058533,1357.078523404
1735502820,0.000164224938468317,0.000165504723565036,0.000147700090317529,0.000148225977425151,2076.64748759832
1735502760,0.000163514719132865,0.000168011934153985,0.000162904319057743,0.000164224938468317,1236.2030685727
1735502700,0.000155803371876121,0.000163514719132865,0.000155803371876121,0.000163514719132865,1044.22678974136
1735502640,0.000153791278076875,0.000156029424123922,0.000153791278076875,0.000155803371876121,355.32828707524
1735502580,0.000151728338387577,0.000161096117473281,0.00015153585501235,0.000153791278076875,1552.74714730373
1735502520,0.000152882951897327,0.000154499016247083,0.000151183145379312,0.000151728338387577,742.10020507183
1735502460,0.000161665409879912,0.000161665409879912,0.000152628559435044,0.000152882951897327,1169.0867379141
1735502400,0.000151488547574125,0.000165187784581345,0.000151488547574125,0.000161665409879912,1895.65066078068
1735502340,0.0001381806780329,0.000151488547574125,0.0001381806780329,0.000151488547574125,1767.1565481023
1735502280,0.000140356971613021,0.000142442528030924,0.000137736073763899,0.0001381806780329,2193.0792822972
1735502220,0.000154521723809004,0.000154521723809004,0.000140174122403533,0.000140356971613021,2611.58232613692
1735502160,0.000140348463327812,0.000154521723809004,0.00013920252801304,0.000154521723809004,2268.50232312822
1735502100,0.000143877762634318,0.000159359337858481,0.000129252499365588,0.000140348463327812,8146.04204466609
1735502040,0.000161527153114889,0.000165102209088504,0.000142629771818324,0.000143877762634318,3928.77842801718
1735501980,0.000155983880286122,0.000161527153114889,0.000155845686547823,0.000161527153114889,896.24290117572
1735501920,0.000166970815917302,0.000166970815917302,0.000155983880286122,0.000155983880286122,3146.07324323277
1735501860,0.00017482259178806,0.00017482259178806,0.000166970815917302,0.000166970815917302,1441.14678597987
1735501800,0.000167841345064181,0.000177140574862602,0.000163344214959878,0.00017482259178806,3621.35971570665
1735501740,0.000180349504360427,0.000180349504360427,0.000167841345064181,0.000167841345064181,698.71963690052
1735501680,0.000175534413589043,0.000180349504360427,0.000175534413589043,0.000180349504360427,851.27355005981
1735501620,0.000186575134123314,0.000186575134123314,0.000175534413589043,0.000175534413589043,1048.07060613632
1735501560,0.000186240857068675,0.000187844426823864,0.000185477619599401,0.000186575134123314,304.55501471993
1735501500,0.000180489445437504,0.000186258233819752,0.000180489445437504,0.000186240857068675,1860.21469831467
1735501440,0.000188388349533712,0.00021619372095626,0.000179935805117026,0.000180489445437504,6851.32811862942
1735501380,0.00017274192860323,0.000188388349533712,0.00017274192860323,0.000188388349533712,1659.51931182835
1735501320,0.000194572843516675,0.000197253907974101,0.000169608017285107,0.00017274192860323,2776.12038682078
1735501260,0.000202961875212191,0.000202961875212191,0.000194572843516675,0.000194572843516675,2037.62302648232
1735501200,0.000197017606511398,0.000206859921807395,0.000195268292250156,0.000202961875212191,2727.30207634626
1735501140,0.000193565838744712,0.000208984900675403,0.000193565838744712,0.000197017606511398,2531.76810817135
1735501080,0.000195082732223058,0.000195691090335425,0.000187834813880639,0.000193565838744712,1266.70641752174
1735501020,0.00022249378919438,0.000223709757664335,0.000190413534933978,0.000195082732223058,2823.6494234758
1735500960,0.000181939239282286,0.000222986631287312,0.000181069957870309,0.00022249378919438,4638.02004969264
1735500900,0.000159860423936586,0.000181939239282286,0.000159860423936586,0.000181939239282286,3563.09565475938
1735500840,0.000161391894775453,0.000161391894775453,0.000156881328976094,0.000159860423936586,1293.707520759
1735500780,0.000166465387069632,0.000166465387069632,0.000161391894775453,0.000161391894775453,751.0076385855
1735500720,0.000166719875767958,0.000168280523500298,0.000166465387069632,0.000166465387069632,139.26351268735
1735500660,0.000168028629039734,0.000168028629039734,0.000166719875767958,0.000166719875767958,130.53117496838
1735500600,0.000179467792453847,0.000179467792453847,0.000166140445833186,0.000168028629039734,1407.991775762
1735500540,0.000188181981484408,0.000188181981484408,0.000179049495835191,0.000179467792453847,751.74951188359
1735500480,0.000191937763883926,0.000191937763883926,0.000185704206944078,0.000188181981484408,943.15794445656
1735500420,0.000185525603450236,0.000192299028513379,0.000185525603450236,0.000191937763883926,826.34843971592
1735500360,0.000177288939345884,0.000185525603450236,0.000175190907431345,0.000185525603450236,961.01907818852
1735500300,0.000173446365161747,0.000178615836063688,0.000173265348511728,0.000177288939345884,1112.17045469894
1735500240,0.000179780948630173,0.000179780948630173,0.000170819419669717,0.000173446365161747,1548.34563472718
1735500180,0.000179313670001734,0.00018098455200904,0.000179313670001734,0.000179780948630173,152.05270223182
1735500120,0.000163143596757071,0.000180357090232724,0.000163143596757071,0.000179313670001734,2463.79810564312
1735500060,0.000156891482917798,0.000163143596757071,0.000156676908044125,0.000163143596757071,499.31833912377
1735500000,0.000160527499345576,0.000162463019981329,0.000155694719222409,0.000156891482917798,1711.58129276019
1735499940,0.000162677510449563,0.000163447035011014,0.000160527499345576,0.000160527499345576,247.47911092746
1735499880,0.000162514553033785,0.000163509770349414,0.000162514553033785,0.000162677510449563,55.9084426799
1735499820,0.000160973739320162,0.000164557063179888,0.00015841335555373,0.000162514553033785,588.92484844955
1735499760,0.000169390078433319,0.000172311555254469,0.000160973739320162,0.000160973739320162,1293.93521736405
1735499700,0.000178854133408066,0.000178960327998275,0.000169390078433319,0.000169390078433319,1243.44052285123
1735499640,0.000152880211093258,0.000181555886218651,0.000152696402842442,0.000178854133408066,3587.39192666377
1735499580,0.000159481322282555,0.000159481322282555,0.000148227703527204,0.000152880211093258,1909.85981259906
1735499520,0.000160692896711333,0.000161208422433654,0.000159481322282555,0.000159481322282555,134.53409348244
1735499460,0.000165717999524036,0.000166104294551871,0.000160692896711333,0.000160692896711333,476.48797235676
1735499400,0.000178136838501592,0.000178136838501592,0.000164206912983006,0.000165717999524036,2127.2235671496
1735499340,0.000178194414975708,0.000178194414975708,0.000177497240344057,0.000178136838501592,90.83536640844
1735499280,0.000174444307706256,0.000178194414975708,0.000173677561631773,0.000178194414975708,700.81355193078
1735499220,0.000175854314282537,0.000177176603442879,0.000173069537115529,0.000174444307706256,615.88505156728
1735499160,0.000182064941407882,0.000182064941407882,0.000174016873462606,0.000175854314282537,1172.12764144312
1735499100,0.000187923559854969,0.000187923559854969,0.000182064941407882,0.000182064941407882,532.36517761355
1735499040,0.000187865050115226,0.000187923559854969,0.000184082839061071,0.000187923559854969,909.62394961006
1735498980,0.000191131830797472,0.000193467580182808,0.000187865050115226,0.000187865050115226,936.11802635968
1735498920,0.000181215980179667,0.000191131830797472,0.000181215980179667,0.000191131830797472,1097.26720656802
1735498860,0.000187469963996435,0.000212121380060544,0.000179320144867445,0.000181215980179667,12323.53487621483
1735498800,0.000212036245717317,0.000212036245717317,0.000187469963996435,0.000187469963996435,4228.79188677034
1735498740,0.000206899134002916,0.000213229141225181,0.000204964214604023,0.000212036245717317,1504.99081896695
1735498680,0.000199885304383878,0.000209103750176972,0.000199159397161897,0.000206899134002916,1659.35960197427
1735498620,0.000194112920781301,0.000204779678987164,0.000194112920781301,0.000199885304383878,1584.58707927425
1735498560,0.000192455526146661,0.000199626321981528,0.000192455526146661,0.000194112920781301,2343.47155395747
1735498500,0.000201818719846806,0.000201818719846806,0.000190240504520436,0.000192455526146661,1527.05020804882
1735498440,0.000174404950255044,0.000201818719846806,0.000174404950255044,0.000201818719846806,7391.51759346656
1735498380,0.000171865970929136,0.000174404950255044,0.000169047364955456,0.000174404950255044,865.91077280379
1735498320,0.000162555059106289,0.000171865970929136,0.000162555059106289,0.000171865970929136,1098.7249064838
1735498260,0.000162694420141882,0.000162694420141882,0.000156626719766693,0.000162555059106289,1261.053644953
1735498200,0.000164853429978507,0.000165066279751619,0.000162694420141882,0.000162694420141882,216.6415602816
1735498140,0.000162125550148857,0.000165901930025366,0.000161270447269325,0.000164853429978507,1415.9356792878
1735498080,0.000170266869475948,0.000170266869475948,0.000162125550148857,0.000162125550148857,742.837876506
1735498020,0.000170760703386221,0.000176390289681359,0.00016949662053993,0.000170266869475948,1351.79632363622
1735497960,0.000164909858779549,0.000178081338363595,0.000164713671642617,0.000170760703386221,2634.07841228869
1735497900,0.000157450234440161,0.000164909858779549,0.000157021191788615,0.000164909858779549,985.13685516281
1735497840,0.000153349680485255,0.000158834412482346,0.00015169522714507,0.000157450234440161,950.45632647864
1735497780,0.000142776323526168,0.000160275666087358,0.000142776323526168,0.000153349680485255,4164.13139195736
1735497720,0.000150882308219821,0.000150882308219821,0.000142420526829321,0.000142776323526168,1052.07455801639
1735497660,0.000146272032516666,0.000155113279579282,0.000146272032516666,0.000150882308219821,2840.88404752315
1735497600,0.00013220543384775,0.000146876902129689,0.00013220543384775,0.000146272032516666,2954.61502641093
1735497540,0.000135656568205577,0.000148678353629912,0.00012752399690257,0.00013220543384775,5221.84602378958
1735497480,0.000141669274123648,0.000141669274123648,0.000135656568205577,0.000135656568205577,629.3778608722
1735497420,0.000153619507368763,0.000153619507368763,0.000140657012834786,0.000141669274123648,1264.57610785725
1735497360,0.000148482574113982,0.00015412318525331,0.000148482574113982,0.000153619507368763,878.30826361986
1735497300,0.000148675474906682,0.000151081932621449,0.000143208859396767,0.000148482574113982,1571.20919719832
1735497240,0.00013870107500761,0.000148675474906682,0.000137738809137167,0.000148675474906682,1750.69425523215
1735497180,0.000142059623224029,0.000142059623224029,0.00013870107500761,0.00013870107500761,274.68510026425
1735497120,0.000146168167394926,0.000146168167394926,0.000142059623224029,0.000142059623224029,1114.51904543557
1735497060,0.000141982986899612,0.000147309640498297,0.000141982986899612,0.000146168167394926,815.28806283428
1735497000,0.00014045978645012,0.000144702572894597,0.000138295364505089,0.000141982986899612,1585.29092639928
1735496940,0.000147958655881958,0.000147958655881958,0.00014045978645012,0.00014045978645012,976.7937748619
1735496880,0.000158466406608624,0.000158466406608624,0.000146170146969136,0.000147958655881958,1502.47932613974
1735496820,0.000151030434684211,0.000158466406608624,0.000150725222466933,0.000158466406608624,962.88730980006
1735496760,0.000149373140105592,0.00015162755461426,0.00014272298459078,0.000151030434684211,1849.48048063541
1735496700,0.000151077362782208,0.000152445211561966,0.000146043338126179,0.000149373140105592,1186.46458376745
1735496640,0.00015970879395247,0.00015970879395247,0.000151077362782208,0.000151077362782208,1043.53502720471
1735496580,0.000157876461476092,0.000160518475172622,0.000152555250797352,0.00015970879395247,1372.56295031887
1735496520,0.000160544462628223,0.000164167202738904,0.000157611777841149,0.000157876461476092,889.79053757765
1735496460,0.000161171468496,0.0001739049174669,0.000158257916919511,0.000160544462628223,3099.87305373674
1735496400,0.000170290259077834,0.000170290259077834,0.000161171468496,0.000161171468496,1034.45363405601
1735496340,0.000171753106680318,0.000171753106680318,0.000169695897634986,0.000170290259077834,213.13745350368
1735496280,0.000168590426431799,0.000173464883566951,0.000168590426431799,0.000171753106680318,633.1625468468
1735496220,0.000162053211842495,0.000168590426431799,0.000160243426162261,0.000168590426431799,1646.19684170156
1735496160,0.000168759447489448,0.00017251761936536,0.000162053211842495,0.000162053211842495,1212.8708573219
1735496100,0.00017438204817925,0.000174645772917079,0.000166363708737159,0.000168759447489448,1428.5767161344
1735496040,0.00017857207672046,0.000193829942450464,0.000157737245346362,0.00017438204817925,10095.76331032089
1735495980,0.000185747306107412,0.000185747306107412,0.00017857207672046,0.00017857207672046,710.91688867267
1735495920,0.000185065452920389,0.000186980862244116,0.000184957231659381,0.000185747306107412,146.26044389258
1735495860,0.000186190337262118,0.000186196163286805,0.000185065452920389,0.000185065452920389,124.41865945826
1735495800,0.000189385471710079,0.000200598033851703,0.000186190337262118,0.000186190337262118,2290.93188773588
1735495740,0.000190064364661333,0.000191042047661833,0.000189378261714146,0.000189385471710079,171.36565861586
1735495680,0.000190916610498544,0.000197558114967688,0.000190064364661333,0.000190064364661333,1233.65411045166
1735495620,0.000190616501479168,0.000194935115494628,0.000188088493454699,0.000190916610498544,2271.03984895002
1735495560,0.00019265352522082,0.00019265352522082,0.000190571437414574,0.000190616501479168,176.0472538632
1735495500,0.000202467207423634,0.000202467207423634,0.00019265352522082,0.00019265352522082,765.90229344541
1735495440,0.000204635284222993,0.000204837177091337,0.000202467207423634,0.000202467207423634,183.44193388538
1735495380,0.000195764506009835,0.000207168549760086,0.00019543326656181,0.000204635284222993,1712.39907369673
1735495320,0.000191138922628149,0.000195764506009835,0.000176404823796607,0.000195764506009835,3007.17071426085
1735495260,0.000200451006537385,0.000202219586633942,0.000191138922628149,0.000191138922628149,964.81689781015
1735495200,0.000202727233061832,0.000202727233061832,0.000200451006537385,0.000200451006537385,202.1601869217
1735495140,0.00021817894907575,0.00021817894907575,0.000202727233061832,0.000202727233061832,1067.90152792317
1735495080,0.000225497969286092,0.000226311972594466,0.000218071306530452,0.00021817894907575,696.64960909757
1735495020,0.000224323858907698,0.000225497969286092,0.000223641605383749,0.000225497969286092,163.72530837408
1735494960,0.000229215010879831,0.000229215010879831,0.000224323858907698,0.000224323858907698,369.72044704125
1735494900,0.000232956795820636,0.000233089465734092,0.000227807640560489,0.000229215010879831,427.32055304028
1735494840,0.000228942219425438,0.000234365224246362,0.000227009773308834,0.000232956795820636,855.39250732926
1735494780,0.000241461897220282,0.000256771529559789,0.000227004325912838,0.000228942219425438,5947.75933955328
1735494720,0.000237710316852104,0.000242800952672331,0.000236416883963024,0.000241461897220282,517.77318220141
1735494660,0.000228880797686953,0.000237710316852104,0.000228880797686953,0.000237710316852104,606.9965927505
1735494600,0.000222747305103848,0.000228880797686953,0.000222036760200647,0.000228880797686953,622.49349646896
1735494540,0.000222605843391532,0.000223761587765982,0.0002201147333184,0.000222747305103848,472.6166788499
1735494480,0.000199683135302054,0.000223851439311808,0.000199683135302054,0.000222605843391532,2515.92673957266
1735494420,0.000209755286116231,0.000209755286116231,0.000199683135302054,0.000199683135302054,978.13107212274
1735494360,0.000211442014857924,0.000211600539074402,0.000209755286116231,0.000209755286116231,192.2682306147
1735494300,0.000194862269172474,0.000211442014857924,0.000193522750218446,0.000211442014857924,1443.38729047711
1735494240,0.000190435739741963,0.000195106089893843,0.000186973666649197,0.000194862269172474,2033.80272002827
1735494180,0.000210868819630498,0.000210868819630498,0.000190435739741963,0.000190435739741963,1639.19949128436
1735494120,0.000214726945621771,0.00021556384915031,0.000208414198908221,0.000210868819630498,786.3108085524
1735494060,0.00021551613050923,0.000216796409639107,0.000214726945621771,0.000214726945621771,186.10303010848
1735494000,0.000217258554144368,0.000217258554144368,0.00021551613050923,0.00021551613050923,41.98954257883
1735493940,0.000219241885302445,0.000219849820989207,0.000217258554144368,0.000217258554144368,392.71332278646
1735493880,0.000224566882723807,0.000224566882723807,0.000218394732321481,0.000219241885302445,546.09398941758
1735493820,0.000224520152613609,0.000227648601591123,0.00022359737557141,0.000224566882723807,629.3461032191
1735493760,0.000237087614839148,0.000242679556199482,0.000221737316871363,0.000224520152613609,3841.87932075613
1735493700,0.000210521788279847,0.000240743157475095,0.000210521788279847,0.000237087614839148,3328.25869671327
1735493640,0.000209639220266736,0.000211289945448532,0.000208670035946517,0.000210521788279847,316.87005568535
1735493580,0.000213147896067981,0.000213147896067981,0.000208590247245022,0.000209639220266736,310.54834888769
1735493520,0.000225271882866474,0.000225271882866474,0.000213147896067981,0.000213147896067981,1369.50152921802
1735493460,0.000223224506875564,0.000237710341067454,0.000219023251498339,0.000225271882866474,4507.13099733694
1735493400,0.000199331017705389,0.000223341234337916,0.000199331017705389,0.000223224506875564,2725.02119086048
1735493340,0.000215370406466391,0.000216793676535764,0.000190691962983259,0.000199331017705389,3471.75539506291
1735493280,0.000224909559880853,0.000250723237324728,0.000201321756439746,0.000215370406466391,11262.76921722561
1735493220,0.000237114522249865,0.000238136481315239,0.000224909559880853,0.000224909559880853,1212.68736416304
1735493160,0.000242568920572554,0.000243064965933112,0.000237114522249865,0.000237114522249865,1106.64334348982
1735493100,0.000241540779084372,0.000243754346209941,0.000236513877749744,0.000242568920572554,1136.41756790301
1735493040,0.000240599850494141,0.000246000950435463,0.000233695988463823,0.000241540779084372,4220.67974578445
1735492980,0.000239265255377931,0.000245599989902221,0.000239265255377931,0.000240599850494141,2250.04656785085
1735492920,0.000266356144607424,0.000267324825791291,0.000230732087803681,0.000239265255377931,5016.628508951
1735492860,0.000264776472568997,0.000267670933118272,0.000264776472568997,0.000266356144607424,391.87821937895
1735492800,0.000268388480109221,0.000270750500755206,0.000264415301894334,0.000264776472568997,1184.25903777573
1735492740,0.000277905708045391,0.00028012768308952,0.000263560240159934,0.000268388480109221,2180.02230080201
1735492680,0.000299471856648236,0.000299471856648236,0.000272395754429021,0.000277905708045391,2995.45894697796
1735492620,0.000305260135884406,0.000328069286439783,0.000297632589189091,0.000299471856648236,5467.7610763979
1735492560,0.000303352820550558,0.00030653308260131,0.00028746346997672,0.000305260135884406,5556.77256140566
1735492500,0.000330724073698507,0.000332717648423728,0.0003030578263046,0.000303352820550558,3774.931109764
1735492440,0.000328927891668737,0.00033262177735406,0.000315307871158853,0.000330724073698507,4128.72305777946
1735492380,0.000294097574576703,0.000330268777787488,0.000294097574576703,0.000328927891668737,3702.44114502917
1735492320,0.000286949507954054,0.000308196949787977,0.000286949507954054,0.000294097574576703,2596.82277161257
1735492260,0.000279157387762647,0.000289693041986353,0.000274783406672551,0.000286949507954054,2495.72073912489
1735492200,0.000310068408326068,0.000319735741966624,0.000278668071640741,0.000279157387762647,8165.82205628231
1735492140,0.000298871907994729,0.000322481702239151,0.000295917119117054,0.000310068408326068,7383.42886350523
1735492080,0.000263361629269381,0.000298871907994729,0.000258358647232483,0.000298871907994729,4552.4547927613
1735492020,0.000253653108201241,0.000274363898736978,0.000253653108201241,0.000263361629269381,4691.01292225804
1735491960,0.000238228903632199,0.000253653108201241,0.000236620250606612,0.000253653108201241,1405.01483525237
1735491900,0.000252612757350362,0.000254486816685136,0.000231919139256729,0.000238228903632199,2847.29027113158
1735491840,0.000259076856847342,0.000259837238011149,0.000250457173747489,0.000252612757350362,2159.46446886011
1735491780,0.000250571609099487,0.000262657949179075,0.000249405097390982,0.000259076856847342,2196.97120117904
1735491720,0.000242664317883056,0.000251641581659239,0.000242664317883056,0.000250571609099487,1589.20011490394
1735491660,0.00022475829305303,0.000242664317883056,0.000218511530952235,0.000242664317883056,2634.66925989303
1735491600,0.000226985813977373,0.000226985813977373,0.000220383484735126,0.00022475829305303,1351.95348582606
1735491540,0.000227289232179952,0.00024618185055365,0.000219450472108367,0.000226985813977373,5307.51271237092
1735491480,0.000236123518083316,0.000236123518083316,0.000223692218940404,0.000227289232179952,1411.25478152679
1735491420,0.000221823929820814,0.000236532325883889,0.000221823929820814,0.000236123518083316,1658.80529505796
1735491360,0.000237814562496801,0.000241591256235981,0.000215993005613353,0.000221823929820814,2722.90328481004
1735491300,0.00022579299711305,0.000242871215283612,0.00022579299711305,0.000237814562496801,2647.84176520572
1735491240,0.000208244730058723,0.00022579299711305,0.000208244730058723,0.00022579299711305,1351.72639873725
1735491180,0.000200747073880094,0.000208244730058723,0.000199978570936743,0.000208244730058723,780.00726484375
1735491120,0.000209447597501935,0.00021379283680228,0.000196206592469528,0.000200747073880094,3970.16465225858
1735491060,0.000202979680686761,0.000210754931502752,0.000201908558610087,0.000209447597501935,1318.48103524311
1735491000,0.000209311402000426,0.000209414472608533,0.000202143761862933,0.000202979680686761,2873.07669605205
1735490940,0.000211933412080815,0.000214402732239753,0.000207595060892607,0.000209311402000426,8052.12808529174
1735490880,0.000221270657032748,0.000226245268978108,0.000209922187677397,0.000211933412080815,18482.01313335659
1735490820,0.000202775593062464,0.000221517527663304,0.000198609898879977,0.000221270657032748,34836.84491008506
1735490760,0.000190994649943682,0.000204536325698416,0.000188143327761022,0.000202775593062464,54967.07010166269
1735490700,0.000191986572322706,0.000193957063871345,0.000188742753067081,0.000190994649943682,63215.36850631206
1735490640,0.000189092182162705,0.000192242168511367,0.000187724358807701,0.000191986572322706,66866.66122182508
1735490580,0.000185345862006389,0.000191105920661118,0.000183693409089211,0.000189092182162705,15156.2050903046
1735490520,0.000193753116679794,0.00019460382017267,0.000185345862006389,0.000185345862006389,2707.47138229
1735490460,0.000197712057370688,0.000199626171790774,0.000193299390303452,0.000193753116679794,2638.92760708401
1735490400,0.000197462720330917,0.000200953535308385,0.000195872011095347,0.000197712057370688,2281.01858033714
1735490340,0.000193337990996265,0.00020157761172677,0.000192784298,0.000197462720330917,3527.33742590755
1735490280,0.000190618230385081,0.000195092280411881,0.000190618230385081,0.000193337990996265,2074.6170814011
1735490220,0.000188331808133776,0.000190618230385081,0.000185240534953781,0.000190618230385081,2423.70208716055
1735490160,0.00018716664149457,0.000189244605611,0.000185774852074227,0.000188331808133776,1850.12799207944
1735490100,0.00019347862814916,0.000195295166461576,0.00018716664149457,0.00018716664149457,2174.09247462514
1735490040,0.0001904769901935,0.000195782064531164,0.00018149248918456,0.00019347862814916,3456.93399756949
1735489980,0.000191245498058272,0.000193806189955135,0.000183706093832737,0.0001904769901935,2976.63819430418
1735489920,0.00019193730153397,0.000195276255951324,0.000190637685860172,0.000191245498058272,2594.38127878004
1735489860,0.000198963467638012,0.000198963467638012,0.000190007834860233,0.00019193730153397,2339.69546402877
1735489800,0.000211685562583124,0.000211685562583124,0.000196395098082886,0.000198963467638012,4104.8184981238
1735489740,0.000199996369611281,0.00021225145415619,0.000190088341311563,0.000211685562583124,4073.16541899102
1735489680,0.000199866571152564,0.000201387977640725,0.000196273024724634,0.000199996369611281,2427.24571421335
1735489620,0.000199052537012188,0.000205901719321447,0.000199052537012188,0.000199866571152564,3885.02814480096
1735489560,0.000222001342414514,0.000244172630109829,0.000197843333195471,0.000199052537012188,9539.21643280335
1735489500,0.000209093906276576,0.000222001342414514,0.000204306784526751,0.000222001342414514,4059.44428882287
1735489440,0.000193637359747069,0.000216163524791336,0.000192578496855506,0.000209093906276576,6466.56071597702
1735489380,0.000192253540851338,0.000196212234156728,0.000183227431343749,0.000193637359747069,3528.51925301239
1735489320,0.000192983023972979,0.000208098097096232,0.000185413310420201,0.000192253540851338,4665.63573945023
1735489260,0.000194430944035485,0.000198161916481423,0.000192983023972979,0.000192983023972979,2200.64511160857
1735489200,0.000189441542498781,0.000202254606042049,0.000189441542498781,0.000194430944035485,4381.64952424747
1735489140,0.000211361574810252,0.000213238100932183,0.000189441542498781,0.000189441542498781,3571.3537990499
1735489080,0.000188744190245201,0.000218277689551237,0.000188744190245201,0.000211361574810252,4587.03562141337
1735489020,0.000215883520383822,0.00021654799148383,0.000184439887595341,0.000188744190245201,4906.81648150237
1735488960,0.000220511259159081,0.000237661467688746,0.000215883520383822,0.000215883520383822,5539.06284876671
1735488900,0.00021872172307378,0.000228098673745445,0.000202803255871208,0.000220511259159081,5336.67551837431
1735488840,0.000213225713101486,0.00021872172307378,0.000203660131396999,0.00021872172307378,1143.22913621824
1735488780,0.000200235185912668,0.000222710020110707,0.000199243280644453,0.000213225713101486,5673.62820170504
1735488720,0.000191247237241021,0.000200235185912668,0.000190163377137676,0.000200235185912668,1442.43453740087
1735488660,0.000194625362277298,0.000198495488213413,0.000191247237241021,0.000191247237241021,1486.68491056332
1735488600,0.0001911687056138,0.000194654116291778,0.0001911687056138,0.000194625362277298,702.01105460919
1735488540,0.000196675853706895,0.000207207680064909,0.000190842840143519,0.0001911687056138,3077.7914799516
1735488480,0.000190780941018795,0.000204727675609704,0.000190780941018795,0.000196675853706895,2320.41155153283
1735488420,0.000181810546634216,0.000190780941018795,0.000181810546634216,0.000190780941018795,739.25242469672
1735488360,0.000178532386310543,0.000185649504714822,0.000175860709334654,0.000181810546634216,1865.81639741115
1735488300,0.000178731636159238,0.000178731636159238,0.000172848677640202,0.000178532386310543,446.06223948749
1735488240,0.000172738571816702,0.000178731636159238,0.000171097466886758,0.000178731636159238,1180.00461063808
1735488180,0.000170187501341887,0.000172738571816702,0.000166357491834483,0.000172738571816702,898.88445219294
1735488120,0.000173989557600644,0.000173989557600644,0.000169110101798,0.000170187501341887,540.88359761247
1735488060,0.000172904066054122,0.00019209391194515,0.000168064131843024,0.000173989557600644,4256.69577707153
1735488000,0.000193137741115687,0.000193137741115687,0.000171922636206964,0.000172904066054122,1734.04601347168
1735487940,0.000191577879936785,0.000195196627620904,0.000189438644996247,0.000193137741115687,1430.09108083233
1735487880,0.00018878604108651,0.00019441352753119,0.000186980764424943,0.000191577879936785,1294.92414573286
1735487820,0.000189590643982854,0.000190262181769253,0.000177559932524305,0.00018878604108651,2159.6822848626
1735487760,0.0001750535665019,0.000196726817367008,0.000173261395409493,0.000189590643982854,4158.1199038543
1735487700,0.000173193712806423,0.000176301733082883,0.000170799336764363,0.0001750535665019,1502.23351878641
1735487640,0.000161506661956789,0.000173193712806423,0.000159839178356217,0.000173193712806423,1823.59518719173
1735487580,0.000170389413883202,0.000170389413883202,0.000157843642669137,0.000161506661956789,1213.64972274866
1735487520,0.00017450889888572,0.000184549957744801,0.000170389413883202,0.000170389413883202,3935.3519468831
1735487460,0.000168920839235222,0.000174950640289367,0.000156273522362276,0.00017450889888572,2890.25886288975
1735487400,0.000154913250072291,0.000170953169075727,0.000154913250072291,0.000168920839235222,3347.68082934968
1735487340,0.000156094732995707,0.000156094732995707,0.000153973413423239,0.000154913250072291,387.61093856948
1735487280,0.00016094432774377,0.000161163928954264,0.000155699255602545,0.000156094732995707,876.02866637977
1735487220,0.0001575052634649,0.000163595196599539,0.000155827825920032,0.00016094432774377,1787.1589257257
1735487160,0.000161623889427305,0.000162697371685758,0.0001575052634649,0.0001575052634649,1141.94849837922
1735487100,0.000135016197369788,0.000163317790018601,0.000135016197369788,0.000161623889427305,3930.73886240132
1735487040,0.00013376037418286,0.000149191665164125,0.000131954066731193,0.000135016197369788,3999.54876570915
1735486980,0.000130764070632753,0.00013376037418286,0.000121990456889565,0.00013376037418286,2023.52809455337
1735486920,0.000131982869558305,0.000132301042108944,0.000130764070632753,0.000130764070632753,117.17154041265
1735486860,0.000134340673536766,0.000134340673536766,0.000131982869558305,0.000131982869558305,209.9990829816
1735486800,0.000131156840251827,0.000135064034066876,0.000128430767431283,0.000134340673536766,915.47403695489
1735486740,0.00012509953216013,0.000134948897588714,0.00012509953216013,0.000131156840251827,2130.68057615211
1735486680,0.00012903614288596,0.000130225861573751,0.00012509953216013,0.00012509953216013,643.92884170598
1735486620,0.000132768429503361,0.000133176819803857,0.000128931328543644,0.00012903614288596,549.09154219596
1735486560,0.000131467302678818,0.000134425679960995,0.000131467302678818,0.000132768429503361,326.26452734157
1735486500,0.000132218339145441,0.000133505071475238,0.00012838139531835,0.000131467302678818,1195.2439412903
1735486440,0.000147665721884256,0.000147665721884256,0.000131055496782225,0.000132218339145441,1627.78181620188
1735486380,0.000141506410589096,0.000149965475935167,0.000141506410589096,0.000147665721884256,1917.74629101474
1735486320,0.00013370059236613,0.000143572819660268,0.00013370059236613,0.000141506410589096,1615.00238349088
1735486260,0.000136666468225676,0.000137046474539486,0.00013370059236613,0.00013370059236613,627.07312273985
1735486200,0.000121529294107414,0.000143560773819053,0.000120382650878006,0.000136666468225676,5356.37324009646
1735486140,0.000131569759825638,0.000131569759825638,0.000121529294107414,0.000121529294107414,2412.87447255469
1735486080,0.000136403831750566,0.000136403831750566,0.000131520994721391,0.000131569759825638,500.55061711136
1735486020,0.000141901329271556,0.000141901329271556,0.000134128519292327,0.000136403831750566,1722.12575044356
1735485960,0.000143611594999921,0.000143611594999921,0.000141901329271556,0.000141901329271556,154.9216055938
1735485900,0.000148852646696232,0.000148852646696232,0.000143611594999921,0.000143611594999921,490.81570173775
1735485840,0.000149385385165659,0.00015277886912889,0.000144416867842992,0.000148852646696232,2372.25971630026
1735485780,0.00015089758793098,0.000151490950674755,0.000149169993665,0.000149385385165659,466.0490026604
1735485720,0.000149024938614161,0.000151719028901371,0.000145960088087748,0.00015089758793098,1139.40477372596
1735485660,0.000155689403333693,0.000155689403333693,0.000147499256927418,0.000149024938614161,764.16701602974
1735485600,0.000155225183492768,0.000155689403333693,0.000155041331735378,0.000155689403333693,104.30952443125
1735485540,0.000162654843268987,0.000168698732914037,0.000150999446546012,0.000155225183492768,5597.35924548645
1735485480,0.000159122161605775,0.000178632267694918,0.000157860988982623,0.000162654843268987,4419.64999685266
1735485420,0.00015915428900018,0.00016302138494352,0.00015835308188059,0.000159122161605775,1362.03928597529
1735485360,0.00015769120662867,0.00016287012173405,0.000155170173227939,0.00015915428900018,1264.69007249227
1735485300,0.000149234745099043,0.000158897483440067,0.000149234745099043,0.00015769120662867,1675.57317267482
1735485240,0.000138399102297473,0.000155038903006106,0.000137335539945783,0.000149234745099043,6054.9642862695
1735485180,0.000140469220174158,0.000149868286411418,0.000137383198874821,0.000138399102297473,3081.45033958965
1735485120,0.000156983357414696,0.00016150157480645,0.000140462113574527,0.000140469220174158,3243.50369199493
1735485060,0.000164501360531411,0.000167976088618189,0.000154963475267783,0.000156983357414696,1941.18263604265
1735485000,0.00016623445439295,0.000170369517554486,0.000163739650705973,0.000164501360531411,1380.47933748104
1735484940,0.000158584923090854,0.000178503803173532,0.000158584923090854,0.00016623445439295,5802.20226727768
1735484880,0.000165605326861667,0.000175384399981602,0.000156076892883732,0.000158584923090854,5210.7575813135
1735484820,0.000159474965672763,0.000165781245722043,0.000157878003445239,0.000165605326861667,913.4602194593
1735484760,0.000155700705000021,0.000164056349814933,0.000155700705000021,0.000159474965672763,1572.13649487948
1735484700,0.000150514067837839,0.000166981491875329,0.000149673484916666,0.000155700705000021,4680.53819684756
1735484640,0.0001360683031991,0.000153845657601485,0.0001360683031991,0.000150514067837839,2955.44198471974
1735484580,0.000135498740194443,0.0001360683031991,0.000130724341345532,0.0001360683031991,1199.86215476912
1735484520,0.000140446806392243,0.000141175232009223,0.000135130338186137,0.000135498740194443,717.44446732315
1735484460,0.000149048789570754,0.000149048789570754,0.000136826324409527,0.000140446806392243,2016.67918266289
1735484400,0.000149294330003092,0.00016078896793807,0.000149048789570754,0.000149048789570754,3232.92381238564
1735484340,0.00014196282125727,0.00015038497041808,0.000141807084127477,0.000149294330003092,1940.9580405948
1735484280,0.000126984745905134,0.000142706779118787,0.000126504111875142,0.00014196282125727,1690.22411748956
1735484220,0.000128594422485478,0.000129483430424074,0.000125578992631442,0.000126984745905134,799.74056554599
1735484160,0.000128113956838317,0.000129720709030477,0.000126303559477473,0.000128594422485478,615.2870567337
1735484100,0.000134236080904917,0.000134236080904917,0.000127254936919796,0.000128113956838317,1196.26661798215
1735484040,0.000134616250490447,0.000135587329599927,0.000132898167639198,0.000134236080904917,1187.43959048442
1735483980,0.000124901720261227,0.000135703091055236,0.000124901720261227,0.000134616250490447,1463.03005959232
1735483920,0.000120274877196553,0.000124901720261227,0.000116001711583434,0.000124901720261227,1818.03465975629
1735483860,0.000127324065342252,0.000127324065342252,0.000120274877196553,0.000120274877196553,737.98472991891
1735483800,0.000119509913014275,0.000127982918071475,0.000118346679046188,0.000127324065342252,1270.15484819001
1735483740,0.000130265119428655,0.000130265119428655,0.000119509913014275,0.000119509913014275,1278.16895632864
1735483680,0.000130084773130619,0.000131392679468384,0.000130084773130619,0.000130265119428655,385.48196016772
1735483620,0.000129150143794594,0.000134814283197559,0.00012896707375855,0.000130084773130619,1967.61975015807
1735483560,0.000119892184530732,0.000129150143794594,0.000119892184530732,0.000129150143794594,706.45231438468
1735483500,0.000119736203257203,0.000119892184530732,0.000116266131222819,0.000119892184530732,908.1124559642
1735483440,0.000123364684330536,0.000123490230684247,0.000118409591781497,0.000119736203257203,717.95191564064
1735483380,0.000126206046167121,0.000127707496173854,0.000122069178154541,0.000123364684330536,929.28076518669
1735483320,0.000123970547622113,0.000132614661677165,0.000123970547622113,0.000126206046167121,3251.68610625539
1735483260,0.000121996684473909,0.000124402381788615,0.000121383669538095,0.000123970547622113,614.00051319741
1735483200,0.000116586818783905,0.000122445585601693,0.000116185960043481,0.000121996684473909,1050.18873643713
1735483140,0.000117068636377996,0.000117803180799505,0.000115050912946623,0.000116586818783905,548.53069002305
1735483080,0.00012113192685871,0.000122726887869109,0.000116856514951183,0.000117068636377996,1960.76786288788
1735483020,0.000113703958403587,0.000125033925803794,0.000109802902036623,0.00012113192685871,4926.43744823876
1735482960,0.000130532389944,0.000130532389944,0.000111153687066427,0.000113703958403587,2230.38319594058
1735482900,0.000128294437370522,0.000131086746584598,0.000125531056672958,0.000130532389944,810.75794204418
1735482840,0.000129364881149872,0.000129364881149872,0.000128197967395739,0.000128294437370522,191.4353389867
1735482780,0.000122879766757144,0.000130143135863414,0.000122879766757144,0.000129364881149872,1000.82834018082
1735482720,0.000116282296052204,0.000122879766757144,0.000111384292149951,0.000122879766757144,1870.11452839882
1735482660,0.00012155656813753,0.000121784044119957,0.000116282296052204,0.000116282296052204,557.73759509368
1735482600,0.000116773883059507,0.00012155656813753,0.000116144500718554,0.00012155656813753,1099.25122017367
1735482540,0.000115604416295607,0.000118838407725561,0.000112976158322181,0.000116773883059507,1133.85563254603
1735482480,0.000109371915130522,0.00012830814794424,0.000109371915130522,0.000115604416295607,4949.98074668081
1735482420,0.000133965256024113,0.000133965256024113,0.000102402286789986,0.000109371915130522,4643.12353004932
1735482360,0.000133904278782289,0.000133965256024113,0.000130280657433245,0.000133965256024113,720.11691319685
1735482300,0.000135398306432888,0.000135398306432888,0.000132011964807047,0.000133904278782289,685.50028757685
1735482240,0.000136443019853021,0.000136443019853021,0.000135398306432888,0.000135398306432888,59.4945059922
1735482180,0.000137576605215039,0.000139269511826793,0.000136443019853021,0.000136443019853021,494.96990476093
1735482120,0.000142554107351643,0.000145085605754275,0.000137228296104461,0.000137576605215039,1266.93911592206
1735482060,0.000146516153593103,0.000146516153593103,0.00013983419429178,0.000142554107351643,1085.62863302522
1735482000,0.00015689612380459,0.000166944936954958,0.000145696065124152,0.000146516153593103,7337.61058798256
1735481940,0.000140769623238109,0.00015689612380459,0.000140769623238109,0.00015689612380459,2571.84398347968
1735481880,0.000134332451658404,0.000140769623238109,0.000134332451658404,0.000140769623238109,2035.35755762368
1735481820,0.000124303472857002,0.000134332451658404,0.000124303472857002,0.000134332451658404,1022.75010997919
1735481760,0.000131664309649619,0.000134306766045311,0.000123685042184869,0.000124303472857002,1277.14552287272
1735481700,0.000132705971800404,0.000132827891327177,0.00013117884239681,0.000131664309649619,222.22094000168
1735481640,0.000128281334420615,0.000136216747918947,0.000127658259785812,0.000132705971800404,1435.83880493326
1735481580,0.000123385623176705,0.000128281334420615,0.000122901929850831,0.000128281334420615,1048.91770023474
1735481520,0.000123532989952981,0.000129476678068523,0.000122063695838486,0.000123385623176705,2310.84385221895
1735481460,0.000125935849684381,0.000133315782930534,0.000121323126114376,0.000123532989952981,2395.37517427508
1735481400,0.000130105602381911,0.000133652981767736,0.000125935849684381,0.000125935849684381,902.41852553982
1735481340,0.000136333441615819,0.000136333441615819,0.000128408457280247,0.000130105602381911,1427.17927313394
1735481280,0.000137647162544555,0.00013846539427237,0.000135576115966439,0.000136333441615819,835.66965139116
1735481220,0.000123834611706205,0.000137647162544555,0.000123834611706205,0.000137647162544555,2070.73849498063
1735481160,0.000145546818657623,0.000145546818657623,0.000123241188342388,0.000123834611706205,3391.85931530676
1735481100,0.000144099558079678,0.000146421370350239,0.00014373313010178,0.000145546818657623,546.80756330446
1735481040,0.000137564017337051,0.000144099558079678,0.000137194727012731,0.000144099558079678,970.9244209446
1735480980,0.000128917310490186,0.000142489174945027,0.000128378485383309,0.000137564017337051,3070.00632317152
1735480920,0.000120577816074953,0.000130769988551318,0.000120577816074953,0.000128917310490186,1905.67312448744
1735480860,0.000156170372815842,0.000163189991034363,0.000119773258891566,0.000120577816074953,22526.22501770537
1735480800,0.000160586784951238,0.000160586784951238,0.000151248184373605,0.000156170372815842,1770.84463533769
1735480740,0.000157335574827913,0.000161516546095215,0.000149766965419428,0.000160586784951238,2236.80817897186
1735480680,0.000160484820354458,0.000161462400176102,0.000143063629074209,0.000157335574827913,3215.47651059464
1735480620,0.000165625586033763,0.000168751326000721,0.000160484820354458,0.000160484820354458,1257.35551836908
1735480560,0.000163805787284426,0.000165625586033763,0.000162446168333262,0.000165625586033763,516.86023431928
1735480500,0.000177214679386018,0.000177214679386018,0.000163275309977568,0.000163805787284426,1401.87877185635
1735480440,0.000170846878137425,0.000177214679386018,0.000168690588205933,0.000177214679386018,1108.93451967036
1735480380,0.000170894333102,0.000172398219687176,0.000169013748718728,0.000170846878137425,603.08647854294
1735480320,0.000173528621258075,0.000173722480245147,0.000168608201572438,0.000170894333102,1055.96532181368
1735480260,0.000163814975077258,0.000186191830425604,0.000163814975077258,0.000173528621258075,4551.60618134366
1735480200,0.0001870161454341,0.0001870161454341,0.000162940412621209,0.000163814975077258,3838.33467401469
1735480140,0.000186769219543742,0.000187403673722906,0.000185530023362776,0.0001870161454341,411.08323614164
1735480080,0.000196616115089534,0.000199689900127954,0.000186769219543742,0.000186769219543742,1192.53033324372
1735480020,0.000194851424870233,0.000197908024293217,0.000194752433203418,0.000196616115089534,374.10831836559
1735479960,0.00018762792650054,0.000209177380058467,0.000187079379437283,0.000194851424870233,4882.56718451508
1735479900,0.000212523592547935,0.000212523592547935,0.00018762792650054,0.00018762792650054,2039.87971915106
1735479840,0.000206132227153464,0.000218891963221657,0.000206132227153464,0.000212523592547935,1491.36079566606
1735479780,0.000206265025724944,0.000208272214631328,0.000205001370017985,0.000206132227153464,391.45050765192
1735479720,0.000215058321634093,0.000215058321634093,0.000205294409280334,0.000206265025724944,1151.24953541334
1735479660,0.000233387017090378,0.000234800466297039,0.000207725645219501,0.000215058321634093,3157.05384123096
1735479600,0.000221711890264647,0.000239214183290252,0.000220941367201591,0.000233387017090378,2356.4328620533
1735479540,0.000221607125157737,0.00022329299142373,0.000221607125157737,0.000221711890264647,203.44792954746
1735479480,0.000223067352782819,0.000224402009807411,0.000221607125157737,0.000221607125157737,193.49551357051
1735479420,0.000229280883360842,0.000229280883360842,0.000223067352782819,0.000223067352782819,477.50797047355
1735479360,0.000248828676481505,0.000248828676481505,0.000229280883360842,0.000229280883360842,1401.97396137243
1735479300,0.000215206907160686,0.00025186797856,0.000214977503177952,0.000248828676481505,3933.93470271802
1735479240,0.000214928453134386,0.000216299497173426,0.000209677938294845,0.000215206907160686,1020.89188645945
1735479180,0.000210682757655468,0.000214928453134386,0.00020918751811236,0.000214928453134386,479.01466227876
1735479120,0.000217175289262449,0.000217175289262449,0.000209413489240448,0.000210682757655468,661.19738017997
1735479060,0.000234062033966818,0.000234062033966818,0.000216271247481917,0.000217175289262449,1467.83548909064
1735479000,0.000232000159871173,0.000236542056572064,0.000222809445862831,0.000234062033966818,2918.63664732743
1735478940,0.000211827402050594,0.000233413365586502,0.000206022247745111,0.000232000159871173,3290.38020186086
1735478880,0.000209640675081137,0.000211827402050594,0.000209344988282461,0.000211827402050594,343.08775458796
1735478820,0.000226072636873852,0.00022631207894414,0.000209640675081137,0.000209640675081137,1575.15069426829
1735478760,0.000226970898831247,0.000232047116842172,0.000223492161632722,0.000226072636873852,1534.29709974394
1735478700,0.000215793418139077,0.000237057534782502,0.000215793418139077,0.000226970898831247,3992.91139475456
1735478640,0.000214476654804407,0.000218197068832157,0.000213406122404058,0.000215793418139077,776.14403888578
1735478580,0.0002228725636848,0.0002228725636848,0.000214476654804407,0.000214476654804407,712.59528615409
1735478520,0.000226249544628099,0.000227779591620949,0.0002228725636848,0.0002228725636848,1020.53962495062
1735478460,0.000238953326498009,0.000240633700074782,0.000224613758695689,0.000226249544628099,2771.94900214333
1735478400,0.000230549021017293,0.000250105124216666,0.000230549021017293,0.000238953326498009,2853.94173054788
1735478340,0.000223040900963086,0.000230549021017293,0.000221806385093607,0.000230549021017293,1410.28359422977
1735478280,0.000220347772852448,0.000223040900963086,0.000216245512748897,0.000223040900963086,699.11646628877
1735478220,0.000217540937238484,0.000220399899313258,0.000217540937238484,0.000220347772852448,330.26947655601
1735478160,0.000211033879253662,0.000223133045501534,0.000205153403188369,0.000217540937238484,4106.35995287574
1735478100,0.000207523400922977,0.000211033879253662,0.000206076166744477,0.000211033879253662,1376.03818962423
1735478040,0.000205245282430098,0.000210413162408732,0.000193826802580759,0.000207523400922977,2954.79177708825
1735477980,0.000201683257536824,0.000206576231492039,0.00019922487375872,0.000205245282430098,1311.47547738231
1735477920,0.000188682991694902,0.000202033951577114,0.000188315422501641,0.000201683257536824,2596.52409159241
1735477860,0.000186304134532837,0.000189386584611947,0.000179467657808396,0.000188682991694902,1108.47577383649
1735477800,0.00018383580822841,0.000195871325236109,0.000181644754088476,0.000186304134532837,2500.17900698141
1735477740,0.000187501991087225,0.000187501991087225,0.000178817958499875,0.00018383580822841,1983.48231569247
1735477680,0.000205881708081005,0.000206038663617858,0.000186961092433285,0.000187501991087225,1641.08443105618
1735477620,0.000208171606181976,0.000217213353366628,0.000204662945077587,0.000205881708081005,4603.55873405371
1735477560,0.000187923044728018,0.000208171606181976,0.000187923044728018,0.000208171606181976,1906.483794964
1735477500,0.000197035704384984,0.000197035704384984,0.000187791145377646,0.000187923044728018,1258.46438114908
1735477440,0.000196114799153387,0.000197035704384984,0.00019540186191821,0.000197035704384984,56.23282657224
1735477380,0.000195182755569056,0.000196281442146088,0.00019482348688979,0.000196114799153387,52.58878230343
1735477320,0.000199620391648304,0.000199620391648304,0.000195148241002186,0.000195182755569056,472.49824773787
1735477260,0.000195661539567358,0.000199620391648304,0.000192504494070312,0.000199620391648304,1230.86326034962
1735477200,0.000189948994220426,0.00019624788390291,0.000189842251825082,0.000195661539567358,603.46500130306
1735477140,0.000181132206084296,0.000196222732720192,0.000181132206084296,0.000189948994220426,4302.86091594044
1735477080,0.000184127198909809,0.000188982817495245,0.000180412837663177,0.000181132206084296,1683.43051548816
1735477020,0.00019355210718127,0.000199635955388467,0.000184127198909809,0.000184127198909809,1665.52548681315
1735476960,0.000194135378352657,0.000196506905168277,0.000193102098518635,0.00019355210718127,683.75821635503
1735476900,0.000197208705808441,0.000197208705808441,0.000192801263560452,0.000194135378352657,740.57928065351
1735476840,0.000198968604329257,0.000199372673580438,0.000195857883946552,0.000197208705808441,729.86846328719
1735476780,0.00019441656123055,0.000199021702234197,0.000194110372085446,0.000198968604329257,495.84084013329
1735476720,0.000210422543340994,0.000210422543340994,0.00019441656123055,0.00019441656123055,1221.19987907892
1735476660,0.000209888447614005,0.000210714646929742,0.000206204092659025,0.000210422543340994,622.37663994409
1735476600,0.000212187494644834,0.000212953315977394,0.000208843098083473,0.000209888447614005,268.08437100008
1735476540,0.000212397836477032,0.000223496820432487,0.000211803346111289,0.000212187494644834,1982.34992523386
1735476480,0.000212620928925401,0.000214466411413735,0.000212397836477032,0.000212397836477032,271.49053395954
1735476420,0.000209351624387372,0.000219905487822932,0.000209313447601012,0.000212620928925401,1818.2316979881
1735476360,0.000209756210797787,0.000209850498464297,0.000207959809368323,0.000209351624387372,335.25467587172
1735476300,0.000214647337869228,0.000215745161844049,0.00020854759328155,0.000209756210797787,808.5085451078
1735476240,0.000220701188932112,0.000220701188932112,0.000211651332223149,0.000214647337869228,1222.81450711524
1735476180,0.000212652111702242,0.000221308496078347,0.00021072830642807,0.000220701188932112,1704.13235202042
1735476120,0.00019994926194737,0.000213422044288949,0.000199009096332748,0.000212652111702242,2485.26017435104
1735476060,0.000200757909585793,0.000200757909585793,0.000198641410186866,0.00019994926194737,354.33312066886
1735476000,0.000199281708805433,0.000201406299031837,0.000198033570147989,0.000200757909585793,728.88475087428
1735475940,0.000204313255631615,0.000204313255631615,0.000199081811254084,0.000199281708805433,481.009854556
1735475880,0.000200076278297056,0.000204313255631615,0.000199860641955933,0.000204313255631615,294.11243903184
1735475820,0.000203952488473815,0.000203952488473815,0.000199700964533683,0.000200076278297056,620.49009245656
1735475760,0.000197995251588835,0.000214439004809518,0.000197087312447335,0.000203952488473815,3167.28895054209
1735475700,0.000198582064397692,0.000198582064397692,0.000185327452056458,0.000197995251588835,2674.78492147758
1735475640,0.000177866360871175,0.000215098400519803,0.000177866360871175,0.000198582064397692,6274.74030495304
1735475580,0.00018796762771849,0.00019011093591924,0.000177866360871175,0.000177866360871175,2485.96895637964
1735475520,0.000207294369295667,0.000217594698389065,0.000183119557352381,0.00018796762771849,10378.17545840974
1735475460,0.000214204869467118,0.00021430145509601,0.000200024229272781,0.000207294369295667,2108.58983164366
1735475400,0.000214994857712276,0.000244322301117047,0.000202088974054767,0.000214204869467118,13474.61792125212
1735475340,0.000239084409045312,0.000244764110876361,0.000212395032414552,0.000214994857712276,6999.8736431156
1735475280,0.000247057834017837,0.000247057834017837,0.000236746421929504,0.000239084409045312,1904.64346673712
1735475220,0.000256481850860934,0.000312190824355162,0.00023885751810414,0.000247057834017837,12453.42760509669
1735475160,0.000253885397866947,0.000256481850860934,0.000251913248238223,0.000256481850860934,1110.52156674828
1735475100,0.00028354066722483,0.00028359066244549,0.000252746371143603,0.000253885397866947,2654.45635819584
1735475040,0.00028432634557158,0.000285954835186216,0.000282026703731292,0.00028354066722483,793.05296144914
1735474980,0.000283752841572849,0.000288169872993278,0.000283752841572849,0.00028432634557158,1194.65597539282
1735474920,0.000286886070603783,0.000287645537433224,0.00028220351375565,0.000283752841572849,1154.42419818581
1735474860,0.000281264449078863,0.000286955516342526,0.00027973421916566,0.000286886070603783,2298.04170969528
1735474800,0.000262324433214112,0.000283056646823643,0.000260098079774753,0.000281264449078863,2818.49826356992
1735474740,0.000249661050032128,0.000266098445038736,0.000248164834316461,0.000262324433214112,2375.30692405794
1735474680,0.000251489781071835,0.000251764238714117,0.000249123311313536,0.000249661050032128,1162.47229187074
1735474620,0.000254087143754571,0.000254087143754571,0.000248775506644857,0.000251489781071835,1432.28086680632
1735474560,0.000259840882811586,0.00026118734185544,0.000252012065304782,0.000254087143754571,1953.66241372327
1735474500,0.000276713682853248,0.000278172210993619,0.000259292806172657,0.000259840882811586,2330.65473914393
1735474440,0.000297363586620102,0.000297875307484401,0.00027665751473031,0.000276713682853248,2851.81338445034
1735474380,0.000296666317498801,0.000298581812096314,0.000294223347607025,0.000297363586620102,1819.64944393099
1735474320,0.000299617492656904,0.000301428368746644,0.000291039224893161,0.000296666317498801,2255.80883304677
1735474260,0.000306662679756049,0.000308951904467549,0.000290131194992038,0.000299617492656904,4488.43647034782
1735474200,0.000280164099978677,0.00031205308095249,0.000277674682920374,0.000306662679756049,3879.93353929419
1735474140,0.000278210505982001,0.000281258461914419,0.000277301809516964,0.000280164099978677,1990.4982445548
1735474080,0.000277883680123497,0.000280999715674754,0.00027542717941036,0.000278210505982001,2082.2029918759
1735474020,0.000284198238164242,0.000284873537438088,0.000275945545622579,0.000277883680123497,2244.56216485101
1735473960,0.00028207640114963,0.00028566466831058,0.000278729791843154,0.000284198238164242,2404.4197873986
1735473900,0.000258807670539262,0.000354314277340405,0.000258807670539262,0.00028207640114963,13958.50052170576
1735473840,0.000242785306060227,0.000262704160791779,0.000240759474161207,0.000258807670539262,3950.25131674706
1735473780,0.00025672683059019,0.000257979024207548,0.000241428993306374,0.000242785306060227,3254.67425023276
1735473720,0.000262072968268232,0.000265849980211146,0.00025672683059019,0.00025672683059019,3501.65928995901
1735473660,0.000265848610898014,0.00026666199439835,0.00026097831924917,0.000262072968268232,2810.37093841669
1735473600,0.000265404219336532,0.000266733978525166,0.000256558754197717,0.000265848610898014,3626.52922214172
1735473540,0.000271432734471937,0.000271432734471937,0.000263402755295276,0.000265404219336532,3062.108156458
1735473480,0.000285227921686473,0.000287137013284014,0.000270126767723624,0.000271432734471937,4142.7314598675
1735473420,0.000291327355156058,0.000293017947897927,0.00028409342136931,0.000285227921686473,3563.83078853896
1735473360,0.000277851775013851,0.000293667375708226,0.000274523718408896,0.000291327355156058,4549.0316934951
1735473300,0.000265242315208178,0.000282178111025184,0.000260490928957633,0.000277851775013851,6266.46002839842
1735473240,0.000273898212005982,0.000276972380217045,0.000260638698200722,0.000265242315208178,4457.85367747895
1735473180,0.000273863738877987,0.000279433330407852,0.000270472419052102,0.000273898212005982,4889.54606752803
1735473120,0.000299864928750668,0.000299864928750668,0.00027132076153392,0.000273863738877987,5738.72841218425
1735473060,0.000306318470871346,0.000307024687463249,0.000298752706247123,0.000299864928750668,4495.03360807792
1735473000,0.000310375776755752,0.000312071934078205,0.000303500198091582,0.000306318470871346,4749.84573457092
1735472940,0.000321064514804075,0.000321064514804075,0.000310375776755752,0.000310375776755752,5151.25901900974
1735472880,0.000324439501542771,0.000328239451743897,0.000321064514804075,0.000321064514804075,5100.25707119386
1735472820,0.000316697720938125,0.000329196010816442,0.000314699963459071,0.000324439501542771,5873.89010712962
1735472760,0.000322235796806256,0.000324401628495343,0.000316007575019611,0.000316697720938125,5902.91420023304
1735472700,0.000322283998310311,0.000329123476284195,0.000319398743936065,0.000322235796806256,6371.87172322011
1735472640,0.000305245029689572,0.000325380711678862,0.000301968003550621,0.000322283998310311,10012.68916644208
1735472580,0.000285555237530867,0.000310757069722294,0.000279711946309691,0.000305245029689572,9230.44937397151
1735472520,0.000284590085043085,0.000287483835103462,0.000278022510826102,0.000285555237530867,6435.85178695402
1735472460,0.000296517167598786,0.000296573542713305,0.000282866407441826,0.000284590085043085,6034.75779222151
1735472400,0.000291611870769213,0.000296644056285271,0.000288984071375868,0.000296517167598786,5824.33219743871
1735472340,0.000294583212739152,0.00029807100488349,0.000289560022973453,0.000291611870769213,5811.16149380235
1735472280,0.000299243956723844,0.000305078410683836,0.00029375933584475,0.000294583212739152,6383.27379419894
1735472220,0.000313036264014412,0.000316463277466054,0.000299243956723844,0.000299243956723844,7520.58817758804
1735472160,0.000296699313237254,0.000316669378645905,0.000296699313237254,0.000313036264014412,7080.6370622929
1735472100,0.00028917164972219,0.000302101402008792,0.00028917164972219,0.000296699313237254,6352.96221808404
1735472040,0.000282814714283341,0.000346148332033115,0.000280763825327718,0.00028917164972219,13153.81092181836
1735471980,0.000285839249834833,0.000288845180909534,0.000281202469005785,0.000282814714283341,6281.34433259352
1735471920,0.00028594051073745,0.000290663908329205,0.000279667615769684,0.000285839249834833,6509.88532332882
1735471860,0.000270925242657277,0.000288288854755681,0.000269025419146528,0.00028594051073745,4279.21363515051
1735471800,0.00025931914012546,0.000270925242657277,0.000257155917565497,0.000270925242657277,1171.34707635094
1735471740,0.000269072047533948,0.000269072047533948,0.000258951777303447,0.00025931914012546,929.53401530844
1735471680,0.000273248539569923,0.000273592241255665,0.000269072047533948,0.000269072047533948,291.11476131177
1735471620,0.000268896539662111,0.000273794586025178,0.00026770247786894,0.000273248539569923,538.26005460501
1735471560,0.000267321314482062,0.000269658792807708,0.000266986166279547,0.000268896539662111,149.40279501384
1735471500,0.000270565418073324,0.000271210089645973,0.000265797911995693,0.000267321314482062,1220.43016657466
1735471440,0.000288209268890852,0.000288209268890852,0.000269659101122898,0.000270565418073324,1332.35055833758
1735471380,0.000283519200915782,0.000292950259393635,0.000276526371912945,0.000288209268890852,1807.8897453482
1735471320,0.000280281617415939,0.000285135118422206,0.000280272570463725,0.000283519200915782,1306.21470431344
1735471260,0.000255718382305948,0.000312727085739134,0.000255718382305948,0.000280281617415939,9586.89702786611
1735471200,0.000300494028858247,0.000300494028858247,0.000244354006494759,0.000255718382305948,9392.63261271945
1735471140,0.000305645769817742,0.000305645769817742,0.000299726721594472,0.000300494028858247,1135.49622300519
1735471080,0.00030785732237985,0.000308441024941797,0.000304637499080695,0.000305645769817742,251.58842684708
1735471020,0.000312947891074178,0.000324082772289929,0.000307560853869476,0.00030785732237985,2321.9242761266
1735470960,0.000331756840318469,0.000332677464190503,0.000312947891074178,0.000312947891074178,1687.11383108108
1735470900,0.000332403555020838,0.000332403555020838,0.000329749392648574,0.000331756840318469,281.77341260716
1735470840,0.000330120784653146,0.000332403555020838,0.000326948740548011,0.000332403555020838,379.09248998125
