0,1,2,3,4,5
1736808480.0,6.98613829796219e-05,7.15747518594976e-05,4.87169465130303e-05,6.75404952047579e-05,8886.89105449298
1736808540.0,6.75404952047579e-05,7.07882070351565e-05,4.32538499720326e-05,4.32538499720326e-05,11332.51854713456
1736808600.0,4.32538499720326e-05,5.09943611316268e-05,3.99746782117928e-05,4.17649470971684e-05,4066.02282536731
1736808660.0,4.17649470971684e-05,4.47536952733051e-05,3.39812629835692e-05,4.47536952733051e-05,2861.96828447369
1736808720.0,4.47536952733051e-05,4.84688148876305e-05,4.13139489083311e-05,4.75316052310755e-05,3028.23814604461
1736808780.0,4.75316052310755e-05,5.54936873733519e-05,4.75316052310755e-05,5.46100885987418e-05,2566.5259898928
1736808840.0,5.46100885987418e-05,5.79383251992643e-05,5.23179385110384e-05,5.27958574226818e-05,1532.17552229291
1736808900.0,5.27958574226818e-05,5.4853084315433e-05,5.01226396748877e-05,5.01226396748877e-05,1034.76108139651
1736808960.0,5.01226396748877e-05,5.01226396748877e-05,4.51169511629173e-05,4.51169511629173e-05,1787.75861060114
1736809020.0,4.51169511629173e-05,5.10479881918447e-05,4.51169511629173e-05,4.67545767942724e-05,1598.20592720854
1736809080.0,4.67545767942724e-05,5.12664050576634e-05,4.67545767942724e-05,5.12664050576634e-05,585.93019741248
1736809140.0,5.12664050576634e-05,5.80567530707981e-05,5.12664050576634e-05,5.51338160972426e-05,1783.96354679996
1736809200.0,5.51338160972426e-05,5.51338160972426e-05,4.54527651558901e-05,4.54527651558901e-05,1127.24156247666
1736809260.0,4.54527651558901e-05,4.54527651558901e-05,4.2709101526636e-05,4.4282104609831e-05,531.26629269675
1736809320.0,4.4282104609831e-05,4.45494108406988e-05,4.40065682965171e-05,4.44166741680993e-05,137.36391661173
1736809380.0,4.44166741680993e-05,4.44632982345421e-05,4.38942864127888e-05,4.38942864127888e-05,130.942115691
1736809440.0,4.38942864127888e-05,4.41086532283601e-05,2.27516318840503e-05,2.29079572975306e-05,3374.63163661392
1736809500.0,2.29079572975306e-05,2.93877566560279e-05,2.17392848723885e-05,2.61864116391596e-05,3283.87543230095
1736809560.0,2.61864116391596e-05,2.70828926840163e-05,2.3066403947948e-05,2.3066403947948e-05,710.7510925681
1736809620.0,2.3066403947948e-05,2.56537478428563e-05,2.3066403947948e-05,2.56537478428563e-05,582.67377000584
1736809680.0,2.56537478428563e-05,2.56537478428563e-05,2.37156903981286e-05,2.40653159201334e-05,497.00822820649
1736809740.0,2.40653159201334e-05,2.42976230311057e-05,2.39319869698406e-05,2.39319869698406e-05,117.2808259082
1736809800.0,2.39319869698406e-05,2.41679652210632e-05,2.38436809139528e-05,2.41679652210632e-05,112.54911224851
1736809860.0,2.41679652210632e-05,2.41679652210632e-05,2.01575597986328e-05,2.01575597986328e-05,777.18858851538
1736809920.0,2.01575597986328e-05,2.01575597986328e-05,1.96761785939368e-05,1.96901678556757e-05,125.83986942752
1736809980.0,1.96901678556757e-05,1.96901678556757e-05,1.90450900842351e-05,1.91095770943637e-05,161.16146007304
1736810040.0,1.91095770943637e-05,1.91095770943637e-05,1.82523780260103e-05,1.85795316495293e-05,219.86331668012
1736810100.0,1.85795316495293e-05,1.89240814229326e-05,1.79428980123167e-05,1.89240814229326e-05,229.99180815354
1736810160.0,1.89240814229326e-05,1.96686508490178e-05,1.87876694623974e-05,1.94488082182709e-05,264.059659124
1736810220.0,1.94488082182709e-05,1.94488082182709e-05,1.80296735227377e-05,1.80296735227377e-05,386.62554494194
1736810280.0,1.80296735227377e-05,2.04550900630355e-05,1.78728794903523e-05,2.04550900630355e-05,532.34749940168
1736810340.0,2.04550900630355e-05,2.08645951831489e-05,2.04550900630355e-05,2.08645951831489e-05,81.95013929348
1736810400.0,2.08645951831489e-05,2.11985593174567e-05,2.07707402910484e-05,2.11266879456194e-05,69.636699903
1736810460.0,2.11266879456194e-05,2.16784077616484e-05,2.11266879456194e-05,2.16784077616484e-05,96.291249
1736810520.0,2.16784077616484e-05,2.29018983519144e-05,2.16784077616484e-05,2.28301177050838e-05,261.8237692335
1736810580.0,2.28301177050838e-05,2.31877772803467e-05,2.28301177050838e-05,2.31877772803467e-05,60.5192101
1736810640.0,2.31877772803467e-05,2.33631238213018e-05,2.31877772803467e-05,2.33631238213018e-05,23.8098024
1736810700.0,2.33631238213018e-05,2.3404791597144e-05,2.1866000016987e-05,2.1866000016987e-05,314.5185030336
1736810760.0,2.1866000016987e-05,2.1866000016987e-05,2.01094069170648e-05,2.01094069170648e-05,345.84175978072
1736810820.0,2.01094069170648e-05,2.02074144015717e-05,2.00194513398808e-05,2.02074144015717e-05,38.03611421262
1736810880.0,2.02074144015717e-05,2.02074144015717e-05,2.01553202656766e-05,2.01553202656766e-05,6.19301497695
1736810940.0,2.01553202656766e-05,2.01553202656766e-05,2.01553202656766e-05,2.01553202656766e-05,0.0
1736811000.0,2.01553202656766e-05,2.02611635354658e-05,2.01553202656766e-05,2.01768169953679e-05,16.92233826336
1736811060.0,2.01768169953679e-05,2.03126600382069e-05,2.01768169953679e-05,2.02280000771283e-05,27.97641323408
1736811120.0,2.02280000771283e-05,2.03090366302392e-05,2.01840652092129e-05,2.02384207119422e-05,23.06354064256
1736811180.0,2.02384207119422e-05,2.0352980775028e-05,2.02384207119422e-05,2.0352980775028e-05,7.2581766
1736811240.0,2.0352980775028e-05,2.0352980775028e-05,2.02861421088436e-05,2.02861421088436e-05,1.50940572916
1736811300.0,2.02861421088436e-05,2.11386442719808e-05,2.02861421088436e-05,2.07931321781274e-05,351.3588448294
1736811360.0,2.07931321781274e-05,2.40686589073061e-05,2.07221057749145e-05,2.40686589073061e-05,943.0041471688
1736811420.0,2.40686589073061e-05,2.62893575283791e-05,2.40686589073061e-05,2.62893575283791e-05,92.23008
1736811480.0,2.62893575283791e-05,3.09202900835738e-05,2.54936310482136e-05,2.54936310482136e-05,2269.93020823848
1736811540.0,2.54936310482136e-05,2.54936310482136e-05,2.54936310482136e-05,2.54936310482136e-05,0.0
1736811600.0,2.54936310482136e-05,2.71947128595668e-05,2.40720439816448e-05,2.71947128595668e-05,1493.95022647821
1736811660.0,2.71947128595668e-05,2.71947128595668e-05,2.51445841641206e-05,2.52007600716177e-05,11.29229115844
1736811720.0,2.52007600716177e-05,2.52352507345451e-05,2.48722942782157e-05,2.52352507345451e-05,89.51235695629
1736811780.0,2.52352507345451e-05,2.54567249054548e-05,2.52352507345451e-05,2.53146048162052e-05,86.9403819609
1736811840.0,2.53146048162052e-05,2.54606725782323e-05,2.53146048162052e-05,2.54606725782323e-05,21.9926
1736811900.0,2.54606725782323e-05,2.54606725782323e-05,2.52371531641703e-05,2.54117527464517e-05,70.81621166382
1736811960.0,2.54117527464517e-05,2.55766403055873e-05,2.54117527464517e-05,2.55766403055873e-05,34.81618253478
1736812020.0,2.55766403055873e-05,2.56697476145555e-05,2.55766403055873e-05,2.56697476145555e-05,7.42447379268
1736812080.0,2.56697476145555e-05,2.56870334134981e-05,2.56697476145555e-05,2.56870334134981e-05,0.91595
1736812140.0,2.56870334134981e-05,2.56870334134981e-05,2.56870334134981e-05,2.56870334134981e-05,0.0
1736812200.0,2.56870334134981e-05,2.56870334134981e-05,2.5331981474006e-05,2.5331981474006e-05,74.7935408798
1736812260.0,2.5331981474006e-05,2.53397067610528e-05,2.51165521477506e-05,2.51165521477506e-05,104.764871726
1736812320.0,2.51165521477506e-05,2.51165521477506e-05,2.13620971169615e-05,2.15212808001681e-05,733.76318871563
1736812380.0,2.15212808001681e-05,2.20142190491894e-05,2.15212808001681e-05,2.20142190491894e-05,95.86785218958
1736812440.0,2.20142190491894e-05,2.22632680363459e-05,2.20142190491894e-05,2.22632680363459e-05,38.27417
1736812500.0,2.22632680363459e-05,2.23688253702832e-05,2.22632680363459e-05,2.23688253702832e-05,18.314
1736812560.0,2.23688253702832e-05,2.2428426383359e-05,2.21844494632563e-05,2.21844494632563e-05,34.95248523639
1736812620.0,2.21844494632563e-05,2.22330253467753e-05,2.21323164974499e-05,2.22330253467753e-05,21.6337469653
1736812680.0,2.22330253467753e-05,2.22330253467753e-05,2.22330253467753e-05,2.22330253467753e-05,0.0
1736812740.0,2.22330253467753e-05,2.22330253467753e-05,2.20288008333667e-05,2.20288008333667e-05,42.78480364915
1736812800.0,2.20288008333667e-05,2.20288008333667e-05,2.20288008333667e-05,2.20288008333667e-05,0.0
1736812860.0,2.20288008333667e-05,2.20288008333667e-05,2.20288008333667e-05,2.20288008333667e-05,0.0
1736812920.0,2.20288008333667e-05,2.20288008333667e-05,2.08524801715509e-05,2.09476612502223e-05,259.54203330672
1736812980.0,2.09476612502223e-05,2.10113776030632e-05,2.09476612502223e-05,2.10113776030632e-05,9.138
1736813040.0,2.10113776030632e-05,2.10113776030632e-05,2.09262008824892e-05,2.09262008824892e-05,0.74618790694
1736813100.0,2.09262008824892e-05,2.1130097393326e-05,2.09262008824892e-05,2.10351730346379e-05,67.34424425456
1736813160.0,2.10351730346379e-05,2.10351730346379e-05,2.0922560683576e-05,2.0922560683576e-05,11.1129701024
1736813220.0,2.0922560683576e-05,2.0922560683576e-05,2.07030289196221e-05,2.07030289196221e-05,68.59053629575
1736813280.0,2.07030289196221e-05,2.07030289196221e-05,1.94666798267614e-05,1.98425166948918e-05,240.10543544743
1736813340.0,1.98425166948918e-05,1.98425166948918e-05,1.94510931947435e-05,1.94510931947435e-05,25.2013576547
1736813400.0,1.94510931947435e-05,1.94510931947435e-05,1.90293666968737e-05,1.90293666968737e-05,161.35991638888
1736813460.0,1.90293666968737e-05,1.90293666968737e-05,1.83188667524505e-05,1.83188667524505e-05,123.481041397
1736813520.0,1.83188667524505e-05,1.83188667524505e-05,1.81896408033183e-05,1.81896408033183e-05,36.09342
1736813580.0,1.81896408033183e-05,1.82905220036651e-05,1.81896408033183e-05,1.82905220036651e-05,3.6464
1736813640.0,1.82905220036651e-05,1.83019833482362e-05,1.81966805535575e-05,1.81966805535575e-05,9.3155256248
1736813700.0,1.81966805535575e-05,1.81966805535575e-05,1.81019949820769e-05,1.81019949820769e-05,21.76976414907
1736813760.0,1.81019949820769e-05,1.81019949820769e-05,1.81019949820769e-05,1.81019949820769e-05,0.0
1736813820.0,1.81019949820769e-05,1.81019949820769e-05,1.81019949820769e-05,1.81019949820769e-05,0.0
1736813880.0,1.81019949820769e-05,1.81019949820769e-05,1.72707843248289e-05,1.72707843248289e-05,195.53585674147
1736813940.0,1.72707843248289e-05,1.72707843248289e-05,1.70938895334122e-05,1.70938895334122e-05,47.6471261304
1736814000.0,1.70938895334122e-05,1.70938895334122e-05,1.59557949389598e-05,1.59557949389598e-05,374.2785840573
1736814060.0,1.59557949389598e-05,1.59557949389598e-05,1.53022962918641e-05,1.54265591601985e-05,49.97689797058
1736814120.0,1.54265591601985e-05,1.58624282640699e-05,1.54265591601985e-05,1.58624282640699e-05,111.5314301682
1736814180.0,1.58624282640699e-05,1.58624282640699e-05,1.58318536507497e-05,1.58318536507497e-05,2.5135057581
1736814240.0,1.58318536507497e-05,1.58318536507497e-05,1.58318536507497e-05,1.58318536507497e-05,0.0
1736814300.0,1.58318536507497e-05,1.58318536507497e-05,1.56992576396343e-05,1.56992576396343e-05,64.62941052564
1736814360.0,1.56992576396343e-05,1.56992576396343e-05,1.54433187497957e-05,1.54433187497957e-05,31.75807055085
1736814420.0,1.54433187497957e-05,1.5497639058647e-05,1.54433187497957e-05,1.5497639058647e-05,9.91499997348
1736814480.0,1.5497639058647e-05,1.5497639058647e-05,1.53499089577555e-05,1.53499089577555e-05,33.59915837148
1736814540.0,1.53499089577555e-05,1.53499089577555e-05,1.53499089577555e-05,1.53499089577555e-05,0.0
1736814600.0,1.53499089577555e-05,1.53903289856158e-05,1.46640146159739e-05,1.49369779671221e-05,202.45137200993
1736814660.0,1.49369779671221e-05,1.49369779671221e-05,1.49369779671221e-05,1.49369779671221e-05,0.0
1736814720.0,1.49369779671221e-05,1.49369779671221e-05,1.45442488827651e-05,1.45442488827651e-05,28.52619941268
1736814780.0,1.45442488827651e-05,1.45442488827651e-05,1.44176685577493e-05,1.44176685577493e-05,24.941818647
1736814840.0,1.44176685577493e-05,1.44176685577493e-05,1.44176685577493e-05,1.44176685577493e-05,0.0
1736814900.0,1.44176685577493e-05,1.44176685577493e-05,1.4040005445e-05,1.4040005445e-05,77.49206837214
1736814960.0,1.4040005445e-05,1.4040005445e-05,1.4040005445e-05,1.4040005445e-05,0.0
1736815020.0,1.4040005445e-05,1.4040005445e-05,1.4040005445e-05,1.4040005445e-05,0.0
1736815080.0,1.4040005445e-05,1.4040005445e-05,1.4040005445e-05,1.4040005445e-05,0.0
1736815140.0,1.4040005445e-05,1.4040005445e-05,1.39919417041545e-05,1.39919417041545e-05,16.00849610992
1736815200.0,1.39919417041545e-05,1.40392435055226e-05,1.39919417041545e-05,1.40392435055226e-05,9.01593
1736815260.0,1.40392435055226e-05,1.40773601545909e-05,1.39685954335534e-05,1.40773601545909e-05,32.9360180218
1736815320.0,1.40773601545909e-05,1.41386894803674e-05,1.40773601545909e-05,1.41386894803674e-05,1.8077028
1736815380.0,1.41386894803674e-05,1.48463929890969e-05,1.41386894803674e-05,1.44626906191149e-05,319.5571635069
1736815440.0,1.44626906191149e-05,1.44626906191149e-05,1.44626906191149e-05,1.44626906191149e-05,0.0
1736815500.0,1.44626906191149e-05,1.44626906191149e-05,1.4188473819969e-05,1.4188473819969e-05,0.94496471904
1736815560.0,1.4188473819969e-05,1.47761486303961e-05,1.4188473819969e-05,1.47761486303961e-05,129.43205447025
1736815620.0,1.47761486303961e-05,1.47761486303961e-05,1.47040977946432e-05,1.47040977946432e-05,11.09317261248
1736815680.0,1.47040977946432e-05,1.47040977946432e-05,1.44319865545733e-05,1.44319865545733e-05,114.9765571143
1736815740.0,1.44319865545733e-05,1.44319865545733e-05,1.41768660671133e-05,1.41768660671133e-05,2.23449905952
1736815800.0,1.41768660671133e-05,1.41768660671133e-05,1.25874980603139e-05,1.25874980603139e-05,625.13412591671
1736815860.0,1.25874980603139e-05,1.2846534883245e-05,1.25874980603139e-05,1.2846534883245e-05,164.46006659408
1736815920.0,1.2846534883245e-05,1.28684897699672e-05,1.2846534883245e-05,1.28684897699672e-05,53.69619792464
1736815980.0,1.28684897699672e-05,1.28684897699672e-05,1.2764571796445e-05,1.2764571796445e-05,1.24220194806
1736816040.0,1.2764571796445e-05,1.2764571796445e-05,1.2764571796445e-05,1.2764571796445e-05,0.0
1736816100.0,1.2764571796445e-05,1.31903212692868e-05,1.2764571796445e-05,1.31903212692868e-05,182.22
1736816160.0,1.31903212692868e-05,1.41444565304236e-05,1.31903212692868e-05,1.41444565304236e-05,134.398386768
1736816220.0,1.41444565304236e-05,1.41444565304236e-05,1.41444565304236e-05,1.41444565304236e-05,0.0
1736816280.0,1.41444565304236e-05,1.73499719551652e-05,1.41444565304236e-05,1.73499719551652e-05,731.24037139833
1736816340.0,1.73499719551652e-05,1.74193898355479e-05,1.72144934578177e-05,1.73096310145791e-05,104.40954402519
1736816400.0,1.73096310145791e-05,1.74802917006811e-05,1.73096310145791e-05,1.74802917006811e-05,14.65796161809
1736816460.0,1.74802917006811e-05,1.76151207575543e-05,1.74802917006811e-05,1.76151207575543e-05,23.6882
1736816520.0,1.76151207575543e-05,1.76151207575543e-05,1.76151207575543e-05,1.76151207575543e-05,0.0
1736816580.0,1.76151207575543e-05,1.81087200747311e-05,1.76151207575543e-05,1.81087200747311e-05,181.137135
1736816640.0,1.81087200747311e-05,1.88098237617297e-05,1.81087200747311e-05,1.88098237617297e-05,56.03026524444
1736816700.0,1.88098237617297e-05,1.88098237617297e-05,1.88098237617297e-05,1.88098237617297e-05,0.0
1736816760.0,1.88098237617297e-05,1.88802739622895e-05,1.88098237617297e-05,1.88802739622895e-05,6.32373759873
1736816820.0,1.88802739622895e-05,2.00162524827359e-05,1.88802739622895e-05,1.94007358599548e-05,437.612245192
1736816880.0,1.94007358599548e-05,1.94007358599548e-05,1.91688134373852e-05,1.91688134373852e-05,14.531424
1736816940.0,1.91688134373852e-05,1.91688134373852e-05,1.91688134373852e-05,1.91688134373852e-05,0.0
1736817000.0,1.91688134373852e-05,1.91688134373852e-05,1.91688134373852e-05,1.91688134373852e-05,0.0
1736817060.0,1.91688134373852e-05,1.91688134373852e-05,1.91688134373852e-05,1.91688134373852e-05,0.0
1736817120.0,1.91688134373852e-05,1.91688134373852e-05,1.91666178469602e-05,1.91666178469602e-05,5.50691381468
1736817180.0,1.91666178469602e-05,1.91666178469602e-05,1.91666178469602e-05,1.91666178469602e-05,0.0
1736817240.0,1.91666178469602e-05,1.9322680816441e-05,1.91666178469602e-05,1.9322680816441e-05,30.23481780238
1736817300.0,1.9322680816441e-05,1.9322680816441e-05,1.9322680816441e-05,1.9322680816441e-05,0.0
1736817360.0,1.9322680816441e-05,1.99529718292677e-05,1.9322680816441e-05,1.99155388584831e-05,205.38382029614
1736817420.0,1.99155388584831e-05,1.99155388584831e-05,1.97551896077705e-05,1.98847538867142e-05,13.80042188462
1736817480.0,1.98847538867142e-05,1.98847538867142e-05,1.78842823079599e-05,1.97728193687489e-05,422.28988711534
1736817540.0,1.97728193687489e-05,1.97728193687489e-05,1.97728193687489e-05,1.97728193687489e-05,0.0
1736817600.0,1.97728193687489e-05,1.97728193687489e-05,1.77237141982567e-05,1.78021520011063e-05,29.93593580496
1736817660.0,1.78021520011063e-05,1.78021520011063e-05,1.77205212765293e-05,1.77205212765293e-05,2.50111512448
1736817720.0,1.77205212765293e-05,1.78535113124306e-05,1.77205212765293e-05,1.78535113124306e-05,18.334
1736817780.0,1.78535113124306e-05,1.78535113124306e-05,1.78535113124306e-05,1.78535113124306e-05,0.0
1736817840.0,1.78535113124306e-05,1.78535113124306e-05,1.77526069689316e-05,1.77526069689316e-05,18.37213155708
1736817900.0,1.77526069689316e-05,1.78133901820777e-05,1.77526069689316e-05,1.78133901820777e-05,9.158
1736817960.0,1.78133901820777e-05,1.78133901820777e-05,1.78133901820777e-05,1.78133901820777e-05,0.0
1736818020.0,1.78133901820777e-05,1.78133901820777e-05,1.72601233791396e-05,1.72601233791396e-05,196.34815799973
1736818080.0,1.72601233791396e-05,1.72601233791396e-05,1.72601233791396e-05,1.72601233791396e-05,0.0
1736818140.0,1.72601233791396e-05,1.72601233791396e-05,1.69919671176578e-05,1.69919671176578e-05,44.68543371384
1736818200.0,1.69919671176578e-05,1.71383136825987e-05,1.69919671176578e-05,1.71383136825987e-05,1.99622238928
1736818260.0,1.71383136825987e-05,1.71383136825987e-05,1.71383136825987e-05,1.71383136825987e-05,0.0
1736818320.0,1.71383136825987e-05,1.74321862664114e-05,1.71383136825987e-05,1.74321862664114e-05,109.828161
1736818380.0,1.74321862664114e-05,1.74321862664114e-05,1.74321862664114e-05,1.74321862664114e-05,0.0
1736818440.0,1.74321862664114e-05,1.74321862664114e-05,1.74321862664114e-05,1.74321862664114e-05,0.0
1736818500.0,1.74321862664114e-05,1.74321862664114e-05,1.74321862664114e-05,1.74321862664114e-05,0.0
1736818560.0,1.74321862664114e-05,1.74321862664114e-05,1.74321862664114e-05,1.74321862664114e-05,0.0
1736818620.0,1.74321862664114e-05,1.74321862664114e-05,1.74321862664114e-05,1.74321862664114e-05,0.0
1736818680.0,1.74321862664114e-05,1.74321862664114e-05,1.74321862664114e-05,1.74321862664114e-05,0.0
1736818740.0,1.74321862664114e-05,1.74321862664114e-05,1.72139488615175e-05,1.72139488615175e-05,127.948227729
1736818800.0,1.72139488615175e-05,1.72139488615175e-05,1.72139488615175e-05,1.72139488615175e-05,0.0
1736818860.0,1.72139488615175e-05,1.72139488615175e-05,1.68867592111058e-05,1.68867592111058e-05,11.2995374668
1736818920.0,1.68867592111058e-05,1.68867592111058e-05,1.68867592111058e-05,1.68867592111058e-05,0.0
1736818980.0,1.68867592111058e-05,1.76265388783155e-05,1.68867592111058e-05,1.74449061114746e-05,273.94964116416
1736819040.0,1.74449061114746e-05,1.75633178055611e-05,1.74449061114746e-05,1.75633178055611e-05,18.277
1736819100.0,1.75633178055611e-05,1.75633178055611e-05,1.75003015457338e-05,1.75003015457338e-05,7.98865116182
1736819160.0,1.75003015457338e-05,1.75003015457338e-05,1.75003015457338e-05,1.75003015457338e-05,0.0
1736819220.0,1.75003015457338e-05,1.75003015457338e-05,1.75003015457338e-05,1.75003015457338e-05,0.0
1736819280.0,1.75003015457338e-05,1.75003015457338e-05,1.75003015457338e-05,1.75003015457338e-05,0.0
1736819340.0,1.75003015457338e-05,1.75003015457338e-05,1.75003015457338e-05,1.75003015457338e-05,0.0
1736819400.0,1.75003015457338e-05,1.75003015457338e-05,1.73831636588606e-05,1.73831636588606e-05,26.4915812377
1736819460.0,1.73831636588606e-05,1.76372028619502e-05,1.73831636588606e-05,1.76372028619502e-05,68.73060585601
1736819520.0,1.76372028619502e-05,2.04855576396173e-05,1.76372028619502e-05,2.04855576396173e-05,551.199583
1736819580.0,2.04855576396173e-05,2.04891919562118e-05,2.04855576396173e-05,2.04891919562118e-05,1.2569014584
1736819640.0,2.04891919562118e-05,2.04891919562118e-05,2.04891919562118e-05,2.04891919562118e-05,0.0
1736819700.0,2.04891919562118e-05,2.07044406910442e-05,2.04891919562118e-05,2.07044406910442e-05,54.55907
1736819760.0,2.07044406910442e-05,2.17417643354391e-05,2.07044406910442e-05,2.13650345484889e-05,215.01111441667
1736819820.0,2.13650345484889e-05,2.18390610250222e-05,2.13650345484889e-05,2.18390610250222e-05,18.268
1736819880.0,2.18390610250222e-05,2.18390610250222e-05,2.18390610250222e-05,2.18390610250222e-05,0.0
1736819940.0,2.18390610250222e-05,2.18390610250222e-05,2.18390610250222e-05,2.18390610250222e-05,0.0
1736820000.0,2.18390610250222e-05,2.18390610250222e-05,2.18390610250222e-05,2.18390610250222e-05,0.0
1736820060.0,2.18390610250222e-05,2.18390610250222e-05,2.15484428608623e-05,2.15484428608623e-05,90.12451444941
1736820120.0,2.15484428608623e-05,2.15484428608623e-05,2.15484428608623e-05,2.15484428608623e-05,0.0
1736820180.0,2.15484428608623e-05,2.15484428608623e-05,2.15484428608623e-05,2.15484428608623e-05,0.0
1736820240.0,2.15484428608623e-05,2.15484428608623e-05,2.13060247282734e-05,2.13060247282734e-05,2.13591559041
1736820300.0,2.13060247282734e-05,2.13060247282734e-05,2.13060247282734e-05,2.13060247282734e-05,0.0
1736820360.0,2.13060247282734e-05,2.16961574237193e-05,2.13060247282734e-05,2.16961574237193e-05,58.44161239444
1736820420.0,2.16961574237193e-05,2.17356471466572e-05,2.16961574237193e-05,2.17356471466572e-05,18.252
1736820480.0,2.17356471466572e-05,2.18090953380004e-05,2.17356471466572e-05,2.18090953380004e-05,18.04968
1736820540.0,2.18090953380004e-05,2.18090953380004e-05,2.18090953380004e-05,2.18090953380004e-05,0.0
1736820600.0,2.18090953380004e-05,2.18090953380004e-05,2.18090953380004e-05,2.18090953380004e-05,0.0
1736820660.0,2.18090953380004e-05,2.18090953380004e-05,2.18090953380004e-05,2.18090953380004e-05,0.0
1736820720.0,2.18090953380004e-05,2.18090953380004e-05,2.18090953380004e-05,2.18090953380004e-05,0.0
1736820780.0,2.18090953380004e-05,2.18090953380004e-05,2.18090953380004e-05,2.18090953380004e-05,0.0
1736820840.0,2.18090953380004e-05,2.18090953380004e-05,2.18090953380004e-05,2.18090953380004e-05,0.0
1736820900.0,2.18090953380004e-05,2.18090953380004e-05,2.18090953380004e-05,2.18090953380004e-05,0.0
1736820960.0,2.18090953380004e-05,2.18090953380004e-05,2.18090953380004e-05,2.18090953380004e-05,0.0
1736821020.0,2.18090953380004e-05,2.18090953380004e-05,2.18090953380004e-05,2.18090953380004e-05,0.0
1736821080.0,2.18090953380004e-05,2.18090953380004e-05,2.18090953380004e-05,2.18090953380004e-05,0.0
1736821140.0,2.18090953380004e-05,2.19561083431302e-05,2.1703122643175e-05,2.1703122643175e-05,59.37427638349
1736821200.0,2.1703122643175e-05,2.1703122643175e-05,2.1703122643175e-05,2.1703122643175e-05,0.0
1736821260.0,2.1703122643175e-05,2.1703122643175e-05,2.15557590324e-05,2.1658295975145e-05,13.07478806235
1736821320.0,2.1658295975145e-05,2.1658295975145e-05,2.1658295975145e-05,2.1658295975145e-05,0.0
1736821380.0,2.1658295975145e-05,2.18366742685686e-05,2.1658295975145e-05,2.18366742685686e-05,45.433575
1736821440.0,2.18366742685686e-05,2.18366742685686e-05,2.18366742685686e-05,2.18366742685686e-05,0.0
1736821500.0,2.18366742685686e-05,2.18366742685686e-05,2.12686327478882e-05,2.12686327478882e-05,226.45264750308
1736821560.0,2.12686327478882e-05,2.12686327478882e-05,2.12686327478882e-05,2.12686327478882e-05,0.0
1736821620.0,2.12686327478882e-05,2.12686327478882e-05,2.12686327478882e-05,2.12686327478882e-05,0.0
1736821680.0,2.12686327478882e-05,2.12686327478882e-05,2.12686327478882e-05,2.12686327478882e-05,0.0
1736821740.0,2.12686327478882e-05,2.12686327478882e-05,2.12686327478882e-05,2.12686327478882e-05,0.0
1736821800.0,2.12686327478882e-05,2.36455841413812e-05,2.12686327478882e-05,2.36455841413812e-05,1102.2
1736821860.0,2.36455841413812e-05,2.72162196664583e-05,2.36455841413812e-05,2.72162196664583e-05,95.5188
1736821920.0,2.72162196664583e-05,2.90169885448822e-05,2.72162196664583e-05,2.90169885448822e-05,474.1611046986
1736821980.0,2.90169885448822e-05,3.04748128751924e-05,2.90169885448822e-05,3.04748128751924e-05,161.81709907717
1736822040.0,3.04748128751924e-05,3.1404609059133e-05,3.04748128751924e-05,3.1404609059133e-05,198.48846487846
1736822100.0,3.1404609059133e-05,3.17825574216238e-05,3.1404609059133e-05,3.17825574216238e-05,31.06244425
1736822160.0,3.17825574216238e-05,3.17825574216238e-05,3.17825574216238e-05,3.17825574216238e-05,0.0
1736822220.0,3.17825574216238e-05,3.17825574216238e-05,3.17825574216238e-05,3.17825574216238e-05,0.0
1736822280.0,3.17825574216238e-05,3.17825574216238e-05,3.1550476318794e-05,3.1550476318794e-05,32.3995892296
1736822340.0,3.1550476318794e-05,3.1550476318794e-05,2.73759718261425e-05,2.73759718261425e-05,1276.08588421245
1736822400.0,2.73759718261425e-05,2.73759718261425e-05,2.41088866253295e-05,2.41088866253295e-05,55.074
1736822460.0,2.41088866253295e-05,2.43508666427592e-05,2.41088866253295e-05,2.43508666427592e-05,39.31413229632
1736822520.0,2.43508666427592e-05,2.43508666427592e-05,2.43508666427592e-05,2.43508666427592e-05,0.0
1736822580.0,2.43508666427592e-05,2.45064344388277e-05,2.43508666427592e-05,2.45064344388277e-05,23.8281305256
1736822640.0,2.45064344388277e-05,2.7691413858861e-05,2.45064344388277e-05,2.7691413858861e-05,1101.42
1736822700.0,2.7691413858861e-05,3.13488281892352e-05,2.7691413858861e-05,3.13488281892352e-05,29.0829105
1736822760.0,3.13488281892352e-05,3.13488281892352e-05,3.13488281892352e-05,3.13488281892352e-05,0.0
1736822820.0,3.13488281892352e-05,3.13488281892352e-05,2.965492078268e-05,2.965492078268e-05,397.9477243632
1736822880.0,2.965492078268e-05,2.965492078268e-05,2.89806404836452e-05,2.89806404836452e-05,36.678
1736822940.0,2.89806404836452e-05,2.98483096557076e-05,2.89806404836452e-05,2.93836794003469e-05,243.37901117859
1736823000.0,2.93836794003469e-05,2.93836794003469e-05,2.93836794003469e-05,2.93836794003469e-05,0.0
1736823060.0,2.93836794003469e-05,2.93836794003469e-05,2.91841814726281e-05,2.91841814726281e-05,25.69343630169
1736823120.0,2.91841814726281e-05,2.92515951137338e-05,2.91841814726281e-05,2.92515951137338e-05,1.8168246
1736823180.0,2.92515951137338e-05,2.92572930121501e-05,2.74411761019638e-05,2.74411761019638e-05,548.60444138952
1736823240.0,2.74411761019638e-05,2.74411761019638e-05,2.59868920645932e-05,2.59868920645932e-05,1.8162297
1736823300.0,2.59868920645932e-05,2.59868920645932e-05,2.59868920645932e-05,2.59868920645932e-05,0.0
1736823360.0,2.59868920645932e-05,2.59868920645932e-05,2.58478640648428e-05,2.58478640648428e-05,4.99390371768
1736823420.0,2.58478640648428e-05,2.58478640648428e-05,2.58478640648428e-05,2.58478640648428e-05,0.0
1736823480.0,2.58478640648428e-05,2.58478640648428e-05,2.58478640648428e-05,2.58478640648428e-05,0.0
1736823540.0,2.58478640648428e-05,2.58478640648428e-05,2.58478640648428e-05,2.58478640648428e-05,0.0
1736823600.0,2.58478640648428e-05,2.58478640648428e-05,2.5827889245861e-05,2.5827889245861e-05,8.15966959774
1736823660.0,2.5827889245861e-05,2.5827889245861e-05,2.5827889245861e-05,2.5827889245861e-05,0.0
1736823720.0,2.5827889245861e-05,2.5827889245861e-05,2.5827889245861e-05,2.5827889245861e-05,0.0
1736823780.0,2.5827889245861e-05,2.5827889245861e-05,2.5827889245861e-05,2.5827889245861e-05,0.0
1736823840.0,2.5827889245861e-05,2.59346689710526e-05,2.5827889245861e-05,2.59346689710526e-05,1.8172212
1736823900.0,2.59346689710526e-05,2.59346689710526e-05,2.58203335909027e-05,2.58203335909027e-05,2.89329531774
1736823960.0,2.58203335909027e-05,2.58203335909027e-05,2.58203335909027e-05,2.58203335909027e-05,0.0
1736824020.0,2.58203335909027e-05,2.58203335909027e-05,2.58203335909027e-05,2.58203335909027e-05,0.0
1736824080.0,2.58203335909027e-05,2.58203335909027e-05,2.58203335909027e-05,2.58203335909027e-05,0.0
1736824140.0,2.58203335909027e-05,2.58203335909027e-05,2.58203335909027e-05,2.58203335909027e-05,0.0
1736824200.0,2.58203335909027e-05,2.59969548809217e-05,2.53848963863921e-05,2.53848963863921e-05,194.996951748
1736824260.0,2.53848963863921e-05,2.53848963863921e-05,2.53848963863921e-05,2.53848963863921e-05,0.0
1736824320.0,2.53848963863921e-05,2.53848963863921e-05,2.53848963863921e-05,2.53848963863921e-05,0.0
1736824380.0,2.53848963863921e-05,2.53848963863921e-05,2.53848963863921e-05,2.53848963863921e-05,0.0
1736824440.0,2.53848963863921e-05,2.53848963863921e-05,2.53848963863921e-05,2.53848963863921e-05,0.0
1736824500.0,2.53848963863921e-05,2.53848963863921e-05,2.53848963863921e-05,2.53848963863921e-05,0.0
1736824560.0,2.53848963863921e-05,2.53848963863921e-05,2.53848963863921e-05,2.53848963863921e-05,0.0
1736824620.0,2.53848963863921e-05,2.53848963863921e-05,2.53848963863921e-05,2.53848963863921e-05,0.0
1736824680.0,2.53848963863921e-05,2.53848963863921e-05,2.48268989245184e-05,2.48268989245184e-05,30.0688923353
1736824740.0,2.48268989245184e-05,2.48268989245184e-05,2.48268989245184e-05,2.48268989245184e-05,0.0
1736824800.0,2.48268989245184e-05,2.48268989245184e-05,2.48268989245184e-05,2.48268989245184e-05,0.0
1736824860.0,2.48268989245184e-05,2.48268989245184e-05,2.47075889105852e-05,2.47075889105852e-05,17.03911665234
1736824920.0,2.47075889105852e-05,2.49094635504819e-05,2.47075889105852e-05,2.49094635504819e-05,36.4518
1736824980.0,2.49094635504819e-05,2.49094635504819e-05,2.48066040758542e-05,2.48066040758542e-05,29.36775744987
1736825040.0,2.48066040758542e-05,2.48066040758542e-05,2.48066040758542e-05,2.48066040758542e-05,0.0
1736825100.0,2.48066040758542e-05,2.48066040758542e-05,2.48066040758542e-05,2.48066040758542e-05,0.0
1736825160.0,2.48066040758542e-05,2.49586771938363e-05,2.48066040758542e-05,2.49586771938363e-05,36.832
1736825220.0,2.49586771938363e-05,2.49586771938363e-05,2.49586771938363e-05,2.49586771938363e-05,0.0
1736825280.0,2.49586771938363e-05,2.49586771938363e-05,2.49586771938363e-05,2.49586771938363e-05,0.0
1736825340.0,2.49586771938363e-05,2.49586771938363e-05,2.49586771938363e-05,2.49586771938363e-05,0.0
1736825400.0,2.49586771938363e-05,2.49586771938363e-05,2.49586771938363e-05,2.49586771938363e-05,0.0
1736825460.0,2.49586771938363e-05,2.49586771938363e-05,2.49336248609037e-05,2.49336248609037e-05,9.97773829214
1736825520.0,2.49336248609037e-05,2.49336248609037e-05,2.49336248609037e-05,2.49336248609037e-05,0.0
1736825580.0,2.49336248609037e-05,2.49336248609037e-05,2.49336248609037e-05,2.49336248609037e-05,0.0
1736825640.0,2.49336248609037e-05,2.57423801062361e-05,2.49336248609037e-05,2.55494394929584e-05,249.6310947766
1736825700.0,2.55494394929584e-05,2.55494394929584e-05,2.55494394929584e-05,2.55494394929584e-05,0.0
1736825760.0,2.55494394929584e-05,2.55494394929584e-05,2.55494394929584e-05,2.55494394929584e-05,0.0
1736825820.0,2.55494394929584e-05,2.57113991216072e-05,2.29955103942807e-05,2.29955103942807e-05,934.46499224025
1736825880.0,2.29955103942807e-05,2.29955103942807e-05,2.08961461774354e-05,2.08961461774354e-05,66.2652
1736825940.0,2.08961461774354e-05,2.1414733617555e-05,2.08961461774354e-05,2.1414733617555e-05,83.20868
1736826000.0,2.1414733617555e-05,2.15223269310281e-05,2.1414733617555e-05,2.15223269310281e-05,3.650703
1736826060.0,2.15223269310281e-05,2.15223269310281e-05,2.15223269310281e-05,2.15223269310281e-05,0.0
1736826120.0,2.15223269310281e-05,2.15223269310281e-05,2.15223269310281e-05,2.15223269310281e-05,0.0
1736826180.0,2.15223269310281e-05,2.15223269310281e-05,2.15223269310281e-05,2.15223269310281e-05,0.0
1736826240.0,2.15223269310281e-05,2.15223269310281e-05,2.15223269310281e-05,2.15223269310281e-05,0.0
1736826300.0,2.15223269310281e-05,2.15223269310281e-05,2.14272553644189e-05,2.14272553644189e-05,6.00228645192
1736826360.0,2.14272553644189e-05,2.14272553644189e-05,2.14272553644189e-05,2.14272553644189e-05,0.0
1736826420.0,2.14272553644189e-05,2.14272553644189e-05,2.14272553644189e-05,2.14272553644189e-05,0.0
1736826480.0,2.14272553644189e-05,2.14272553644189e-05,2.14272553644189e-05,2.14272553644189e-05,0.0
1736826540.0,2.14272553644189e-05,2.14272553644189e-05,2.14272553644189e-05,2.14272553644189e-05,0.0
1736826600.0,2.14272553644189e-05,2.14272553644189e-05,2.14272553644189e-05,2.14272553644189e-05,0.0
1736826660.0,2.14272553644189e-05,2.14272553644189e-05,2.14272553644189e-05,2.14272553644189e-05,0.0
1736826720.0,2.14272553644189e-05,2.14272553644189e-05,2.14272553644189e-05,2.14272553644189e-05,0.0
1736826780.0,2.14272553644189e-05,2.20568227385115e-05,2.14272553644189e-05,2.20568227385115e-05,208.0895
1736826840.0,2.20568227385115e-05,2.41950961439193e-05,2.20568227385115e-05,2.41950961439193e-05,356.680135
1736826900.0,2.41950961439193e-05,2.41950961439193e-05,2.41950961439193e-05,2.41950961439193e-05,0.0
1736826960.0,2.41950961439193e-05,2.49227810253902e-05,2.41950961439193e-05,2.49227810253902e-05,92.094
1736827020.0,2.49227810253902e-05,2.66823277085875e-05,2.49227810253902e-05,2.66420662086648e-05,563.73162610783
1736827080.0,2.66420662086648e-05,2.68012410760535e-05,2.66138313352164e-05,2.68012410760535e-05,18.5985345273
1736827140.0,2.68012410760535e-05,2.68012410760535e-05,2.66265528934395e-05,2.66265528934395e-05,32.7558466465
1736827200.0,2.66265528934395e-05,2.69345435552495e-05,2.66265528934395e-05,2.69345435552495e-05,92.09
1736827260.0,2.69345435552495e-05,2.74809829271632e-05,2.69345435552495e-05,2.74809829271632e-05,90.258
1736827320.0,2.74809829271632e-05,2.74809829271632e-05,2.74809829271632e-05,2.74809829271632e-05,0.0
1736827380.0,2.74809829271632e-05,2.74809829271632e-05,2.74809829271632e-05,2.74809829271632e-05,0.0
1736827440.0,2.74809829271632e-05,2.76432521434868e-05,2.74809829271632e-05,2.76432521434868e-05,3.87529853568
1736827500.0,2.76432521434868e-05,2.77738422099208e-05,2.76432521434868e-05,2.77738422099208e-05,3.6884
1736827560.0,2.77738422099208e-05,2.7838885158962e-05,2.69226581820906e-05,2.69226581820906e-05,269.9141119965
1736827620.0,2.69226581820906e-05,2.69226581820906e-05,2.69158168332696e-05,2.69158168332696e-05,15.0117526485
1736827680.0,2.69158168332696e-05,2.70828504581511e-05,2.69158168332696e-05,2.70828504581511e-05,16.605
1736827740.0,2.70828504581511e-05,2.71136959573635e-05,2.69585220263604e-05,2.71136959573635e-05,14.101739055
1736827800.0,2.71136959573635e-05,2.71136959573635e-05,2.69617694572887e-05,2.69617694572887e-05,16.48089576657
1736827860.0,2.69617694572887e-05,2.69617694572887e-05,2.69617694572887e-05,2.69617694572887e-05,0.0
1736827920.0,2.69617694572887e-05,2.69617694572887e-05,2.64682888037174e-05,2.64682888037174e-05,153.77995844222
1736827980.0,2.64682888037174e-05,2.67008937882299e-05,2.6341375038054e-05,2.67008937882299e-05,189.39956891275
1736828040.0,2.67008937882299e-05,2.67008937882299e-05,2.61129989478162e-05,2.61129989478162e-05,77.19448758625
1736828100.0,2.61129989478162e-05,2.61129989478162e-05,2.27621163465473e-05,2.31239935763499e-05,817.55110100581
1736828160.0,2.31239935763499e-05,2.37145394362198e-05,2.31239935763499e-05,2.37145394362198e-05,110.803
1736828220.0,2.37145394362198e-05,2.38984108297539e-05,2.37145394362198e-05,2.38984108297539e-05,25.861
1736828280.0,2.38984108297539e-05,2.39731151037499e-05,2.27826447538212e-05,2.27826447538212e-05,421.89987223352
1736828340.0,2.27826447538212e-05,2.27826447538212e-05,2.27826447538212e-05,2.27826447538212e-05,0.0
1736828400.0,2.27826447538212e-05,2.27826447538212e-05,2.17009022631815e-05,2.17009022631815e-05,3.6384079218
1736828460.0,2.17009022631815e-05,2.17009022631815e-05,2.16420081069379e-05,2.16420081069379e-05,14.572523398
1736828520.0,2.16420081069379e-05,2.16420081069379e-05,2.16420081069379e-05,2.16420081069379e-05,0.0
1736828580.0,2.16420081069379e-05,2.16420081069379e-05,2.16420081069379e-05,2.16420081069379e-05,0.0
1736828640.0,2.16420081069379e-05,2.16420081069379e-05,2.16420081069379e-05,2.16420081069379e-05,0.0
1736828700.0,2.16420081069379e-05,2.16420081069379e-05,2.16420081069379e-05,2.16420081069379e-05,0.0
1736828760.0,2.16420081069379e-05,2.16420081069379e-05,2.14116159267433e-05,2.14116159267433e-05,71.51976020412
1736828820.0,2.14116159267433e-05,2.14116159267433e-05,2.11907422113511e-05,2.11907422113511e-05,14.20942473944
1736828880.0,2.11907422113511e-05,2.11907422113511e-05,2.11907422113511e-05,2.11907422113511e-05,0.0
1736828940.0,2.11907422113511e-05,2.11907422113511e-05,2.11907422113511e-05,2.11907422113511e-05,0.0
1736829000.0,2.11907422113511e-05,2.11907422113511e-05,2.066501006957e-05,2.066501006957e-05,185.98509062613
1736829060.0,2.066501006957e-05,2.066501006957e-05,2.066501006957e-05,2.066501006957e-05,0.0
1736829120.0,2.066501006957e-05,2.066501006957e-05,1.90414436831044e-05,1.90414436831044e-05,444.90880360384
1736829180.0,1.90414436831044e-05,1.90414436831044e-05,1.90414436831044e-05,1.90414436831044e-05,0.0
1736829240.0,1.90414436831044e-05,1.94367282334107e-05,1.87132752732339e-05,1.928846556615e-05,309.00109628434
1736829300.0,1.928846556615e-05,1.97360743326332e-05,1.928846556615e-05,1.97360743326332e-05,147.664
1736829360.0,1.97360743326332e-05,2.13157307496512e-05,1.97360743326332e-05,2.13157307496512e-05,238.75373182284
1736829420.0,2.13157307496512e-05,2.13157307496512e-05,2.13157307496512e-05,2.13157307496512e-05,0.0
1736829480.0,2.13157307496512e-05,2.13754353815699e-05,2.13157307496512e-05,2.13754353815699e-05,18.457
1736829540.0,2.13754353815699e-05,2.13754353815699e-05,2.13754353815699e-05,2.13754353815699e-05,0.0
1736829600.0,2.13754353815699e-05,2.14457283072502e-05,2.13292307802017e-05,2.14457283072502e-05,8.53829718546
1736829660.0,2.14457283072502e-05,2.14457283072502e-05,2.14457283072502e-05,2.14457283072502e-05,0.0
1736829720.0,2.14457283072502e-05,2.20495944140407e-05,2.14457283072502e-05,2.20495944140407e-05,203.522
1736829780.0,2.20495944140407e-05,2.20495944140407e-05,2.20495944140407e-05,2.20495944140407e-05,0.0
1736829840.0,2.20495944140407e-05,2.24007573363e-05,2.20495944140407e-05,2.24007573363e-05,13.44045440178
1736829900.0,2.24007573363e-05,2.24007573363e-05,2.24007573363e-05,2.24007573363e-05,0.0
1736829960.0,2.24007573363e-05,2.24007573363e-05,2.12572329573753e-05,2.12572329573753e-05,251.91928344828
1736830020.0,2.12572329573753e-05,2.12572329573753e-05,2.12572329573753e-05,2.12572329573753e-05,0.0
1736830080.0,2.12572329573753e-05,2.12572329573753e-05,2.12572329573753e-05,2.12572329573753e-05,0.0
1736830140.0,2.12572329573753e-05,2.12572329573753e-05,1.91233619449621e-05,1.91233619449621e-05,401.3925841134
1736830200.0,1.91233619449621e-05,1.91233619449621e-05,1.89943631006256e-05,1.89943631006256e-05,4.82230209679
1736830260.0,1.89943631006256e-05,1.89943631006256e-05,1.89943631006256e-05,1.89943631006256e-05,0.0
1736830320.0,1.89943631006256e-05,1.89943631006256e-05,1.89943631006256e-05,1.89943631006256e-05,0.0
1736830380.0,1.89943631006256e-05,1.89943631006256e-05,1.89943631006256e-05,1.89943631006256e-05,0.0
1736830440.0,1.89943631006256e-05,1.94900731126962e-05,1.89943631006256e-05,1.94900731126962e-05,148.176
1736830500.0,1.94900731126962e-05,1.94900731126962e-05,1.94900731126962e-05,1.94900731126962e-05,0.0
1736830560.0,1.94900731126962e-05,1.94900731126962e-05,1.94900731126962e-05,1.94900731126962e-05,0.0
1736830620.0,1.94900731126962e-05,2.00918927809945e-05,1.94900731126962e-05,2.00918927809945e-05,77.89104173648
1736830680.0,2.00918927809945e-05,2.00918927809945e-05,2.00918927809945e-05,2.00918927809945e-05,0.0
1736830740.0,2.00918927809945e-05,2.046710994368e-05,2.00918927809945e-05,2.046710994368e-05,60.37637205195
1736830800.0,2.046710994368e-05,2.046710994368e-05,2.046710994368e-05,2.046710994368e-05,0.0
1736830860.0,2.046710994368e-05,2.05110004167483e-05,2.02271236016838e-05,2.02271236016838e-05,111.25265720112
1736830920.0,2.02271236016838e-05,2.02271236016838e-05,2.02271236016838e-05,2.02271236016838e-05,0.0
1736830980.0,2.02271236016838e-05,2.02271236016838e-05,1.98270808661285e-05,1.98270808661285e-05,58.25501291781
1736831040.0,1.98270808661285e-05,1.98270808661285e-05,1.98270808661285e-05,1.98270808661285e-05,0.0
1736831100.0,1.98270808661285e-05,1.98270808661285e-05,1.98270808661285e-05,1.98270808661285e-05,0.0
1736831160.0,1.98270808661285e-05,1.98270808661285e-05,1.92761112568132e-05,1.92761112568132e-05,159.57004907653
1736831220.0,1.92761112568132e-05,1.92761112568132e-05,1.92761112568132e-05,1.92761112568132e-05,0.0
1736831280.0,1.92761112568132e-05,1.92761112568132e-05,1.92761112568132e-05,1.92761112568132e-05,0.0
1736831340.0,1.92761112568132e-05,1.92761112568132e-05,1.92761112568132e-05,1.92761112568132e-05,0.0
1736831400.0,1.92761112568132e-05,1.92761112568132e-05,1.92761112568132e-05,1.92761112568132e-05,0.0
1736831460.0,1.92761112568132e-05,1.92761112568132e-05,1.92761112568132e-05,1.92761112568132e-05,0.0
1736831520.0,1.92761112568132e-05,1.92761112568132e-05,1.92761112568132e-05,1.92761112568132e-05,0.0
1736831580.0,1.92761112568132e-05,1.92761112568132e-05,1.85545348809365e-05,1.85545348809365e-05,154.82561027899
1736831640.0,1.85545348809365e-05,1.85545348809365e-05,1.85545348809365e-05,1.85545348809365e-05,0.0
1736831700.0,1.85545348809365e-05,1.85545348809365e-05,1.79674103874516e-05,1.79674103874516e-05,87.74076441564
1736831760.0,1.79674103874516e-05,1.79674103874516e-05,1.76330968191023e-05,1.76330968191023e-05,52.01625519713
1736831820.0,1.76330968191023e-05,1.76330968191023e-05,1.76330968191023e-05,1.76330968191023e-05,0.0
1736831880.0,1.76330968191023e-05,1.76330968191023e-05,1.73471176331253e-05,1.73471176331253e-05,67.2502624963
1736831940.0,1.73471176331253e-05,1.73471176331253e-05,1.73471176331253e-05,1.73471176331253e-05,0.0
1736832000.0,1.73471176331253e-05,1.73471176331253e-05,1.73471176331253e-05,1.73471176331253e-05,0.0
1736832060.0,1.73471176331253e-05,1.73471176331253e-05,1.73471176331253e-05,1.73471176331253e-05,0.0
1736832120.0,1.73471176331253e-05,1.73471176331253e-05,1.72933349004058e-05,1.73422497905406e-05,20.2702698
1736832180.0,1.73422497905406e-05,1.73422497905406e-05,1.73422497905406e-05,1.73422497905406e-05,0.0
1736832240.0,1.73422497905406e-05,1.73422497905406e-05,1.73422497905406e-05,1.73422497905406e-05,0.0
1736832300.0,1.73422497905406e-05,1.83204955638002e-05,1.73422497905406e-05,1.77685677050556e-05,418.55664916398
1736832360.0,1.77685677050556e-05,1.77685677050556e-05,1.77685677050556e-05,1.77685677050556e-05,0.0
1736832420.0,1.77685677050556e-05,1.77685677050556e-05,1.73942277778391e-05,1.73942277778391e-05,3.40848732735
1736832480.0,1.73942277778391e-05,1.73942277778391e-05,1.73942277778391e-05,1.73942277778391e-05,0.0
1736832540.0,1.73942277778391e-05,1.73942277778391e-05,1.73942277778391e-05,1.73942277778391e-05,0.0
1736832600.0,1.73942277778391e-05,1.77334132307247e-05,1.73942277778391e-05,1.77334132307247e-05,73.9504
1736832660.0,1.77334132307247e-05,1.77334132307247e-05,1.77334132307247e-05,1.77334132307247e-05,0.0
1736832720.0,1.77334132307247e-05,1.77334132307247e-05,1.73816733012211e-05,1.73816733012211e-05,120.7032128756
1736832780.0,1.73816733012211e-05,1.73816733012211e-05,1.7295983749224e-05,1.7295983749224e-05,17.71946136976
1736832840.0,1.7295983749224e-05,1.7295983749224e-05,1.7295983749224e-05,1.7295983749224e-05,0.0
1736832900.0,1.7295983749224e-05,1.81285826745624e-05,1.7295983749224e-05,1.81285826745624e-05,340.6342951469417
1736832960.0,1.81285826745624e-05,1.81285826745624e-05,1.81285826745624e-05,1.81285826745624e-05,0.0
1736833020.0,1.81285826745624e-05,1.81285826745624e-05,1.75205032626891e-05,1.75205032626891e-05,37.086
1736833080.0,1.75205032626891e-05,1.75205032626891e-05,1.75205032626891e-05,1.75205032626891e-05,0.0
1736833140.0,1.75205032626891e-05,1.75205032626891e-05,1.75205032626891e-05,1.75205032626891e-05,0.0
1736833200.0,1.75205032626891e-05,1.75205032626891e-05,1.75205032626891e-05,1.75205032626891e-05,0.0
1736833260.0,1.75205032626891e-05,1.75205032626891e-05,1.74409697438653e-05,1.74409697438653e-05,36.91764980852
1736833320.0,1.74409697438653e-05,1.74409697438653e-05,1.74409697438653e-05,1.74409697438653e-05,0.0
1736833380.0,1.74409697438653e-05,1.74700882086955e-05,1.74409697438653e-05,1.74700882086955e-05,12.8746275
1736833440.0,1.74700882086955e-05,1.74700882086955e-05,1.74700882086955e-05,1.74700882086955e-05,0.0
1736833500.0,1.74700882086955e-05,1.74700882086955e-05,1.74700882086955e-05,1.74700882086955e-05,0.0
1736833560.0,1.74700882086955e-05,1.74700882086955e-05,1.73794231317543e-05,1.73794231317543e-05,6.00249437886
1736833620.0,1.73794231317543e-05,1.74912238519868e-05,1.73794231317543e-05,1.74912238519868e-05,18.366546
1736833680.0,1.74912238519868e-05,1.74912238519868e-05,1.74912238519868e-05,1.74912238519868e-05,0.0
1736833740.0,1.74912238519868e-05,1.74912238519868e-05,1.74912238519868e-05,1.74912238519868e-05,0.0
1736833800.0,1.74912238519868e-05,1.74912238519868e-05,1.74912238519868e-05,1.74912238519868e-05,0.0
1736833860.0,1.74912238519868e-05,1.74912238519868e-05,1.74912238519868e-05,1.74912238519868e-05,0.0
1736833920.0,1.74912238519868e-05,1.74912238519868e-05,1.74912238519868e-05,1.74912238519868e-05,0.0
1736833980.0,1.74912238519868e-05,1.74912238519868e-05,1.72020231205438e-05,1.72020231205438e-05,89.09867004592
1736834040.0,1.72020231205438e-05,1.72020231205438e-05,1.72020231205438e-05,1.72020231205438e-05,0.0
1736834100.0,1.72020231205438e-05,1.72020231205438e-05,1.72020231205438e-05,1.72020231205438e-05,0.0
1736834160.0,1.72020231205438e-05,1.72020231205438e-05,1.72020231205438e-05,1.72020231205438e-05,0.0
1736834220.0,1.72020231205438e-05,1.72020231205438e-05,1.72020231205438e-05,1.72020231205438e-05,0.0
1736834280.0,1.72020231205438e-05,1.72020231205438e-05,1.72020231205438e-05,1.72020231205438e-05,0.0
1736834340.0,1.72020231205438e-05,1.72020231205438e-05,1.72020231205438e-05,1.72020231205438e-05,0.0
1736834400.0,1.72020231205438e-05,1.72020231205438e-05,1.72020231205438e-05,1.72020231205438e-05,0.0
1736834460.0,1.72020231205438e-05,1.72020231205438e-05,1.72020231205438e-05,1.72020231205438e-05,0.0
1736834520.0,1.72020231205438e-05,1.72020231205438e-05,1.72020231205438e-05,1.72020231205438e-05,0.0
1736834580.0,1.72020231205438e-05,1.72020231205438e-05,1.72020231205438e-05,1.72020231205438e-05,0.0
1736834640.0,1.72020231205438e-05,1.72020231205438e-05,1.72020231205438e-05,1.72020231205438e-05,0.0
1736834700.0,1.72020231205438e-05,1.72020231205438e-05,1.69947738703635e-05,1.69947738703635e-05,4.91713191346
1736834760.0,1.69947738703635e-05,1.69947738703635e-05,1.68459013939278e-05,1.68459013939278e-05,62.11032224592
1736834820.0,1.68459013939278e-05,1.68459013939278e-05,1.67944898599883e-05,1.67944898599883e-05,3.6711279
1736834880.0,1.67944898599883e-05,1.67944898599883e-05,1.55744208041845e-05,1.55744208041845e-05,270.50510324399
1736834940.0,1.55744208041845e-05,1.55744208041845e-05,1.55744208041845e-05,1.55744208041845e-05,0.0
1736835000.0,1.55744208041845e-05,1.55744208041845e-05,1.5387779626062e-05,1.5387779626062e-05,45.9058709329
1736835060.0,1.5387779626062e-05,1.5387779626062e-05,1.51989129231795e-05,1.51989129231795e-05,41.18978980607
1736835120.0,1.51989129231795e-05,1.51989129231795e-05,1.51941430446734e-05,1.51941430446734e-05,1.83774525
1736835180.0,1.51941430446734e-05,1.52014750315935e-05,1.51941430446734e-05,1.52014750315935e-05,1.8376461
1736835240.0,1.52014750315935e-05,1.52014750315935e-05,1.52014750315935e-05,1.52014750315935e-05,0.0
1736835300.0,1.52014750315935e-05,1.52014750315935e-05,1.52014750315935e-05,1.52014750315935e-05,0.0
1736835360.0,1.52014750315935e-05,1.52014750315935e-05,1.52014750315935e-05,1.52014750315935e-05,0.0
1736835420.0,1.52014750315935e-05,1.52014750315935e-05,1.52014750315935e-05,1.52014750315935e-05,0.0
1736835480.0,1.52014750315935e-05,1.52014750315935e-05,1.52014750315935e-05,1.52014750315935e-05,0.0
1736835540.0,1.52014750315935e-05,1.52014750315935e-05,1.51471513412593e-05,1.51471513412593e-05,1.30263969249
1736835600.0,1.51471513412593e-05,1.51471513412593e-05,1.51471513412593e-05,1.51471513412593e-05,0.0
1736835660.0,1.51471513412593e-05,1.51471513412593e-05,1.51471513412593e-05,1.51471513412593e-05,0.0
1736835720.0,1.51471513412593e-05,1.53008541290239e-05,1.51471513412593e-05,1.53008541290239e-05,37.114
1736835780.0,1.53008541290239e-05,1.53008541290239e-05,1.53008541290239e-05,1.53008541290239e-05,0.0
1736835840.0,1.53008541290239e-05,1.53008541290239e-05,1.53008541290239e-05,1.53008541290239e-05,0.0
1736835900.0,1.53008541290239e-05,1.6213879509654e-05,1.53008541290239e-05,1.6213879509654e-05,371.22
1736835960.0,1.6213879509654e-05,1.6213879509654e-05,1.6213879509654e-05,1.6213879509654e-05,0.0
1736836020.0,1.6213879509654e-05,1.75048271691959e-05,1.6213879509654e-05,1.75048271691959e-05,167.292
1736836080.0,1.75048271691959e-05,1.79239243013627e-05,1.75048271691959e-05,1.79239243013627e-05,4.44016501452
1736836140.0,1.79239243013627e-05,1.7968419704986e-05,1.79239243013627e-05,1.7968419704986e-05,14.8736
1736836200.0,1.7968419704986e-05,1.80327202324386e-05,1.7968419704986e-05,1.80327202324386e-05,11.39955330035
1736836260.0,1.80327202324386e-05,1.83535709277865e-05,1.80327202324386e-05,1.83535709277865e-05,115.97518840248
1736836320.0,1.83535709277865e-05,1.86304953564898e-05,1.83535709277865e-05,1.86304953564898e-05,3.718
1736836380.0,1.86304953564898e-05,1.86304953564898e-05,1.86304953564898e-05,1.86304953564898e-05,0.0
1736836440.0,1.86304953564898e-05,1.86304953564898e-05,1.6848048187759e-05,1.6848048187759e-05,489.39266290737
1736836500.0,1.6848048187759e-05,1.6848048187759e-05,1.6848048187759e-05,1.6848048187759e-05,0.0
1736836560.0,1.6848048187759e-05,1.71361352054515e-05,1.62243578241286e-05,1.71361352054515e-05,381.30457727544
1736836620.0,1.71361352054515e-05,1.71361352054515e-05,1.62103443211958e-05,1.62103443211958e-05,723.15503538159
1736836680.0,1.62103443211958e-05,1.62103443211958e-05,1.46989027772506e-05,1.46989027772506e-05,38.77510988226
1736836740.0,1.46989027772506e-05,1.486607155399e-05,1.46989027772506e-05,1.486607155399e-05,44.59821466197
1736836800.0,1.486607155399e-05,1.486607155399e-05,1.486607155399e-05,1.486607155399e-05,0.0
1736836860.0,1.486607155399e-05,1.486607155399e-05,1.486607155399e-05,1.486607155399e-05,0.0
1736836920.0,1.486607155399e-05,1.486607155399e-05,1.486607155399e-05,1.486607155399e-05,0.0
1736836980.0,1.486607155399e-05,1.486607155399e-05,1.486607155399e-05,1.486607155399e-05,0.0
1736837040.0,1.486607155399e-05,1.486607155399e-05,1.486607155399e-05,1.486607155399e-05,0.0
1736837100.0,1.486607155399e-05,1.486607155399e-05,1.486607155399e-05,1.486607155399e-05,0.0
1736837160.0,1.486607155399e-05,1.51664186437955e-05,1.486607155399e-05,1.51664186437955e-05,83.13392876568
1736837220.0,1.51664186437955e-05,1.53413989210082e-05,1.51664186437955e-05,1.53413989210082e-05,1.84805685
1736837280.0,1.53413989210082e-05,1.53413989210082e-05,1.53413989210082e-05,1.53413989210082e-05,0.0
1736837340.0,1.53413989210082e-05,1.53413989210082e-05,1.53413989210082e-05,1.53413989210082e-05,0.0
1736837400.0,1.53413989210082e-05,1.53413989210082e-05,1.53413989210082e-05,1.53413989210082e-05,0.0
1736837460.0,1.53413989210082e-05,1.53413989210082e-05,1.53413989210082e-05,1.53413989210082e-05,0.0
1736837520.0,1.53413989210082e-05,1.53413989210082e-05,1.53413989210082e-05,1.53413989210082e-05,0.0
1736837580.0,1.53413989210082e-05,1.53413989210082e-05,1.53413989210082e-05,1.53413989210082e-05,0.0
1736837640.0,1.53413989210082e-05,1.53413989210082e-05,1.53413989210082e-05,1.53413989210082e-05,0.0
1736837700.0,1.53413989210082e-05,1.53413989210082e-05,1.53413989210082e-05,1.53413989210082e-05,0.0
1736837760.0,1.53413989210082e-05,1.53413989210082e-05,1.53413989210082e-05,1.53413989210082e-05,0.0
1736837820.0,1.53413989210082e-05,1.53413989210082e-05,1.53413989210082e-05,1.53413989210082e-05,0.0
1736837880.0,1.53413989210082e-05,1.53413989210082e-05,1.53413989210082e-05,1.53413989210082e-05,0.0
1736837940.0,1.53413989210082e-05,1.53413989210082e-05,1.53413989210082e-05,1.53413989210082e-05,0.0
1736838000.0,1.53413989210082e-05,1.53413989210082e-05,1.53413989210082e-05,1.53413989210082e-05,0.0
1736838060.0,1.53413989210082e-05,1.53413989210082e-05,1.53413989210082e-05,1.53413989210082e-05,0.0
1736838120.0,1.53413989210082e-05,1.53413989210082e-05,1.53413989210082e-05,1.53413989210082e-05,0.0
1736838180.0,1.53413989210082e-05,1.53413989210082e-05,1.53413989210082e-05,1.53413989210082e-05,0.0
1736838240.0,1.53413989210082e-05,1.53413989210082e-05,1.53413989210082e-05,1.53413989210082e-05,0.0
1736838300.0,1.53413989210082e-05,1.54909443254954e-05,1.53413989210082e-05,1.54909443254954e-05,76.3089006894
1736838360.0,1.54909443254954e-05,1.54909443254954e-05,1.54909443254954e-05,1.54909443254954e-05,0.0
1736838420.0,1.54909443254954e-05,1.54909443254954e-05,1.54185712165952e-05,1.54185712165952e-05,75.9523883772
1736838480.0,1.54185712165952e-05,1.54185712165952e-05,1.54185712165952e-05,1.54185712165952e-05,0.0
1736838540.0,1.54185712165952e-05,1.54185712165952e-05,1.54185712165952e-05,1.54185712165952e-05,0.0
1736838600.0,1.54185712165952e-05,1.54185712165952e-05,1.54185712165952e-05,1.54185712165952e-05,0.0
1736838660.0,1.54185712165952e-05,1.54966466335896e-05,1.54185712165952e-05,1.54966466335896e-05,56.79863572032
1736838720.0,1.54966466335896e-05,1.54966466335896e-05,1.54888382677406e-05,1.54888382677406e-05,1.42759997604
1736838780.0,1.54888382677406e-05,1.54888382677406e-05,1.54888382677406e-05,1.54888382677406e-05,0.0
1736838840.0,1.54888382677406e-05,1.54888382677406e-05,1.54888382677406e-05,1.54888382677406e-05,0.0
1736838900.0,1.54888382677406e-05,1.54888382677406e-05,1.54888382677406e-05,1.54888382677406e-05,0.0
1736838960.0,1.54888382677406e-05,1.54888382677406e-05,1.54888382677406e-05,1.54888382677406e-05,0.0
1736839020.0,1.54888382677406e-05,1.54888382677406e-05,1.54888382677406e-05,1.54888382677406e-05,0.0
1736839080.0,1.54888382677406e-05,1.54888382677406e-05,1.51857049817265e-05,1.51857049817265e-05,66.08800025514
1736839140.0,1.51857049817265e-05,1.51857049817265e-05,1.49933243087112e-05,1.49933243087112e-05,76.43556789323
1736839200.0,1.49933243087112e-05,1.49933243087112e-05,1.47121791524502e-05,1.47121791524502e-05,53.17639663
1736839260.0,1.47121791524502e-05,1.47121791524502e-05,1.47121791524502e-05,1.47121791524502e-05,0.0
1736839320.0,1.47121791524502e-05,1.47121791524502e-05,1.45902480543288e-05,1.45902480543288e-05,3.31427587548
1736839380.0,1.45902480543288e-05,1.45902480543288e-05,1.45799119256367e-05,1.45799119256367e-05,1.81131334014
1736839440.0,1.45799119256367e-05,1.45799119256367e-05,1.45799119256367e-05,1.45799119256367e-05,0.0
1736839500.0,1.45799119256367e-05,1.45799119256367e-05,1.45799119256367e-05,1.45799119256367e-05,0.0
1736839560.0,1.45799119256367e-05,1.45799119256367e-05,1.45799119256367e-05,1.45799119256367e-05,0.0
1736839620.0,1.45799119256367e-05,1.45799119256367e-05,1.45799119256367e-05,1.45799119256367e-05,0.0
1736839680.0,1.45799119256367e-05,1.45799119256367e-05,1.45799119256367e-05,1.45799119256367e-05,0.0
1736839740.0,1.45799119256367e-05,1.45799119256367e-05,1.45799119256367e-05,1.45799119256367e-05,0.0
1736839800.0,1.45799119256367e-05,1.45799119256367e-05,1.45747286543389e-05,1.45747286543389e-05,1.66407804045
1736839860.0,1.45747286543389e-05,1.45747286543389e-05,1.45747286543389e-05,1.45747286543389e-05,0.0
1736839920.0,1.45747286543389e-05,1.45747286543389e-05,1.45747286543389e-05,1.45747286543389e-05,0.0
1736839980.0,1.45747286543389e-05,1.45747286543389e-05,1.45747286543389e-05,1.45747286543389e-05,0.0
1736840040.0,1.45747286543389e-05,1.45747286543389e-05,1.45747286543389e-05,1.45747286543389e-05,0.0
1736840100.0,1.45747286543389e-05,1.45747286543389e-05,1.45747286543389e-05,1.45747286543389e-05,0.0
1736840160.0,1.45747286543389e-05,1.45747286543389e-05,1.45747286543389e-05,1.45747286543389e-05,0.0
1736840220.0,1.45747286543389e-05,1.45747286543389e-05,1.45747286543389e-05,1.45747286543389e-05,0.0
1736840280.0,1.45747286543389e-05,1.45747286543389e-05,1.45747286543389e-05,1.45747286543389e-05,0.0
1736840340.0,1.45747286543389e-05,1.45747286543389e-05,1.45747286543389e-05,1.45747286543389e-05,0.0
1736840400.0,1.45747286543389e-05,1.45747286543389e-05,1.45747286543389e-05,1.45747286543389e-05,0.0
1736840460.0,1.45747286543389e-05,1.45747286543389e-05,1.45747286543389e-05,1.45747286543389e-05,0.0
1736840520.0,1.45747286543389e-05,1.45747286543389e-05,1.45747286543389e-05,1.45747286543389e-05,0.0
1736840580.0,1.45747286543389e-05,1.45747286543389e-05,1.45747286543389e-05,1.45747286543389e-05,0.0
1736840640.0,1.45747286543389e-05,1.45747286543389e-05,1.4530083862156e-05,1.4530083862156e-05,3.38135286644
1736840700.0,1.4530083862156e-05,1.4530083862156e-05,1.4530083862156e-05,1.4530083862156e-05,0.0
1736840760.0,1.4530083862156e-05,1.4530083862156e-05,1.4530083862156e-05,1.4530083862156e-05,0.0
1736840820.0,1.4530083862156e-05,1.70155143866879e-05,1.4530083862156e-05,1.70155143866879e-05,641.51307586659
1736840880.0,1.70155143866879e-05,1.70155143866879e-05,1.70155143866879e-05,1.70155143866879e-05,0.0
1736840940.0,1.70155143866879e-05,1.70155143866879e-05,1.70155143866879e-05,1.70155143866879e-05,0.0
1736841000.0,1.70155143866879e-05,1.70155143866879e-05,1.70155143866879e-05,1.70155143866879e-05,0.0
1736841060.0,1.70155143866879e-05,1.70155143866879e-05,1.70155143866879e-05,1.70155143866879e-05,0.0
1736841120.0,1.70155143866879e-05,1.70155143866879e-05,1.70155143866879e-05,1.70155143866879e-05,0.0
1736841180.0,1.70155143866879e-05,1.70155143866879e-05,1.70155143866879e-05,1.70155143866879e-05,0.0
1736841240.0,1.70155143866879e-05,1.70155143866879e-05,1.70155143866879e-05,1.70155143866879e-05,0.0
1736841300.0,1.70155143866879e-05,1.70155143866879e-05,1.70155143866879e-05,1.70155143866879e-05,0.0
1736841360.0,1.70155143866879e-05,1.70296111992701e-05,1.70155143866879e-05,1.70296111992701e-05,33.1711142665
1736841420.0,1.70296111992701e-05,1.70296111992701e-05,1.70296111992701e-05,1.70296111992701e-05,0.0
1736841480.0,1.70296111992701e-05,1.70296111992701e-05,1.70296111992701e-05,1.70296111992701e-05,0.0
1736841540.0,1.70296111992701e-05,1.70296111992701e-05,1.68884736191796e-05,1.68884736191796e-05,28.69899619664
1736841600.0,1.68884736191796e-05,1.68884736191796e-05,1.68884736191796e-05,1.68884736191796e-05,0.0
1736841660.0,1.68884736191796e-05,1.68884736191796e-05,1.68884736191796e-05,1.68884736191796e-05,0.0
1736841720.0,1.68884736191796e-05,1.68884736191796e-05,1.68884736191796e-05,1.68884736191796e-05,0.0
1736841780.0,1.68884736191796e-05,1.68884736191796e-05,1.68884736191796e-05,1.68884736191796e-05,0.0
1736841840.0,1.68884736191796e-05,1.68884736191796e-05,1.68884736191796e-05,1.68884736191796e-05,0.0
1736841900.0,1.68884736191796e-05,1.68884736191796e-05,1.68884736191796e-05,1.68884736191796e-05,0.0
1736841960.0,1.68884736191796e-05,1.68884736191796e-05,1.68884736191796e-05,1.68884736191796e-05,0.0
1736842020.0,1.68884736191796e-05,1.68884736191796e-05,1.68884736191796e-05,1.68884736191796e-05,0.0
1736842080.0,1.68884736191796e-05,1.68884736191796e-05,1.68884736191796e-05,1.68884736191796e-05,0.0
1736842140.0,1.68884736191796e-05,1.68884736191796e-05,1.68884736191796e-05,1.68884736191796e-05,0.0
1736842200.0,1.68884736191796e-05,1.68884736191796e-05,1.68884736191796e-05,1.68884736191796e-05,0.0
1736842260.0,1.68884736191796e-05,1.68884736191796e-05,1.68884736191796e-05,1.68884736191796e-05,0.0
1736842320.0,1.68884736191796e-05,1.68884736191796e-05,1.68884736191796e-05,1.68884736191796e-05,0.0
1736842380.0,1.68884736191796e-05,1.68884736191796e-05,1.68884736191796e-05,1.68884736191796e-05,0.0
1736842440.0,1.68884736191796e-05,1.68884736191796e-05,1.68343837916607e-05,1.68343837916607e-05,48.99012657474
1736842500.0,1.68343837916607e-05,1.68343837916607e-05,1.67144942368186e-05,1.67144942368186e-05,3.1254529079
1736842560.0,1.67144942368186e-05,1.67144942368186e-05,1.67144942368186e-05,1.67144942368186e-05,0.0
1736842620.0,1.67144942368186e-05,1.67144942368186e-05,1.67144942368186e-05,1.67144942368186e-05,0.0
1736842680.0,1.67144942368186e-05,1.67144942368186e-05,1.67144942368186e-05,1.67144942368186e-05,0.0
1736842740.0,1.67144942368186e-05,1.68270938721562e-05,1.67144942368186e-05,1.68270938721562e-05,10.49386740228
1736842800.0,1.68270938721562e-05,1.68270938721562e-05,1.68270938721562e-05,1.68270938721562e-05,0.0
1736842860.0,1.68270938721562e-05,1.68270938721562e-05,1.68270938721562e-05,1.68270938721562e-05,0.0
1736842920.0,1.68270938721562e-05,1.68270938721562e-05,1.67477149265538e-05,1.67477149265538e-05,1.12602832254
1736842980.0,1.67477149265538e-05,1.67477149265538e-05,1.67477149265538e-05,1.67477149265538e-05,0.0
1736843040.0,1.67477149265538e-05,1.67477149265538e-05,1.67477149265538e-05,1.67477149265538e-05,0.0
1736843100.0,1.67477149265538e-05,1.67477149265538e-05,1.66684827157156e-05,1.66684827157156e-05,13.75092187722
1736843160.0,1.66684827157156e-05,1.66684827157156e-05,1.65719538384833e-05,1.65719538384833e-05,27.23421343518
1736843220.0,1.65719538384833e-05,1.65719538384833e-05,1.65719538384833e-05,1.65719538384833e-05,0.0
1736843280.0,1.65719538384833e-05,1.65719538384833e-05,1.65719538384833e-05,1.65719538384833e-05,0.0
1736843340.0,1.65719538384833e-05,1.65719538384833e-05,1.65719538384833e-05,1.65719538384833e-05,0.0
1736843400.0,1.65719538384833e-05,1.65719538384833e-05,1.65719538384833e-05,1.65719538384833e-05,0.0
1736843460.0,1.65719538384833e-05,1.65719538384833e-05,1.65719538384833e-05,1.65719538384833e-05,0.0
1736843520.0,1.65719538384833e-05,1.65719538384833e-05,1.65719538384833e-05,1.65719538384833e-05,0.0
1736843580.0,1.65719538384833e-05,1.65719538384833e-05,1.65719538384833e-05,1.65719538384833e-05,0.0
1736843640.0,1.65719538384833e-05,1.7550672609288e-05,1.65719538384833e-05,1.7550672609288e-05,403.6383077818
1736843700.0,1.7550672609288e-05,1.7550672609288e-05,1.7550672609288e-05,1.7550672609288e-05,0.0
1736843760.0,1.7550672609288e-05,1.7550672609288e-05,1.74732817358788e-05,1.74732817358788e-05,401.85843746708
1736843820.0,1.74732817358788e-05,1.74732817358788e-05,1.74732817358788e-05,1.74732817358788e-05,0.0
1736843880.0,1.74732817358788e-05,1.74732817358788e-05,1.74732817358788e-05,1.74732817358788e-05,0.0
1736843940.0,1.74732817358788e-05,1.74732817358788e-05,1.65407297293244e-05,1.65407297293244e-05,1.26566676064
1736844000.0,1.65407297293244e-05,1.65407297293244e-05,1.65407297293244e-05,1.65407297293244e-05,0.0
1736844060.0,1.65407297293244e-05,1.65407297293244e-05,1.65407297293244e-05,1.65407297293244e-05,0.0
1736844120.0,1.65407297293244e-05,1.65407297293244e-05,1.65407297293244e-05,1.65407297293244e-05,0.0
1736844180.0,1.65407297293244e-05,1.65407297293244e-05,1.64705560920021e-05,1.64705560920021e-05,41.93992533248
1736844240.0,1.64705560920021e-05,1.64705560920021e-05,1.64705560920021e-05,1.64705560920021e-05,0.0
1736844300.0,1.64705560920021e-05,1.64705560920021e-05,1.60461177278258e-05,1.60461177278258e-05,143.53189296432
1736844360.0,1.60461177278258e-05,1.60461177278258e-05,1.55123413261966e-05,1.55123413261966e-05,95.40294539425
1736844420.0,1.55123413261966e-05,1.55123413261966e-05,1.52733379065207e-05,1.52733379065207e-05,12.10402725842
