0,1,2,3,4,5
1735359660.0,0.0003588628026944,0.0003633919137048,0.0003588628026944,0.0003633919137048,525.5600339743
1735359720.0,0.0003633919137048,0.0003716682944707,0.0003633919137048,0.0003716682944707,419.45428827174
1735359780.0,0.0003716682944707,0.0003895131744195,0.0003504807372858,0.0003504807372858,5444.85537402898
1735359840.0,0.0003504807372858,0.0003529627708622,0.0003342067172655,0.0003342067172655,1013.73559884574
1735359900.0,0.0003342067172655,0.0003370213692764,0.0003337782736324,0.0003358668726441,247.04643239506
1735359960.0,0.0003358668726441,0.0003358668726441,0.0003352973680646,0.0003352973680646,15.22425848027
1735360020.0,0.0003352973680646,0.0003369969182722,0.0003352973680646,0.0003369969182722,7.73692578956
1735360080.0,0.0003369969182722,0.0003369969182722,0.0003322541175659,0.0003334678596562,278.24736316399
1735360140.0,0.0003334678596562,0.0003334929921436,0.0003313196983315,0.0003330831903803,123.46912722915
1735360200.0,0.0003330831903803,0.0003345996720535,0.0003319461905666,0.0003345996720535,123.40118308512
1735360260.0,0.0003345996720535,0.0003345996720535,0.0002885478239156,0.000290767297766,3516.27918886218
1735360320.0,0.000290767297766,0.0002940764769237,0.0002887754523746,0.0002940764769237,388.98197888976
1735360380.0,0.0002940764769237,0.0002954540674312,0.0002940764769237,0.0002954540674312,27.6549066
1735360440.0,0.0002954540674312,0.0002966561400637,0.0002936550945418,0.0002966561400637,190.64837379521
1735360500.0,0.0002966561400637,0.000304813119392,0.0002966511597996,0.000304813119392,498.19274664757
1735360560.0,0.000304813119392,0.0003069200158475,0.000304813119392,0.0003069200158475,57.59086198432
1735360620.0,0.0003069200158475,0.0003081187920976,0.0003069200158475,0.0003081187920976,73.35148635048
1735360680.0,0.0003081187920976,0.0003091637566125,0.0003077314317142,0.0003077314317142,67.30797227311
1735360740.0,0.0003077314317142,0.0003094762906424,0.0003075956688928,0.0003075956688928,100.39918993603
1735360800.0,0.0003075956688928,0.0003283056383584,0.0003075956688928,0.0003253786588862,1689.23942774832
1735360860.0,0.0003253786588862,0.0003267609059208,0.0003219755040199,0.0003219755040199,186.83205302487
1735360920.0,0.0003219755040199,0.0003266163765259,0.0003219138269481,0.0003266163765259,241.9376878785
1735360980.0,0.0003266163765259,0.0003285230664156,0.0003248341908497,0.0003285230664156,138.0064499712
1735361040.0,0.0003285230664156,0.0003285230664156,0.0003266258165864,0.0003266258165864,28.51501750272
1735361100.0,0.0003266258165864,0.0003266258165864,0.0003265252158922,0.0003265252158922,0.79977756672
1735361160.0,0.0003265252158922,0.0003265252158922,0.0003247504370164,0.0003264047293586,114.81478904903
1735361220.0,0.0003264047293586,0.0003397015971733,0.0003236453584775,0.0003397015971733,934.73193723422
1735361280.0,0.0003397015971733,0.0003397015971733,0.0003380719218963,0.0003380719218963,9.10486849673
1735361340.0,0.0003380719218963,0.0003415121977835,0.0003380719218963,0.0003414245060693,196.96016294977
1735361400.0,0.0003414245060693,0.0003432108072539,0.0003414245060693,0.0003414956910919,11.04051610712
1735361460.0,0.0003414956910919,0.000343973829081,0.0003329560510495,0.0003329560510495,994.17380198444
1735361520.0,0.0003329560510495,0.0003329560510495,0.0003329560510495,0.0003329560510495,0.0
1735361580.0,0.0003329560510495,0.0003329560510495,0.0003329560510495,0.0003329560510495,0.0
1735361640.0,0.0003329560510495,0.0003329560510495,0.0003267156988287,0.0003273053477501,65.29762445456
1735361700.0,0.0003273053477501,0.0003273053477501,0.0003239630201862,0.0003251678116981,346.18808726283
1735361760.0,0.0003251678116981,0.0003251678116981,0.00032190662352,0.00032190662352,346.24667769276
1735361820.0,0.00032190662352,0.00032190662352,0.0003189692356246,0.0003189692356246,203.5567894563
1735361880.0,0.0003189692356246,0.0003189692356246,0.000316365944744,0.0003171039138514,142.90679119806
1735361940.0,0.0003171039138514,0.0003171039138514,0.0002852517492611,0.0002855260337058,1840.86133110336
1735362000.0,0.0002855260337058,0.0002876097305163,0.0002855260337058,0.0002876097305163,154.374044289
1735362060.0,0.0002876097305163,0.0002918200313614,0.0002876097305163,0.0002917026672786,337.33793478383
1735362120.0,0.0002917026672786,0.0002917026672786,0.0002884642193396,0.0002884642193396,209.05970114458
1735362180.0,0.0002884642193396,0.000294599188056,0.0002884642193396,0.000294599188056,368.89887234616
1735362240.0,0.000294599188056,0.000294599188056,0.000294599188056,0.000294599188056,0.0
1735362300.0,0.000294599188056,0.0002963113618364,0.0002941446544816,0.0002951881621238,111.1478446853
1735362360.0,0.0002951881621238,0.0002951881621238,0.0002871744293758,0.0002871744293758,400.5180986509
1735362420.0,0.0002871744293758,0.0002885434664097,0.0002871744293758,0.0002885434664097,1.043389161
1735362480.0,0.0002885434664097,0.0002885434664097,0.000273917063294,0.000273917063294,819.04164992794
1735362540.0,0.000273917063294,0.000273917063294,0.0002727733788052,0.0002734529247117,147.47001688487
1735362600.0,0.0002734529247117,0.0002762376689549,0.0002734529247117,0.0002762376689549,418.73483948174
1735362660.0,0.0002762376689549,0.000309524996422,0.0002762376689549,0.0002892374095314,5507.653604105
1735362720.0,0.0002892374095314,0.0003111529385838,0.0002892374095314,0.0002942823215494,2621.10672259486
1735362780.0,0.0002942823215494,0.0002961497071503,0.0002942823215494,0.0002961497071503,18.83022358544
1735362840.0,0.0002961497071503,0.0002965669898433,0.0002950897002867,0.0002950897002867,59.90293651446
1735362900.0,0.0002950897002867,0.0002979028281594,0.0002950897002867,0.0002979028281594,79.30120273504
1735362960.0,0.0002979028281594,0.0002989387148411,0.0002958156187706,0.0002958156187706,163.72691746112
1735363020.0,0.0002958156187706,0.0002978592360082,0.0002958156187706,0.0002978592360082,61.30029896154
1735363080.0,0.0002978592360082,0.0002991606902727,0.0002978592360082,0.0002991606902727,93.823446944
1735363140.0,0.0002991606902727,0.0003154657532383,0.0002991606902727,0.0003154657532383,1255.05275408865
1735363200.0,0.0003154657532383,0.0003176721249915,0.0003154657532383,0.0003176721249915,72.910049744
1735363260.0,0.0003176721249915,0.0003235095135474,0.0003164738274215,0.0003235095135474,383.33949294989
1735363320.0,0.0003235095135474,0.0003370568039605,0.0003202034383298,0.0003370053542517,1117.76903926319
1735363380.0,0.0003370053542517,0.0003370053542517,0.0003348008575847,0.0003364416188802,145.37032933598
1735363440.0,0.0003364416188802,0.0003364416188802,0.0003078537058602,0.0003078537058602,1601.87792036562
1735363500.0,0.0003078537058602,0.0003078537058602,0.0003046711647328,0.0003060417559393,122.6491968541
1735363560.0,0.0003060417559393,0.0003060417559393,0.0003006037113256,0.0003006037113256,249.3172364585
1735363620.0,0.0003006037113256,0.0003022569997136,0.0003006037113256,0.0003022569997136,16.25803440632
1735363680.0,0.0003022569997136,0.0003025840316811,0.0003010474165284,0.0003010474165284,36.19056055412
1735363740.0,0.0003010474165284,0.0003010474165284,0.0002980603867799,0.0002980603867799,267.2365038538
1735363800.0,0.0002980603867799,0.0002980603867799,0.0002952000869369,0.0002952000869369,154.983020661
1735363860.0,0.0002952000869369,0.0002952393360855,0.0002934560199346,0.0002934560199346,46.87719983815
1735363920.0,0.0002934560199346,0.0002941486994972,0.0002929280146692,0.0002941486994972,36.15280387925
1735363980.0,0.0002941486994972,0.0002941486994972,0.0002917743351146,0.0002917743351146,53.08550391448
1735364040.0,0.0002917743351146,0.0002944736088145,0.0002916353777217,0.0002944736088145,223.71171279816
1735364100.0,0.0002944736088145,0.0002944736088145,0.0002944736088145,0.0002944736088145,0.0
1735364160.0,0.0002944736088145,0.0002960036952639,0.0002944394945893,0.0002960036952639,81.4984489564
1735364220.0,0.0002960036952639,0.0003006250807735,0.0002960036952639,0.0003006250807735,292.83817549544
1735364280.0,0.0003006250807735,0.0003006250807735,0.0002838932166685,0.0002838932166685,956.94982512216
1735364340.0,0.0002838932166685,0.0002858469641875,0.0002837873790255,0.0002858469641875,111.02431643928
1735364400.0,0.0002858469641875,0.0002858469641875,0.0002851698926557,0.0002851698926557,14.3271815594
1735364460.0,0.0002851698926557,0.0002851698926557,0.0002812442706855,0.0002838523730282,391.29313359888
1735364520.0,0.0002838523730282,0.000316776017164,0.0002838523730282,0.0002870435785435,3847.0359140914
1735364580.0,0.0002870435785435,0.0003199378798003,0.0002870435785435,0.0002871975610632,3783.69552678808
1735364640.0,0.0002871975610632,0.0002895413036038,0.0002857010096225,0.0002857010096225,315.08618632578
1735364700.0,0.0002857010096225,0.0002874032134115,0.0002857010096225,0.0002859058955575,59.52495380961
1735364760.0,0.0002859058955575,0.0002859058955575,0.0002734671162453,0.0002734671162453,750.85721450092
1735364820.0,0.0002734671162453,0.0002734671162453,0.0002733534517279,0.0002733827251338,12.0235850003
1735364880.0,0.0002733827251338,0.0002756983033309,0.0002733827251338,0.0002756983033309,74.308
1735364940.0,0.0002756983033309,0.0002785182065847,0.0002675139891752,0.0002675530300473,1080.4728990381
1735365000.0,0.0002675530300473,0.0002675530300473,0.0002657179418334,0.0002657179418334,39.09886972758
1735365060.0,0.0002657179418334,0.0002657179418334,0.0002657179418334,0.0002657179418334,0.0
1735365120.0,0.0002657179418334,0.0002657179418334,0.0002649368315249,0.0002649368315249,45.5310100352
1735365180.0,0.0002649368315249,0.0002649368315249,0.0002616228525758,0.0002636328389433,275.78566876916
1735365240.0,0.0002636328389433,0.0002636328389433,0.0002636328389433,0.0002636328389433,0.0
1735365300.0,0.0002636328389433,0.0002657686508595,0.0002551935141121,0.0002551935141121,880.37179433016
1735365360.0,0.0002551935141121,0.0002551935141121,0.0002509985596326,0.0002529116923962,484.26840256126
1735365420.0,0.0002529116923962,0.0002578986956694,0.0002529116923962,0.0002574402136679,560.7827003468
1735365480.0,0.0002574402136679,0.0002575520343345,0.0002454507225294,0.000245908375587,799.34664903071
1735365540.0,0.000245908375587,0.0002463035019821,0.0002444853984348,0.0002463035019821,143.0061745917
1735365600.0,0.0002463035019821,0.0002507288762352,0.0002456854294971,0.0002507288762352,391.95570814108
1735365660.0,0.0002507288762352,0.0002538912941396,0.0002507288762352,0.0002538912941396,130.2115930401
1735365720.0,0.0002538912941396,0.0002544623403747,0.0002538912941396,0.0002544623403747,1.856
1735365780.0,0.0002544623403747,0.0002561780179267,0.0002544623403747,0.0002561780179267,107.036594301
1735365840.0,0.0002561780179267,0.0002564326625878,0.0002541305289663,0.0002564326625878,207.28168824636
1735365900.0,0.0002564326625878,0.0002564326625878,0.0002564326625878,0.0002564326625878,0.0
1735365960.0,0.0002564326625878,0.0002564326625878,0.0002547720046594,0.0002558136397434,123.05823760709
1735366020.0,0.0002558136397434,0.000256211955797,0.0002541974894692,0.0002541974894692,126.14892348717
1735366080.0,0.0002541974894692,0.0002541974894692,0.0002526209357639,0.0002526209357639,50.8235402395
1735366140.0,0.0002526209357639,0.0002526209357639,0.0002470708584895,0.0002470708584895,349.79834688427
1735366200.0,0.0002470708584895,0.0002470708584895,0.0002344326120412,0.0002344832264761,895.01556929141
1735366260.0,0.0002344832264761,0.0002344832264761,0.0002225601562847,0.0002225601562847,948.95975002996
1735366320.0,0.0002225601562847,0.0002225601562847,0.0002048489355236,0.0002173221491338,2084.50219778155
1735366380.0,0.0002173221491338,0.0002227949236047,0.0002154052662314,0.0002219629631341,1035.71432641038
1735366440.0,0.0002219629631341,0.0002235202758218,0.0002219629631341,0.0002232043485306,57.74293435837
1735366500.0,0.0002232043485306,0.0002235987142928,0.0002211744332902,0.0002232105652522,376.9812649979
1735366560.0,0.0002232105652522,0.0002261246430603,0.0002232105652522,0.0002261246430603,186.2610034
1735366620.0,0.0002261246430603,0.0002261246430603,0.000219365919543,0.000219365919543,397.24554573184
1735366680.0,0.000219365919543,0.0002219385163187,0.000219365919543,0.0002202052474208,213.34834945406
1735366740.0,0.0002202052474208,0.0002202052474208,0.0002149828952238,0.0002173544618567,482.77313251938
1735366800.0,0.0002173544618567,0.0002196635056171,0.0002120740736828,0.0002120740736828,1273.85630064588
1735366860.0,0.0002120740736828,0.0002120740736828,0.0002045339991213,0.0002045339991213,8.70265764404
1735366920.0,0.0002045339991213,0.000222272092667,0.000184674617962,0.0002021123742691,8887.50320895552
1735366980.0,0.0002021123742691,0.0002021123742691,0.0001841950550983,0.0001855161138754,2681.55095231422
1735367040.0,0.0001855161138754,0.0001944202824071,0.0001638021523797,0.0001901978500964,14645.87473939672
1735367100.0,0.0001901978500964,0.0001933857749053,0.0001901978500964,0.0001933857749053,497.55168857006
1735367160.0,0.0001933857749053,0.0001936851913094,0.000180749555491,0.000180749555491,1046.86381007069
1735367220.0,0.000180749555491,0.000180749555491,0.0001807002079036,0.0001807002079036,2.59853578115
1735367280.0,0.0001807002079036,0.0001848288414944,0.0001771502674171,0.0001771502674171,788.2595491783
1735367340.0,0.0001771502674171,0.000178431120521,0.0001763812120352,0.0001782403032729,314.04667837895
1735367400.0,0.0001782403032729,0.0001799469240513,0.000172628761586,0.0001746650193198,850.67751914783
1735367460.0,0.0001746650193198,0.0001746650193198,0.0001721206251274,0.0001721206251274,228.5465742809
1735367520.0,0.0001721206251274,0.0001760772608892,0.0001587173264317,0.0001587173264317,2384.12504604413
1735367580.0,0.0001587173264317,0.0001619970629742,0.0001469554373717,0.0001475505155103,1614.89926808155
1735367640.0,0.0001475505155103,0.0001550524925854,0.0001411041816442,0.0001550524925854,1829.75790548287
1735367700.0,0.0001550524925854,0.0001560123583132,0.0001545567550748,0.000155048909823,354.27406761896
1735367760.0,0.000155048909823,0.0001623264979944,0.000155048909823,0.0001623264979944,552.61865592536
1735367820.0,0.0001623264979944,0.0001626390984655,0.0001542922118024,0.0001542922118024,782.94326066788
1735367880.0,0.0001542922118024,0.0001542922118024,0.0001498415695924,0.0001519323738004,729.71740095575
1735367940.0,0.0001519323738004,0.0001519323738004,0.0001472188422221,0.0001472188422221,531.70201173256
1735368000.0,0.0001472188422221,0.0001472188422221,0.0001441610868008,0.0001463798979878,649.44006848346
1735368060.0,0.0001463798979878,0.0001463798979878,0.0001409721580429,0.0001409721580429,825.47832722551
1735368120.0,0.0001409721580429,0.0001417775634667,0.0001409266510945,0.0001417775634667,61.96025467505
1735368180.0,0.0001417775634667,0.0001755000703891,0.0001362796961202,0.0001633056398379,4724.69444551795
1735368240.0,0.0001633056398379,0.0001633056398379,0.0001587836704942,0.0001587836704942,231.1353830935
1735368300.0,0.0001587836704942,0.0001587836704942,0.0001517706768339,0.0001523295413942,544.63220288541
1735368360.0,0.0001523295413942,0.0001523295413942,0.0001513537179035,0.0001513537179035,32.78218933872
1735368420.0,0.0001513537179035,0.0001513537179035,0.000145747125356,0.000145747125356,535.55473972229
1735368480.0,0.000145747125356,0.0001521173040192,0.0001454891528306,0.0001521173040192,1068.9641320541
1735368540.0,0.0001521173040192,0.0001684382367037,0.0001521173040192,0.0001684382367037,821.66000170124
1735368600.0,0.0001684382367037,0.0001684382367037,0.0001534759989045,0.0001537106292286,1232.76027289441
1735368660.0,0.0001537106292286,0.0001540612699704,0.0001509198221509,0.0001531066055961,728.00677255568
1735368720.0,0.0001531066055961,0.0001531066055961,0.0001505336250823,0.000151276770798,149.37645424559
1735368780.0,0.000151276770798,0.000151276770798,0.0001475079353126,0.0001487188620415,587.73292553613
1735368840.0,0.0001487188620415,0.0001487188620415,0.0001444327647152,0.0001451099161777,410.52559008504
1735368900.0,0.0001451099161777,0.0001520038916465,0.0001451099161777,0.0001520038916465,627.40977627177
1735368960.0,0.0001520038916465,0.0001558535048848,0.0001520038916465,0.0001558535048848,308.26159153124
1735369020.0,0.0001558535048848,0.0001558535048848,0.0001539665722234,0.0001539665722234,217.67981140634
1735369080.0,0.0001539665722234,0.0001539665722234,0.000152541736937,0.000152541736937,185.2
1735369140.0,0.000152541736937,0.000152541736937,0.000152541736937,0.000152541736937,0.0
1735369200.0,0.000152541736937,0.000152541736937,0.0001511099141027,0.0001515973708944,110.94086663135
1735369260.0,0.0001515973708944,0.0001736435565726,0.0001515175126417,0.0001675850751966,3983.34403421388
1735369320.0,0.0001675850751966,0.0001675850751966,0.0001613052229727,0.0001660534700979,1128.86285219727
1735369380.0,0.0001660534700979,0.0001660534700979,0.0001517933286126,0.0001523407728158,1187.95806855351
1735369440.0,0.0001523407728158,0.000172674802826,0.0001523407728158,0.0001594564662085,3063.84572507562
1735369500.0,0.0001594564662085,0.0001599834295353,0.0001573848705168,0.0001573848705168,238.86553750265
1735369560.0,0.0001573848705168,0.0001649272834915,0.0001573848705168,0.0001625036462889,1278.22218007668
1735369620.0,0.0001625036462889,0.0001640221418786,0.0001625036462889,0.0001640221418786,164.51819282984
1735369680.0,0.0001640221418786,0.0002148474380966,0.0001640221418786,0.0001747985458091,7031.14793413545
1735369740.0,0.0001747985458091,0.0001760188747321,0.0001720896919084,0.0001720896919084,722.92638971358
1735369800.0,0.0001720896919084,0.0001720896919084,0.0001640119213396,0.0001672859351783,896.5305562768
1735369860.0,0.0001672859351783,0.0001715070841026,0.0001671858279801,0.0001712706128274,849.13005670011
1735369920.0,0.0001712706128274,0.0001712706128274,0.0001712706128274,0.0001712706128274,0.0
1735369980.0,0.0001712706128274,0.0001712706128274,0.0001535614408344,0.0001616601801404,2552.3455162611
1735370040.0,0.0001616601801404,0.0001729348423413,0.0001533566152538,0.0001568705573842,3858.70815988672
1735370100.0,0.0001568705573842,0.0001729236048234,0.0001559455690301,0.0001627398360496,2598.41865320716
1735370160.0,0.0001627398360496,0.0001635367563222,0.0001598149020883,0.0001610762087041,396.8868521019
1735370220.0,0.0001610762087041,0.0001707732451852,0.0001605069607263,0.0001707732451852,1704.90379591534
1735370280.0,0.0001707732451852,0.0001707732451852,0.0001625712523097,0.0001625727615332,130.68918097859
1735370340.0,0.0001625727615332,0.0001625727615332,0.0001625727615332,0.0001625727615332,0.0
1735370400.0,0.0001625727615332,0.0001625727615332,0.0001625727615332,0.0001625727615332,0.0
1735370460.0,0.0001625727615332,0.0001626322891124,0.0001625727615332,0.0001626322891124,0.8412108017
1735370520.0,0.0001626322891124,0.0001626322891124,0.0001530286906802,0.0001532572750912,1278.26609533798
1735370580.0,0.0001532572750912,0.0001532572750912,0.0001470776286214,0.0001470776286214,465.57639424407
1735370640.0,0.0001470776286214,0.0001477886553918,0.0001465703383681,0.0001477886553918,87.1402788024
1735370700.0,0.0001477886553918,0.0001477886553918,0.0001394279185674,0.0001394279185674,604.0258982355
1735370760.0,0.0001394279185674,0.0001394279185674,0.0001379565411229,0.0001379565411229,113.85753721706
1735370820.0,0.0001379565411229,0.000138928846126,0.0001379565411229,0.000138928846126,99.1660134577
1735370880.0,0.000138928846126,0.000138928846126,0.0001380346386069,0.0001386032662035,97.75796472
1735370940.0,0.0001386032662035,0.0001386032662035,0.0001386032662035,0.0001386032662035,0.0
1735371000.0,0.0001386032662035,0.0001394388782495,0.0001376513563226,0.0001376513563226,249.84610422302
1735371060.0,0.0001376513563226,0.0001383282330218,0.0001367305316341,0.0001367305316341,94.7584483632
1735371120.0,0.0001367305316341,0.000137323905817,0.0001336496328296,0.0001336496328296,559.21941785656
1735371180.0,0.0001336496328296,0.0001336496328296,0.0001284587373944,0.0001307651805746,847.13958247022
1735371240.0,0.0001307651805746,0.0001307651805746,0.0001263792021548,0.0001284352650681,556.51305042175
1735371300.0,0.0001284352650681,0.0001284352650681,0.0001278997470339,0.0001282787960889,84.37902285055
1735371360.0,0.0001282787960889,0.0001282787960889,0.0001274156886571,0.0001274156886571,32.04153401818
1735371420.0,0.0001274156886571,0.0001274156886571,0.0001270696555022,0.0001270696555022,49.37373704797
1735371480.0,0.0001270696555022,0.0001270696555022,0.0001246149605995,0.0001246149605995,630.62317436346
1735371540.0,0.0001246149605995,0.0001246149605995,0.0001169054860482,0.0001169573788029,637.72985614021
1735371600.0,0.0001169573788029,0.0001169573788029,0.0001154895739442,0.0001168809053716,288.88280132553
1735371660.0,0.0001168809053716,0.0001183764802764,0.0001168809053716,0.0001181311564666,121.163420469
1735371720.0,0.0001181311564666,0.0001189474753948,0.0001181311564666,0.0001189474753948,80.764596
1735371780.0,0.0001189474753948,0.0001214668958869,0.0001189474753948,0.0001214668958869,195.34533640075
1735371840.0,0.0001214668958869,0.0001214668958869,0.0001205363829671,0.0001205363829671,129.80668844498
1735371900.0,0.0001205363829671,0.0001205363829671,0.0001116786552296,0.0001116786552296,970.78390552885
1735371960.0,0.0001116786552296,0.0001116786552296,0.0001107579026566,0.0001113456484943,112.82712843906
1735372020.0,0.0001113456484943,0.0001118931709765,0.0001111536190235,0.0001118931709765,81.65510828008
1735372080.0,0.0001118931709765,0.0001166331692378,0.0001102280649453,0.0001166331692378,1351.10181303968
1735372140.0,0.0001166331692378,0.0001292069505121,0.0001166331692378,0.0001286961159777,693.85781124228
1735372200.0,0.0001286961159777,0.0001296868161684,0.0001261274717235,0.0001261274717235,463.26624145978
1735372260.0,0.0001261274717235,0.0001261274717235,0.0001209599361866,0.0001209599361866,482.74399359562
1735372320.0,0.0001209599361866,0.0001213756016436,0.0001207100349828,0.0001207100349828,20.18043139086
1735372380.0,0.0001207100349828,0.0001207100349828,0.000113574664861,0.0001137112861626,696.17731031182
1735372440.0,0.0001137112861626,0.0001141025882151,0.0001132931578845,0.0001132931578845,188.639454862
1735372500.0,0.0001132931578845,0.0001132931578845,0.0001124325733096,0.0001132535809656,146.79778124304
1735372560.0,0.0001132535809656,0.0001132535809656,0.0001130948394809,0.0001130948394809,13.06496939979
1735372620.0,0.0001130948394809,0.0001137202314161,0.0001130948394809,0.0001137202314161,14.1076257471
1735372680.0,0.0001137202314161,0.0001239812319118,0.0001137202314161,0.000120475710675,1693.32793386602
1735372740.0,0.000120475710675,0.0001278565732588,0.0001203472831661,0.0001278565732588,892.33875980957
1735372800.0,0.0001278565732588,0.0001283713866546,0.000124975787212,0.0001256643423325,777.8866483287
1735372860.0,0.0001256643423325,0.0001259520683717,0.0001251169678548,0.0001257179438809,158.2557699183
1735372920.0,0.0001257179438809,0.0001257534429408,0.0001241090586589,0.0001257534429408,213.02176413224
1735372980.0,0.0001257534429408,0.0001257534429408,0.0001233377374287,0.0001233377374287,200.85555775725
1735373040.0,0.0001233377374287,0.0001233992510707,0.0001226019344259,0.0001233992510707,119.71799386518
1735373100.0,0.0001233992510707,0.0001236666239526,0.0001233992510707,0.0001236666239526,46.26
1735373160.0,0.0001236666239526,0.0001240335347387,0.0001230838379447,0.0001240335347387,209.16745137509
1735373220.0,0.0001240335347387,0.0001368071111286,0.0001238818853523,0.0001295608677917,2259.73213560406
1735373280.0,0.0001295608677917,0.0001296047638522,0.000128822112627,0.0001293148892933,144.87940138632
1735373340.0,0.0001293148892933,0.0001295360136066,0.0001278975580721,0.0001282672469788,387.45175909529
1735373400.0,0.0001282672469788,0.0001282672469788,0.0001272763649488,0.0001272763649488,95.00003201534
1735373460.0,0.0001272763649488,0.0001272763649488,0.0001272763649488,0.0001272763649488,0.0
1735373520.0,0.0001272763649488,0.0001282552247597,0.0001272763649488,0.00012814870877,237.72328936508
1735373580.0,0.00012814870877,0.00013499462518,0.000127040249395,0.0001324617538137,1851.23987924585
1735373640.0,0.0001324617538137,0.0001361682061821,0.0001323579828529,0.0001361682061821,362.40163405224
1735373700.0,0.0001361682061821,0.000137698817997,0.0001361682061821,0.0001373998516177,153.92391209902
1735373760.0,0.0001373998516177,0.0001373998516177,0.0001323379296114,0.0001323379296114,556.23386042819
1735373820.0,0.0001323379296114,0.0001332554628223,0.000131564250071,0.0001332554628223,237.73213997209
1735373880.0,0.0001332554628223,0.0001400846494402,0.0001332554628223,0.0001400846494402,589.454172
1735373940.0,0.0001400846494402,0.0001475696072031,0.0001400846494402,0.0001475696072031,590.00377472724
1735374000.0,0.0001475696072031,0.0001537083937842,0.0001475696072031,0.0001529965377625,476.8456968476
1735374060.0,0.0001529965377625,0.0001556069336499,0.0001507285900866,0.0001507285900866,1296.81857047066
1735374120.0,0.0001507285900866,0.0001512450814276,0.0001499133372937,0.0001503722056895,83.48339430272
1735374180.0,0.0001503722056895,0.0001503722056895,0.0001467562262873,0.0001467562262873,257.72072377623
1735374240.0,0.0001467562262873,0.0001537308647762,0.0001462003828583,0.0001537308647762,794.21030276052
1735374300.0,0.0001537308647762,0.0001537308647762,0.0001526193400723,0.0001526193400723,114.86749556811
1735374360.0,0.0001526193400723,0.0001526193400723,0.0001526193400723,0.0001526193400723,0.0
1735374420.0,0.0001526193400723,0.0001619605198769,0.0001501406292647,0.0001523112640147,2282.4749623974
1735374480.0,0.0001523112640147,0.0001527466596947,0.0001513447472302,0.0001513447472302,150.0020854276
1735374540.0,0.0001513447472302,0.0001522625550952,0.0001513073181946,0.0001522625550952,75.35473752728
1735374600.0,0.0001522625550952,0.0001651616623411,0.0001511678010825,0.0001627277025095,4150.47048124851
1735374660.0,0.0001627277025095,0.000163023484184,0.0001620941381868,0.000163023484184,19.74530648444
1735374720.0,0.000163023484184,0.000163023484184,0.0001557553533667,0.0001557553533667,569.97723125206
1735374780.0,0.0001557553533667,0.0001562535188308,0.0001525555326214,0.0001525555326214,300.14854837912
1735374840.0,0.0001525555326214,0.0001525555326214,0.0001510134063453,0.000151202432733,189.74627488974
1735374900.0,0.000151202432733,0.000151202432733,0.0001413433616998,0.0001413433616998,784.11840471247
1735374960.0,0.0001413433616998,0.0001413433616998,0.0001380237032207,0.0001380237032207,320.65406237163
1735375020.0,0.0001380237032207,0.0001416760366386,0.0001380237032207,0.0001416760366386,399.75591217362
1735375080.0,0.0001416760366386,0.0001416760366386,0.0001414024411318,0.0001414024411318,4.89436793793
1735375140.0,0.0001414024411318,0.0001414024411318,0.0001414024411318,0.0001414024411318,0.0
1735375200.0,0.0001414024411318,0.000145215330012,0.0001414024411318,0.000145215330012,482.243
1735375260.0,0.000145215330012,0.0001586739645311,0.000145215330012,0.0001500090385214,1765.68171695542
1735375320.0,0.0001500090385214,0.0001500090385214,0.0001500090385214,0.0001500090385214,0.0
1735375380.0,0.0001500090385214,0.0001500090385214,0.0001440229144354,0.0001440229144354,769.45551903238
1735375440.0,0.0001440229144354,0.0001440229144354,0.0001409497690965,0.0001409497690965,49.09894028347
1735375500.0,0.0001409497690965,0.0001417838816031,0.0001393879621242,0.0001393879621242,400.39244903922
1735375560.0,0.0001393879621242,0.0001393879621242,0.0001381778694539,0.0001382372076145,10.2102
1735375620.0,0.0001382372076145,0.0001382372076145,0.0001361057710115,0.0001361057710115,211.24130850732
1735375680.0,0.0001361057710115,0.0001396022401944,0.0001358240412992,0.0001396022401944,570.19746145586
1735375740.0,0.0001396022401944,0.0001418569546028,0.0001396022401944,0.0001418569546028,113.13308096
1735375800.0,0.0001418569546028,0.0001423024906586,0.00014120336992,0.0001415260675882,56.86333085087
1735375860.0,0.0001415260675882,0.0001422651150838,0.0001415260675882,0.0001415628503644,11.25685421718
1735375920.0,0.0001415628503644,0.000143485499519,0.0001415628503644,0.000143485499519,111.2015557575
1735375980.0,0.000143485499519,0.0001436199356789,0.0001428836684372,0.0001428836684372,5.34352443198
1735376040.0,0.0001428836684372,0.0001580504820997,0.0001428836684372,0.0001508935862557,2461.32211090592
1735376100.0,0.0001508935862557,0.0001508935862557,0.0001448907976636,0.0001448907976636,14.01785975808
1735376160.0,0.0001448907976636,0.0001519503224309,0.0001448907976636,0.0001518470644983,1215.55433080887
1735376220.0,0.0001518470644983,0.0001530997458781,0.0001503580345095,0.0001530997458781,273.57267149551
1735376280.0,0.0001530997458781,0.0001611890834433,0.0001530743756379,0.0001560335195743,1127.82937329597
1735376340.0,0.0001560335195743,0.0001560335195743,0.0001547836229695,0.0001547836229695,61.63300050303
1735376400.0,0.0001547836229695,0.0001548458265799,0.0001488839674405,0.0001488839674405,784.41159019604
1735376460.0,0.0001488839674405,0.0001488839674405,0.0001488839674405,0.0001488839674405,0.0
1735376520.0,0.0001488839674405,0.0001488839674405,0.00014580596227,0.00014580596227,277.37460646644
1735376580.0,0.00014580596227,0.0001516103310648,0.0001454355387934,0.0001516103310648,544.0210745424
1735376640.0,0.0001516103310648,0.0001523377822408,0.0001516103310648,0.0001523377822408,46.1493675
1735376700.0,0.0001523377822408,0.0001530362348022,0.0001523377822408,0.0001530362348022,37.8440324548
1735376760.0,0.0001530362348022,0.0001675141691897,0.0001530362348022,0.0001675141691897,2451.73465326805
1735376820.0,0.0001675141691897,0.0001705559925587,0.0001664498588933,0.0001705559925587,732.92782161233
1735376880.0,0.0001705559925587,0.0001881707005142,0.0001705559925587,0.0001777786519961,2119.1045550384
1735376940.0,0.0001777786519961,0.0001777786519961,0.000168704449693,0.0001732064515808,1376.1903440708
1735377000.0,0.0001732064515808,0.0001775394280634,0.0001732064515808,0.0001755357436459,85.94594363985
1735377060.0,0.0001755357436459,0.0001828373613422,0.0001754686630816,0.0001800229558433,1131.9302793625
1735377120.0,0.0001800229558433,0.0001806406128338,0.0001800229558433,0.0001806406128338,4.44834663736
1735377180.0,0.0001806406128338,0.0001806406128338,0.0001795990530544,0.0001795990530544,24.12830208339
1735377240.0,0.0001795990530544,0.0001803648025544,0.000175677266119,0.000175677266119,329.8839196155
1735377300.0,0.000175677266119,0.000175677266119,0.0001674663603993,0.0001674663603993,601.99241330052
1735377360.0,0.0001674663603993,0.0001705422233022,0.0001674663603993,0.0001705422233022,241.72864616622
1735377420.0,0.0001705422233022,0.0001705422233022,0.0001692775244059,0.0001695102362169,96.00209841664
1735377480.0,0.0001695102362169,0.0001695102362169,0.0001695102362169,0.0001695102362169,0.0
1735377540.0,0.0001695102362169,0.0001858252885448,0.0001686357563571,0.0001858252885448,1288.38896659252
1735377600.0,0.0001858252885448,0.0001865386955741,0.0001848570001089,0.0001848570001089,214.04958159402
1735377660.0,0.0001848570001089,0.0001889694918812,0.0001848570001089,0.0001889694918812,244.49368069778
1735377720.0,0.0001889694918812,0.0001908865634156,0.0001887418016141,0.0001905696289972,502.84416780951
1735377780.0,0.0001905696289972,0.0001950173561925,0.0001905696289972,0.0001932358910448,659.96605469352
1735377840.0,0.0001932358910448,0.0001932731150153,0.0001916756087938,0.0001927399248474,256.77858979114
1735377900.0,0.0001927399248474,0.0001928731082146,0.0001916514865692,0.0001926765698899,119.3383595328
1735377960.0,0.0001926765698899,0.0001944745075681,0.0001926765698899,0.0001944745075681,131.66187209922
1735378020.0,0.0001944745075681,0.0002010775222878,0.0001930075717898,0.0002010775222878,1127.98482514209
1735378080.0,0.0002010775222878,0.0002077079400943,0.0002010775222878,0.000206537495139,22.5557653914
1735378140.0,0.000206537495139,0.000206537495139,0.000206537495139,0.000206537495139,0.0
1735378200.0,0.000206537495139,0.0002148772108637,0.0002063371174433,0.0002085038352894,587.18948669885
1735378260.0,0.0002085038352894,0.0002202568958247,0.0002085038352894,0.0002196313613316,407.76218293989
1735378320.0,0.0002196313613316,0.0002196313613316,0.000217000753344,0.000217000753344,171.061474584
1735378380.0,0.000217000753344,0.000217000753344,0.0002084334946109,0.0002084334946109,590.71929831462
1735378440.0,0.0002084334946109,0.0002177091589366,0.0002084334946109,0.0002177091589366,655.07313695952
1735378500.0,0.0002177091589366,0.0002203592173093,0.0002177091589366,0.00021840234868,401.43644209869
1735378560.0,0.00021840234868,0.00021840234868,0.00021840234868,0.00021840234868,0.0
1735378620.0,0.00021840234868,0.0002254648715216,0.0002170739693817,0.0002254648715216,649.73535955408
1735378680.0,0.0002254648715216,0.0002264970963059,0.0002254648715216,0.0002264970963059,35.00958549972
1735378740.0,0.0002264970963059,0.0002280819755857,0.0002264970963059,0.0002280819755857,99.93588304937
1735378800.0,0.0002280819755857,0.0002280819755857,0.0002206610431492,0.0002206610431492,609.20589707452
1735378860.0,0.0002206610431492,0.0002210504696397,0.0002159912581469,0.0002159912581469,299.33154457074
1735378920.0,0.0002159912581469,0.0002159912581469,0.000212812240954,0.0002154477463699,357.89727776725
1735378980.0,0.0002154477463699,0.0002158123627929,0.0002106987794698,0.0002106987794698,337.01688868196
1735379040.0,0.0002106987794698,0.0002115053974182,0.0002106987794698,0.0002115053974182,7.93955801272
1735379100.0,0.0002115053974182,0.0002115448166814,0.000209189136153,0.0002106964151656,354.72349242603
1735379160.0,0.0002106964151656,0.0002186165474856,0.0002106964151656,0.0002142026988929,954.72304506828
1735379220.0,0.0002142026988929,0.0002142026988929,0.000208510013684,0.000208510013684,273.91450795731
1735379280.0,0.000208510013684,0.000208510013684,0.0001940484162506,0.0001940484162506,996.45039635184
1735379340.0,0.0001940484162506,0.0001940484162506,0.0001814424215408,0.0001814424215408,1156.32971562448
1735379400.0,0.0001814424215408,0.0001814424215408,0.0001793449184233,0.0001793449184233,96.42713797935
1735379460.0,0.0001793449184233,0.0001808398569123,0.0001793449184233,0.0001797453936109,215.02595736768
1735379520.0,0.0001797453936109,0.0001866974200493,0.0001797453936109,0.0001866974200493,537.6474043
1735379580.0,0.0001866974200493,0.0001866974200493,0.0001829484410877,0.0001829484410877,464.79681327954
1735379640.0,0.0001829484410877,0.0001829484410877,0.0001802437926193,0.00018139345673,154.84576708938
1735379700.0,0.00018139345673,0.0001823085294122,0.0001813642239505,0.0001813642239505,31.29813353568
1735379760.0,0.0001813642239505,0.0001813642239505,0.0001812195064642,0.0001812195064642,2.12434375538
1735379820.0,0.0001812195064642,0.0001822807668699,0.0001812195064642,0.0001822807668699,24.99953685894
1735379880.0,0.0001822807668699,0.0001919432326074,0.0001822807668699,0.0001919432326074,749.996514561
1735379940.0,0.0001919432326074,0.0001930385983319,0.0001919432326074,0.0001930385983319,59.12232344162
1735380000.0,0.0001930385983319,0.0001948201954275,0.0001866392835427,0.0001871229818821,884.86060716759
1735380060.0,0.0001871229818821,0.000187892041801,0.0001866539536593,0.0001866539536593,75.8638644673
1735380120.0,0.0001866539536593,0.0001873407756099,0.0001866539536593,0.0001873407756099,6.2200425483
1735380180.0,0.0001873407756099,0.0001879711831378,0.0001864358531977,0.0001879711831378,99.88412310864
1735380240.0,0.0001879711831378,0.0001907952872568,0.0001879711831378,0.0001907952872568,293.26622198184
1735380300.0,0.0001907952872568,0.0001907952872568,0.0001904540294687,0.0001904540294687,2.02428973632
1735380360.0,0.0001904540294687,0.0001919512979461,0.0001904540294687,0.0001919512979461,83.01978225
1735380420.0,0.0001919512979461,0.0001932992290312,0.0001919512979461,0.0001932992290312,73.6691123442
1735380480.0,0.0001932992290312,0.0001955263406251,0.0001920903457012,0.0001955263406251,311.78435677466
1735380540.0,0.0001955263406251,0.0001955263406251,0.0001948913884578,0.0001948913884578,24.57575243255
1735380600.0,0.0001948913884578,0.0002009487272105,0.0001948913884578,0.0002009487272105,550.31528555203
1735380660.0,0.0002009487272105,0.0002098559645301,0.0001971311376071,0.0001991854175801,2331.5376319037
1735380720.0,0.0001991854175801,0.0001998349856774,0.000196689963913,0.0001973811102349,458.33165574054
1735380780.0,0.0001973811102349,0.0002059707306758,0.0001973811102349,0.0002059707306758,665.94933142437
1735380840.0,0.0002059707306758,0.0002181251092036,0.0002059707306758,0.0002171022491043,586.07482139112
1735380900.0,0.0002171022491043,0.000219243754945,0.0002171022491043,0.0002183295693718,115.3717936657
1735380960.0,0.0002183295693718,0.0002444877322738,0.0002183295693718,0.0002444877322738,5684.15171626628
1735381020.0,0.0002444877322738,0.0002444877322738,0.0002205621978912,0.0002205621978912,1594.89012427747
1735381080.0,0.0002205621978912,0.0002205621978912,0.0002072001183026,0.0002072001183026,1184.10851352272
1735381140.0,0.0002072001183026,0.0002107827091822,0.0002037054304583,0.0002096865011318,509.93151373129
1735381200.0,0.0002096865011318,0.0002195216825283,0.0002096865011318,0.0002195216825283,1045.69315875876
1735381260.0,0.0002195216825283,0.0002195216825283,0.0001957094201486,0.0001957094201486,2570.36892531015
1735381320.0,0.0001957094201486,0.0001957094201486,0.0001937624547444,0.0001951180326604,107.15513098106
1735381380.0,0.0001951180326604,0.0001951180326604,0.0001938507592654,0.0001938507592654,57.27423882752
1735381440.0,0.0001938507592654,0.0001947265063594,0.000182381145991,0.000182381145991,866.21489321988
1735381500.0,0.000182381145991,0.000182381145991,0.000182381145991,0.000182381145991,0.0
1735381560.0,0.000182381145991,0.000182381145991,0.0001786596970593,0.0001790577707638,332.49670771234
1735381620.0,0.0001790577707638,0.0001790577707638,0.0001777742427946,0.0001777742427946,181.12910669764
1735381680.0,0.0001777742427946,0.0001777742427946,0.000175363305074,0.000175363305074,193.55145127812
1735381740.0,0.000175363305074,0.000175363305074,0.0001743745418907,0.0001743745418907,19.5973051482
1735381800.0,0.0001743745418907,0.0001756337549637,0.0001743449238614,0.0001756337549637,48.0030585993
1735381860.0,0.0001756337549637,0.0001870062581873,0.0001756337549637,0.0001856494655312,1118.71206416635
1735381920.0,0.0001856494655312,0.000190612043158,0.0001856494655312,0.000190612043158,401.36667570884
1735381980.0,0.000190612043158,0.0001935468772422,0.0001888106997305,0.0001906258530129,637.0502062605
1735382040.0,0.0001906258530129,0.0001939219845611,0.0001906258530129,0.0001939219845611,55.38600989865
1735382100.0,0.0001939219845611,0.0001945468143604,0.0001939219845611,0.0001945468143604,37.164
1735382160.0,0.0001945468143604,0.0001945468143604,0.0001937305781327,0.0001937305781327,9.91001091729
1735382220.0,0.0001937305781327,0.0001937305781327,0.0001931754355857,0.0001931754355857,48.33833809896
1735382280.0,0.0001931754355857,0.0001938675380978,0.0001908128222553,0.0001908128222553,340.68232457704
1735382340.0,0.0001908128222553,0.0001908128222553,0.0001886184661203,0.0001898418844463,50.68801559375
1735382400.0,0.0001898418844463,0.0001898418844463,0.0001891319252848,0.0001891319252848,14.37622248374
1735382460.0,0.0001891319252848,0.0001891319252848,0.0001891319252848,0.0001891319252848,0.0
1735382520.0,0.0001891319252848,0.0001901423582957,0.0001891319252848,0.0001901423582957,9.12628083618
1735382580.0,0.0001901423582957,0.0001954745887176,0.0001901423582957,0.0001954745887176,392.47079212555
1735382640.0,0.0001954745887176,0.0001973424923801,0.0001941064535574,0.0001949818437787,497.42626140323
1735382700.0,0.0001949818437787,0.000205109766448,0.000193834665345,0.0002041792590015,790.09776064728
1735382760.0,0.0002041792590015,0.0002054707345005,0.0002041792590015,0.0002054707345005,34.98497835
1735382820.0,0.0002054707345005,0.0002054707345005,0.000202174693098,0.0002050240434104,411.74982264745
1735382880.0,0.0002050240434104,0.0002050240434104,0.0002050240434104,0.0002050240434104,0.0
1735382940.0,0.0002050240434104,0.0002050240434104,0.0002049506166774,0.0002049506166774,1.8627883148
1735383000.0,0.0002049506166774,0.0002060069078301,0.0002049506166774,0.0002060069078301,2.6504772955
1735383060.0,0.0002060069078301,0.0002060069078301,0.0002035287946551,0.0002048714879559,377.2246
1735383120.0,0.0002048714879559,0.0002061687366017,0.0002048714879559,0.0002060283106894,8.6178131983
1735383180.0,0.0002060283106894,0.0002074545663402,0.000203790195,0.0002037929713953,312.91926527977
1735383240.0,0.0002037929713953,0.000257976629358,0.000203787469315,0.000222827191814,9382.04290036763
1735383300.0,0.000222827191814,0.0002229271764595,0.0002137671613419,0.0002137671613419,952.1058731913
1735383360.0,0.0002137671613419,0.0002137671613419,0.0002083301545887,0.00021065259354,141.32038466533
1735383420.0,0.00021065259354,0.00021065259354,0.00021065259354,0.00021065259354,0.0
1735383480.0,0.00021065259354,0.000216191710707,0.00021065259354,0.000216191710707,396.74330860578
1735383540.0,0.000216191710707,0.0002168887471995,0.000215067152072,0.0002168887471995,62.17634637918
1735383600.0,0.0002168887471995,0.0002193021828959,0.0002151957277419,0.0002183695331183,581.81077758809
1735383660.0,0.0002183695331183,0.0002399363690172,0.0002183695331183,0.0002374742519399,2267.77949377404
1735383720.0,0.0002374742519399,0.000240189627656,0.0002374742519399,0.0002400350196918,294.27639933547
1735383780.0,0.0002400350196918,0.0002400350196918,0.0002382249045662,0.0002384910783203,239.78281368601
1735383840.0,0.0002384910783203,0.000242579939628,0.0002371503904431,0.000242579939628,336.49883802376
1735383900.0,0.000242579939628,0.0002433912849125,0.000242579939628,0.0002433912849125,47.72309245956
1735383960.0,0.0002433912849125,0.0002433912849125,0.0002360475497258,0.0002360475497258,529.89250557134
1735384020.0,0.0002360475497258,0.0002405983293692,0.0002360475497258,0.0002405983293692,272.18978427092
1735384080.0,0.0002405983293692,0.0002405983293692,0.0002078803538894,0.0002078803538894,3260.37713935098
1735384140.0,0.0002078803538894,0.0002078803538894,0.0001748044812472,0.0001761130926728,3015.24626966633
1735384200.0,0.0001761130926728,0.0001858867075029,0.0001750200220806,0.0001858867075029,879.29760540732
1735384260.0,0.0001858867075029,0.0001862744533018,0.0001852305989387,0.0001852305989387,127.6812914025
1735384320.0,0.0001852305989387,0.0001859811900046,0.0001847985926894,0.000185511378333,127.04833329382
1735384380.0,0.000185511378333,0.0002079081097886,0.0001853717179293,0.0002072340343208,1830.62012226644
1735384440.0,0.0002072340343208,0.0002072340343208,0.0002050798060321,0.0002050798060321,13.33849209933
1735384500.0,0.0002050798060321,0.0002071251348339,0.0002050229459596,0.0002071251348339,154.71306234136
1735384560.0,0.0002071251348339,0.0002071251348339,0.0002071251348339,0.0002071251348339,0.0
1735384620.0,0.0002071251348339,0.0002101189416176,0.0002071251348339,0.0002101189416176,212.16590033347
1735384680.0,0.0002101189416176,0.0002254183053069,0.0002101189416176,0.0002246425515521,1205.63846975647
1735384740.0,0.0002246425515521,0.0002246425515521,0.0002246063426516,0.0002246063426516,9.57626547584
1735384800.0,0.0002246063426516,0.0002246063426516,0.0002184053088938,0.0002184053088938,529.09098048215
1735384860.0,0.0002184053088938,0.0002184203024536,0.0002178501776489,0.0002184203024536,41.37861471142
1735384920.0,0.0002184203024536,0.0002279684707432,0.0002184203024536,0.0002279684707432,656.40144693552
1735384980.0,0.0002279684707432,0.0002288860707837,0.0002279684707432,0.0002288860707837,58.07165963215
1735385040.0,0.0002288860707837,0.0002417539760522,0.0002288860707837,0.0002379676260544,1473.1889515886
1735385100.0,0.0002379676260544,0.0002379676260544,0.0002301458841596,0.0002301458841596,696.27815604101
1735385160.0,0.0002301458841596,0.0002370522704435,0.0002280770232038,0.0002304198939607,1182.50730511685
1735385220.0,0.0002304198939607,0.0002327421853174,0.0002292224656549,0.0002292224656549,372.2056406192
1735385280.0,0.0002292224656549,0.0002292224656549,0.0002150679152114,0.0002159412869429,914.75370797492
1735385340.0,0.0002159412869429,0.0002163124315243,0.0002159412869429,0.0002163124315243,30.89432923672
1735385400.0,0.0002163124315243,0.0002165394753017,0.0002163124315243,0.0002165394753017,3.2763085146
1735385460.0,0.0002165394753017,0.0002165394753017,0.0002077566231672,0.0002083986369545,653.44002532852
1735385520.0,0.0002083986369545,0.0002095275048427,0.0002083986369545,0.0002095275048427,11.4147792906
1735385580.0,0.0002095275048427,0.0002096348054962,0.0002095275048427,0.0002096348054962,9.3089
1735385640.0,0.0002096348054962,0.0002123690808435,0.0002096348054962,0.0002116692622272,270.09847938436
1735385700.0,0.0002116692622272,0.0002132625298263,0.0002116692622272,0.0002122929283961,67.4903126424
1735385760.0,0.0002122929283961,0.0002134063484339,0.0002122929283961,0.0002134063484339,10.39808964926
1735385820.0,0.0002134063484339,0.000213830554041,0.0002097162159164,0.0002097162159164,366.41684376765
1735385880.0,0.0002097162159164,0.0002097162159164,0.0002097162159164,0.0002097162159164,0.0
1735385940.0,0.0002097162159164,0.0002097162159164,0.0002097162159164,0.0002097162159164,0.0
1735386000.0,0.0002097162159164,0.0002097162159164,0.0002086902483128,0.0002086902483128,20.72611039454
1735386060.0,0.0002086902483128,0.0002086902483128,0.000208473498742,0.000208473498742,17.73137565465
1735386120.0,0.000208473498742,0.000209812722146,0.000208473498742,0.000209812722146,51.18097639136
1735386180.0,0.000209812722146,0.000209812722146,0.000208773167344,0.0002096482225646,107.68415325252
1735386240.0,0.0002096482225646,0.0002110037155395,0.0002096482225646,0.0002110037155395,139.40207262576
1735386300.0,0.0002110037155395,0.0002110037155395,0.0002110037155395,0.0002110037155395,0.0
1735386360.0,0.0002110037155395,0.0002110037155395,0.0002068835708318,0.0002068835708318,304.7377665172
1735386420.0,0.0002068835708318,0.0002068835708318,0.0002037203330897,0.0002037203330897,325.4222628228
1735386480.0,0.0002037203330897,0.0002037203330897,0.0001942341051667,0.0001945827616218,670.19369000409
1735386540.0,0.0001945827616218,0.0001948402464799,0.0001877076705202,0.0001877076705202,857.20964602383
1735386600.0,0.0001877076705202,0.0001877076705202,0.0001775777747423,0.0001787388020268,613.23747179823
1735386660.0,0.0001787388020268,0.0001799660453349,0.0001787388020268,0.0001789965051527,15.24576576588
1735386720.0,0.0001789965051527,0.0001789965051527,0.0001771079246807,0.0001771079246807,158.42945952957
1735386780.0,0.0001771079246807,0.0001771905533542,0.00017650406388,0.0001771905533542,117.95634624926
1735386840.0,0.0001771905533542,0.0001771905533542,0.0001771905533542,0.0001771905533542,0.0
1735386900.0,0.0001771905533542,0.0001819006995007,0.000176511933342,0.0001808962651656,507.27514566398
1735386960.0,0.0001808962651656,0.0001866159493448,0.0001808962651656,0.0001866159493448,429.43895088953
1735387020.0,0.0001866159493448,0.000187003324853,0.0001856116778703,0.000187003324853,168.10063683618
1735387080.0,0.000187003324853,0.0001973070895461,0.0001863747266931,0.0001891204553752,1523.51575793711
1735387140.0,0.0001891204553752,0.0001892911389665,0.0001891204553752,0.0001892911389665,0.21736425
1735387200.0,0.0001892911389665,0.0001892911389665,0.0001892911389665,0.0001892911389665,0.0
1735387260.0,0.0001892911389665,0.0001892911389665,0.0001827326938007,0.0001830949200147,552.32996537216
1735387320.0,0.0001830949200147,0.0001830949200147,0.0001830949200147,0.0001830949200147,0.0
1735387380.0,0.0001830949200147,0.0001830949200147,0.0001794114401739,0.0001794114401739,235.04161028535
1735387440.0,0.0001794114401739,0.0001794114401739,0.000178955358639,0.000178955358639,20.16254234715
1735387500.0,0.000178955358639,0.000178955358639,0.000178955358639,0.000178955358639,0.0
1735387560.0,0.000178955358639,0.000178955358639,0.0001788485268931,0.0001788485268931,23.8899028368
1735387620.0,0.0001788485268931,0.0001788485268931,0.0001782322567829,0.0001782322567829,50.08864036562
1735387680.0,0.0001782322567829,0.0001803172080738,0.0001782322567829,0.0001803172080738,150.01277730516
1735387740.0,0.0001803172080738,0.0001803172080738,0.0001800595240678,0.0001800595240678,6.6431905615
1735387800.0,0.0001800595240678,0.0001800595240678,0.0001755186422228,0.0001755186422228,552.20564995425
1735387860.0,0.0001755186422228,0.0001761166431422,0.0001745268074447,0.0001761166431422,210.28299178001
1735387920.0,0.0001761166431422,0.0001761166431422,0.0001750976989372,0.0001750976989372,153.616496384
1735387980.0,0.0001750976989372,0.0001750976989372,0.0001735535687835,0.0001735535687835,78.02966056878
1735388040.0,0.0001735535687835,0.0001740020878594,0.0001735535687835,0.0001740020878594,18.698
1735388100.0,0.0001740020878594,0.0001740020878594,0.0001725916702546,0.0001725916702546,99.903052866
1735388160.0,0.0001725916702546,0.0001750168965583,0.0001725916702546,0.0001750168965583,347.54371893696
1735388220.0,0.0001750168965583,0.0001750168965583,0.0001750168965583,0.0001750168965583,0.0
1735388280.0,0.0001750168965583,0.0001796893700253,0.0001750168965583,0.0001796893700253,187.03343527165
1735388340.0,0.0001796893700253,0.0001825845912404,0.0001796893700253,0.0001823313137993,275.94196113164
1735388400.0,0.0001823313137993,0.0001823401546813,0.0001823313137993,0.0001823401546813,0.0804784836
1735388460.0,0.0001823401546813,0.0001837456089401,0.0001823401546813,0.0001837456089401,54.53432701107
1735388520.0,0.0001837456089401,0.0001841802585543,0.0001837456089401,0.0001841802585543,37.388
1735388580.0,0.0001841802585543,0.0001871041359073,0.0001841802585543,0.0001871041359073,339.1242711384
1735388640.0,0.0001871041359073,0.0001889904277652,0.0001871041359073,0.0001872184287599,128.27708231638
1735388700.0,0.0001872184287599,0.0001872184287599,0.0001863499204596,0.0001863499204596,0.0795401659
1735388760.0,0.0001863499204596,0.0001863499204596,0.0001863411264483,0.0001863411264483,1.29317577012
1735388820.0,0.0001863411264483,0.0001870870933456,0.0001861890214617,0.0001861890214617,28.17860526956
1735388880.0,0.0001861890214617,0.0001868346038467,0.0001851015687494,0.0001868346038467,205.40390504152
1735388940.0,0.0001868346038467,0.0001890860988489,0.0001868346038467,0.0001890860988489,327.93667032152
1735389000.0,0.0001890860988489,0.000190251083602,0.0001890860988489,0.0001901133268577,18.80556902618
1735389060.0,0.0001901133268577,0.0001916783722485,0.000189519595202,0.000190706423989,268.920143393
1735389120.0,0.000190706423989,0.000190706423989,0.0001872525515913,0.0001881527473387,140.52412993906
1735389180.0,0.0001881527473387,0.0001881527473387,0.0001867445635276,0.0001867445635276,83.05595918271
1735389240.0,0.0001867445635276,0.0001867445635276,0.0001858284006554,0.0001858284006554,52.39736602656
1735389300.0,0.0001858284006554,0.0001864721635235,0.000183686510155,0.000183686510155,160.05410374725
1735389360.0,0.000183686510155,0.000183686510155,0.0001687482768841,0.0001687482768841,1198.05204922223
1735389420.0,0.0001687482768841,0.0001687482768841,0.0001687482768841,0.0001687482768841,0.0
1735389480.0,0.0001687482768841,0.000170215373873,0.0001687482768841,0.0001692056774317,343.1515554791
1735389540.0,0.0001692056774317,0.0001692056774317,0.0001664101167287,0.0001664101167287,180.97951181068
1735389600.0,0.0001664101167287,0.0001664101167287,0.0001664101167287,0.0001664101167287,0.0
1735389660.0,0.0001664101167287,0.0001664101167287,0.0001644095776807,0.0001644095776807,184.32336090224
1735389720.0,0.0001644095776807,0.0001705899180189,0.0001621105215169,0.0001705899180189,1516.8675237957
1735389780.0,0.0001705899180189,0.0001705899180189,0.0001685638106204,0.0001685638106204,16.36113139769
1735389840.0,0.0001685638106204,0.0001685638106204,0.0001685638106204,0.0001685638106204,0.0
1735389900.0,0.0001685638106204,0.0001711329216309,0.0001685638106204,0.0001711329216309,232.10145231707
1735389960.0,0.0001711329216309,0.0001711329216309,0.0001711329216309,0.0001711329216309,0.0
1735390020.0,0.0001711329216309,0.0001711329216309,0.0001525412312942,0.0001584061141157,2374.2453605864
1735390080.0,0.0001584061141157,0.0001584061141157,0.0001584061141157,0.0001584061141157,0.0
1735390140.0,0.0001584061141157,0.0001665591966589,0.0001566923348027,0.0001645938841806,960.1296588012
1735390200.0,0.0001645938841806,0.0001654613403566,0.0001645823359972,0.0001654613403566,11.71265469738
1735390260.0,0.0001654613403566,0.0001654613403566,0.0001654613403566,0.0001654613403566,0.0
1735390320.0,0.0001654613403566,0.0001665082905372,0.0001647738940316,0.0001665082905372,126.295930644
1735390380.0,0.0001665082905372,0.000168998342561,0.0001665082905372,0.000168537282021,169.76961210573
1735390440.0,0.000168537282021,0.0001692548633399,0.0001682983055125,0.0001682983055125,47.35411688571
1735390500.0,0.0001682983055125,0.0001682983055125,0.0001674340165252,0.0001676640960565,103.183805816
1735390560.0,0.0001676640960565,0.0001740092625092,0.0001676640960565,0.0001740092625092,556.42809435473
1735390620.0,0.0001740092625092,0.0001743999063589,0.0001740092625092,0.0001743999063589,18.4785855
1735390680.0,0.0001743999063589,0.0001749965542897,0.0001732440700582,0.0001739342335847,523.18569959748
1735390740.0,0.0001739342335847,0.0001769506300724,0.0001738139099127,0.0001769506300724,710.87408678689
1735390800.0,0.0001769506300724,0.0001802608235652,0.0001769506300724,0.0001802608235652,389.27570827644
1735390860.0,0.0001802608235652,0.000180740792813,0.0001783548716223,0.0001783548716223,176.182546591
1735390920.0,0.0001783548716223,0.0001886457240275,0.0001783548716223,0.0001886457240275,922.20834717072
1735390980.0,0.0001886457240275,0.0001909599399274,0.0001878271447462,0.0001909599399274,300.09047287054
1735391040.0,0.0001909599399274,0.0001918055111644,0.0001909599399274,0.0001913181998876,101.30963581135
1735391100.0,0.0001913181998876,0.0001923586925199,0.0001913181998876,0.0001923586925199,19.17643910196
1735391160.0,0.0001923586925199,0.0002020093592669,0.0001897312551252,0.0002020093592669,1106.67909755691
1735391220.0,0.0002020093592669,0.0002039335724316,0.0002020093592669,0.0002039335724316,64.19384
1735391280.0,0.0002039335724316,0.0002118446534666,0.000202274025469,0.0002098343706844,1122.41580161569
1735391340.0,0.0002098343706844,0.0002324438886008,0.0002098343706844,0.0002294137863373,2106.89907975461
1735391400.0,0.0002294137863373,0.0002336886318198,0.0002286766335783,0.0002319067703335,1438.58257584336
1735391460.0,0.0002319067703335,0.0002319067703335,0.0002241368602205,0.000224687459632,619.52659074799
1735391520.0,0.000224687459632,0.0002255117577419,0.0002235219039555,0.0002235219039555,200.6375884713
1735391580.0,0.0002235219039555,0.0002250174316808,0.0002235219039555,0.0002243588867689,129.53018098935
1735391640.0,0.0002243588867689,0.0002243588867689,0.0002025080233938,0.0002071950706169,1926.0009823893
1735391700.0,0.0002071950706169,0.0002089548884912,0.0002071950706169,0.0002080519690848,43.0455193173
1735391760.0,0.0002080519690848,0.0002135632243707,0.0002080519690848,0.0002135632243707,438.01063699806
1735391820.0,0.0002135632243707,0.0002205286948674,0.0002135632243707,0.0002205286948674,436.851031808
1735391880.0,0.0002205286948674,0.0002335525292121,0.0002205286948674,0.0002331750206359,1326.09116961417
1735391940.0,0.0002331750206359,0.0002333210917897,0.0002209438803803,0.0002209438803803,769.36106606683
1735392000.0,0.0002209438803803,0.000227942466065,0.0002169871570452,0.000227942466065,1126.3557063154
1735392060.0,0.000227942466065,0.0002285668875281,0.0002210685708189,0.0002276864929598,914.84876055136
1735392120.0,0.0002276864929598,0.0002279235026199,0.0002219088467158,0.0002279235026199,754.17434961566
1735392180.0,0.0002279235026199,0.0002281255393964,0.0002279235026199,0.0002281255393964,23.65816246548
1735392240.0,0.0002281255393964,0.0002396434096019,0.0002269495044691,0.0002357564465127,1387.59524688012
1735392300.0,0.0002357564465127,0.0002366259839472,0.0002353861100322,0.0002353861100322,55.76977009832
1735392360.0,0.0002353861100322,0.0002353861100322,0.000233899977111,0.000233899977111,156.6053617834
1735392420.0,0.000233899977111,0.000233899977111,0.0002302713856847,0.0002314025782845,571.8587872631
1735392480.0,0.0002314025782845,0.0002336798888503,0.0002314025782845,0.0002336798888503,56.166
1735392540.0,0.0002336798888503,0.0002345464633606,0.0002336798888503,0.0002345464633606,47.9662088598
1735392600.0,0.0002345464633606,0.0002431038150527,0.0002337525951294,0.0002431038150527,620.97133218686
1735392660.0,0.0002431038150527,0.0002451022379427,0.0002431038150527,0.0002444957975496,116.79913611688
1735392720.0,0.0002444957975496,0.0002656098367514,0.0002444957975496,0.0002588883273199,6234.73622147622
1735392780.0,0.0002588883273199,0.000262467029503,0.0002588883273199,0.000262467029503,59.69814885627
1735392840.0,0.000262467029503,0.000264194187273,0.0002553996077351,0.0002567808116523,1001.2715766618
1735392900.0,0.0002567808116523,0.0002567808116523,0.0002531049864248,0.0002531049864248,214.5385288089
1735392960.0,0.0002531049864248,0.0002531049864248,0.0002417819179063,0.0002417819179063,762.5677819007
1735393020.0,0.0002417819179063,0.00024495831944,0.0002417819179063,0.00024495831944,241.67912162074
1735393080.0,0.00024495831944,0.00024495831944,0.0002448892575129,0.0002448892575129,36.4939058552
1735393140.0,0.0002448892575129,0.0002461738628123,0.0002442909515425,0.0002442909515425,164.6563678864
1735393200.0,0.0002442909515425,0.000245709243489,0.000242380970429,0.000245709243489,365.21900675658
1735393260.0,0.000245709243489,0.0002582537740261,0.000245709243489,0.0002576959874944,818.2843309488
1735393320.0,0.0002576959874944,0.0002599488423877,0.0002567813789769,0.0002599488423877,361.49304175211
1735393380.0,0.0002599488423877,0.0002684331946867,0.0002599488423877,0.0002632558568625,1272.73139832776
1735393440.0,0.0002632558568625,0.0002738363463282,0.0002632558568625,0.0002719043866279,997.13720413023
1735393500.0,0.0002719043866279,0.0002726549308494,0.00027109050375,0.0002712500808234,127.432353
1735393560.0,0.0002712500808234,0.0002806397659783,0.0002691523203132,0.0002782902511092,1355.90869101778
1735393620.0,0.0002782902511092,0.0002782902511092,0.0002650131427906,0.0002650131427906,1085.76755982783
1735393680.0,0.0002650131427906,0.0002696699159277,0.0002437416228582,0.0002437416228582,2578.78540767939
1735393740.0,0.0002437416228582,0.0002437416228582,0.0002351213792106,0.0002351213792106,756.408333356
1735393800.0,0.0002351213792106,0.0002351213792106,0.0002254552407071,0.000231903024184,1193.14782037349
1735393860.0,0.000231903024184,0.0002368786541351,0.000231903024184,0.0002368786541351,382.48459027788
1735393920.0,0.0002368786541351,0.0002386393898991,0.0002368786541351,0.0002378413121265,114.900516576
1735393980.0,0.0002378413121265,0.0002400618222227,0.0002373886377263,0.0002400618222227,303.35694492864
1735394040.0,0.0002400618222227,0.000242023116016,0.0002400618222227,0.000242023116016,9.302253
1735394100.0,0.000242023116016,0.0002423784070098,0.000242023116016,0.0002423784070098,37.528
1735394160.0,0.0002423784070098,0.0002423784070098,0.00024105539094,0.00024105539094,26.53621951061
1735394220.0,0.00024105539094,0.0002424607435816,0.00024105539094,0.0002424607435816,6.0728371524
1735394280.0,0.0002424607435816,0.0002429505800279,0.0002420590877669,0.0002420590877669,50.66525011275
1735394340.0,0.0002420590877669,0.0002420590877669,0.0002406322605083,0.0002406322605083,112.57652351104
1735394400.0,0.0002406322605083,0.0002406322605083,0.0002406322605083,0.0002406322605083,0.0
1735394460.0,0.0002406322605083,0.0002406322605083,0.0002393265907065,0.0002393265907065,135.28863957895
1735394520.0,0.0002393265907065,0.0002393265907065,0.0002381658438941,0.0002381658438941,20.43047308776
1735394580.0,0.0002381658438941,0.0002381658438941,0.0002377852657288,0.0002377852657288,31.57467324924
1735394640.0,0.0002377852657288,0.0002412855812502,0.000237616542835,0.0002396006450191,387.21608487591
1735394700.0,0.0002396006450191,0.0002403783770333,0.0002389051399871,0.0002403783770333,23.4067370788
1735394760.0,0.0002403783770333,0.0002403783770333,0.0002338306359178,0.0002338306359178,432.4889468319
1735394820.0,0.0002338306359178,0.0002338306359178,0.0001889750599043,0.0001913504207384,4556.41569576082
1735394880.0,0.0001913504207384,0.0001913504207384,0.0001892817949905,0.0001893593653612,11.57662631088
1735394940.0,0.0001893593653612,0.0002000144109706,0.0001858461284413,0.0002000144109706,3019.18687080732
1735395000.0,0.0002000144109706,0.0002000273169442,0.0001872184802176,0.0001918531867139,1790.49056725656
1735395060.0,0.0001918531867139,0.0001985337756938,0.0001918531867139,0.000196991119833,572.96838905143
1735395120.0,0.000196991119833,0.0001980107699874,0.0001960273035358,0.0001961501215631,826.28382324734
1735395180.0,0.0001961501215631,0.0001987288866625,0.0001958039742631,0.0001987288866625,494.32305459737
1735395240.0,0.0001987288866625,0.0002025755315577,0.0001965968119138,0.0002025755315577,837.6951479614
1735395300.0,0.0002025755315577,0.0002118777321298,0.0002025755315577,0.0002118777321298,446.93340110158
1735395360.0,0.0002118777321298,0.0002128618494305,0.0002118777321298,0.0002128618494305,18.854
1735395420.0,0.0002128618494305,0.0002144827101829,0.0002109900747401,0.0002144827101829,464.18377115132
1735395480.0,0.0002144827101829,0.0002252071200137,0.0002144827101829,0.0002243672063214,1159.30977526184
1735395540.0,0.0002243672063214,0.0002289110091832,0.0002243672063214,0.0002289110091832,425.3791124162
1735395600.0,0.0002289110091832,0.0002336099578672,0.0002274713446412,0.0002274713446412,885.16037154526
