0,1,2,3,4,5
1737738360.0,9.89280465598938e-05,0.0001360236211748,8.93405381952046e-05,0.000114732319148,18572.18341039608
1737738420.0,0.000114732319148,0.000121313017124,6.41273992216693e-05,7.97969572766267e-05,22362.74049808391
1737738480.0,7.97969572766267e-05,0.0001425003468733,7.91774370926957e-05,0.0001100351586319,23651.08989724611
1737738540.0,0.0001100351586319,0.0001295346315575,0.0001049470775648,0.000116908449626,11045.502445069
1737738600.0,0.000116908449626,0.0001180248521437,8.18655667488118e-05,0.000107215792141,10686.68226431702
1737738660.0,0.000107215792141,0.0001222119636977,8.81525169909866e-05,8.81525169909866e-05,8961.76791400572
1737738720.0,8.81525169909866e-05,9.2593707530138e-05,7.4608160059932e-05,9.2593707530138e-05,8821.71016507353
1737738780.0,9.2593707530138e-05,0.0001046666603695,9.06786200596751e-05,9.71980817025033e-05,6454.11063256227
1737738840.0,9.71980817025033e-05,9.71980817025033e-05,8.04472884465649e-05,8.23076280866864e-05,3403.43100669755
1737738900.0,8.23076280866864e-05,0.0001031988361753,8.23076280866864e-05,0.0001009107231421,8433.64913011685
1737738960.0,0.0001009107231421,0.000118940475209,9.84737970618982e-05,0.0001049528023409,7610.86753946254
1737739020.0,0.0001049528023409,0.000116265165353,0.0001024704285115,0.0001073375927078,3596.10145338469
1737739080.0,0.0001073375927078,0.0001234741717589,9.99564377838401e-05,0.0001020136164717,8077.64097268218
1737739140.0,0.0001020136164717,0.0001025571374392,9.19249304787574e-05,9.19249304787574e-05,2423.81749821389
1737739200.0,9.19249304787574e-05,9.19249304787574e-05,5.55304151523889e-05,5.74158141341315e-05,7613.65997068437
1737739260.0,5.74158141341315e-05,5.74158141341315e-05,4.13563460214244e-05,4.13563460214244e-05,4333.41340812246
1737739320.0,4.13563460214244e-05,4.16413307721523e-05,3.82342236435216e-05,4.04547135714976e-05,1363.48509989047
1737739380.0,4.04547135714976e-05,5.30136802591068e-05,4.04547135714976e-05,4.54402182807848e-05,4790.13402554426
1737739440.0,4.54402182807848e-05,4.57776253584527e-05,3.88061872606263e-05,3.88061872606263e-05,1561.46173276762
1737739500.0,3.88061872606263e-05,4.03970122207682e-05,3.78302546749266e-05,4.03970122207682e-05,831.44408836335
1737739560.0,4.03970122207682e-05,4.03970122207682e-05,3.96688364792756e-05,3.96688364792756e-05,118.90579133366
1737739620.0,3.96688364792756e-05,4.41361707435458e-05,3.94172362651646e-05,4.41361707435458e-05,852.76999960411
1737739680.0,4.41361707435458e-05,4.41361707435458e-05,4.28843074647521e-05,4.28915769527833e-05,205.20311954441
1737739740.0,4.28915769527833e-05,4.53408077375057e-05,4.28915769527833e-05,4.44259472552345e-05,649.39687652295
1737739800.0,4.44259472552345e-05,4.44259472552345e-05,3.91844479488211e-05,3.94296178904597e-05,870.5805561861
1737739860.0,3.94296178904597e-05,3.94296178904597e-05,3.40142909181327e-05,3.40142909181327e-05,988.89965009883
1737739920.0,3.40142909181327e-05,3.58606966334987e-05,3.22950792770566e-05,3.22950792770566e-05,1398.20033489864
1737739980.0,3.22950792770566e-05,3.22950792770566e-05,3.02063068080314e-05,3.08249641138063e-05,488.29928556855
1737740040.0,3.08249641138063e-05,3.49857677157372e-05,3.07239215408531e-05,3.49857677157372e-05,812.14845404632
1737740100.0,3.49857677157372e-05,3.71442177426169e-05,3.49308730210942e-05,3.71442177426169e-05,407.29898568146
1737740160.0,3.71442177426169e-05,4.04402953788333e-05,3.32715684640821e-05,3.32715684640821e-05,2211.10400543371
1737740220.0,3.32715684640821e-05,3.32715684640821e-05,3.24916567245295e-05,3.25890983061425e-05,190.52480070939
1737740280.0,3.25890983061425e-05,3.25890983061425e-05,3.24942191077446e-05,3.24942191077446e-05,1.38375010872
1737740340.0,3.24942191077446e-05,3.24942191077446e-05,3.17119322607162e-05,3.17119322607162e-05,284.7384097428
1737740400.0,3.17119322607162e-05,3.17119322607162e-05,3.0899963286571e-05,3.0899963286571e-05,27.81996230187
1737740460.0,3.0899963286571e-05,3.11432962884399e-05,2.86085195180086e-05,2.86085195180086e-05,533.24841495345
1737740520.0,2.86085195180086e-05,2.86085195180086e-05,2.76891847243496e-05,2.76891847243496e-05,162.73496521463
1737740580.0,2.76891847243496e-05,2.8454197828831e-05,2.50960220616558e-05,2.50960220616558e-05,1072.60931128357
1737740640.0,2.50960220616558e-05,2.83432022812115e-05,2.50960220616558e-05,2.83432022812115e-05,1008.74800191264
1737740700.0,2.83432022812115e-05,2.83432022812115e-05,2.72791460585439e-05,2.77390311534261e-05,464.57951163752
1737740760.0,2.77390311534261e-05,2.78798105196415e-05,2.77390311534261e-05,2.78686599593607e-05,4.43665092266
1737740820.0,2.78686599593607e-05,2.78686599593607e-05,2.76466669187375e-05,2.76466669187375e-05,51.96028700544
1737740880.0,2.76466669187375e-05,2.76466669187375e-05,2.59361502733274e-05,2.59361502733274e-05,448.13410532834
1737740940.0,2.59361502733274e-05,2.59361502733274e-05,2.1245101003315e-05,2.1245101003315e-05,995.46835224425
1737741000.0,2.1245101003315e-05,2.1245101003315e-05,1.93194486566071e-05,1.93194486566071e-05,371.34208956566
1737741060.0,1.93194486566071e-05,1.93194486566071e-05,1.92858426302877e-05,1.92858426302877e-05,15.33528979374
1737741120.0,1.92858426302877e-05,1.92858426302877e-05,1.91011286771021e-05,1.91011286771021e-05,37.59194635648
1737741180.0,1.91011286771021e-05,1.9101714538359e-05,1.91011286771021e-05,1.9101714538359e-05,0.7181706544
1737741240.0,1.9101714538359e-05,1.9101714538359e-05,1.90944592707237e-05,1.90944592707237e-05,0.69250678552
1737741300.0,1.90944592707237e-05,2.09771869527728e-05,1.90944592707237e-05,2.09771869527728e-05,1395.41145768976
1737741360.0,2.09771869527728e-05,2.12995806554641e-05,2.09771869527728e-05,2.12995806554641e-05,2.82459490813
1737741420.0,2.12995806554641e-05,2.14435252584926e-05,2.12815657157726e-05,2.14435252584926e-05,27.396882883
1737741480.0,2.14435252584926e-05,2.14435252584926e-05,2.13827357038456e-05,2.13827357038456e-05,0.95795769348
1737741540.0,2.13827357038456e-05,2.17323176839469e-05,2.13724819276596e-05,2.17323176839469e-05,86.89883158534
1737741600.0,2.17323176839469e-05,2.20279177478556e-05,2.17323176839469e-05,2.20279177478556e-05,79.32
1737741660.0,2.20279177478556e-05,2.20874424688257e-05,2.20279177478556e-05,2.20725752000361e-05,6.64338964464
1737741720.0,2.20725752000361e-05,2.20725752000361e-05,2.20725752000361e-05,2.20725752000361e-05,0.0
1737741780.0,2.20725752000361e-05,2.20725752000361e-05,2.20725752000361e-05,2.20725752000361e-05,0.0
1737741840.0,2.20725752000361e-05,2.20725752000361e-05,2.20725752000361e-05,2.20725752000361e-05,0.0
1737741900.0,2.20725752000361e-05,2.21401318466419e-05,2.20725752000361e-05,2.2128361770824e-05,5.270973147
1737741960.0,2.2128361770824e-05,2.2128361770824e-05,2.19446950697049e-05,2.19446950697049e-05,45.82554053398
1737742020.0,2.19446950697049e-05,2.19446950697049e-05,1.99094897931067e-05,1.99094897931067e-05,467.62263358309
1737742080.0,1.99094897931067e-05,1.99094897931067e-05,1.99094897931067e-05,1.99094897931067e-05,0.0
1737742140.0,1.99094897931067e-05,1.99094897931067e-05,1.99018910228397e-05,1.99018910228397e-05,1.9467486535
1737742200.0,1.99018910228397e-05,1.99018910228397e-05,1.98575750739692e-05,1.98575750739692e-05,9.18029323278
1737742260.0,1.98575750739692e-05,2.08387006361768e-05,1.98364587797963e-05,2.08387006361768e-05,319.11523366882
1737742320.0,2.08387006361768e-05,2.11895374863371e-05,1.65386869009514e-05,1.65386869009514e-05,1210.11813824515
1737742380.0,1.65386869009514e-05,1.65386869009514e-05,1.61534450352739e-05,1.61534450352739e-05,4.51347535947
1737742440.0,1.61534450352739e-05,1.61534450352739e-05,1.32291766447818e-05,1.32291766447818e-05,825.82897571449
1737742500.0,1.32291766447818e-05,1.32291766447818e-05,1.31170178804019e-05,1.31170178804019e-05,7.66263589722
1737742560.0,1.31170178804019e-05,1.31170178804019e-05,1.29310045897317e-05,1.29310045897317e-05,116.18030830876
1737742620.0,1.29310045897317e-05,1.29310045897317e-05,1.29310045897317e-05,1.29310045897317e-05,0.0
1737742680.0,1.29310045897317e-05,1.29929718340681e-05,1.29310045897317e-05,1.29929718340681e-05,11.99062891818
1737742740.0,1.29929718340681e-05,1.29929718340681e-05,1.29693233378784e-05,1.29693233378784e-05,0.00275535732
1737742800.0,1.29693233378784e-05,1.29693233378784e-05,1.29693233378784e-05,1.29693233378784e-05,0.0
1737742860.0,1.29693233378784e-05,1.30307588058366e-05,1.29082679285916e-05,1.29859034182244e-05,112.88996082436
1737742920.0,1.29859034182244e-05,1.29859034182244e-05,1.29859034182244e-05,1.29859034182244e-05,0.0
1737742980.0,1.29859034182244e-05,1.29859034182244e-05,1.29859034182244e-05,1.29859034182244e-05,0.0
1737743040.0,1.29859034182244e-05,1.29859034182244e-05,1.29859034182244e-05,1.29859034182244e-05,0.0
1737743100.0,1.29859034182244e-05,1.29859034182244e-05,1.29859034182244e-05,1.29859034182244e-05,0.0
1737743160.0,1.29859034182244e-05,1.31765755081407e-05,1.29859034182244e-05,1.31765755081407e-05,57.59996
1737743220.0,1.31765755081407e-05,1.42188069603023e-05,1.31765755081407e-05,1.42188069603023e-05,295.8914
1737743280.0,1.42188069603023e-05,1.42885243473628e-05,1.42188069603023e-05,1.42885243473628e-05,29.0794
1737743340.0,1.42885243473628e-05,1.42885243473628e-05,1.42885243473628e-05,1.42885243473628e-05,0.0
1737743400.0,1.42885243473628e-05,1.42885243473628e-05,1.42885243473628e-05,1.42885243473628e-05,0.0
1737743460.0,1.42885243473628e-05,1.42885243473628e-05,1.37098112182022e-05,1.37098112182022e-05,304.34918004342
1737743520.0,1.37098112182022e-05,1.37098112182022e-05,1.37098112182022e-05,1.37098112182022e-05,0.0
1737743580.0,1.37098112182022e-05,1.37098112182022e-05,1.30983334666786e-05,1.30983334666786e-05,35.35908494904
1737743640.0,1.30983334666786e-05,1.30983334666786e-05,1.30983334666786e-05,1.30983334666786e-05,0.0
1737743700.0,1.30983334666786e-05,1.30983334666786e-05,1.30983334666786e-05,1.30983334666786e-05,0.0
1737743760.0,1.30983334666786e-05,1.30983334666786e-05,1.30983334666786e-05,1.30983334666786e-05,0.0
1737743820.0,1.30983334666786e-05,1.30983334666786e-05,1.30983334666786e-05,1.30983334666786e-05,0.0
1737743880.0,1.30983334666786e-05,1.30983334666786e-05,1.30983334666786e-05,1.30983334666786e-05,0.0
1737743940.0,1.30983334666786e-05,1.30983334666786e-05,1.30983334666786e-05,1.30983334666786e-05,0.0
1737744000.0,1.30983334666786e-05,1.30983334666786e-05,1.30983334666786e-05,1.30983334666786e-05,0.0
1737744060.0,1.30983334666786e-05,1.30983334666786e-05,1.30983334666786e-05,1.30983334666786e-05,0.0
1737744120.0,1.30983334666786e-05,1.39931350670538e-05,1.30983334666786e-05,1.39931350670538e-05,361.22092042974
1737744180.0,1.39931350670538e-05,1.39931350670538e-05,1.39931350670538e-05,1.39931350670538e-05,0.0
1737744240.0,1.39931350670538e-05,1.39931350670538e-05,1.39931350670538e-05,1.39931350670538e-05,0.0
1737744300.0,1.39931350670538e-05,1.39931350670538e-05,1.39931350670538e-05,1.39931350670538e-05,0.0
1737744360.0,1.39931350670538e-05,1.39931350670538e-05,1.39931350670538e-05,1.39931350670538e-05,0.0
1737744420.0,1.39931350670538e-05,1.39931350670538e-05,1.39931350670538e-05,1.39931350670538e-05,0.0
1737744480.0,1.39931350670538e-05,1.39931350670538e-05,1.39931350670538e-05,1.39931350670538e-05,0.0
1737744540.0,1.39931350670538e-05,1.39931350670538e-05,1.39931350670538e-05,1.39931350670538e-05,0.0
1737744600.0,1.39931350670538e-05,1.39931350670538e-05,1.39931350670538e-05,1.39931350670538e-05,0.0
1737744660.0,1.39931350670538e-05,1.39931350670538e-05,1.39931350670538e-05,1.39931350670538e-05,0.0
1737744720.0,1.39931350670538e-05,1.39931350670538e-05,1.39931350670538e-05,1.39931350670538e-05,0.0
1737744780.0,1.39931350670538e-05,1.39931350670538e-05,1.39931350670538e-05,1.39931350670538e-05,0.0
1737744840.0,1.39931350670538e-05,1.42344628642763e-05,1.39931350670538e-05,1.42344628642763e-05,27.100818649
1737744900.0,1.42344628642763e-05,1.42344628642763e-05,1.42344628642763e-05,1.42344628642763e-05,0.0
1737744960.0,1.42344628642763e-05,1.42344628642763e-05,1.41355894814288e-05,1.41355894814288e-05,25.87186563357
1737745020.0,1.41355894814288e-05,1.41355894814288e-05,1.31838055923913e-05,1.31838055923913e-05,354.08049740538
1737745080.0,1.31838055923913e-05,1.31838055923913e-05,1.31838055923913e-05,1.31838055923913e-05,0.0
1737745140.0,1.31838055923913e-05,1.31838055923913e-05,1.31838055923913e-05,1.31838055923913e-05,0.0
1737745200.0,1.31838055923913e-05,1.31838055923913e-05,1.31838055923913e-05,1.31838055923913e-05,0.0
1737745260.0,1.31838055923913e-05,1.31838055923913e-05,1.31838055923913e-05,1.31838055923913e-05,0.0
1737745320.0,1.31838055923913e-05,1.31838055923913e-05,1.28102401843991e-05,1.28102401843991e-05,11.94020578521
1737745380.0,1.28102401843991e-05,1.28102401843991e-05,1.28102401843991e-05,1.28102401843991e-05,0.0
1737745440.0,1.28102401843991e-05,1.28102401843991e-05,1.28025958700553e-05,1.28025958700553e-05,0.2213252451
1737745500.0,1.28025958700553e-05,1.2937648967605e-05,1.28025958700553e-05,1.2937648967605e-05,52.544
1737745560.0,1.2937648967605e-05,1.29455608734065e-05,1.2937648967605e-05,1.29455608734065e-05,7.68936807053
1737745620.0,1.29455608734065e-05,1.29455608734065e-05,1.29455608734065e-05,1.29455608734065e-05,0.0
1737745680.0,1.29455608734065e-05,1.38347374784886e-05,1.29455608734065e-05,1.38347374784886e-05,327.775
1737745740.0,1.38347374784886e-05,1.4540476008579e-05,1.38347374784886e-05,1.4540476008579e-05,271.78307788742
1737745800.0,1.4540476008579e-05,1.4540476008579e-05,1.4540476008579e-05,1.4540476008579e-05,0.0
1737745860.0,1.4540476008579e-05,1.4540476008579e-05,1.4540476008579e-05,1.4540476008579e-05,0.0
1737745920.0,1.4540476008579e-05,1.4540476008579e-05,1.4540476008579e-05,1.4540476008579e-05,0.0
1737745980.0,1.4540476008579e-05,1.49124852561796e-05,1.4540476008579e-05,1.49124852561796e-05,11.03188881234
1737746040.0,1.49124852561796e-05,1.5191180805844e-05,1.49124852561796e-05,1.5191180805844e-05,118.99363271455
1737746100.0,1.5191180805844e-05,1.5528849639481e-05,1.5191180805844e-05,1.5528849639481e-05,52.424
1737746160.0,1.5528849639481e-05,1.5528849639481e-05,1.5528849639481e-05,1.5528849639481e-05,0.0
1737746220.0,1.5528849639481e-05,1.5528849639481e-05,1.5528849639481e-05,1.5528849639481e-05,0.0
1737746280.0,1.5528849639481e-05,1.5528849639481e-05,1.5528849639481e-05,1.5528849639481e-05,0.0
1737746340.0,1.5528849639481e-05,1.57472199404987e-05,1.5528849639481e-05,1.57472199404987e-05,52.492
1737746400.0,1.57472199404987e-05,1.57641868434823e-05,1.57043388195639e-05,1.57043388195639e-05,24.95367589524
1737746460.0,1.57043388195639e-05,1.57043388195639e-05,1.55546093967337e-05,1.55546093967337e-05,52.51096262412
1737746520.0,1.55546093967337e-05,1.74866053870321e-05,1.54472818369268e-05,1.73956549238164e-05,710.71382427052
1737746580.0,1.73956549238164e-05,1.76096417419629e-05,1.73956549238164e-05,1.76096417419629e-05,131.13
1737746640.0,1.76096417419629e-05,1.76743817704034e-05,1.6294743866481e-05,1.6294743866481e-05,477.94188904076
1737746700.0,1.6294743866481e-05,1.6294743866481e-05,1.62501324202793e-05,1.62501324202793e-05,130.0848
1737746760.0,1.62501324202793e-05,1.62501324202793e-05,1.62501324202793e-05,1.62501324202793e-05,0.0
1737746820.0,1.62501324202793e-05,1.62501324202793e-05,1.62501324202793e-05,1.62501324202793e-05,0.0
1737746880.0,1.62501324202793e-05,1.62501324202793e-05,1.62501324202793e-05,1.62501324202793e-05,0.0
1737746940.0,1.62501324202793e-05,1.62501324202793e-05,1.62501324202793e-05,1.62501324202793e-05,0.0
1737747000.0,1.62501324202793e-05,1.62501324202793e-05,1.62501324202793e-05,1.62501324202793e-05,0.0
1737747060.0,1.62501324202793e-05,1.62501324202793e-05,1.62501324202793e-05,1.62501324202793e-05,0.0
1737747120.0,1.62501324202793e-05,1.62501324202793e-05,1.62501324202793e-05,1.62501324202793e-05,0.0
1737747180.0,1.62501324202793e-05,1.62501324202793e-05,1.62501324202793e-05,1.62501324202793e-05,0.0
1737747240.0,1.62501324202793e-05,1.72339999893094e-05,1.62501324202793e-05,1.72339999893094e-05,256.8612069
1737747300.0,1.72339999893094e-05,1.72339999893094e-05,1.72339999893094e-05,1.72339999893094e-05,0.0
1737747360.0,1.72339999893094e-05,1.75516692268336e-05,1.72339999893094e-05,1.75516692268336e-05,13.1305
1737747420.0,1.75516692268336e-05,1.80942821962679e-05,1.75516692268336e-05,1.80942821962679e-05,262.49
1737747480.0,1.80942821962679e-05,1.80942821962679e-05,1.80942821962679e-05,1.80942821962679e-05,0.0
1737747540.0,1.80942821962679e-05,1.80942821962679e-05,1.80942821962679e-05,1.80942821962679e-05,0.0
1737747600.0,1.80942821962679e-05,2.03632002473954e-05,1.80942821962679e-05,2.03632002473954e-05,419.70065137539
1737747660.0,2.03632002473954e-05,2.06597864032225e-05,2.03632002473954e-05,2.06597864032225e-05,131.055
1737747720.0,2.06597864032225e-05,2.10114382906106e-05,2.06597864032225e-05,2.10114382906106e-05,29.7427304253
1737747780.0,2.10114382906106e-05,2.10114382906106e-05,2.10114382906106e-05,2.10114382906106e-05,0.0
1737747840.0,2.10114382906106e-05,2.10114382906106e-05,2.09499507531741e-05,2.09499507531741e-05,6.18703575539
1737747900.0,2.09499507531741e-05,2.09499507531741e-05,2.09499507531741e-05,2.09499507531741e-05,0.0
1737747960.0,2.09499507531741e-05,2.09499507531741e-05,2.09499507531741e-05,2.09499507531741e-05,0.0
1737748020.0,2.09499507531741e-05,2.09499507531741e-05,2.08650681513399e-05,2.08650681513399e-05,1.93525533565
1737748080.0,2.08650681513399e-05,2.08650681513399e-05,2.08650681513399e-05,2.08650681513399e-05,0.0
1737748140.0,2.08650681513399e-05,2.27596860805986e-05,2.08650681513399e-05,2.27596860805986e-05,410.10650142976
1737748200.0,2.27596860805986e-05,2.27596860805986e-05,2.26859255784746e-05,2.26859255784746e-05,2.73046297692
1737748260.0,2.26859255784746e-05,2.26859255784746e-05,2.26859255784746e-05,2.26859255784746e-05,0.0
1737748320.0,2.26859255784746e-05,2.48671824727895e-05,2.26859255784746e-05,2.46186150227033e-05,470.25
1737748380.0,2.46186150227033e-05,2.50555804926163e-05,2.46186150227033e-05,2.50555804926163e-05,26.126
1737748440.0,2.50555804926163e-05,2.50555804926163e-05,2.50555804926163e-05,2.50555804926163e-05,0.0
1737748500.0,2.50555804926163e-05,2.50555804926163e-05,2.48360603863751e-05,2.48360603863751e-05,40.0397242456
1737748560.0,2.48360603863751e-05,2.48360603863751e-05,2.39958603399515e-05,2.39958603399515e-05,285.26725968528
1737748620.0,2.39958603399515e-05,2.39958603399515e-05,2.33052874747766e-05,2.34212427077798e-05,49.901335032
1737748680.0,2.34212427077798e-05,2.34536850060603e-05,2.31995721083063e-05,2.31995721083063e-05,75.84892044456
1737748740.0,2.31995721083063e-05,2.32876361485962e-05,2.31995721083063e-05,2.32876361485962e-05,0.29691323202
1737748800.0,2.32876361485962e-05,2.32876361485962e-05,2.32876361485962e-05,2.32876361485962e-05,0.0
1737748860.0,2.32876361485962e-05,2.32876361485962e-05,2.32876361485962e-05,2.32876361485962e-05,0.0
1737748920.0,2.32876361485962e-05,2.32876361485962e-05,2.32876361485962e-05,2.32876361485962e-05,0.0
1737748980.0,2.32876361485962e-05,2.32876361485962e-05,2.32876361485962e-05,2.32876361485962e-05,0.0
1737749040.0,2.32876361485962e-05,2.32876361485962e-05,2.28419107692865e-05,2.28419107692865e-05,144.89726841522
1737749100.0,2.28419107692865e-05,2.28419107692865e-05,2.28419107692865e-05,2.28419107692865e-05,0.0
1737749160.0,2.28419107692865e-05,2.28419107692865e-05,2.28419107692865e-05,2.28419107692865e-05,0.0
1737749220.0,2.28419107692865e-05,2.28419107692865e-05,2.24139413758212e-05,2.24139413758212e-05,51.03451233
1737749280.0,2.24139413758212e-05,2.24139413758212e-05,2.24139413758212e-05,2.24139413758212e-05,0.0
1737749340.0,2.24139413758212e-05,2.24139413758212e-05,2.24139413758212e-05,2.24139413758212e-05,0.0
1737749400.0,2.24139413758212e-05,2.24139413758212e-05,2.24139413758212e-05,2.24139413758212e-05,0.0
1737749460.0,2.24139413758212e-05,2.24139413758212e-05,2.24139413758212e-05,2.24139413758212e-05,0.0
1737749520.0,2.24139413758212e-05,2.24139413758212e-05,2.24139413758212e-05,2.24139413758212e-05,0.0
1737749580.0,2.24139413758212e-05,2.24139413758212e-05,2.24139413758212e-05,2.24139413758212e-05,0.0
1737749640.0,2.24139413758212e-05,2.24139413758212e-05,2.24139413758212e-05,2.24139413758212e-05,0.0
1737749700.0,2.24139413758212e-05,2.24139413758212e-05,2.24139413758212e-05,2.24139413758212e-05,0.0
1737749760.0,2.24139413758212e-05,2.24139413758212e-05,2.24139413758212e-05,2.24139413758212e-05,0.0
1737749820.0,2.24139413758212e-05,2.38816997468403e-05,2.24139413758212e-05,2.38607701476008e-05,577.00178122146
1737749880.0,2.38607701476008e-05,2.38607701476008e-05,2.38607701476008e-05,2.38607701476008e-05,0.0
1737749940.0,2.38607701476008e-05,2.38607701476008e-05,2.34855555426841e-05,2.34855555426841e-05,3.97941921072
1737750000.0,2.34855555426841e-05,2.34855555426841e-05,2.09424732430747e-05,2.09424732430747e-05,653.6360178208
1737750060.0,2.09424732430747e-05,2.09424732430747e-05,2.09424732430747e-05,2.09424732430747e-05,0.0
1737750120.0,2.09424732430747e-05,2.09424732430747e-05,2.09424732430747e-05,2.09424732430747e-05,0.0
1737750180.0,2.09424732430747e-05,3.33193663471713e-05,2.07476294864365e-05,2.09529161072866e-05,5675.8476908206
1737750240.0,2.09529161072866e-05,2.09529161072866e-05,2.09529161072866e-05,2.09529161072866e-05,0.0
1737750300.0,2.09529161072866e-05,2.09529161072866e-05,2.06027864286669e-05,2.06027864286669e-05,0.6416923686
1737750360.0,2.06027864286669e-05,2.06027864286669e-05,2.05936989849949e-05,2.05936989849949e-05,0.62858114532
1737750420.0,2.05936989849949e-05,2.05936989849949e-05,2.05936989849949e-05,2.05936989849949e-05,0.0
1737750480.0,2.05936989849949e-05,2.05936989849949e-05,2.04664612463591e-05,2.04664612463591e-05,20.21123247356
1737750540.0,2.04664612463591e-05,2.04664612463591e-05,2.04234200317135e-05,2.04234200317135e-05,0.59869772809
1737750600.0,2.04234200317135e-05,2.04234200317135e-05,2.03969700839729e-05,2.03969700839729e-05,15.25908517454
1737750660.0,2.03969700839729e-05,2.03969700839729e-05,2.03610686460028e-05,2.03610686460028e-05,0.58493254365
1737750720.0,2.03610686460028e-05,2.03610686460028e-05,2.03436536171223e-05,2.03436536171223e-05,0.5727436
1737750780.0,2.03436536171223e-05,2.03436536171223e-05,2.03436536171223e-05,2.03436536171223e-05,0.0
1737750840.0,2.03436536171223e-05,2.03436536171223e-05,2.0334138000868e-05,2.0334138000868e-05,0.56102618873
1737750900.0,2.0334138000868e-05,2.32035888180477e-05,2.0334138000868e-05,2.11349758488376e-05,1262.02163657546
1737750960.0,2.11349758488376e-05,2.11349758488376e-05,2.11349758488376e-05,2.11349758488376e-05,0.0
1737751020.0,2.11349758488376e-05,2.11349758488376e-05,2.1125133080767e-05,2.1125133080767e-05,0.55976916668
1737751080.0,2.1125133080767e-05,2.1125133080767e-05,2.11071897720042e-05,2.11071897720042e-05,0.54810783462
1737751140.0,2.11071897720042e-05,2.11071897720042e-05,2.11071897720042e-05,2.11071897720042e-05,0.0
1737751200.0,2.11071897720042e-05,2.11072442762754e-05,2.11071897720042e-05,2.11072442762754e-05,0.53714706498
1737751260.0,2.11072442762754e-05,2.11072442762754e-05,2.11072442762754e-05,2.11072442762754e-05,0.0
1737751320.0,2.11072442762754e-05,2.11072442762754e-05,2.10934675241549e-05,2.10934675241549e-05,0.52606053836
1737751380.0,2.10934675241549e-05,2.10934675241549e-05,2.10934675241549e-05,2.10934675241549e-05,0.0
1737751440.0,2.10934675241549e-05,2.10934675241549e-05,2.10934675241549e-05,2.10934675241549e-05,0.0
1737751500.0,2.10934675241549e-05,2.10934675241549e-05,2.10934675241549e-05,2.10934675241549e-05,0.0
1737751560.0,2.10934675241549e-05,2.10934675241549e-05,2.10934675241549e-05,2.10934675241549e-05,0.0
1737751620.0,2.10934675241549e-05,2.10934675241549e-05,2.10934675241549e-05,2.10934675241549e-05,0.0
1737751680.0,2.10934675241549e-05,2.10934675241549e-05,2.10934675241549e-05,2.10934675241549e-05,0.0
1737751740.0,2.10934675241549e-05,2.10934675241549e-05,2.10934675241549e-05,2.10934675241549e-05,0.0
1737751800.0,2.10934675241549e-05,2.10934675241549e-05,2.10934675241549e-05,2.10934675241549e-05,0.0
1737751860.0,2.10934675241549e-05,2.10934675241549e-05,2.10934675241549e-05,2.10934675241549e-05,0.0
1737751920.0,2.10934675241549e-05,2.10934675241549e-05,2.10934675241549e-05,2.10934675241549e-05,0.0
1737751980.0,2.10934675241549e-05,2.10934675241549e-05,2.10934675241549e-05,2.10934675241549e-05,0.0
1737752040.0,2.10934675241549e-05,2.10934675241549e-05,2.10934675241549e-05,2.10934675241549e-05,0.0
1737752100.0,2.10934675241549e-05,2.10934675241549e-05,2.10934675241549e-05,2.10934675241549e-05,0.0
1737752160.0,2.10934675241549e-05,2.10934675241549e-05,2.10934675241549e-05,2.10934675241549e-05,0.0
1737752220.0,2.10934675241549e-05,2.10934675241549e-05,2.04322487673239e-05,2.04322487673239e-05,243.01739316866
1737752280.0,2.04322487673239e-05,2.04322487673239e-05,2.04322487673239e-05,2.04322487673239e-05,0.0
1737752340.0,2.04322487673239e-05,2.04322487673239e-05,2.04322487673239e-05,2.04322487673239e-05,0.0
1737752400.0,2.04322487673239e-05,2.15182439984038e-05,2.04322487673239e-05,2.15182439984038e-05,646.075
1737752460.0,2.15182439984038e-05,2.15182439984038e-05,2.06889176390578e-05,2.06889176390578e-05,901.41687766492
1737752520.0,2.06889176390578e-05,2.06889176390578e-05,2.06889176390578e-05,2.06889176390578e-05,0.0
1737752580.0,2.06889176390578e-05,2.19203769595909e-05,2.06889176390578e-05,2.19203769595909e-05,258.034
1737752640.0,2.19203769595909e-05,2.29986451606791e-05,2.19203769595909e-05,2.29986451606791e-05,258.3
1737752700.0,2.29986451606791e-05,2.29986451606791e-05,2.29986451606791e-05,2.29986451606791e-05,0.0
1737752760.0,2.29986451606791e-05,2.37178885575791e-05,2.29986451606791e-05,2.37178885575791e-05,51.65
1737752820.0,2.37178885575791e-05,2.37178885575791e-05,2.37178885575791e-05,2.37178885575791e-05,0.0
1737752880.0,2.37178885575791e-05,2.39471596078559e-05,2.37178885575791e-05,2.39471596078559e-05,51.622
1737752940.0,2.39471596078559e-05,2.39471596078559e-05,2.39471596078559e-05,2.39471596078559e-05,0.0
1737753000.0,2.39471596078559e-05,2.45208070412156e-05,2.39471596078559e-05,2.45208070412156e-05,102.34818
1737753060.0,2.45208070412156e-05,2.45208070412156e-05,2.28312492415649e-05,2.28381244781649e-05,396.2471945122
1737753120.0,2.28381244781649e-05,2.28381244781649e-05,2.28381244781649e-05,2.28381244781649e-05,0.0
1737753180.0,2.28381244781649e-05,2.28381244781649e-05,2.28381244781649e-05,2.28381244781649e-05,0.0
1737753240.0,2.28381244781649e-05,2.28381244781649e-05,2.28381244781649e-05,2.28381244781649e-05,0.0
1737753300.0,2.28381244781649e-05,2.28381244781649e-05,2.28381244781649e-05,2.28381244781649e-05,0.0
1737753360.0,2.28381244781649e-05,2.28381244781649e-05,2.28381244781649e-05,2.28381244781649e-05,0.0
1737753420.0,2.28381244781649e-05,2.28381244781649e-05,2.28381244781649e-05,2.28381244781649e-05,0.0
1737753480.0,2.28381244781649e-05,2.28977722252982e-05,2.28381244781649e-05,2.28977722252982e-05,25.4884905
1737753540.0,2.28977722252982e-05,2.28977722252982e-05,2.28977722252982e-05,2.28977722252982e-05,0.0
1737753600.0,2.28977722252982e-05,2.28977722252982e-05,2.28977722252982e-05,2.28977722252982e-05,0.0
1737753660.0,2.28977722252982e-05,2.2970165128307e-05,2.28977722252982e-05,2.2970165128307e-05,5.0980947
1737753720.0,2.2970165128307e-05,2.2970165128307e-05,2.2970165128307e-05,2.2970165128307e-05,0.0
1737753780.0,2.2970165128307e-05,2.2970165128307e-05,2.28279481986877e-05,2.28279481986877e-05,27.8965633593
1737753840.0,2.28279481986877e-05,2.60152769678989e-05,2.28279481986877e-05,2.49789618535498e-05,1333.78071870033
1737753900.0,2.49789618535498e-05,2.49789618535498e-05,2.32284249791457e-05,2.32284249791457e-05,183.94680965375
1737753960.0,2.32284249791457e-05,2.32284249791457e-05,2.32284249791457e-05,2.32284249791457e-05,0.0
1737754020.0,2.32284249791457e-05,2.32284249791457e-05,2.32284249791457e-05,2.32284249791457e-05,0.0
1737754080.0,2.32284249791457e-05,2.32284249791457e-05,2.14772545563764e-05,2.14772545563764e-05,579.82261314672
1737754140.0,2.14772545563764e-05,2.14772545563764e-05,2.14772545563764e-05,2.14772545563764e-05,0.0
1737754200.0,2.14772545563764e-05,2.14772545563764e-05,2.01894327251603e-05,2.01894327251603e-05,10.59000120558
1737754260.0,2.01894327251603e-05,2.01894327251603e-05,2.01894327251603e-05,2.01894327251603e-05,0.0
1737754320.0,2.01894327251603e-05,2.01894327251603e-05,2.01894327251603e-05,2.01894327251603e-05,0.0
1737754380.0,2.01894327251603e-05,2.01894327251603e-05,2.01894327251603e-05,2.01894327251603e-05,0.0
1737754440.0,2.01894327251603e-05,2.01894327251603e-05,2.01894327251603e-05,2.01894327251603e-05,0.0
1737754500.0,2.01894327251603e-05,2.01894327251603e-05,2.01894327251603e-05,2.01894327251603e-05,0.0
1737754560.0,2.01894327251603e-05,2.01894327251603e-05,2.01894327251603e-05,2.01894327251603e-05,0.0
1737754620.0,2.01894327251603e-05,2.01894327251603e-05,2.01894327251603e-05,2.01894327251603e-05,0.0
1737754680.0,2.01894327251603e-05,2.01894327251603e-05,2.01894327251603e-05,2.01894327251603e-05,0.0
1737754740.0,2.01894327251603e-05,2.01894327251603e-05,2.01894327251603e-05,2.01894327251603e-05,0.0
1737754800.0,2.01894327251603e-05,2.01989043470805e-05,2.01421961159116e-05,2.01421961159116e-05,26.30406816942
1737754860.0,2.01421961159116e-05,2.01421961159116e-05,2.01421961159116e-05,2.01421961159116e-05,0.0
1737754920.0,2.01421961159116e-05,2.01421961159116e-05,2.01421961159116e-05,2.01421961159116e-05,0.0
1737754980.0,2.01421961159116e-05,2.01421961159116e-05,2.01421961159116e-05,2.01421961159116e-05,0.0
1737755040.0,2.01421961159116e-05,2.01421961159116e-05,2.00117081514208e-05,2.00117081514208e-05,25.93239325068
1737755100.0,2.00117081514208e-05,2.00117081514208e-05,2.00117081514208e-05,2.00117081514208e-05,0.0
1737755160.0,2.00117081514208e-05,2.00117081514208e-05,2.00117081514208e-05,2.00117081514208e-05,0.0
1737755220.0,2.00117081514208e-05,2.00117081514208e-05,2.00117081514208e-05,2.00117081514208e-05,0.0
1737755280.0,2.00117081514208e-05,2.00117081514208e-05,2.00117081514208e-05,2.00117081514208e-05,0.0
1737755340.0,2.00117081514208e-05,2.00117081514208e-05,2.00117081514208e-05,2.00117081514208e-05,0.0
1737755400.0,2.00117081514208e-05,2.00117081514208e-05,2.00117081514208e-05,2.00117081514208e-05,0.0
1737755460.0,2.00117081514208e-05,2.00117081514208e-05,2.00117081514208e-05,2.00117081514208e-05,0.0
1737755520.0,2.00117081514208e-05,2.00117081514208e-05,2.00117081514208e-05,2.00117081514208e-05,0.0
1737755580.0,2.00117081514208e-05,2.00117081514208e-05,2.00117081514208e-05,2.00117081514208e-05,0.0
1737755640.0,2.00117081514208e-05,2.00117081514208e-05,2.00117081514208e-05,2.00117081514208e-05,0.0
1737755700.0,2.00117081514208e-05,2.00117081514208e-05,2.00117081514208e-05,2.00117081514208e-05,0.0
1737755760.0,2.00117081514208e-05,2.00117081514208e-05,2.00117081514208e-05,2.00117081514208e-05,0.0
1737755820.0,2.00117081514208e-05,2.00117081514208e-05,2.00117081514208e-05,2.00117081514208e-05,0.0
1737755880.0,2.00117081514208e-05,2.00117081514208e-05,2.00117081514208e-05,2.00117081514208e-05,0.0
1737755940.0,2.00117081514208e-05,2.13913472551764e-05,2.00117081514208e-05,2.1292041289609e-05,1246.69065792952
1737756000.0,2.1292041289609e-05,2.1292041289609e-05,2.1292041289609e-05,2.1292041289609e-05,0.0
1737756060.0,2.1292041289609e-05,2.1292041289609e-05,2.1292041289609e-05,2.1292041289609e-05,0.0
1737756120.0,2.1292041289609e-05,2.1292041289609e-05,2.1292041289609e-05,2.1292041289609e-05,0.0
1737756180.0,2.1292041289609e-05,2.1292041289609e-05,2.1292041289609e-05,2.1292041289609e-05,0.0
1737756240.0,2.1292041289609e-05,2.1292041289609e-05,1.97268286695255e-05,1.97268286695255e-05,90.65317555968
1737756300.0,1.97268286695255e-05,1.97268286695255e-05,1.97268286695255e-05,1.97268286695255e-05,0.0
1737756360.0,1.97268286695255e-05,1.97268286695255e-05,1.97268286695255e-05,1.97268286695255e-05,0.0
1737756420.0,1.97268286695255e-05,1.97268286695255e-05,1.97268286695255e-05,1.97268286695255e-05,0.0
1737756480.0,1.97268286695255e-05,1.97268286695255e-05,1.97268286695255e-05,1.97268286695255e-05,0.0
1737756540.0,1.97268286695255e-05,1.97268286695255e-05,1.97268286695255e-05,1.97268286695255e-05,0.0
1737756600.0,1.97268286695255e-05,1.97268286695255e-05,1.97268286695255e-05,1.97268286695255e-05,0.0
1737756660.0,1.97268286695255e-05,1.97268286695255e-05,1.97268286695255e-05,1.97268286695255e-05,0.0
1737756720.0,1.97268286695255e-05,1.97268286695255e-05,1.97268286695255e-05,1.97268286695255e-05,0.0
1737756780.0,1.97268286695255e-05,1.97268286695255e-05,1.97268286695255e-05,1.97268286695255e-05,0.0
1737756840.0,1.97268286695255e-05,1.97268286695255e-05,1.97268286695255e-05,1.97268286695255e-05,0.0
1737756900.0,1.97268286695255e-05,1.97268286695255e-05,1.97268286695255e-05,1.97268286695255e-05,0.0
1737756960.0,1.97268286695255e-05,1.97268286695255e-05,1.97268286695255e-05,1.97268286695255e-05,0.0
1737757020.0,1.97268286695255e-05,1.97268286695255e-05,1.97268286695255e-05,1.97268286695255e-05,0.0
1737757080.0,1.97268286695255e-05,1.97268286695255e-05,1.91672822613115e-05,1.91672822613115e-05,122.5990385098
1737757140.0,1.91672822613115e-05,1.91672822613115e-05,1.91672822613115e-05,1.91672822613115e-05,0.0
1737757200.0,1.91672822613115e-05,1.91672822613115e-05,1.91672822613115e-05,1.91672822613115e-05,0.0
1737757260.0,1.91672822613115e-05,1.91672822613115e-05,1.91672822613115e-05,1.91672822613115e-05,0.0
1737757320.0,1.91672822613115e-05,1.91672822613115e-05,1.91672822613115e-05,1.91672822613115e-05,0.0
1737757380.0,1.91672822613115e-05,1.91672822613115e-05,1.91672822613115e-05,1.91672822613115e-05,0.0
1737757440.0,1.91672822613115e-05,1.91672822613115e-05,1.91672822613115e-05,1.91672822613115e-05,0.0
1737757500.0,1.91672822613115e-05,1.91672822613115e-05,1.91672822613115e-05,1.91672822613115e-05,0.0
1737757560.0,1.91672822613115e-05,1.91672822613115e-05,1.91672822613115e-05,1.91672822613115e-05,0.0
1737757620.0,1.91672822613115e-05,1.91672822613115e-05,1.91672822613115e-05,1.91672822613115e-05,0.0
1737757680.0,1.91672822613115e-05,1.91672822613115e-05,1.91672822613115e-05,1.91672822613115e-05,0.0
1737757740.0,1.91672822613115e-05,1.91672822613115e-05,1.91672822613115e-05,1.91672822613115e-05,0.0
1737757800.0,1.91672822613115e-05,1.91672822613115e-05,1.91672822613115e-05,1.91672822613115e-05,0.0
1737757860.0,1.91672822613115e-05,1.91672822613115e-05,1.91672822613115e-05,1.91672822613115e-05,0.0
1737757920.0,1.91672822613115e-05,1.91672822613115e-05,1.91672822613115e-05,1.91672822613115e-05,0.0
1737757980.0,1.91672822613115e-05,1.91672822613115e-05,1.88969178113378e-05,1.88969178113378e-05,3.3451459694
1737758040.0,1.88969178113378e-05,1.88969178113378e-05,1.88969178113378e-05,1.88969178113378e-05,0.0
1737758100.0,1.88969178113378e-05,1.88969178113378e-05,1.88969178113378e-05,1.88969178113378e-05,0.0
1737758160.0,1.88969178113378e-05,1.88969178113378e-05,1.88969178113378e-05,1.88969178113378e-05,0.0
1737758220.0,1.88969178113378e-05,1.88969178113378e-05,1.88969178113378e-05,1.88969178113378e-05,0.0
1737758280.0,1.88969178113378e-05,1.88969178113378e-05,1.88969178113378e-05,1.88969178113378e-05,0.0
1737758340.0,1.88969178113378e-05,1.88969178113378e-05,1.88969178113378e-05,1.88969178113378e-05,0.0
1737758400.0,1.88969178113378e-05,1.88969178113378e-05,1.88969178113378e-05,1.88969178113378e-05,0.0
1737758460.0,1.88969178113378e-05,1.88969178113378e-05,1.88969178113378e-05,1.88969178113378e-05,0.0
1737758520.0,1.88969178113378e-05,1.88969178113378e-05,1.88969178113378e-05,1.88969178113378e-05,0.0
1737758580.0,1.88969178113378e-05,1.88969178113378e-05,1.79976173626016e-05,1.79976173626016e-05,226.17060126172
1737758640.0,1.79976173626016e-05,1.79976173626016e-05,1.79976173626016e-05,1.79976173626016e-05,0.0
1737758700.0,1.79976173626016e-05,1.79976173626016e-05,1.79976173626016e-05,1.79976173626016e-05,0.0
1737758760.0,1.79976173626016e-05,1.79976173626016e-05,1.79976173626016e-05,1.79976173626016e-05,0.0
1737758820.0,1.79976173626016e-05,1.79976173626016e-05,1.79976173626016e-05,1.79976173626016e-05,0.0
1737758880.0,1.79976173626016e-05,1.79976173626016e-05,1.79976173626016e-05,1.79976173626016e-05,0.0
1737758940.0,1.79976173626016e-05,1.79976173626016e-05,1.79976173626016e-05,1.79976173626016e-05,0.0
1737759000.0,1.79976173626016e-05,1.79976173626016e-05,1.79976173626016e-05,1.79976173626016e-05,0.0
1737759060.0,1.79976173626016e-05,1.79976173626016e-05,1.79976173626016e-05,1.79976173626016e-05,0.0
1737759120.0,1.79976173626016e-05,1.79976173626016e-05,1.79976173626016e-05,1.79976173626016e-05,0.0
1737759180.0,1.79976173626016e-05,1.79976173626016e-05,1.79976173626016e-05,1.79976173626016e-05,0.0
1737759240.0,1.79976173626016e-05,1.79976173626016e-05,1.79976173626016e-05,1.79976173626016e-05,0.0
1737759300.0,1.79976173626016e-05,1.79976173626016e-05,1.79976173626016e-05,1.79976173626016e-05,0.0
1737759360.0,1.79976173626016e-05,1.79976173626016e-05,1.79976173626016e-05,1.79976173626016e-05,0.0
1737759420.0,1.79976173626016e-05,1.79976173626016e-05,1.79976173626016e-05,1.79976173626016e-05,0.0
1737759480.0,1.79976173626016e-05,1.79976173626016e-05,1.79976173626016e-05,1.79976173626016e-05,0.0
1737759540.0,1.79976173626016e-05,1.79976173626016e-05,1.79976173626016e-05,1.79976173626016e-05,0.0
1737759600.0,1.79976173626016e-05,1.79976173626016e-05,1.79976173626016e-05,1.79976173626016e-05,0.0
1737759660.0,1.79976173626016e-05,1.79976173626016e-05,1.79976173626016e-05,1.79976173626016e-05,0.0
1737759720.0,1.79976173626016e-05,1.79976173626016e-05,1.79976173626016e-05,1.79976173626016e-05,0.0
1737759780.0,1.79976173626016e-05,1.79976173626016e-05,1.79976173626016e-05,1.79976173626016e-05,0.0
1737759840.0,1.79976173626016e-05,1.79976173626016e-05,1.79976173626016e-05,1.79976173626016e-05,0.0
1737759900.0,1.79976173626016e-05,1.79976173626016e-05,1.79976173626016e-05,1.79976173626016e-05,0.0
1737759960.0,1.79976173626016e-05,1.79976173626016e-05,1.79976173626016e-05,1.79976173626016e-05,0.0
1737760020.0,1.79976173626016e-05,1.79976173626016e-05,1.79976173626016e-05,1.79976173626016e-05,0.0
1737760080.0,1.79976173626016e-05,1.79976173626016e-05,1.79976173626016e-05,1.79976173626016e-05,0.0
1737760140.0,1.79976173626016e-05,1.79976173626016e-05,1.79976173626016e-05,1.79976173626016e-05,0.0
1737760200.0,1.79976173626016e-05,1.79976173626016e-05,1.79976173626016e-05,1.79976173626016e-05,0.0
1737760260.0,1.79976173626016e-05,1.79976173626016e-05,1.79976173626016e-05,1.79976173626016e-05,0.0
1737760320.0,1.79976173626016e-05,1.79976173626016e-05,1.79976173626016e-05,1.79976173626016e-05,0.0
1737760380.0,1.79976173626016e-05,1.79976173626016e-05,1.79976173626016e-05,1.79976173626016e-05,0.0
1737760440.0,1.79976173626016e-05,1.79976173626016e-05,1.79976173626016e-05,1.79976173626016e-05,0.0
1737760500.0,1.79976173626016e-05,1.79976173626016e-05,1.78112893142618e-05,1.78112893142618e-05,0.046084045
1737760560.0,1.78112893142618e-05,1.78112893142618e-05,1.78112893142618e-05,1.78112893142618e-05,0.0
1737760620.0,1.78112893142618e-05,1.78112893142618e-05,1.78112893142618e-05,1.78112893142618e-05,0.0
1737760680.0,1.78112893142618e-05,1.78112893142618e-05,1.78112893142618e-05,1.78112893142618e-05,0.0
1737760740.0,1.78112893142618e-05,1.78112893142618e-05,1.78112893142618e-05,1.78112893142618e-05,0.0
1737760800.0,1.78112893142618e-05,1.78112893142618e-05,1.78112893142618e-05,1.78112893142618e-05,0.0
1737760860.0,1.78112893142618e-05,1.78112893142618e-05,1.78112893142618e-05,1.78112893142618e-05,0.0
1737760920.0,1.78112893142618e-05,1.78112893142618e-05,1.78112893142618e-05,1.78112893142618e-05,0.0
1737760980.0,1.78112893142618e-05,1.78112893142618e-05,1.78112893142618e-05,1.78112893142618e-05,0.0
1737761040.0,1.78112893142618e-05,1.78112893142618e-05,1.78112893142618e-05,1.78112893142618e-05,0.0
1737761100.0,1.78112893142618e-05,1.78112893142618e-05,1.78112893142618e-05,1.78112893142618e-05,0.0
1737761160.0,1.78112893142618e-05,1.78112893142618e-05,1.78112893142618e-05,1.78112893142618e-05,0.0
1737761220.0,1.78112893142618e-05,1.78112893142618e-05,1.78112893142618e-05,1.78112893142618e-05,0.0
1737761280.0,1.78112893142618e-05,1.78112893142618e-05,1.78112893142618e-05,1.78112893142618e-05,0.0
1737761340.0,1.78112893142618e-05,1.78112893142618e-05,1.78112893142618e-05,1.78112893142618e-05,0.0
1737761400.0,1.78112893142618e-05,1.78112893142618e-05,1.78112893142618e-05,1.78112893142618e-05,0.0
1737761460.0,1.78112893142618e-05,1.78112893142618e-05,1.78112893142618e-05,1.78112893142618e-05,0.0
1737761520.0,1.78112893142618e-05,1.78112893142618e-05,1.78112893142618e-05,1.78112893142618e-05,0.0
1737761580.0,1.78112893142618e-05,1.78112893142618e-05,1.78112893142618e-05,1.78112893142618e-05,0.0
1737761640.0,1.78112893142618e-05,1.78112893142618e-05,1.78112893142618e-05,1.78112893142618e-05,0.0
1737761700.0,1.78112893142618e-05,1.78112893142618e-05,1.78112893142618e-05,1.78112893142618e-05,0.0
1737761760.0,1.78112893142618e-05,1.78112893142618e-05,1.78112893142618e-05,1.78112893142618e-05,0.0
1737761820.0,1.78112893142618e-05,1.78112893142618e-05,1.78112893142618e-05,1.78112893142618e-05,0.0
1737761880.0,1.78112893142618e-05,1.78112893142618e-05,1.78112893142618e-05,1.78112893142618e-05,0.0
1737761940.0,1.78112893142618e-05,1.78112893142618e-05,1.78112893142618e-05,1.78112893142618e-05,0.0
1737762000.0,1.78112893142618e-05,1.78112893142618e-05,1.78112893142618e-05,1.78112893142618e-05,0.0
1737762060.0,1.78112893142618e-05,1.78112893142618e-05,1.78112893142618e-05,1.78112893142618e-05,0.0
1737762120.0,1.78112893142618e-05,1.78112893142618e-05,1.77941599020929e-05,1.77941599020929e-05,3.2158734504
1737762180.0,1.77941599020929e-05,1.77941599020929e-05,1.77941599020929e-05,1.77941599020929e-05,0.0
1737762240.0,1.77941599020929e-05,1.77941599020929e-05,1.77941599020929e-05,1.77941599020929e-05,0.0
1737762300.0,1.77941599020929e-05,1.77941599020929e-05,1.77941599020929e-05,1.77941599020929e-05,0.0
1737762360.0,1.77941599020929e-05,1.77941599020929e-05,1.77941599020929e-05,1.77941599020929e-05,0.0
1737762420.0,1.77941599020929e-05,1.77941599020929e-05,1.77941599020929e-05,1.77941599020929e-05,0.0
1737762480.0,1.77941599020929e-05,1.77941599020929e-05,1.77761787121178e-05,1.77761787121178e-05,9.0249314954
1737762540.0,1.77761787121178e-05,1.77761787121178e-05,1.77761787121178e-05,1.77761787121178e-05,0.0
1737762600.0,1.77761787121178e-05,1.77761787121178e-05,1.77761787121178e-05,1.77761787121178e-05,0.0
1737762660.0,1.77761787121178e-05,1.77761787121178e-05,1.77761787121178e-05,1.77761787121178e-05,0.0
1737762720.0,1.77761787121178e-05,1.77761787121178e-05,1.77761787121178e-05,1.77761787121178e-05,0.0
1737762780.0,1.77761787121178e-05,1.77761787121178e-05,1.77761787121178e-05,1.77761787121178e-05,0.0
1737762840.0,1.77761787121178e-05,1.77761787121178e-05,1.77761787121178e-05,1.77761787121178e-05,0.0
1737762900.0,1.77761787121178e-05,1.77761787121178e-05,1.77761787121178e-05,1.77761787121178e-05,0.0
1737762960.0,1.77761787121178e-05,1.77761787121178e-05,1.77761787121178e-05,1.77761787121178e-05,0.0
1737763020.0,1.77761787121178e-05,1.77761787121178e-05,1.77761787121178e-05,1.77761787121178e-05,0.0
1737763080.0,1.77761787121178e-05,1.77761787121178e-05,1.77761787121178e-05,1.77761787121178e-05,0.0
1737763140.0,1.77761787121178e-05,1.77761787121178e-05,1.77761787121178e-05,1.77761787121178e-05,0.0
1737763200.0,1.77761787121178e-05,1.77761787121178e-05,1.77761787121178e-05,1.77761787121178e-05,0.0
1737763260.0,1.77761787121178e-05,1.77761787121178e-05,1.77761787121178e-05,1.77761787121178e-05,0.0
1737763320.0,1.77761787121178e-05,1.77761787121178e-05,1.77761787121178e-05,1.77761787121178e-05,0.0
1737763380.0,1.77761787121178e-05,1.77761787121178e-05,1.77031803258786e-05,1.77031803258786e-05,3.41327724696
1737763440.0,1.77031803258786e-05,1.77031803258786e-05,1.77031803258786e-05,1.77031803258786e-05,0.0
1737763500.0,1.77031803258786e-05,1.77031803258786e-05,1.77031803258786e-05,1.77031803258786e-05,0.0
1737763560.0,1.77031803258786e-05,1.77031803258786e-05,1.77031803258786e-05,1.77031803258786e-05,0.0
1737763620.0,1.77031803258786e-05,1.77031803258786e-05,1.77031803258786e-05,1.77031803258786e-05,0.0
1737763680.0,1.77031803258786e-05,1.77031803258786e-05,1.77031803258786e-05,1.77031803258786e-05,0.0
1737763740.0,1.77031803258786e-05,1.77031803258786e-05,1.77031803258786e-05,1.77031803258786e-05,0.0
1737763800.0,1.77031803258786e-05,1.77031803258786e-05,1.77031803258786e-05,1.77031803258786e-05,0.0
1737763860.0,1.77031803258786e-05,1.77031803258786e-05,1.77031803258786e-05,1.77031803258786e-05,0.0
1737763920.0,1.77031803258786e-05,1.77031803258786e-05,1.77031803258786e-05,1.77031803258786e-05,0.0
1737763980.0,1.77031803258786e-05,1.77031803258786e-05,1.77031803258786e-05,1.77031803258786e-05,0.0
1737764040.0,1.77031803258786e-05,1.77031803258786e-05,1.77031803258786e-05,1.77031803258786e-05,0.0
1737764100.0,1.77031803258786e-05,1.77031803258786e-05,1.77031803258786e-05,1.77031803258786e-05,0.0
1737764160.0,1.77031803258786e-05,1.77031803258786e-05,1.77031803258786e-05,1.77031803258786e-05,0.0
1737764220.0,1.77031803258786e-05,1.77031803258786e-05,1.77031803258786e-05,1.77031803258786e-05,0.0
1737764280.0,1.77031803258786e-05,1.77031803258786e-05,1.77031803258786e-05,1.77031803258786e-05,0.0
1737764340.0,1.77031803258786e-05,1.77031803258786e-05,1.77031803258786e-05,1.77031803258786e-05,0.0
1737764400.0,1.77031803258786e-05,1.77031803258786e-05,1.77031803258786e-05,1.77031803258786e-05,0.0
1737764460.0,1.77031803258786e-05,1.77031803258786e-05,1.77031803258786e-05,1.77031803258786e-05,0.0
1737764520.0,1.77031803258786e-05,1.77031803258786e-05,1.77031803258786e-05,1.77031803258786e-05,0.0
1737764580.0,1.77031803258786e-05,1.77031803258786e-05,1.77031803258786e-05,1.77031803258786e-05,0.0
1737764640.0,1.77031803258786e-05,1.77031803258786e-05,1.77031803258786e-05,1.77031803258786e-05,0.0
1737764700.0,1.77031803258786e-05,1.77031803258786e-05,1.77031803258786e-05,1.77031803258786e-05,0.0
1737764760.0,1.77031803258786e-05,1.77031803258786e-05,1.77031803258786e-05,1.77031803258786e-05,0.0
1737764820.0,1.77031803258786e-05,1.77031803258786e-05,1.77031803258786e-05,1.77031803258786e-05,0.0
1737764880.0,1.77031803258786e-05,1.77031803258786e-05,1.77031803258786e-05,1.77031803258786e-05,0.0
1737764940.0,1.77031803258786e-05,1.77031803258786e-05,1.77031803258786e-05,1.77031803258786e-05,0.0
1737765000.0,1.77031803258786e-05,1.77031803258786e-05,1.77031803258786e-05,1.77031803258786e-05,0.0
1737765060.0,1.77031803258786e-05,1.77031803258786e-05,1.77031803258786e-05,1.77031803258786e-05,0.0
1737765120.0,1.77031803258786e-05,1.77031803258786e-05,1.77031803258786e-05,1.77031803258786e-05,0.0
1737765180.0,1.77031803258786e-05,1.77031803258786e-05,1.77031803258786e-05,1.77031803258786e-05,0.0
1737765240.0,1.77031803258786e-05,1.77031803258786e-05,1.77031803258786e-05,1.77031803258786e-05,0.0
1737765300.0,1.77031803258786e-05,1.77031803258786e-05,1.76631398125425e-05,1.76631398125425e-05,48.72465
1737765360.0,1.76631398125425e-05,1.76631398125425e-05,1.76631398125425e-05,1.76631398125425e-05,0.0
1737765420.0,1.76631398125425e-05,1.76631398125425e-05,1.76631398125425e-05,1.76631398125425e-05,0.0
1737765480.0,1.76631398125425e-05,1.76631398125425e-05,1.76631398125425e-05,1.76631398125425e-05,0.0
1737765540.0,1.76631398125425e-05,1.76631398125425e-05,1.76631398125425e-05,1.76631398125425e-05,0.0
1737765600.0,1.76631398125425e-05,1.76631398125425e-05,1.76631398125425e-05,1.76631398125425e-05,0.0
1737765660.0,1.76631398125425e-05,1.76631398125425e-05,1.76631398125425e-05,1.76631398125425e-05,0.0
1737765720.0,1.76631398125425e-05,1.76631398125425e-05,1.76631398125425e-05,1.76631398125425e-05,0.0
1737765780.0,1.76631398125425e-05,1.76631398125425e-05,1.76631398125425e-05,1.76631398125425e-05,0.0
1737765840.0,1.76631398125425e-05,1.76631398125425e-05,1.76631398125425e-05,1.76631398125425e-05,0.0
1737765900.0,1.76631398125425e-05,1.76631398125425e-05,1.76631398125425e-05,1.76631398125425e-05,0.0
1737765960.0,1.76631398125425e-05,1.76631398125425e-05,1.76631398125425e-05,1.76631398125425e-05,0.0
1737766020.0,1.76631398125425e-05,1.76631398125425e-05,1.76631398125425e-05,1.76631398125425e-05,0.0
1737766080.0,1.76631398125425e-05,1.76631398125425e-05,1.76631398125425e-05,1.76631398125425e-05,0.0
1737766140.0,1.76631398125425e-05,1.76631398125425e-05,1.76631398125425e-05,1.76631398125425e-05,0.0
1737766200.0,1.76631398125425e-05,1.76631398125425e-05,1.76631398125425e-05,1.76631398125425e-05,0.0
1737766260.0,1.76631398125425e-05,1.76631398125425e-05,1.76631398125425e-05,1.76631398125425e-05,0.0
1737766320.0,1.76631398125425e-05,1.76631398125425e-05,1.76114517664282e-05,1.76114517664282e-05,6.0508359714
1737766380.0,1.76114517664282e-05,1.76114517664282e-05,1.76114517664282e-05,1.76114517664282e-05,0.0
1737766440.0,1.76114517664282e-05,1.76114517664282e-05,1.7579043610346e-05,1.7579043610346e-05,3.89618618718
1737766500.0,1.7579043610346e-05,1.7579043610346e-05,1.7579043610346e-05,1.7579043610346e-05,0.0
1737766560.0,1.7579043610346e-05,1.7579043610346e-05,1.7579043610346e-05,1.7579043610346e-05,0.0
1737766620.0,1.7579043610346e-05,1.7579043610346e-05,1.7579043610346e-05,1.7579043610346e-05,0.0
1737766680.0,1.7579043610346e-05,1.7579043610346e-05,1.7579043610346e-05,1.7579043610346e-05,0.0
1737766740.0,1.7579043610346e-05,1.7579043610346e-05,1.7579043610346e-05,1.7579043610346e-05,0.0
1737766800.0,1.7579043610346e-05,1.7579043610346e-05,1.75446091388804e-05,1.75446091388804e-05,0.50296348102
1737766860.0,1.75446091388804e-05,1.75446091388804e-05,1.75446091388804e-05,1.75446091388804e-05,0.0
1737766920.0,1.75446091388804e-05,1.75446091388804e-05,1.75446091388804e-05,1.75446091388804e-05,0.0
1737766980.0,1.75446091388804e-05,1.75446091388804e-05,1.62888686860645e-05,1.70969301781446e-05,404.2922816688
1737767040.0,1.70969301781446e-05,1.70969301781446e-05,1.70969301781446e-05,1.70969301781446e-05,0.0
1737767100.0,1.70969301781446e-05,1.70969301781446e-05,1.70969301781446e-05,1.70969301781446e-05,0.0
1737767160.0,1.70969301781446e-05,1.70969301781446e-05,1.70969301781446e-05,1.70969301781446e-05,0.0
1737767220.0,1.70969301781446e-05,1.70969301781446e-05,1.70969301781446e-05,1.70969301781446e-05,0.0
1737767280.0,1.70969301781446e-05,1.70969301781446e-05,1.70969301781446e-05,1.70969301781446e-05,0.0
1737767340.0,1.70969301781446e-05,1.70969301781446e-05,1.70969301781446e-05,1.70969301781446e-05,0.0
1737767400.0,1.70969301781446e-05,1.70969301781446e-05,1.70969301781446e-05,1.70969301781446e-05,0.0
1737767460.0,1.70969301781446e-05,1.70969301781446e-05,1.70969301781446e-05,1.70969301781446e-05,0.0
1737767520.0,1.70969301781446e-05,1.70969301781446e-05,1.70969301781446e-05,1.70969301781446e-05,0.0
1737767580.0,1.70969301781446e-05,1.70969301781446e-05,1.70969301781446e-05,1.70969301781446e-05,0.0
1737767640.0,1.70969301781446e-05,1.70969301781446e-05,1.70969301781446e-05,1.70969301781446e-05,0.0
1737767700.0,1.70969301781446e-05,1.70969301781446e-05,1.70969301781446e-05,1.70969301781446e-05,0.0
1737767760.0,1.70969301781446e-05,1.70969301781446e-05,1.70969301781446e-05,1.70969301781446e-05,0.0
1737767820.0,1.70969301781446e-05,1.70969301781446e-05,1.70969301781446e-05,1.70969301781446e-05,0.0
1737767880.0,1.70969301781446e-05,1.70969301781446e-05,1.70969301781446e-05,1.70969301781446e-05,0.0
1737767940.0,1.70969301781446e-05,1.70969301781446e-05,1.70969301781446e-05,1.70969301781446e-05,0.0
1737768000.0,1.70969301781446e-05,1.70969301781446e-05,1.51357329e-05,1.51357329e-05,241.50112613755
1737768060.0,1.51357329e-05,1.51357329e-05,1.51357329e-05,1.51357329e-05,0.0
1737768120.0,1.51357329e-05,1.51357329e-05,1.51357329e-05,1.51357329e-05,0.0
1737768180.0,1.51357329e-05,1.51357329e-05,1.51357329e-05,1.51357329e-05,0.0
1737768240.0,1.51357329e-05,1.51357329e-05,1.51357329e-05,1.51357329e-05,0.0
1737768300.0,1.51357329e-05,1.51357329e-05,1.51357329e-05,1.51357329e-05,0.0
1737768360.0,1.51357329e-05,1.51357329e-05,1.51357329e-05,1.51357329e-05,0.0
1737768420.0,1.51357329e-05,1.51357329e-05,1.51357329e-05,1.51357329e-05,0.0
1737768480.0,1.51357329e-05,1.51357329e-05,1.51357329e-05,1.51357329e-05,0.0
1737768540.0,1.51357329e-05,1.51357329e-05,1.51357329e-05,1.51357329e-05,0.0
1737768600.0,1.51357329e-05,1.51769263987098e-05,1.51357329e-05,1.51769263987098e-05,10.5756014864
1737768660.0,1.51769263987098e-05,1.51769263987098e-05,1.51769263987098e-05,1.51769263987098e-05,0.0
1737768720.0,1.51769263987098e-05,1.51769263987098e-05,1.51769263987098e-05,1.51769263987098e-05,0.0
1737768780.0,1.51769263987098e-05,1.51769263987098e-05,1.51769263987098e-05,1.51769263987098e-05,0.0
1737768840.0,1.51769263987098e-05,1.51769263987098e-05,1.51769263987098e-05,1.51769263987098e-05,0.0
1737768900.0,1.51769263987098e-05,1.51769263987098e-05,1.51769263987098e-05,1.51769263987098e-05,0.0
1737768960.0,1.51769263987098e-05,1.51769263987098e-05,1.51769263987098e-05,1.51769263987098e-05,0.0
1737769020.0,1.51769263987098e-05,1.51769263987098e-05,1.51769263987098e-05,1.51769263987098e-05,0.0
1737769080.0,1.51769263987098e-05,1.51769263987098e-05,1.51769263987098e-05,1.51769263987098e-05,0.0
1737769140.0,1.51769263987098e-05,1.51769263987098e-05,1.51769263987098e-05,1.51769263987098e-05,0.0
1737769200.0,1.51769263987098e-05,1.51769263987098e-05,1.51769263987098e-05,1.51769263987098e-05,0.0
1737769260.0,1.51769263987098e-05,1.51769263987098e-05,1.51769263987098e-05,1.51769263987098e-05,0.0
1737769320.0,1.51769263987098e-05,1.51769263987098e-05,1.51769263987098e-05,1.51769263987098e-05,0.0
1737769380.0,1.51769263987098e-05,1.51769263987098e-05,1.51769263987098e-05,1.51769263987098e-05,0.0
1737769440.0,1.51769263987098e-05,1.51769263987098e-05,1.51769263987098e-05,1.51769263987098e-05,0.0
1737769500.0,1.51769263987098e-05,1.51769263987098e-05,1.51769263987098e-05,1.51769263987098e-05,0.0
1737769560.0,1.51769263987098e-05,1.51769263987098e-05,1.51769263987098e-05,1.51769263987098e-05,0.0
1737769620.0,1.51769263987098e-05,1.51769263987098e-05,1.51769263987098e-05,1.51769263987098e-05,0.0
1737769680.0,1.51769263987098e-05,1.51769263987098e-05,1.51769263987098e-05,1.51769263987098e-05,0.0
1737769740.0,1.51769263987098e-05,1.51769263987098e-05,1.51769263987098e-05,1.51769263987098e-05,0.0
1737769800.0,1.51769263987098e-05,1.51769263987098e-05,1.51769263987098e-05,1.51769263987098e-05,0.0
1737769860.0,1.51769263987098e-05,1.51769263987098e-05,1.51769263987098e-05,1.51769263987098e-05,0.0
1737769920.0,1.51769263987098e-05,1.51769263987098e-05,1.51769263987098e-05,1.51769263987098e-05,0.0
1737769980.0,1.51769263987098e-05,1.51769263987098e-05,1.51769263987098e-05,1.51769263987098e-05,0.0
1737770040.0,1.51769263987098e-05,1.51769263987098e-05,1.51769263987098e-05,1.51769263987098e-05,0.0
1737770100.0,1.51769263987098e-05,1.51769263987098e-05,1.51769263987098e-05,1.51769263987098e-05,0.0
1737770160.0,1.51769263987098e-05,1.51769263987098e-05,1.51769263987098e-05,1.51769263987098e-05,0.0
1737770220.0,1.51769263987098e-05,1.51769263987098e-05,1.51769263987098e-05,1.51769263987098e-05,0.0
1737770280.0,1.51769263987098e-05,1.51769263987098e-05,1.51769263987098e-05,1.51769263987098e-05,0.0
1737770340.0,1.51769263987098e-05,1.51769263987098e-05,1.51769263987098e-05,1.51769263987098e-05,0.0
1737770400.0,1.51769263987098e-05,1.51769263987098e-05,1.51769263987098e-05,1.51769263987098e-05,0.0
1737770460.0,1.51769263987098e-05,1.51769263987098e-05,1.51769263987098e-05,1.51769263987098e-05,0.0
1737770520.0,1.51769263987098e-05,1.51769263987098e-05,1.51769263987098e-05,1.51769263987098e-05,0.0
1737770580.0,1.51769263987098e-05,1.51769263987098e-05,1.51769263987098e-05,1.51769263987098e-05,0.0
1737770640.0,1.51769263987098e-05,1.51769263987098e-05,1.51769263987098e-05,1.51769263987098e-05,0.0
1737770700.0,1.51769263987098e-05,1.51769263987098e-05,1.51769263987098e-05,1.51769263987098e-05,0.0
1737770760.0,1.51769263987098e-05,1.51769263987098e-05,1.51769263987098e-05,1.51769263987098e-05,0.0
1737770820.0,1.51769263987098e-05,1.51769263987098e-05,1.51769263987098e-05,1.51769263987098e-05,0.0
1737770880.0,1.51769263987098e-05,1.51769263987098e-05,1.51769263987098e-05,1.51769263987098e-05,0.0
1737770940.0,1.51769263987098e-05,1.51769263987098e-05,1.51769263987098e-05,1.51769263987098e-05,0.0
1737771000.0,1.51769263987098e-05,1.51769263987098e-05,1.51769263987098e-05,1.51769263987098e-05,0.0
1737771060.0,1.51769263987098e-05,1.51769263987098e-05,1.51769263987098e-05,1.51769263987098e-05,0.0
1737771120.0,1.51769263987098e-05,1.51769263987098e-05,1.51769263987098e-05,1.51769263987098e-05,0.0
1737771180.0,1.51769263987098e-05,1.51769263987098e-05,1.51769263987098e-05,1.51769263987098e-05,0.0
1737771240.0,1.51769263987098e-05,1.51769263987098e-05,1.51769263987098e-05,1.51769263987098e-05,0.0
1737771300.0,1.51769263987098e-05,1.51769263987098e-05,1.51769263987098e-05,1.51769263987098e-05,0.0
1737771360.0,1.51769263987098e-05,1.51769263987098e-05,1.51769263987098e-05,1.51769263987098e-05,0.0
1737771420.0,1.51769263987098e-05,1.51769263987098e-05,1.51769263987098e-05,1.51769263987098e-05,0.0
1737771480.0,1.51769263987098e-05,1.51769263987098e-05,1.51769263987098e-05,1.51769263987098e-05,0.0
1737771540.0,1.51769263987098e-05,1.51769263987098e-05,1.51769263987098e-05,1.51769263987098e-05,0.0
1737771600.0,1.51769263987098e-05,1.51769263987098e-05,1.51769263987098e-05,1.51769263987098e-05,0.0
1737771660.0,1.51769263987098e-05,1.51769263987098e-05,1.51769263987098e-05,1.51769263987098e-05,0.0
1737771720.0,1.51769263987098e-05,1.51769263987098e-05,1.51769263987098e-05,1.51769263987098e-05,0.0
1737771780.0,1.51769263987098e-05,1.51769263987098e-05,1.51769263987098e-05,1.51769263987098e-05,0.0
1737771840.0,1.51769263987098e-05,1.51769263987098e-05,1.51769263987098e-05,1.51769263987098e-05,0.0
1737771900.0,1.51769263987098e-05,1.51769263987098e-05,1.51769263987098e-05,1.51769263987098e-05,0.0
1737771960.0,1.51769263987098e-05,1.51769263987098e-05,1.51769263987098e-05,1.51769263987098e-05,0.0
1737772020.0,1.51769263987098e-05,1.51769263987098e-05,1.51769263987098e-05,1.51769263987098e-05,0.0
1737772080.0,1.51769263987098e-05,1.51769263987098e-05,1.51769263987098e-05,1.51769263987098e-05,0.0
1737772140.0,1.51769263987098e-05,1.51769263987098e-05,1.51769263987098e-05,1.51769263987098e-05,0.0
1737772200.0,1.51769263987098e-05,1.51769263987098e-05,1.5134940050477e-05,1.5134940050477e-05,1.42189135488
1737772260.0,1.5134940050477e-05,1.5134940050477e-05,1.5134940050477e-05,1.5134940050477e-05,0.0
1737772320.0,1.5134940050477e-05,1.5134940050477e-05,1.5134940050477e-05,1.5134940050477e-05,0.0
1737772380.0,1.5134940050477e-05,1.5134940050477e-05,1.5134940050477e-05,1.5134940050477e-05,0.0
1737772440.0,1.5134940050477e-05,1.5134940050477e-05,1.5134940050477e-05,1.5134940050477e-05,0.0
1737772500.0,1.5134940050477e-05,1.5134940050477e-05,1.5134940050477e-05,1.5134940050477e-05,0.0
1737772560.0,1.5134940050477e-05,1.5134940050477e-05,1.5134940050477e-05,1.5134940050477e-05,0.0
1737772620.0,1.5134940050477e-05,1.5134940050477e-05,1.4522869375947e-05,1.4522869375947e-05,172.69570712816
1737772680.0,1.4522869375947e-05,1.4522869375947e-05,1.4522869375947e-05,1.4522869375947e-05,0.0
1737772740.0,1.4522869375947e-05,1.4522869375947e-05,1.4522869375947e-05,1.4522869375947e-05,0.0
1737772800.0,1.4522869375947e-05,1.4522869375947e-05,1.4522869375947e-05,1.4522869375947e-05,0.0
1737772860.0,1.4522869375947e-05,1.4522869375947e-05,1.4522869375947e-05,1.4522869375947e-05,0.0
1737772920.0,1.4522869375947e-05,1.4522869375947e-05,1.4522869375947e-05,1.4522869375947e-05,0.0
1737772980.0,1.4522869375947e-05,1.4522869375947e-05,1.4522869375947e-05,1.4522869375947e-05,0.0
1737773040.0,1.4522869375947e-05,1.4522869375947e-05,1.4522869375947e-05,1.4522869375947e-05,0.0
1737773100.0,1.4522869375947e-05,1.4522869375947e-05,1.4522869375947e-05,1.4522869375947e-05,0.0
1737773160.0,1.4522869375947e-05,1.4522869375947e-05,1.4522869375947e-05,1.4522869375947e-05,0.0
1737773220.0,1.4522869375947e-05,1.4522869375947e-05,1.4522869375947e-05,1.4522869375947e-05,0.0
1737773280.0,1.4522869375947e-05,1.4522869375947e-05,1.41339146370811e-05,1.41339146370811e-05,148.70408090552
1737773340.0,1.41339146370811e-05,1.41339146370811e-05,1.41339146370811e-05,1.41339146370811e-05,0.0
1737773400.0,1.41339146370811e-05,1.41339146370811e-05,1.41339146370811e-05,1.41339146370811e-05,0.0
1737773460.0,1.41339146370811e-05,1.41339146370811e-05,1.41339146370811e-05,1.41339146370811e-05,0.0
1737773520.0,1.41339146370811e-05,1.41339146370811e-05,1.41339146370811e-05,1.41339146370811e-05,0.0
1737773580.0,1.41339146370811e-05,1.41339146370811e-05,1.41339146370811e-05,1.41339146370811e-05,0.0
1737773640.0,1.41339146370811e-05,1.41339146370811e-05,1.41339146370811e-05,1.41339146370811e-05,0.0
1737773700.0,1.41339146370811e-05,1.41339146370811e-05,1.41339146370811e-05,1.41339146370811e-05,0.0
1737773760.0,1.41339146370811e-05,1.41339146370811e-05,1.41339146370811e-05,1.41339146370811e-05,0.0
1737773820.0,1.41339146370811e-05,1.41339146370811e-05,1.41339146370811e-05,1.41339146370811e-05,0.0
1737773880.0,1.41339146370811e-05,1.41339146370811e-05,1.41339146370811e-05,1.41339146370811e-05,0.0
1737773940.0,1.41339146370811e-05,1.41339146370811e-05,1.41339146370811e-05,1.41339146370811e-05,0.0
1737774000.0,1.41339146370811e-05,1.41339146370811e-05,1.41339146370811e-05,1.41339146370811e-05,0.0
1737774060.0,1.41339146370811e-05,1.41339146370811e-05,1.41339146370811e-05,1.41339146370811e-05,0.0
1737774120.0,1.41339146370811e-05,1.41339146370811e-05,1.41339146370811e-05,1.41339146370811e-05,0.0
1737774180.0,1.41339146370811e-05,1.41339146370811e-05,1.41339146370811e-05,1.41339146370811e-05,0.0
1737774240.0,1.41339146370811e-05,1.41339146370811e-05,1.41339146370811e-05,1.41339146370811e-05,0.0
1737774300.0,1.41339146370811e-05,1.41339146370811e-05,1.41339146370811e-05,1.41339146370811e-05,0.0
