0,1,2,3,4,5
1735708140,7.340694128857e-05,7.42751070803991e-05,7.340694128857e-05,7.42751070803991e-05,187.67112
1735708080,7.40573074441301e-05,7.41011385514271e-05,7.340694128857e-05,7.340694128857e-05,87.3639932296
1735708020,7.36745626203217e-05,7.40573074441301e-05,7.36745626203217e-05,7.40573074441301e-05,4.96821289822
1735707900,7.37406125466455e-05,7.37406125466455e-05,7.36745626203217e-05,7.36745626203217e-05,6.7253475328
1735707840,7.2368538776087e-05,7.37406125466455e-05,7.2368538776087e-05,7.37406125466455e-05,10.08149495321
1735707780,7.12860658787468e-05,7.41885613405148e-05,7.12860658787468e-05,7.2368538776087e-05,413.44854951487
1735707720,6.97417818911752e-05,7.39111414670308e-05,6.97417818911752e-05,7.12860658787468e-05,1036.00114117609
1735707600,6.95479588958982e-05,6.97417818911752e-05,6.95479588958982e-05,6.97417818911752e-05,37.822
1735707540,6.91419474109302e-05,6.95479588958982e-05,6.91419474109302e-05,6.95479588958982e-05,16.80854438875
1735707480,6.99679125444827e-05,6.99679125444827e-05,6.91419474109302e-05,6.91419474109302e-05,3.62806992575
1735707420,7.09083082429092e-05,7.10737676727389e-05,6.99679125444827e-05,6.99679125444827e-05,203.441885262
1735707300,7.08776252539106e-05,7.09083082429092e-05,7.08776252539106e-05,7.09083082429092e-05,16.88236965
1735707240,7.34128843225843e-05,7.34128843225843e-05,7.08776252539106e-05,7.08776252539106e-05,323.57551401653
1735707180,7.33561177320301e-05,7.34128843225843e-05,7.33561177320301e-05,7.34128843225843e-05,0.3826799681
1735707120,7.61155466716471e-05,7.61155466716471e-05,7.33561177320301e-05,7.33561177320301e-05,469.27711820708
1735706940,7.63723396198542e-05,7.63723396198542e-05,7.61155466716471e-05,7.61155466716471e-05,7.00746789888
1735706820,7.43897710668616e-05,7.63723396198542e-05,7.43897710668616e-05,7.63723396198542e-05,41.26483614624
1735706760,7.19973332383508e-05,7.43897710668616e-05,7.19973332383508e-05,7.43897710668616e-05,397.298
1735706700,7.25438560109499e-05,7.25438560109499e-05,7.19973332383508e-05,7.19973332383508e-05,102.89979912172
1735706640,7.06830329275095e-05,7.48437311532882e-05,7.06830329275095e-05,7.25438560109499e-05,899.00650035824
1735706400,7.03105232309665e-05,7.06830329275095e-05,7.03105232309665e-05,7.06830329275095e-05,5.20818855752
1735706280,6.98255749959657e-05,7.03105232309665e-05,6.98255749959657e-05,7.03105232309665e-05,74.8989991694
1735706220,7.04567927425711e-05,7.04567927425711e-05,6.98255749959657e-05,6.98255749959657e-05,43.97361327546
1735706160,7.01806147477393e-05,7.04567927425711e-05,7.01806147477393e-05,7.04567927425711e-05,4.95357650892
1735706100,7.05379414367325e-05,7.05379414367325e-05,7.01806147477393e-05,7.01806147477393e-05,9.39648852558
1735706040,7.01908318246864e-05,7.05379414367325e-05,7.01908318246864e-05,7.05379414367325e-05,9.91447687524
1735705860,7.03949039354968e-05,7.03949039354968e-05,7.01908318246864e-05,7.01908318246864e-05,5.26447942587
1735705800,7.01735340880549e-05,7.03949039354968e-05,7.01735340880549e-05,7.03949039354968e-05,39.6599998169
1735705740,7.39853821228025e-05,7.39853821228025e-05,6.99321682161717e-05,7.01735340880549e-05,553.2894983921
1735705680,7.22202856702367e-05,7.44130995221805e-05,7.22202856702367e-05,7.39853821228025e-05,15.11069363628
1735705620,6.96773120538814e-05,7.22202856702367e-05,6.96773120538814e-05,7.22202856702367e-05,479.4446518128
1735705560,6.7355539823353e-05,7.25682537068158e-05,6.7355539823353e-05,6.96773120538814e-05,783.76611036189
1735705500,6.53540693030589e-05,6.7355539823353e-05,6.53540693030589e-05,6.7355539823353e-05,369.89896491621
1735705320,6.50504216809543e-05,6.53540693030589e-05,6.50504216809543e-05,6.53540693030589e-05,14.8772049408
1735705140,6.34623630976521e-05,6.50504216809543e-05,6.34623630976521e-05,6.50504216809543e-05,27.13304072745
1735705080,6.12167994388719e-05,6.34623630976521e-05,6.12167994388719e-05,6.34623630976521e-05,470.1693
1735705020,6.01283281815082e-05,6.12167994388719e-05,6.01283281815082e-05,6.12167994388719e-05,62.5944
1735704960,5.90702259398892e-05,6.01283281815082e-05,5.90702259398892e-05,6.01283281815082e-05,195.5801172
1735704900,5.86177475464224e-05,5.90702259398892e-05,5.86177475464224e-05,5.90702259398892e-05,56.889
1735704660,5.88550747020158e-05,5.88550747020158e-05,5.86177475464224e-05,5.86177475464224e-05,7.17061563696
1735704600,5.86944277062289e-05,5.88550747020158e-05,5.86944277062289e-05,5.88550747020158e-05,21.67362987945
1735704360,5.65899374858697e-05,5.86944277062289e-05,5.65899374858697e-05,5.86944277062289e-05,192.77331045801
1735704300,5.24177703655509e-05,5.65899374858697e-05,5.24177703655509e-05,5.65899374858697e-05,607.552
1735704120,5.22739135805691e-05,5.24177703655509e-05,5.22739135805691e-05,5.24177703655509e-05,1.026216
1735704060,5.28011028959949e-05,5.28011028959949e-05,5.18879508270808e-05,5.22739135805691e-05,43.61192149258
1735704000,5.3903597882339e-05,5.3903597882339e-05,5.28011028959949e-05,5.28011028959949e-05,230.59304250736
1735703940,5.44453599432797e-05,5.49702935554524e-05,5.3903597882339e-05,5.3903597882339e-05,376.65403486022
1735703820,5.2231976745342e-05,5.44453599432797e-05,5.2231976745342e-05,5.44453599432797e-05,551.0
1735703760,5.14329468597445e-05,5.2231976745342e-05,5.14329468597445e-05,5.2231976745342e-05,18.811881
1735703700,5.16017957308421e-05,5.16017957308421e-05,5.14329468597445e-05,5.14329468597445e-05,188.13861369018
1735703400,5.29205630762796e-05,5.29205630762796e-05,5.16017957308421e-05,5.16017957308421e-05,309.61833185954
1735703280,5.31664813936465e-05,5.31664813936465e-05,5.29205630762796e-05,5.29205630762796e-05,16.70252351532
1735702980,5.33764003163753e-05,5.35392832080366e-05,5.31664813936465e-05,5.31664813936465e-05,36.80860745988
1735702920,5.35846124155877e-05,5.35846124155877e-05,5.33764003163753e-05,5.33764003163753e-05,31.53200852
1735702800,5.37831903050302e-05,5.37831903050302e-05,5.35846124155877e-05,5.35846124155877e-05,18.58807456254
1735702680,5.34606420792682e-05,5.37831903050302e-05,5.33983068217801e-05,5.37831903050302e-05,38.72940717213
1735702620,5.35925814485522e-05,5.35925814485522e-05,5.34606420792682e-05,5.34606420792682e-05,12.08723639054
1735702560,5.39283607198612e-05,5.39283607198612e-05,5.35925814485522e-05,5.35925814485522e-05,18.6030967311
1735702500,5.3907029208103e-05,5.39283607198612e-05,5.3907029208103e-05,5.39283607198612e-05,5.28338622
1735702440,5.44755916201007e-05,5.44755916201007e-05,5.3907029208103e-05,5.3907029208103e-05,80.77692532416
1735702380,5.43742492605607e-05,5.44755916201007e-05,5.43742492605607e-05,5.44755916201007e-05,19.032
1735702320,5.41156132507175e-05,5.43742492605607e-05,5.41156132507175e-05,5.43742492605607e-05,9.437097
1735702260,5.43443045546526e-05,5.43977155328543e-05,5.41156132507175e-05,5.41156132507175e-05,3.98231783997
1735702200,5.37801514274066e-05,5.43443045546526e-05,5.37801514274066e-05,5.43443045546526e-05,134.4051594116
1735702140,5.39153744657109e-05,5.41872265993416e-05,5.37801514274066e-05,5.37801514274066e-05,52.00755130291
1735702080,5.40072817118123e-05,5.42559643076675e-05,5.39153744657109e-05,5.39153744657109e-05,28.6458504369
1735702020,5.40089453108513e-05,5.42867481482357e-05,5.40072817118123e-05,5.40072817118123e-05,48.79127212123
1735701960,5.44615550969698e-05,5.44804300229903e-05,5.40089453108513e-05,5.40089453108513e-05,117.77249633244
1735701900,5.83065785850779e-05,5.83065785850779e-05,5.44615550969698e-05,5.44615550969698e-05,50.86775620732
1735701840,6.27267727374592e-05,6.27267727374592e-05,5.83065785850779e-05,5.83065785850779e-05,995.3460409056
1735701780,6.23659426172385e-05,6.27267727374592e-05,6.23570289245882e-05,6.27267727374592e-05,30.63149601381
1735701720,5.86080257156594e-05,6.23659426172385e-05,5.86080257156594e-05,6.23659426172385e-05,491.88247134804
1735701660,5.80660014886006e-05,5.86080257156594e-05,5.80660014886006e-05,5.86080257156594e-05,68.42779435804
1735701600,5.79594275497464e-05,5.80660014886006e-05,5.78465338426778e-05,5.80660014886006e-05,24.427353672
1735701540,5.8500118463977e-05,5.8500118463977e-05,5.79594275497464e-05,5.79594275497464e-05,25.6692754161
1735701420,5.88539877179364e-05,5.88539877179364e-05,5.8500118463977e-05,5.8500118463977e-05,75.919585217
1735701360,5.90541639341894e-05,5.90541639341894e-05,5.88539877179364e-05,5.88539877179364e-05,13.18254317896
1735701240,5.93781240855206e-05,5.93781240855206e-05,5.90541639341894e-05,5.90541639341894e-05,40.4598188907
1735701180,5.96031560207901e-05,5.96031560207901e-05,5.93781240855206e-05,5.93781240855206e-05,24.73803311153
1735701120,5.9681768698311e-05,5.99424717479531e-05,5.96031560207901e-05,5.96031560207901e-05,47.06808518765
1735701060,5.9815433604182e-05,5.9815433604182e-05,5.9681768698311e-05,5.9681768698311e-05,27.55445357844
1735701000,6.00533159050047e-05,6.01352334478e-05,5.9815433604182e-05,5.9815433604182e-05,7.69124018229
1735700940,5.92060273122715e-05,6.00533159050047e-05,5.92060273122715e-05,6.00533159050047e-05,78.65796461022
1735700820,5.67645304700897e-05,5.9411629423826e-05,5.67645304700897e-05,5.92060273122715e-05,123.01613990784
1735700760,5.63554720420797e-05,5.77190356931396e-05,5.61573482485826e-05,5.67645304700897e-05,294.26842768129
1735700700,5.61564402444973e-05,5.63554720420797e-05,5.61564402444973e-05,5.63554720420797e-05,32.194005
1735700580,5.11652083312961e-05,5.61564402444973e-05,5.11652083312961e-05,5.61564402444973e-05,645.45203377078
1735700520,5.11070061141014e-05,5.13259802552876e-05,5.10180239572105e-05,5.11652083312961e-05,93.66480468
1735700460,5.14207365316689e-05,5.14207365316689e-05,5.11070061141014e-05,5.11070061141014e-05,61.9829075025
1735700400,5.69891245814835e-05,5.69891245814835e-05,5.14207365316689e-05,5.14207365316689e-05,615.26695720884
1735700340,5.78030088127287e-05,5.78030088127287e-05,5.69891245814835e-05,5.69891245814835e-05,185.6654411915
1735700280,6.05172818197695e-05,6.05172818197695e-05,5.78030088127287e-05,5.78030088127287e-05,17.00570482962
1735700220,5.94438382165471e-05,6.05172818197695e-05,5.82225594174652e-05,6.05172818197695e-05,1027.654205659
1735700160,5.90807408110728e-05,5.94438382165471e-05,5.90807408110728e-05,5.94438382165471e-05,49.90499025195
1735700100,5.87550131439517e-05,5.90807408110728e-05,5.84526753881169e-05,5.90807408110728e-05,186.370408857
1735700040,5.87828436408121e-05,5.87828436408121e-05,5.87550131439517e-05,5.87550131439517e-05,2.30553845405
1735699980,5.89142383269432e-05,5.89142383269432e-05,5.87828436408121e-05,5.87828436408121e-05,11.73319897915
1735699920,5.89439146418184e-05,5.89439146418184e-05,5.89142383269432e-05,5.89142383269432e-05,20.39545099125
1735699740,6.14961311416806e-05,6.14961311416806e-05,5.89439146418184e-05,5.89439146418184e-05,308.99397201981
1735699680,6.22004928610995e-05,6.22004928610995e-05,6.14961311416806e-05,6.14961311416806e-05,69.42618726786
1735699560,6.17868665058755e-05,6.22004928610995e-05,6.17868665058755e-05,6.22004928610995e-05,35.658464592
1735699500,6.18948281414979e-05,6.18948281414979e-05,6.17868665058755e-05,6.17868665058755e-05,11.08907892352
1735699380,6.16858884642843e-05,6.18948281414979e-05,6.16858884642843e-05,6.18948281414979e-05,49.57499989976
1735699320,6.20243216404556e-05,6.20243216404556e-05,6.16858884642843e-05,6.16858884642843e-05,73.10288009424
1735699200,6.22069063155698e-05,6.22069063155698e-05,6.20243216404556e-05,6.20243216404556e-05,13.93344915951
1735699140,6.23765514751137e-05,6.23765514751137e-05,6.22069063155698e-05,6.22069063155698e-05,33.80057318596
1735699080,6.60065056426475e-05,6.60065056426475e-05,6.23765514751137e-05,6.23765514751137e-05,370.24329372821
1735699020,6.67825882805396e-05,6.67825882805396e-05,6.60065056426475e-05,6.60065056426475e-05,115.43130337176
1735698960,6.6573490131668e-05,6.67825882805396e-05,6.6573490131668e-05,6.67825882805396e-05,9.5235
1735698900,6.7013540134888e-05,6.7013540134888e-05,6.6573490131668e-05,6.6573490131668e-05,41.02535465265
1735698840,6.76131845255726e-05,6.76131845255726e-05,6.7013540134888e-05,6.7013540134888e-05,58.3627480182
1735698720,6.79902330178308e-05,6.79902330178308e-05,6.76131845255726e-05,6.76131845255726e-05,87.2447929392
1735698660,6.8001522973625e-05,6.8001522973625e-05,6.79902330178308e-05,6.79902330178308e-05,1.93732286109
1735698600,6.82872921065827e-05,6.82872921065827e-05,6.8001522973625e-05,6.8001522973625e-05,5.44012183789
1735698420,6.86014091180386e-05,6.86014091180386e-05,6.82872921065827e-05,6.82872921065827e-05,54.08703134037
1735698360,6.88208197711018e-05,6.88208197711018e-05,6.86014091180386e-05,6.86014091180386e-05,10.87098530306
1735698240,6.90221536297644e-05,6.90221536297644e-05,6.88208197711018e-05,6.88208197711018e-05,33.4991890576
1735698060,6.85014721292382e-05,6.90221536297644e-05,6.85014721292382e-05,6.90221536297644e-05,76.212
1735697940,6.8761822316518e-05,6.89510952451859e-05,6.85014721292382e-05,6.85014721292382e-05,60.95257658034
1735697880,6.85908922449604e-05,6.8761822316518e-05,6.85908922449604e-05,6.8761822316518e-05,26.62420648178
1735697820,6.8611521086321e-05,6.8611521086321e-05,6.82433423253005e-05,6.85908922449604e-05,32.86754351605
1735697760,6.58344413805924e-05,6.8611521086321e-05,6.58344413805924e-05,6.8611521086321e-05,450.2320836297
1735697700,6.4627389453e-05,6.58344413805924e-05,6.4627389453e-05,6.58344413805924e-05,104.93060813319
1735697640,6.46398035122323e-05,6.46398035122323e-05,6.4627389453e-05,6.4627389453e-05,2.58509557812
1735697580,6.51857429478104e-05,6.51857429478104e-05,6.46398035122323e-05,6.46398035122323e-05,4.21213891056
1735697520,6.60145765631394e-05,6.60145765631394e-05,6.51857429478104e-05,6.51857429478104e-05,127.4538395872
1735697460,6.58450032290276e-05,6.60145765631394e-05,6.57548289025654e-05,6.60145765631394e-05,61.81467161574
1735697400,6.60218549518727e-05,6.63913610063099e-05,6.58450032290276e-05,6.58450032290276e-05,239.5168898094
1735697340,6.64205985734788e-05,6.64205985734788e-05,6.60218549518727e-05,6.60218549518727e-05,0.6400734119
1735697280,6.88512236369553e-05,6.88512236369553e-05,6.64205985734788e-05,6.64205985734788e-05,244.1790260302
1735697220,6.99102584359977e-05,6.99102584359977e-05,6.88512236369553e-05,6.88512236369553e-05,226.53530283456
1735697160,7.02357964718148e-05,7.02357964718148e-05,6.99102584359977e-05,6.99102584359977e-05,5.46939030504
1735697100,7.05264908387893e-05,7.05264908387893e-05,6.98445359183346e-05,7.02357964718148e-05,21.25096340677
1735697040,7.86737568962309e-05,7.86737568962309e-05,7.05264908387893e-05,7.05264908387893e-05,911.26153202612
1735696980,7.907079712e-05,7.907079712e-05,7.86737568962309e-05,7.86737568962309e-05,82.3628005536
1735696920,7.93359024462034e-05,7.93530936149104e-05,7.907079712e-05,7.907079712e-05,15.8845107712
1735696860,7.9543281316236e-05,7.9937519106251e-05,7.93359024462034e-05,7.93359024462034e-05,143.74784973951
1735696800,7.97680448227508e-05,7.97680448227508e-05,7.9543281316236e-05,7.9543281316236e-05,51.9910824456
1735696560,8.00366426990024e-05,8.00981370450188e-05,7.97680448227508e-05,7.97680448227508e-05,23.46372408011
1735696500,7.9735457792028e-05,8.00366426990024e-05,7.9735457792028e-05,8.00366426990024e-05,9.5155
1735696440,7.96347360106847e-05,7.9735457792028e-05,7.96347360106847e-05,7.9735457792028e-05,49.55754591701
1735696320,7.93096614741023e-05,7.96347360106847e-05,7.93096614741023e-05,7.96347360106847e-05,2.00113466922
1735696260,7.96245141179967e-05,7.96245141179967e-05,7.93096614741023e-05,7.93096614741023e-05,13.68146455172
1735696200,8.0159966992585e-05,8.0159966992585e-05,7.96245141179967e-05,7.96245141179967e-05,52.04417783254
1735696140,7.95822801973683e-05,8.0159966992585e-05,7.95822801973683e-05,8.0159966992585e-05,37.839606
1735696080,7.74478907665933e-05,7.97113214876941e-05,7.74478907665933e-05,7.95822801973683e-05,249.19094161195
1735696020,7.63504276874061e-05,7.82365690263628e-05,7.63504276874061e-05,7.74478907665933e-05,288.0800092973
1735695960,7.67206939642078e-05,7.71874964038837e-05,7.61242522570569e-05,7.63504276874061e-05,168.82048923738
1735695900,7.65732699030585e-05,7.70212067538716e-05,7.65732699030585e-05,7.67206939642078e-05,65.60140170881
1735695840,7.6759121240662e-05,7.71793180415474e-05,7.65732699030585e-05,7.65732699030585e-05,71.39580567847
1735695720,7.70669936495626e-05,7.70669936495626e-05,7.6759121240662e-05,7.6759121240662e-05,6.49007104065
1735695600,7.70294400046965e-05,7.70669936495626e-05,7.66480780889241e-05,7.70669936495626e-05,33.27116461038
1735695480,7.70550619050437e-05,7.70550619050437e-05,7.70294400046965e-05,7.70294400046965e-05,73.1824040213
1735695360,7.46917800610565e-05,7.70550619050437e-05,7.46917800610565e-05,7.70550619050437e-05,311.17617514896
1735695240,7.45617137042683e-05,7.46917800610565e-05,7.41004466071787e-05,7.46917800610565e-05,111.86453362704
1735695180,7.37714873240871e-05,7.45617137042683e-05,7.37714873240871e-05,7.45617137042683e-05,80.51718219002
1735695060,7.35024561808369e-05,7.37714873240871e-05,7.35024561808369e-05,7.37714873240871e-05,26.0912725033
1735695000,7.3787383030416e-05,7.40186964096826e-05,7.35024561808369e-05,7.35024561808369e-05,66.6110167266
1735694940,7.43331918640517e-05,7.43331918640517e-05,7.3787383030416e-05,7.3787383030416e-05,49.79476761304
1735694880,7.77100359033157e-05,7.77100359033157e-05,7.43331918640517e-05,7.43331918640517e-05,379.69884570933
1735694820,7.82397999860403e-05,7.82397999860403e-05,7.72805495274705e-05,7.77100359033157e-05,142.94558636188
1735694760,7.86188986286062e-05,7.86188986286062e-05,7.82397999860403e-05,7.82397999860403e-05,6.34828343765
1735694700,8.0834525751516e-05,8.08965803679384e-05,7.86188986286062e-05,7.86188986286062e-05,231.90108047765
1735694640,8.16080544087924e-05,8.16080544087924e-05,8.0834525751516e-05,8.0834525751516e-05,74.68903271904
1735694580,8.13615705383104e-05,8.16080544087924e-05,8.13615705383104e-05,8.16080544087924e-05,5.12121273564
1735694520,8.06569332369206e-05,8.13615705383104e-05,8.06569332369206e-05,8.13615705383104e-05,46.531043157
1735694400,7.98932218228224e-05,8.06569332369206e-05,7.98932218228224e-05,8.06569332369206e-05,108.74818673498
1735694220,8.01523367407321e-05,8.01523367407321e-05,7.98932218228224e-05,7.98932218228224e-05,10.39295372742
1735694160,7.96708075282892e-05,8.06127792314872e-05,7.96708075282892e-05,8.01523367407321e-05,151.48538205815
1735694100,8.06120210257031e-05,8.06120210257031e-05,7.96708075282892e-05,7.96708075282892e-05,149.61256289037
1735694040,8.11953921415002e-05,8.13399310133377e-05,8.06120210257031e-05,8.06120210257031e-05,82.5362244542
1735693980,7.98052197425125e-05,8.11953921415002e-05,7.98052197425125e-05,8.11953921415002e-05,271.83831516536
1735693920,7.94330071805729e-05,7.98052197425125e-05,7.94330071805729e-05,7.98052197425125e-05,4.78475
1735693800,7.93238699286954e-05,7.94991859040869e-05,7.93238699286954e-05,7.94330071805729e-05,118.26245621133
1735693740,8.04045358362449e-05,8.0422815633982e-05,7.93238699286954e-05,7.93238699286954e-05,228.330787636
1735693680,8.06212626131744e-05,8.06212626131744e-05,8.00142625793815e-05,8.04045358362449e-05,10.11036429938
1735693620,8.79899380826984e-05,8.79899380826984e-05,8.06212626131744e-05,8.06212626131744e-05,470.92832919993
1735693560,8.44890010460327e-05,8.79899380826984e-05,8.31357129976071e-05,8.79899380826984e-05,1059.27339975976
1735693500,8.43071405398245e-05,8.44890010460327e-05,8.43071405398245e-05,8.44890010460327e-05,0.95825
1735693440,8.46279069433135e-05,8.46279069433135e-05,8.43071405398245e-05,8.43071405398245e-05,27.4492696874
1735693380,8.24103464993247e-05,8.46279069433135e-05,8.16062088825554e-05,8.46279069433135e-05,375.55196159586
1735693320,8.13821613060921e-05,8.24103464993247e-05,8.13821613060921e-05,8.24103464993247e-05,10.90349369703
1735693260,7.89998543181189e-05,8.13821613060921e-05,7.89998543181189e-05,8.13821613060921e-05,322.39794123767
1735693200,7.5393196418779e-05,7.89998543181189e-05,7.49153018111911e-05,7.89998543181189e-05,544.15512958741
1735693140,7.56577638923347e-05,7.57704248745475e-05,7.52937850709735e-05,7.5393196418779e-05,29.089454091
1735693020,7.5328019099426e-05,7.56577638923347e-05,7.5328019099426e-05,7.56577638923347e-05,2.47401063
1735692900,7.49679999739841e-05,7.57544222587737e-05,7.49679999739841e-05,7.5328019099426e-05,43.03338299184
1735692840,7.28809275686903e-05,7.49679999739841e-05,7.28809275686903e-05,7.49679999739841e-05,290.02333962125
1735692780,7.28419741486609e-05,7.28809275686903e-05,7.28419741486609e-05,7.28809275686903e-05,1.71393653619
1735692720,7.26116553855696e-05,7.29132183642995e-05,7.25022684408549e-05,7.28419741486609e-05,41.17832059464
1735692660,7.33727441550143e-05,7.33727441550143e-05,7.26116553855696e-05,7.26116553855696e-05,106.39637141472
1735692600,7.284918926236e-05,7.33727441550143e-05,7.284918926236e-05,7.33727441550143e-05,45.17773598288
1735692540,7.33443965531482e-05,7.33443965531482e-05,7.284918926236e-05,7.284918926236e-05,26.1118673757
1735692480,7.26362531022815e-05,7.33443965531482e-05,7.26362531022815e-05,7.33443965531482e-05,42.01683930151
1735692420,7.28309344942502e-05,7.28309344942502e-05,7.26362531022815e-05,7.26362531022815e-05,35.147863296
1735692360,7.2560736967559e-05,7.28309344942502e-05,7.21812668808324e-05,7.28309344942502e-05,135.6713304094
1735692300,7.2192755469752e-05,7.2560736967559e-05,7.17041731243265e-05,7.2560736967559e-05,119.75362049026
1735692240,7.17996163013504e-05,7.2192755469752e-05,7.17996163013504e-05,7.2192755469752e-05,20.460503811
1735692180,6.71463510163185e-05,7.21531781758562e-05,6.66489735341717e-05,7.17996163013504e-05,632.10252187444
1735692120,6.73983809397578e-05,6.74187751828244e-05,6.71463510163185e-05,6.71463510163185e-05,59.976910458
1735692060,6.81088522367849e-05,6.81088522367849e-05,6.68070792254561e-05,6.73983809397578e-05,209.04251931686
1735692000,6.77459613912001e-05,6.87635489050124e-05,6.77459613912001e-05,6.81088522367849e-05,255.41769306844
1735691880,6.71462269737007e-05,6.77459613912001e-05,6.71462269737007e-05,6.77459613912001e-05,92.20209306798
1735691820,6.69903251885713e-05,6.71462269737007e-05,6.69903251885713e-05,6.71462269737007e-05,10.83521763
1735691760,6.66553333229465e-05,6.69903251885713e-05,6.61055143572561e-05,6.69903251885713e-05,204.51695516667
1735691700,6.93110127818632e-05,6.98131215710394e-05,6.65266651811022e-05,6.66553333229465e-05,588.25032614739
1735691640,7.13779295184701e-05,7.13779295184701e-05,6.8758517077754e-05,6.93110127818632e-05,411.19702972562
1735691580,6.93295702248945e-05,7.165641385434e-05,6.84339691312309e-05,7.13779295184701e-05,682.20013026032
1735691520,6.99311821889378e-05,6.99311821889378e-05,6.67066980537958e-05,6.93295702248945e-05,444.7444813757
1735691460,7.41834428620327e-05,7.41834428620327e-05,6.99311821889378e-05,6.99311821889378e-05,795.60886833762
1735691400,7.20917069760112e-05,7.41834428620327e-05,7.20917069760112e-05,7.41834428620327e-05,217.4928557022
1735691340,7.72477173238401e-05,7.72477173238401e-05,7.20917069760112e-05,7.20917069760112e-05,213.8806526214
1735691280,8.33483755898671e-05,8.33483755898671e-05,7.72477173238401e-05,7.72477173238401e-05,975.5076901629
1735691220,9.22668779275178e-05,9.22668779275178e-05,8.33483755898671e-05,8.33483755898671e-05,851.04947354878
1735691100,9.35046537689865e-05,9.35046537689865e-05,9.22668779275178e-05,9.22668779275178e-05,78.24120528
1735690980,0.000101169818340981,0.000101169818340981,9.35046537689865e-05,9.35046537689865e-05,211.51067844368
1735690920,9.80399292350039e-05,0.000101169818340981,9.31798735186995e-05,0.000101169818340981,1909.34386906935
1735690860,9.89994164496142e-05,9.89994164496142e-05,9.74573820239834e-05,9.80399292350039e-05,123.88789686729
1735690800,9.93935594358029e-05,0.000100036525174565,9.89994164496142e-05,9.89994164496142e-05,132.3577153062
1735690740,0.000102777157606287,0.000103171030121818,9.93935594358029e-05,9.93935594358029e-05,313.1058275953
1735690680,0.000101827214443165,0.00010341601460112,0.000101827214443165,0.000102777157606287,126.97258881448
1735690620,9.68292867086702e-05,0.000101827214443165,9.68292867086702e-05,0.000101827214443165,512.07317704972
1735690560,9.56858050919059e-05,9.84501417889734e-05,9.56858050919059e-05,9.68292867086702e-05,279.8442757926
1735690500,9.46794285511072e-05,9.56858050919059e-05,9.38336292739473e-05,9.56858050919059e-05,352.61269725291
1735690440,9.38958962434293e-05,9.60084462907305e-05,9.38958962434293e-05,9.46794285511072e-05,408.21783318309
1735690380,9.30434792579296e-05,9.44462947135583e-05,9.2816393507881e-05,9.38958962434293e-05,183.56149073874
1735690320,9.36770909638638e-05,9.36770909638638e-05,9.296529944821e-05,9.30434792579296e-05,102.9009293991
1735690260,9.62371574931652e-05,9.62371574931652e-05,9.36770909638638e-05,9.36770909638638e-05,235.97818635694
1735690200,0.0001117542522766,0.0001117542522766,9.62371574931652e-05,9.62371574931652e-05,1309.25361676472
1735690140,0.000114455929600247,0.000114552793965846,0.0001117542522766,0.0001117542522766,323.5027027547
1735690080,0.000112122416925042,0.000114455929600247,0.000112122416925042,0.000114455929600247,194.33645590448
1735690020,0.0001089873943228,0.000113941164292343,0.0001089873943228,0.000112122416925042,641.4407128443
1735689900,0.000110249618449948,0.000110249618449948,0.0001089873943228,0.0001089873943228,73.18516660812
1735689840,0.000108558231851261,0.000110249618449948,0.000108558231851261,0.000110249618449948,151.624
1735689780,0.000107740665158646,0.000108558231851261,0.000107740665158646,0.000108558231851261,23.46662782624
1735689720,0.000107412468701631,0.000108315006679426,0.000107412468701631,0.000107740665158646,64.34148798566
1735689600,0.000107932291025716,0.000107932291025716,0.000107412468701631,0.000107412468701631,51.80448391864
1735689540,0.000108582453822827,0.000108582453822827,0.000107266685860809,0.000107932291025716,130.52343397752
1735689480,0.000109208079027127,0.000109208079027127,0.000108582453822827,0.000108582453822827,165.8013943371
1735689420,0.000109655995963491,0.000109655995963491,0.000106324121040869,0.000109208079027127,448.27323586924
1735689360,0.000119283927302835,0.000119283927302835,0.000109655995963491,0.000109655995963491,1067.19406370545
1735689300,0.000122544971983142,0.000122544971983142,0.000119283927302835,0.000119283927302835,288.27636193538
1735689240,0.000122041941201703,0.000122544971983142,0.000122041941201703,0.000122544971983142,17.6434038467
1735689180,0.000121031193661015,0.000122041941201703,0.000121031193661015,0.000122041941201703,43.47920925
1735689060,0.000119926097548372,0.000121031193661015,0.000119926097548372,0.000121031193661015,92.0846251431
1735689000,0.000118658254672321,0.000120046425998213,0.000118658254672321,0.000119926097548372,145.74847409823
1735688940,0.000119331364467574,0.000119331364467574,0.000118658254672321,0.000118658254672321,30.0404820036
1735688880,0.000113181898262847,0.000119331364467574,0.000112422739477292,0.000119331364467574,670.83710589619
1735688820,0.000112773931795314,0.000113733045308601,0.000112773931795314,0.000113181898262847,271.51737357578
1735688700,0.000112112192877181,0.000112773931795314,0.000112112192877181,0.000112773931795314,28.374
1735688640,0.000112814201667395,0.000112814201667395,0.000112112192877181,0.000112112192877181,73.37037285333
1735688580,0.000111005581051428,0.000112814201667395,0.000111005581051428,0.000112814201667395,211.86273862661
1735688520,0.000111918860138748,0.000112157979604127,0.000111005581051428,0.000111005581051428,164.80385515969
1735688400,0.000112466220522448,0.000112750466649688,0.000111918860138748,0.000111918860138748,80.32597582593
1735688340,0.000111794462317756,0.000112858457252864,0.000111222501331297,0.000112466220522448,257.24421786216
1735688280,0.000110404742305626,0.000113153810954904,0.000110404742305626,0.000111794462317756,512.20521342728
1735688220,0.000110923706711611,0.000111047752332586,0.000110404742305626,0.000110404742305626,19.39310313613
1735688160,0.000109898618233041,0.000110923706711611,0.000109524459550377,0.000110923706711611,96.38205029451
1735688100,0.000109188304233873,0.000109898618233041,0.000108659012460559,0.000109898618233041,119.62825613025
1735688040,0.000104912464147966,0.000109856041670155,0.000104719152068541,0.000109188304233873,645.7745925018
1735687980,0.000101468838787244,0.000106569402126879,0.000101468838787244,0.000104912464147966,672.9545263862
1735687920,0.000119479709256254,0.000119479709256254,0.000101468838787244,0.000101468838787244,2160.52855200826
1735687860,0.000121446685973503,0.000121537627677836,0.000118270746286622,0.000119479709256254,490.51918936767
1735687800,0.000119280938517295,0.000121446685973503,0.000119280938517295,0.000121446685973503,173.37982014366
1735687740,0.000110698077458864,0.000119280938517295,0.000108390993519457,0.000119280938517295,1802.93554398857
1735687680,0.000131671946442114,0.000132320769485906,0.000110698077458864,0.000110698077458864,2018.39836111783
1735687620,0.000127306454208038,0.000133253223035628,0.000127306454208038,0.000131671946442114,804.7817491234
1735687560,0.00012416977499,0.000127306454208038,0.00012416977499,0.000127306454208038,261.5165737695
1735687500,0.00012230204619195,0.00012416977499,0.000122245123253289,0.00012416977499,246.4350955655
1735687440,0.000121614784615196,0.00012230204619195,0.000121154894237581,0.00012230204619195,159.15629048139
1735687380,0.000122188250290974,0.000122772576581905,0.000121056817394444,0.000121614784615196,261.35709735225
1735687320,0.000109529871747023,0.000122188250290974,0.000109529871747023,0.000122188250290974,1951.22304608175
1735687260,0.000108633244834864,0.000109529871747023,0.000108633244834864,0.000109529871747023,186.0624876942
1735687200,0.000107806706584631,0.000108826776863586,0.000107806706584631,0.000108633244834864,255.69505021329
1735687140,0.000111224885858332,0.000114813895342922,0.000107043730214708,0.000107806706584631,1172.31227776869
1735687080,0.000120512787930756,0.000121757890865252,0.000110803555804039,0.000111224885858332,1223.03346552824
1735687020,0.000118183837875441,0.000120709034594726,0.000117720318612273,0.000120512787930756,498.02093358937
1735686960,0.00011112066993432,0.000121293072967777,0.000109310568460493,0.000118183837875441,1938.71506321009
1735686900,0.000112083916682659,0.000163458103008592,0.00010804182744762,0.00011112066993432,9006.7752613716
1735686840,9.70825441621961e-05,0.000113038731365793,9.70825441621961e-05,0.000112083916682659,2823.96781060028
1735686780,8.33539349993842e-05,9.70825441621961e-05,8.32438601753501e-05,9.70825441621961e-05,2079.78309094715
1735686720,8.21646733543069e-05,8.33539349993842e-05,8.21646733543069e-05,8.33539349993842e-05,101.27075062109
1735686660,9.20270284577085e-05,9.20270284577085e-05,8.17139818634537e-05,8.21646733543069e-05,999.02376948371
1735686600,9.29142571201455e-05,9.29142571201455e-05,9.20270284577085e-05,9.20270284577085e-05,158.14151917388
1735686540,9.39324493941174e-05,9.39324493941174e-05,9.29142571201455e-05,9.29142571201455e-05,74.36602191314
1735686480,9.54498267848551e-05,9.54498267848551e-05,9.39324493941174e-05,9.39324493941174e-05,273.75793588368
1735686420,9.37947064441724e-05,9.54498267848551e-05,9.34267186067258e-05,9.54498267848551e-05,196.4062678156
1735686360,9.37277413288619e-05,9.37947064441724e-05,9.29173240362735e-05,9.37947064441724e-05,110.52442366912
1735686240,9.30561566947441e-05,9.37277413288619e-05,9.30561566947441e-05,9.37277413288619e-05,20.00902509644
1735686180,9.22572787453819e-05,9.30561566947441e-05,9.22572787453819e-05,9.30561566947441e-05,94.5048225
1735686060,9.19215629938113e-05,9.26077498750949e-05,9.19215629938113e-05,9.22572787453819e-05,55.597901552
1735686000,9.20635995688606e-05,9.20635995688606e-05,9.19215629938113e-05,9.19215629938113e-05,0.34018790896
1735685940,9.15232073601483e-05,9.20635995688606e-05,9.13081654153099e-05,9.20635995688606e-05,69.36665210004
1735685880,9.10028929553142e-05,9.2418776972742e-05,9.10028929553142e-05,9.15232073601483e-05,270.53185366771
1735685820,9.17990241206808e-05,9.17990241206808e-05,9.09984466351748e-05,9.10028929553142e-05,100.40416392307
1735685760,9.15242940797088e-05,9.17990241206808e-05,9.15242940797088e-05,9.17990241206808e-05,37.861419
1735685700,9.25324575554274e-05,9.25324575554274e-05,9.15242940797088e-05,9.15242940797088e-05,123.55710338157
1735685640,9.09117466120513e-05,9.25718549819358e-05,9.09117466120513e-05,9.25324575554274e-05,239.6209443318
1735685580,0.000104594220601001,0.000104594220601001,9.09117466120513e-05,9.09117466120513e-05,1300.6857340095
1735685520,0.000105341157842083,0.000105341157842083,0.000104594220601001,0.000104594220601001,106.56599509391
1735685460,0.000101668796120719,0.000105341157842083,0.000101668796120719,0.000105341157842083,69.46998895608
1735685400,9.83327591249534e-05,0.000101668796120719,9.80710887105261e-05,0.000101668796120719,623.97182488849
1735685340,9.63972688521758e-05,9.86237215706095e-05,9.63972688521758e-05,9.83327591249534e-05,227.24179179977
1735685280,9.5820579507964e-05,9.63972688521758e-05,9.5820579507964e-05,9.63972688521758e-05,59.11194374364
1735685220,9.61203479267424e-05,9.61203479267424e-05,9.54781835406781e-05,9.5820579507964e-05,59.41843627513
1735685100,9.59693203524854e-05,9.61203479267424e-05,9.59693203524854e-05,9.61203479267424e-05,19.8318112771
1735685040,9.65410564250526e-05,9.65410564250526e-05,9.59693203524854e-05,9.59693203524854e-05,82.2394149229
1735684980,9.71450239967512e-05,9.71450239967512e-05,9.65410564250526e-05,9.65410564250526e-05,42.26226911907
1735684920,9.47423752583445e-05,9.81455810173979e-05,9.43257489823975e-05,9.71450239967512e-05,613.78329488484
1735684860,9.34254575367081e-05,9.47423752583445e-05,9.34254575367081e-05,9.47423752583445e-05,88.72669280721
1735684800,9.25724006755655e-05,9.34254575367081e-05,9.25724006755655e-05,9.34254575367081e-05,88.6205327955
1735684740,8.55675714268046e-05,9.25724006755655e-05,8.55675714268046e-05,9.25724006755655e-05,892.7081341541
1735684680,8.29532894684534e-05,8.55675714268046e-05,8.29532894684534e-05,8.55675714268046e-05,386.2567996714
1735684620,8.07388575764852e-05,8.29532894684534e-05,8.07388575764852e-05,8.29532894684534e-05,191.74691038787
1735684560,7.91408707575307e-05,8.11072621441029e-05,7.91408707575307e-05,8.07388575764852e-05,202.93672112866
1735684500,7.90306892982421e-05,7.91408707575307e-05,7.86984497112214e-05,7.91408707575307e-05,29.6527709268
1735684440,7.85293727554864e-05,7.90306892982421e-05,7.85293727554864e-05,7.90306892982421e-05,28.95213955554
1735684380,7.8755479055617e-05,7.88997732223503e-05,7.85293727554864e-05,7.85293727554864e-05,25.64225201538
1735684320,7.92670860773571e-05,7.92670860773571e-05,7.84197034996674e-05,7.8755479055617e-05,230.5210272437
1735684260,7.93155822586269e-05,7.96124699513068e-05,7.91481145322283e-05,7.92670860773571e-05,67.95546149663
1735684200,7.8280451896942e-05,7.93155822586269e-05,7.78506200623993e-05,7.93155822586269e-05,185.52117730184
1735684140,7.92993163660734e-05,7.92993163660734e-05,7.8280451896942e-05,7.8280451896942e-05,132.65091663411
1735684080,8.3334332793601e-05,8.3334332793601e-05,7.69437913286646e-05,7.92993163660734e-05,1066.25033220272
1735684020,8.2374737936203e-05,8.42406259213206e-05,8.22641082566876e-05,8.3334332793601e-05,421.26096718246
1735683960,8.50034837836806e-05,8.50034837836806e-05,8.2374737936203e-05,8.2374737936203e-05,305.01255209564
1735683900,8.47133007061516e-05,8.50034837836806e-05,8.47133007061516e-05,8.50034837836806e-05,6.52112881534
1735683840,8.57107571260491e-05,8.57107571260491e-05,8.47133007061516e-05,8.47133007061516e-05,94.49264549662
1735683780,8.31314992954292e-05,8.57107571260491e-05,8.31314992954292e-05,8.57107571260491e-05,351.82473972856
1735683720,9.05739735514942e-05,9.05739735514942e-05,8.27465717469104e-05,8.31314992954292e-05,886.8189261645
1735683660,9.41616151130161e-05,9.41616151130161e-05,9.05739735514942e-05,9.05739735514942e-05,334.15787839288
1735683600,9.7652851298484e-05,9.7652851298484e-05,9.41616151130161e-05,9.41616151130161e-05,343.73716092912
1735683540,9.80478313666619e-05,9.82258898892249e-05,9.7652851298484e-05,9.7652851298484e-05,25.94130331779
1735683480,9.82377374145906e-05,9.82377374145906e-05,9.80478313666619e-05,9.80478313666619e-05,31.05102963872
1735683420,9.9242087701458e-05,9.9242087701458e-05,9.82356522207282e-05,9.82377374145906e-05,8.88613136818
1735683360,0.000100485124002036,0.000100485124002036,9.9242087701458e-05,9.9242087701458e-05,199.1195922802
1735683300,0.000100632883048833,0.000100632883048833,0.000100485124002036,0.000100485124002036,12.96534784752
1735683240,0.000103535599086814,0.000103535599086814,0.000100632883048833,0.000100632883048833,163.49285280735
1735683180,0.000104780876992876,0.000105355082932629,0.000103535599086814,0.000103535599086814,239.55921516618
1735683120,0.000102189713352572,0.000105328077389029,0.000102189713352572,0.000104780876992876,426.74560353584
1735683060,0.000101956905512036,0.000102189713352572,0.00010152869201692,0.000102189713352572,48.8643878656
1735683000,0.000102529292680331,0.000102529292680331,0.000101956905512036,0.000101956905512036,68.4793465758
1735682940,0.000106318033276271,0.000106318033276271,0.000102529292680331,0.000102529292680331,238.3481405656
1735682880,0.000108225889181249,0.000108225889181249,0.000106318033276271,0.000106318033276271,239.21033919243
1735682820,0.00010814814668682,0.000108310951692196,0.000107722484521583,0.000108225889181249,18.15384591686
1735682760,0.000110737735837012,0.000110737735837012,0.0001075219298808,0.00010814814668682,302.52816274262
1735682580,0.000111714904217799,0.000111714904217799,0.000110737735837012,0.000110737735837012,51.87892694705
1735682520,0.000112063521269846,0.000112063521269846,0.000110998510345819,0.000111714904217799,54.50610270248
1735682460,0.000116016124455853,0.000116016124455853,0.000112063521269846,0.000112063521269846,375.127866355
1735682400,0.00011513353168857,0.000116016124455853,0.00011513353168857,0.000116016124455853,14.71604397274
1735682340,0.000111910331670328,0.00011513353168857,0.000111910331670328,0.00011513353168857,397.25194301304
1735682280,0.000120271012014644,0.000120598474908934,0.000111910331670328,0.000111910331670328,828.2918101402
1735682160,0.000118438495393931,0.000120271012014644,0.000118438495393931,0.000120271012014644,162.54833752808
1735682100,0.000117533135141456,0.000118438495393931,0.000117435034478579,0.000118438495393931,80.54585656956
1735682040,0.000118132692680018,0.000118132692680018,0.000117533135141456,0.000117533135141456,12.64317553234
1735681980,0.00011898888396144,0.00011898888396144,0.000117864658349941,0.000118132692680018,75.06058998476
1735681920,0.000119128346950943,0.000119128346950943,0.00011898888396144,0.00011898888396144,127.32641749072
1735681860,0.000117287505395462,0.000119128346950943,0.000117287505395462,0.000119128346950943,207.33351923637
1735681800,0.000119438053927886,0.000119817861044334,0.000117287505395462,0.000117287505395462,180.25125837452
1735681740,0.000118518258875887,0.000119438053927886,0.000118518258875887,0.000119438053927886,73.0360442116
1735681680,0.000138993244970709,0.000138993244970709,0.000118518258875887,0.000118518258875887,2263.15627085897
1735681620,0.000140004364693719,0.000140311955841037,0.000138993244970709,0.000138993244970709,134.24858847885
1735681560,0.000139462784997323,0.000140004364693719,0.00013909679198108,0.000140004364693719,40.44697619464
1735681500,0.00013869182970566,0.000139462784997323,0.000138556523261763,0.000139462784997323,43.01455493324
1735681440,0.000138619537424312,0.00013896152745049,0.000138619537424312,0.00013869182970566,30.11888874328
1735681380,0.000139156290774795,0.000139156290774795,0.000137151106479022,0.000138619537424312,298.47944750694
1735681320,0.000135590456380833,0.000142516450397207,0.000135590456380833,0.000139156290774795,936.58009472384
1735681260,0.00013871861569792,0.000139316074777627,0.000135590456380833,0.000135590456380833,637.23055478238
1735681200,0.000142880311455168,0.000142880311455168,0.00013871861569792,0.00013871861569792,799.05976207899
1735681140,0.000117110987024401,0.000142880311455168,0.000116471019838331,0.000142880311455168,2308.34586419565
1735681080,0.000118919012367222,0.000118919012367222,0.000116978902002968,0.000117110987024401,382.5942553805
1735681020,0.000118054258556115,0.000118919012367222,0.000118054258556115,0.000118919012367222,96.465
1735680960,0.000117656165684348,0.000118054258556115,0.000117212884721942,0.000118054258556115,84.14130073842
1735680900,0.000131022911610697,0.000133470192989209,0.000117656165684348,0.000117656165684348,1564.64415207618
1735680840,0.0001316726978472,0.000133007001881573,0.000131022911610697,0.000131022911610697,453.9559011276
1735680780,0.000123004918289188,0.000131790715375043,0.000122800786243569,0.0001316726978472,942.23288176008
1735680720,0.000132750549380669,0.000135323213728312,0.000123004918289188,0.000123004918289188,1423.63053110128
1735680660,0.000138423511915781,0.00013876180950995,0.000131975567019337,0.000132750549380669,1178.11522971886
1735680600,0.000132084545647248,0.000139590684519608,0.000132084545647248,0.000138423511915781,670.6395451762
1735680540,0.000132314440802558,0.000132733377886104,0.000131538681013905,0.000132084545647248,280.34629987608
1735680480,0.000135129625661568,0.000137051841217188,0.000132313553761874,0.000132314440802558,455.26423026432
1735680420,0.00013383384269339,0.000135129625661568,0.000132812782948094,0.000135129625661568,312.75561998781
1735680360,0.000130296098139783,0.000135301689132146,0.000130296098139783,0.00013383384269339,723.15807352614
1735680300,0.000130944611816779,0.000130944611816779,0.00012924849465057,0.000130296098139783,350.74876261776
1735680240,0.000130835397092892,0.000131160032447758,0.000130050247025654,0.000130944611816779,190.82076998068
1735680180,0.000129280884890844,0.000130835397092892,0.000129280884890844,0.000130835397092892,170.1488944193
1735680120,0.000127816925811822,0.000129280884890844,0.000127816925811822,0.000129280884890844,95.70101374608
1735680060,0.000131287954305275,0.000132139197426581,0.000127816925811822,0.000127816925811822,366.82890899111
1735680000,0.000121398943430585,0.000131588412323961,0.000121398943430585,0.000131287954305275,1086.65086416693
1735679940,0.000124055650469922,0.000124883978723497,0.000120170262582239,0.000121398943430585,638.9832646664
1735679880,0.000122345257721064,0.000124055650469922,0.000119232182251772,0.000124055650469922,468.726272771
1735679820,0.000128545297472956,0.000129233913066544,0.000120141398119527,0.000122345257721064,866.86710212293
1735679760,0.000115327604033544,0.000128545297472956,0.000114305435113564,0.000128545297472956,1277.0226326794
1735679700,0.000115136694388471,0.00011553537556574,0.000114780328696514,0.000115327604033544,95.29011349416
1735679640,0.000115043204613415,0.000115749131459805,0.000115043204613415,0.000115136694388471,32.74498104442
1735679580,0.000113818361310242,0.000115043204613415,0.000113818361310242,0.000115043204613415,123.6864
1735679520,0.00011478880429202,0.00011478880429202,0.000113818361310242,0.000113818361310242,29.77336304268
1735679460,0.000114752797781389,0.00011478880429202,0.000114752797781389,0.00011478880429202,6.331550445
1735679400,0.000111655015977995,0.000114752797781389,0.000111655015977995,0.000114752797781389,387.89311075467
1735679340,0.000112982936679742,0.0001132962478585,0.000111655015977995,0.000111655015977995,220.85522234619
1735679280,0.000112269021081312,0.000112982936679742,0.000111027053050238,0.000112982936679742,335.50914581223
1735679220,0.000108596405953445,0.000114975022165496,0.000108596405953445,0.000112269021081312,1013.32526934968
1735679100,0.000109779534238133,0.000111138120752797,0.000108596405953445,0.000108596405953445,541.11739463364
1735679040,0.000110249451621136,0.000110249451621136,0.000109779534238133,0.000109779534238133,40.14154884263
1735678980,0.00010796883416495,0.000112631814225613,0.000107485776444718,0.000110249451621136,836.58524758666
1735678920,0.000110458484916803,0.000110458484916803,0.00010796883416495,0.00010796883416495,235.27672011094
1735678860,0.00011327519379968,0.000113334283608419,0.000110458484916803,0.000110458484916803,332.71608363392
1735678800,0.000113008860312724,0.00011327519379968,0.000113008860312724,0.00011327519379968,37.18677444768
1735678740,0.000113867854374704,0.000113867854374704,0.000112906516857925,0.000113008860312724,93.88945345941
1735678680,0.000115934688753837,0.000115934688753837,0.000113761344967666,0.000113867854374704,201.27819278912
1735678620,0.000111291253364821,0.000115934688753837,0.000111291253364821,0.000115934688753837,371.94779941028
1735678560,0.000111606221364747,0.000111717026651605,0.000111291253364821,0.000111291253364821,29.98000444272
1735678500,0.000114646212622602,0.000114646212622602,0.000110604543915766,0.000111606221364747,46.03487977868
1735678440,0.00012073905875203,0.00012073905875203,0.000114646212622602,0.000114646212622602,865.27136106259
1735678380,0.000113149807526146,0.000121485440182901,0.000113149807526146,0.00012073905875203,749.77499077227
1735678320,0.0001137470002625,0.0001137470002625,0.000109815212459184,0.000113149807526146,686.24246265484
1735678260,0.000108955911252196,0.000115423103175534,0.000108955911252196,0.0001137470002625,161.56722695092
1735678200,9.96658092340747e-05,0.000108955911252196,9.96658092340747e-05,0.000108955911252196,1361.28976325928
1735678140,0.000104730080194077,0.000104730080194077,9.800648189485e-05,9.96658092340747e-05,312.1118699496
1735678080,0.000112468829283739,0.000112468829283739,0.000104730080194077,0.000104730080194077,1034.8574267625
1735678020,0.000117344334803331,0.000117428426852631,0.000112468829283739,0.000112468829283739,747.17717744545
1735677960,0.000119682532768493,0.000120399292179987,0.000117344334803331,0.000117344334803331,428.97988023788
1735677900,0.000128942042976706,0.000128942042976706,0.000119682532768493,0.000119682532768493,1696.43697877808
1735677840,0.000122581516174359,0.000138120768419982,0.000121115038624022,0.000128942042976706,3010.39588832814
1735677780,0.000123170001584323,0.000125540673956465,0.000122420968126569,0.000122581516174359,1110.57777413264
1735677720,0.000119658488531718,0.000124270927116516,0.000115595251904362,0.000123170001584323,2890.65850924946
1735677660,0.000100232689073966,0.000120286694306092,0.000100074298311628,0.000119658488531718,4222.1035725048
1735677600,9.95640766697058e-05,0.000100232689073966,9.94056090531653e-05,0.000100232689073966,140.73360610076
1735677540,0.000102817977501209,0.000102817977501209,9.91109790647019e-05,9.95640766697058e-05,124.78648617525
1735677480,9.9598165004033e-05,0.000105754454089348,9.9598165004033e-05,0.000102817977501209,1139.30892255584
1735677420,9.83713032111197e-05,0.000101160676828394,9.8122086117e-05,9.9598165004033e-05,369.75944697503
1735677360,9.69975197774205e-05,9.83713032111197e-05,9.69975197774205e-05,9.83713032111197e-05,100.7495874
1735677300,9.14962329205775e-05,9.69975197774205e-05,9.14962329205775e-05,9.69975197774205e-05,586.01528429006
1735677240,9.15610454208467e-05,9.15610454208467e-05,9.10532830636457e-05,9.14962329205775e-05,22.62040586464
1735677120,9.21862795896315e-05,9.21862795896315e-05,9.14265491051911e-05,9.15610454208467e-05,101.4624796409
1735677060,9.16587043274e-05,9.22341837937401e-05,9.09926538133536e-05,9.21862795896315e-05,303.34134746856
1735677000,9.32166762233015e-05,9.32166762233015e-05,9.16587043274e-05,9.16587043274e-05,189.8475627908
1735676940,9.32093228062366e-05,9.37588674041642e-05,9.32093228062366e-05,9.32166762233015e-05,56.59004731067
1735676880,9.36504191364599e-05,9.36504191364599e-05,9.32093228062366e-05,9.32093228062366e-05,7.206727333
1735676820,9.2632548506964e-05,9.36504191364599e-05,9.2632548506964e-05,9.36504191364599e-05,12.6605707073
1735676760,9.1507257639306e-05,9.2632548506964e-05,9.08831146290198e-05,9.2632548506964e-05,290.17380388976
1735676700,9.12896467469994e-05,9.1507257639306e-05,9.12896467469994e-05,9.1507257639306e-05,10.02423873976
1735676640,9.17976219339773e-05,9.2118756650259e-05,9.09171450163823e-05,9.12896467469994e-05,650.1710849698
1735676580,9.10186925068774e-05,9.17976219339773e-05,9.10186925068774e-05,9.17976219339773e-05,58.245
1735676520,9.00177076086561e-05,9.10186925068774e-05,9.00177076086561e-05,9.10186925068774e-05,115.722502
1735676460,8.87628889465006e-05,9.00177076086561e-05,8.87257473525608e-05,9.00177076086561e-05,333.45932630854
1735676400,8.62516284079639e-05,8.87628889465006e-05,8.60124661645211e-05,8.87628889465006e-05,479.25265047944
1735676340,8.72993177316189e-05,8.72993177316189e-05,8.62516284079639e-05,8.62516284079639e-05,132.92712731556
1735676280,8.70153363829506e-05,8.73623799029456e-05,8.64545435028316e-05,8.72993177316189e-05,189.8521225573
1735676220,8.99369647605395e-05,8.99369647605395e-05,8.57492468468101e-05,8.70153363829506e-05,1037.09777403843
1735676160,9.11537652782347e-05,9.11537652782347e-05,8.99369647605395e-05,8.99369647605395e-05,134.38424582624
1735676100,9.05866818529252e-05,9.11537652782347e-05,9.05506384323245e-05,9.11537652782347e-05,32.90799037981
1735676040,8.98610081737113e-05,9.10411412328795e-05,8.98610081737113e-05,9.05866818529252e-05,104.04286085168
1735675980,9.08663139555236e-05,9.08663139555236e-05,8.98610081737113e-05,8.98610081737113e-05,81.73985544618
1735675920,9.05610884008476e-05,9.08663139555236e-05,9.05610884008476e-05,9.08663139555236e-05,21.04160341674
1735675860,9.89482305042178e-05,9.89482305042178e-05,9.05610884008476e-05,9.05610884008476e-05,985.1435844446
1735675800,0.000100261199330872,0.000100261199330872,9.89482305042178e-05,9.89482305042178e-05,241.83970989752
1735675680,9.99823117036923e-05,0.000100261199330872,9.94566232027247e-05,0.000100261199330872,121.04446339242
1735675620,8.93389312328502e-05,0.000108312894802416,8.93389312328502e-05,9.99823117036923e-05,2652.0798211743
1735675560,8.9502571235908e-05,8.97391535203914e-05,8.93389312328502e-05,8.93389312328502e-05,76.2791084352
1735675500,8.90800694691185e-05,8.9502571235908e-05,8.90800694691185e-05,8.9502571235908e-05,60.43497667568
1735675440,9.02378972554802e-05,9.02378972554802e-05,8.90800694691185e-05,8.90800694691185e-05,168.47800516596
1735675380,9.10865206203021e-05,9.10865206203021e-05,9.02378972554802e-05,9.02378972554802e-05,12.22907283416
1735675320,9.56582940073567e-05,9.56582940073567e-05,9.10865206203021e-05,9.10865206203021e-05,521.8355977511
1735675260,8.89105926486666e-05,9.56582940073567e-05,8.89105926486666e-05,9.56582940073567e-05,764.18718066338
1735675200,8.64881686302188e-05,9.03835826275151e-05,8.64881686302188e-05,8.89105926486666e-05,651.31005111471
1735675080,9.06979547231432e-05,0.000100155232034836,8.56697084152798e-05,8.64881686302188e-05,3391.15289326588
1735675020,9.69977436120356e-05,9.69977436120356e-05,9.06979547231432e-05,9.06979547231432e-05,745.25528943278
1735674960,9.29519782069753e-05,0.000105574694311418,9.29519782069753e-05,9.69977436120356e-05,2058.64568808652
1735674900,8.82230957522436e-05,9.29519782069753e-05,8.65764887016516e-05,9.29519782069753e-05,803.26461397049
1735674840,8.34811425501422e-05,8.82230957522436e-05,8.34811425501422e-05,8.82230957522436e-05,720.67714520088
1735674780,8.22624761921801e-05,8.34811425501422e-05,8.11243240809903e-05,8.34811425501422e-05,449.804762068
1735674720,8.52497398357305e-05,8.52497398357305e-05,7.75591202466088e-05,8.22624761921801e-05,1262.323122228
1735674660,8.480827313e-05,8.52497398357305e-05,8.480827313e-05,8.52497398357305e-05,8.01485613984
1735674600,8.69250892930106e-05,8.69250892930106e-05,8.480827313e-05,8.480827313e-05,195.03598834929
1735674540,8.68109438365304e-05,8.69250892930106e-05,8.626452527405e-05,8.69250892930106e-05,80.92762310595
1735674480,8.75165699956716e-05,8.75165699956716e-05,8.68109438365304e-05,8.68109438365304e-05,79.97610610626
1735674420,8.71246144653533e-05,8.75165699956716e-05,8.70489240962466e-05,8.75165699956716e-05,33.35952158126
1735674360,8.75701744616658e-05,8.75701744616658e-05,8.71246144653533e-05,8.71246144653533e-05,7.3022381712
1735674300,8.67036035746354e-05,8.75701744616658e-05,8.67036035746354e-05,8.75701744616658e-05,45.05819354333
1735674240,8.32187625175539e-05,8.67036035746354e-05,8.32187625175539e-05,8.67036035746354e-05,363.682765
1735674180,8.20560834184842e-05,8.32187625175539e-05,8.20560834184842e-05,8.32187625175539e-05,123.71608327456
1735674120,7.8816320810858e-05,8.20560834184842e-05,7.8816320810858e-05,8.20560834184842e-05,390.2043018002
1735674060,7.94760873059352e-05,7.94760873059352e-05,7.82320419213512e-05,7.8816320810858e-05,183.00154286166
1735674000,9.10196010144254e-05,9.10196010144254e-05,7.94760873059352e-05,7.94760873059352e-05,1153.7014917608
1735673940,8.19631287798577e-05,9.10196010144254e-05,7.97132921083677e-05,9.10196010144254e-05,1276.84292812782
1735673880,8.47504356100505e-05,8.47504356100505e-05,8.19631287798577e-05,8.19631287798577e-05,669.1350911628
1735673820,8.91493936305069e-05,8.91493936305069e-05,8.47504356100505e-05,8.47504356100505e-05,485.80874579263
1735673760,8.67351400609004e-05,9.37076100775239e-05,8.67351400609004e-05,8.91493936305069e-05,1653.68177664588
1735673700,9.05728783674894e-05,9.05728783674894e-05,8.58572818642033e-05,8.67351400609004e-05,588.66504209205
1735673640,9.26184914526951e-05,9.26184914526951e-05,9.05728783674894e-05,9.05728783674894e-05,307.6114613084
1735673580,9.24232997210171e-05,9.40370803991612e-05,9.21844467554329e-05,9.26184914526951e-05,346.38989951385
1735673520,9.36894347420435e-05,9.39873413756431e-05,9.24232997210171e-05,9.24232997210171e-05,254.47995147366
1735673460,0.000104596147549932,0.000104596147549932,9.36894347420435e-05,9.36894347420435e-05,982.37397172706
1735673400,0.000103375034044438,0.000104750814907616,0.00010300164398525,0.000104596147549932,316.42136123598
1735673340,0.000102715166618184,0.000103375034044438,0.000102715166618184,0.000103375034044438,42.7328
1735673280,0.000107683130561951,0.000107683130561951,0.000102715166618184,0.000102715166618184,394.32228918035
1735673220,0.000109161676080775,0.000109161676080775,0.000107683130561951,0.000107683130561951,178.06207984929
1735673160,0.00011173295097826,0.00011173295097826,0.000108678463564195,0.000109161676080775,131.41970070541
1735673100,0.0001154946928783,0.0001154946928783,0.00011173295097826,0.00011173295097826,449.3564829459
1735673040,0.000115886239788906,0.000115886239788906,0.000115135719438962,0.0001154946928783,89.1337269876
1735672980,0.000120080492910969,0.000120489447690588,0.000115886239788906,0.000115886239788906,422.08515138588
1735672920,0.000122944851505177,0.000122944851505177,0.000120080492910969,0.000120080492910969,223.11141886038
1735672860,0.000122072901952139,0.0001238139020423,0.000120931953912909,0.000122944851505177,470.14798204638
1735672800,0.000124784809723136,0.00012815589301985,0.000122072901952139,0.000122072901952139,810.16593439405
1735672740,0.00012642114041686,0.00012642114041686,0.000124784809723136,0.000124784809723136,136.44950171008
1735672680,0.000127886882934263,0.000128677195525218,0.00012642114041686,0.00012642114041686,163.75016498493
1735672620,0.000115014855167455,0.000127886882934263,0.000115014855167455,0.000127886882934263,1388.50982324622
1735672560,0.000117420996822065,0.000117420996822065,0.0001134554306744,0.000115014855167455,371.8657820566
1735672500,0.000115123726244257,0.000119402398371396,0.000115123726244257,0.000117420996822065,682.14259666612
1735672440,0.000109655853881778,0.000115123726244257,0.000109655853881778,0.000115123726244257,703.22345701188
1735672380,0.000114000209833296,0.000114000209833296,0.000109655853881778,0.000109655853881778,431.60375610856
1735672320,0.000113543262011905,0.000114000209833296,0.000112815565832985,0.000114000209833296,272.43662414565
1735672260,0.000111600905368797,0.000114033356289541,0.000111600905368797,0.000113543262011905,271.81809249081
1735672200,0.000110175968773991,0.000111600905368797,0.000110175968773991,0.000111600905368797,122.49374954468
1735672140,0.000107852376245131,0.000110175968773991,0.000107852376245131,0.000110175968773991,247.68941053344
1735672080,0.000106094991039725,0.000107852376245131,0.000106094991039725,0.000107852376245131,167.46391718415
1735672020,0.000107428321642678,0.000107428321642678,0.000101829939158453,0.000106094991039725,1027.18374725626
1735671960,0.000109189652413232,0.000109671974262072,0.000107428321642678,0.000107428321642678,259.71952246011
1735671900,0.00010813489675364,0.000109189652413232,0.000107241520945994,0.000109189652413232,402.45149527294
1735671840,0.00010906010082828,0.000109270112974269,0.00010813489675364,0.00010813489675364,166.22703339466
1735671780,0.000127175455776023,0.000127175455776023,0.00010906010082828,0.00010906010082828,2051.78786655257
1735671720,0.000128324191948698,0.000128324191948698,0.000127175455776023,0.000127175455776023,66.207524802
1735671660,0.000132090405029311,0.00013390348147657,0.000126113168388639,0.000128324191948698,2070.80358995667
1735671600,0.000129946598637423,0.000134722384717392,0.000129701726988,0.000132090405029311,1138.3121794894
1735671540,0.000126471692539234,0.000129946598637423,0.000126471692539234,0.000129946598637423,481.7551589474
1735671480,0.000123019969100459,0.000126471692539234,0.000122633188073326,0.000126471692539234,434.49904310247
1735671420,0.000130023914249899,0.000130023914249899,0.000123019969100459,0.000123019969100459,551.13196176896
1735671360,0.000132660042628156,0.000135977063464034,0.000130023914249899,0.000130023914249899,1001.17534586888
1735671300,0.000132807370140407,0.000133532854179571,0.000132660042628156,0.000132660042628156,172.83776510822
1735671240,0.000124475383670082,0.000132807370140407,0.000124475383670082,0.000132807370140407,842.65444560992
1735671180,0.0001223668039043,0.00012717455979125,0.0001223668039043,0.000124475383670082,839.44728198344
1735671120,0.000118081289870126,0.000123646946779594,0.000118081289870126,0.0001223668039043,601.83304425763
1735671060,0.000117477335528785,0.000118509378085432,0.000117477335528785,0.000118081289870126,76.35696449778
1735671000,0.000114624216747784,0.000117477335528785,0.000114624216747784,0.000117477335528785,771.91875061504
1735670940,0.00011412097321286,0.000114959331093494,0.00011412097321286,0.000114624216747784,62.77616922159
1735670880,0.00011520606067006,0.00011520606067006,0.000112803784753831,0.00011412097321286,437.01257441163
1735670820,0.000113072243176343,0.000117500232873585,0.000113072243176343,0.00011520606067006,658.36640080638
1735670760,0.000110857736097651,0.000113846881936377,0.000110857736097651,0.000113072243176343,239.44773669982
1735670700,0.000115433931730123,0.000115433931730123,0.000109310724824558,0.000110857736097651,817.66260535044
1735670640,0.000114796302303404,0.0001155901954392,0.000114796302303404,0.000115433931730123,143.0035569828
1735670580,0.000113780321508562,0.000114796302303404,0.000113780321508562,0.000114796302303404,56.1349224
1735670520,0.000112168762348422,0.000115261970966516,0.000112168762348422,0.000113780321508562,625.41262112425
1735670460,0.000116149226689483,0.000116149226689483,0.0001117139262945,0.000112168762348422,264.09832678021
1735670400,0.000118581241641462,0.000119139928146911,0.000116149226689483,0.000116149226689483,529.47112505711
1735670340,0.000116661242400383,0.000118581241641462,0.000116661242400383,0.000118581241641462,144.51134078873
1735670280,0.000117187004946833,0.000117288539626811,0.000116661242400383,0.000116661242400383,19.47649384908
1735670220,0.000113681190547284,0.000117187004946833,0.000113681190547284,0.000117187004946833,325.39009250366
1735670160,0.000110274714642321,0.000114664342238782,0.000110274714642321,0.000113681190547284,421.52956836664
1735670100,0.000110582797998087,0.00011110850785288,0.000110274714642321,0.000110274714642321,48.4250779199
1735670040,0.000111298516658561,0.000111298516658561,0.000110582797998087,0.000110582797998087,51.96138690352
1735669980,0.00010788803646245,0.000111865636515591,0.00010788803646245,0.000111298516658561,278.82899543708
1735669920,9.98038433799349e-05,0.00010788803646245,9.97474015715636e-05,0.00010788803646245,1240.573290482
1735669860,9.8864416744973e-05,9.98038433799349e-05,9.78500664224519e-05,9.98038433799349e-05,307.59748435782
1735669800,0.000104480241960514,0.000105109059691358,9.8864416744973e-05,9.8864416744973e-05,674.89641388206
1735669740,0.000108038410598371,0.000108038410598371,0.000104480241960514,0.000104480241960514,466.79459986979
1735669680,9.7011549836541e-05,0.000109000383833103,9.7011549836541e-05,0.000108038410598371,1214.6207211275
1735669620,9.74279078953585e-05,9.77258222746742e-05,9.66598381460675e-05,9.7011549836541e-05,139.1224369845
1735669560,9.34292775978113e-05,9.74279078953585e-05,9.32732633583879e-05,9.74279078953585e-05,413.447600611
1735669500,9.02755992670568e-05,9.34910245877821e-05,9.00440356211708e-05,9.34292775978113e-05,386.31241627698
1735669440,9.70432627945329e-05,9.70432627945329e-05,9.00312485565077e-05,9.02755992670568e-05,754.72387099765
1735669380,9.99679131946068e-05,0.000101462350837319,9.70432627945329e-05,9.70432627945329e-05,859.17533437538
1735669320,0.000113518751797437,0.000114456241294562,9.99679131946068e-05,9.99679131946068e-05,1534.8076941063
1735669260,0.000114118093309514,0.000114124113879417,0.000113518751797437,0.000113518751797437,5.11822229098
1735669200,0.000111294094998787,0.000114269372966879,0.000111294094998787,0.000114118093309514,356.17795087381
1735669140,0.000114730062148426,0.000114730062148426,0.000108520322579049,0.000111294094998787,528.09334845925
1735669080,0.000122571838150142,0.000122571838150142,0.000114730062148426,0.000114730062148426,1189.12159830844
1735669020,0.000126145506553387,0.000126145506553387,0.000122571838150142,0.000122571838150142,259.2111840879
1735668960,0.000130159685344498,0.000130159685344498,0.000126145506553387,0.000126145506553387,525.51907836466
1735668900,0.000135003003568208,0.000135003003568208,0.000130159685344498,0.000130159685344498,419.94213774769
1735668840,0.000139438373584379,0.00014023643481984,0.000134374652549954,0.000135003003568208,507.8497163305
1735668780,0.000132630352507589,0.000141353481410412,0.000131926776503168,0.000139438373584379,917.99552642172
1735668720,0.000120574031754084,0.000132630352507589,0.000120574031754084,0.000132630352507589,978.66994451238
1735668660,0.000118285296549179,0.000120574031754084,0.000115052620642751,0.000120574031754084,890.77702810085
1735668600,0.000110440736606287,0.000119325709561169,0.000110032103285257,0.000118285296549179,882.50852767884
1735668540,0.000108269465765765,0.000110440736606287,0.00010808546955939,0.000110440736606287,177.45091220304
1735668480,0.000111895398903961,0.000111895398903961,0.000106309070657902,0.000108269465765765,935.59752668697
1735668420,0.000112212807640481,0.000112921351420589,0.000111895398903961,0.000111895398903961,159.65198132651
1735668360,0.000112076734676709,0.000113252091017457,0.000112035079053142,0.000112212807640481,241.66408510447
1735668300,0.000110645509265259,0.000123473998987396,0.000110189075826908,0.000112076734676709,2328.69048320582
1735668240,0.00011081880324947,0.000114138802607339,0.000110287413259101,0.000110645509265259,476.57120991255
1735668180,0.000118836075851899,0.000118836075851899,0.000107328345216638,0.00011081880324947,1556.74445954052
1735668120,0.000123906269461792,0.000126710683597798,0.000118836075851899,0.000118836075851899,1963.86279834779
1735668060,0.000146691334983215,0.000149957470594771,0.000123852906364694,0.000123906269461792,2953.28991507588
1735668000,0.000137503194411533,0.000147471794052982,0.000137503194411533,0.000146691334983215,1687.78779739709
1735667940,0.000139575975621205,0.000143147628781097,0.000136332179176728,0.000137503194411533,1305.32251762314
1735667880,0.000129922767923375,0.000139575975621205,0.000129922767923375,0.000139575975621205,1304.25053510534
1735667820,0.000130559121582313,0.000130559121582313,0.000128208868331543,0.000129922767923375,595.53335410692
1735667760,0.000149066400376996,0.000151625853921598,0.000129995728398741,0.000130559121582313,4622.70531364728
1735667700,0.00013650804109146,0.000151029613105173,0.00013650804109146,0.000149066400376996,2397.92368875906
1735667640,0.000125342881744911,0.000138335289599863,0.000125342881744911,0.00013650804109146,1619.71290383904
1735667580,0.000119838557133522,0.000125542609485046,0.000118475643426795,0.000125342881744911,1240.69162966084
1735667520,0.000117150055401926,0.000119838557133522,0.000117121918530983,0.000119838557133522,254.91538212212
1735667460,0.00011105077838468,0.00011729058667665,0.000109689293072354,0.000117150055401926,1323.66059713708
1735667400,0.000110566930495422,0.000111859788857165,0.000110566930495422,0.00011105077838468,244.33910319648
1735667340,0.000107756656902041,0.000110717737302457,0.000106889891843727,0.000110566930495422,515.72503111296
1735667280,0.000100061000673055,0.000107756656902041,0.000100061000673055,0.000107756656902041,661.63252072547
1735667220,9.7886410412168e-05,0.000100061000673055,9.7886410412168e-05,0.000100061000673055,323.3491671596
1735667160,9.84130552812666e-05,0.000101183793030821,9.40077856760857e-05,9.7886410412168e-05,1855.9670429924
1735667100,9.91964377771162e-05,0.000100916471063253,9.84130552812666e-05,9.84130552812666e-05,322.89610035519
1735667040,0.00011021934393445,0.000110389117440595,9.91964377771162e-05,9.91964377771162e-05,1212.28921273759
