0,1,2,3,4,5
1729277820,8.311212468858842e-06,8.311212468858842e-06,8.264465234884311e-06,8.264465234884311e-06,4.2432610312185615
1729277280,7.744622022436922e-06,8.311212468858842e-06,7.744622022436922e-06,8.311212468858842e-06,180.62619381271656
1729276020,7.770797902844621e-06,7.770797902844621e-06,7.744622022436922e-06,7.744622022436922e-06,19.79797285306404
1729275900,7.779600335747352e-06,7.779600335747352e-06,7.770797902844621e-06,7.770797902844621e-06,0.874373168226244
1729275000,7.724871225399267e-06,7.779600335747352e-06,7.724871225399267e-06,7.779600335747352e-06,15.553072962997573
1729273800,7.733813589069644e-06,7.733813589069644e-06,7.724871225399267e-06,7.724871225399267e-06,1.4679550446208693
1729273620,7.756688121089486e-06,7.756688121089486e-06,7.733813589069644e-06,7.733813589069644e-06,3.7816441246644663
1729273560,7.805230704122378e-06,7.805230704122378e-06,7.756688121089486e-06,7.756688121089486e-06,9.683191357453518
1729273140,7.593379333909894e-06,7.805230704122378e-06,7.321373939970956e-06,7.805230704122378e-06,200.5470245808481
1729272360,7.02628765759445e-06,7.864492006675464e-06,7.02628765759445e-06,7.593379333909894e-06,496.71076982245756
1729272180,7.028840922627774e-06,7.028840922627774e-06,7.02628765759445e-06,7.02628765759445e-06,12.782735260169543
1729272060,7.10890725391234e-06,7.10890725391234e-06,7.028840922627774e-06,7.028840922627774e-06,36.20244243915227
1729271880,7.3297584307940645e-06,7.3297584307940645e-06,7.080177564824863e-06,7.10890725391234e-06,19.694800073958426
1729271640,7.359960581342012e-06,7.568655715740929e-06,7.3297584307940645e-06,7.3297584307940645e-06,220.25850648412353
1729271340,7.326613727012498e-06,7.359960581342012e-06,7.326613727012498e-06,7.359960581342012e-06,0.934222294649726
1729271160,7.522801164667327e-06,7.522801164667327e-06,7.326613727012498e-06,7.326613727012498e-06,3.071606793894314
1729270140,7.754595882834331e-06,7.754595882834331e-06,7.522801164667327e-06,7.522801164667327e-06,134.72451404811903
1729270080,7.762811943948698e-06,7.762811943948698e-06,7.754595882834331e-06,7.754595882834331e-06,1.5151368900539837
1729269960,7.769651948947157e-06,7.769651948947157e-06,7.762811943948698e-06,7.762811943948698e-06,3.304391575479434
1729269780,7.875295544346542e-06,7.875295544346542e-06,7.769651948947157e-06,7.769651948947157e-06,1.6903294567643694
1729269720,8.462026221722211e-06,8.462026221722211e-06,7.875295544346542e-06,7.875295544346542e-06,189.2909172982981
1729269660,8.736690843882962e-06,8.736690843882962e-06,8.420149596678804e-06,8.462026221722211e-06,0.24698643984369836
1729269600,9.118300140443111e-06,9.118300140443111e-06,8.736690843882962e-06,8.736690843882962e-06,177.78027160376544
1729269540,9.180904292879102e-06,9.180904292879102e-06,9.118300140443111e-06,9.118300140443111e-06,35.95360163766321
1729269360,1.2734709858335472e-05,1.2734709858335472e-05,9.180904292879102e-06,9.180904292879102e-06,585.8670361883824
1729268940,1.2173184082269954e-05,1.2734709858335472e-05,1.1488059874042543e-05,1.2734709858335472e-05,352.16424074166036
1729268760,1.1461171188279399e-05,1.2173184082269954e-05,1.1461171188279399e-05,1.2173184082269954e-05,308.7027032957472
1729268460,1.2351481827614248e-05,1.2351481827614248e-05,1.1461171188279399e-05,1.1461171188279399e-05,268.17698172375043
1729268160,1.2368481420242888e-05,1.2368481420242888e-05,1.2351481827614248e-05,1.2351481827614248e-05,4.566085993745419
1729267800,1.2342276929999377e-05,1.2368481420242888e-05,1.2342276929999377e-05,1.2368481420242888e-05,15.449074581663176
1729267500,1.2427381699052004e-05,1.2427381699052004e-05,1.2342276929999377e-05,1.2342276929999377e-05,7.6618862626352255
1729267260,1.2485617845576936e-05,1.2485617845576936e-05,1.2427381699052004e-05,1.2427381699052004e-05,75.22173382545868
1729267200,1.2296983209872556e-05,1.2485617845576936e-05,1.2296983209872556e-05,1.2485617845576936e-05,77.40644205627945
1729267140,1.290643922314335e-05,1.290643922314335e-05,1.2296983209872556e-05,1.2296983209872556e-05,17.383118102209316
1729267080,1.59663671827293e-05,1.59663671827293e-05,1.2368447482826986e-05,1.290643922314335e-05,163.89339861698008
1729266900,1.280603682351299e-05,1.59663671827293e-05,1.280603682351299e-05,1.59663671827293e-05,1358.1923711793927
1729266840,1.3103720635341097e-05,1.3103720635341097e-05,1.280603682351299e-05,1.280603682351299e-05,26.119759291073812
1729266600,1.3373337790963726e-05,1.3373337790963726e-05,1.3103720635341097e-05,1.3103720635341097e-05,104.45521106410911
1729266000,1.3345696606552083e-05,1.3373337790963726e-05,1.3292198449184968e-05,1.3373337790963726e-05,8.876437719984072
1729265700,1.3524500941238834e-05,1.3524500941238834e-05,1.3345696606552083e-05,1.3345696606552083e-05,14.896818664358689
1729265580,1.3738782575095148e-05,1.3738782575095148e-05,1.3524500941238834e-05,1.3524500941238834e-05,65.80952795465515
1729265460,1.3703477395199055e-05,1.3738782575095148e-05,1.3703477395199055e-05,1.3738782575095148e-05,2.7477565150190295
1729265400,1.376455928770353e-05,1.376455928770353e-05,1.3703477395199055e-05,1.3703477395199055e-05,25.258362223170998
1729264860,1.3849328016343971e-05,1.3849328016343971e-05,1.376455928770353e-05,1.376455928770353e-05,12.485384383584766
1729264200,1.3778931577604165e-05,1.3849328016343971e-05,1.3778931577604165e-05,1.3849328016343971e-05,15.45898533175181
1729264140,1.4154034811684794e-05,1.4154034811684794e-05,1.3778931577604165e-05,1.3778931577604165e-05,14.838656134570765
1729264020,1.452237163795703e-05,1.452237163795703e-05,1.4154034811684794e-05,1.4154034811684794e-05,149.81152198430948
1729263960,1.4601793022735746e-05,1.4601793022735746e-05,1.452237163795703e-05,1.452237163795703e-05,8.09479805994794
1729263840,1.4488143340757731e-05,1.4601793022735746e-05,1.4488143340757731e-05,1.4601793022735746e-05,1.5449083250373699
1729263660,1.434260646564244e-05,1.4488143340757731e-05,1.434260646564244e-05,1.4488143340757731e-05,46.34315797464659
1729263480,1.3957274317940927e-05,1.434260646564244e-05,1.3957274317940927e-05,1.434260646564244e-05,15.445682723547192
1729263360,1.346469928014281e-05,1.3957274317940927e-05,1.346469928014281e-05,1.3957274317940927e-05,150.30421088133082
1729262640,1.3259845840702881e-05,1.346469928014281e-05,1.3259845840702881e-05,1.346469928014281e-05,61.72306618185431
1729262400,1.3316360737422602e-05,1.3316360737422602e-05,1.3259845840702881e-05,1.3259845840702881e-05,2.661228415037822
1729262220,1.3755653391614939e-05,1.3755653391614939e-05,1.3316360737422602e-05,1.3316360737422602e-05,25.225885164240946
1729261860,1.3182612212068918e-05,1.3755653391614939e-05,1.3182612212068918e-05,1.3755653391614939e-05,216.6370794198273
1729261800,1.3291639038024847e-05,1.3291639038024847e-05,1.3182612212068918e-05,1.3182612212068918e-05,11.01985819802888
1729261680,1.3062741011240214e-05,1.3291639038024847e-05,1.3062741011240214e-05,1.3291639038024847e-05,29.226602987879406
1729261320,1.2667363264559529e-05,1.3062741011240214e-05,1.2667363264559529e-05,1.3062741011240214e-05,153.49915705825012
1729261080,1.2944107880639131e-05,1.2944107880639131e-05,1.2667363264559529e-05,1.2667363264559529e-05,5.525070004940059
1729260660,1.3138696349950758e-05,1.3138696349950758e-05,1.2944107880639131e-05,1.2944107880639131e-05,86.96741268385341
1729260600,1.3397246827754932e-05,1.3397246827754932e-05,1.3138696349950758e-05,1.3138696349950758e-05,0.5979439239811308
1729260540,1.4517306166693845e-05,1.4517306166693845e-05,1.3397246827754932e-05,1.3397246827754932e-05,280.67196164076637
1729260480,1.4917595669518393e-05,1.4917595669518393e-05,1.4517306166693845e-05,1.4517306166693845e-05,84.3215516151082
1729260420,1.5375949861797694e-05,1.5375949861797694e-05,1.4917595669518393e-05,1.4917595669518393e-05,48.949296750364894
1729260060,1.5851784744752295e-05,1.5851784744752295e-05,1.5375949861797694e-05,1.5375949861797694e-05,177.09876857484628
1729259940,1.600821903077408e-05,1.600821903077408e-05,1.5851784744752295e-05,1.5851784744752295e-05,18.84439575982271
1729259880,1.620322013670657e-05,1.620322013670657e-05,1.600821903077408e-05,1.600821903077408e-05,44.82233598368694
1729259700,1.6197610632370115e-05,1.620322013670657e-05,1.6197610632370115e-05,1.620322013670657e-05,1.5337533884228662
1729259640,1.618220234442989e-05,1.6197610632370115e-05,1.618220234442989e-05,1.6197610632370115e-05,0.7668809625083439
1729259580,1.621196467282553e-05,1.621196467282553e-05,1.6137290276391318e-05,1.618220234442989e-05,13.009169003195863
1729259220,1.6308714121098488e-05,1.6308714121098488e-05,1.614297799080541e-05,1.621196467282553e-05,27.854800580882845
1729259040,1.6363421813745187e-05,1.6363421813745187e-05,1.6308714121098488e-05,1.6308714121098488e-05,14.824084780861797
1729258980,1.6408968218202396e-05,1.6408968218202396e-05,1.6363421813745187e-05,1.6363421813745187e-05,10.110892885025896
1729258860,1.663744290267271e-05,1.663744290267271e-05,1.6408968218202396e-05,1.6408968218202396e-05,90.21456050383186
1729258800,2.1637769024598403e-05,2.1637769024598403e-05,1.663744290267271e-05,1.663744290267271e-05,983.0419723001136
1729258500,2.1812574145467044e-05,2.1812574145467044e-05,2.1637769024598403e-05,2.1637769024598403e-05,36.59999500501987
1729258380,2.208304973997995e-05,2.208304973997995e-05,2.1812574145467044e-05,2.1812574145467044e-05,15.139825770728352
1729258140,2.2366758045288496e-05,2.2591870919086267e-05,2.208304973997995e-05,2.208304973997995e-05,158.11307113170147
1729258020,2.2015050754729197e-05,2.2366758045288496e-05,2.2015050754729197e-05,2.2366758045288496e-05,71.9914598986993
1729257660,2.168936645256883e-05,2.2015050754729197e-05,2.168936645256883e-05,2.2015050754729197e-05,76.4318153329117
1729257600,2.1190918934709832e-05,2.168936645256883e-05,2.1190918934709832e-05,2.168936645256883e-05,67.25999749296228
1729257540,1.7453038064338283e-05,2.1190918934709832e-05,1.7453038064338283e-05,2.1190918934709832e-05,765.163022797556
1729257480,1.77554441176194e-05,1.77554441176194e-05,1.7453038064338283e-05,1.7453038064338283e-05,116.27560433451143
1729257420,1.7645002520629414e-05,1.77554441176194e-05,1.7645002520629414e-05,1.77554441176194e-05,0.11376901459772978
1729257300,1.7560527500455593e-05,1.7645002520629414e-05,1.7560527500455593e-05,1.7645002520629414e-05,76.33327598907825
1729257120,1.7756110426445935e-05,1.7756110426445935e-05,1.7560527500455593e-05,1.7560527500455593e-05,76.53613125630727
1729256580,1.7864511048091876e-05,1.7864511048091876e-05,1.7756110426445935e-05,1.7756110426445935e-05,11.565201265186165
1729256400,1.6705164978077393e-05,1.7864511048091876e-05,1.6705164978077393e-05,1.7864511048091876e-05,150.7966920790158
1729256340,1.4114783327269964e-05,1.6705164978077393e-05,1.4114783327269964e-05,1.6705164978077393e-05,609.5791698617426
1729256100,1.42735999392262e-05,1.42735999392262e-05,1.4114783327269964e-05,1.4114783327269964e-05,22.59689166454898
1729255980,1.4401660346798574e-05,1.4401660346798574e-05,1.42735999392262e-05,1.42735999392262e-05,45.46464600647294
1729255860,1.4226609714645956e-05,1.4401660346798574e-05,1.4226609714645956e-05,1.4401660346798574e-05,22.883803885558546
1729255320,1.402262357295038e-05,1.4226609714645956e-05,1.402262357295038e-05,1.4226609714645956e-05,61.11551089859204
1729254720,1.396021630997316e-05,1.402262357295038e-05,1.3883471952074117e-05,1.402262357295038e-05,30.977664430047433
1729254660,1.4316321994816435e-05,1.4316321994816435e-05,1.396021630997316e-05,1.396021630997316e-05,45.89834657403858
1729254600,1.4543549062801597e-05,1.4543549062801597e-05,1.4316321994816435e-05,1.4316321994816435e-05,95.0260886997808
1729254300,1.4299881665518576e-05,1.4543549062801597e-05,1.4299881665518576e-05,1.4543549062801597e-05,30.5814689396971
1729254240,1.616208464344664e-05,1.616208464344664e-05,1.3947070873070256e-05,1.4299881665518576e-05,659.5573327490379
1729254000,1.5216044853495158e-05,1.616208464344664e-05,1.5216044853495158e-05,1.616208464344664e-05,334.48181260991896
1729253940,1.5474910065678173e-05,1.5474910065678173e-05,1.46446142855629e-05,1.5216044853495158e-05,203.17199411948965
1729253880,1.636645051929259e-05,1.636645051929259e-05,1.5474910065678173e-05,1.5474910065678173e-05,233.68509895495288
1729253820,1.6517429526853377e-05,1.6517429526853377e-05,1.636645051929259e-05,1.636645051929259e-05,88.51409839753997
1729253760,1.8486494835553533e-05,1.8486494835553533e-05,1.6285161205375916e-05,1.6517429526853377e-05,392.3466182303342
1729253700,2.0169614996831675e-05,2.0169614996831675e-05,1.8486494835553533e-05,1.8486494835553533e-05,513.616936256032
1729253640,2.051857420244717e-05,2.051857420244717e-05,2.0169614996831675e-05,2.0169614996831675e-05,98.20975053374949
1729253580,2.0493151081044985e-05,2.051857420244717e-05,2.0493151081044985e-05,2.051857420244717e-05,7.580886318980721
1729253520,2.0954839450972015e-05,2.0954839450972015e-05,2.0493151081044985e-05,2.0493151081044985e-05,1.5215293771832217
1729252560,2.1446340077087565e-05,2.1498845821523935e-05,2.0954839450972015e-05,2.0954839450972015e-05,229.22614421854303
1729252500,2.1515673146399258e-05,2.1605165412678025e-05,2.1446340077087565e-05,2.1446340077087565e-05,23.33256029281799
1729252440,2.2282173729034066e-05,2.2282173729034066e-05,2.1515673146399258e-05,2.1515673146399258e-05,9.037586951030233
1729252260,2.2933367477014088e-05,2.2933367477014088e-05,2.2282173729034066e-05,2.2282173729034066e-05,258.3074236516052
1729252200,2.2426588690180813e-05,2.2933367477014088e-05,2.2426588690180813e-05,2.2933367477014088e-05,107.4189291485785
1729252140,2.6755053626326812e-05,2.6755053626326812e-05,2.2426588690180813e-05,2.2426588690180813e-05,760.341843873638
1729252080,2.773521564769695e-05,2.773521564769695e-05,2.6755053626326812e-05,2.6755053626326812e-05,64.61598434096173
1729252020,3.069456709589167e-05,3.069456709589167e-05,2.773521564769695e-05,2.773521564769695e-05,466.6554760532078
1729251960,2.9892133676880317e-05,3.127409638225895e-05,2.9892133676880317e-05,3.069456709589167e-05,380.81383451534714
1729251900,2.9338672679628253e-05,2.9892133676880317e-05,2.9338672679628253e-05,2.9892133676880317e-05,153.4696374622282
1729251840,2.3371150722978373e-05,2.9338672679628253e-05,2.3371150722978373e-05,2.9338672679628253e-05,948.4884004078091
1729251780,2.080131714678579e-05,2.3371150722978373e-05,2.080131714678579e-05,2.3371150722978373e-05,439.08185435824134
1729251720,2.0917084797019443e-05,2.0917084797019443e-05,2.080131714678579e-05,2.080131714678579e-05,13.062811649683633
1729251660,2.1147266743726712e-05,2.1147266743726712e-05,2.0917084797019443e-05,2.0917084797019443e-05,16.349683706366733
1729251600,2.0920151957712346e-05,2.120803311748332e-05,2.0920151957712346e-05,2.1147266743726712e-05,137.69885503742907
1729251480,2.1039493537094503e-05,2.1039493537094503e-05,2.0920151957712346e-05,2.0920151957712346e-05,11.191425714624609
1729251360,2.1542087758250484e-05,2.1542087758250484e-05,2.1039493537094503e-05,2.1039493537094503e-05,46.384187464138805
1729251240,2.1704346365161823e-05,2.1704346365161823e-05,2.1199595776963142e-05,2.1542087758250484e-05,161.56704786157493
1729251180,2.2895715377891867e-05,2.2895715377891867e-05,2.1704346365161823e-05,2.1704346365161823e-05,205.42916626478112
1729251120,2.3269276596116034e-05,2.3269276596116034e-05,2.2895715377891867e-05,2.2895715377891867e-05,40.02489165467323
1729251000,2.3504616623420958e-05,2.3504616623420958e-05,2.3269276596116034e-05,2.3269276596116034e-05,58.71922125982445
1729250940,2.3258813515712873e-05,2.3504616623420958e-05,2.3258813515712873e-05,2.3504616623420958e-05,19.54540564232055
1729250880,2.2794027396476457e-05,2.344738458050945e-05,2.2794027396476457e-05,2.3258813515712873e-05,139.00273674675918
1729250820,2.2835340008038726e-05,2.2835340008038726e-05,2.2794027396476457e-05,2.2794027396476457e-05,20.155752735615472
1729250760,2.3316006015593346e-05,2.398678071490463e-05,2.2835340008038726e-05,2.2835340008038726e-05,302.7596205463076
1729250580,2.2317056332655656e-05,2.3316006015593346e-05,2.2317056332655656e-05,2.3316006015593346e-05,307.179033718476
1729250460,2.2422743768029082e-05,2.2422743768029082e-05,2.2317056332655656e-05,2.2317056332655656e-05,3.0342356801403225
1729250400,2.2689531905312654e-05,2.2689531905312654e-05,2.2422743768029082e-05,2.2422743768029082e-05,71.5996136426017
1729250340,2.6005269686638173e-05,2.6005269686638173e-05,2.2689531905312654e-05,2.2689531905312654e-05,500.4660059737322
1729250280,2.6664764038181475e-05,3.2694252375082816e-05,2.6005269686638173e-05,2.6005269686638173e-05,2299.9544227221813
1729250220,2.751538756065683e-05,2.7890202630226097e-05,2.6664764038181475e-05,2.6664764038181475e-05,327.73772944206263
1729250160,2.663395622804594e-05,2.751538756065683e-05,2.572239209848947e-05,2.751538756065683e-05,479.51998690920504
1729250100,2.610183484060848e-05,2.663395622804594e-05,2.6098616964002256e-05,2.663395622804594e-05,86.02795843220642
1729250040,2.593404045086717e-05,2.6274831827591582e-05,2.593404045086717e-05,2.610183484060848e-05,74.68940199131146
1729249980,2.486740782887413e-05,2.593404045086717e-05,2.486740782887413e-05,2.593404045086717e-05,200.28044120101293
1729249920,2.3973687188563864e-05,2.486740782887413e-05,2.3973687188563864e-05,2.486740782887413e-05,156.3043487422434
1729249860,2.032154127918456e-05,2.3973687188563864e-05,2.032154127918456e-05,2.3973687188563864e-05,614.604650908578
1729249800,1.9661080461124746e-05,2.032154127918456e-05,1.9661080461124746e-05,2.032154127918456e-05,130.24303037728987
1729249680,1.930931515485343e-05,1.9661080461124746e-05,1.930931515485343e-05,1.9661080461124746e-05,1.891522157458094
1729249440,1.8825435944894814e-05,1.930931515485343e-05,1.8825435944894814e-05,1.930931515485343e-05,165.40421484763687
1729249380,1.8915843988398806e-05,1.8915843988398806e-05,1.8706485181222706e-05,1.8825435944894814e-05,21.175291848181217
1729249260,1.4409399643845791e-05,1.8915843988398806e-05,1.4289068754181854e-05,1.8915843988398806e-05,1103.7945167165253
1729249200,1.4727941179100382e-05,1.4727941179100382e-05,1.4409399643845791e-05,1.4409399643845791e-05,59.80584953079377
1729249080,1.5237692306482217e-05,1.5237692306482217e-05,1.4727941179100382e-05,1.4727941179100382e-05,51.262115433358574
1729248960,1.562520093769837e-05,1.562520093769837e-05,1.5237692306482217e-05,1.5237692306482217e-05,233.85162508236442
1729248900,1.5744870606911765e-05,1.5744870606911765e-05,1.562520093769837e-05,1.562520093769837e-05,29.0510401283311
1729248780,1.6098752975819212e-05,1.6098752975819212e-05,1.568139843333099e-05,1.5744870606911765e-05,95.64179682096184
1729248720,1.726135808142325e-05,1.726135808142325e-05,1.6098752975819212e-05,1.6098752975819212e-05,360.480070972871
1729248480,1.6982758433091427e-05,1.726135808142325e-05,1.6982758433091427e-05,1.726135808142325e-05,11.892501709831093
1729248420,1.7097323614834768e-05,1.7097323614834768e-05,1.6982758433091427e-05,1.6982758433091427e-05,153.67615238391605
1729248360,1.9575715998759852e-05,1.9575715998759852e-05,1.7097323614834768e-05,1.7097323614834768e-05,516.2883962668743
1729248300,2.0700235452363066e-05,2.0700235452363066e-05,1.9575715998759852e-05,1.9575715998759852e-05,140.65099283220542
1729248120,2.0782988682637386e-05,2.0804697468004365e-05,1.99707780481567e-05,2.0700235452363066e-05,219.90660504790904
1729248060,1.800716332879349e-05,2.0782988682637386e-05,1.800716332879349e-05,2.0782988682637386e-05,376.2320134524885
1729248000,1.71903463817693e-05,1.800716332879349e-05,1.71903463817693e-05,1.800716332879349e-05,307.05399205436447
1729247940,2.5731599207770297e-05,2.5731599207770297e-05,1.71903463817693e-05,1.71903463817693e-05,1405.8630640330277
1729247880,2.84102604711715e-05,2.84102604711715e-05,2.5731599207770297e-05,2.5731599207770297e-05,539.3423956855229
1729247820,2.765509932167512e-05,2.84102604711715e-05,2.765509932167512e-05,2.84102604711715e-05,76.74487194481014
1729247760,2.680157897731304e-05,2.765509932167512e-05,2.680157897731304e-05,2.765509932167512e-05,153.48974388962026
1729247700,2.4379431901575998e-05,3.0412488692848693e-05,2.392933857093482e-05,2.680157897731304e-05,2336.4756298980374
1729247640,2.5864639088230228e-05,2.5864639088230228e-05,2.081359158529581e-05,2.4379431901575998e-05,712.239958813389
1729247580,2.0347931342445517e-05,2.5864639088230228e-05,2.0347931342445517e-05,2.5864639088230228e-05,1885.4173797033206
1729247520,1.69226103662693e-05,2.1369826478944905e-05,1.69226103662693e-05,2.0347931342445517e-05,1558.592004418337
1729247460,1.6351411839996927e-05,1.69226103662693e-05,1.6351411839996927e-05,1.69226103662693e-05,169.19207039484917
1729247400,1.5516262851747775e-05,1.6351411839996927e-05,1.5516262851747775e-05,1.6351411839996927e-05,30.401242416828172
1729247340,1.479139496174109e-05,1.5516262851747775e-05,1.479139496174109e-05,1.5516262851747775e-05,396.4375716945162
1729247280,1.4271657703139563e-05,1.479139496174109e-05,1.4271657703139563e-05,1.479139496174109e-05,184.23318406734705
1729247220,1.4263263355097558e-05,1.4271657703139563e-05,1.4190918430646093e-05,1.4271657703139563e-05,50.163603050041
1729247160,1.4529762914622826e-05,1.4529762914622826e-05,1.4263263355097558e-05,1.4263263355097558e-05,72.92457141335356
1729247100,1.4205997074360695e-05,1.4529762914622826e-05,1.4205997074360695e-05,1.4529762914622826e-05,40.52586899349474
1729246980,1.4435977003620155e-05,1.4435977003620155e-05,1.4205997074360695e-05,1.4205997074360695e-05,4.108669791622409
1729246920,1.4894377240723756e-05,1.4894377240723756e-05,1.4435977003620155e-05,1.4435977003620155e-05,171.20225213187487
1729246800,1.3964634118261005e-05,1.4894377240723756e-05,1.3964634118261005e-05,1.4894377240723756e-05,413.2126043529532
1729246740,1.4139389640739295e-05,1.4139389640739295e-05,1.3893758981524413e-05,1.3964634118261005e-05,88.5696855732772
1729246680,1.4367721946073928e-05,1.4367721946073928e-05,1.4139389640739295e-05,1.4139389640739295e-05,0.5917126110738586
1729246620,1.4680177880387285e-05,1.4680177880387285e-05,1.4367721946073928e-05,1.4367721946073928e-05,112.43454762939339
1729246560,1.4349997388079334e-05,1.4680177880387285e-05,1.4349997388079334e-05,1.4680177880387285e-05,32.25887723739061
1729246500,1.4103553747744048e-05,1.4349997388079334e-05,1.4103553747744048e-05,1.4349997388079334e-05,89.36610200257617
1729246440,1.421482038537756e-05,1.4242197840188283e-05,1.4103553747744048e-05,1.4103553747744048e-05,36.1228252712477
1729246380,1.5225261005924804e-05,1.5225261005924804e-05,1.3818844505995293e-05,1.421482038537756e-05,147.0477607961387
1729246320,1.433118265175103e-05,1.5225261005924804e-05,1.3610625663782304e-05,1.5225261005924804e-05,1568.597753750641
1729246260,1.579920023433434e-05,1.579920023433434e-05,1.433118265175103e-05,1.433118265175103e-05,297.3458595245863
1729246200,1.5951863185822282e-05,1.5951863185822282e-05,1.579920023433434e-05,1.579920023433434e-05,35.83326562872012
1729246140,1.696571616673078e-05,1.696571616673078e-05,1.5951863185822282e-05,1.5951863185822282e-05,138.00048416514804
1729246080,1.7749038511913784e-05,1.7749038511913784e-05,1.696571616673078e-05,1.696571616673078e-05,232.63714841398766
1729246020,1.7938070862893963e-05,1.7938070862893963e-05,1.7749038511913784e-05,1.7749038511913784e-05,7.382514335042377
1729245960,1.8424480079717518e-05,1.8424480079717518e-05,1.7938070862893963e-05,1.7938070862893963e-05,164.1478950036689
1729245900,1.786828409762235e-05,1.8424480079717518e-05,1.786828409762235e-05,1.8424480079717518e-05,60.56557218081108
1729245840,1.798270503253691e-05,1.8117492028810378e-05,1.786828409762235e-05,1.786828409762235e-05,99.17306361156386
1729245780,1.7178860945190855e-05,1.8164047020623707e-05,1.7178860945190855e-05,1.798270503253691e-05,238.66639302289545
1729245720,1.6707530736979445e-05,1.7178860945190855e-05,1.6707530736979445e-05,1.7178860945190855e-05,153.62866620366896
1729245660,1.659638798490462e-05,1.6707530736979445e-05,1.6293986160500894e-05,1.6707530736979445e-05,106.59709687145201
1729245600,1.6022577664521977e-05,1.7030891554375768e-05,1.581441906042492e-05,1.659638798490462e-05,532.4567830857424
1729245540,1.6553598973490163e-05,1.6553598973490163e-05,1.6022577664521977e-05,1.6022577664521977e-05,95.37099002879087
1729245480,2.1117659161133704e-05,2.1117659161133704e-05,1.6553598973490163e-05,1.6553598973490163e-05,859.3877767365282
1729245420,2.106412205213731e-05,2.1156963857006875e-05,2.106412205213731e-05,2.1117659161133704e-05,38.1111238199109
1729245360,2.0871283148105423e-05,2.106412205213731e-05,2.0871283148105423e-05,2.106412205213731e-05,17.360256404301214
1729245300,2.1764979783420588e-05,2.2246835850501318e-05,2.0871283148105423e-05,2.0871283148105423e-05,454.88820159045105
1729245240,2.1156837511780883e-05,2.2044957776784133e-05,2.1156837511780883e-05,2.1764979783420588e-05,441.4330351824732
1729245180,1.9614883057895418e-05,2.1637707145759415e-05,1.9475256223228346e-05,2.1156837511780883e-05,652.428339450316
1729245120,1.8401104490993053e-05,1.9614883057895418e-05,1.8098765817626302e-05,1.9614883057895418e-05,556.3493365828042
1729245060,1.865593374108466e-05,1.865593374108466e-05,1.8401104490993053e-05,1.8401104490993053e-05,168.2228867069642
1729245000,1.949485292951251e-05,1.96334686395e-05,1.865593374108466e-05,1.865593374108466e-05,483.0425259559135
1729244940,2.2677800069477256e-05,2.2677800069477256e-05,1.949485292951251e-05,1.949485292951251e-05,931.8290868406428
1729244880,2.401018756874704e-05,2.401018756874704e-05,2.2352666546676298e-05,2.2677800069477256e-05,683.4939873558819
1729244820,2.228222663502684e-05,2.4681822652343195e-05,2.206129807021511e-05,2.401018756874704e-05,766.6371457420898
1729244760,1.8096867594027888e-05,2.228222663502684e-05,1.8096867594027888e-05,2.228222663502684e-05,1447.4919117566462
1729244700,1.9110703979224773e-05,1.9110703979224773e-05,1.8096867594027888e-05,1.8096867594027888e-05,170.6126088530936
1729244640,2.0820287237148516e-05,2.0820287237148516e-05,1.9110703979224773e-05,1.9110703979224773e-05,305.20721782121706
1729244580,2.2026645084176298e-05,2.2026645084176298e-05,2.0642384486632595e-05,2.0820287237148516e-05,215.2833821082724
1729244520,2.624913965102495e-05,2.624913965102495e-05,2.191234013134148e-05,2.2026645084176298e-05,1048.8672913212722
1729244460,2.852569639047723e-05,2.852569639047723e-05,2.5581176595900695e-05,2.624913965102495e-05,588.363746505469
1729244400,2.5920590553185085e-05,2.852569639047723e-05,2.5920590553185085e-05,2.852569639047723e-05,542.8178247614541
1729244340,2.409059096744789e-05,2.6113126153785652e-05,2.3106859370275616e-05,2.5920590553185085e-05,636.1464066279497
1729244280,2.2352775383875934e-05,2.4818786259344706e-05,2.2352775383875934e-05,2.409059096744789e-05,740.8073063576393
1729244220,2.035761868596476e-05,2.2352775383875934e-05,2.035761868596476e-05,2.2352775383875934e-05,323.92818552110424
1729244160,2.0294084878112055e-05,2.035761868596476e-05,1.8619718985802758e-05,2.035761868596476e-05,748.9324206243956
1729244100,2.659797725361546e-05,2.7218376255794437e-05,2.0294084878112055e-05,2.0294084878112055e-05,1631.83714840324
1729244040,2.3218815817058975e-05,3.1817177884574824e-05,2.3218815817058975e-05,2.659797725361546e-05,3680.570991447408
1729243980,3.265233173090803e-05,3.265233173090803e-05,2.0422396076575402e-05,2.3218815817058975e-05,2685.543366753858
1729243920,3.649215194544802e-05,3.649215194544802e-05,3.265233173090803e-05,3.265233173090803e-05,587.5354731607247
1729243860,3.709671006429037e-05,3.709671006429037e-05,3.233973908158377e-05,3.649215194544802e-05,1454.024576787488
1729243800,5.0986601135267496e-05,5.243147582027597e-05,3.709671006429037e-05,3.709671006429037e-05,2096.31866098865
1729243740,4.349102719139194e-05,5.0986601135267496e-05,4.349102719139194e-05,5.0986601135267496e-05,1007.2489990120823
1729243680,3.7692845278594756e-05,4.349102719139194e-05,3.7692845278594756e-05,4.349102719139194e-05,761.2756808100116
1729243620,3.411054044885506e-05,3.7692845278594756e-05,3.0852020601151165e-05,3.7692845278594756e-05,2493.654499405261
1729243560,4.544015620776345e-05,4.544015620776345e-05,3.382098728188836e-05,3.411054044885506e-05,2290.6466341278483
1729243500,4.687681713774988e-05,4.736803523296433e-05,3.980861966318593e-05,4.544015620776345e-05,4108.490668150114
1729243440,3.64497677480358e-05,4.687681713774988e-05,3.2324689014226476e-05,4.687681713774988e-05,6676.702150412369
1729243380,2.4038718962707416e-05,7.112967285481527e-05,2.397056994872346e-05,3.64497677480358e-05,19909.26693677226
1729243320,1.4597297904610192e-05,2.4038718962707416e-05,1.4407516090658849e-05,2.4038718962707416e-05,2683.167163416336
1729243260,1.2444594507055453e-05,1.4712231865470467e-05,1.2444594507055453e-05,1.4597297904610192e-05,589.6537291613425
1729243200,1.2977971040897757e-05,1.5056635537529592e-05,1.2444594507055453e-05,1.2444594507055453e-05,1159.4915150596673
1729243140,1.6099012205761927e-05,1.6291272997582775e-05,1.2977971040897757e-05,1.2977971040897757e-05,992.1069713888164
1729243080,2.0094804722280146e-05,2.0420703089689216e-05,1.543162227859436e-05,1.6099012205761927e-05,2692.5347539696468
1729243020,2.374342716552675e-05,2.4426819805962908e-05,1.941125024906353e-05,2.0094804722280146e-05,1961.3501058242273
1729242960,2.2379510266491943e-05,2.7882618054086434e-05,2.039057994763717e-05,2.374342716552675e-05,4146.477646367653
1729242900,2.7426582693731385e-05,2.937851463332866e-05,1.9495931027514143e-05,2.2379510266491943e-05,3665.102510956109
1729242840,3.244793256637285e-05,3.244793256637285e-05,2.470788436782273e-05,2.7426582693731385e-05,4213.927500811327
1729242780,2.8293739995700114e-05,3.976102796269151e-05,2.8293739995700114e-05,3.244793256637285e-05,7345.563742804183
1729242720,4.9791122752672954e-05,5.2229869126108455e-05,2.6771172896993494e-05,2.8293739995700114e-05,9043.853602071595
1729242660,3.7150364217026366e-05,5.1049989020808886e-05,3.4579344628101456e-05,4.9791122752672954e-05,6995.083469400344
1729242600,4.5815415767225946e-05,4.5815415767225946e-05,3.401943637544997e-05,3.7150364217026366e-05,7362.351006197828
1729242540,5.61811567306543e-05,5.6262538663367144e-05,4.198164556395141e-05,4.5815415767225946e-05,9003.52464367169
1729242480,5.515445365863812e-05,6.523368652546875e-05,3.773879435431453e-05,5.61811567306543e-05,17232.803377616776
1729242420,6.345930056896002e-05,6.774723407631135e-05,5.3141808214114495e-05,5.515445365863812e-05,4211.954009047475
