time,open,high,low,close,volume,usd_vol,price_change,vol_change,norm_open,mov_in_min
1731650100.0,8.442956096302445e-05,0.000109602862047,6.619039605999555e-05,8.418455823693317e-05,22754.89973507749,1.91839868815672,-0.0029018595299646014,0.0,1.0,0.5141856180682587
1731650160.0,8.418455823693317e-05,0.0001290585480001,8.30203592487345e-05,0.0001129462435426,21908.918788999006,2.1594613634990267,0.3416503680487166,0.12565827782854147,0.9970981404700354,0.5468721308935703
1731650220.0,0.0001129462435426,0.0001449551958147,0.0001069737794641,0.0001332896509133,18477.620013237178,2.274926645687848,0.1801158385849907,0.05346948277959925,1.337757087142314,0.3362787035610842
1731650280.0,0.0001332896509133,0.0002312478029616,0.0001261864697609,0.0001403907646821,25850.95310733106,3.537449794975781,0.05327580738746948,0.55497312481748,1.5787083267159663,0.7882182336049371
1731650340.0,0.0001403907646821,0.0001668965129521,0.0001375733751326,0.000154271738737,17547.49395287886,2.585294248443402,0.09887384035788954,-0.26916439856891244,1.6628152874510804,0.20886799702173525
1731650400.0,0.000154271738737,0.0001912619935912,0.0001414014503089,0.0001700225652208,17121.522506851088,2.7762061120285404,0.10209793843480142,0.07384531323662125,1.8272242207271767,0.32319946407878036
1731650460.0,0.0001700225652208,0.0001700225652208,0.0001249321942534,0.0001324194729448,14770.630623683675,2.233629815409059,-0.2211653037181665,-0.19543804556464556,2.013780046721558,0.2652022742325016
1731650520.0,0.0001324194729448,0.0001600417559885,0.000130894149341,0.0001376264896151,11392.044796952388,1.538187851359254,0.03932213710343485,-0.31135059142396176,1.568401771066801,0.22011571258594553
1731650580.0,0.0001376264896151,0.0001821953928686,0.0001376264896151,0.0001644401524295,6712.890847738879,1.0138701983942058,0.19482922865641475,-0.3408671135334499,1.63007468054196,0.32383957026111654
1731650640.0,0.0001644401524295,0.0001957566657573,0.0001401930373969,0.0001401930373969,9411.508051948718,1.433528859470993,-0.14745252101973946,0.4139175426415073,1.9476608732043015,0.33789574832838754
1731650700.0,0.0001401930373969,0.0001444200132942,0.0001062286924673,0.0001226678927392,12100.98210987734,1.5904377064813315,-0.12500723989654794,0.109456357277831,1.6604733673588201,0.2724195262192422
1731650760.0,0.0001226678927392,0.0001269272717291,9.914195741881571e-05,0.0001103917165683,7202.084701423468,0.8392575233566381,-0.1000765228518269,-0.47231034580197234,1.4529021747835673,0.22650845049859705
1731650820.0,0.0001103917165683,0.0001129878366381,7.029412692009354e-05,0.0001005116034125,22783.835947936557,2.4025933216588586,-0.08950049390424254,1.8627605410668322,1.3075007770873706,0.38674740320385914
1731650880.0,0.0001005116034125,0.0001084034171815,8.955129857492453e-05,0.0001001102053498,5782.9052123763095,0.5800884518039339,-0.003993549491521381,-0.7585573694163877,1.19047881175787,0.1875616144457103
1731650940.0,0.0001001102053498,0.00010751928784,9.204810314075132e-05,9.895540464645414e-05,5594.974881000328,0.5568835438000249,-0.011535294521780485,-0.04000236159114586,1.1857245757045074,0.15454153395440606
1731651000.0,9.895540464645414e-05,0.0001290069705796,9.4469982631231e-05,0.0001272834546905,4737.224208143336,0.5358721006368771,0.2862708726749766,-0.037730407725413036,1.1720468935020427,0.3490156810713074
1731651060.0,0.0001272834546905,0.000131242213777,0.0001056152547436,0.000127765317135,7611.581214017007,0.970662220142543,0.0037857429755633483,0.8113692035635434,1.5075697805208679,0.20133770799758716
1731651120.0,0.000127765317135,0.000140655502923,0.0001200164190806,0.000140655502923,2470.544137587386,0.33157274170034534,0.10088955341753611,-0.6584056381099767,1.5132770522276462,0.16153901782744567
1731651180.0,0.000140655502923,0.000140655502923,0.0001045268526485,0.0001045268526485,9821.258380185203,1.2039996321650714,-0.2568591311658681,2.6311779611038437,1.665950898223899,0.2568591311658681
1731651240.0,0.0001045268526485,0.000113930315687,0.0001004130237757,0.0001025406645694,3572.2062478790385,0.3698439393692914,-0.01900170175198041,-0.6928205545177568,1.2380361979411107,0.12931884552915382
1731651300.0,0.0001025406645694,0.000103699958939,7.6642154265198e-05,7.6642154265198e-05,4818.713790172632,0.4317153600401409,-0.25256819246254997,0.16729061662159755,1.214511403349678,0.2638738961506256
1731651360.0,7.6642154265198e-05,0.0001041554397498,6.901409654624184e-05,9.383046153375464e-05,11152.517329975846,0.9505994009920669,0.2242670164134671,1.2019123917751737,0.9077644534804948,0.4585119447707813
1731651420.0,9.383046153375464e-05,9.524072550955874e-05,8.014901495714111e-05,8.532723512453211e-05,3235.7653676155796,0.2898561350943309,-0.09062330367162877,-0.6950806672170942,1.1113460790687668,0.16084020376462202
1731651480.0,8.532723512453211e-05,0.0001062801198958,8.532723512453211e-05,0.0001055399366382,2421.930060052046,0.231133470384639,0.23688452443312102,-0.2025924505292295,1.010632225861044,0.2455591669024302
1731651540.0,0.0001055399366382,0.0001098597079928,0.0001055399366382,0.000107341839629,1544.7920695911127,0.16442903986902005,0.0170731862098522,-0.2885970188766399,1.2500353600609242,0.04093020606416076
1731651600.0,0.000107341839629,0.000113154090989,9.975910642998686e-05,9.975910642998686e-05,2026.4713713825663,0.20984206908739098,-0.0706409842166013,0.2761861849618886,1.271377446532144,0.12478810317868164
1731651660.0,9.975910642998686e-05,9.975910642998686e-05,8.978046008586808e-05,9.16453121153087e-05,1920.6427474484185,0.18380975415430176,-0.0813338712127759,-0.12405670152941439,1.1815660923983238,0.10002742307161712
1731651720.0,9.16453121153087e-05,0.0001032933676289,7.141903889996085e-05,8.605867594816414e-05,12085.26527894685,1.073799918436937,-0.06095932283056036,4.841909333796943,1.0854647480098156,0.3478009730474229
1731651780.0,8.605867594816414e-05,9.64043393442334e-05,8.605867594816414e-05,9.64043393442334e-05,1199.1280755242194,0.10939826219095944,0.12021639052756032,-0.8981204409568184,1.0192955520146925,0.12021639052756032
1731651840.0,9.64043393442334e-05,0.0001033071096625,9.64043393442334e-05,9.92462262457998e-05,1254.2933365952622,0.12270160036033648,0.029478827622258796,0.1216046571759566,1.141831584158696,0.07160227812587058
1731651900.0,9.92462262457998e-05,0.0001099807641883,9.92462262457998e-05,0.0001099807641883,1207.931773286591,0.12636596478723938,0.10816066613872387,0.029864031244432064,1.175491440601761,0.10816066613872387
1731651960.0,0.0001099807641883,0.0001184138716537,0.0001084735096244,0.000116453207369,3846.5253851617144,0.43549200982907005,0.058850683830659827,2.4462761437567613,1.3026333778576153,0.09038273285936559
1731652020.0,0.000116453207369,0.0001192714243995,8.896160313628971e-05,9.397933118093832e-05,4965.684165917421,0.522470762335618,-0.19298632211004482,0.19972525452461673,1.3792942429251784,0.2602746798305772
1731652080.0,9.397933118093832e-05,0.0001009760343813,8.954167441379769e-05,8.954167441379769e-05,2469.50577629234,0.22660309169358975,-0.04721949721685945,-0.566285602890775,1.1131093198754896,0.12166887999540822
1731652140.0,8.954167441379769e-05,8.954167441379769e-05,7.923651585181776e-05,8.575362612582957e-05,1746.2705189004082,0.15305650771706897,-0.04230486321332862,-0.32456125566004934,1.0605488574435684,0.11508784741233276
1731652200.0,8.575362612582957e-05,9.930406538883956e-05,8.575362612582957e-05,9.930406538883956e-05,1479.8121468010845,0.13692530988118767,0.15801593326359065,-0.10539374036744949,1.0156824830983664,0.15801593326359065
1731652260.0,9.930406538883956e-05,0.0001002399313726,9.824537353072296e-05,9.938421000886344e-05,754.258414621833,0.0749311518027088,0.000807062829805246,-0.4527589393974877,1.176176498564636,0.020085359386517163
1731652320.0,9.938421000886344e-05,0.0001053560653643,9.938421000886344e-05,0.0001036786968653,867.969120996633,0.08812616639329439,0.043210957314583,0.17609517901616692,1.177125746897918,0.06008857297254733
1731652380.0,0.0001036786968653,0.0001094442736677,0.0001036786968653,0.0001094442736677,501.28490080213373,0.05341766357114549,0.05561004311127362,-0.3938501383034166,1.2279904773010204,0.05561004311127362
1731652440.0,0.0001094442736677,0.0001372846204512,0.0001094442736677,0.0001223871086598,5913.846275976583,0.6855075785159946,0.1182595905510567,11.832975699189582,1.2962790806839637,0.25437920003042097
1731652500.0,0.0001223871086598,0.0001374689816747,0.0001223871086598,0.0001229711425453,5369.89009661095,0.6587734216340242,0.004772021268379324,-0.03899906831058714,1.4495765140055494,0.12323089563969639
1731652560.0,0.0001229711425453,0.0001397632511765,0.000121037702816,0.0001397632511765,3809.9461978683585,0.5005019522048101,0.13655324561219012,-0.24025175307867905,1.456493923960527,0.1522759565611249
1731652620.0,0.0001397632511765,0.0001447741383652,0.0001322481052982,0.0001343008239292,4382.619136303241,0.6005592300657447,-0.0390834300241183,0.19991386131495104,1.6553828964917714,0.08962322328336148
1731652680.0,0.0001343008239292,0.0001343008239292,0.0001081298824861,0.0001081298824861,7831.298250128023,0.9492735834637197,-0.19486806318401034,0.5806493946647033,1.590684854893613,0.19486806318401034
1731652740.0,0.0001081298824861,0.0001163027184417,0.0001058603396151,0.0001162157346621,3509.1647646692086,0.3936328674022158,0.07477907115120956,-0.5853325382068213,1.280711178084356,0.09657255317874178
1731652800.0,0.0001162157346621,0.0001291784001519,0.0001112282838622,0.0001112282838622,3426.803673360921,0.3897029990815203,-0.042915452149411115,-0.009983587871182443,1.3764815703944757,0.154455129005469
1731652860.0,0.0001112282838622,0.0001112282838622,0.0001043909178587,0.0001064255066064,1521.3184133059983,0.1655603595828634,-0.043179460196923654,-0.5751627265556903,1.3174092414256653,0.061471469001272795
1731652920.0,0.0001064255066064,0.0001237093487326,0.0001033017887614,0.0001226613603833,4488.149440993458,0.5140880470093824,0.15255603938016532,2.1051397104032015,1.2605242215224663,0.19175440758458911
1731652980.0,0.0001226613603833,0.0001283351944976,0.0001205927805498,0.0001268298178724,1388.4713328936575,0.17320567440895046,0.03398346044813243,-0.6630816930746702,1.4528248043007,0.06312023544827816
1731653040.0,0.0001268298178724,0.0001302343295428,0.0001235581504859,0.0001302343295428,1328.9655622177395,0.17081469959783255,0.026843148776143275,-0.013804252194836629,1.5021968185757186,0.05263887600640331
1731653100.0,0.0001302343295428,0.0001338604508726,0.0001302343295428,0.0001334764682079,298.13342027980724,0.03931050104906634,0.024894654708031556,-0.7698646478223521,1.5425205112677958,0.027843052922603792
1731653160.0,0.0001334764682079,0.0001401608903898,0.0001314202182754,0.0001401608903898,925.077468109629,0.12656787743588346,0.05007940554351867,2.2196963675915695,1.5809210267758638,0.0654847422302613
1731653220.0,0.0001401608903898,0.0001531541145134,0.000139464487988,0.0001522245029313,2289.9169115509294,0.33476912842822854,0.08606974818688738,1.644977029008133,1.6600926120080481,0.09767080165749462
1731653280.0,0.0001522245029313,0.0001570169104336,0.0001428694940625,0.0001428694940625,3266.75798478187,0.48200033547034665,-0.061455341871091355,0.4397992363674094,1.802976365090493,0.09293783916959042
1731653340.0,0.0001428694940625,0.0001579042997713,0.0001398695722739,0.0001561599291897,2958.349198488806,0.44231672730135796,0.09302500309398393,-0.08233107997791028,1.6921738361883591,0.12623217864487227
1731653400.0,0.0001561599291897,0.000157443885989,0.0001530191026217,0.0001547061005543,897.3951241812647,0.1394848296829268,-0.009309869970765081,-0.6846494354080952,1.8495883125353398,0.02833494732137633
1731653460.0,0.0001547061005543,0.0001691422790788,0.0001547061005543,0.0001667892087468,2178.5316056162446,0.3501938461849083,0.07810363100877823,1.5106231765917455,1.832368885846189,0.0933135698771819
1731653520.0,0.0001667892087468,0.0001766341508035,0.0001667892087468,0.0001766341508035,1316.0947858853567,0.225988846427691,0.05902625314114576,-0.35467499246584405,1.9754835491782858,0.05902625314114576
1731653580.0,0.0001766341508035,0.0001880000371467,0.0001587742508203,0.0001877536183763,7480.490402410777,1.3628996050526838,0.06295196892683604,5.0308268598059644,2.0920889412282526,0.16545943235469104
1731653640.0,0.0001877536183763,0.000189230232489,0.0001675698459225,0.0001684757949635,2637.55508744774,0.4697873507264566,-0.10267617518914056,-0.6553030399415981,2.2237900592486306,0.11536601400185947
1731653700.0,0.0001684757949635,0.0001725645661934,0.000147835470605,0.0001550013105378,3872.784996778252,0.6263786404933452,-0.0799787555750618,0.3333237677105256,1.995459801541349,0.14678129635036005
1731653760.0,0.0001550013105378,0.0001822587162542,0.0001534433539336,0.0001568515248866,4804.359695064804,0.7491265966523325,0.011936765840110768,0.19596446657617367,1.8358654098140121,0.18590399152510925
1731653820.0,0.0001568515248866,0.0001583638667203,0.0001568515248866,0.0001574031276111,227.18983975931528,0.03569773207228588,0.00351671891553986,-0.9523475308021228,1.857779705324921,0.00964186886160901
1731653880.0,0.0001574031276111,0.0001632891384297,0.0001574031276111,0.0001604137369791,852.8032960866066,0.13551763483721663,0.019126744262911936,2.7962533463694865,1.8643129943555432,0.03739449722462141
1731653940.0,0.0001604137369791,0.0001604137369791,0.0001294006544127,0.0001309523810849,3515.041332230496,0.5120819739032554,-0.18365855972820114,2.7787109738032743,1.8999712322246054,0.19333183772435042
1731654000.0,0.0001309523810849,0.0001430648175928,9.840422753278375e-05,0.0001203067830875,56989.20386439979,7.1595298649098,-0.08129365735242469,12.981218300534062,1.5510252521892187,0.3410445055677267
1731654060.0,0.0001203067830875,0.0001431203393421,0.0001076919001585,0.0001100302721436,6081.345525458104,0.7003796100884232,-0.08541921477881943,-0.9021751953964023,1.4249367367927903,0.2944841369237895
1731654120.0,0.0001100302721436,0.0001100302721436,8.46125985898958e-05,9.45094997099274e-05,6351.2079130949205,0.6495373087693764,-0.14105911156355697,-0.07259249210956885,1.3032197596264568,0.23100618637507062
1731654180.0,9.45094997099274e-05,0.0001032773608787,9.010098814910034e-05,0.0001032773608787,2262.096677852541,0.22370650013020885,0.09277227364109751,-0.6555909920647257,1.1193887381614767,0.13941850046864232
1731654240.0,0.0001032773608787,0.0001098078004696,0.0001027426978462,0.0001039991651953,2107.401110054962,0.21840739056834194,0.006988988781847002,-0.023687776433776186,1.223236976488956,0.06840901590909176
1731654300.0,0.0001039991651953,0.0001039991651953,8.880903879279552e-05,8.880903879279552e-05,2124.337839590482,0.2047948817576959,-0.14606008013601787,-0.06232622795054433,1.2317861659951777,0.14606008013601787
1731654360.0,8.880903879279552e-05,9.976413643235234e-05,8.730959483189593e-05,9.15100967393428e-05,4108.065276379995,0.3703813896732178,0.030414223408601868,0.8085480774438321,1.0518713798794839,0.14023957211736843
1731654420.0,9.15100967393428e-05,9.319684821392696e-05,9.148835674148636e-05,9.148835674148636e-05,292.57504950766236,0.026770390793489616,-0.00023756938994791532,-0.9277220952783055,1.0838632310242529,0.018669977776409385
1731654480.0,9.148835674148636e-05,0.0001073968117721,9.102076538631512e-05,0.0001073968117721,2817.020314246227,0.28013177995252847,0.1738850231572669,9.464239469401196,1.0836057382976714,0.17899596155232933
1731654540.0,0.0001073968117721,0.0001093249940234,9.055190180056132e-05,9.166904421130898e-05,2444.171627708125,0.24327555862004,-0.14644538605266916,-0.13156744064787718,1.2720285471949093,0.17480120604209248
1731654600.0,9.166904421130898e-05,9.166904421130898e-05,8.633503895673612e-05,8.633503895673612e-05,838.2051624044686,0.07460197072026489,-0.05818763902760117,-0.6933437491894449,1.0857458355309348,0.05818763902760117
1731654660.0,8.633503895673612e-05,8.633503895673612e-05,8.258008229539123e-05,8.569992632894936e-05,1289.140949916505,0.11088865928362077,-0.007356371589813313,0.4864038873640499,1.0225688487773397,0.043492847246256024
1731654720.0,8.569992632894936e-05,8.63846859590992e-05,6.425813902234825e-05,6.865314788656841e-05,3672.879261645402,0.2834601026286944,-0.19891240485958928,1.556258723479435,1.015046452349566,0.2581863005555074
1731654780.0,6.865314788656841e-05,7.788226506642093e-05,6.717478993945385e-05,7.788226506642093e-05,1569.6791056794598,0.11500678797720931,0.13443108530290923,-0.5942752192965329,0.8131411214685192,0.15596480943100266
1731654840.0,7.788226506642093e-05,8.127692758934239e-05,7.788226506642093e-05,8.127692758934239e-05,447.2701717172603,0.03559357971476189,0.04358710574257641,-0.6905088791644594,0.922452564931957,0.04358710574257641
1731654900.0,8.127692758934239e-05,8.160210962026048e-05,7.631247190494966e-05,7.876455441840285e-05,2078.854654972198,0.16635148993022522,-0.030911271445120125,3.6736375285465743,0.9626596024221571,0.06508166428284674
1731654960.0,7.876455441840285e-05,7.977964544681317e-05,7.832303358073107e-05,7.977964544681317e-05,170.48980002859315,0.013515084465356991,0.012887662932974674,-0.9187558556221782,0.9329025701424344,0.018493240732937764
1731655020.0,7.977964544681317e-05,7.977964544681317e-05,4.245547242435107e-05,4.593221514985744e-05,6572.265955848071,0.41310589082290844,-0.4242614780673706,29.566282577205968,0.9449255040157358,0.46784079840697046
1731655080.0,4.593221514985744e-05,4.953009707014108e-05,4.593221514985744e-05,4.7947505532288414e-05,1634.17231701552,0.07670782033395607,0.043875314435759934,-0.8143143875746874,0.5440300130184647,0.0783302505342985
1731655140.0,4.7947505532288414e-05,5.251334905949827e-05,4.77840669514609e-05,5.238005897102924e-05,747.9795369704999,0.037521482621284755,0.09244596542683318,-0.5108519254238905,0.5678995009021404,0.09863458078862136
1731655200.0,5.238005897102924e-05,6.740292581709888e-05,4.306266852985085e-05,5.056152356331229e-05,9639.162124857028,0.4961353017189344,-0.03471808629926818,12.222699825765746,0.6203995185284554,0.46468556480072537
1731655260.0,5.056152356331229e-05,5.403989701297814e-05,5.056152356331229e-05,5.200877804274243e-05,1400.0707962544573,0.07180284192082444,0.02862363270398508,-0.8552756845319154,0.59886043450416,0.06879487018048985
1731655320.0,5.200877804274243e-05,5.653184926937084e-05,5.14820457756296e-05,5.192219315497946e-05,1666.093471802011,0.08657935631528364,-0.001664812960839263,0.2057928906317242,0.616001995622356,0.09709521514985722
1731655380.0,5.192219315497946e-05,6.285839971536469e-05,5.192219315497946e-05,6.285839971536469e-05,1485.335985325605,0.08524387250366487,0.21062682247921227,-0.015424968126992426,0.6149764675161411,0.21062682247921227
1731655440.0,6.285839971536469e-05,6.285839971536469e-05,6.211239504106077e-05,6.241678881029163e-05,385.5854530603306,0.02415214516244176,-0.007025487557315535,-0.7166700144763672,0.7445070067685564,0.011868018875472163
1731655500.0,6.241678881029163e-05,6.45496081432572e-05,6.241678881029163e-05,6.45496081432572e-05,291.8761910966956,0.018529234170036463,0.034170603352377156,-0.23281207340328966,0.7392764820561697,0.034170603352377156
1731655560.0,6.45496081432572e-05,6.45496081432572e-05,5.731782350757986e-05,6.432153812347148e-05,2620.1534109191557,0.1688310867299153,-0.0035332518096709976,8.111606296332054,0.7645380054922518,0.11203452420079124
1731655620.0,6.432153812347148e-05,7.162953929159367e-05,6.405636704346401e-05,7.023319172376908e-05,1984.6656761742631,0.1335230769473595,0.0919078394697217,-0.20913215964213508,0.7618367002007841,0.11773929027617808
1731655680.0,7.023319172376908e-05,8.856873013401562e-05,7.023319172376908e-05,7.387318718607029e-05,4671.98124369127,0.33663114968151836,0.051827282413954755,1.5211458376909093,0.8318554653449802,0.2610665692420928
1731655740.0,7.387318718607029e-05,7.453108131934282e-05,7.279807250210662e-05,7.406256697430072e-05,394.7880608212906,0.029201634755554023,0.0025635794994660387,-0.9132533195957021,0.8749682734750063,0.023459239857502444
1731655800.0,7.406256697430072e-05,7.825364667881966e-05,7.406256697430072e-05,7.825364667881966e-05,555.5418171146472,0.04230901305443866,0.056588366778769994,0.44885768925630687,0.8772113242035701,0.056588366778769994
1731655860.0,7.825364667881966e-05,8.439730737903604e-05,7.825364667881966e-05,8.439730737903604e-05,777.495600907439,0.06323020063169038,0.07850957700964545,0.4944853606093954,0.9268512803600921,0.07850957700964545
1731655920.0,8.439730737903604e-05,8.490260398517448e-05,7.236959411982065e-05,7.326967016311541e-05,2073.1271614140524,0.16343184680034678,-0.13184824920948476,1.5847118175746588,0.9996179823320113,0.14850011516442022
1731655980.0,7.326967016311541e-05,7.35970913398457e-05,6.913926425262245e-05,6.913926425262245e-05,724.5057601009834,0.05158804663702262,-0.05637265598845628,-0.6843452017032878,0.867820101483218,0.060841369659493355
1731656040.0,6.913926425262245e-05,6.931668324994154e-05,6.397671794307908e-05,6.397671794307908e-05,744.3738392158316,0.049544027364000306,-0.07466880600117977,-0.039621955206100117,0.8188987774424372,0.07723491657867793
1731656100.0,6.397671794307908e-05,6.777704095200723e-05,6.397671794307908e-05,6.777704095200723e-05,671.8070668485375,0.04425655315478867,0.05940165627610582,-0.10672273713972676,0.7577525834949846,0.05940165627610582
1731656160.0,6.777704095200723e-05,7.24182019736043e-05,5.710150279553961e-05,5.78593324666028e-05,2927.263744332755,0.1838854004388743,-0.14632843727165867,3.1549869416113228,0.8027643420020849,0.22598654297862322
1731656220.0,5.78593324666028e-05,6.746888120506126e-05,5.7560685921003865e-05,6.746888120506126e-05,2297.574037636283,0.143975424957674,0.1660846803582675,-0.21703721658135045,0.6852970903395085,0.17124627716326554
1731656280.0,6.746888120506126e-05,6.746888120506126e-05,6.180602170948684e-05,6.180602170948684e-05,1332.6311403727386,0.08613788064629466,-0.08393290943069041,-0.4017181705029345,0.7991144385389966,0.08393290943069041
1731656340.0,6.180602170948684e-05,6.180602170948684e-05,5.865101827541046e-05,5.874596781829049e-05,483.7759280318264,0.02916007530494175,-0.04951061088480722,-0.661472106277134,0.7320424387443459,0.05104686156481913
1731656400.0,5.874596781829049e-05,5.951615683779515e-05,5.874596781829049e-05,5.951615683779515e-05,114.05303825292236,0.006744077313636204,0.01311050014337941,-0.7687222257449627,0.6957985704085092,0.01311050014337941
1731656460.0,5.951615683779515e-05,7.371816569127814e-05,5.947900239701789e-05,7.371816569127814e-05,1980.2546672542617,0.1319189445133285,0.23862442751787596,18.56071058773224,0.7049208376656132,0.23924870238291
1731656520.0,7.371816569127814e-05,7.455908488685138e-05,7.371816569127814e-05,7.432996501290623e-05,185.7522851476887,0.01375013929507297,0.008299166370881019,-0.8957682738760564,0.8731321689989917,0.011407218121716384
1731656580.0,7.432996501290623e-05,7.453763411817508e-05,7.37936631160231e-05,7.37936631160231e-05,129.11287693762603,0.009562333885082567,-0.00721515067025803,-0.3045645807741745,0.8803784381332825,0.010009032050839776
1731656640.0,7.37936631160231e-05,7.587554733052427e-05,7.37936631160231e-05,7.52656163983656e-05,338.31646849643647,0.0252146045209656,0.019946879178882836,1.636867194137708,0.8740263750553044,0.028212235666196746
1731656700.0,7.52656163983656e-05,7.764889974531505e-05,7.52656163983656e-05,7.764889974531505e-05,236.7496509742174,0.018101229162953862,0.03166496816202527,-0.2821133027129996,0.8914604735576896,0.03166496816202527
1731656760.0,7.764889974531505e-05,7.807892481533092e-05,7.71425018476053e-05,7.801423078133187e-05,256.4270105172739,0.019958115604354135,0.004704909370449453,0.10258344473095744,0.9196885410705978,0.012059706844488987
1731656820.0,7.801423078133187e-05,7.804640009700279e-05,7.308930105228278e-05,7.337082164439994e-05,726.3590895397047,0.054979954424937506,-0.059520027185130754,1.754766808392616,0.9240155923053759,0.06354095906699876
1731656880.0,7.337082164439994e-05,7.337082164439994e-05,7.236199659564929e-05,7.28085089159247e-05,155.1462745430946,0.011339589275818952,-0.007663982982234387,-0.7937504787985854,0.8690181591318752,0.013749676317379039
1731656940.0,7.28085089159247e-05,7.28085089159247e-05,6.815645458077404e-05,6.815645458077404e-05,589.0723099348759,0.0415192783334429,-0.06389437724267363,2.6614446364455606,0.8623580187490358,0.06389437724267363
1731657000.0,6.815645458077404e-05,6.953088832282508e-05,6.74745010508778e-05,6.953088832282508e-05,427.0004798569785,0.029396280745034583,0.020165863240761205,-0.2919847857433374,0.8072581901808403,0.030171570463809864
1731657060.0,6.953088832282508e-05,6.953088832282508e-05,6.813760903020248e-05,6.813760903020248e-05,173.40936101188842,0.01193650307872768,-0.020038278328240892,-0.593945125838958,0.8235372484440115,0.020038278328240892
1731657120.0,6.813760903020248e-05,7.3609360570689e-05,6.813760903020248e-05,7.209549127257009e-05,918.5044536163246,0.06440236358626068,0.058086602959802294,4.395412974930123,0.8070349798460168,0.08030442538805732
1731657180.0,7.209549127257009e-05,7.238627868736131e-05,7.209549127257009e-05,7.238627868736131e-05,49.58985079178228,0.0035824147072228045,0.004033364773004249,-0.944374483982649,0.8539129002950044,0.004033364773004249
1731657240.0,7.238627868736131e-05,7.550827283381714e-05,7.238627868736131e-05,7.407280217192222e-05,661.04105821853,0.04840773289846702,0.023298938903118124,12.512598862680012,0.8573570425062682,0.043129640079162306
1731657300.0,7.407280217192222e-05,7.407280217192222e-05,7.362781044079164e-05,7.394839491252304e-05,34.63596714724994,0.0025634286596567272,-0.0016795268405052491,-0.9470450585853009,0.8773325518577798,0.006007491522971644
1731657360.0,7.394839491252304e-05,7.394839491252304e-05,6.595192672058667e-05,6.715160099813348e-05,1122.7461993466056,0.0792097420682556,-0.09191266318126039,29.899920608230502,0.8758590482888856,0.10813579120136095
1731657420.0,6.715160099813348e-05,6.842991095350903e-05,6.70877128825369e-05,6.836625892536729e-05,313.0720200801354,0.021213425081593604,0.018088294384337403,-0.7321866663406902,0.79535651058925,0.01998758110040348
1731657480.0,6.836625892536729e-05,6.836625892536729e-05,6.836625892536729e-05,6.836625892536729e-05,0.0,0.0,0.0,-1.0,0.8097431532932877,0.0
1731657540.0,6.836625892536729e-05,6.836625892536729e-05,6.836625892536729e-05,6.836625892536729e-05,0.0,0.0,0.0,0.0,0.8097431532932877,0.0
1731657600.0,6.836625892536729e-05,6.836625892536729e-05,6.751724688960502e-05,6.751724688960502e-05,69.21250236070588,0.004702418733499881,-0.01241858263283213,0.0,0.8097431532932877,0.01241858263283213
1731657660.0,6.751724688960502e-05,6.751724688960502e-05,6.71412925970672e-05,6.71412925970672e-05,32.17169240345924,0.002166096555932144,-0.005568270476912838,-0.5393654460201639,0.799687291032745,0.005568270476912838
1731657720.0,6.71412925970672e-05,6.71412925970672e-05,6.71412925970672e-05,6.71412925970672e-05,0.0,0.0,0.0,-1.0,0.795234415899325,0.0
1731657780.0,6.71412925970672e-05,7.151665763898295e-05,6.71412925970672e-05,7.151665763898295e-05,557.8067601233405,0.03867217099325725,0.06516652975648672,0.0,0.795234415899325,0.06516652975648672
1731657840.0,7.151665763898295e-05,7.161701833290735e-05,7.130847110921077e-05,7.161701833290735e-05,29.551690625346872,0.002114921055194974,0.0014033191320408066,-0.9453115508936977,0.8470570831264107,0.004314340656887725
1731657900.0,7.161701833290735e-05,7.161701833290735e-05,7.161701833290735e-05,7.161701833290735e-05,0.0,0.0,0.0,-1.0,0.8482457745370926,0.0
1731657960.0,7.161701833290735e-05,7.161701833290735e-05,7.124649326588394e-05,7.124649326588394e-05,5.779060442192993,0.00041280843425667724,-0.005173701386185207,0.0,0.8482457745370926,0.005173701386185207
1731658020.0,7.124649326588394e-05,7.155483917894653e-05,7.119838562458972e-05,7.151792268707721e-05,13.353314540575246,0.0009531890757107044,0.003809723240417363,1.309034885459796,0.8438572041975443,0.00500310314258652
1731658080.0,7.151792268707721e-05,7.325751371063894e-05,7.113460427003325e-05,7.325751371063894e-05,379.6432059468122,0.027481505408188882,0.024323847200836725,27.831116625731866,0.8470720665999694,0.02968360042970433
1731658140.0,7.325751371063894e-05,7.406069067595833e-05,7.255920849754255e-05,7.255920849754255e-05,329.35893693126883,0.024013020306644397,-0.009532199193309148,-0.12621161213791995,0.867676118116044,0.020495947819721357
1731658200.0,7.255920849754255e-05,7.255920849754255e-05,6.762536502899952e-05,6.762536502899952e-05,498.82857556434425,0.034964035564170035,-0.06799748192829491,0.45604489221605726,0.8594052565228846,0.06799748192829491
1731658260.0,6.762536502899952e-05,6.762536502899952e-05,6.628222825006428e-05,6.628222825006428e-05,180.52221164489177,0.01208664744739062,-0.01986143480865899,-0.6543120022513474,0.8009678631233881,0.01986143480865899
1731658320.0,6.628222825006428e-05,6.628222825006428e-05,6.162329715210192e-05,6.162329715210192e-05,540.8793972888335,0.03459073174471762,-0.07028929504882539,1.8618963112211397,0.785059492126132,0.07028929504882539
1731658380.0,6.162329715210192e-05,6.162329715210192e-05,5.1246377890874256e-05,5.1246377890874256e-05,1277.2042527709225,0.07207881448688061,-0.16839279527050938,1.0837609050548005,0.7298782138531973,0.16839279527050938
1731658440.0,5.1246377890874256e-05,5.1246377890874256e-05,3.806577747312951e-05,3.853809625829285e-05,2007.2510751567625,0.09010999113415011,-0.24798399722303974,0.25015917333867127,0.6069719812154108,0.25720062490683643
1731658500.0,3.853809625829285e-05,4.001870679395734e-05,3.722092659104614e-05,4.001870679395734e-05,728.013350251412,0.028595200687554504,0.03841940000723011,-0.6826633725334214,0.45645264311122546,0.072597779199048
1731658560.0,4.001870679395734e-05,5.103140137840824e-05,3.991689824688811e-05,5.037306149371557e-05,1866.182602124034,0.08434377267684108,0.25873786359637424,1.9495779238769269,0.4739892797912731,0.27773269108232096
1731658620.0,5.037306149371557e-05,5.195808879493897e-05,5.037306149371557e-05,5.195808879493897e-05,316.1243725742638,0.016174685339901806,0.031465772661467994,-0.8082290508645575,0.5966282534120512,0.031465772661467994
1731658680.0,5.195808879493897e-05,5.2689470648829097e-05,5.195808879493897e-05,5.2689470648829097e-05,121.96796644527176,0.006381825009408542,0.014076380999629191,-0.605443637678377,0.6154016223973234,0.014076380999629191
1731658740.0,5.2689470648829097e-05,5.2689470648829097e-05,4.2890158704532823e-05,4.2890158704532823e-05,1578.8991837419887,0.07545529938419249,-0.1859823570748673,10.823467311145464,0.6240642501019781,0.1859823570748673
1731658800.0,4.2890158704532823e-05,4.2890158704532823e-05,4.071655253486577e-05,4.071655253486577e-05,376.15110149168873,0.015724378262398666,-0.05067843615690183,-0.7916067076702521,0.5079993099018527,0.05067843615690183
1731658860.0,4.071655253486577e-05,4.071655253486577e-05,4.018254917980965e-05,4.018254917980965e-05,4.075456214309304,0.00016485037340755718,-0.013115141676075118,-0.989516254909629,0.4822546993072415,0.013115141676075118
1731658920.0,4.018254917980965e-05,4.018254917980965e-05,3.9882912484029825e-05,3.9882912484029825e-05,103.34198526896964,0.004137061879908876,-0.007456886183079218,24.095859926752354,0.47592986060187403,0.007456886183079218
1731658980.0,3.9882912484029825e-05,3.9882912484029825e-05,3.5133999527420084e-05,3.5133999527420084e-05,814.7208235882011,0.030558920168506046,-0.11907136818333745,6.386623902560323,0.4723809058002371,0.11907136818333745
1731659040.0,3.5133999527420084e-05,3.5593994644661796e-05,3.101723818607435e-05,3.12875474118252e-05,937.5683941988498,0.031137371552015864,-0.10947948333046875,0.018929051822517244,0.4161338650429186,0.1302657403127574
1731659100.0,3.12875474118252e-05,3.12875474118252e-05,3.087762170420812e-05,3.087762170420812e-05,127.2472658925616,0.0039551739018819755,-0.013101880509245161,-0.8729766288951286,0.3705757445017089,0.013101880509245161
1731659160.0,3.087762170420812e-05,3.142691738956194e-05,3.087762170420812e-05,3.1387866191797816e-05,167.19411575080835,0.005205211595282687,0.016524734076917402,0.3160512595428259,0.3657205053776229,0.017789442807991808
1731659220.0,3.1387866191797816e-05,3.259271463551389e-05,3.1387866191797816e-05,3.259271463551389e-05,373.7562367841879,0.011956570558641291,0.03838580285622981,1.297038331636151,0.371763939475464,0.03838580285622981
1731659280.0,3.259271463551389e-05,3.259271463551389e-05,3.2358458076567384e-05,3.2485210032821184e-05,22.574257141381455,0.0007345429028452236,-0.0032984243225804657,-0.9385657535124607,0.3860343967652245,0.007187390236321433
1731659340.0,3.2485210032821184e-05,3.2485210032821184e-05,3.236543776242403e-05,3.236543776242403e-05,4.60896952982965,0.00014944732983899976,-0.003686978482704786,-0.7965437699280447,0.3847610915215814,0.003686978482704786
1731659400.0,3.236543776242403e-05,3.236543776242403e-05,3.111332022245938e-05,3.111332022245938e-05,289.4088684954181,0.009185657760949798,-0.03868687175361933,60.464181199125775,0.3833424856561593,0.03868687175361933
1731659460.0,3.111332022245938e-05,3.111332022245938e-05,3.0578355237452977e-05,3.0578355237452977e-05,19.67777664236866,0.0006069775051968256,-0.017194082186710355,-0.933921171352887,0.36851216407586584,0.017194082186710355
1731659520.0,3.0578355237452977e-05,3.0578355237452977e-05,3.033387641499756e-05,3.0337416577128733e-05,69.91994970837929,0.002129613850861331,-0.007879385874526587,2.5085548189644316,0.3621759356399429,0.007995159339243127
1731659580.0,3.0337416577128733e-05,3.0337416577128733e-05,3.0161225977687573e-05,3.0161225977687573e-05,8.442687739007374,0.0002553855738620687,-0.005807699511697711,-0.8800789289763602,0.3593222116885681,0.005807699511697711
1731659640.0,3.0161225977687573e-05,3.0161225977687573e-05,2.6368013159182273e-05,2.6368013159182273e-05,704.1189730085329,0.019901654903003278,-0.12576454356700925,76.92787431976079,0.35723537625520224,0.12576454356700925
1731659700.0,2.6368013159182273e-05,2.63834398321008e-05,2.587791152479438e-05,2.587791152479438e-05,81.62378657853645,0.0021322551030016,-0.01858697625145956,-0.8928604121921625,0.3123078322144779,0.01917202878558096
1731659760.0,2.587791152479438e-05,2.6422977608692087e-05,2.573660663316416e-05,2.6422977608692087e-05,364.7464379800039,0.00953828150731314,0.02106298583544753,3.4733303692817956,0.3065029739539626,0.02652343002526679
1731659820.0,2.6422977608692087e-05,2.6422977608692087e-05,2.473395764375693e-05,2.473395764375693e-05,314.15851374761434,0.00803569337339616,-0.06392239322715618,-0.15753237443924512,0.31295884175287747,0.06392239322715618
1731659880.0,2.473395764375693e-05,2.473395764375693e-05,2.43901382196138e-05,2.43901382196138e-05,20.94722492566106,0.0005145067426598814,-0.013900704007630268,-0.9359723276197592,0.29295376360643466,0.013900704007630268
1731659940.0,2.43901382196138e-05,2.8032556468816036e-05,2.43901382196138e-05,2.8032556468816036e-05,666.8460771368536,0.017478934152961204,0.14933979530600264,32.97221591810272,0.28888150005062035,0.14933979530600264
1731660000.0,2.8032556468816036e-05,2.8032556468816036e-05,2.8032556468816036e-05,2.8032556468816036e-05,0.0,0.0,0.0,-1.0,0.332023004135871,0.0
1731660060.0,2.8032556468816036e-05,3.028562916174174e-05,2.7903257300708863e-05,3.028562916174174e-05,460.83703402221306,0.013437589847771545,0.08037342921014239,0.0,0.332023004135871,0.08498589358708951
1731660120.0,3.028562916174174e-05,3.468750039128424e-05,3.028562916174174e-05,3.468750039128424e-05,993.5084104785371,0.032275675333021454,0.14534521327042965,1.4018946625591469,0.3587088315549242,0.14534521327042965
1731660180.0,3.468750039128424e-05,3.607368133486906e-05,3.444572106865252e-05,3.607368133486906e-05,355.9289996637593,0.012592978313407615,0.039961972697609684,-0.609830679498636,0.4108454431792613,0.04693218732548374
1731660240.0,3.607368133486906e-05,3.8182629673718583e-05,3.607368133486906e-05,3.8182629673718583e-05,496.45705540426894,0.01843253475425351,0.05846224340877007,0.4637152781108643,0.4272636375625283,0.05846224340877007
1731660300.0,3.8182629673718583e-05,4.101695320840397e-05,3.8182629673718583e-05,4.101695320840397e-05,316.195899350505,0.0125212916687988,0.07423070539943122,-0.32069615841036875,0.4522424283414253,0.07423070539943122
1731660360.0,4.101695320840397e-05,4.446805510945937e-05,4.101695320840397e-05,4.446805510945937e-05,467.2533605988131,0.019971578708669568,0.08413842645797263,0.5950094636351119,0.48581270280876104,0.08413842645797263
1731660420.0,4.446805510945937e-05,4.6044038836001474e-05,4.446805510945937e-05,4.6044038836001474e-05,233.7315338126986,0.010577765273235815,0.035440806274589155,-0.47035908239722396,0.5266882191763849,0.035440806274589155
1731660480.0,4.6044038836001474e-05,4.616351449833177e-05,4.6044038836001474e-05,4.616351449833177e-05,11.348110359053084,0.0005231907455881434,0.00259481282160845,-0.9505386315470682,0.5453544743193235,0.00259481282160845
1731660540.0,4.616351449833177e-05,4.616351449833177e-05,3.9942525676570976e-05,3.9942525676570976e-05,976.4636619020362,0.04203970965053469,-0.13475986153492717,79.35254829149522,0.5467695671016088,0.13475986153492717
1731660600.0,3.9942525676570976e-05,4.056953130192887e-05,3.9942525676570976e-05,4.0176159864398205e-05,327.92544070107647,0.013136477632206642,0.00584925925113121,-0.6875221607997104,0.47308697594748395,0.01569769599536551
1731660660.0,4.0176159864398205e-05,4.0176159864398205e-05,4.0176159864398205e-05,4.0176159864398205e-05,0.0,0.0,0.0,-1.0,0.4758541843181345,0.0
1731660720.0,4.0176159864398205e-05,4.309585102350715e-05,4.0176159864398205e-05,4.309585102350715e-05,506.2076148228365,0.021076463006533923,0.07267223071999492,0.0,0.4758541843181345,0.07267223071999492
1731660780.0,4.309585102350715e-05,4.309585102350715e-05,4.2018390744407266e-05,4.2018390744407266e-05,253.81883520835967,0.010801798852587377,-0.02500148514324898,-0.48749470680926366,0.5104355693899769,0.02500148514324898
1731660840.0,4.2018390744407266e-05,4.2018390744407266e-05,3.463712273250792e-05,3.463712273250792e-05,1471.7513513265276,0.05640892777313939,-0.17566755606607345,4.222179059520966,0.4976739220852876,0.17566755606607345
1731660900.0,3.463712273250792e-05,3.5653295626782005e-05,3.463712273250792e-05,3.5653295626782005e-05,141.69885469229436,0.004980035888676801,0.029337682062152853,-0.911715466234262,0.4102487604747477,0.029337682062152853
1731660960.0,3.5653295626782005e-05,3.736702296948655e-05,3.5653295626782005e-05,3.736702296948655e-05,349.4382709658658,0.012758046937828373,0.04806644975106401,1.5618383527790587,0.4222845081759481,0.04806644975106401
1731661020.0,3.736702296948655e-05,3.9739636385966886e-05,3.693342847072769e-05,3.9739636385966886e-05,927.833837850647,0.03577108383680643,0.06349484727262808,1.8038056303698826,0.44258222526884006,0.07509851447172315
1731661080.0,3.9739636385966886e-05,4.1208470854739986e-05,3.9739636385966886e-05,4.1208470854739986e-05,273.25589604787274,0.011059773788719326,0.036961447118116664,-0.690818040650492,0.47068391606786497,0.036961447118116664
1731661140.0,4.1208470854739986e-05,4.3032239053702286e-05,4.1208470854739986e-05,4.3032239053702286e-05,298.87810523718656,0.012588851880635358,0.04425711901300802,0.13825581979584886,0.4880810747409554,0.04425711901300802
1731661200.0,4.3032239053702286e-05,4.5259271676610755e-05,4.3032239053702286e-05,4.5259271676610755e-05,310.2594877277949,0.013696639444950018,0.051752655029854065,0.08799750563581578,0.5096821369537627,0.051752655029854065
1731661260.0,4.5259271676610755e-05,4.672255748065552e-05,4.5259271676610755e-05,4.651281626957532e-05,197.9435706510374,0.00908284738708455,0.027696967859347516,-0.33685577227971664,0.5360595407624097,0.032331183199330385
1731661320.0,4.651281626957532e-05,4.961087326192032e-05,4.651281626957532e-05,4.961087326192032e-05,475.389484066105,0.022848095586454086,0.06660652355233723,1.5155212471083874,0.5509067646336027,0.06660652355233723
1731661380.0,4.961087326192032e-05,4.961087326192032e-05,4.614516130212297e-05,4.733938488784548e-05,904.6875206653943,0.04385484433669078,-0.04578609939160983,0.9194091766094911,0.5876007490273126,0.06985791081523894
1731661440.0,4.733938488784548e-05,4.927242531417594e-05,4.733938488784548e-05,4.927242531417594e-05,227.9735961056366,0.011012470899015026,0.04083366167325871,-0.7488881544198862,0.5606968027297637,0.04083366167325871
1731661500.0,4.927242531417594e-05,4.93395397905076e-05,4.927242531417594e-05,4.93395397905076e-05,2.112533828890255,0.00010416055610849465,0.001362110265604247,-0.9905415817155248,0.5835921062737088,0.001362110265604247
1731661560.0,4.93395397905076e-05,5.007191872337236e-05,4.870269602716647e-05,4.870269602716647e-05,335.9983041760164,0.016471012486181793,-0.012907371370813877,157.13099604638654,0.5843870230725898,0.027751022851439617
1731661620.0,4.870269602716647e-05,5.308670410989424e-05,4.7289767230620704e-05,5.0239300681790065e-05,2382.999155323373,0.11788934729172569,0.03155071032959812,6.157383153623853,0.5768441227415075,0.11902702215992304
1731661680.0,5.0239300681790065e-05,5.09590695660571e-05,5.0239300681790065e-05,5.09590695660571e-05,83.23466171099817,0.00421160605664195,0.014326809380289149,-0.9642749225999189,0.595043964563456,0.014326809380289149
1731661740.0,5.09590695660571e-05,5.1252975702459314e-05,5.087339736032984e-05,5.110753109038979e-05,65.33138834935772,0.0033340763624925707,0.002913348410732644,-0.20835987087763436,0.6035690460166482,0.007448690593485725
1731661800.0,5.110753109038979e-05,5.341491946128539e-05,5.110753109038979e-05,5.2920488024426685e-05,408.55844030734073,0.021250762618905822,0.03547338122889295,5.373808008110125,0.6053274529376281,0.04514771740420619
1731661860.0,5.2920488024426685e-05,5.479921497450995e-05,5.2920488024426685e-05,5.447788733679925e-05,490.9076489292417,0.02636134197369981,0.029429042900241474,0.24048922132551345,0.6268004644439994,0.035500937731641743
1731661920.0,5.447788733679925e-05,5.6183833174229845e-05,5.447788733679925e-05,5.55870206876562e-05,377.7930405244418,0.020790878128801028,0.020359331190652443,-0.21131184635654457,0.6452466022020131,0.031314463919716706
1731661980.0,5.55870206876562e-05,5.55870206876562e-05,5.502724879059437e-05,5.502724879059437e-05,46.53443920541862,0.002573686499143722,-0.010070190669278598,-0.8762107842102895,0.6583833914758871,0.010070190669278598
1731662040.0,5.502724879059437e-05,5.627347456817819e-05,5.502724879059437e-05,5.627347456817819e-05,266.5552145256266,0.014833894095877518,0.022647430227273842,4.763675607271059,0.6517533451902386,0.022647430227273842
1731662100.0,5.627347456817819e-05,5.665988702269727e-05,5.601443101382966e-05,5.665988702269727e-05,118.9627979999648,0.006717434341196152,0.006866689101468582,-0.5471563772952247,0.6665138836008269,0.011469986771220441
1731662160.0,5.665988702269727e-05,5.9698469824771274e-05,5.665988702269727e-05,5.9698469824771274e-05,493.5012947523624,0.02871149987974157,0.053628465599601056,3.274176481884154,0.6710906272213262,0.053628465599601056
1731662220.0,5.9698469824771274e-05,6.543567915204325e-05,5.9698469824771274e-05,6.059765839919242e-05,1119.2818735343444,0.0673226378887229,0.015062171225836635,1.3447969688349444,0.7070801878374797,0.09610312197468385
1731662280.0,6.059765839919242e-05,6.480675591802277e-05,6.059765839919242e-05,6.480675591802277e-05,20.998432486113213,0.0013166480637503062,0.06945973870974602,-0.980442714292827,0.7177303506970846,0.06945973870974602
1731662340.0,6.480675591802277e-05,6.486461215577462e-05,6.455115523077448e-05,6.486461215577462e-05,6.744265516410152,0.00043726906808292006,0.0008927500988482033,-0.6678922180332577,0.7675837133205585,0.004836793950875186
1731662400.0,6.486461215577462e-05,6.58779338442553e-05,6.486461215577462e-05,6.58779338442553e-05,135.9565130903004,0.008887650333356135,0.015622103560060574,19.325357959394363,0.7682689737564997,0.015622103560060574
1731662460.0,6.58779338442553e-05,6.936671370284479e-05,6.58779338442553e-05,6.71535156353818e-05,794.3540687772401,0.05283703658474179,0.019362808101149074,4.944994976505741,0.7802709512265052,0.052958246487169146
1731662520.0,6.71535156353818e-05,6.71535156353818e-05,6.608738528820464e-05,6.608738528820464e-05,165.15074201962963,0.01100241682744713,-0.015876016871042883,-0.7917669585840401,0.795379187922005,0.015876016871042883
1731662580.0,6.608738528820464e-05,6.608738528820464e-05,6.500167212802076e-05,6.500167212802076e-05,127.55431770528035,0.008360487638677475,-0.016428447811168916,-0.24012262307486634,0.7827517345156789,0.016428447811168916
1731662640.0,6.500167212802076e-05,6.500167212802076e-05,5.9194621950241664e-05,5.9194621950241664e-05,957.4578631139724,0.05945635916742382,-0.0893369353074812,6.111589866165877,0.7698923384960862,0.0893369353074812
1731662700.0,5.9194621950241664e-05,5.9194621950241664e-05,5.596559000577649e-05,5.596559000577649e-05,339.3869777118937,0.019541938144207044,-0.05454941408662869,-0.6713229935728374,0.7011125164581359,0.05454941408662869
1731662760.0,5.596559000577649e-05,5.631278951509667e-05,5.596559000577649e-05,5.631278951509667e-05,59.64969803504135,0.0033486857171419276,0.006203803252754821,-0.8286410645438155,0.6628672394765428,0.006203803252754821
1731662820.0,5.631278951509667e-05,5.631278951509667e-05,5.602584864145675e-05,5.602584864145675e-05,35.24580588515188,0.001979732916934099,-0.0050954832127965526,-0.40880300984955287,0.6669795374129519,0.0050954832127965526
1731662880.0,5.602584864145675e-05,5.602584864145675e-05,5.55599809328006e-05,5.55599809328006e-05,107.79784120468602,0.006014355768569475,-0.008315228059061092,2.037963210655491,0.6635809543767854,0.008315228059061092
1731662940.0,5.55599809328006e-05,5.55599809328006e-05,5.4287618731068114e-05,5.4287618731068114e-05,227.90193966800655,0.012517240515635172,-0.022900695435288176,1.0812271500547463,0.658063127405493,0.022900695435288176
1731663000.0,5.4287618731068114e-05,5.4287618731068114e-05,5.229619053459857e-05,5.229619053459857e-05,299.8269496336431,0.015978349206229432,-0.036682916713196574,0.27650732493883295,0.6429930241475866,0.036682916713196574
1731663060.0,5.229619053459857e-05,5.229619053459857e-05,5.229619053459857e-05,5.229619053459857e-05,0.0,0.0,0.0,-1.0,0.6194061645956143,0.0
1731663120.0,5.229619053459857e-05,5.229619053459857e-05,5.082041239661456e-05,5.082041239661456e-05,63.59740878071457,0.003278974374347496,-0.028219610700088188,0.0,0.6194061645956143,0.028219610700088188
1731663180.0,5.082041239661456e-05,5.082041239661456e-05,5.044466249515816e-05,5.044466249515816e-05,70.5896770895045,0.0035741344685273637,-0.007393680683343592,0.09001598075575179,0.6019267637654914,0.007393680683343592
1731663240.0,5.044466249515816e-05,5.044466249515816e-05,5.014548891907512e-05,5.014548891907512e-05,11.456317719689476,0.0005761963670365641,-0.005930728074783973,-0.838787160329205,0.5974763094794509,0.005930728074783973
1731663300.0,5.014548891907512e-05,5.014548891907512e-05,4.971706126462398e-05,4.971706126462398e-05,54.65012735618145,0.0027287505428261086,-0.008543692836309536,3.7357996317476756,0.5939328399568028,0.008543692836309536
1731663360.0,4.971706126462398e-05,4.971706126462398e-05,4.870087303574041e-05,4.870087303574041e-05,279.2141082846365,0.013739837882446093,-0.0204394266884522,4.0352121481269725,0.5888584602068149,0.0204394266884522
1731663420.0,4.870087303574041e-05,4.870087303574041e-05,4.5632619601595535e-05,4.5632619601595535e-05,304.98886597138375,0.014385332471290485,-0.06300202117307341,0.046979782029966326,0.5768225308795428,0.06300202117307341
1731663480.0,4.5632619601595535e-05,4.5632619601595535e-05,4.5632619601595535e-05,4.5632619601595535e-05,0.0,0.0,0.0,-1.0,0.5404815455759641,0.0
1731663540.0,4.5632619601595535e-05,4.5632619601595535e-05,4.5632619601595535e-05,4.5632619601595535e-05,0.0,0.0,0.0,0.0,0.5404815455759641,0.0
1731663600.0,4.5632619601595535e-05,4.5632619601595535e-05,4.551647136031049e-05,4.551647136031049e-05,17.035015820492394,0.0007763631032797848,-0.0025452898014423947,0.0,0.5404815455759641,0.0025452898014423947
1731663660.0,4.551647136031049e-05,4.551647136031049e-05,4.551647136031049e-05,4.551647136031049e-05,0.0,0.0,0.0,-1.0,0.5391058634101418,0.0
1731663720.0,4.551647136031049e-05,4.551647136031049e-05,4.551647136031049e-05,4.551647136031049e-05,0.0,0.0,0.0,0.0,0.5391058634101418,0.0
1731663780.0,4.551647136031049e-05,4.551647136031049e-05,4.492595276757119e-05,4.492595276757119e-05,141.1861109869835,0.0063846070654254685,-0.0129737340152036,0.0,0.5391058634101418,0.0129737340152036
1731663840.0,4.492595276757119e-05,4.492595276757119e-05,4.492595276757119e-05,4.492595276757119e-05,0.0,0.0,0.0,-1.0,0.5321116473322219,0.0
1731663900.0,4.492595276757119e-05,4.492595276757119e-05,4.492595276757119e-05,4.492595276757119e-05,0.0,0.0,0.0,0.0,0.5321116473322219,0.0
1731663960.0,4.492595276757119e-05,5.2208105807642384e-05,4.445162390242607e-05,5.2208105807642384e-05,1353.2237064238054,0.06572205538256877,0.16209234510275436,0.0,0.5321116473322219,0.17265035970066633
1731664020.0,5.2208105807642384e-05,5.2208105807642384e-05,5.147510849810841e-05,5.147510849810841e-05,42.62971616115758,0.002209992998265315,-0.014039913883002346,-0.9663736475464604,0.6183628721047916,0.014039913883002346
1731664080.0,5.147510849810841e-05,5.169655594876133e-05,5.147510849810841e-05,5.169655594876133e-05,19.180437439061,0.0009894388277034896,0.0043020297987533054,-0.5522887047695954,0.6096811106319943,0.0043020297987533054
1731664140.0,5.169655594876133e-05,5.169655594876133e-05,5.169655594876133e-05,5.169655594876133e-05,0.0,0.0,0.0,-1.0,0.6123039769376701,0.0
1731664200.0,5.169655594876133e-05,5.169655594876133e-05,5.169655594876133e-05,5.169655594876133e-05,0.0,0.0,0.0,0.0,0.6123039769376701,0.0
1731664260.0,5.169655594876133e-05,5.169655594876133e-05,5.169655594876133e-05,5.169655594876133e-05,0.0,0.0,0.0,0.0,0.6123039769376701,0.0
1731664320.0,5.169655594876133e-05,5.169655594876133e-05,5.169655594876133e-05,5.169655594876133e-05,0.0,0.0,0.0,0.0,0.6123039769376701,0.0
1731664380.0,5.169655594876133e-05,5.169655594876133e-05,4.6963772929214695e-05,4.6963772929214695e-05,687.5921509731537,0.03391903387446314,-0.0915492905221288,0.0,0.6123039769376701,0.0915492905221288
1731664440.0,4.6963772929214695e-05,4.6963772929214695e-05,4.637220547120926e-05,4.637220547120926e-05,14.462724829924417,0.0006749462861685503,-0.012596250707903475,-0.9801012526280501,0.5562479822651485,0.012596250707903475
1731664500.0,4.637220547120926e-05,4.8119366840747806e-05,4.637220547120926e-05,4.8119366840747806e-05,259.32399516645324,0.01225196602074826,0.03767690908346586,17.15250527608452,0.5492413432247713,0.03767690908346586
1731664560.0,4.8119366840747806e-05,4.909658707933962e-05,4.8119366840747806e-05,4.909658707933962e-05,211.94550937417037,0.010302242436444401,0.020308252222560413,-0.15913556901823536,0.5699350593783316,0.020308252222560413
1731664620.0,4.909658707933962e-05,4.909658707933962e-05,4.909658707933962e-05,4.909658707933962e-05,0.0,0.0,0.0,-1.0,0.5815094443146667,0.0
1731664680.0,4.909658707933962e-05,5.133616440712453e-05,4.909658707933962e-05,5.133616440712453e-05,302.1312697747476,0.01517193736678854,0.04561574359875099,0.0,0.5815094443146667,0.04561574359875099
1731664740.0,5.133616440712453e-05,5.133616440712453e-05,5.133616440712453e-05,5.133616440712453e-05,0.0,0.0,0.0,-1.0,0.6080354300267767,0.0
1731664800.0,5.133616440712453e-05,5.333487691862344e-05,5.130005569121117e-05,5.333487691862344e-05,488.709125308504,0.02557684652571828,0.03893381078586236,0.0,0.6080354300267767,0.0396371885377917
1731664860.0,5.333487691862344e-05,5.334530135527793e-05,5.274190437856941e-05,5.274190437856941e-05,111.0380635428419,0.005889280191048922,-0.011117913348872348,-0.769741739462405,0.6317085664105397,0.011313365879313107
1731664920.0,5.274190437856941e-05,5.274190437856941e-05,5.227728294371497e-05,5.247706850445364e-05,74.13000170492242,0.003899941319604342,-0.005021355926301736,-0.3377898158875447,0.6246852853074469,0.00880934126912627
1731664980.0,5.247706850445364e-05,5.3655842954253966e-05,5.247706850445364e-05,5.3655842954253966e-05,232.86312612268705,0.012357220773388503,0.02246265813610156,2.168565822072977,0.6215485181479949,0.02246265813610156
1731665040.0,5.3655842954253966e-05,5.3655842954253966e-05,5.3655842954253966e-05,5.3655842954253966e-05,0.0,0.0,0.0,-1.0,0.6355101500261539,0.0
1731665100.0,5.3655842954253966e-05,5.6153501312471165e-05,5.3655842954253966e-05,5.6153501312471165e-05,228.31721906150855,0.012535682054973246,0.04654960616957708,0.0,0.6355101500261539,0.04654960616957708
1731665160.0,5.6153501312471165e-05,5.9147060971661586e-05,5.6153501312471165e-05,5.9147060971661586e-05,490.2039118921588,0.02826039333752369,0.05331029391261804,1.254396148019088,0.6650928972266401,0.05331029391261804
1731665220.0,5.9147060971661586e-05,6.091446343908845e-05,5.87120745488539e-05,6.091446343908845e-05,374.6161960500056,0.022488495783360037,0.029881492645486767,-0.2042398166659564,0.700549195056987,0.03723581280377989
1731665280.0,6.091446343908845e-05,6.123215201149364e-05,6.0020432059918074e-05,6.0020432059918074e-05,196.5167517434318,0.011882866417948066,-0.014676832540179296,-0.47160243475508123,0.721482650676884,0.019892155050946658
1731665340.0,6.0020432059918074e-05,6.0020432059918074e-05,5.73244780869359e-05,5.73244780869359e-05,379.3394727834769,0.022256778174466026,-0.044917270343719236,0.8730142536020639,0.7108935706322547,0.044917270343719236
1731665400.0,5.73244780869359e-05,5.73244780869359e-05,5.73244780869359e-05,5.73244780869359e-05,0.0,0.0,0.0,-1.0,0.6789621719345539,0.0
1731665460.0,5.73244780869359e-05,5.73244780869359e-05,5.6366624310470605e-05,5.6366624310470605e-05,101.45419818725397,0.005767219817376932,-0.016709332704480176,0.0,0.6789621719345539,0.016709332704480176
1731665520.0,5.6366624310470605e-05,5.6366624310470605e-05,5.421479529637224e-05,5.421479529637224e-05,278.38490879275633,0.015392099205712231,-0.03817558777772402,1.6688941453792066,0.6676171671099429,0.03817558777772402
1731665580.0,5.421479529637224e-05,5.421479529637224e-05,5.343756925900772e-05,5.379065524880783e-05,107.0647525624204,0.005781788419006218,-0.007823326552204019,-0.6243664790790516,0.6421304893450218,0.01433605039206944
1731665640.0,5.379065524880783e-05,5.379065524880783e-05,5.3574024582868665e-05,5.3574024582868665e-05,28.83142856177475,0.0015477385483123995,-0.004027291821174901,-0.7323079925884892,0.6371068928377491,0.004027291821174901
1731665700.0,5.3574024582868665e-05,5.3574024582868665e-05,5.3574024582868665e-05,5.3574024582868665e-05,0.0,0.0,0.0,-1.0,0.6345410774590096,0.0
1731665760.0,5.3574024582868665e-05,5.3574024582868665e-05,5.346794789324812e-05,5.346794789324812e-05,1.641677063710327,8.786417553417652e-05,-0.0019800022575579327,0.0,0.6345410774590096,0.0019800022575579327
1731665820.0,5.346794789324812e-05,5.346794789324812e-05,5.3202230496682765e-05,5.3202230496682765e-05,68.86020499750454,0.00367266517552551,-0.004969657655384038,40.799347153686696,0.6332846846931275,0.004969657655384038
1731665880.0,5.3202230496682765e-05,5.3202230496682765e-05,5.276400391443029e-05,5.276400391443029e-05,48.64092167174122,0.0025771476539201595,-0.008236996422166947,-0.2982895170803574,0.6301374766118049,0.008236996422166947
1731665940.0,5.276400391443029e-05,5.276400391443029e-05,5.276400391443029e-05,5.276400391443029e-05,0.0,0.0,0.0,-1.0,0.6249470364714801,0.0
1731666000.0,5.276400391443029e-05,5.302334123908706e-05,5.276400391443029e-05,5.302334123908706e-05,42.62001354553485,0.00225432904169454,0.004915042555855898,0.0,0.6249470364714801,0.004915042555855898
1731666060.0,5.302334123908706e-05,5.302334123908706e-05,5.302334123908706e-05,5.302334123908706e-05,0.0,0.0,0.0,-1.0,0.6280186777508934,0.0
1731666120.0,5.302334123908706e-05,5.5497849916476384e-05,5.302334123908706e-05,5.501613842305307e-05,750.1931570871121,0.040525239168894875,0.03758339511235833,0.0,0.6280186777508934,0.046668290220179445
1731666180.0,5.501613842305307e-05,5.504887117939887e-05,5.462536842851395e-05,5.462536842851395e-05,110.89333746579452,0.006079256309774521,-0.007102824839036384,-0.8499883915690581,0.6516217518547461,0.0076977912849562
1731666240.0,5.462536842851395e-05,5.9913228806751046e-05,5.462536842851395e-05,5.9913228806751046e-05,853.2054788445474,0.048862479350148515,0.09680228308495735,7.037575134245461,0.6469933966900158,0.09680228308495735
1731666300.0,5.9913228806751046e-05,5.9913228806751046e-05,5.9913228806751046e-05,5.9913228806751046e-05,0.0,0.0,0.0,-1.0,0.7096238346305008,0.0
1731666360.0,5.9913228806751046e-05,6.194742208671487e-05,5.9913228806751046e-05,6.169741435597016e-05,61.59283819987342,0.003745172333852015,0.02977949252199334,0.0,0.7096238346305008,0.03395232272533795
1731666420.0,6.169741435597016e-05,6.169741435597016e-05,6.169741435597016e-05,6.169741435597016e-05,0.0,0.0,0.0,-1.0,0.7307560723073081,0.0
1731666480.0,6.169741435597016e-05,6.169741435597016e-05,6.169741435597016e-05,6.169741435597016e-05,0.0,0.0,0.0,0.0,0.7307560723073081,0.0
1731666540.0,6.169741435597016e-05,6.169741435597016e-05,6.169741435597016e-05,6.169741435597016e-05,0.0,0.0,0.0,0.0,0.7307560723073081,0.0
1731666600.0,6.169741435597016e-05,6.212547651180868e-05,6.169741435597016e-05,6.212547651180868e-05,2.22386025274304,0.00013768240269029626,0.006938089064296348,0.0,0.7307560723073081,0.006938089064296348
1731666660.0,6.212547651180868e-05,6.212547651180868e-05,6.0579028006892985e-05,6.0579028006892985e-05,255.17314747200243,0.015655447313514825,-0.024892340336765885,112.70695896940654,0.7358261230212515,0.024892340336765885
1731666720.0,6.0579028006892985e-05,6.0579028006892985e-05,5.9924424994622906e-05,5.9924424994622906e-05,12.095939983269748,0.0007288012676415514,-0.010805769485036884,-0.9534474325104463,0.7175096887383235,0.010805769485036884
1731666780.0,5.9924424994622906e-05,5.9924424994622906e-05,5.705827542517786e-05,5.705827542517786e-05,450.54410473260634,0.026352933014920914,-0.04782940461593468,35.1592853703462,0.7097564444385367,0.04782940461593468
1731666840.0,5.705827542517786e-05,5.727469305015691e-05,5.6831234203778216e-05,5.6831234203778216e-05,61.950064851760025,0.0035277312537244886,-0.003979111175509811,-0.8661351565031831,0.6758092162787187,0.007772033821110039
1731666900.0,5.6831234203778216e-05,5.6831234203778216e-05,5.624096695839307e-05,5.624096695839307e-05,96.65130407377146,0.005464287848407836,-0.010386317553277794,0.5489524159865581,0.6731200962737116,0.010386317553277794
1731666960.0,5.624096695839307e-05,5.624096695839307e-05,5.624096695839307e-05,5.624096695839307e-05,0.0,0.0,0.0,-1.0,0.6661288572023198,0.0
1731667020.0,5.624096695839307e-05,7.038249746532407e-05,5.624096695839307e-05,7.038249746532407e-05,1862.2397687288703,0.11790162555203568,0.2514453657490075,0.0,0.6661288572023198,0.2514453657490075
1731667080.0,7.038249746532407e-05,7.098368419983807e-05,7.038249746532407e-05,7.098368419983807e-05,100.99310924467012,0.007138505114205801,0.008541707898475692,-0.9394537176160033,0.8336238713375256,0.008541707898475692
1731667140.0,7.098368419983807e-05,7.393934936343634e-05,7.098368419983807e-05,7.393934936343634e-05,384.80189139339507,0.027883328710808238,0.041638655374343296,2.90604591083359,0.8407444429436872,0.041638655374343296
1731667200.0,7.393934936343634e-05,7.450827914128437e-05,7.393934936343634e-05,7.399993634590003e-05,60.61259256753913,0.0044834918247163855,0.000819414601092633,-0.8392052874598692,0.8757519110613137,0.0076945467162762
1731667260.0,7.399993634590003e-05,7.743668660805722e-05,7.399993634590003e-05,7.687105685693588e-05,714.7556947487012,0.053917950782059784,0.03879895919930645,11.025883594751619,0.8764695149641721,0.046442611059726885
1731667320.0,7.687105685693588e-05,7.687105685693588e-05,7.44542851718114e-05,7.486192703610833e-05,235.0898060728104,0.017835438879132314,-0.02613636266985019,-0.6692114848499262,0.9104756199147029,0.03143929306998227
1731667380.0,7.486192703610833e-05,7.536399723209842e-05,7.486192703610833e-05,7.536399723209842e-05,50.05856818000998,0.003760047336192522,0.006706615977810962,-0.789181115100463,0.8866790989105555,0.006706615977810962
1731667440.0,7.536399723209842e-05,7.60612857757572e-05,7.536399723209842e-05,7.60612857757572e-05,104.60732493142416,0.007920096891217806,0.009252276541427944,1.106382229548687,0.8926257151225001,0.009252276541427944
1731667500.0,7.60612857757572e-05,7.806809090591235e-05,7.60612857757572e-05,7.806809090591235e-05,277.4993676484416,0.02138540228260588,0.026384054774877035,1.7001440230256615,0.9008845350868033,0.026384054774877035
1731667560.0,7.806809090591235e-05,7.905211045830234e-05,7.806809090591235e-05,7.86208835629794e-05,10.12253163905484,0.0007930445507762063,0.007080903998706398,-0.9629165474515652,0.9246535220063732,0.01260463194336241
1731667620.0,7.86208835629794e-05,7.86208835629794e-05,7.844619764318621e-05,7.844619764318621e-05,29.214334868232264,0.002294305153566376,-0.002221876833185879,1.8930343841601136,0.9312009048277661,0.002221876833185879
1731667680.0,7.844619764318621e-05,8.81986418467147e-05,7.844619764318621e-05,8.81986418467147e-05,1424.7461742184432,0.11871329875824144,0.12432016460361328,50.742593426906566,0.9291318911102876,0.12432016460361328
1731667740.0,8.81986418467147e-05,8.85797613726881e-05,8.800756492563791e-05,8.84245608929302e-05,229.4125970752765,0.020259793822127514,0.002561479876392311,-0.8293384647377511,1.044641720751585,0.0064875879613275865
1731667800.0,8.84245608929302e-05,8.84245608929302e-05,8.669649044788293e-05,8.669649044788293e-05,223.5875901618835,0.019577446927953945,-0.01954287844459546,-0.03367985381116354,1.04731754949733,0.01954287844459546
1731667860.0,8.669649044788293e-05,8.669649044788293e-05,8.64622143311142e-05,8.64622143311142e-05,21.143660930447385,0.0018306044705012773,-0.0027022560608674613,-0.9064942187182017,1.0268499499346122,0.0027022560608674613
1731667920.0,8.64622143311142e-05,8.64622143311142e-05,8.140102054952637e-05,8.140102054952637e-05,586.9901399921174,0.04926703187105845,-0.05853648117552915,25.912985664001784,1.0240751384337998,0.05853648117552915
1731667980.0,8.140102054952637e-05,8.140102054952637e-05,7.245412908687515e-05,7.245412908687515e-05,1005.6885324594192,0.0773651798245785,-0.10991129352251443,0.5703235386101286,0.9641293833705423,0.10991129352251443
1731668040.0,7.245412908687515e-05,7.245412908687515e-05,7.245412908687515e-05,7.245412908687515e-05,0.0,0.0,0.0,-1.0,0.8581606757212218,0.0
1731668100.0,7.245412908687515e-05,7.245412908687515e-05,7.245412908687515e-05,7.245412908687515e-05,0.0,0.0,0.0,0.0,0.8581606757212218,0.0
1731668160.0,7.245412908687515e-05,7.245412908687515e-05,6.630884883119949e-05,6.771099055155823e-05,966.9616458491182,0.06776714738810904,-0.06546401971970046,0.0,0.8581606757212218,0.08481614965390367
1731668220.0,6.771099055155823e-05,6.771099055155823e-05,6.568980423541448e-05,6.568980423541448e-05,240.08858095526531,0.01601400375935442,-0.029850195657745153,-0.7636907502149874,0.8019820283231363,0.029850195657745153
1731668280.0,6.568980423541448e-05,6.590617862076566e-05,6.502849902468385e-05,6.502849902468385e-05,195.8981171431441,0.01280373474239989,-0.010067090599945941,-0.20046635839455712,0.7780427078636953,0.013360971406406305
1731668340.0,6.502849902468385e-05,6.559763113725929e-05,6.502849902468385e-05,6.531882980180302e-05,154.41415317441505,0.010063736199644496,0.004464669821288089,-0.21399994594403932,0.7702100814330043,0.008752041352813687
1731668400.0,6.531882980180302e-05,6.569660171680915e-05,6.531882980180302e-05,6.542988822702886e-05,18.09916418296761,0.0011832212571581827,0.0017002512990943511,-0.8824272383848873,0.77364881513963,0.0057835070859720596
1731668460.0,6.542988822702886e-05,6.542988822702886e-05,6.488613197779098e-05,6.488613197779098e-05,106.87522822062212,0.0069637772000966615,-0.008310517776694929,4.8854395642130415,0.7749642125426139,0.008310517776694929
1731668520.0,6.488613197779098e-05,6.490385087215626e-05,6.488613197779098e-05,6.490385087215626e-05,2.1356793658414484,0.0001385948941327739,0.00027307675500443465,-0.9800977414770177,0.7685238586779762,0.00027307675500443465
1731668580.0,6.490385087215626e-05,6.490385087215626e-05,6.490385087215626e-05,6.490385087215626e-05,0.0,0.0,0.0,-1.0,0.7687337246794474,0.0
1731668640.0,6.490385087215626e-05,6.490385087215626e-05,6.490385087215626e-05,6.490385087215626e-05,0.0,0.0,0.0,0.0,0.7687337246794474,0.0
1731668700.0,6.490385087215626e-05,7.77835576352668e-05,6.430923790657219e-05,7.703607297149794e-05,2087.732594106532,0.14816630270669787,0.18692607505275785,0.0,0.7687337246794474,0.20760431850546932
1731668760.0,7.703607297149794e-05,8.550143797989398e-05,7.595038235960255e-05,8.550143797989398e-05,1615.407790583954,0.1312821807265016,0.10988832480503098,-0.11395385908777901,0.912430102594464,0.12398160046171046
1731668820.0,8.550143797989398e-05,8.570680248820223e-05,7.390507249287233e-05,7.390507249287233e-05,1487.9891962423344,0.1185975826970834,-0.13562772464421685,-0.09662086628377892,1.0126955180702522,0.13802960832196906
1731668880.0,7.390507249287233e-05,7.620718196046719e-05,7.340973193608307e-05,7.620718196046719e-05,398.3613700173375,0.02989946167021175,0.031149546167035778,-0.7478914747648812,0.8753459291969875,0.03785193532763137
1731668940.0,7.620718196046719e-05,8.218257986610783e-05,7.59348045728497e-05,8.218257986610783e-05,849.6076858099382,0.06728457950073184,0.07840990510238795,1.2503609009043182,0.9026125576306359,0.08198407463090795
1731669000.0,8.218257986610783e-05,8.228704149747572e-05,8.008925405336335e-05,8.008925405336335e-05,478.88163022122654,0.03885450018317224,-0.025471648811158473,-0.4225348442171712,0.9733863226186776,0.0267427409518297
1731669060.0,8.008925405336335e-05,8.008925405336335e-05,7.479915359375456e-05,7.479915359375456e-05,424.5314392282043,0.032877499309097884,-0.06605256250837344,-0.1538303374357387,0.9485925680513497,0.06605256250837344
1731669120.0,7.479915359375456e-05,7.479915359375456e-05,7.337521261958567e-05,7.337521261958567e-05,224.65676113328357,0.01664418659823303,-0.019036859453016423,-0.4937514425366518,0.8859355981551594,0.019036859453016423
1731669180.0,7.337521261958567e-05,7.433546179730122e-05,7.337521261958567e-05,7.433546179730122e-05,152.24606737516686,0.011244184644652348,0.013086833324681002,-0.32443772014391825,0.8690701666886557,0.013086833324681002
1731669240.0,7.433546179730122e-05,7.433546179730122e-05,7.433546179730122e-05,7.433546179730122e-05,0.0,0.0,0.0,-1.0,0.8804435431075628,0.0
1731669300.0,7.433546179730122e-05,7.433546179730122e-05,7.433546179730122e-05,7.433546179730122e-05,0.0,0.0,0.0,0.0,0.8804435431075628,0.0
1731669360.0,7.433546179730122e-05,7.947711235782674e-05,7.433546179730122e-05,7.792346795675765e-05,901.9162969457494,0.06866240505035187,0.0482677590574502,0.0,0.8804435431075628,0.06916820634740697
1731669420.0,7.792346795675765e-05,7.923934824950235e-05,7.747904151509538e-05,7.923934824950235e-05,228.848055888878,0.017983202473411824,0.016886829183153488,-0.7380924472391509,0.9229405799099665,0.022590200109982545
1731669480.0,7.923934824950235e-05,7.939580930731338e-05,7.923934824950235e-05,7.939580930731338e-05,25.84824124081694,0.0020502199109017887,0.001974537414396459,-0.8859925025071014,0.9385261198291066,0.001974537414396459
1731669540.0,7.939580930731338e-05,7.939580930731338e-05,7.939580930731338e-05,7.939580930731338e-05,0.0,0.0,0.0,-1.0,0.9403792747670976,0.0
1731669600.0,7.939580930731338e-05,7.939580930731338e-05,7.939580930731338e-05,7.939580930731338e-05,0.0,0.0,0.0,0.0,0.9403792747670976,0.0
1731669660.0,7.939580930731338e-05,7.939580930731338e-05,6.29707309924403e-05,6.29707309924403e-05,2635.918266354991,0.18763328204694232,-0.2068758849890597,0.0,0.9403792747670976,0.2068758849890597
1731669720.0,6.29707309924403e-05,6.29707309924403e-05,6.29707309924403e-05,6.29707309924403e-05,0.0,0.0,0.0,-1.0,0.7458374800742841,0.0
1731669780.0,6.29707309924403e-05,6.29707309924403e-05,6.29707309924403e-05,6.29707309924403e-05,0.0,0.0,0.0,0.0,0.7458374800742841,0.0
1731669840.0,6.29707309924403e-05,6.29707309924403e-05,6.29707309924403e-05,6.29707309924403e-05,0.0,0.0,0.0,0.0,0.7458374800742841,0.0
1731669900.0,6.29707309924403e-05,6.29707309924403e-05,6.155772792719628e-05,6.155772792719628e-05,61.09997498040709,0.0038043428621692237,-0.022439044981288996,0.0,0.7458374800742841,0.022439044981288996
1731669960.0,6.155772792719628e-05,6.166240899149045e-05,6.155772792719628e-05,6.166240899149045e-05,10.641923189650038,0.0006556496162534126,0.0017005348933276166,-0.8276575902836573,0.729101599310166,0.0017005348933276166
1731670020.0,6.166240899149045e-05,6.166240899149045e-05,6.136817038397512e-05,6.136817038397512e-05,3.41069272349522,0.00020980975092165074,-0.004771766337509414,-0.6799971421922437,0.7303414620205739,0.004771766337509414
1731670080.0,6.136817038397512e-05,6.136817038397512e-05,6.136817038397512e-05,6.136817038397512e-05,0.0,0.0,0.0,-1.0,0.7268564432172168,0.0
1731670140.0,6.136817038397512e-05,6.136817038397512e-05,6.120121004111837e-05,6.120121004111837e-05,34.31478570798885,0.002102971011824023,-0.0027206341954158515,0.0,0.7268564432172168,0.0027206341954158515
1731670200.0,6.120121004111837e-05,6.120121004111837e-05,6.107746339392829e-05,6.107746339392829e-05,0.0518864525543694,3.172303293799389e-06,-0.0020219640609546487,-0.9984915135415737,0.7248789327226416,0.0020219640609546487
1731670260.0,6.107746339392829e-05,6.131072533806468e-05,6.107746339392829e-05,6.117362308917511e-05,39.17906503991276,0.0023948416342607537,0.0015743891429580816,753.9220274561172,0.7234132535721333,0.0038191164330439904
1731670320.0,6.117362308917511e-05,6.117362308917511e-05,6.014655705594248e-05,6.014655705594248e-05,229.67655873858192,0.01393220074063772,-0.016789360861223405,4.817587493604082,0.7245521875444292,0.016789360861223405
1731670380.0,6.014655705594248e-05,6.014655705594248e-05,6.014655705594248e-05,6.014655705594248e-05,0.0,0.0,0.0,-1.0,0.712387419404957,0.0
1731670440.0,6.014655705594248e-05,6.014655705594248e-05,5.8916819878751035e-05,5.8916819878751035e-05,80.54793071067438,0.004795154317757299,-0.020445678645373905,0.0,0.712387419404957,0.020445678645373905
1731670500.0,5.8916819878751035e-05,5.8916819878751035e-05,5.567314946616045e-05,5.567314946616045e-05,721.1262904289945,0.0413169197570341,-0.05505508306907868,7.616390009395587,0.697822175156796,0.05505508306907868
1731670560.0,5.567314946616045e-05,5.567314946616045e-05,4.8851327657424905e-05,4.8851327657424905e-05,625.8429209328646,0.03270795203600252,-0.12253342722926105,-0.2083642191058042,0.6594035173360935,0.12253342722926105
1731670620.0,4.8851327657424905e-05,4.8851327657424905e-05,4.866197601486979e-05,4.866197601486979e-05,43.39063442916857,0.00211558205581252,-0.0038760797635422335,-0.935319030262615,0.5786045444298725,0.0038760797635422335
1731670680.0,4.866197601486979e-05,4.866197601486979e-05,4.866197601486979e-05,4.866197601486979e-05,0.0,0.0,0.0,-1.0,0.5763618270641143,0.0
1731670740.0,4.866197601486979e-05,4.88334703373941e-05,4.858503888353535e-05,4.858503888353535e-05,18.159709540335605,0.0008829887721098633,-0.0015810523458999624,0.0,0.5763618270641143,0.005105247961628855
1731670800.0,4.858503888353535e-05,4.858503888353535e-05,4.858503888353535e-05,4.858503888353535e-05,0.0,0.0,0.0,-1.0,0.5754505688453474,0.0
1731670860.0,4.858503888353535e-05,4.858503888353535e-05,4.858503888353535e-05,4.858503888353535e-05,0.0,0.0,0.0,0.0,0.5754505688453474,0.0
1731670920.0,4.858503888353535e-05,4.9565581839691814e-05,4.858503888353535e-05,4.9565581839691814e-05,105.97764755639152,0.005200885945223613,0.020181993854259367,0.0,0.5754505688453474,0.020181993854259367
1731670980.0,4.9565581839691814e-05,4.9565581839691814e-05,4.860666578059293e-05,4.860666578059293e-05,196.1407023990444,0.009627786802167781,-0.01934640981720484,0.8511820685107975,0.5870643086892142,0.01934640981720484
1731671040.0,4.860666578059293e-05,5.29768286078662e-05,4.860666578059293e-05,5.252338253097558e-05,626.3115123169044,0.03166945674935004,0.08057982763233414,2.28938076840457,0.5757067219842587,0.08990871431091116
1731671100.0,5.252338253097558e-05,5.384743202409541e-05,5.252338253097558e-05,5.384743202409541e-05,170.5877626662238,0.009072779633966677,0.025208762827469613,-0.7135164109137149,0.6220970704085264,0.025208762827469613
1731671160.0,5.384743202409541e-05,5.384743202409541e-05,5.384743202409541e-05,5.384743202409541e-05,0.0,0.0,0.0,-1.0,0.6377793679121185,0.0
1731671220.0,5.384743202409541e-05,5.393068075622912e-05,5.384743202409541e-05,5.393068075622912e-05,75.60230594812202,0.004074136928464647,0.0015460111839030624,0.0,0.6377793679121185,0.0015460111839030624
1731671280.0,5.393068075622912e-05,5.393068075622912e-05,5.393068075622912e-05,5.393068075622912e-05,0.0,0.0,0.0,-1.0,0.6387653819477733,0.0
1731671340.0,5.393068075622912e-05,5.393068075622912e-05,5.2287371874973993e-05,5.2287371874973993e-05,241.9551659112154,0.01285000327357448,-0.030470760951136686,0.0,0.6387653819477733,0.030470760951136686
1731671400.0,5.2287371874973993e-05,5.2287371874973993e-05,5.121245580669633e-05,5.121245580669633e-05,162.24020214739198,0.008395916482647215,-0.020557852302233275,-0.3466214518471693,0.6193017146905812,0.020557852302233275
1731671460.0,5.121245580669633e-05,5.121245580669633e-05,5.040364375426155e-05,5.040364375426155e-05,58.41445770919044,0.0029679246751882294,-0.01579326825270157,-0.6465037877255719,0.6065702015094524,0.01579326825270157
1731671520.0,5.040364375426155e-05,5.040364375426155e-05,5.040364375426155e-05,5.040364375426155e-05,0.0,0.0,0.0,-1.0,0.5969904756029183,0.0
1731671580.0,5.040364375426155e-05,5.040364375426155e-05,5.040364375426155e-05,5.040364375426155e-05,0.0,0.0,0.0,0.0,0.5969904756029183,0.0
1731671640.0,5.040364375426155e-05,5.040364375426155e-05,5.040364375426155e-05,5.040364375426155e-05,0.0,0.0,0.0,0.0,0.5969904756029183,0.0
1731671700.0,5.040364375426155e-05,5.040364375426155e-05,4.9935370183194606e-05,5.004538930756528e-05,102.27504727279153,0.005136714802452269,-0.007107709284727643,0.0,0.5969904756029183,0.009290470612600393
1731671760.0,5.004538930756528e-05,5.004538930756528e-05,5.004538930756528e-05,5.004538930756528e-05,0.0,0.0,0.0,-1.0,0.5927472408565815,0.0
1731671820.0,5.004538930756528e-05,5.004538930756528e-05,5.004538930756528e-05,5.004538930756528e-05,0.0,0.0,0.0,0.0,0.5927472408565815,0.0
1731671880.0,5.004538930756528e-05,5.028129465605033e-05,5.004538930756528e-05,5.028129465605033e-05,20.359282548588837,0.0010212896529891134,0.004713827822084356,0.0,0.5927472408565815,0.004713827822084356
1731671940.0,5.028129465605033e-05,5.028129465605033e-05,4.149631808791424e-05,4.149631808791424e-05,1244.0528358798265,0.05708809970220481,-0.174716594475735,54.89804962296367,0.595541349291995,0.174716594475735
1731672000.0,4.149631808791424e-05,4.169002181992684e-05,4.149631808791424e-05,4.169002181992684e-05,10.574327798618018,0.00043981981327638573,0.004667973953790788,-0.9922957706497384,0.4914903928742135,0.004667973953790788
1731672060.0,4.169002181992684e-05,4.3144021920300657e-05,4.149214837320361e-05,4.3144021920300657e-05,444.9115491650661,0.0188718229112008,0.0348764533310663,41.908078130035534,0.4937846572266887,0.039622755637596936
1731672120.0,4.3144021920300657e-05,4.3144021920300657e-05,4.3144021920300657e-05,4.3144021920300657e-05,0.0,0.0,0.0,-1.0,0.5110061147800519,0.0
1731672180.0,4.3144021920300657e-05,4.683087926105451e-05,4.3144021920300657e-05,4.683087926105451e-05,376.2013136226143,0.016924338008745363,0.08545465111167744,0.0,0.5110061147800519,0.08545465111167744
1731672240.0,4.683087926105451e-05,4.683087926105451e-05,4.5853682826751545e-05,4.5853682826751545e-05,215.4277642779002,0.009983413996826144,-0.020866497698146438,-0.41011494856298747,0.554673964034515,0.020866497698146438
1731672300.0,4.5853682826751545e-05,4.5853682826751545e-05,4.4685662212541845e-05,4.4685662212541845e-05,123.00852594279404,0.005568555686554751,-0.025472776496989768,-0.44221929609199156,0.543099861040767,0.025472776496989768
1731672360.0,4.4685662212541845e-05,4.4685662212541845e-05,4.4225918771973904e-05,4.4225918771973904e-05,57.34067227979076,0.002549124913555597,-0.01028838821681164,-0.5422287111700353,0.5292655996649294,0.01028838821681164
1731672420.0,4.4225918771973904e-05,4.4225918771973904e-05,4.393465288313789e-05,4.393465288313789e-05,30.236814902427533,0.0013328474434139072,-0.006585864057177955,-0.4771352959887669,0.523820309705773,0.006585864057177955
1731672480.0,4.393465288313789e-05,4.393465288313789e-05,4.393465288313789e-05,4.393465288313789e-05,0.0,0.0,0.0,-1.0,0.5203705003556619,0.0
1731672540.0,4.393465288313789e-05,4.393465288313789e-05,4.369881169125264e-05,4.369881169125264e-05,56.6513254690391,0.002482275961791653,-0.005367999435720319,0.0,0.5203705003556619,0.005367999435720319
1731672600.0,4.369881169125264e-05,4.369881169125264e-05,4.270470427218917e-05,4.270470427218917e-05,237.18530124763245,0.010246821981321782,-0.0227490721278003,3.1279946867494326,0.5175771518033871,0.0227490721278003
1731672660.0,4.270470427218917e-05,4.270470427218917e-05,4.270470427218917e-05,4.270470427218917e-05,0.0,0.0,0.0,-1.0,0.5058027518453105,0.0
1731672720.0,4.270470427218917e-05,4.270470427218917e-05,4.270470427218917e-05,4.270470427218917e-05,0.0,0.0,0.0,0.0,0.5058027518453105,0.0
1731672780.0,4.270470427218917e-05,4.270470427218917e-05,4.270470427218917e-05,4.270470427218917e-05,0.0,0.0,0.0,0.0,0.5058027518453105,0.0
1731672840.0,4.270470427218917e-05,4.270470427218917e-05,4.270470427218917e-05,4.270470427218917e-05,0.0,0.0,0.0,0.0,0.5058027518453105,0.0
1731672900.0,4.270470427218917e-05,4.270470427218917e-05,4.270470427218917e-05,4.270470427218917e-05,0.0,0.0,0.0,0.0,0.5058027518453105,0.0
1731672960.0,4.270470427218917e-05,4.270470427218917e-05,4.270470427218917e-05,4.270470427218917e-05,0.0,0.0,0.0,0.0,0.5058027518453105,0.0
1731673020.0,4.270470427218917e-05,4.270470427218917e-05,4.132286945056325e-05,4.132286945056325e-05,193.9616931082051,0.008149065233519793,-0.03235790635191957,0.0,0.5058027518453105,0.03235790635191957
1731673080.0,4.132286945056325e-05,4.132286945056325e-05,4.050856604913964e-05,4.050856604913964e-05,51.05819679614855,0.0020890827689275834,-0.019705877453592716,-0.7436414227812906,0.4894360337685567,0.019705877453592716
1731673140.0,4.050856604913964e-05,4.050856604913964e-05,3.987073170378755e-05,3.987073170378755e-05,146.32636451977703,0.005880805211419259,-0.015745665856904345,1.8150178149418803,0.47979126726574106,0.015745665856904345
1731673200.0,3.987073170378755e-05,3.987073170378755e-05,3.987073170378755e-05,3.987073170378755e-05,0.0,0.0,0.0,-1.0,0.47223663429031404,0.0
1731673260.0,3.987073170378755e-05,3.987073170378755e-05,3.9360969091296e-05,3.9360969091296e-05,11.816636442639528,0.0004681261015137478,-0.01278538393222216,0.0,0.47223663429031404,0.01278538393222216
1731673320.0,3.9360969091296e-05,3.9360969091296e-05,3.922855715522005e-05,3.922855715522005e-05,14.627848086857124,0.0005747978255760537,-0.0033640415653595768,0.2278696353768115,0.46619890761405197,0.0033640415653595768
1731673380.0,3.922855715522005e-05,3.922855715522005e-05,3.922855715522005e-05,3.922855715522005e-05,0.0,0.0,0.0,-1.0,0.4646305951111131,0.0
1731673440.0,3.922855715522005e-05,3.922855715522005e-05,3.911578330598631e-05,3.911578330598631e-05,20.769191325224018,0.0008135742981436421,-0.002874789628063893,0.0,0.4646305951111131,0.002874789628063893
1731673500.0,3.911578330598631e-05,3.911578330598631e-05,3.911578330598631e-05,3.911578330598631e-05,0.0,0.0,0.0,-1.0,0.4632948798954065,0.0
1731673560.0,3.911578330598631e-05,3.911578330598631e-05,3.911578330598631e-05,3.911578330598631e-05,0.0,0.0,0.0,0.0,0.4632948798954065,0.0
1731673620.0,3.911578330598631e-05,3.911578330598631e-05,3.911578330598631e-05,3.911578330598631e-05,0.0,0.0,0.0,0.0,0.4632948798954065,0.0
1731673680.0,3.911578330598631e-05,3.911578330598631e-05,3.845893545126857e-05,3.845893545126857e-05,154.0217428126803,0.005974096690597957,-0.016792399364202924,0.0,0.4632948798954065,0.016792399364202924
1731673740.0,3.845893545126857e-05,3.845893545126857e-05,3.845893545126857e-05,3.845893545126857e-05,0.0,0.0,0.0,-1.0,0.4555150472488124,0.0
1731673800.0,3.845893545126857e-05,3.845893545126857e-05,3.845893545126857e-05,3.845893545126857e-05,0.0,0.0,0.0,0.0,0.4555150472488124,0.0
1731673860.0,3.845893545126857e-05,3.845893545126857e-05,3.845893545126857e-05,3.845893545126857e-05,0.0,0.0,0.0,0.0,0.4555150472488124,0.0
1731673920.0,3.845893545126857e-05,3.845893545126857e-05,3.818089780638976e-05,3.818089780638976e-05,1.0082600025518054,3.8636439237968264e-05,-0.007229468044717643,0.0,0.4555150472488124,0.007229468044717643
1731673980.0,3.818089780638976e-05,3.827904971557642e-05,3.746488844342627e-05,3.746488844342627e-05,151.26362092608963,0.005721227767974089,-0.018753078217130497,147.07854659525157,0.4522219157708391,0.021323785424812534
1731674040.0,3.746488844342627e-05,3.746488844342627e-05,3.742295672764966e-05,3.742295672764966e-05,9.29781347787404,0.0003481466080802871,-0.0011192270287933004,-0.9391482698820139,0.4437413628128879,0.0011192270287933004
1731674100.0,3.742295672764966e-05,3.742295672764966e-05,3.742295672764966e-05,3.742295672764966e-05,0.0,0.0,0.0,-1.0,0.44324471548583416,0.0
1731674160.0,3.742295672764966e-05,3.742295672764966e-05,3.732650296578389e-05,3.732650296578389e-05,3.6205761052736145,0.00013531805382407936,-0.002577395542733943,0.0,0.44324471548583416,0.002577395542733943
1731674220.0,3.732650296578389e-05,3.732650296578389e-05,3.732650296578389e-05,3.732650296578389e-05,0.0,0.0,0.0,-1.0,0.4421022985318006,0.0
1731674280.0,3.732650296578389e-05,3.732650296578389e-05,3.709267877520811e-05,3.709267877520811e-05,38.83732700570096,0.0014451210483857984,-0.006264294053748414,0.0,0.4421022985318006,0.006264294053748414
1731674340.0,3.709267877520811e-05,3.709267877520811e-05,3.709267877520811e-05,3.709267877520811e-05,0.0,0.0,0.0,-1.0,0.43933283973195936,0.0
1731674400.0,3.709267877520811e-05,3.709267877520811e-05,3.709267877520811e-05,3.709267877520811e-05,0.0,0.0,0.0,0.0,0.43933283973195936,0.0
1731674460.0,3.709267877520811e-05,3.709267877520811e-05,3.709267877520811e-05,3.709267877520811e-05,0.0,0.0,0.0,0.0,0.43933283973195936,0.0
1731674520.0,3.709267877520811e-05,3.709267877520811e-05,2.9699846004544043e-05,2.9699846004544043e-05,2026.3610446350965,0.06767288514325707,-0.19930706044356292,0.0,0.43933283973195936,0.19930706044356292
1731674580.0,2.9699846004544043e-05,2.9699846004544043e-05,2.8158371061166372e-05,2.8158371061166372e-05,122.5777318861842,0.003546064509446649,-0.051901782357451506,-0.947599921269206,0.3517707028886596,0.051901782357451506
1731674640.0,2.8158371061166372e-05,2.9305387298331767e-05,2.6085226625116803e-05,2.7325518357646852e-05,1170.1096917397183,0.03246111837218408,-0.02957744614240558,8.154125167691753,0.33351317642760464,0.11435891182128553
1731674700.0,2.7325518357646852e-05,2.9343188067482103e-05,2.7325518357646852e-05,2.9343188067482103e-05,321.2276908775167,0.009101778854980034,0.07383829588984249,-0.719609819026465,0.32364870841403454,0.07383829588984249
1731674760.0,2.9343188067482103e-05,2.985517518714614e-05,2.9343188067482103e-05,2.985517518714614e-05,116.44258554442304,0.003446605238683439,0.01744824449499462,-0.6213261941870153,0.3475463775102754,0.01744824449499462
1731674820.0,2.985517518714614e-05,2.985517518714614e-05,2.9827114786062065e-05,2.9827114786062065e-05,1.7273765807147772,5.1546894991574115e-05,-0.0009398839868859834,-0.9850441546327874,0.35361045167842436,0.0009398839868859834
1731674880.0,2.9827114786062065e-05,2.9827114786062065e-05,2.9827114786062065e-05,2.9827114786062065e-05,0.0,0.0,0.0,-1.0,0.3532780988772963,0.0
1731674940.0,2.9827114786062065e-05,2.9827114786062065e-05,2.9827114786062065e-05,2.9827114786062065e-05,0.0,0.0,0.0,0.0,0.3532780988772963,0.0
1731675000.0,2.9827114786062065e-05,2.9827114786062065e-05,2.9827114786062065e-05,2.9827114786062065e-05,0.0,0.0,0.0,0.0,0.3532780988772963,0.0
1731675060.0,2.9827114786062065e-05,2.9827114786062065e-05,2.9697482224871695e-05,2.9697482224871695e-05,67.92830830990341,0.002021702588890732,-0.004346131435111054,0.0,0.3532780988772963,0.004346131435111054
1731675120.0,2.9697482224871695e-05,2.9697482224871695e-05,2.9697482224871695e-05,2.9697482224871695e-05,0.0,0.0,0.0,-1.0,0.3517427058264294,0.0
1731675180.0,2.9697482224871695e-05,2.9697482224871695e-05,2.9324756445082187e-05,2.9324756445082187e-05,98.54925299878552,0.0029082987656199938,-0.01255075352742696,0.0,0.3517427058264294,0.01255075352742696
1731675240.0,2.9324756445082187e-05,2.9324756445082187e-05,2.861282586167067e-05,2.861282586167067e-05,150.08521738949872,0.004347787317765489,-0.024277459379578575,0.49495896678917156,0.34732806982053166,0.024277459379578575
1731675300.0,2.861282586167067e-05,2.8704303619213225e-05,2.861282586167067e-05,2.8704303619213225e-05,24.573129623014232,0.0007042306261764252,0.003197089234904889,-0.8380255116668497,0.33889582671407625,0.003197089234904889
1731675360.0,2.8704303619213225e-05,2.8704303619213225e-05,2.829327096389929e-05,2.829327096389929e-05,63.52828231606286,0.0018104790047234103,-0.014319548063824501,1.570860933091322,0.339979306913418,0.014319548063824501
1731675420.0,2.829327096389929e-05,2.829327096389929e-05,2.818606084592352e-05,2.818606084592352e-05,34.600602990850575,0.0009771094685700986,-0.0037892443794344285,-0.4603033418112611,0.3351109568873656,0.0037892443794344285
1731675480.0,2.818606084592352e-05,2.818606084592352e-05,2.8085897146254397e-05,2.8085897146254397e-05,0.0009294988059437,2.6152358880921706e-08,-0.0035536608047735687,-0.9999732349754842,0.33384113957749323,0.0035536608047735687
1731675540.0,2.8085897146254397e-05,2.825186051389212e-05,2.8085897146254397e-05,2.825186051389212e-05,6.42015372529755,0.00018084853235835014,0.005909135349085944,6914.190066861624,0.33265478140475574,0.005909135349085944
1731675600.0,2.825186051389212e-05,2.825186051389212e-05,2.825186051389212e-05,2.825186051389212e-05,0.0,0.0,0.0,-1.0,0.33462048353259705,0.0
1731675660.0,2.825186051389212e-05,2.8883397557504713e-05,2.7761295805798263e-05,2.7761295805798263e-05,494.9850134283991,0.013862836466534481,-0.01736397883787639,0.0,0.33462048353259705,0.03971780021902223
1731675720.0,2.7761295805798263e-05,2.7761295805798263e-05,2.7761295805798263e-05,2.7761295805798263e-05,0.0,0.0,0.0,-1.0,0.3288101405378171,0.0
1731675780.0,2.7761295805798263e-05,2.7761295805798263e-05,2.7761295805798263e-05,2.7761295805798263e-05,0.0,0.0,0.0,0.0,0.3288101405378171,0.0
1731675840.0,2.7761295805798263e-05,2.7761295805798263e-05,2.7761295805798263e-05,2.7761295805798263e-05,0.0,0.0,0.0,0.0,0.3288101405378171,0.0
1731675900.0,2.7761295805798263e-05,2.7761295805798263e-05,2.7761295805798263e-05,2.7761295805798263e-05,0.0,0.0,0.0,0.0,0.3288101405378171,0.0
1731675960.0,2.7761295805798263e-05,2.7761295805798263e-05,2.7761295805798263e-05,2.7761295805798263e-05,0.0,0.0,0.0,0.0,0.3288101405378171,0.0
1731676020.0,2.7761295805798263e-05,3.015091672932795e-05,2.7761295805798263e-05,3.015091672932795e-05,718.1108044906173,0.020793692766715548,0.08607742737392643,0.0,0.3288101405378171,0.08607742737392643
1731676080.0,3.015091672932795e-05,3.015091672932795e-05,2.982693633989358e-05,2.982693633989358e-05,3.7945143144013858,0.00011379341100911209,-0.010745291506152952,-0.994527503494172,0.35711327152977157,0.010745291506152952
1731676140.0,2.982693633989358e-05,2.982693633989358e-05,2.982693633989358e-05,2.982693633989358e-05,0.0,0.0,0.0,-1.0,0.3532759853264682,0.0
1731676200.0,2.982693633989358e-05,2.982693633989358e-05,2.982693633989358e-05,2.982693633989358e-05,0.0,0.0,0.0,0.0,0.3532759853264682,0.0
1731676260.0,2.982693633989358e-05,2.998902204191348e-05,2.982693633989358e-05,2.998902204191348e-05,32.20477534769444,0.0009631797509465682,0.005434205517216078,0.0,0.3532759853264682,0.005434205517216078
1731676320.0,2.998902204191348e-05,2.998902204191348e-05,2.998902204191348e-05,2.998902204191348e-05,0.0,0.0,0.0,-1.0,0.35519575963502925,0.0
1731676380.0,2.998902204191348e-05,2.998902204191348e-05,2.998902204191348e-05,2.998902204191348e-05,0.0,0.0,0.0,0.0,0.35519575963502925,0.0
1731676440.0,2.998902204191348e-05,2.998902204191348e-05,2.982090024807879e-05,2.982090024807879e-05,34.266854943602915,0.001024748965649664,-0.005606111249633919,0.0,0.35519575963502925,0.005606111249633919
1731676500.0,2.982090024807879e-05,2.982090024807879e-05,2.854403354518335e-05,2.854403354518335e-05,294.14646348451646,0.008583919433398002,-0.042817845614090785,7.376607072695138,0.3532044926911171,0.042817845614090785
1731676560.0,2.854403354518335e-05,2.854403354518335e-05,2.783552099331636e-05,2.783552099331636e-05,99.81444100737846,0.002813746860252678,-0.024821739042082534,-0.6722072146547585,0.33808103725286553,0.024821739042082534
1731676620.0,2.783552099331636e-05,2.783552099331636e-05,2.783552099331636e-05,2.783552099331636e-05,0.0,0.0,0.0,-1.0,0.3296892779710983,0.0
1731676680.0,2.783552099331636e-05,2.783552099331636e-05,2.783552099331636e-05,2.783552099331636e-05,0.0,0.0,0.0,0.0,0.3296892779710983,0.0
1731676740.0,2.783552099331636e-05,2.783552099331636e-05,2.7495904179603124e-05,2.7495904179603124e-05,26.12329995999826,0.0007227197085031871,-0.012200842721599558,0.0,0.3296892779710983,0.012200842721599558
1731676800.0,2.7495904179603124e-05,2.7495904179603124e-05,2.7495904179603124e-05,2.7495904179603124e-05,0.0,0.0,0.0,-1.0,0.32566679094357526,0.0
1731676860.0,2.7495904179603124e-05,2.7495904179603124e-05,2.7495904179603124e-05,2.7495904179603124e-05,0.0,0.0,0.0,0.0,0.32566679094357526,0.0
1731676920.0,2.7495904179603124e-05,2.7495904179603124e-05,2.7495904179603124e-05,2.7495904179603124e-05,0.0,0.0,0.0,0.0,0.32566679094357526,0.0
1731676980.0,2.7495904179603124e-05,2.7495904179603124e-05,2.7495904179603124e-05,2.7495904179603124e-05,0.0,0.0,0.0,0.0,0.32566679094357526,0.0
1731677040.0,2.7495904179603124e-05,2.7495904179603124e-05,2.7495904179603124e-05,2.7495904179603124e-05,0.0,0.0,0.0,0.0,0.32566679094357526,0.0
1731677100.0,2.7495904179603124e-05,2.7495904179603124e-05,2.7495904179603124e-05,2.7495904179603124e-05,0.0,0.0,0.0,0.0,0.32566679094357526,0.0
1731677160.0,2.7495904179603124e-05,2.7495904179603124e-05,2.7346248092624497e-05,2.7346248092624497e-05,0.1462373540268486,4.009985618714045e-06,-0.0054428501787420714,0.0,0.32566679094357526,0.0054428501787420714
1731677220.0,2.7346248092624497e-05,2.7346248092624497e-05,2.7346248092624497e-05,2.7346248092624497e-05,0.0,0.0,0.0,-1.0,0.3238942353922777,0.0
1731677280.0,2.7346248092624497e-05,2.7346248092624497e-05,2.7346248092624497e-05,2.7346248092624497e-05,0.0,0.0,0.0,0.0,0.3238942353922777,0.0
1731677340.0,2.7346248092624497e-05,3.0315509396688012e-05,2.7346248092624497e-05,3.0315509396688012e-05,599.2444741378304,0.01727674477227309,0.10858020793222999,0.0,0.3238942353922777,0.10858020793222999
1731677400.0,3.0315509396688012e-05,3.089589177176598e-05,3.0315509396688012e-05,3.089589177176598e-05,31.78304684080893,0.0009727424152642597,0.019144734382770187,-0.9436964296176105,0.3590627388192218,0.019144734382770187
1731677460.0,3.089589177176598e-05,3.089589177176598e-05,3.089589177176598e-05,3.089589177176598e-05,0.0,0.0,0.0,-1.0,0.3659368995806658,0.0
1731677520.0,3.089589177176598e-05,3.481870848109019e-05,3.089589177176598e-05,3.481870848109019e-05,686.2237257422539,0.022547458910588913,0.12696887787874298,0.0,0.3659368995806658,0.12696887787874298
1731677580.0,3.481870848109019e-05,3.495526481059781e-05,3.481870848109019e-05,3.495526481059781e-05,16.365175283597157,0.0005709316515757503,0.00392192403063364,-0.9746786698297241,0.4123994970948492,0.00392192403063364
1731677640.0,3.495526481059781e-05,3.5089203866771055e-05,3.495526481059781e-05,3.5089203866771055e-05,29.58338531964492,0.0010360762531962013,0.0038317276924945717,0.8147115339229646,0.4140168965927267,0.0038317276924945717
1731677700.0,3.5089203866771055e-05,3.5089203866771055e-05,3.5037764628426774e-05,3.5037764628426774e-05,4.144723280516811,0.0001453284394570577,-0.0014659562679047629,-0.8597319077541516,0.4156032966005617,0.0014659562679047629
1731677760.0,3.5037764628426774e-05,3.5037764628426774e-05,3.459141239438178e-05,3.459141239438178e-05,94.44883525178184,0.0032881973346721998,-0.012739175537552978,21.6259729131944,0.41499404034294823,0.012739175537552978
1731677820.0,3.459141239438178e-05,3.459141239438178e-05,3.459141239438178e-05,3.459141239438178e-05,0.0,0.0,0.0,-1.0,0.40970735841598105,0.0
1731677880.0,3.459141239438178e-05,3.459141239438178e-05,3.428935779276007e-05,3.428935779276007e-05,17.11541263825011,0.0005894614022967045,-0.008732069051646177,0.0,0.40970735841598105,0.008732069051646177
1731677940.0,3.428935779276007e-05,3.428935779276007e-05,3.428935779276007e-05,3.428935779276007e-05,0.0,0.0,0.0,-1.0,0.4061297654713252,0.0
1731678000.0,3.428935779276007e-05,3.428935779276007e-05,3.428935779276007e-05,3.428935779276007e-05,0.0,0.0,0.0,0.0,0.4061297654713252,0.0
1731678060.0,3.428935779276007e-05,3.428935779276007e-05,3.428935779276007e-05,3.428935779276007e-05,0.0,0.0,0.0,0.0,0.4061297654713252,0.0
1731678120.0,3.428935779276007e-05,3.6416575230452374e-05,3.428935779276007e-05,3.6416575230452374e-05,379.8974710440184,0.013430502571663075,0.062037249299006975,0.0,0.4061297654713252,0.062037249299006975
1731678180.0,3.6416575230452374e-05,3.655807839641598e-05,3.6416575230452374e-05,3.655807839641598e-05,8.535542274243033,0.00031143912049018873,0.0038856802175421413,-0.9768110598372326,0.431324938979617,0.0038856802175421413
1731678240.0,3.655807839641598e-05,3.655807839641598e-05,3.655807839641598e-05,3.655807839641598e-05,0.0,0.0,0.0,-1.0,0.43300092976234267,0.0
1731678300.0,3.655807839641598e-05,3.655807839641598e-05,3.655807839641598e-05,3.655807839641598e-05,0.0,0.0,0.0,0.0,0.43300092976234267,0.0
1731678360.0,3.655807839641598e-05,3.655807839641598e-05,3.655807839641598e-05,3.655807839641598e-05,0.0,0.0,0.0,0.0,0.43300092976234267,0.0
1731678420.0,3.655807839641598e-05,3.655807839641598e-05,3.655807839641598e-05,3.655807839641598e-05,0.0,0.0,0.0,0.0,0.43300092976234267,0.0
1731678480.0,3.655807839641598e-05,3.655807839641598e-05,3.655807839641598e-05,3.655807839641598e-05,0.0,0.0,0.0,0.0,0.43300092976234267,0.0
1731678540.0,3.655807839641598e-05,3.655807839641598e-05,3.655807839641598e-05,3.655807839641598e-05,0.0,0.0,0.0,0.0,0.43300092976234267,0.0
1731678600.0,3.655807839641598e-05,3.681459202578998e-05,3.655807839641598e-05,3.681459202578998e-05,22.116023589848226,0.0008113558549538331,0.007016605922021083,0.0,0.43300092976234267,0.007016605922021083
1731678660.0,3.681459202578998e-05,3.681459202578998e-05,3.671369727008048e-05,3.671369727008048e-05,0.528201261702112,1.941886758843834e-05,-0.0027406186014181898,-0.9760661521453575,0.43603912665035377,0.0027406186014181898
1731678720.0,3.671369727008048e-05,3.671369727008048e-05,3.671369727008048e-05,3.671369727008048e-05,0.0,0.0,0.0,-1.0,0.4348441097089097,0.0
1731678780.0,3.671369727008048e-05,3.671369727008048e-05,3.155796878050576e-05,3.17273216860383e-05,876.5100795415051,0.029994621484564662,-0.13581785422918402,0.0,0.4348441097089097,0.14043065321498796
1731678840.0,3.17273216860383e-05,3.17273216860383e-05,3.15866253238639e-05,3.15866253238639e-05,0.5315965159320042,1.6828736820183774e-05,-0.00443454898483625,-0.9994389415172702,0.37578451580404565,0.00443454898483625
1731678900.0,3.15866253238639e-05,3.15866253238639e-05,3.15866253238639e-05,3.15866253238639e-05,0.0,0.0,0.0,-1.0,0.37411808096096966,0.0
1731678960.0,3.15866253238639e-05,3.15866253238639e-05,3.15866253238639e-05,3.15866253238639e-05,0.0,0.0,0.0,0.0,0.37411808096096966,0.0
1731679020.0,3.15866253238639e-05,3.15866253238639e-05,3.15866253238639e-05,3.15866253238639e-05,0.0,0.0,0.0,0.0,0.37411808096096966,0.0
1731679080.0,3.15866253238639e-05,3.15866253238639e-05,3.15866253238639e-05,3.15866253238639e-05,0.0,0.0,0.0,0.0,0.37411808096096966,0.0
1731679140.0,3.15866253238639e-05,3.15866253238639e-05,3.15866253238639e-05,3.15866253238639e-05,0.0,0.0,0.0,0.0,0.37411808096096966,0.0
1731679200.0,3.15866253238639e-05,3.15866253238639e-05,3.15866253238639e-05,3.15866253238639e-05,0.0,0.0,0.0,0.0,0.37411808096096966,0.0
1731679260.0,3.15866253238639e-05,3.15866253238639e-05,3.15866253238639e-05,3.15866253238639e-05,0.0,0.0,0.0,0.0,0.37411808096096966,0.0
1731679320.0,3.15866253238639e-05,3.15866253238639e-05,3.143936529023387e-05,3.143936529023387e-05,63.02104449018059,0.0019859818792643804,-0.004662100877195624,0.0,0.37411808096096966,0.004662100877195624
1731679380.0,3.143936529023387e-05,3.143936529023387e-05,3.143936529023387e-05,3.143936529023387e-05,0.0,0.0,0.0,-1.0,0.3723739047275468,0.0
1731679440.0,3.143936529023387e-05,3.143936529023387e-05,3.143936529023387e-05,3.143936529023387e-05,0.0,0.0,0.0,0.0,0.3723739047275468,0.0
1731679500.0,3.143936529023387e-05,3.143936529023387e-05,3.143936529023387e-05,3.143936529023387e-05,0.0,0.0,0.0,0.0,0.3723739047275468,0.0
1731679560.0,3.143936529023387e-05,3.143936529023387e-05,3.143936529023387e-05,3.143936529023387e-05,0.0,0.0,0.0,0.0,0.3723739047275468,0.0
1731679620.0,3.143936529023387e-05,3.143936529023387e-05,3.143936529023387e-05,3.143936529023387e-05,0.0,0.0,0.0,0.0,0.3723739047275468,0.0
1731679680.0,3.143936529023387e-05,3.143936529023387e-05,3.143936529023387e-05,3.143936529023387e-05,0.0,0.0,0.0,0.0,0.3723739047275468,0.0
1731679740.0,3.143936529023387e-05,3.143936529023387e-05,3.143936529023387e-05,3.143936529023387e-05,0.0,0.0,0.0,0.0,0.3723739047275468,0.0
1731679800.0,3.143936529023387e-05,3.143936529023387e-05,3.143936529023387e-05,3.143936529023387e-05,0.0,0.0,0.0,0.0,0.3723739047275468,0.0
1731679860.0,3.143936529023387e-05,3.143936529023387e-05,3.143936529023387e-05,3.143936529023387e-05,0.0,0.0,0.0,0.0,0.3723739047275468,0.0
1731679920.0,3.143936529023387e-05,3.473689563898118e-05,3.1253056853579496e-05,3.473689563898118e-05,846.1559017708911,0.02799771687119287,0.10488539823581099,0.0,0.3723739047275468,0.11081135872942965
1731679980.0,3.473689563898118e-05,3.473689563898118e-05,3.473689563898118e-05,3.473689563898118e-05,0.0,0.0,0.0,-1.0,0.41143049001751947,0.0
1731680040.0,3.473689563898118e-05,3.473689563898118e-05,3.473689563898118e-05,3.473689563898118e-05,0.0,0.0,0.0,0.0,0.41143049001751947,0.0
1731680100.0,3.473689563898118e-05,3.473689563898118e-05,3.473689563898118e-05,3.473689563898118e-05,0.0,0.0,0.0,0.0,0.41143049001751947,0.0
1731680160.0,3.473689563898118e-05,3.473689563898118e-05,3.40667269406389e-05,3.40667269406389e-05,4.015054641411997,0.00013812515209213146,-0.019292705522891605,0.0,0.41143049001751947,0.019292705522891605
1731680220.0,3.40667269406389e-05,3.40667269406389e-05,3.403489347088345e-05,3.403489347088345e-05,5.94357336279982,0.0002023834885207144,-0.0009344446213137846,0.46521821301396077,0.40349288273047246,0.0009344446213137846
1731680280.0,3.403489347088345e-05,3.403489347088345e-05,3.3164620731947705e-05,3.3164620731947705e-05,206.5091621110876,0.006938657686149396,-0.025570015069395154,33.28470245703472,0.4031158409764666,0.025570015069395154
1731680340.0,3.3164620731947705e-05,3.3164620731947705e-05,3.231697782736945e-05,3.231697782736945e-05,158.9438907308934,0.005203950023148165,-0.0255586491227899,-0.250006231963852,0.3928081628479864,0.0255586491227899
1731680400.0,3.231697782736945e-05,3.488868781893406e-05,3.231697782736945e-05,3.488868781893406e-05,547.5800734786037,0.018400241666390676,0.07957767602224901,2.535822132138641,0.382768516841187,0.07957767602224901
1731680460.0,3.488868781893406e-05,3.488868781893406e-05,3.488868781893406e-05,3.488868781893406e-05,0.0,0.0,0.0,-1.0,0.4132283458658918,0.0
1731680520.0,3.488868781893406e-05,3.531407345206308e-05,3.488868781893406e-05,3.531407345206308e-05,10.681097942673988,0.00037492128449084035,0.012192652109379715,0.0,0.4132283458658918,0.012192652109379715
1731680580.0,3.531407345206308e-05,3.531407345206308e-05,3.5166812640945314e-05,3.5166812640945314e-05,5.809838128752912,0.00020474126968572553,-0.004170031851965793,-0.45390865188202584,0.41826669532876903,0.004170031851965793
1731680640.0,3.5166812640945314e-05,3.5166812640945314e-05,3.5166812640945314e-05,3.5166812640945314e-05,0.0,0.0,0.0,-1.0,0.4165225098866316,0.0
1731680700.0,3.5166812640945314e-05,3.551593609217791e-05,3.5166812640945314e-05,3.551593609217791e-05,106.44904495195962,0.00376205554861015,0.009927639868792188,0.0,0.4165225098866316,0.009927639868792188
1731680760.0,3.551593609217791e-05,4.2010586608452635e-05,3.551593609217791e-05,3.649870595408865e-05,1954.0267592353905,0.07035926880758148,0.027671236353170238,17.702347134022233,0.4206575953620315,0.18286581267120594
1731680820.0,3.649870595408865e-05,3.649870595408865e-05,3.6316238547393165e-05,3.6316238547393165e-05,20.973463860364777,0.0007635908034981479,-0.0049992842739414066,-0.9891472606745471,0.4322977111070505,0.0049992842739414066
1731680880.0,3.6316238547393165e-05,3.6316238547393165e-05,3.6316238547393165e-05,3.6316238547393165e-05,0.0,0.0,0.0,-1.0,0.4301365319582522,0.0
1731680940.0,3.6316238547393165e-05,3.708978882852741e-05,3.6316238547393165e-05,3.708978882852741e-05,113.68379514548523,0.004172537889324018,0.02130039651889477,0.0,0.4301365319582522,0.02130039651889477
1731681000.0,3.708978882852741e-05,3.713663491033865e-05,3.708978882852741e-05,3.713663491033865e-05,10.634353591499954,0.00039467501793580387,0.0012630452556043768,-0.9054112800399892,0.4392986106462252,0.0012630452556043768
1731681060.0,3.713663491033865e-05,3.9072815144436096e-05,3.713663491033865e-05,3.9072815144436096e-05,311.31071154551495,0.011862409061522155,0.0521366633991499,29.05614371936671,0.4398534646721955,0.0521366633991499
1731681120.0,3.9072815144436096e-05,3.9496370701158344e-05,3.890778643755266e-05,3.917603899464989e-05,125.15286823029427,0.0048965342656202724,0.0026418329427305392,-0.5872226088119775,0.46278595670475964,0.01506377929079161
1731681180.0,3.917603899464989e-05,3.988990769636129e-05,3.917603899464989e-05,3.988990769636129e-05,63.80602177498905,0.0025224417581133913,0.018222074513681442,-0.48485160701844715,0.46400855989061535,0.018222074513681442
1731681240.0,3.988990769636129e-05,3.988990769636129e-05,3.988990769636129e-05,3.988990769636129e-05,0.0,0.0,0.0,-1.0,0.4724637584439282,0.0
1731681300.0,3.988990769636129e-05,3.988990769636129e-05,3.988990769636129e-05,3.988990769636129e-05,0.0,0.0,0.0,0.0,0.4724637584439282,0.0
1731681360.0,3.988990769636129e-05,3.988990769636129e-05,3.448461513319912e-05,3.448461513319912e-05,960.1458333183216,0.03570519409992041,-0.13550526625197556,0.0,0.4724637584439282,0.13550526625197556
1731681420.0,3.448461513319912e-05,3.448461513319912e-05,3.235176477566416e-05,3.235176477566416e-05,436.00951515447423,0.014570648799371862,-0.061849330470898,-0.5919179501280364,0.4084424310615746,0.061849330470898
1731681480.0,3.235176477566416e-05,3.235176477566416e-05,3.235176477566416e-05,3.235176477566416e-05,0.0,0.0,0.0,-1.0,0.3831805401645103,0.0
1731681540.0,3.235176477566416e-05,3.235176477566416e-05,3.235176477566416e-05,3.235176477566416e-05,0.0,0.0,0.0,0.0,0.3831805401645103,0.0
1731681600.0,3.235176477566416e-05,3.235176477566416e-05,3.235176477566416e-05,3.235176477566416e-05,0.0,0.0,0.0,0.0,0.3831805401645103,0.0
1731681660.0,3.235176477566416e-05,3.235176477566416e-05,3.235176477566416e-05,3.235176477566416e-05,0.0,0.0,0.0,0.0,0.3831805401645103,0.0
1731681720.0,3.235176477566416e-05,3.235176477566416e-05,3.12162581958142e-05,3.12162581958142e-05,10.348406418730752,0.00032891386847203524,-0.03509875234701612,0.0,0.3831805401645103,0.03509875234701612
1731681780.0,3.12162581958142e-05,3.130433069137802e-05,3.1111759121943204e-05,3.1111759121943204e-05,28.845483685490823,0.0008989409033441804,-0.0033475848775819,1.7330586804387353,0.3697313812810803,0.006168951071164486
1731681840.0,3.1111759121943204e-05,3.1111759121943204e-05,3.1111759121943204e-05,3.1111759121943204e-05,0.0,0.0,0.0,-1.0,0.3684936741003363,0.0
1731681900.0,3.1111759121943204e-05,3.1111759121943204e-05,3.107206013311011e-05,3.107206013311011e-05,2.0451488615721902,6.358758357884155e-05,-0.001276012348819372,0.0,0.3684936741003363,0.001276012348819372
1731681960.0,3.107206013311011e-05,3.107206013311011e-05,3.086568951315964e-05,3.086568951315964e-05,58.440284711425754,0.0018098298618565072,-0.0066416780563115846,27.46200091268634,0.36802347162172244,0.0066416780563115846
1731682020.0,3.086568951315964e-05,3.086568951315964e-05,3.0409741415246532e-05,3.0409741415246532e-05,115.12620053595262,0.0035272037744953012,-0.0147720042903533,0.9489145630944156,0.3655791782060448,0.0147720042903533
1731682080.0,3.0409741415246532e-05,3.0409741415246532e-05,3.023580432539299e-05,3.023580432539299e-05,2.95486400784321,8.95996701725124e-05,-0.005719781943503666,-0.9745975350728545,0.3601788410171213,0.005719781943503666
1731682140.0,3.023580432539299e-05,3.023580432539299e-05,3.023580432539299e-05,3.023580432539299e-05,0.0,0.0,0.0,-1.0,0.3581186965858395,0.0
1731682200.0,3.023580432539299e-05,3.023580432539299e-05,3.023580432539299e-05,3.023580432539299e-05,0.0,0.0,0.0,0.0,0.3581186965858395,0.0
1731682260.0,3.023580432539299e-05,3.023580432539299e-05,3.023580432539299e-05,3.023580432539299e-05,0.0,0.0,0.0,0.0,0.3581186965858395,0.0
1731682320.0,3.023580432539299e-05,3.023580432539299e-05,3.023580432539299e-05,3.023580432539299e-05,0.0,0.0,0.0,0.0,0.3581186965858395,0.0
1731682380.0,3.023580432539299e-05,3.023580432539299e-05,3.023580432539299e-05,3.023580432539299e-05,0.0,0.0,0.0,0.0,0.3581186965858395,0.0
1731682440.0,3.023580432539299e-05,3.023580432539299e-05,3.023580432539299e-05,3.023580432539299e-05,0.0,0.0,0.0,0.0,0.3581186965858395,0.0
1731682500.0,3.023580432539299e-05,3.023580432539299e-05,3.0018004129561235e-05,3.0018004129561235e-05,33.72333317138227,0.0010159796286855357,-0.00720338686835721,0.0,0.3581186965858395,0.00720338686835721
1731682560.0,3.0018004129561235e-05,3.0018004129561235e-05,2.972244766214113e-05,2.972244766214113e-05,66.83043088252266,0.001996240067178021,-0.009845973308033731,0.9648426118156884,0.3555390290695398,0.009845973308033731
1731682620.0,2.972244766214113e-05,2.972244766214113e-05,2.972244766214113e-05,2.972244766214113e-05,0.0,0.0,0.0,-1.0,0.3520384012793569,0.0
1731682680.0,2.972244766214113e-05,2.972244766214113e-05,2.972244766214113e-05,2.972244766214113e-05,0.0,0.0,0.0,0.0,0.3520384012793569,0.0
1731682740.0,2.972244766214113e-05,2.972244766214113e-05,2.972244766214113e-05,2.972244766214113e-05,0.0,0.0,0.0,0.0,0.3520384012793569,0.0
1731682800.0,2.972244766214113e-05,2.972244766214113e-05,2.972244766214113e-05,2.972244766214113e-05,0.0,0.0,0.0,0.0,0.3520384012793569,0.0
1731682860.0,2.972244766214113e-05,2.972244766214113e-05,2.9323238276246732e-05,2.9323238276246732e-05,2.21408439387607,6.536606588094615e-05,-0.013431241949931604,0.0,0.3520384012793569,0.013431241949931604
1731682920.0,2.9323238276246732e-05,2.9323238276246732e-05,2.9323238276246732e-05,2.9323238276246732e-05,0.0,0.0,0.0,-1.0,0.34731008833610677,0.0
1731682980.0,2.9323238276246732e-05,2.9323238276246732e-05,2.9323238276246732e-05,2.9323238276246732e-05,0.0,0.0,0.0,0.0,0.34731008833610677,0.0
1731683040.0,2.9323238276246732e-05,2.9928115584059727e-05,2.9323238276246732e-05,2.9928115584059727e-05,147.1299778050221,0.004358825189192199,0.020627916402499624,0.0,0.34731008833610677,0.020627916402499624
1731683100.0,2.9928115584059727e-05,2.9928115584059727e-05,2.9928115584059727e-05,2.9928115584059727e-05,0.0,0.0,0.0,-1.0,0.3544743718040487,0.0
1731683160.0,2.9928115584059727e-05,3.012281343117369e-05,2.9928115584059727e-05,3.012281343117369e-05,23.85367919328215,0.0007162177979939684,0.006505516412054437,0.0,0.3544743718040487,0.006505516412054437
1731683220.0,3.012281343117369e-05,3.012281343117369e-05,3.012281343117369e-05,3.012281343117369e-05,0.0,0.0,0.0,-1.0,0.3567804106474727,0.0
1731683280.0,3.012281343117369e-05,3.012281343117369e-05,3.012281343117369e-05,3.012281343117369e-05,0.0,0.0,0.0,0.0,0.3567804106474727,0.0
1731683340.0,3.012281343117369e-05,3.012281343117369e-05,3.012281343117369e-05,3.012281343117369e-05,0.0,0.0,0.0,0.0,0.3567804106474727,0.0
1731683400.0,3.012281343117369e-05,3.012281343117369e-05,3.012281343117369e-05,3.012281343117369e-05,0.0,0.0,0.0,0.0,0.3567804106474727,0.0
1731683460.0,3.012281343117369e-05,3.012281343117369e-05,3.012281343117369e-05,3.012281343117369e-05,0.0,0.0,0.0,0.0,0.3567804106474727,0.0
1731683520.0,3.012281343117369e-05,3.012281343117369e-05,3.012281343117369e-05,3.012281343117369e-05,0.0,0.0,0.0,0.0,0.3567804106474727,0.0
1731683580.0,3.012281343117369e-05,3.012281343117369e-05,3.012281343117369e-05,3.012281343117369e-05,0.0,0.0,0.0,0.0,0.3567804106474727,0.0
1731683640.0,3.012281343117369e-05,3.012281343117369e-05,3.012281343117369e-05,3.012281343117369e-05,0.0,0.0,0.0,0.0,0.3567804106474727,0.0
1731683700.0,3.012281343117369e-05,3.012281343117369e-05,3.012281343117369e-05,3.012281343117369e-05,0.0,0.0,0.0,0.0,0.3567804106474727,0.0
1731683760.0,3.012281343117369e-05,3.012281343117369e-05,3.012281343117369e-05,3.012281343117369e-05,0.0,0.0,0.0,0.0,0.3567804106474727,0.0
1731683820.0,3.012281343117369e-05,3.012281343117369e-05,3.012281343117369e-05,3.012281343117369e-05,0.0,0.0,0.0,0.0,0.3567804106474727,0.0
1731683880.0,3.012281343117369e-05,3.012281343117369e-05,3.012281343117369e-05,3.012281343117369e-05,0.0,0.0,0.0,0.0,0.3567804106474727,0.0
1731683940.0,3.012281343117369e-05,3.012281343117369e-05,2.9378017266529107e-05,2.9378017266529107e-05,141.73720549434557,0.004216740733842284,-0.024725318780277124,0.0,0.3567804106474727,0.024725318780277124
1731684000.0,2.9378017266529107e-05,2.9378017266529107e-05,2.9378017266529107e-05,2.9378017266529107e-05,0.0,0.0,0.0,-1.0,0.34795890125965573,0.0
1731684060.0,2.9378017266529107e-05,2.9406129217495295e-05,2.9378017266529107e-05,2.9406129217495295e-05,89.79306745514165,0.0026392044152664653,0.0009569042972214534,0.0,0.34795890125965573,0.0009569042972214534
1731684120.0,2.9406129217495295e-05,2.954266393763479e-05,2.935057682791974e-05,2.935057682791974e-05,19.976435010971727,0.0005868747598875015,-0.0018891432178874672,-0.7776319422274656,0.34829186462752754,0.0065322133455349585
1731684180.0,2.935057682791974e-05,2.935057682791974e-05,2.935057682791974e-05,2.935057682791974e-05,0.0,0.0,0.0,-1.0,0.34763389141362105,0.0
1731684240.0,2.935057682791974e-05,2.935057682791974e-05,2.935057682791974e-05,2.935057682791974e-05,0.0,0.0,0.0,0.0,0.34763389141362105,0.0
1731684300.0,2.935057682791974e-05,2.935057682791974e-05,2.935057682791974e-05,2.935057682791974e-05,0.0,0.0,0.0,0.0,0.34763389141362105,0.0
1731684360.0,2.935057682791974e-05,2.935057682791974e-05,2.935057682791974e-05,2.935057682791974e-05,0.0,0.0,0.0,0.0,0.34763389141362105,0.0
1731684420.0,2.935057682791974e-05,2.935057682791974e-05,2.9202505808285765e-05,2.9202505808285765e-05,29.413905567041855,0.0008611374216602734,-0.005044910037104415,0.0,0.34763389141362105,0.005044910037104415
1731684480.0,2.9202505808285765e-05,2.9202505808285765e-05,2.9202505808285765e-05,2.9202505808285765e-05,0.0,0.0,0.0,-1.0,0.34588010970559085,0.0
1731684540.0,2.9202505808285765e-05,2.9202505808285765e-05,2.7525102992271607e-05,2.7525102992271607e-05,381.7241750439488,0.010827149835804305,-0.0574403726524804,0.0,0.34588010970559085,0.0574403726524804
1731684600.0,2.7525102992271607e-05,2.7525102992271607e-05,2.696260443426772e-05,2.696260443426772e-05,48.99773364577052,0.0013348870877271232,-0.02043583844760993,-0.8767092810230828,0.3260126273110209,0.02043583844760993
1731684660.0,2.696260443426772e-05,2.696260443426772e-05,2.696260443426772e-05,2.696260443426772e-05,0.0,0.0,0.0,-1.0,0.319350285927412,0.0
1731684720.0,2.696260443426772e-05,2.696260443426772e-05,2.696260443426772e-05,2.696260443426772e-05,0.0,0.0,0.0,0.0,0.319350285927412,0.0
1731684780.0,2.696260443426772e-05,2.696260443426772e-05,2.696260443426772e-05,2.696260443426772e-05,0.0,0.0,0.0,0.0,0.319350285927412,0.0
1731684840.0,2.696260443426772e-05,2.696260443426772e-05,2.696260443426772e-05,2.696260443426772e-05,0.0,0.0,0.0,0.0,0.319350285927412,0.0
1731684900.0,2.696260443426772e-05,2.696260443426772e-05,2.696260443426772e-05,2.696260443426772e-05,0.0,0.0,0.0,0.0,0.319350285927412,0.0
1731684960.0,2.696260443426772e-05,2.696260443426772e-05,2.696260443426772e-05,2.696260443426772e-05,0.0,0.0,0.0,0.0,0.319350285927412,0.0
1731685020.0,2.696260443426772e-05,2.696260443426772e-05,2.696260443426772e-05,2.696260443426772e-05,0.0,0.0,0.0,0.0,0.319350285927412,0.0
1731685080.0,2.696260443426772e-05,2.696260443426772e-05,2.6680318409168137e-05,2.6680318409168137e-05,5.336063681833626,0.00014312102618613072,-0.010469538496838062,0.0,0.319350285927412,0.010469538496838062
1731685140.0,2.6680318409168137e-05,2.6817213363211445e-05,2.6680318409168137e-05,2.6817213363211445e-05,2.074489457832471,5.549003284092955e-05,0.005130934044485258,-0.6122859490347418,0.31600683581491873,0.005130934044485258
1731685200.0,2.6817213363211445e-05,2.6817213363211445e-05,2.5977609221058497e-05,2.5977609221058497e-05,269.40074151593075,0.0071114821762021645,-0.03130840370255391,127.15782965182753,0.31762824604709156,0.03130840370255391
1731685260.0,2.5977609221058497e-05,2.5977609221058497e-05,2.5977609221058497e-05,2.5977609221058497e-05,0.0,0.0,0.0,-1.0,0.3076838126925151,0.0
1731685320.0,2.5977609221058497e-05,2.5977609221058497e-05,2.5296925771156268e-05,2.5296925771156268e-05,11.588419129962976,0.0002970954010918688,-0.026202698027747683,0.0,0.3076838126925151,0.026202698027747683
1731685380.0,2.5296925771156268e-05,2.5296925771156268e-05,2.5296925771156268e-05,2.5296925771156268e-05,0.0,0.0,0.0,-1.0,0.29962166666050705,0.0
1731685440.0,2.5296925771156268e-05,2.5296925771156268e-05,2.5296925771156268e-05,2.5296925771156268e-05,0.0,0.0,0.0,0.0,0.29962166666050705,0.0
1731685500.0,2.5296925771156268e-05,2.5296925771156268e-05,2.5296925771156268e-05,2.5296925771156268e-05,0.0,0.0,0.0,0.0,0.29962166666050705,0.0
1731685560.0,2.5296925771156268e-05,2.5296925771156268e-05,2.5296925771156268e-05,2.5296925771156268e-05,0.0,0.0,0.0,0.0,0.29962166666050705,0.0
1731685620.0,2.5296925771156268e-05,2.5296925771156268e-05,2.5296925771156268e-05,2.5296925771156268e-05,0.0,0.0,0.0,0.0,0.29962166666050705,0.0
1731685680.0,2.5296925771156268e-05,2.5296925771156268e-05,2.5296925771156268e-05,2.5296925771156268e-05,0.0,0.0,0.0,0.0,0.29962166666050705,0.0
1731685740.0,2.5296925771156268e-05,2.5296925771156268e-05,2.5296925771156268e-05,2.5296925771156268e-05,0.0,0.0,0.0,0.0,0.29962166666050705,0.0
1731685800.0,2.5296925771156268e-05,2.5296925771156268e-05,2.5296925771156268e-05,2.5296925771156268e-05,0.0,0.0,0.0,0.0,0.29962166666050705,0.0
1731685860.0,2.5296925771156268e-05,2.5296925771156268e-05,2.5296925771156268e-05,2.5296925771156268e-05,0.0,0.0,0.0,0.0,0.29962166666050705,0.0
1731685920.0,2.5296925771156268e-05,2.5296925771156268e-05,2.5296925771156268e-05,2.5296925771156268e-05,0.0,0.0,0.0,0.0,0.29962166666050705,0.0
1731685980.0,2.5296925771156268e-05,2.5296925771156268e-05,2.5296925771156268e-05,2.5296925771156268e-05,0.0,0.0,0.0,0.0,0.29962166666050705,0.0
1731686040.0,2.5296925771156268e-05,2.5296925771156268e-05,2.5296925771156268e-05,2.5296925771156268e-05,0.0,0.0,0.0,0.0,0.29962166666050705,0.0
