0,1,2,3,4,5
1731405780,0.00019684833927552405,0.00019712848427953493,0.00019684833927552405,0.00019712848427953493,45.826245438769845
1731405600,0.0001983897963574224,0.0001983897963574224,0.00019684833927552405,0.00019684833927552405,16.79264774577492
1731405060,0.0001973228490095103,0.0001983897963574224,0.0001973228490095103,0.0001983897963574224,25.148964072264615
1731404940,0.0002006165420016787,0.0002006165420016787,0.0001973228490095103,0.0001973228490095103,131.46634942752038
1731404760,0.0002012305439219391,0.0002012305439219391,0.0002006165420016787,0.0002006165420016787,5.4936641388223135
1731404700,0.00020357600296050718,0.00020357600296050718,0.0002012305439219391,0.0002012305439219391,131.46189870206626
1731404580,0.0002023543974591557,0.00020357600296050718,0.0002023543974591557,0.00020357600296050718,11.972303153950493
1731404520,0.00020376697056762434,0.00020376697056762434,0.0002023543974591557,0.0002023543974591557,1.4593697099455214
1731404340,0.0002053304809803677,0.0002053304809803677,0.00020376697056762434,0.00020376697056762434,52.143845636038385
1731404100,0.0002062066898249317,0.0002062066898249317,0.0002053304809803677,0.0002053304809803677,82.47451011620343
1731403800,0.00020748599044016628,0.00020748599044016628,0.0002062066898249317,0.0002062066898249317,43.831048199267684
1731403620,0.00020701567541241424,0.00020748599044016628,0.00020701567541241424,0.00020748599044016628,21.999137439951713
1731403440,0.00021015165529671088,0.00021015165529671088,0.00020701567541241424,0.00020701567541241424,44.00300521146532
1731403020,0.0002162974629425764,0.0002162974629425764,0.00021015165529671088,0.00021015165529671088,670.1790180221991
1731402600,0.00021914384104647653,0.00021914384104647653,0.0002162974629425764,0.0002162974629425764,3.5037093797306467
1731401640,0.00021994408414518157,0.00021994408414518157,0.00021914384104647653,0.00021914384104647653,4.644395524097325
1731401580,0.0002205974738037669,0.0002205974738037669,0.00021994408414518157,0.00021994408414518157,100.01948912989657
1731401160,0.00021875305336168944,0.0002205974738037669,0.00021875305336168944,0.0002205974738037669,100.31661783016806
1731401100,0.00021953691497793364,0.00021953691497793364,0.00021875305336168944,0.00021875305336168944,2.3631712729968606
1731401040,0.00022102058208269378,0.00022102058208269378,0.00021953691497793364,0.00021953691497793364,48.394428321799126
1731400740,0.00022064933678200038,0.00022102058208269378,0.00022064933678200038,0.00022102058208269378,3.9988287245132548
1731400560,0.00022002562853406659,0.00022064933678200038,0.00022002562853406659,0.00022064933678200038,44.674824027316006
1731400380,0.00021800911739879044,0.00022002562853406659,0.00021800911739879044,0.00022002562853406659,100.61021016215444
1731400320,0.00021803316254150615,0.00021803316254150615,0.00021800911739879044,0.00021800911739879044,1.0945823469166107
1731400080,0.00021805777264605775,0.00021805777264605775,0.00021803316254150615,0.00021803316254150615,1.148430185053724
1731399900,0.00021631027476256683,0.00021805777264605775,0.00021631027476256683,0.00021805777264605775,4.644407412518606
1731399300,0.00021583217624072357,0.00021631027476256683,0.00021583217624072357,0.00021631027476256683,51.60184747840764
1731399120,0.00021526429900147644,0.00021583217624072357,0.00021526429900147644,0.00021583217624072357,65.90754382716115
1731398940,0.00021463050548253357,0.00021526429900147644,0.00021463050548253357,0.00021526429900147644,11.079525742318916
1731398820,0.00021343747969638775,0.00021463050548253357,0.00021343747969638775,0.00021463050548253357,51.666437795747214
1731398760,0.00021373435551269595,0.00021373435551269595,0.00021343747969638775,0.00021343747969638775,35.17388733371485
1731398700,0.00021497168473279802,0.00021497168473279802,0.00021373435551269595,0.00021373435551269595,4.186869271749507
1731398400,0.0002189856975142963,0.0002189856975142963,0.0002142482245849506,0.00021497168473279802,528.8577873686936
1731398280,0.0002198815204542274,0.0002198815204542274,0.0002189856975142963,0.0002189856975142963,77.41753346046501
1731398220,0.00021865081170975055,0.0002198815204542274,0.00021843983981846609,0.0002198815204542274,135.01479687869082
1731398040,0.00022045031019885282,0.00022045031019885282,0.00021865081170975055,0.00021865081170975055,108.53024556065787
1731397980,0.0002246794453918037,0.0002246794453918037,0.00021939917880315629,0.00022045031019885282,352.0109848240022
1731397920,0.00022659900121644883,0.00022659900121644883,0.00022449629212788934,0.0002246794453918037,203.13813099776613
1731397860,0.0002271535975292623,0.0002271535975292623,0.00022659900121644883,0.00022659900121644883,9.480109659589159
1731397740,0.00022589569217982793,0.0002271535975292623,0.00022589569217982793,0.0002271535975292623,59.50386802271379
1731397680,0.00022686911836460863,0.00022686911836460863,0.00022589569217982793,0.00022589569217982793,54.30171396746361
1731397620,0.00022259639634344023,0.00022686911836460863,0.00022148676267255113,0.00022686911836460863,388.2516662835022
1731397560,0.00021369212307121077,0.00022259639634344023,0.00021369212307121077,0.00022259639634344023,583.4129896285256
1731397500,0.00021318727315378238,0.00021369212307121077,0.00021318727315378238,0.00021369212307121077,43.80574703931987
1731397260,0.00021220397999551033,0.00021318727315378238,0.00021220397999551033,0.00021318727315378238,21.90212023905992
1731397200,0.00021322447750740282,0.00021322447750740282,0.00021220397999551033,0.00021220397999551033,33.450856472184626
1731397140,0.0002131429798768916,0.00021322447750740282,0.0002131429798768916,0.00021322447750740282,51.2788601912909
1731396900,0.00021258348827430545,0.0002131429798768916,0.00021258348827430545,0.0002131429798768916,21.83810253843932
1731396720,0.00021212934759170816,0.00021258348827430545,0.00021212934759170816,0.00021258348827430545,51.39102590921456
1731396540,0.00021091328183732216,0.00021212934759170816,0.00021091328183732216,0.00021212934759170816,22.03505766675551
1731396480,0.00021148190182192165,0.00021181388171938377,0.00021091328183732216,0.00021091328183732216,23.14598327394912
1731396420,0.00021053228199203105,0.00021148190182192165,0.00021053228199203105,0.00021148190182192165,22.035055120949295
1731396360,0.00021922443859509616,0.00021922443859509616,0.00021053228199203105,0.00021053228199203105,284.4843983209311
1731396180,0.00023093836734793368,0.00023093836734793368,0.00021922443859509616,0.00021922443859509616,1108.7493109749705
1731395880,0.00023048880111316248,0.00023093836734793368,0.00023048880111316248,0.00023093836734793368,51.437508386028725
1731395760,0.00022776564230911955,0.00023048880111316248,0.00022776564230911955,0.00023048880111316248,2.8411565448638254
1731395400,0.0002259081098209705,0.00022776564230911955,0.0002259081098209705,0.00022776564230911955,217.61331994528047
1731394980,0.0002279905945641728,0.0002279905945641728,0.0002259081098209705,0.0002259081098209705,131.5802069099148
1731394680,0.00023148750201305724,0.00023148750201305724,0.0002279905945641728,0.0002279905945641728,237.31717542378234
1731394380,0.00023330359342302147,0.00023330359342302147,0.00023144319076525574,0.00023148750201305724,141.4095246151106
1731394200,0.00023135873383111843,0.00023330359342302147,0.00023135873383111843,0.00023330359342302147,24.94971695491984
1731393900,0.00023226610515981926,0.00023226610515981926,0.00023135873383111843,0.00023135873383111843,20.425428278482876
1731393840,0.00023553158054069845,0.00023553158054069845,0.00023164618764733453,0.00023226610515981926,84.9799695514016
1731393780,0.00024271079083210394,0.00024271079083210394,0.00023553158054069845,0.00023553158054069845,636.0788942192124
1731393480,0.00024671160685337613,0.00024671160685337613,0.00024271079083210394,0.00024271079083210394,217.05013387160602
1731393420,0.00024669929001133723,0.00024671160685337613,0.00024669929001133723,0.00024671160685337613,0.3997723860221712
1731393360,0.00024663632754848503,0.00024669929001133723,0.00024663632754848503,0.00024669929001133723,1.0924274306931228
1731393300,0.000245116579835634,0.00024663632754848503,0.000245116579835634,0.00024663632754848503,6.615434345500548
1731393180,0.0002459052345348345,0.0002459052345348345,0.0002450533532845784,0.000245116579835634,30.748054098918512
1731393120,0.00024507337527963853,0.0002459052345348345,0.00024507337527963853,0.0002459052345348345,98.3260981398
1731393060,0.0002449782783294143,0.00024507337527963853,0.0002449782783294143,0.00024507337527963853,3.604224225753152
1731392880,0.0002446819173613993,0.0002449782783294143,0.00024359009551876753,0.0002449782783294143,22.9571062784347
1731392400,0.0002450656877933659,0.0002450656877933659,0.0002446819173613993,0.0002446819173613993,10.927606030250692
1731392160,0.00024489649953784895,0.0002450656877933659,0.00024489649953784895,0.0002450656877933659,9.857072601332298
1731392100,0.0002447092092065947,0.00024489649953784895,0.0002447092092065947,0.00024489649953784895,16.472136262044863
1731392040,0.00024482660523967936,0.00024482660523967936,0.0002447092092065947,0.0002447092092065947,1.0747216931088148
1731391980,0.0002460630601455986,0.0002469663323036854,0.00024482660523967936,0.00024482660523967936,220.88621665403772
1731391800,0.0002467277667712327,0.0002467277667712327,0.0002460630601455986,0.0002460630601455986,95.21024585677169
1731391740,0.00024701794714748315,0.00024701794714748315,0.0002467277667712327,0.0002467277667712327,8.793791418056795
1731391680,0.00024781033898368585,0.00024827334716581245,0.00024701794714748315,0.00024701794714748315,64.33625658381091
1731391620,0.0002494220998103154,0.0002494220998103154,0.00024781033898368585,0.00024781033898368585,110.19242252958368
1731391500,0.0002484543221381909,0.0002494220998103154,0.0002484543221381909,0.0002494220998103154,10.898461444168836
1731391440,0.00025274989561264777,0.00025274989561264777,0.0002484543221381909,0.0002484543221381909,281.934185407491
1731391320,0.0002537204777941141,0.00026620492427106916,0.0002525414087400996,0.00025274989561264777,1783.8526906892116
1731391200,0.0002550062564175686,0.0002550062564175686,0.0002537204777941141,0.0002537204777941141,21.016568401733572
1731391140,0.00025398025203955807,0.0002550062564175686,0.00025398025203955807,0.0002550062564175686,14.383015823646216
1731390960,0.00025704089660885676,0.00025704089660885676,0.00025398025203955807,0.00025398025203955807,160.7704589651307
1731390900,0.00025724698866093175,0.00025851428574328027,0.0002562392906911716,0.00025704089660885676,321.78641679202934
1731390780,0.0002565936350458666,0.00025724698866093175,0.00025596405905789683,0.00025724698866093175,4.517987003143378
1731390720,0.00025832073716934145,0.00025832073716934145,0.0002565936350458666,0.0002565936350458666,145.5862713088079
1731390660,0.00025993100773884583,0.00025993100773884583,0.00025832073716934145,0.00025832073716934145,111.0769791777958
1731390540,0.00024909929980828055,0.00025993100773884583,0.00024909929980828055,0.00025993100773884583,535.0219565796184
1731390420,0.000255890069191274,0.00025735917551631185,0.00024909929980828055,0.00024909929980828055,996.6332932800923
1731390360,0.00025514636594018596,0.00025708179777322057,0.00025514636594018596,0.000255890069191274,55.170567459932386
1731390300,0.00025551369295688704,0.00025551369295688704,0.00025300105041831393,0.00025514636594018596,491.4363110884911
1731390240,0.0002546526104339676,0.00025551369295688704,0.0002526637216066979,0.00025551369295688704,282.25096147079034
1731390180,0.0002516796866085562,0.0002546526104339676,0.00025113414893250925,0.0002546526104339676,306.1251729667277
1731390120,0.00024958008067130086,0.0002516796866085562,0.0002484202059145831,0.0002516796866085562,222.021397240815
1731390060,0.00024528965449939174,0.00024958008067130086,0.00024528965449939174,0.00024958008067130086,485.28735024667384
1731390000,0.00023865582020206707,0.00024528965449939174,0.00023865582020206707,0.00024528965449939174,284.32683862390377
1731389940,0.00022371857238862256,0.00023865582020206707,0.00022371857238862256,0.00023865582020206707,1028.5874422126622
1731389880,0.00022515830049042477,0.00022515830049042477,0.00022371857238862256,0.00022371857238862256,3.135369950748751
1731389640,0.00022617230649182293,0.00022617230649182293,0.00022515830049042477,0.00022515830049042477,80.94180094949016
1731389580,0.00022694612399657964,0.00022694612399657964,0.00022617230649182293,0.00022617230649182293,158.0991358344607
1731389400,0.00022577534373321336,0.00022694612399657964,0.00022577534373321336,0.00022694612399657964,21.768634884291767
1731389280,0.00022613196287794653,0.00022613196287794653,0.00022577534373321336,0.00022577534373321336,1.1892100087976212
1731388740,0.00022615277549767695,0.00022615277549767695,0.00022613196287794653,0.00022613196287794653,17.497844232672758
1731388500,0.00022442633332072064,0.00022615277549767695,0.00022442633332072064,0.00022615277549767695,65.74936775444456
1731388260,0.0002252710609157951,0.0002252710609157951,0.00022442633332072064,0.00022442633332072064,8.88966962023608
1731388020,0.0002251368776280605,0.0002252710609157951,0.00022406910281493078,0.0002252710609157951,39.437977542500604
1731387960,0.00022501654057853406,0.0002251368776280605,0.00022501654057853406,0.0002251368776280605,21.88575341945135
1731387780,0.00022666399218736384,0.00022666399218736384,0.00022501654057853406,0.00022501654057853406,151.36978483427652
1731387720,0.00022533115849199302,0.00022666399218736384,0.00022533115849199302,0.00022666399218736384,116.1152994232025
1731387600,0.00022708279182645185,0.00022708279182645185,0.00022526269590408287,0.00022533115849199302,227.84728391058005
1731387540,0.00022774099839781083,0.00022774099839781083,0.00022708279182645185,0.00022708279182645185,8.253414159715476
1731387000,0.0002284278782967687,0.000229032936216067,0.00022774099839781083,0.00022774099839781083,62.489698880954535
1731386820,0.00022737678936753997,0.0002284278782967687,0.00022737678936753997,0.0002284278782967687,50.02202233212736
1731386760,0.00022962881769544473,0.00022962881769544473,0.00022737678936753997,0.00022737678936753997,37.41921237729612
1731386700,0.00023276569771401778,0.00023276569771401778,0.00022962881769544473,0.00022962881769544473,192.38609980320314
1731386280,0.00023591207734739283,0.00023591207734739283,0.00023276569771401778,0.00023276569771401778,176.841560893817
1731386220,0.00023850436833235716,0.00023850436833235716,0.00023591207734739283,0.00023591207734739283,234.15503294402703
1731385860,0.00023922596715242526,0.00023922596715242526,0.00023850436833235716,0.00023850436833235716,90.81662259201504
1731385680,0.0002607792296941221,0.0002607792296941221,0.00023922596715242526,0.00023922596715242526,1319.9990843026158
1731385440,0.0002590380751864027,0.0002607792296941221,0.0002590380751864027,0.0002607792296941221,65.40488276605754
1731385380,0.0002625775922962058,0.0002625775922962058,0.0002590380751864027,0.0002590380751864027,217.01784182131678
1731385260,0.00026301038021330023,0.00026301038021330023,0.0002625775922962058,0.0002625775922962058,28.112159066247056
1731385140,0.0002635477320774342,0.0002635477320774342,0.00026301038021330023,0.00026301038021330023,23.382643186816892
1731385080,0.0002660233830039618,0.0002660233830039618,0.0002635477320774342,0.0002635477320774342,113.84847117727126
1731385020,0.0002689913467912188,0.0002689913467912188,0.0002660233830039618,0.0002660233830039618,205.40687779736652
1731384960,0.00027275261426920025,0.00027275261426920025,0.0002689913467912188,0.0002689913467912188,218.26742142051776
1731384900,0.0002844233464385515,0.00030032722035923924,0.00027275261426920025,0.00027275261426920025,2448.7122044605358
1731384840,0.00026855323007990385,0.0002844233464385515,0.00026855323007990385,0.0002844233464385515,1272.9053916785983
1731384780,0.00026189131049859633,0.00026855323007990385,0.00026189131049859633,0.00026855323007990385,772.1070864012363
1731384720,0.0002608390160423635,0.00026189131049859633,0.0002608390160423635,0.00026189131049859633,66.17712104072254
1731384660,0.00026010329456540476,0.0002608390160423635,0.00025887221151817477,0.0002608390160423635,47.42690286248831
1731384600,0.00025897583122519154,0.00026010329456540476,0.00025897583122519154,0.00026010329456540476,67.60465451035093
1731384540,0.00025841303228727,0.00025897583122519154,0.0002571876455794228,0.00025897583122519154,197.95930952718925
1731384480,0.00025969907943130475,0.00025969907943130475,0.00025841303228727,0.00025841303228727,93.35116700676315
1731384180,0.00027012461098367387,0.00027012461098367387,0.00025969907943130475,0.00025969907943130475,746.1281811495589
1731384120,0.00027218931709802063,0.00027218931709802063,0.00026976790835484975,0.00027012461098367387,98.17162573306952
1731384000,0.0002791185503310759,0.0002791185503310759,0.00027218931709802063,0.00027218931709802063,713.4769133421133
1731383940,0.00027879706518788374,0.00028117676029841294,0.00027879706518788374,0.0002791185503310759,185.8353421527133
1731383880,0.0002729766887400683,0.00027879706518788374,0.0002729766887400683,0.00027879706518788374,49.411600547701255
1731383820,0.0002548968732347268,0.00029983681388032424,0.0002548968732347268,0.0002729766887400683,6052.107238260921
1731383760,0.00025631847673933037,0.00025631847673933037,0.0002548968732347268,0.0002548968732347268,97.82505508378611
1731383700,0.00025727157625464215,0.00025727157625464215,0.00025631847673933037,0.00025631847673933037,20.814297141440136
1731383640,0.00025119935692903973,0.0002737341358226534,0.00025119935692903973,0.00025727157625464215,2825.9573498067243
1731383520,0.00024024947446451642,0.00025193036383853074,0.00023989554355562356,0.00025119935692903973,820.8248936712818
1731383460,0.00023939634008210992,0.00024024947446451642,0.00023939634008210992,0.00024024947446451642,184.79632166325473
1731383400,0.00024185962831872024,0.00024185962831872024,0.00023821830972982404,0.00023939634008210992,877.8341977826633
1731383100,0.00024217797586691706,0.00024217797586691706,0.00024185962831872024,0.00024185962831872024,19.49337179982154
1731383040,0.0002428809211632724,0.0002428809211632724,0.00024217797586691706,0.00024217797586691706,19.917377484966206
1731382980,0.0002467463881448976,0.0002467463881448976,0.0002428809211632724,0.0002428809211632724,220.8935990558533
1731382920,0.0002454407964603761,0.0002467463881448976,0.0002454407964603761,0.0002467463881448976,31.24081183671934
1731382740,0.0002468264656048592,0.0002468264656048592,0.0002454407964603761,0.0002454407964603761,63.408508076554256
1731382680,0.0002477851794991726,0.0002477851794991726,0.0002468264656048592,0.0002468264656048592,107.02714886438504
1731382620,0.0002480415710223151,0.0002480415710223151,0.0002477851794991726,0.0002477851794991726,10.292186469793082
1731382560,0.0002491411048729535,0.0002491411048729535,0.0002480415710223151,0.0002480415710223151,70.68249922135946
1731382500,0.000248539635918718,0.0002492576829909514,0.000248539635918718,0.0002491411048729535,14.237728583777962
1731382440,0.0002468806271900668,0.000248539635918718,0.00024587442625059985,0.000248539635918718,327.1826960509156
1731382380,0.0002488872953916353,0.0002488872953916353,0.0002468806271900668,0.0002468806271900668,124.46282652575034
1731382320,0.0002543454435401578,0.0002543454435401578,0.0002488872953916353,0.0002488872953916353,448.6622452985544
1731382260,0.0002595512105402916,0.0002595512105402916,0.0002543454435401578,0.0002543454435401578,293.03963908220953
1731382200,0.000242867285334525,0.00026336470970899923,0.0002425316632505333,0.0002595512105402916,2431.879070906177
1731382140,0.0002443471416107273,0.0002443471416107273,0.000242867285334525,0.000242867285334525,73.04034707151837
1731382080,0.00024494892088640976,0.0002460323842179726,0.0002425645907453448,0.0002443471416107273,276.86358889400003
1731382020,0.00025130708176998774,0.00025130708176998774,0.00024494892088640976,0.00024494892088640976,397.9954735032783
1731381960,0.0002548368912246325,0.0002548368912246325,0.0002498471688360295,0.00025130708176998774,490.447543819845
1731381900,0.0002574468228281571,0.0002581820725818556,0.0002495413915431594,0.0002548368912246325,1002.2885637727053
1731381840,0.00027553612328746243,0.00027553612328746243,0.00025329019992680036,0.0002574468228281571,2214.9120152022797
1731381780,0.00027025246320162925,0.0002869609601628812,0.0002659289893528675,0.00027553612328746243,3012.020161807023
1731381720,0.0002635202082092097,0.0002802653986102352,0.00026338357358406166,0.00027025246320162925,2558.9451648303875
1731381660,0.0001976296351894198,0.0006303006658394358,0.00018909578662553773,0.0002635202082092097,74587.12924021613
1731381420,0.000198169323752766,0.000198169323752766,0.0001976296351894198,0.0001976296351894198,74.48282621337049
1731381180,0.00019832063845161169,0.00019832063845161169,0.000198169323752766,0.000198169323752766,0.018840202348290296
1731380940,0.00019891329797248588,0.00019891329797248588,0.00019832063845161169,0.00019832063845161169,1.526752809440331
1731380880,0.00020280477416198447,0.00020280477416198447,0.00019891329797248588,0.00019891329797248588,135.52929170392707
1731380580,0.00020623746917817476,0.00020623746917817476,0.00020280477416198447,0.00020280477416198447,279.6198817371845
1731380520,0.00020802388040183176,0.00020802388040183176,0.00020623746917817476,0.00020623746917817476,191.6977227625565
1731380460,0.0002086163986036697,0.00020906654536464482,0.00020802388040183176,0.00020802388040183176,76.59515741881746
1731380400,0.0002102582387977821,0.0002102582387977821,0.0002086163986036697,0.0002086163986036697,104.1872509764351
1731380340,0.00020472160399096883,0.0002102582387977821,0.00020472160399096883,0.0002102582387977821,321.78447521458486
1731380280,0.00020408288724188382,0.0002052563993485743,0.00020408288724188382,0.00020472160399096883,89.6170087299817
1731380160,0.00020436262357076794,0.00020436262357076794,0.00020408288724188382,0.00020408288724188382,36.02435618824437
1731380100,0.0002050311235140089,0.0002050311235140089,0.00020436262357076794,0.00020436262357076794,20.65932093279665
1731379980,0.00021163635368718064,0.00021163635368718064,0.0002050311235140089,0.0002050311235140089,421.5235235792288
1731379920,0.00021283364647299523,0.00021283364647299523,0.00021163635368718064,0.00021163635368718064,38.120082595387906
1731379860,0.00021673828211267291,0.00021673828211267291,0.00021283364647299523,0.00021283364647299523,258.27562317550576
1731379800,0.00021720945645442938,0.00021740510215811058,0.00021673828211267291,0.00021673828211267291,86.52919140312316
1731379740,0.00021356083930191219,0.00021720945645442938,0.00021285718389680094,0.00021720945645442938,570.2253674505043
1731379680,0.00021394631575663093,0.00021664253099445282,0.00021356083930191219,0.00021356083930191219,480.5107238115534
1731379620,0.000215028319226249,0.000215028319226249,0.00021394631575663093,0.00021394631575663093,9.689486570422622
1731379560,0.00022304700760844107,0.00022304700760844107,0.000215028319226249,0.000215028319226249,194.12718739372647
1731379500,0.0002241083401543579,0.0002241083401543579,0.0002173152899345904,0.00022304700760844107,515.5583043383039
1731379380,0.00022438491835600281,0.00022438491835600281,0.0002241083401543579,0.0002241083401543579,24.212263814602764
1731379260,0.0002249900457513793,0.0002249900457513793,0.00022438491835600281,0.00022438491835600281,8.911063985463295
1731379200,0.00022614877981880896,0.00022614877981880896,0.0002249900457513793,0.0002249900457513793,73.56780293710823
1731379140,0.0002299290245630881,0.0002299290245630881,0.00022614877981880896,0.00022614877981880896,274.5392369066724
1731379080,0.00023121389875216318,0.00023247751413631903,0.0002299290245630881,0.0002299290245630881,307.1858472140559
1731379020,0.00023498256293045524,0.00023498256293045524,0.00023089198503532874,0.00023121389875216318,68.90170617472441
1731378960,0.0002270219348765644,0.00023498256293045524,0.0002270219348765644,0.00023498256293045524,1252.1323081779205
1731378900,0.00022247388409192106,0.0002270219348765644,0.0002217578679950364,0.0002270219348765644,574.4360442448929
1731378840,0.0002221821479590627,0.00022549033377947846,0.00022041417804952274,0.00022247388409192106,597.8954868145269
1731378780,0.00021116361522820892,0.00022873218132982867,0.00021116361522820892,0.0002221821479590627,1372.4650300783712
1731378720,0.00020715368371763103,0.00021116361522820892,0.00020715368371763103,0.00021116361522820892,266.6481087430407
1731378660,0.00020881209975760705,0.0002089599289751874,0.00020715368371763103,0.00020715368371763103,61.235552206251896
1731378600,0.00020780769431653936,0.00020881209975760705,0.00020780769431653936,0.00020881209975760705,10.848353522499519
1731378540,0.00020980981809036862,0.00020980981809036862,0.00020780769431653936,0.00020780769431653936,124.66464216001657
1731378480,0.000209702201455773,0.00021029333863066996,0.00020881455612223573,0.00020980981809036862,195.13476534156115
1731378420,0.0002068108387112542,0.00021011031723986088,0.0002068108387112542,0.000209702201455773,324.604930446001
1731378360,0.00021048390219909386,0.00021107588832337256,0.0002068108387112542,0.0002068108387112542,414.39580757108985
1731378300,0.0002056562751890638,0.00021048390219909386,0.00020490024155903327,0.00021048390219909386,350.4159011855389
1731378240,0.00020701494389594168,0.0002082764813010461,0.0002056562751890638,0.0002056562751890638,274.0648569938563
1731378180,0.0002361565988350291,0.0002361565988350291,0.00019928674373801596,0.00020701494389594168,3689.4065888396008
1731378120,0.00023720935041143698,0.00023820225146630285,0.00023544417684564681,0.0002361565988350291,337.756358930674
1731378060,0.0002444556468925161,0.0002444556468925161,0.00023720935041143698,0.00023720935041143698,546.7780282351118
1731378000,0.0002695009078064257,0.0002695009078064257,0.0002444556468925161,0.0002444556468925161,1512.396225138574
1731377940,0.0002741877680146313,0.0002741877680146313,0.0002695009078064257,0.0002695009078064257,416.98540101984946
1731377880,0.0002920690366958523,0.0002920690366958523,0.0002741877680146313,0.0002741877680146313,957.3399776961112
1731377820,0.0003073984959168406,0.0003087017717789064,0.0002908960622702769,0.0002920690366958523,1300.845975930731
1731377760,0.0004981177865571385,0.0004981177865571385,0.0003013696505927167,0.0003073984959168406,9586.139993764244
1731377700,0.000509166968579078,0.0005132803584603883,0.0004981177865571385,0.0004981177865571385,1503.087352187871
1731377640,0.0005000955114737974,0.0005101264755633893,0.0005000955114737974,0.000509166968579078,523.8006927983358
1731377580,0.0005207545075137377,0.0005263680383469765,0.0005000955114737974,0.0005000955114737974,1335.3137047969824
1731377460,0.0005485280947761641,0.0005485280947761641,0.0005207545075137377,0.0005207545075137377,845.8783515964357
1731377400,0.000559097205144866,0.000559097205144866,0.0005485280947761641,0.0005485280947761641,727.7848042158704
1731377340,0.000588978225228586,0.000588978225228586,0.000559097205144866,0.000559097205144866,1208.9735539420142
1731377280,0.000592196919578882,0.0005928744633832964,0.0005860038997661493,0.000588978225228586,295.4664162524128
1731377220,0.0005882991106132412,0.0005933609556246373,0.0005882991106132412,0.000592196919578882,362.98729709833054
1731377100,0.0005867318030709088,0.0005882991106132412,0.0005867318030709088,0.0005882991106132412,21.950312492821126
1731376920,0.0005871712265742177,0.0005871712265742177,0.0005823910962894735,0.0005867318030709088,406.2003864756867
1731376860,0.0005893736562311062,0.0005893736562311062,0.0005846157708263581,0.0005871712265742177,360.3336505615843
1731376800,0.0005850820562382494,0.0005893736562311062,0.0005850820562382494,0.0005893736562311062,216.91586403784672
1731376740,0.0005830277804857326,0.0005850820562382494,0.0005830277804857326,0.0005850820562382494,2.910993008031145
1731376680,0.0005874600638243389,0.0005874600638243389,0.0005830277804857326,0.0005830277804857326,181.31670451414635
1731376620,0.0005887559142996516,0.0005903175593711649,0.0005855241060552681,0.0005874600638243389,415.18760556433654
1731376500,0.0005740625949697871,0.0005907904354411966,0.0005740625949697871,0.0005887559142996516,597.5126620355938
1731376320,0.0005745549330290314,0.0005745549330290314,0.0005652112585089736,0.0005740625949697871,974.7868773375096
1731376260,0.0005802812916056957,0.0005802812916056957,0.0005745549330290314,0.0005745549330290314,224.79328587865808
1731376200,0.0005756384548911401,0.0005802812916056957,0.0005756384548911401,0.0005802812916056957,264.86466117852535
1731376080,0.0005774455996627844,0.0005787873845248846,0.0005743584954265269,0.0005756384548911401,146.9586523428582
1731376020,0.0005783218229683919,0.0005783218229683919,0.0005741144815105028,0.0005774455996627844,270.3286723764162
1731375840,0.0005691849612328069,0.0005811190128610005,0.0005691849612328069,0.0005783218229683919,689.101642145266
1731375780,0.000563056839054441,0.0005691849612328069,0.0005625314971222861,0.0005691849612328069,489.92925424264695
1731375720,0.0005667182942051498,0.0005779039145281182,0.000563056839054441,0.000563056839054441,1626.5512253517122
1731375660,0.0005681381079695805,0.0005695619944709763,0.0005667182942051498,0.0005667182942051498,8.72314432353371
1731375600,0.0005694050696919591,0.0005694050696919591,0.0005640514619854329,0.0005681381079695805,263.77506044715824
1731375480,0.0005749816939427388,0.0005751950784673818,0.0005694050696919591,0.0005694050696919591,236.91755608736375
1731375420,0.0005745483763700243,0.0005749816939427388,0.0005745483763700243,0.0005749816939427388,10.952206273655019
1731375300,0.0005709915875318918,0.0005745483763700243,0.0005709915875318918,0.0005745483763700243,1.0946808083316653
1731375240,0.0005705352152148899,0.0005709915875318918,0.0005705352152148899,0.0005709915875318918,4.2860597036512065
1731375120,0.0005741224008472,0.0005741224008472,0.0005705352152148899,0.0005705352152148899,122.10187322751695
1731375060,0.0005761552599187915,0.0005761552599187915,0.0005741224008472,0.0005741224008472,86.50738098822278
1731375000,0.0005763708852756491,0.0005763708852756491,0.000574097650183744,0.0005761552599187915,106.53318235392152
1731374940,0.0005776662364390902,0.0005776662364390902,0.0005763708852756491,0.0005763708852756491,32.694650766439516
1731374880,0.000579070331603263,0.0005793920342752854,0.0005776662364390902,0.0005776662364390902,123.48721992885768
1731374820,0.0005674564237967391,0.0005791370499942534,0.0005674564237967391,0.000579070331603263,1071.357385024049
1731374760,0.0005668421245735864,0.0005674564237967391,0.0005642269352894455,0.0005674564237967391,48.758402153703905
1731374700,0.0005623622220043615,0.0005672361338793859,0.0005623622220043615,0.0005668421245735864,171.2685168139633
1731374580,0.0005624183706083166,0.0005624183706083166,0.0005623622220043615,0.0005623622220043615,21.948032335237894
1731374520,0.0005624093050369745,0.0005643397207215446,0.0005620832335120673,0.0005624183706083166,65.54319518205851
1731374460,0.0005608463594001524,0.0005656401274738551,0.0005608463594001524,0.0005624093050369745,226.52526607781837
1731374400,0.0005578419061050121,0.0005608463594001524,0.0005574878564253508,0.0005608463594001524,87.48448846808049
1731374340,0.0005621440489676859,0.0005852323644037469,0.0005578419061050121,0.0005578419061050121,2853.72524334063
1731374280,0.0005592040441211225,0.0005621440489676859,0.0005592040441211225,0.0005621440489676859,60.6322871081511
1731374220,0.0005638344133823069,0.0005638344133823069,0.0005592040441211225,0.0005592040441211225,263.61341580005956
1731374160,0.0005588170226377992,0.0005638344133823069,0.0005585819363209296,0.0005638344133823069,200.079521263264
1731374100,0.0005599567907757678,0.0005615352651817322,0.0005579743140644066,0.0005588170226377992,435.75093078791275
1731374040,0.0005667334654583411,0.0005667334654583411,0.0005599567907757678,0.0005599567907757678,381.51297228466996
1731373920,0.0005615986316113281,0.0005678415222220835,0.0005615986316113281,0.0005667334654583411,356.0230005919944
1731373860,0.0005664946355252101,0.0005677228113245732,0.0005615986316113281,0.0005615986316113281,278.24301753063014
1731373800,0.0005786669885494514,0.000708014033290379,0.0005584911803489739,0.0005664946355252101,12398.27492395998
1731373740,0.0005802510012245105,0.0005809689724927943,0.0005769305303727517,0.0005786669885494514,271.16457774258674
1731373680,0.0005759771208486246,0.0005815912472762794,0.0005759771208486246,0.0005802510012245105,403.3188910844827
1731373620,0.0005747336827198905,0.0005769765552749652,0.0005738600958891744,0.0005759771208486246,137.65608962849876
1731373560,0.0005757740803813157,0.0005802783718829654,0.0005705613280913333,0.0005747336827198905,1472.8752136340343
1731373500,0.0005564332709313368,0.0005877093571816838,0.0005564332709313368,0.0005757740803813157,2949.156438172588
1731373440,0.000553609086384528,0.0006972366281969028,0.000552867702443369,0.0005564332709313368,11009.125614139792
1731373380,0.0005495922798241451,0.0005552162047157711,0.0005495922798241451,0.000553609086384528,793.6671924644176
1731373320,0.0005480391713011633,0.0005559123206595157,0.0005473498331170684,0.0005495922798241451,387.89894395308403
1731373260,0.0005554589114067168,0.0005554589114067168,0.0005480391713011633,0.0005480391713011633,618.4339372084279
1731373200,0.0005487033305121536,0.0005585377274598092,0.0005487033305121536,0.0005554589114067168,964.8915640009034
1731373140,0.000547284387972851,0.0005487033305121536,0.000547284387972851,0.0005487033305121536,44.08269713287082
1731373080,0.0005521363726841969,0.0005526798512269468,0.0005466515411161997,0.000547284387972851,319.40010880636794
1731373020,0.0005468255715541513,0.0005521363726841969,0.0005468255715541513,0.0005521363726841969,263.71510297871725
1731372960,0.0005585859858103703,0.0005585859858103703,0.0005439906383031536,0.0005468255715541513,272.1021574068825
1731372900,0.0005320155536923417,0.0005585859858103703,0.0005221392489080747,0.0005585859858103703,3814.746871805545
1731372840,0.0005288354954009189,0.0005354075851915342,0.0005278840771847563,0.0005320155536923417,339.3635696404007
1731372780,0.0006243273993095799,0.0006399927078122807,0.0005284250565857778,0.0005288354954009189,10965.70745716293
1731372720,0.00065360033755565,0.0006633916255685395,0.0006217572011248039,0.0006243273993095799,2975.5972420525977
1731372660,0.0006501910911067897,0.0006555184747300564,0.0006468789199730339,0.00065360033755565,575.9729027929006
1731372600,0.0006023989289908555,0.0007037155758085235,0.0006023989289908555,0.0006501910911067897,7897.472383249756
1731372540,0.0005680005082636359,0.0006162521827572131,0.0005680005082636359,0.0006023989289908555,3832.7478157385995
1731372480,0.0005623153110497876,0.0005877006056218697,0.0005462057579807115,0.0005680005082636359,5701.018200009182
1731372420,0.0005103343661461215,0.0005624198727288155,0.000498380940011813,0.0005623153110497876,4385.452984143067
1731372360,0.0005170281417313066,0.0005170281417313066,0.0004965898782606022,0.0005103343661461215,1169.6240316975134
1731372300,0.0005149319838419327,0.0005187491342893444,0.0005047794888840108,0.0005170281417313066,1569.0673086109603
1731372240,0.0005877712911552497,0.0005877712911552497,0.0005069754155144744,0.0005149319838419327,3869.864649494823
1731372180,0.0006313347471155308,0.0006418455547727102,0.0005805224571204698,0.0005877712911552497,3677.521956557136
1731372120,0.0006280648273070629,0.0006331109131110351,0.0006171597707082339,0.0006313347471155308,937.469588025079
1731372060,0.0006871097375604145,0.0006871097375604145,0.0006280648273070629,0.0006280648273070629,2151.9743402197205
1731372000,0.0007307283063243997,0.0007307283063243997,0.0006871097375604145,0.0006871097375604145,2134.601944129029
1731371940,0.0007589613035638805,0.0007598763307860787,0.0007307283063243997,0.0007307283063243997,1461.9415613181495
1731371880,0.0008218138714249516,0.0008218138714249516,0.0007459648673015822,0.0007589613035638805,5428.184768093405
1731371820,0.0007343345507501183,0.0009500908210872414,0.0007299838240497236,0.0008218138714249516,18545.701307500134
1731371760,0.0007142215792177172,0.0007523311905082624,0.000711354345140565,0.0007343345507501183,2555.6285948920954
1731371700,0.0007131083146995151,0.0007258225031372201,0.0007131083146995151,0.0007142215792177172,429.2179299289951
1731371640,0.0007138263299609729,0.0007435084568319061,0.0006727730625711721,0.0007131083146995151,7846.366349879729
1731371580,0.0007127946269608804,0.0007241329010473219,0.0007127946269608804,0.0007138263299609729,1267.9080922389085
1731371520,0.0007296314164395617,0.0007494966776764049,0.0007127946269608804,0.0007127946269608804,2599.2525425720332
1731371460,0.0007007829252208989,0.000738165563252576,0.0006720066055272858,0.0007296314164395617,7246.33357553269
1731371400,0.0009147079514785628,0.0009201124611522524,0.0007007829252208989,0.0007007829252208989,11158.901428319461
1731371340,0.000967673028477344,0.000987873264594166,0.0008932670418197921,0.0009147079514785628,8179.535503365426
1731371280,0.0009313581667063273,0.0012423834012604135,0.000868191496135531,0.000967673028477344,26374.7812315451
1731371220,0.0010920850360242361,0.001134010082768676,0.0009313581667063273,0.0009313581667063273,13049.270013085104
1731371160,0.0010185338453231796,0.0014589450395305463,0.0009406015509499219,0.0010920850360242361,41985.26216491656
1731371100,0.0012123708323297589,0.0012127095137552163,0.0009843830716211913,0.0010185338453231796,18505.553712595836
1731371040,0.0008062646957486534,0.0013165085059472534,0.0008054795641422068,0.0012123708323297589,24334.991490082364
1731370980,0.000925282900673791,0.0009282818850988055,0.0007893637612766904,0.0008062646957486534,14285.298406133266
1731370920,0.0006555859089976357,0.001003874501398455,0.0006555859089976357,0.000925282900673791,28894.763246490216
1731370860,0.0004637993044685378,0.0006555859089976357,0.0004614793637650999,0.0006555859089976357,25579.84419121829
1731370800,0.0004154126357773531,0.0004637993044685378,0.0004127102672622625,0.0004637993044685378,3169.685825305861
1731370740,0.0002729894403197632,0.00047211894033497915,0.00027034754779366383,0.0004154126357773531,28222.44001204248
1731370680,0.0002345460183693004,0.00035529452230591995,0.0002149431988175755,0.0002729894403197632,16182.484578948954
1731370620,0.0001776637631107145,0.0002662136157314336,0.00017599263573077505,0.0002345460183693004,16755.170331492838
1731370560,0.00022917819282165276,0.00022917819282165276,0.0001776637631107145,0.0001776637631107145,4242.658994186777
1731370500,0.00023307338959754008,0.0002405063367229597,0.00022833142748584094,0.00022917819282165276,1583.4605854967913
1731370440,0.00021997927078104876,0.00023307338959754008,0.00019998522566059857,0.00023307338959754008,5843.483281872578
1731370380,0.00015627751401167689,0.0002348338193803758,0.00015582497751098643,0.00021997927078104876,16634.42681529139
1731370320,8.797903573621965e-05,0.00015984322503919998,8.797903573621965e-05,0.00015627751401167689,7218.19780903655
