0,1,2,3,4,5
1727593320.0,6.640325089086418e-05,9.388192970303422e-05,5.459152338395819e-05,8.371546763574489e-05,18954.28291052303
1727593380.0,8.371546763574489e-05,0.0001286252785443,7.368059277638574e-05,0.0001096120217244,19001.44670320789
1727593440.0,0.0001096120217244,0.0001271665047794,5.367350901049752e-05,6.045300445152877e-05,29473.59819523626
1727593500.0,6.045300445152877e-05,0.0003600787295307,5.547432270682188e-05,0.000212382338507,110721.39835632558
1727593560.0,0.000212382338507,0.0002352374795124,0.0001545730243628,0.0001774441978438,70086.7233401335
1727593620.0,0.0001774441978438,0.0003791596396604,0.0001774441978438,0.0002505260965269,77535.10674670844
1727593680.0,0.0002505260965269,0.0003145382420074,0.0002182202333952,0.0002895000311035,61477.2714737342
1727593740.0,0.0002895000311035,0.000384028193375,0.0002376679679116,0.0003453008556906,66347.82247737794
1727593800.0,0.0003453008556906,0.0003453008556906,0.0001258504122884,0.0001518282356422,68942.74888042768
1727593860.0,0.0001518282356422,0.0001942210575604,0.0001024034163012,0.0001132912353549,49047.84737567736
1727593920.0,0.0001132912353549,0.000117444183945,5.999729806394705e-05,0.0001166463536294,30582.99691873484
1727593980.0,0.0001166463536294,0.000135611418595,9.736609776445852e-05,0.0001115806281536,19040.152391468408
1727594040.0,0.0001115806281536,0.0001595664155552,0.0001103903005936,0.000123386682215,12656.813499618564
1727594100.0,0.000123386682215,0.0001370992674153,9.524533718033588e-05,9.593605793542428e-05,9505.242503168816
1727594160.0,9.593605793542428e-05,0.0001179047444188,8.474400382766141e-05,0.0001164980122832,8152.411843489268
1727594220.0,0.0001164980122832,0.0001367901386798,0.0001164980122832,0.0001361605942452,6033.8774320196235
1727594280.0,0.0001361605942452,0.0001422405129637,0.0001089990280942,0.0001120689868594,6404.21229455301
1727594340.0,0.0001120689868594,0.0001153440749384,9.125005044834869e-05,0.0001119354048469,7207.057544759047
1727594400.0,0.0001119354048469,0.0001119354048469,7.773539797315214e-05,7.83661807290004e-05,11214.158403264886
1727594460.0,7.83661807290004e-05,9.18255198065809e-05,5.490895322894002e-05,6.813292888106602e-05,15796.729424219007
1727594520.0,6.813292888106602e-05,8.033275180028208e-05,5.64003400442923e-05,7.623984031891039e-05,9297.02662013007
1727594580.0,7.623984031891039e-05,8.485074399779347e-05,7.282278802803612e-05,8.238847567570644e-05,4466.468392328991
1727594640.0,8.238847567570644e-05,9.39337801512221e-05,8.238847567570644e-05,8.545907990309984e-05,3798.367364123711
1727594700.0,8.545907990309984e-05,8.545907990309984e-05,4.814891532251813e-05,6.230450659126315e-05,9140.576483382936
1727594760.0,6.230450659126315e-05,7.633079619530109e-05,6.230450659126315e-05,7.327367624447287e-05,4108.442838053012
1727594820.0,7.327367624447287e-05,7.338112507476011e-05,6.771296894964813e-05,6.982571967668503e-05,1257.7576858812236
1727594880.0,6.982571967668503e-05,7.91573580414227e-05,5.313699560274052e-05,5.313699560274052e-05,5989.062826661753
1727594940.0,5.313699560274052e-05,6.49840408303824e-05,5.1463187422916405e-05,5.960814055892115e-05,3183.6623810935994
1727595000.0,5.960814055892115e-05,6.867789566544953e-05,5.960814055892115e-05,6.380821652231323e-05,2136.7833504075984
1727595060.0,6.380821652231323e-05,6.380821652231323e-05,5.478231766913062e-05,5.539887970756686e-05,2702.0655459196205
1727595120.0,5.539887970756686e-05,6.284801628589821e-05,5.539887970756686e-05,6.246029759750086e-05,2187.3119652763294
1727595180.0,6.246029759750086e-05,6.808077080850803e-05,6.039952566692992e-05,6.408261557722708e-05,2667.534931066922
1727595240.0,6.408261557722708e-05,7.35090677533902e-05,6.24279082380067e-05,7.35090677533902e-05,1214.3853311403243
1727595300.0,7.35090677533902e-05,8.618098970628476e-05,7.35090677533902e-05,8.556067056327104e-05,1739.366120124088
1727595360.0,8.556067056327104e-05,8.675428863555376e-05,7.355875433786653e-05,7.53789164105011e-05,2410.0863845659183
1727595420.0,7.53789164105011e-05,7.53789164105011e-05,6.67039090328972e-05,6.77452229738735e-05,1496.505028086885
1727595480.0,6.77452229738735e-05,7.347485090903389e-05,6.717870729647738e-05,7.001141221014586e-05,2396.8517954482422
1727595540.0,7.001141221014586e-05,7.062618956157999e-05,6.686549741075584e-05,6.723671979811489e-05,569.6234543603238
1727595600.0,6.723671979811489e-05,6.723671979811489e-05,5.57169555927987e-05,5.9396477407415926e-05,1880.8632426869965
1727595660.0,5.9396477407415926e-05,6.610421262380016e-05,5.8767822605657767e-05,6.0095691794749666e-05,2149.1233921025982
1727595720.0,6.0095691794749666e-05,6.15528432260195e-05,5.828165023564733e-05,5.828165023564733e-05,577.6831679870351
1727595780.0,5.828165023564733e-05,5.857663215882435e-05,3.890418575720062e-05,3.986781908196488e-05,6965.658716398795
1727595840.0,3.986781908196488e-05,4.4745002401966666e-05,3.337991387230038e-05,4.157569510365632e-05,4327.201761966076
1727595900.0,4.157569510365632e-05,4.569565292048675e-05,4.112952017699449e-05,4.474887595153331e-05,1008.6590668494194
1727595960.0,4.474887595153331e-05,4.754558761878483e-05,4.28021957959894e-05,4.5874378335914573e-05,1700.2550663946529
1727596020.0,4.5874378335914573e-05,4.5874378335914573e-05,3.788106151671343e-05,3.788106151671343e-05,1515.7321584237363
1727596080.0,3.788106151671343e-05,3.791676142474627e-05,3.2164891437712315e-05,3.663924009392968e-05,3510.5888725434666
1727596140.0,3.663924009392968e-05,3.846748746596721e-05,3.039736922663198e-05,3.322984814120111e-05,2170.9409021329893
1727596200.0,3.322984814120111e-05,3.391105554229013e-05,3.165448007018677e-05,3.165448007018677e-05,1048.4752494829147
1727596260.0,3.165448007018677e-05,3.165448007018677e-05,2.9490050191818818e-05,2.9490050191818818e-05,525.759539116961
1727596320.0,2.9490050191818818e-05,3.6909255898300646e-05,2.9091534847169462e-05,3.5860217405923436e-05,3106.593880385573
1727596380.0,3.5860217405923436e-05,3.5860217405923436e-05,3.513283797050498e-05,3.5318288696037375e-05,80.52788629383681
1727596440.0,3.5318288696037375e-05,3.625519113015863e-05,3.5318288696037375e-05,3.619912978582017e-05,292.9969267995665
1727596500.0,3.619912978582017e-05,3.961607968175467e-05,3.619912978582017e-05,3.961607968175467e-05,611.3131031523358
1727596560.0,3.961607968175467e-05,4.133501470451831e-05,3.8970193849446824e-05,4.133501470451831e-05,659.7143201487611
1727596620.0,4.133501470451831e-05,5.069725676097095e-05,4.133501470451831e-05,5.069725676097095e-05,1832.815051834023
1727596680.0,5.069725676097095e-05,6.0095051780736674e-05,5.0453798706109395e-05,5.090510033957021e-05,2738.916879915975
1727596740.0,5.090510033957021e-05,5.090510033957021e-05,4.235499014829167e-05,4.235499014829167e-05,1169.9955486998826
1727596800.0,4.235499014829167e-05,4.235499014829167e-05,4.1167185870039555e-05,4.1167185870039555e-05,147.81169574632025
1727596860.0,4.1167185870039555e-05,4.176528064234063e-05,4.1167185870039555e-05,4.176528064234063e-05,162.17088962402576
1727596920.0,4.176528064234063e-05,4.944033182659691e-05,4.176528064234063e-05,4.944033182659691e-05,1012.4782167146046
1727596980.0,4.944033182659691e-05,5.282238579270033e-05,4.944033182659691e-05,5.258698273657802e-05,327.7923952091152
1727597040.0,5.258698273657802e-05,5.258698273657802e-05,4.28921810367821e-05,4.339842800908968e-05,2911.8957258174414
1727597100.0,4.339842800908968e-05,4.97602414001783e-05,4.339842800908968e-05,4.97602414001783e-05,812.0091457400453
1727597160.0,4.97602414001783e-05,5.129313284936896e-05,4.2681690606902645e-05,4.2681690606902645e-05,1293.8522010798777
1727597220.0,4.2681690606902645e-05,4.311119923459025e-05,4.257550776910298e-05,4.2923498236347825e-05,131.1894292550272
1727597280.0,4.2923498236347825e-05,4.6705204353972737e-05,4.2923498236347825e-05,4.6705204353972737e-05,1077.6230496525538
1727597340.0,4.6705204353972737e-05,5.023571476683769e-05,4.6705204353972737e-05,4.959508904804477e-05,248.01367088845603
1727597400.0,4.959508904804477e-05,5.381159508482769e-05,4.959508904804477e-05,5.381159508482769e-05,622.7503687634257
1727597460.0,5.381159508482769e-05,5.381596485075712e-05,4.9731733730386773e-05,5.0078681065750824e-05,572.8514602420124
1727597520.0,5.0078681065750824e-05,5.319108130771676e-05,5.0078681065750824e-05,5.319108130771676e-05,439.45658467516336
1727597580.0,5.319108130771676e-05,5.423546593200968e-05,5.319108130771676e-05,5.423546593200968e-05,191.38857923736455
1727597640.0,5.423546593200968e-05,5.507399147646464e-05,5.423546593200968e-05,5.507399147646464e-05,18.667182357883046
1727597700.0,5.507399147646464e-05,5.5108388715035856e-05,5.035641282973306e-05,5.035641282973306e-05,598.9253561528833
1727597760.0,5.035641282973306e-05,5.035641282973306e-05,4.896823088784065e-05,4.896823088784065e-05,161.66822230785309
1727597820.0,4.896823088784065e-05,4.896823088784065e-05,4.112818972769406e-05,4.112818972769406e-05,1253.510815544227
1727597880.0,4.112818972769406e-05,4.112818972769406e-05,3.386448390674237e-05,3.386448390674237e-05,1115.053368564485
1727597940.0,3.386448390674237e-05,3.970521643563284e-05,3.287179433186516e-05,3.970521643563284e-05,1225.7387394609057
1727598000.0,3.970521643563284e-05,4.020719433032518e-05,3.970521643563284e-05,4.01455100094968e-05,288.63395090112175
1727598060.0,4.01455100094968e-05,4.503246827738098e-05,4.01455100094968e-05,4.0854556030503845e-05,1191.0234052985743
1727598120.0,4.0854556030503845e-05,4.239753104448414e-05,4.0854556030503845e-05,4.239753104448414e-05,294.1573817537821
1727598180.0,4.239753104448414e-05,4.2479163580272453e-05,4.239753104448414e-05,4.2479163580272453e-05,80.06252280660027
1727598240.0,4.2479163580272453e-05,4.2479163580272453e-05,4.2161633341284255e-05,4.2161633341284255e-05,1.9918392659965944
1727598300.0,4.2161633341284255e-05,4.2161633341284255e-05,3.301982532364748e-05,3.301982532364748e-05,1397.663848241071
1727598360.0,3.301982532364748e-05,3.405637230592264e-05,3.294787206299535e-05,3.3557735792553836e-05,334.27321539882496
1727598420.0,3.3557735792553836e-05,3.363551889707885e-05,3.2630510338627326e-05,3.363551889707885e-05,429.2257090433139
1727598480.0,3.363551889707885e-05,3.4500325471990435e-05,3.363551889707885e-05,3.4500325471990435e-05,15.297297209757293
1727598540.0,3.4500325471990435e-05,3.4500325471990435e-05,3.37082276483042e-05,3.37082276483042e-05,209.8579798884664
1727598600.0,3.37082276483042e-05,3.879746196858935e-05,3.3181717788675814e-05,3.879746196858935e-05,1087.7673584264562
1727598660.0,3.879746196858935e-05,4.223611552404124e-05,3.879746196858935e-05,4.223611552404124e-05,312.88824732905175
1727598720.0,4.223611552404124e-05,4.345406394297728e-05,4.223611552404124e-05,4.345406394297728e-05,168.1116087094882
1727598780.0,4.345406394297728e-05,4.4062929947100194e-05,4.345406394297728e-05,4.4062929947100194e-05,76.97074535096775
1727598840.0,4.4062929947100194e-05,4.824242316970672e-05,4.4062929947100194e-05,4.824242316970672e-05,484.0166485879729
1727598900.0,4.824242316970672e-05,4.824242316970672e-05,4.6704325423507855e-05,4.6704325423507855e-05,268.45037878325064
1727598960.0,4.6704325423507855e-05,5.044955536667713e-05,4.575296126967375e-05,5.044955536667713e-05,710.3058189771688
1727599020.0,5.044955536667713e-05,5.2101231283399355e-05,5.044955536667713e-05,5.2101231283399355e-05,77.7484764692758
1727599080.0,5.2101231283399355e-05,5.461420503120119e-05,5.2101231283399355e-05,5.461420503120119e-05,328.3069235555375
1727599140.0,5.461420503120119e-05,6.923906897594295e-05,5.461420503120119e-05,6.923906897594295e-05,3098.7563613620823
1727599200.0,6.923906897594295e-05,7.363674070439464e-05,6.670944545964972e-05,6.670944545964972e-05,2190.816709450107
1727599260.0,6.670944545964972e-05,6.670944545964972e-05,6.06728613639672e-05,6.06728613639672e-05,619.9239832051398
1727599320.0,6.06728613639672e-05,6.599037593297156e-05,6.021669177928212e-05,6.599037593297156e-05,728.7695098432383
1727599380.0,6.599037593297156e-05,6.655195223560915e-05,6.599037593297156e-05,6.632865554730037e-05,133.10570742106734
1727599440.0,6.632865554730037e-05,8.228354424052855e-05,6.611741047468098e-05,8.128519171852607e-05,2065.5116074976845
1727599500.0,8.128519171852607e-05,8.327127429987335e-05,7.503847640958216e-05,7.503847640958216e-05,1055.506340240978
1727599560.0,7.503847640958216e-05,7.503847640958216e-05,6.664331713767753e-05,7.132302502277952e-05,1383.3550229596017
1727599620.0,7.132302502277952e-05,7.152710600849806e-05,7.034153092733668e-05,7.074140049695108e-05,587.4108440683875
1727599680.0,7.074140049695108e-05,7.074140049695108e-05,6.687917199075015e-05,6.687917199075015e-05,580.8618880322244
1727599740.0,6.687917199075015e-05,6.687917199075015e-05,5.169160476995413e-05,5.466861956979179e-05,2445.5823238234043
1727599800.0,5.466861956979179e-05,5.644164704498549e-05,5.466861956979179e-05,5.477032364881581e-05,419.44721830527743
1727599860.0,5.477032364881581e-05,6.247584153113853e-05,5.477032364881581e-05,6.217790629101795e-05,1614.760448331
1727599920.0,6.217790629101795e-05,6.217790629101795e-05,6.149588179057709e-05,6.149588179057709e-05,104.8158578985273
1727599980.0,6.149588179057709e-05,6.149588179057709e-05,5.8405972009959725e-05,6.01430060362504e-05,874.7634600176173
1727600040.0,6.01430060362504e-05,6.01430060362504e-05,5.790674738206064e-05,5.790674738206064e-05,328.07329630025305
1727600100.0,5.790674738206064e-05,6.222768307668259e-05,5.7502225548964155e-05,6.222768307668259e-05,1008.3942956987952
1727600160.0,6.222768307668259e-05,6.855543494733207e-05,6.222768307668259e-05,6.790795426907745e-05,851.639303639069
1727600220.0,6.790795426907745e-05,9.150273979641938e-05,6.69922087689056e-05,9.065749588106194e-05,3654.857755691357
1727600280.0,9.065749588106194e-05,9.233005206863972e-05,7.524938293810155e-05,7.93255340765717e-05,5173.045685103813
1727600340.0,7.93255340765717e-05,0.0001091261843578,7.93255340765717e-05,9.779170714467432e-05,4100.204861532008
1727600400.0,9.779170714467432e-05,0.0001068878443861,8.163482878298809e-05,8.657159312265117e-05,4015.993037328192
1727600460.0,8.657159312265117e-05,9.730552235856624e-05,8.657159312265117e-05,9.153772276301742e-05,1731.7052206147307
1727600520.0,9.153772276301742e-05,9.822156657604058e-05,8.429549129327297e-05,8.429549129327297e-05,2481.6721651244466
1727600580.0,8.429549129327297e-05,8.429549129327297e-05,8.17758552667705e-05,8.192819441444142e-05,437.49445263969824
1727600640.0,8.192819441444142e-05,9.35583174235802e-05,8.144295207562575e-05,9.35583174235802e-05,1774.1519692708655
1727600700.0,9.35583174235802e-05,9.385615840261008e-05,8.711669339722295e-05,8.711669339722295e-05,1248.3000209897614
1727600760.0,8.711669339722295e-05,8.776432566014776e-05,8.206157211559273e-05,8.290230351759169e-05,738.44412951649
1727600820.0,8.290230351759169e-05,8.383968686649032e-05,8.276653865409922e-05,8.276653865409922e-05,99.54608863764442
1727600880.0,8.276653865409922e-05,9.278427339459524e-05,8.214528033526701e-05,9.15575913275994e-05,1121.6163596951883
1727600940.0,9.15575913275994e-05,9.673898372309228e-05,8.979321948200656e-05,9.047053261153684e-05,1733.054515320587
1727601000.0,9.047053261153684e-05,9.366729514363392e-05,8.790155099023533e-05,8.790155099023533e-05,1651.5984347651108
1727601060.0,8.790155099023533e-05,8.790155099023533e-05,8.481965989540777e-05,8.484782801685213e-05,292.6038931222759
1727601120.0,8.484782801685213e-05,8.484782801685213e-05,7.715668820291977e-05,7.744111865092594e-05,719.6154531933635
1727601180.0,7.744111865092594e-05,7.744111865092594e-05,6.146529934033356e-05,7.339076193498087e-05,5173.479103881339
1727601240.0,7.339076193498087e-05,7.760944288078693e-05,6.353035253722062e-05,6.388009533409407e-05,2078.3838338851156
1727601300.0,6.388009533409407e-05,6.709384456205571e-05,6.388009533409407e-05,6.585898119692696e-05,637.6710636076833
1727601360.0,6.585898119692696e-05,6.585898119692696e-05,4.975541136364599e-05,4.975541136364599e-05,2275.3149665589754
1727601420.0,4.975541136364599e-05,6.187124679112503e-05,4.957894785645067e-05,5.484499006905378e-05,2441.46008011488
1727601480.0,5.484499006905378e-05,5.662770955538779e-05,5.330554292641146e-05,5.546257022973643e-05,995.3109052978224
1727601540.0,5.546257022973643e-05,5.637280854123597e-05,5.183961410840933e-05,5.393795557650747e-05,879.0440401518993
1727601600.0,5.393795557650747e-05,5.57850569379831e-05,5.214583850808006e-05,5.401421308678462e-05,882.3441569409488
1727601660.0,5.401421308678462e-05,5.483453984857469e-05,5.335011767712703e-05,5.483453984857469e-05,388.3590505408152
1727601720.0,5.483453984857469e-05,5.567288291341768e-05,5.4360301711165655e-05,5.5172448771844365e-05,605.6740114887756
1727601780.0,5.5172448771844365e-05,5.625204441111564e-05,5.278349667136768e-05,5.278349667136768e-05,538.9149468348442
1727601840.0,5.278349667136768e-05,5.278349667136768e-05,5.248529385814437e-05,5.248529385814437e-05,45.25909070402576
1727601900.0,5.248529385814437e-05,5.457326754886815e-05,5.2127321432677835e-05,5.441488583925299e-05,458.54375138702375
1727601960.0,5.441488583925299e-05,5.5673493561751386e-05,5.441488583925299e-05,5.485716184685655e-05,435.5046137378022
1727602020.0,5.485716184685655e-05,5.485716184685655e-05,5.235346207846529e-05,5.235346207846529e-05,279.08697272967
1727602080.0,5.235346207846529e-05,5.235346207846529e-05,4.032226679131699e-05,4.132992306630188e-05,2963.5182813918564
1727602140.0,4.132992306630188e-05,4.540346342298118e-05,4.044016588131198e-05,4.540346342298118e-05,772.4390667303757
1727602200.0,4.540346342298118e-05,4.5888610383014686e-05,4.540346342298118e-05,4.578725541765174e-05,102.63027445527528
1727602260.0,4.578725541765174e-05,4.733038138871647e-05,4.578725541765174e-05,4.710067256022769e-05,217.07512184048065
1727602320.0,4.710067256022769e-05,5.051257692009311e-05,4.702225357397506e-05,5.051257692009311e-05,455.9158045782294
1727602380.0,5.051257692009311e-05,5.051257692009311e-05,5.051257692009311e-05,5.051257692009311e-05,0.0
1727602440.0,5.051257692009311e-05,5.108749199461244e-05,4.955626414839493e-05,4.955626414839493e-05,245.86601706541003
1727602500.0,4.955626414839493e-05,4.993506071168599e-05,4.955626414839493e-05,4.993506071168599e-05,69.83813000693638
1727602560.0,4.993506071168599e-05,4.993506071168599e-05,4.964966425440328e-05,4.964966425440328e-05,24.321766937447354
1727602620.0,4.964966425440328e-05,5.066529615098593e-05,4.964966425440328e-05,5.066529615098593e-05,169.41290665724986
1727602680.0,5.066529615098593e-05,5.078587948167267e-05,5.055552331298347e-05,5.078587948167267e-05,83.56505631198418
1727602740.0,5.078587948167267e-05,5.078587948167267e-05,5.055876334072561e-05,5.055876334072561e-05,16.98429635300454
1727602800.0,5.055876334072561e-05,5.4428620494819704e-05,5.052790417015675e-05,5.4428620494819704e-05,734.3214743023552
1727602860.0,5.4428620494819704e-05,5.844973934407748e-05,5.4428620494819704e-05,5.844973934407748e-05,195.46525333720004
1727602920.0,5.844973934407748e-05,5.844973934407748e-05,5.638424742422698e-05,5.638424742422698e-05,472.32361181962614
1727602980.0,5.638424742422698e-05,5.638424742422698e-05,5.638424742422698e-05,5.638424742422698e-05,0.0
1727603040.0,5.638424742422698e-05,5.638424742422698e-05,5.121295265913296e-05,5.121295265913296e-05,433.37311576564537
1727603100.0,5.121295265913296e-05,5.121295265913296e-05,5.059924032551126e-05,5.059924032551126e-05,7.822748672872425
1727603160.0,5.059924032551126e-05,5.157281247914944e-05,5.015908771037408e-05,5.157281247914944e-05,471.99849176816673
1727603220.0,5.157281247914944e-05,5.157281247914944e-05,5.01564030840636e-05,5.01564030840636e-05,20.12512637436826
1727603280.0,5.01564030840636e-05,5.01564030840636e-05,4.769922001878027e-05,4.769922001878027e-05,449.0393345270408
1727603340.0,4.769922001878027e-05,4.769922001878027e-05,4.530074892348526e-05,4.644120840956358e-05,760.4611427590266
1727603400.0,4.644120840956358e-05,4.644120840956358e-05,4.363455067388679e-05,4.363455067388679e-05,377.5003502384714
1727603460.0,4.363455067388679e-05,4.363455067388679e-05,4.2755744081649024e-05,4.308253790528096e-05,264.00968901534446
1727603520.0,4.308253790528096e-05,4.308253790528096e-05,4.273781253981818e-05,4.292792436751568e-05,58.90090705344779
1727603580.0,4.292792436751568e-05,4.292792436751568e-05,4.292792436751568e-05,4.292792436751568e-05,0.0
1727603640.0,4.292792436751568e-05,4.292792436751568e-05,4.226858907804187e-05,4.269650273408969e-05,151.61703799221908
1727603700.0,4.269650273408969e-05,4.3335212069210694e-05,4.269650273408969e-05,4.3335212069210694e-05,59.158767779122975
1727603760.0,4.3335212069210694e-05,4.351747635183552e-05,4.330787536392451e-05,4.330787536392451e-05,29.29256428870137
1727603820.0,4.330787536392451e-05,4.330787536392451e-05,4.323001657507798e-05,4.323001657507798e-05,6.441513004006183
1727603880.0,4.323001657507798e-05,4.360377436422304e-05,4.323001657507798e-05,4.345236399818821e-05,76.76713009134352
1727603940.0,4.345236399818821e-05,4.345236399818821e-05,4.326946776994498e-05,4.326946776994498e-05,17.307788838756704
1727604000.0,4.326946776994498e-05,4.326946776994498e-05,4.2661860856507054e-05,4.2661860856507054e-05,139.63223813878912
1727604060.0,4.2661860856507054e-05,4.2661860856507054e-05,4.12912673259642e-05,4.12912673259642e-05,143.06313427339043
1727604120.0,4.12912673259642e-05,4.2601875515814416e-05,4.102733606763579e-05,4.1764228293205e-05,363.0920369853012
1727604180.0,4.1764228293205e-05,4.2207790159683056e-05,4.1764228293205e-05,4.211291566718054e-05,40.04309218228746
1727604240.0,4.211291566718054e-05,4.24997555616234e-05,4.211291566718054e-05,4.221551994434266e-05,102.84979205761944
1727604300.0,4.221551994434266e-05,4.221551994434266e-05,4.199167879229668e-05,4.199167879229668e-05,9.13743129688255
1727604360.0,4.199167879229668e-05,4.209846118902632e-05,4.1844839276714296e-05,4.1844839276714296e-05,24.24139583244096
1727604420.0,4.1844839276714296e-05,4.1844839276714296e-05,4.100278726492543e-05,4.100278726492543e-05,208.25422256277423
1727604480.0,4.100278726492543e-05,4.100278726492543e-05,4.010866654677115e-05,4.0399343770839287e-05,85.94763289170595
1727604540.0,4.0399343770839287e-05,4.0399343770839287e-05,4.036924662030231e-05,4.036924662030231e-05,4.436896156006132
1727604600.0,4.036924662030231e-05,4.036924662030231e-05,4.036924662030231e-05,4.036924662030231e-05,0.0
1727604660.0,4.036924662030231e-05,4.419472515211379e-05,4.025476192559471e-05,4.390916387552571e-05,839.4636951930105
1727604720.0,4.390916387552571e-05,4.390916387552571e-05,4.373851227180913e-05,4.373851227180913e-05,2.1001602647220974
1727604780.0,4.373851227180913e-05,4.373851227180913e-05,4.369038719830809e-05,4.369038719830809e-05,2.8166455825069048
1727604840.0,4.369038719830809e-05,4.369038719830809e-05,4.339348385852639e-05,4.339348385852639e-05,47.14116835568627
1727604900.0,4.339348385852639e-05,4.339348385852639e-05,4.339348385852639e-05,4.339348385852639e-05,0.0
1727604960.0,4.339348385852639e-05,4.370253217175021e-05,4.339348385852639e-05,4.370253217175021e-05,53.007421731231766
1727605020.0,4.370253217175021e-05,4.7675443075939274e-05,4.370253217175021e-05,4.499597221960419e-05,950.710889368785
1727605080.0,4.499597221960419e-05,4.499597221960419e-05,4.439570185654967e-05,4.455509387671809e-05,77.74345850746268
1727605140.0,4.455509387671809e-05,4.455509387671809e-05,4.445320145740622e-05,4.445320145740622e-05,0.050828168932049
1727605200.0,4.445320145740622e-05,4.445320145740622e-05,4.33286639531257e-05,4.33286639531257e-05,167.37384941102638
1727605260.0,4.33286639531257e-05,4.33286639531257e-05,4.289006929873495e-05,4.289006929873495e-05,63.804379434982266
1727605320.0,4.289006929873495e-05,4.289006929873495e-05,4.255831358139674e-05,4.270868901587155e-05,30.01830661490301
1727605380.0,4.270868901587155e-05,4.270868901587155e-05,4.270868901587155e-05,4.270868901587155e-05,0.0
1727605440.0,4.270868901587155e-05,4.270868901587155e-05,4.270868901587155e-05,4.270868901587155e-05,0.0
1727605500.0,4.270868901587155e-05,4.3101431210678214e-05,4.270868901587155e-05,4.3101431210678214e-05,101.52915558647388
1727605560.0,4.3101431210678214e-05,4.572181033295297e-05,4.3101431210678214e-05,4.5598986072151734e-05,325.03406538795923
1727605620.0,4.5598986072151734e-05,4.5598986072151734e-05,4.479441681827742e-05,4.479441681827742e-05,111.8769009495798
1727605680.0,4.479441681827742e-05,4.479441681827742e-05,4.479441681827742e-05,4.479441681827742e-05,0.0
1727605740.0,4.479441681827742e-05,4.479441681827742e-05,3.4629606089588365e-05,3.4629606089588365e-05,2379.44989354582
1727605800.0,3.4629606089588365e-05,3.4629606089588365e-05,3.343994004236247e-05,3.343994004236247e-05,297.9012451596944
1727605860.0,3.343994004236247e-05,3.364679372320844e-05,3.179341224136751e-05,3.227096609744203e-05,396.4888590439445
1727605920.0,3.227096609744203e-05,3.4409942854329146e-05,3.2095903115222726e-05,3.4409942854329146e-05,538.7667003741823
1727605980.0,3.4409942854329146e-05,3.4409942854329146e-05,3.426855783539171e-05,3.426855783539171e-05,8.555893931915705
1727606040.0,3.426855783539171e-05,3.426855783539171e-05,3.386475811344438e-05,3.386475811344438e-05,76.14087666717784
1727606100.0,3.386475811344438e-05,3.386475811344438e-05,3.2990465692922166e-05,3.331812737487757e-05,390.2850689527643
1727606160.0,3.331812737487757e-05,3.5007570244980974e-05,3.3263869978791985e-05,3.5007570244980974e-05,344.8624623904892
1727606220.0,3.5007570244980974e-05,3.664511902060373e-05,3.05786737714174e-05,3.05786737714174e-05,1816.109187162556
1727606280.0,3.05786737714174e-05,3.115979682827179e-05,3.0399438097902975e-05,3.1068352609207696e-05,290.2012210902723
1727606340.0,3.1068352609207696e-05,3.388356073730044e-05,3.1068352609207696e-05,3.388356073730044e-05,607.5677129960961
1727606400.0,3.388356073730044e-05,3.414290077964878e-05,3.1944762477403824e-05,3.1944762477403824e-05,763.886039246496
1727606460.0,3.1944762477403824e-05,3.1944762477403824e-05,3.1201023902084456e-05,3.1201023902084456e-05,388.90890429288106
1727606520.0,3.1201023902084456e-05,3.2341717100669394e-05,2.536050391807563e-05,2.536050391807563e-05,1825.3372877561585
1727606580.0,2.536050391807563e-05,2.733630243584447e-05,2.536050391807563e-05,2.7292232508989677e-05,266.89707786611876
1727606640.0,2.7292232508989677e-05,2.7292232508989677e-05,2.6379623868315745e-05,2.6379623868315745e-05,194.8396999079305
1727606700.0,2.6379623868315745e-05,2.772472234726763e-05,2.63044979163594e-05,2.772472234726763e-05,230.4798651935787
1727606760.0,2.772472234726763e-05,3.57475345061661e-05,2.772472234726763e-05,3.4917449515011014e-05,1410.342801829904
1727606820.0,3.4917449515011014e-05,4.064264203106542e-05,3.391821396210077e-05,4.064264203106542e-05,1042.7437688916782
1727606880.0,4.064264203106542e-05,4.064264203106542e-05,3.849797925404276e-05,3.849797925404276e-05,470.5515377731293
1727606940.0,3.849797925404276e-05,3.9829525563253854e-05,3.849797925404276e-05,3.9829525563253854e-05,255.72693687383816
1727607000.0,3.9829525563253854e-05,3.9829525563253854e-05,3.9334004418126936e-05,3.9334004418126936e-05,157.82585501732348
1727607060.0,3.9334004418126936e-05,3.9334004418126936e-05,3.4874858592630415e-05,3.889844024088245e-05,1322.6400783764543
1727607120.0,3.889844024088245e-05,4.21610430457724e-05,3.889844024088245e-05,4.21610430457724e-05,237.87855650212273
1727607180.0,4.21610430457724e-05,4.668512654656059e-05,4.21610430457724e-05,4.668512654656059e-05,608.475687198169
1727607240.0,4.668512654656059e-05,4.668512654656059e-05,4.292328502807538e-05,4.480997408608721e-05,944.1010475744752
1727607300.0,4.480997408608721e-05,5.2684190953359305e-05,4.480997408608721e-05,5.2684190953359305e-05,1014.1188042869362
1727607360.0,5.2684190953359305e-05,5.2684190953359305e-05,4.909473470986792e-05,4.909473470986792e-05,932.2733739975464
1727607420.0,4.909473470986792e-05,5.405405324733136e-05,4.909473470986792e-05,5.405405324733136e-05,664.8600645656381
1727607480.0,5.405405324733136e-05,5.658189919364576e-05,5.405405324733136e-05,5.658189919364576e-05,469.22373493196943
1727607540.0,5.658189919364576e-05,5.658189919364576e-05,5.4267479855594225e-05,5.4267479855594225e-05,339.12034636927876
1727607600.0,5.4267479855594225e-05,5.440606511524615e-05,5.373517499338391e-05,5.373517499338391e-05,179.68066820392232
1727607660.0,5.373517499338391e-05,5.373517499338391e-05,5.096569937547928e-05,5.136483177208004e-05,516.0302742684607
1727607720.0,5.136483177208004e-05,5.136483177208004e-05,4.4310859697516085e-05,4.551374980666578e-05,1162.7464584094223
1727607780.0,4.551374980666578e-05,5.093603768583485e-05,4.551374980666578e-05,5.093603768583485e-05,1037.732395062648
1727607840.0,5.093603768583485e-05,5.455249778504843e-05,5.093603768583485e-05,5.455249778504843e-05,740.2168834891581
1727607900.0,5.455249778504843e-05,5.791695858794471e-05,5.455249778504843e-05,5.791695858794471e-05,369.0585351228648
1727607960.0,5.791695858794471e-05,9.8646854185735e-05,5.791695858794471e-05,9.029664660849403e-05,5560.8945580234995
1727608020.0,9.029664660849403e-05,0.0001162311035378,8.458519374752598e-05,0.0001019991531858,14153.527703542908
1727608080.0,0.0001019991531858,0.0001073148396547,8.418902550530923e-05,9.78057423729741e-05,6136.312754624144
1727608140.0,9.78057423729741e-05,9.78057423729741e-05,7.058286891517074e-05,7.738448332220282e-05,6173.406152478747
1727608200.0,7.738448332220282e-05,8.241179168402077e-05,6.967824397546436e-05,6.967824397546436e-05,2394.227486460901
1727608260.0,6.967824397546436e-05,8.046488859069908e-05,6.307234024443439e-05,6.763975001771061e-05,4454.7503947066
1727608320.0,6.763975001771061e-05,6.763975001771061e-05,5.987893546596717e-05,6.013602317868742e-05,1074.6970832141228
1727608380.0,6.013602317868742e-05,6.872505369566696e-05,5.901806048478929e-05,6.872505369566696e-05,1617.3965839513596
1727608440.0,6.872505369566696e-05,8.772991922277243e-05,6.832710048872774e-05,7.398439161136983e-05,4488.262162337906
1727608500.0,7.398439161136983e-05,8.418497871107054e-05,7.398439161136983e-05,7.930534634994143e-05,1977.3862094305537
1727608560.0,7.930534634994143e-05,7.930534634994143e-05,6.176632706001182e-05,6.232490415383635e-05,2280.6035189175345
1727608620.0,6.232490415383635e-05,6.576060775486304e-05,6.232490415383635e-05,6.508097724831697e-05,564.6607220607185
1727608680.0,6.508097724831697e-05,6.508097724831697e-05,6.238459612711774e-05,6.273649839424497e-05,668.6867276319663
1727608740.0,6.273649839424497e-05,7.05961047763879e-05,6.250535514457369e-05,7.05961047763879e-05,1095.3565578436023
1727608800.0,7.05961047763879e-05,7.373349695364303e-05,7.055476154948956e-05,7.373349695364303e-05,510.1649330499147
1727608860.0,7.373349695364303e-05,7.467566921083835e-05,6.654339764855912e-05,6.654339764855912e-05,1152.789038454899
1727608920.0,6.654339764855912e-05,7.013693374634822e-05,6.193860766437768e-05,6.939652039867203e-05,1916.47263459234
1727608980.0,6.939652039867203e-05,7.159007996027463e-05,6.939652039867203e-05,7.159007996027463e-05,281.28968131859705
1727609040.0,7.159007996027463e-05,7.887642872760327e-05,7.159007996027463e-05,7.887642872760327e-05,718.7144003011416
1727609100.0,7.887642872760327e-05,8.312324160762227e-05,7.887642872760327e-05,8.312324160762227e-05,730.652399574648
1727609160.0,8.312324160762227e-05,0.0001073355564376,8.312324160762227e-05,8.504046429855625e-05,4483.192026395098
1727609220.0,8.504046429855625e-05,0.0001094556170352,8.504046429855625e-05,0.0001080364347952,4115.401513278409
1727609280.0,0.0001080364347952,0.0001080722424406,9.602702659646996e-05,9.636319611876746e-05,2134.728244460196
1727609340.0,9.636319611876746e-05,0.0001388648545293,9.62136339584626e-05,0.0001298376256396,7949.394326724818
1727609400.0,0.0001298376256396,0.0001298376256396,0.0001204554098463,0.000120592956029,1981.4042931844428
1727609460.0,0.000120592956029,0.0001213875586921,0.0001129644960042,0.0001129644960042,857.8470297868109
1727609520.0,0.0001129644960042,0.0001129644960042,9.304301604816164e-05,0.0001016920392434,2907.969762953861
1727609580.0,0.0001016920392434,0.0001301793865846,0.0001016920392434,0.0001202728666989,4948.609655398829
1727609640.0,0.0001202728666989,0.0001259611909675,0.0001182080650219,0.0001182080650219,1037.3372322397158
1727609700.0,0.0001182080650219,0.0001182080650219,0.0001060325805045,0.0001081093472819,1996.825862227379
1727609760.0,0.0001081093472819,0.0001164250691418,0.0001081093472819,0.00011407435655,1020.7479799149864
1727609820.0,0.00011407435655,0.0001162581845172,9.933449175341526e-05,0.0001016055362208,4074.004005568881
1727609880.0,0.0001016055362208,0.0001141333213541,0.0001016055362208,0.0001141333213541,1612.6330033827153
1727609940.0,0.0001141333213541,0.0001144837539739,0.000107553512055,0.0001088233516141,1773.0721239526565
1727610000.0,0.0001088233516141,0.0001109624324487,9.936923615644346e-05,0.0001100045372731,2401.5718950245987
1727610060.0,0.0001100045372731,0.0001100045372731,0.0001038904207325,0.0001038904207325,739.9108775899216
1727610120.0,0.0001038904207325,0.0001294211018136,0.0001038904207325,0.0001280813205079,3947.6307223738127
1727610180.0,0.0001280813205079,0.0001443480805565,0.0001280813205079,0.0001443480805565,1944.594282273684
1727610240.0,0.0001443480805565,0.0001443480805565,0.0001208361956989,0.0001208361956989,2026.4581026772612
1727610300.0,0.0001208361956989,0.0001269378383192,0.0001189836360857,0.0001263117375031,762.7244197490165
1727610360.0,0.0001263117375031,0.0001263117375031,0.0001123734395699,0.0001143448027193,1973.9123610598992
1727610420.0,0.0001143448027193,0.0001144101554015,0.0001068074582851,0.0001115036045342,2310.9445588069793
1727610480.0,0.0001115036045342,0.0001129407843663,0.0001063770490907,0.0001108806702709,2871.2564544659813
1727610540.0,0.0001108806702709,0.0001376006706555,0.0001108806702709,0.0001376006706555,2317.094564697579
1727610600.0,0.0001376006706555,0.0001391313573905,0.0001344797734658,0.0001344797734658,867.490576292707
1727610660.0,0.0001344797734658,0.0001373158337927,0.0001342730484958,0.0001361649681962,532.52029983307
1727610720.0,0.0001361649681962,0.000154482587761,0.0001361649681962,0.000154482587761,1490.5646772012349
1727610780.0,0.000154482587761,0.0001989939311123,0.000154482587761,0.000166943784236,7043.351952136882
1727610840.0,0.000166943784236,0.0001700786570778,0.000165523244354,0.0001668817307736,1215.315266553807
1727610900.0,0.0001668817307736,0.0001677842568103,0.000161886840074,0.000162279154211,589.4464495823685
1727610960.0,0.000162279154211,0.0001874866017355,0.0001588642155501,0.0001799880261724,3019.6639669660663
1727611020.0,0.0001799880261724,0.0002043834573679,0.0001707043535159,0.0001747776264208,4344.121965142486
1727611080.0,0.0001747776264208,0.000176146463927,0.0001675237941845,0.0001694947818617,717.3368467126064
1727611140.0,0.0001694947818617,0.0001694947818617,0.0001221243240964,0.0001400713984164,5104.868687533664
1727611200.0,0.0001400713984164,0.0001416598887386,0.0001289107565572,0.0001364089282781,2792.8155601255316
1727611260.0,0.0001364089282781,0.0001364089282781,0.0001215331120269,0.0001309971639488,2646.262909282385
1727611320.0,0.0001309971639488,0.0001413471748716,0.0001281602628421,0.0001336191306074,2402.054683399744
1727611380.0,0.0001336191306074,0.0001535988592821,0.0001336191306074,0.0001381054396588,5592.763357711272
1727611440.0,0.0001381054396588,0.000141962470649,0.0001358049012376,0.0001358049012376,962.2936781327566
1727611500.0,0.0001358049012376,0.0001358049012376,0.0001236251620501,0.0001236251620501,912.412241652554
1727611560.0,0.0001236251620501,0.0001247174434709,0.000114179258409,0.0001197411786037,2797.312708901386
1727611620.0,0.0001197411786037,0.0001221433013561,0.0001191013441518,0.0001191013441518,550.5832341510488
1727611680.0,0.0001191013441518,0.0001288916579513,0.0001180414125229,0.0001288916579513,888.8197423142768
1727611740.0,0.0001288916579513,0.0001288916579513,0.0001201791087981,0.0001247454432584,1344.453198329621
1727611800.0,0.0001247454432584,0.0001466762374839,0.0001247454432584,0.0001428443356096,2635.583373416816
1727611860.0,0.0001428443356096,0.0001510094373541,0.0001422278902558,0.0001422278902558,1576.6881247952144
1727611920.0,0.0001422278902558,0.0001422278902558,0.0001315288309012,0.0001315288309012,794.3447873923692
1727611980.0,0.0001315288309012,0.0001366886406124,0.0001306183872309,0.0001366886406124,1038.393907356014
1727612040.0,0.0001366886406124,0.000137469009425,0.0001264610755712,0.0001264610755712,994.2697034900034
1727612100.0,0.0001264610755712,0.0001264610755712,0.0001122821700976,0.0001157160894419,1380.7444789373565
1727612160.0,0.0001157160894419,0.0001157160894419,0.0001064784462724,0.0001064784462724,1221.4257399162575
1727612220.0,0.0001064784462724,0.0001097898477431,0.0001019277775056,0.0001097898477431,1261.018281104172
1727612280.0,0.0001097898477431,0.0001117224272941,0.0001092233924016,0.0001117224272941,235.3608659094532
1727612340.0,0.0001117224272941,0.0001134513971356,0.0001117224272941,0.0001127586937786,519.3474052850613
1727612400.0,0.0001127586937786,0.0001127586937786,0.0001109846479001,0.0001109846479001,26.586397413645862
1727612460.0,0.0001109846479001,0.0001109846479001,0.0001027325977672,0.0001027325977672,710.9544209989897
1727612520.0,0.0001027325977672,0.0001027325977672,8.311241660413471e-05,8.650669261115104e-05,2110.7688096576658
1727612580.0,8.650669261115104e-05,9.240006125639698e-05,7.66492419225903e-05,8.296563008980474e-05,4866.302091277577
1727612640.0,8.296563008980474e-05,9.053060337445556e-05,7.975704502431849e-05,8.355377070543719e-05,3179.8123679802197
1727612700.0,8.355377070543719e-05,8.965117788681243e-05,8.355377070543719e-05,8.587347069311981e-05,1051.8358467931491
1727612760.0,8.587347069311981e-05,8.587347069311981e-05,7.47954070414749e-05,7.556653490022249e-05,1439.20877103855
1727612820.0,7.556653490022249e-05,7.912393477240454e-05,6.695711732997099e-05,6.802281112903607e-05,2828.813742197029
1727612880.0,6.802281112903607e-05,7.522208235652024e-05,6.802281112903607e-05,7.461462655360094e-05,1320.1299872289612
1727612940.0,7.461462655360094e-05,8.031298235137962e-05,6.94442267465384e-05,7.5138433424363e-05,4310.104384589085
1727613000.0,7.5138433424363e-05,8.081019711517017e-05,7.264462444757147e-05,7.67541442431011e-05,2446.5184859763945
1727613060.0,7.67541442431011e-05,7.67541442431011e-05,6.918243018397525e-05,7.25834097560064e-05,1495.0397952049502
1727613120.0,7.25834097560064e-05,7.752296812676683e-05,7.162038680645082e-05,7.638518618514352e-05,1555.4409143336345
1727613180.0,7.638518618514352e-05,0.0001274859688145,7.638518618514352e-05,7.833768305206018e-05,8992.49733440239
1727613240.0,7.833768305206018e-05,7.867021478166334e-05,7.518471529717928e-05,7.518471529717928e-05,1177.7057599730942
1727613300.0,7.518471529717928e-05,7.518471529717928e-05,7.229452193474008e-05,7.229452193474008e-05,370.77977333198623
1727613360.0,7.229452193474008e-05,7.229452193474008e-05,6.66807591449495e-05,6.712864392872161e-05,738.8088834368427
1727613420.0,6.712864392872161e-05,7.21062550717525e-05,6.539745171308227e-05,6.563092262414673e-05,2110.5419073914113
1727613480.0,6.563092262414673e-05,6.563092262414673e-05,5.8590719276300934e-05,6.034558160617144e-05,924.6857229155636
1727613540.0,6.034558160617144e-05,6.16999452766476e-05,5.983592224200949e-05,6.16999452766476e-05,318.4386861348256
1727613600.0,6.16999452766476e-05,7.07059912326574e-05,6.16999452766476e-05,6.423535875657548e-05,2765.583348731346
1727613660.0,6.423535875657548e-05,6.549744346725965e-05,6.423535875657548e-05,6.44732086967073e-05,341.3365784880525
1727613720.0,6.44732086967073e-05,6.656875792825324e-05,6.268658441531667e-05,6.601712445703746e-05,731.5468508119151
1727613780.0,6.601712445703746e-05,6.601712445703746e-05,6.546932434446268e-05,6.57496094403889e-05,28.8467691478969
1727613840.0,6.57496094403889e-05,6.840936952279412e-05,6.566113863389333e-05,6.840936952279412e-05,497.2059737093629
1727613900.0,6.840936952279412e-05,6.873409886014649e-05,6.756939976773311e-05,6.756939976773311e-05,190.30386789806056
1727613960.0,6.756939976773311e-05,6.756939976773311e-05,6.0860012131801054e-05,6.0860012131801054e-05,778.4397436306657
1727614020.0,6.0860012131801054e-05,6.0860012131801054e-05,5.6436487946638864e-05,5.6436487946638864e-05,646.6863783881179
1727614080.0,5.6436487946638864e-05,5.8258762969853695e-05,5.292908223123895e-05,5.292908223123895e-05,1250.7277710275043
1727614140.0,5.292908223123895e-05,5.633253715235377e-05,5.292908223123895e-05,5.3817863269572895e-05,1284.4609381842097
1727614200.0,5.3817863269572895e-05,5.8408011068463366e-05,5.3817863269572895e-05,5.497194056720523e-05,1131.8845800063384
1727614260.0,5.497194056720523e-05,5.714353033385712e-05,5.4555341628322245e-05,5.488637031250819e-05,843.4060248917566
1727614320.0,5.488637031250819e-05,5.496410453333759e-05,5.4506116536720266e-05,5.4793012840686944e-05,100.6359487270895
1727614380.0,5.4793012840686944e-05,5.767190701407714e-05,5.08495876632783e-05,5.30926220303864e-05,1553.5319497653709
1727614440.0,5.30926220303864e-05,5.4769716838424195e-05,4.5996548370846234e-05,5.214886154121875e-05,2405.3726773526346
1727614500.0,5.214886154121875e-05,5.214886154121875e-05,5.083819697356448e-05,5.083819697356448e-05,132.55802313077015
1727614560.0,5.083819697356448e-05,5.487825591057328e-05,5.079530583876224e-05,5.487825591057328e-05,1131.7442033211182
1727614620.0,5.487825591057328e-05,5.487825591057328e-05,4.7870348199238845e-05,4.813437757767953e-05,827.2623606812721
1727614680.0,4.813437757767953e-05,4.813437757767953e-05,4.767636765757449e-05,4.767636765757449e-05,83.19690708240111
1727614740.0,4.767636765757449e-05,4.801144637822356e-05,4.670203739291454e-05,4.670203739291454e-05,247.11378892288687
1727614800.0,4.670203739291454e-05,4.670203739291454e-05,4.537478377066695e-05,4.537478377066695e-05,163.37826201568353
1727614860.0,4.537478377066695e-05,4.537478377066695e-05,4.35804567506988e-05,4.35804567506988e-05,257.4103765820773
1727614920.0,4.35804567506988e-05,4.35804567506988e-05,4.319057147614168e-05,4.319057147614168e-05,36.84382712867616
1727614980.0,4.319057147614168e-05,4.319057147614168e-05,3.9506350034861947e-05,4.174344319119543e-05,1219.0783967529633
1727615040.0,4.174344319119543e-05,4.354434415467904e-05,4.008394085103076e-05,4.316450587696725e-05,1534.5883326920953
1727615100.0,4.316450587696725e-05,4.316450587696725e-05,4.292460275419898e-05,4.2996296785414515e-05,98.7337673004392
1727615160.0,4.2996296785414515e-05,4.2996296785414515e-05,4.115567220895932e-05,4.115567220895932e-05,245.87003682216368
1727615220.0,4.115567220895932e-05,4.13503461924713e-05,4.089567973620976e-05,4.13503461924713e-05,105.02330310177886
1727615280.0,4.13503461924713e-05,4.782920246585371e-05,4.11802226762008e-05,4.782920246585371e-05,869.9465454497227
1727615340.0,4.782920246585371e-05,5.115014903373603e-05,4.742384931124782e-05,4.742384931124782e-05,886.6743421169498
1727615400.0,4.742384931124782e-05,4.771435995317767e-05,4.573199849093312e-05,4.598516429102595e-05,424.7049304741184
1727615460.0,4.598516429102595e-05,4.598516429102595e-05,3.771622152903542e-05,3.771622152903542e-05,1118.6335882765752
1727615520.0,3.771622152903542e-05,3.771622152903542e-05,3.601101113639848e-05,3.601101113639848e-05,316.9631605392399
1727615580.0,3.601101113639848e-05,4.0197569836862566e-05,3.5226991840965205e-05,4.0197569836862566e-05,882.3018888867783
1727615640.0,4.0197569836862566e-05,4.278021882875682e-05,4.0197569836862566e-05,4.278021882875682e-05,542.8635943414853
1727615700.0,4.278021882875682e-05,4.463174989298488e-05,4.278021882875682e-05,4.403802416207953e-05,124.2091157367682
1727615760.0,4.403802416207953e-05,4.428661060046304e-05,4.403802416207953e-05,4.428661060046304e-05,31.69219556957813
1727615820.0,4.428661060046304e-05,5.515796735367719e-05,4.411184225787458e-05,5.515796735367719e-05,1772.736895786696
1727615880.0,5.515796735367719e-05,6.275557703737869e-05,5.515796735367719e-05,6.275557703737869e-05,533.9134111708379
1727615940.0,6.275557703737869e-05,6.275557703737869e-05,5.45399713561852e-05,5.45399713561852e-05,1101.4424625633071
1727616000.0,5.45399713561852e-05,5.45399713561852e-05,5.256496517596186e-05,5.312009105253288e-05,160.61196106383525
1727616060.0,5.312009105253288e-05,5.312009105253288e-05,5.312009105253288e-05,5.312009105253288e-05,0.0
1727616120.0,5.312009105253288e-05,5.312009105253288e-05,5.1998222539949975e-05,5.1998222539949975e-05,189.9754058225626
1727616180.0,5.1998222539949975e-05,5.1998222539949975e-05,4.07447911397072e-05,4.325781269070633e-05,2422.438980462719
1727616240.0,4.325781269070633e-05,4.391527192434744e-05,4.325781269070633e-05,4.391527192434744e-05,79.11698405431326
1727616300.0,4.391527192434744e-05,4.391527192434744e-05,4.366673725278838e-05,4.366673725278838e-05,8.32595313544458
1727616360.0,4.366673725278838e-05,4.366673725278838e-05,4.366673725278838e-05,4.366673725278838e-05,0.0
1727616420.0,4.366673725278838e-05,4.385588962190539e-05,4.366673725278838e-05,4.385588962190539e-05,0.5775642314897174
1727616480.0,4.385588962190539e-05,4.389987878454375e-05,4.368951198680021e-05,4.368951198680021e-05,19.644075116132537
1727616540.0,4.368951198680021e-05,4.368951198680021e-05,4.3587364974108296e-05,4.3587364974108296e-05,18.23975623397499
1727616600.0,4.3587364974108296e-05,4.3587364974108296e-05,4.3458929792757615e-05,4.3458929792757615e-05,15.613010618009527
1727616660.0,4.3458929792757615e-05,4.3458929792757615e-05,4.3389147831891254e-05,4.3389147831891254e-05,2.7753222880812327
1727616720.0,4.3389147831891254e-05,4.3389147831891254e-05,4.3389147831891254e-05,4.3389147831891254e-05,0.0
1727616780.0,4.3389147831891254e-05,4.3389147831891254e-05,4.271862503182831e-05,4.271862503182831e-05,101.71115477103945
1727616840.0,4.271862503182831e-05,4.271862503182831e-05,4.271862503182831e-05,4.271862503182831e-05,0.0
1727616900.0,4.271862503182831e-05,4.271862503182831e-05,4.271862503182831e-05,4.271862503182831e-05,0.0
1727616960.0,4.271862503182831e-05,4.271862503182831e-05,4.225988602708285e-05,4.225988602708285e-05,55.74288443079536
1727617020.0,4.225988602708285e-05,4.225988602708285e-05,4.2097357855875534e-05,4.2097357855875534e-05,40.15222921505783
1727617080.0,4.2097357855875534e-05,4.2097357855875534e-05,4.136195995633827e-05,4.136195995633827e-05,157.5608162404695
1727617140.0,4.136195995633827e-05,4.136195995633827e-05,4.0739415266753544e-05,4.0739415266753544e-05,11.804952460898518
1727617200.0,4.0739415266753544e-05,4.386296142200593e-05,4.0739415266753544e-05,4.386296142200593e-05,497.0178480726096
1727617260.0,4.386296142200593e-05,4.4601047236768224e-05,4.386296142200593e-05,4.4601047236768224e-05,114.73359775077908
1727617320.0,4.4601047236768224e-05,4.479686141595689e-05,4.4601047236768224e-05,4.479686141595689e-05,5.8252743888439635
1727617380.0,4.479686141595689e-05,4.518878304412103e-05,4.479686141595689e-05,4.502872165242167e-05,77.04551041657213
1727617440.0,4.502872165242167e-05,4.502872165242167e-05,4.48141258393545e-05,4.48141258393545e-05,22.57967866752181
1727617500.0,4.48141258393545e-05,4.48141258393545e-05,4.48141258393545e-05,4.48141258393545e-05,0.0
1727617560.0,4.48141258393545e-05,4.48141258393545e-05,4.48141258393545e-05,4.48141258393545e-05,0.0
1727617620.0,4.48141258393545e-05,4.48141258393545e-05,4.451318397483416e-05,4.451318397483416e-05,81.52823942258006
1727617680.0,4.451318397483416e-05,4.476966643656043e-05,4.416442148338064e-05,4.476966643656043e-05,116.81955423251196
1727617740.0,4.476966643656043e-05,4.476966643656043e-05,4.476966643656043e-05,4.476966643656043e-05,0.0
1727617800.0,4.476966643656043e-05,4.546625727993631e-05,4.476966643656043e-05,4.546625727993631e-05,113.3690807536741
1727617860.0,4.546625727993631e-05,4.546625727993631e-05,4.546625727993631e-05,4.546625727993631e-05,0.0
1727617920.0,4.546625727993631e-05,4.5510857410425695e-05,4.546625727993631e-05,4.5510857410425695e-05,8.531291090338947
1727617980.0,4.5510857410425695e-05,4.6200680380817175e-05,4.5510857410425695e-05,4.6200680380817175e-05,106.76443947802956
1727618040.0,4.6200680380817175e-05,4.6200680380817175e-05,4.4696902883949314e-05,4.4696902883949314e-05,243.876896253546
1727618100.0,4.4696902883949314e-05,4.4696902883949314e-05,4.4696902883949314e-05,4.4696902883949314e-05,0.0
1727618160.0,4.4696902883949314e-05,4.4696902883949314e-05,4.4696902883949314e-05,4.4696902883949314e-05,0.0
1727618220.0,4.4696902883949314e-05,4.4696902883949314e-05,4.4696902883949314e-05,4.4696902883949314e-05,0.0
1727618280.0,4.4696902883949314e-05,4.4696902883949314e-05,4.372678443065337e-05,4.372678443065337e-05,183.84947468760228
1727618340.0,4.372678443065337e-05,4.372678443065337e-05,4.239506764260097e-05,4.276294305871371e-05,103.5473601441614
1727618400.0,4.276294305871371e-05,4.276294305871371e-05,3.934629378851393e-05,3.934629378851393e-05,457.3713042711749
1727618460.0,3.934629378851393e-05,3.949789596242817e-05,3.934629378851393e-05,3.949789596242817e-05,100.40926732874108
1727618520.0,3.949789596242817e-05,4.2425287773559466e-05,3.949789596242817e-05,4.2425287773559466e-05,780.3489346500804
1727618580.0,4.2425287773559466e-05,4.765085631767958e-05,3.550448061314373e-05,3.550448061314373e-05,2237.403284882398
1727618640.0,3.550448061314373e-05,3.825019524990378e-05,3.550448061314373e-05,3.825019524990378e-05,322.85336620683717
1727618700.0,3.825019524990378e-05,4.069851249734725e-05,3.825019524990378e-05,4.069851249734725e-05,347.5798839689912
1727618760.0,4.069851249734725e-05,4.069851249734725e-05,4.0494705575607024e-05,4.0494705575607024e-05,1.72712039497709
1727618820.0,4.0494705575607024e-05,4.239953429163976e-05,4.0494705575607024e-05,4.239953429163976e-05,466.7977574774288
1727618880.0,4.239953429163976e-05,5.062699404278029e-05,4.239953429163976e-05,5.062699404278029e-05,873.9450758373971
1727618940.0,5.062699404278029e-05,5.062699404278029e-05,4.843463596588256e-05,4.912291972026616e-05,327.01704634525
1727619000.0,4.912291972026616e-05,5.009619596329963e-05,4.88341455701528e-05,5.009619596329963e-05,312.25424687658
1727619060.0,5.009619596329963e-05,5.131489590370207e-05,5.009619596329963e-05,5.131489590370207e-05,109.05365703042987
1727619120.0,5.131489590370207e-05,5.195959981496584e-05,5.131489590370207e-05,5.167173761049297e-05,163.9301417308272
1727619180.0,5.167173761049297e-05,5.167173761049297e-05,4.8979908218169006e-05,4.8979908218169006e-05,535.1646751303842
1727619240.0,4.8979908218169006e-05,4.8979908218169006e-05,4.6094899714329734e-05,4.6358776037146096e-05,231.3419720859698
1727619300.0,4.6358776037146096e-05,4.6392936131784984e-05,4.4991416240321145e-05,4.4991416240321145e-05,515.6567489306365
1727619360.0,4.4991416240321145e-05,4.4991416240321145e-05,4.174669805500191e-05,4.174669805500191e-05,292.6129350747987
1727619420.0,4.174669805500191e-05,4.185129761288246e-05,4.122256722940961e-05,4.150049610466348e-05,106.42034081532302
1727619480.0,4.150049610466348e-05,4.150049610466348e-05,4.118622002613057e-05,4.118622002613057e-05,4.930894220044048
1727619540.0,4.118622002613057e-05,4.118622002613057e-05,3.912050974995516e-05,3.912050974995516e-05,294.33205362819547
1727619600.0,3.912050974995516e-05,3.912050974995516e-05,3.818974274836409e-05,3.818974274836409e-05,171.6105237597675
1727619660.0,3.818974274836409e-05,3.818974274836409e-05,3.78868219661828e-05,3.78868219661828e-05,38.4905901007272
1727619720.0,3.78868219661828e-05,3.78868219661828e-05,3.778644273163111e-05,3.778644273163111e-05,5.036472054516307
1727619780.0,3.778644273163111e-05,3.799003006593663e-05,3.06002240648412e-05,3.154371351251704e-05,1263.942742265502
1727619840.0,3.154371351251704e-05,3.206228489041636e-05,3.154371351251704e-05,3.206228489041636e-05,81.08325901896617
1727619900.0,3.206228489041636e-05,3.248847007463849e-05,3.206228489041636e-05,3.2373097444217e-05,53.00006591746117
1727619960.0,3.2373097444217e-05,3.287296858960805e-05,2.552039729333929e-05,2.552039729333929e-05,1555.8066000565193
1727620020.0,2.552039729333929e-05,2.552039729333929e-05,2.3778904502460647e-05,2.487168788567018e-05,262.71879976042345
1727620080.0,2.487168788567018e-05,2.499446922276837e-05,2.478428454556753e-05,2.4858419156683017e-05,118.78687948356875
1727620140.0,2.4858419156683017e-05,2.4858419156683017e-05,2.4445555579077793e-05,2.454442658553986e-05,79.70842584808209
1727620200.0,2.454442658553986e-05,2.454442658553986e-05,2.454442658553986e-05,2.454442658553986e-05,0.0
1727620260.0,2.454442658553986e-05,2.454442658553986e-05,2.387289971047047e-05,2.387289971047047e-05,202.6610684142616
1727620320.0,2.387289971047047e-05,2.387289971047047e-05,2.321084923584391e-05,2.3724010671961706e-05,221.3712108061622
1727620380.0,2.3724010671961706e-05,2.9450688682584577e-05,2.3724010671961706e-05,2.9450688682584577e-05,1203.4814668324148
1727620440.0,2.9450688682584577e-05,2.9450688682584577e-05,2.827381049942362e-05,2.827381049942362e-05,175.1299509463137
1727620500.0,2.827381049942362e-05,2.8541799876651188e-05,2.827381049942362e-05,2.8541799876651188e-05,54.9692688346867
1727620560.0,2.8541799876651188e-05,2.8759098644906625e-05,2.8386675126676625e-05,2.8386675126676625e-05,84.29994390300298
1727620620.0,2.8386675126676625e-05,2.8386675126676625e-05,2.8236890688052073e-05,2.8236890688052073e-05,2.0874215472247437
1727620680.0,2.8236890688052073e-05,2.8236890688052073e-05,2.8236890688052073e-05,2.8236890688052073e-05,0.0
1727620740.0,2.8236890688052073e-05,2.8236890688052073e-05,2.8151331628516168e-05,2.8151331628516168e-05,26.00419688627079
1727620800.0,2.8151331628516168e-05,2.8151331628516168e-05,2.8151331628516168e-05,2.8151331628516168e-05,0.0
1727620860.0,2.8151331628516168e-05,2.8151331628516168e-05,2.8151331628516168e-05,2.8151331628516168e-05,0.0
1727620920.0,2.8151331628516168e-05,2.845221149843351e-05,2.8151331628516168e-05,2.845221149843351e-05,78.5278018462747
1727620980.0,2.845221149843351e-05,2.845221149843351e-05,2.707678684062026e-05,2.707678684062026e-05,253.0091866690429
1727621040.0,2.707678684062026e-05,2.7248682889972808e-05,2.707678684062026e-05,2.7248682889972808e-05,31.097009531124783
1727621100.0,2.7248682889972808e-05,2.7248682889972808e-05,2.7158762396403218e-05,2.7158762396403218e-05,15.657148921750334
1727621160.0,2.7158762396403218e-05,2.7158762396403218e-05,2.7158762396403218e-05,2.7158762396403218e-05,0.0
1727621220.0,2.7158762396403218e-05,2.7406686757877225e-05,2.6727812099452064e-05,2.7406686757877225e-05,442.86166508142
1727621280.0,2.7406686757877225e-05,2.7406686757877225e-05,2.7406686757877225e-05,2.7406686757877225e-05,0.0
1727621340.0,2.7406686757877225e-05,2.8847180920682864e-05,2.7406686757877225e-05,2.871027240399837e-05,311.8036603833483
1727621400.0,2.871027240399837e-05,2.871027240399837e-05,2.871027240399837e-05,2.871027240399837e-05,0.0
1727621460.0,2.871027240399837e-05,2.871027240399837e-05,2.871027240399837e-05,2.871027240399837e-05,0.0
1727621520.0,2.871027240399837e-05,2.871027240399837e-05,2.871027240399837e-05,2.871027240399837e-05,0.0
1727621580.0,2.871027240399837e-05,2.871027240399837e-05,2.871027240399837e-05,2.871027240399837e-05,0.0
1727621640.0,2.871027240399837e-05,2.871027240399837e-05,2.807615957747672e-05,2.807615957747672e-05,53.093796866241185
1727621700.0,2.807615957747672e-05,2.807615957747672e-05,2.807615957747672e-05,2.807615957747672e-05,0.0
1727621760.0,2.807615957747672e-05,2.807615957747672e-05,2.807615957747672e-05,2.807615957747672e-05,0.0
1727621820.0,2.807615957747672e-05,2.807763353165612e-05,2.807615957747672e-05,2.807763353165612e-05,7.852424970363706
1727621880.0,2.807763353165612e-05,2.807763353165612e-05,2.7940060222044064e-05,2.7940060222044064e-05,6.9935109195719525
1727621940.0,2.7940060222044064e-05,2.853566348355584e-05,2.7940060222044064e-05,2.853566348355584e-05,157.04870870551625
1727622000.0,2.853566348355584e-05,2.941084186111705e-05,2.853566348355584e-05,2.941084186111705e-05,94.22941329150144
1727622060.0,2.941084186111705e-05,3.1127839178939685e-05,2.941084186111705e-05,3.1127839178939685e-05,282.52588712463097
1727622120.0,3.1127839178939685e-05,5.0753857993789894e-05,3.1127839178939685e-05,5.018632253797805e-05,2843.9241740315315
1727622180.0,5.018632253797805e-05,5.673549017022368e-05,4.993601857067341e-05,5.308100128903143e-05,2057.989393330341
1727622240.0,5.308100128903143e-05,5.424075386868916e-05,5.1847840322316336e-05,5.424075386868916e-05,632.3032549166363
1727622300.0,5.424075386868916e-05,5.5739938449310065e-05,4.2343833799569906e-05,4.32287806379536e-05,3118.772818854584
1727622360.0,4.32287806379536e-05,4.7117625445218806e-05,4.32287806379536e-05,4.7117625445218806e-05,483.55543562248585
1727622420.0,4.7117625445218806e-05,4.7869117058131375e-05,4.522860694850253e-05,4.522860694850253e-05,608.5194553947147
1727622480.0,4.522860694850253e-05,4.522860694850253e-05,3.593335838408493e-05,3.593335838408493e-05,2777.463706370192
1727622540.0,3.593335838408493e-05,4.9670449070753426e-05,3.593335838408493e-05,4.8911150895980864e-05,1293.3771741277783
1727622600.0,4.8911150895980864e-05,4.8911150895980864e-05,4.8120627679081386e-05,4.8403612132482985e-05,302.4599442634677
1727622660.0,4.8403612132482985e-05,4.917576080837954e-05,4.8403612132482985e-05,4.917576080837954e-05,36.06882799165432
1727622720.0,4.917576080837954e-05,5.307610936668461e-05,4.821591228293559e-05,5.307610936668461e-05,1063.1164201480794
1727622780.0,5.307610936668461e-05,5.307610936668461e-05,5.0199317480712006e-05,5.0199317480712006e-05,319.44489153786486
1727622840.0,5.0199317480712006e-05,5.0199317480712006e-05,5.0199317480712006e-05,5.0199317480712006e-05,0.0
1727622900.0,5.0199317480712006e-05,5.0199317480712006e-05,5.0199317480712006e-05,5.0199317480712006e-05,0.0
1727622960.0,5.0199317480712006e-05,5.0199317480712006e-05,5.0199317480712006e-05,5.0199317480712006e-05,0.0
1727623020.0,5.0199317480712006e-05,5.0199317480712006e-05,5.0199317480712006e-05,5.0199317480712006e-05,0.0
1727623080.0,5.0199317480712006e-05,5.0199317480712006e-05,5.0199317480712006e-05,5.0199317480712006e-05,0.0
1727623140.0,5.0199317480712006e-05,5.0199317480712006e-05,5.0199317480712006e-05,5.0199317480712006e-05,0.0
1727623200.0,5.0199317480712006e-05,5.0199317480712006e-05,5.0199317480712006e-05,5.0199317480712006e-05,0.0
1727623260.0,5.0199317480712006e-05,5.0199317480712006e-05,5.0199317480712006e-05,5.0199317480712006e-05,0.0
1727623320.0,5.0199317480712006e-05,5.0199317480712006e-05,5.0199317480712006e-05,5.0199317480712006e-05,0.0
1727623380.0,5.0199317480712006e-05,5.0199317480712006e-05,5.0199317480712006e-05,5.0199317480712006e-05,0.0
1727623440.0,5.0199317480712006e-05,5.0199317480712006e-05,5.0199317480712006e-05,5.0199317480712006e-05,0.0
1727623500.0,5.0199317480712006e-05,5.0199317480712006e-05,5.0199317480712006e-05,5.0199317480712006e-05,0.0
1727623560.0,5.0199317480712006e-05,5.0199317480712006e-05,4.4639255623439974e-05,4.4639255623439974e-05,703.0523025720942
1727623620.0,4.4639255623439974e-05,4.4639255623439974e-05,4.4639255623439974e-05,4.4639255623439974e-05,0.0
1727623680.0,4.4639255623439974e-05,4.4639255623439974e-05,4.4639255623439974e-05,4.4639255623439974e-05,0.0
1727623740.0,4.4639255623439974e-05,4.4639255623439974e-05,4.4639255623439974e-05,4.4639255623439974e-05,0.0
1727623800.0,4.4639255623439974e-05,4.4639255623439974e-05,4.4639255623439974e-05,4.4639255623439974e-05,0.0
1727623860.0,4.4639255623439974e-05,4.4639255623439974e-05,4.4639255623439974e-05,4.4639255623439974e-05,0.0
1727623920.0,4.4639255623439974e-05,4.4639255623439974e-05,4.4639255623439974e-05,4.4639255623439974e-05,0.0
1727623980.0,4.4639255623439974e-05,4.4639255623439974e-05,4.458498953435566e-05,4.458498953435566e-05,6.479773712834837
1727624040.0,4.458498953435566e-05,4.487723998916064e-05,4.458498953435566e-05,4.481511028377911e-05,16.202164228681347
1727624100.0,4.481511028377911e-05,4.481511028377911e-05,4.481511028377911e-05,4.481511028377911e-05,0.0
1727624160.0,4.481511028377911e-05,4.481511028377911e-05,4.481511028377911e-05,4.481511028377911e-05,0.0
1727624220.0,4.481511028377911e-05,4.481511028377911e-05,4.269381838560704e-05,4.269381838560704e-05,520.9475516672081
1727624280.0,4.269381838560704e-05,4.269381838560704e-05,3.982410928088987e-05,3.982410928088987e-05,177.42554041131254
1727624340.0,3.982410928088987e-05,3.982410928088987e-05,3.982410928088987e-05,3.982410928088987e-05,0.0
1727624400.0,3.982410928088987e-05,3.982410928088987e-05,3.982410928088987e-05,3.982410928088987e-05,0.0
1727624460.0,3.982410928088987e-05,3.982410928088987e-05,3.924644921691425e-05,3.924644921691425e-05,70.31373648058083
1727624520.0,3.924644921691425e-05,3.924644921691425e-05,3.924644921691425e-05,3.924644921691425e-05,0.0
1727624580.0,3.924644921691425e-05,3.924644921691425e-05,3.869957909048052e-05,3.869957909048052e-05,82.65981841263446
1727624640.0,3.869957909048052e-05,3.881693489613067e-05,3.869957909048052e-05,3.881693489613067e-05,62.2189214464849
1727624700.0,3.881693489613067e-05,3.9262114733268673e-05,3.878888516621762e-05,3.878888516621762e-05,171.08994465285423
1727624760.0,3.878888516621762e-05,3.886751984010452e-05,3.878888516621762e-05,3.886751984010452e-05,0.7439189432843636
1727624820.0,3.886751984010452e-05,3.886751984010452e-05,3.886751984010452e-05,3.886751984010452e-05,0.0
1727624880.0,3.886751984010452e-05,3.886751984010452e-05,3.886751984010452e-05,3.886751984010452e-05,0.0
1727624940.0,3.886751984010452e-05,3.915016903654851e-05,3.886751984010452e-05,3.915016903654851e-05,78.655712850267
1727625000.0,3.915016903654851e-05,3.921653574508107e-05,3.915016903654851e-05,3.921653574508107e-05,5.437281092404921
1727625060.0,3.921653574508107e-05,3.921653574508107e-05,3.9168605176972433e-05,3.9168605176972433e-05,7.856760905137268
1727625120.0,3.9168605176972433e-05,3.9168605176972433e-05,3.88258300592887e-05,3.88258300592887e-05,88.11136886081246
1727625180.0,3.88258300592887e-05,3.88258300592887e-05,3.850821983165634e-05,3.850821983165634e-05,2.1088538311200113
1727625240.0,3.850821983165634e-05,3.850821983165634e-05,3.850821983165634e-05,3.850821983165634e-05,0.0
1727625300.0,3.850821983165634e-05,3.850821983165634e-05,3.850821983165634e-05,3.850821983165634e-05,0.0
1727625360.0,3.850821983165634e-05,3.850821983165634e-05,3.7568155117739e-05,3.7568155117739e-05,262.977085824173
1727625420.0,3.7568155117739e-05,3.7568155117739e-05,3.624960168799708e-05,3.624960168799708e-05,117.45043311791476
1727625480.0,3.624960168799708e-05,3.624960168799708e-05,3.624960168799708e-05,3.624960168799708e-05,0.0
1727625540.0,3.624960168799708e-05,3.624960168799708e-05,3.624960168799708e-05,3.624960168799708e-05,0.0
1727625600.0,3.624960168799708e-05,3.624960168799708e-05,3.624960168799708e-05,3.624960168799708e-05,0.0
1727625660.0,3.624960168799708e-05,3.624960168799708e-05,3.624960168799708e-05,3.624960168799708e-05,0.0
1727625720.0,3.624960168799708e-05,3.624960168799708e-05,3.624960168799708e-05,3.624960168799708e-05,0.0
1727625780.0,3.624960168799708e-05,3.624960168799708e-05,3.624960168799708e-05,3.624960168799708e-05,0.0
1727625840.0,3.624960168799708e-05,3.634288309315391e-05,3.624960168799708e-05,3.634288309315391e-05,86.57393082521817
1727625900.0,3.634288309315391e-05,3.634288309315391e-05,3.634288309315391e-05,3.634288309315391e-05,0.0
1727625960.0,3.634288309315391e-05,3.6414286649183706e-05,3.634288309315391e-05,3.6414286649183706e-05,13.2263346493529
1727626020.0,3.6414286649183706e-05,3.6414286649183706e-05,3.6414286649183706e-05,3.6414286649183706e-05,0.0
1727626080.0,3.6414286649183706e-05,3.6414286649183706e-05,3.6414286649183706e-05,3.6414286649183706e-05,0.0
1727626140.0,3.6414286649183706e-05,3.6414286649183706e-05,3.6414286649183706e-05,3.6414286649183706e-05,0.0
1727626200.0,3.6414286649183706e-05,3.6414286649183706e-05,3.6414286649183706e-05,3.6414286649183706e-05,0.0
1727626260.0,3.6414286649183706e-05,3.6414286649183706e-05,3.623198465731964e-05,3.623198465731964e-05,38.6638047646777
1727626320.0,3.623198465731964e-05,3.623198465731964e-05,3.079926938307676e-05,3.079926938307676e-05,1373.8490283938108
1727626380.0,3.079926938307676e-05,3.079926938307676e-05,3.079926938307676e-05,3.079926938307676e-05,0.0
1727626440.0,3.079926938307676e-05,3.079926938307676e-05,3.029425884636619e-05,3.029425884636619e-05,31.13067293176235
1727626500.0,3.029425884636619e-05,3.029425884636619e-05,3.029425884636619e-05,3.029425884636619e-05,0.0
1727626560.0,3.029425884636619e-05,3.029425884636619e-05,3.029425884636619e-05,3.029425884636619e-05,0.0
1727626620.0,3.029425884636619e-05,3.029425884636619e-05,3.029425884636619e-05,3.029425884636619e-05,0.0
1727626680.0,3.029425884636619e-05,3.029425884636619e-05,3.029425884636619e-05,3.029425884636619e-05,0.0
1727626740.0,3.029425884636619e-05,3.029425884636619e-05,3.029425884636619e-05,3.029425884636619e-05,0.0
1727626800.0,3.029425884636619e-05,3.029425884636619e-05,3.0243795599563425e-05,3.0243795599563425e-05,3.5662476049248006
1727626860.0,3.0243795599563425e-05,3.0243795599563425e-05,3.0243795599563425e-05,3.0243795599563425e-05,0.0
1727626920.0,3.0243795599563425e-05,3.0385194562847375e-05,3.0243795599563425e-05,3.0385194562847375e-05,0.2721283288229248
1727626980.0,3.0385194562847375e-05,3.03869832552872e-05,3.0385194562847375e-05,3.03869832552872e-05,0.4058185080159584
1727627040.0,3.03869832552872e-05,3.038731911280203e-05,3.0233724622147347e-05,3.0233724622147347e-05,0.4777987164062013
1727627100.0,3.0233724622147347e-05,3.0385954449333012e-05,3.023290862995875e-05,3.023290862995875e-05,0.6241385778528997
1727627160.0,3.023290862995875e-05,3.023290862995875e-05,3.023157160420364e-05,3.023157160420364e-05,0.2441280907426384
1727627220.0,3.023157160420364e-05,3.023157160420364e-05,3.023157160420364e-05,3.023157160420364e-05,0.0
1727627280.0,3.023157160420364e-05,3.023157160420364e-05,3.023157160420364e-05,3.023157160420364e-05,0.0
1727627340.0,3.023157160420364e-05,3.023157160420364e-05,3.0206694414978948e-05,3.0206694414978948e-05,5.476344113646692
1727627400.0,3.0206694414978948e-05,3.0206694414978948e-05,3.0206694414978948e-05,3.0206694414978948e-05,0.0
1727627460.0,3.0206694414978948e-05,3.0416239221169317e-05,3.0206694414978948e-05,3.0416239221169317e-05,31.426327261055768
1727627520.0,3.0416239221169317e-05,3.18331688032729e-05,3.0416239221169317e-05,3.18331688032729e-05,417.1842382960702
1727627580.0,3.18331688032729e-05,3.555348811130686e-05,3.18331688032729e-05,3.555348811130686e-05,1044.159030138018
1727627640.0,3.555348811130686e-05,3.68922197214763e-05,3.555348811130686e-05,3.68922197214763e-05,115.55412855550892
1727627700.0,3.68922197214763e-05,3.68922197214763e-05,3.68922197214763e-05,3.68922197214763e-05,0.0
1727627760.0,3.68922197214763e-05,3.700486141248744e-05,3.648304278332997e-05,3.700486141248744e-05,102.49174741613976
1727627820.0,3.700486141248744e-05,3.736594806053249e-05,3.700486141248744e-05,3.736594806053249e-05,3.012865581999935
1727627880.0,3.736594806053249e-05,3.8711058712187255e-05,3.736594806053249e-05,3.816962823764969e-05,404.7603270772464
1727627940.0,3.816962823764969e-05,3.816962823764969e-05,3.568752190806664e-05,3.568752190806664e-05,531.0842928619758
1727628000.0,3.568752190806664e-05,3.568752190806664e-05,3.3465094447716e-05,3.3465094447716e-05,127.22314462644592
1727628060.0,3.3465094447716e-05,3.3465094447716e-05,3.079592367072648e-05,3.079592367072648e-05,654.2097097629044
1727628120.0,3.079592367072648e-05,3.079592367072648e-05,2.870648531279692e-05,2.870648531279692e-05,64.6969732045471
1727628180.0,2.870648531279692e-05,2.870648531279692e-05,2.833311932946261e-05,2.833311932946261e-05,57.5011405973583
1727628240.0,2.833311932946261e-05,2.833311932946261e-05,2.833311932946261e-05,2.833311932946261e-05,0.0
1727628300.0,2.833311932946261e-05,2.833311932946261e-05,2.812420420955087e-05,2.83268475931652e-05,41.90446442907826
1727628360.0,2.83268475931652e-05,2.8469716129117145e-05,2.83268475931652e-05,2.8346311879876528e-05,25.254210098985787
1727628420.0,2.8346311879876528e-05,2.8346311879876528e-05,2.831330421493852e-05,2.831330421493852e-05,1.2841695602329837
1727628480.0,2.831330421493852e-05,2.831330421493852e-05,2.831330421493852e-05,2.831330421493852e-05,0.0
1727628540.0,2.831330421493852e-05,2.85704098750343e-05,2.831330421493852e-05,2.85704098750343e-05,36.1428125240759
1727628600.0,2.85704098750343e-05,2.85704098750343e-05,2.85704098750343e-05,2.85704098750343e-05,0.0
1727628660.0,2.85704098750343e-05,2.85704098750343e-05,2.85704098750343e-05,2.85704098750343e-05,0.0
1727628720.0,2.85704098750343e-05,2.85704098750343e-05,2.85704098750343e-05,2.85704098750343e-05,0.0
1727628780.0,2.85704098750343e-05,2.85704098750343e-05,2.85704098750343e-05,2.85704098750343e-05,0.0
1727628840.0,2.85704098750343e-05,2.85704098750343e-05,2.85704098750343e-05,2.85704098750343e-05,0.0
1727628900.0,2.85704098750343e-05,2.85704098750343e-05,2.85704098750343e-05,2.85704098750343e-05,0.0
1727628960.0,2.85704098750343e-05,2.85704098750343e-05,2.85704098750343e-05,2.85704098750343e-05,0.0
1727629020.0,2.85704098750343e-05,2.85704098750343e-05,2.826489689629352e-05,2.826489689629352e-05,89.9112696969732
1727629080.0,2.826489689629352e-05,2.826489689629352e-05,2.6300748143425536e-05,2.6300748143425536e-05,559.586967619052
1727629140.0,2.6300748143425536e-05,2.6300748143425536e-05,2.400601361181843e-05,2.400601361181843e-05,187.870578696262
1727629200.0,2.400601361181843e-05,2.400601361181843e-05,2.400601361181843e-05,2.400601361181843e-05,0.0
1727629260.0,2.400601361181843e-05,2.400601361181843e-05,2.400601361181843e-05,2.400601361181843e-05,0.0
