0,1,2,3,4,5
1733641440,2.35313061011179e-05,2.35614922843553e-05,2.35313061011179e-05,2.35614922843553e-05,1.19075
1733641200,2.33424836831122e-05,2.35313061011179e-05,2.33424836831122e-05,2.35313061011179e-05,16.6782
1733639100,2.33592627159417e-05,2.33592627159417e-05,2.33424836831122e-05,2.33424836831122e-05,2.58622632898
1733638620,2.33629169732687e-05,2.33629169732687e-05,2.33592627159417e-05,2.33592627159417e-05,26.1129
1733636460,2.39385009198542e-05,2.39385009198542e-05,2.33629169732687e-05,2.33629169732687e-05,58.13248293153
1733636340,2.42306905917069e-05,2.42306905917069e-05,2.39385009198542e-05,2.39385009198542e-05,188.72515485684
1733636040,2.31048110180047e-05,2.42306905917069e-05,2.31048110180047e-05,2.42306905917069e-05,117.998415
1733635740,2.20964245587623e-05,2.31048110180047e-05,2.20964245587623e-05,2.31048110180047e-05,346.57216527007
1733635560,2.13166899115e-05,2.20964245587623e-05,2.13166899115e-05,2.20964245587623e-05,118.94
1733635440,1.99678155532787e-05,2.13166899115e-05,1.99678155532787e-05,2.13166899115e-05,374.525613
1733635380,1.94849122217034e-05,2.0472597088775e-05,1.94849122217034e-05,1.99678155532787e-05,356.51836462755
1733635320,1.91629627867691e-05,1.94849122217034e-05,1.91629627867691e-05,1.94849122217034e-05,118.057905
1733634960,1.90581159017898e-05,1.91629627867691e-05,1.90581159017898e-05,1.91629627867691e-05,47.682
1733634780,1.90100174524362e-05,1.90581159017898e-05,1.90100174524362e-05,1.90581159017898e-05,2.3839
1733634600,1.88623513005768e-05,1.90100174524362e-05,1.88623513005768e-05,1.90100174524362e-05,28.6308
1733634180,1.87471820465577e-05,1.88623513005768e-05,1.87471820465577e-05,1.88623513005768e-05,47.742
1733633940,1.87267882496856e-05,1.87471820465577e-05,1.87267882496856e-05,1.87471820465577e-05,23.911
1733633760,1.8433134662316e-05,1.87267882496856e-05,1.8433134662316e-05,1.87267882496856e-05,48.17674503828
1733633160,1.84846981177552e-05,1.85297549244779e-05,1.8433134662316e-05,1.8433134662316e-05,8.5219057139
1733632740,1.8604421806447e-05,1.8604421806447e-05,1.84846981177552e-05,1.84846981177552e-05,5.75142949906
1733631060,1.86347681486306e-05,1.86347681486306e-05,1.8604421806447e-05,1.8604421806447e-05,11.43805744744
1733630280,1.86886837388207e-05,1.86886837388207e-05,1.86347681486306e-05,1.86347681486306e-05,3.89867195991
1733630220,1.85374623033881e-05,1.86886837388207e-05,1.85374623033881e-05,1.86886837388207e-05,24.089
1733629560,1.85466465024774e-05,1.85466465024774e-05,1.85374623033881e-05,1.85374623033881e-05,0.36479762592
1733629440,1.85526273906575e-05,1.85526273906575e-05,1.85466465024774e-05,1.85466465024774e-05,1.50410159753
1733628240,1.85767490950608e-05,1.85767490950608e-05,1.85526273906575e-05,1.85526273906575e-05,0.6889475714
1733627820,1.86178309866033e-05,1.86178309866033e-05,1.85767490950608e-05,1.85767490950608e-05,6.64365543299
1733627700,1.86632029862475e-05,1.86632029862475e-05,1.86178309866033e-05,1.86178309866033e-05,11.17819246732
1733627400,1.87497143039959e-05,1.87497143039959e-05,1.86632029862475e-05,1.86632029862475e-05,1.44129321378
1733627100,1.86142569778722e-05,1.87497143039959e-05,1.86142569778722e-05,1.87497143039959e-05,14.4804
1733626860,1.8809485534232e-05,1.8809485534232e-05,1.86142569778722e-05,1.86142569778722e-05,2.55922816622
1733625720,1.98826309102735e-05,1.98826309102735e-05,1.8809485534232e-05,1.8809485534232e-05,107.26768066935
1733625540,2.07725850819407e-05,2.07725850819407e-05,1.98826309102735e-05,1.98826309102735e-05,407.6708353991
1733625360,2.080797901081e-05,2.080797901081e-05,2.07725850819407e-05,2.07725850819407e-05,13.90849043584
1733625300,2.08251263558895e-05,2.08251263558895e-05,2.080797901081e-05,2.080797901081e-05,2.60541112986
1733625180,2.09477220820961e-05,2.09477220820961e-05,2.08251263558895e-05,2.08251263558895e-05,0.16954818654
1733625120,2.11090587307469e-05,2.11090587307469e-05,2.09477220820961e-05,2.09477220820961e-05,53.6638588066
1733624880,2.11897831478347e-05,2.11897831478347e-05,2.10443344595e-05,2.11090587307469e-05,29.9583866913
1733624460,2.12011235586355e-05,2.12011235586355e-05,2.11897831478347e-05,2.11897831478347e-05,33.38786582856
1733623740,2.12221454878763e-05,2.12221454878763e-05,2.12011235586355e-05,2.12011235586355e-05,1.60942792752
1733623680,2.12249786315474e-05,2.12249786315474e-05,2.12221454878763e-05,2.12221454878763e-05,8.4670397936
1733623560,2.12250832960488e-05,2.12250832960488e-05,2.12249786315474e-05,2.12249786315474e-05,0.19073335464
1733623500,2.12387386379446e-05,2.12387386379446e-05,2.12250832960488e-05,2.12250832960488e-05,2.70442476078
1733623320,2.14480153071584e-05,2.14480153071584e-05,2.12387386379446e-05,2.12387386379446e-05,0.31714841215
1733622780,2.16996101080527e-05,2.16996101080527e-05,2.14480153071584e-05,2.14480153071584e-05,96.60910641921
1733622540,2.16930468263554e-05,2.16996101080527e-05,2.16930468263554e-05,2.16996101080527e-05,16.4022533906
1733621760,2.17329558944785e-05,2.17329558944785e-05,2.16930468263554e-05,2.16930468263554e-05,1.2635729926
1733621700,2.17890262831237e-05,2.17890262831237e-05,2.17329558944785e-05,2.17329558944785e-05,5.31600747975
1733621400,2.18088225095198e-05,2.18088225095198e-05,2.17890262831237e-05,2.17890262831237e-05,3.23026665674
1733621280,2.18238921344075e-05,2.18238921344075e-05,2.18088225095198e-05,2.18088225095198e-05,1.63238150448
1733621220,2.18275497269535e-05,2.18275497269535e-05,2.18238921344075e-05,2.18238921344075e-05,3.14167287175
1733620140,2.22347239276589e-05,2.22347239276589e-05,2.18275497269535e-05,2.18275497269535e-05,11.1241444265
1733619180,2.26669717256098e-05,2.26669717256098e-05,2.22347239276589e-05,2.22347239276589e-05,187.54583742324
1733618940,2.25448998090829e-05,2.26669717256098e-05,2.25448998090829e-05,2.26669717256098e-05,11.3247431388
1733618760,2.21759936985185e-05,2.25448998090829e-05,2.21759936985185e-05,2.25448998090829e-05,119.55
1733618580,2.21905622074242e-05,2.21905622074242e-05,2.21759936985185e-05,2.21759936985185e-05,5.06402257725
1733617800,2.21750842366128e-05,2.21905622074242e-05,2.21750842366128e-05,2.21905622074242e-05,7.32288552845
1733617020,2.2430584368432e-05,2.2430584368432e-05,2.21750842366128e-05,2.21750842366128e-05,4.93206301017
1733616840,2.44945297042982e-05,2.44945297042982e-05,2.2430584368432e-05,2.2430584368432e-05,112.15292184216
1733616420,2.65835364824192e-05,2.65835364824192e-05,2.44945297042982e-05,2.44945297042982e-05,785.58938084352
1733615760,2.68744958544568e-05,2.68744958544568e-05,2.65835364824192e-05,2.65835364824192e-05,76.5784719414
1733615640,2.7227722775612e-05,2.7227722775612e-05,2.68744958544568e-05,2.68744958544568e-05,27.80614568241
1733615520,2.75479254261567e-05,2.75479254261567e-05,2.7227722775612e-05,2.7227722775612e-05,111.12764006316
1733615160,2.76912457133253e-05,2.76912457133253e-05,2.75479254261567e-05,2.75479254261567e-05,8.5650168319
1733614860,2.76281699009188e-05,2.76912457133253e-05,2.76281699009188e-05,2.76912457133253e-05,23.74218
1733614560,2.76614771868133e-05,2.76614771868133e-05,2.76281699009188e-05,2.76281699009188e-05,30.38389400859
1733614080,3.56860303726688e-05,3.56860303726688e-05,2.76614771868133e-05,2.76614771868133e-05,6.78779837022
1733614020,2.73641630922e-05,3.56860303726688e-05,2.73641630922e-05,3.56860303726688e-05,3084.48815879721
1733613420,2.75321072443335e-05,2.75321072443335e-05,2.73641630922e-05,2.73641630922e-05,10.94566523688
1733613300,2.76420271428885e-05,2.76420271428885e-05,2.75321072443335e-05,2.75321072443335e-05,47.22926129595
1733612640,2.78159319117364e-05,2.78159319117364e-05,2.76420271428885e-05,2.76420271428885e-05,6.8707612932
1733612220,2.79994080740611e-05,2.79994080740611e-05,2.78159319117364e-05,2.78159319117364e-05,30.53790568244
1733612160,2.831585753824e-05,2.831585753824e-05,2.79994080740611e-05,2.79994080740611e-05,69.9351699244
1733612100,2.84505812662151e-05,2.84505812662151e-05,2.831585753824e-05,2.831585753824e-05,28.31585753824
1733611920,2.86852435198983e-05,2.86852435198983e-05,2.84505812662151e-05,2.84505812662151e-05,23.89952475036
1733611020,2.82628236592843e-05,2.86852435198983e-05,2.82628236592843e-05,2.86852435198983e-05,75.23894
1733610780,2.85748939801871e-05,2.85748939801871e-05,2.82628236592843e-05,2.82628236592843e-05,26.4923296659
1733610300,2.87884252328823e-05,2.87884252328823e-05,2.85748939801871e-05,2.85748939801871e-05,76.8687232496
1733610120,2.84677710782147e-05,2.87884252328823e-05,2.84677710782147e-05,2.87884252328823e-05,123.063
1733610060,2.42438664943136e-05,2.84677710782147e-05,2.42438664943136e-05,2.84677710782147e-05,867.23633
1733609700,2.42779478023755e-05,2.42779478023755e-05,2.42438664943136e-05,2.42438664943136e-05,10.0191354284
1733609460,2.44520013110396e-05,2.44520013110396e-05,2.42779478023755e-05,2.42779478023755e-05,2.11572720057
1733609160,2.50838820346955e-05,2.50838820346955e-05,2.44520013110396e-05,2.44520013110396e-05,171.98555615604
1733608920,2.48702863921124e-05,2.50838820346955e-05,2.48702863921124e-05,2.50838820346955e-05,46.4346062752
1733608860,2.48599471128582e-05,2.48702863921124e-05,2.48599471128582e-05,2.48702863921124e-05,8.981226207
1733608200,2.47455949630129e-05,2.4929470148055e-05,2.47455949630129e-05,2.48599471128582e-05,33.58268797464
1733608080,2.48019322436663e-05,2.48019322436663e-05,2.47455949630129e-05,2.47455949630129e-05,4.77738677975
1733607600,2.48798358716561e-05,2.48798358716561e-05,2.48019322436663e-05,2.48019322436663e-05,25.84394630444
1733607360,2.50981139538103e-05,2.50981139538103e-05,2.48798358716561e-05,2.48798358716561e-05,0.36941334584
1733605860,2.49616155789108e-05,2.50981139538103e-05,2.49498808868935e-05,2.50981139538103e-05,11.04496943547
1733605800,2.50476895338164e-05,2.50476895338164e-05,2.49616155789108e-05,2.49616155789108e-05,3.94209047232
1733605380,2.54137393611489e-05,2.54137393611489e-05,2.50476895338164e-05,2.50476895338164e-05,64.7500980735
1733605020,2.56126169534744e-05,2.56126169534744e-05,2.54137393611489e-05,2.54137393611489e-05,94.3515808343
1733604000,2.57687732057367e-05,2.57687732057367e-05,2.56126169534744e-05,2.56126169534744e-05,0.47662710927
1733603880,2.60502253050128e-05,2.60502253050128e-05,2.57687732057367e-05,2.57687732057367e-05,65.49087854
1733603460,2.62118587380115e-05,2.62118587380115e-05,2.60502253050128e-05,2.60502253050128e-05,12.081
1733602980,2.65199239074844e-05,2.65199239074844e-05,2.62118587380115e-05,2.62118587380115e-05,108.03347041186
1733602380,2.65221062300958e-05,2.65221062300958e-05,2.65199239074844e-05,2.65199239074844e-05,0.93374450967
1733602020,2.64946049120984e-05,2.65221062300958e-05,2.64946049120984e-05,2.65221062300958e-05,4.9416084975
1733601840,2.64846106647792e-05,2.64946049120984e-05,2.64846106647792e-05,2.64946049120984e-05,2.24401355224
1733601660,2.65828944464987e-05,2.65828944464987e-05,2.64846106647792e-05,2.64846106647792e-05,8.55545413312
1733601540,2.63844219224168e-05,2.65828944464987e-05,2.63844219224168e-05,2.65828944464987e-05,24.179
1733601420,2.66447453169938e-05,2.66447453169938e-05,2.63844219224168e-05,2.63844219224168e-05,2.28762139463
1733601240,2.69526111159401e-05,2.69526111159401e-05,2.66447453169938e-05,2.66447453169938e-05,109.00445951766
1733600880,2.71960502214921e-05,2.71960502214921e-05,2.69526111159401e-05,2.69526111159401e-05,35.2231906215
1733600760,2.73581390725742e-05,2.73581390725742e-05,2.71960502214921e-05,2.71960502214921e-05,51.88717067094
1733600580,2.72489984788017e-05,2.73581390725742e-05,2.71706668603638e-05,2.73581390725742e-05,22.57708174264
1733600460,2.71606847896394e-05,2.72489984788017e-05,2.70696268906254e-05,2.72489984788017e-05,25.60905352296
1733600340,2.909583583729e-05,2.909583583729e-05,2.71606847896394e-05,2.71606847896394e-05,405.1883764732
1733600160,2.9182388149235e-05,2.92437009843112e-05,2.909583583729e-05,2.909583583729e-05,2.39170369714
1733599920,2.92462184156708e-05,2.92462184156708e-05,2.9182388149235e-05,2.9182388149235e-05,1.70374907154
1733599860,3.30777086914518e-05,3.30777086914518e-05,2.92462184156708e-05,2.92462184156708e-05,694.21453991932
1733599800,3.32427476968643e-05,3.32427476968643e-05,3.30777086914518e-05,3.30777086914518e-05,71.62786633065
1733599740,3.30465757405593e-05,3.32427476968643e-05,3.30465757405593e-05,3.32427476968643e-05,71.98524875787
1733599680,3.32598645040467e-05,3.32598645040467e-05,3.30465757405593e-05,3.30465757405593e-05,61.44667715197
1733599380,3.34216681061951e-05,3.34458045272618e-05,3.32598645040467e-05,3.32598645040467e-05,16.68027150636
1733599260,3.38357232698687e-05,3.38357232698687e-05,3.33917086925139e-05,3.34216681061951e-05,57.57074914042
1733599200,3.61237663504946e-05,3.61237663504946e-05,3.36141569007379e-05,3.38357232698687e-05,252.47667101351
1733599140,4.33851588622464e-05,4.59424825183621e-05,3.61237663504946e-05,3.61237663504946e-05,2362.6322639276
1733599080,3.52471987631761e-05,4.33851588622464e-05,3.52471987631761e-05,4.33851588622464e-05,949.50796355016
1733599020,3.37164941626874e-05,3.52471987631761e-05,3.32689664281972e-05,3.52471987631761e-05,776.6593661221
1733598900,3.40806299104396e-05,3.40806299104396e-05,3.37164941626874e-05,3.37164941626874e-05,107.98998718784
1733598480,3.43122613185516e-05,3.43122613185516e-05,3.40806299104396e-05,3.40806299104396e-05,18.32507016717
1733598300,3.46470793553802e-05,3.46470793553802e-05,3.43122613185516e-05,3.43122613185516e-05,9.6988
1733598240,3.46646841655289e-05,3.46646841655289e-05,3.46470793553802e-05,3.46470793553802e-05,7.83547631175
1733598060,3.53763078643412e-05,3.53763078643412e-05,3.46646841655289e-05,3.46646841655289e-05,2.15951517752
1733598000,3.61365432515367e-05,3.61365432515367e-05,3.53763078643412e-05,3.53763078643412e-05,253.85013967148
1733597760,3.66225322811825e-05,3.66225322811825e-05,3.61365432515367e-05,3.61365432515367e-05,11.18235059746
1733597700,3.71344292336443e-05,3.71344292336443e-05,3.66225322811825e-05,3.66225322811825e-05,149.66907244324
1733597220,3.68083415722693e-05,3.71344292336443e-05,3.68083415722693e-05,3.71344292336443e-05,24.01047
1733597040,3.65833792832199e-05,3.68083415722693e-05,3.65833792832199e-05,3.68083415722693e-05,70.2264
1733596620,3.68039056605681e-05,3.68039056605681e-05,3.65833792832199e-05,3.65833792832199e-05,67.56768060861
1733596500,3.70266988159552e-05,3.70266988159552e-05,3.68039056605681e-05,3.68039056605681e-05,35.08241353367
1733596440,3.70764683408206e-05,3.70764683408206e-05,3.70266988159552e-05,3.70266988159552e-05,11.31795713185
1733596380,3.76835665042094e-05,3.76835665042094e-05,3.70764683408206e-05,3.70764683408206e-05,50.6973695954
1733596320,3.81947745943215e-05,3.81947745943215e-05,3.76835665042094e-05,3.76835665042094e-05,133.55538472362
1733596200,3.84276561940033e-05,3.84276561940033e-05,3.81947745943215e-05,3.81947745943215e-05,37.88703653272
1733595900,3.86667474676503e-05,3.86667474676503e-05,3.84276561940033e-05,3.84276561940033e-05,37.8710865334
1733595780,3.8728742008473e-05,3.8728742008473e-05,3.85174152995817e-05,3.86667474676503e-05,19.79618097106
1733595540,3.85666126405536e-05,3.8728742008473e-05,3.85666126405536e-05,3.8728742008473e-05,10.69159958655
1733595240,3.86739102915069e-05,3.87905413721423e-05,3.85666126405536e-05,3.85666126405536e-05,37.76861972595
1733595180,3.89387968222259e-05,3.89387968222259e-05,3.86739102915069e-05,3.86739102915069e-05,48.17604305518
1733595060,3.88228802593167e-05,3.89387968222259e-05,3.88228802593167e-05,3.89387968222259e-05,12.0495
1733595000,3.85546795980759e-05,3.88228802593167e-05,3.85546795980759e-05,3.88228802593167e-05,24.093
1733594880,3.82069747413376e-05,3.85546795980759e-05,3.82069747413376e-05,3.85546795980759e-05,71.6884245
1733594640,3.83277219130134e-05,3.83277219130134e-05,3.82069747413376e-05,3.82069747413376e-05,6.1079966706
1733594520,3.83374704796607e-05,3.83374704796607e-05,3.83277219130134e-05,3.83277219130134e-05,23.86989
1733594460,4.12934235447279e-05,4.12934235447279e-05,3.83374704796607e-05,3.83374704796607e-05,552.14930405742
1733594400,4.16933081312919e-05,4.16933081312919e-05,4.12934235447279e-05,4.12934235447279e-05,0.0015255947
1733594340,4.19871622742136e-05,4.19871622742136e-05,4.16933081312919e-05,4.16933081312919e-05,249.0932372051
1733594280,4.17473117167392e-05,4.19871622742136e-05,4.17473117167392e-05,4.19871622742136e-05,205.87821831338
1733594160,4.41707250153824e-05,4.41707250153824e-05,4.17473117167392e-05,4.17473117167392e-05,750.70046095776
1733594100,4.45078617649471e-05,4.45078617649471e-05,4.41707250153824e-05,4.41707250153824e-05,24.91605976204
1733593980,4.18388669786318e-05,4.46698928145853e-05,4.18388669786318e-05,4.45078617649471e-05,307.46644072018
1733593920,3.99038519835099e-05,4.30013856013516e-05,3.99038519835099e-05,4.18388669786318e-05,591.47857164346
1733593860,3.8413156296445e-05,3.99038519835099e-05,3.8413156296445e-05,3.99038519835099e-05,284.53844695125
1733593800,3.79275134356299e-05,3.8413156296445e-05,3.79275134356299e-05,3.8413156296445e-05,48.26
1733593740,3.73817449547611e-05,3.79275134356299e-05,3.73817449547611e-05,3.79275134356299e-05,120.17694
1733593620,3.84675879374881e-05,3.84675879374881e-05,3.73817449547611e-05,3.73817449547611e-05,113.04266333827
1733593560,3.98389401268829e-05,3.98389401268829e-05,3.84675879374881e-05,3.84675879374881e-05,299.84418751856
1733593500,3.95735586025452e-05,3.98389401268829e-05,3.95735586025452e-05,3.98389401268829e-05,36.141
1733593440,3.98178240071864e-05,3.98178240071864e-05,3.95735586025452e-05,3.95735586025452e-05,13.56677627424
1733593320,3.95276958973637e-05,3.98178240071864e-05,3.95276958973637e-05,3.98178240071864e-05,25.78899882892
1733593260,3.96473312854761e-05,3.96473312854761e-05,3.95276958973637e-05,3.95276958973637e-05,4.65591678462
1733593140,3.98754159013853e-05,3.99586807703306e-05,3.96473312854761e-05,3.96473312854761e-05,57.50555385176
1733593080,3.97832869829576e-05,3.98754159013853e-05,3.97832869829576e-05,3.98754159013853e-05,23.87187
1733593020,3.96646280306927e-05,3.97832869829576e-05,3.96646280306927e-05,3.97832869829576e-05,54.2665821555
1733592840,3.91231134369653e-05,3.96646280306927e-05,3.91231134369653e-05,3.96646280306927e-05,169.16195542194
1733592660,3.87630867680429e-05,3.91231134369653e-05,3.87630867680429e-05,3.91231134369653e-05,37.13563435993
1733592540,3.80976250076686e-05,3.87630867680429e-05,3.80976250076686e-05,3.87630867680429e-05,279.97280194144
1733592480,4.15997229728015e-05,4.15997229728015e-05,3.76104480167756e-05,3.80976250076686e-05,70.64040481444
1733592420,4.66466432555633e-05,4.66466432555633e-05,4.15997229728015e-05,4.15997229728015e-05,1392.73245316674
1733592360,4.68747716059e-05,4.77034731920045e-05,4.66466432555633e-05,4.66466432555633e-05,265.95324187395
1733592300,4.64635989648239e-05,4.68747716059e-05,4.64635989648239e-05,4.68747716059e-05,238.9266
1733592180,4.75383777746793e-05,4.75383777746793e-05,4.64635989648239e-05,4.64635989648239e-05,238.69451273196
1733592000,4.75743103071959e-05,4.75743103071959e-05,4.72983907274034e-05,4.75383777746793e-05,23.03099850058
1733591940,4.71250450862725e-05,4.75743103071959e-05,4.71250450862725e-05,4.75743103071959e-05,37.82205198
1733591880,4.70442711600443e-05,4.71250450862725e-05,4.70442711600443e-05,4.71250450862725e-05,7.81747822485
1733591700,4.60386702370559e-05,4.70442711600443e-05,4.60386702370559e-05,4.70442711600443e-05,120.62
1733591580,4.51924005726048e-05,4.60386702370559e-05,4.51924005726048e-05,4.60386702370559e-05,193.008
1733591460,4.52870783313049e-05,4.52870783313049e-05,4.51924005726048e-05,4.51924005726048e-05,1.80537371844
1733591400,4.53604923856624e-05,4.55776754601197e-05,4.52870783313049e-05,4.52870783313049e-05,33.86546622428
1733591340,4.53903052981345e-05,4.53903052981345e-05,4.53604923856624e-05,4.53604923856624e-05,2.54979161162
1733591220,4.8677215825989e-05,4.8677215825989e-05,4.53903052981345e-05,4.53903052981345e-05,63.12234375696
1733591160,4.53492756104133e-05,5.31312978683815e-05,4.53492756104133e-05,4.8677215825989e-05,2526.77547404642
1733591100,4.65063937080999e-05,4.65063937080999e-05,4.53492756104133e-05,4.53492756104133e-05,281.95706577095
1733591040,4.81874124135223e-05,4.81874124135223e-05,4.65063937080999e-05,4.65063937080999e-05,242.00115463296
1733590980,5.00597624952826e-05,5.00597624952826e-05,4.81874124135223e-05,4.81874124135223e-05,59.23850630985
1733590920,5.3322318551554e-05,5.3322318551554e-05,5.00597624952826e-05,5.00597624952826e-05,530.53386449345
1733590680,5.47495795104157e-05,5.47495795104157e-05,5.3322318551554e-05,5.3322318551554e-05,413.47167076425
1733590560,5.53868167536456e-05,5.53868167536456e-05,5.47495795104157e-05,5.47495795104157e-05,35.9715246337
1733590500,5.58378065668336e-05,5.58378065668336e-05,5.53868167536456e-05,5.53868167536456e-05,123.6322661696
1733590440,5.59388341845995e-05,6.49880264623485e-05,5.58378065668336e-05,5.58378065668336e-05,2893.67443082675
1733590380,5.77032279741558e-05,5.77032279741558e-05,5.59388341845995e-05,5.59388341845995e-05,499.68277976565
1733590320,5.68475311710022e-05,5.81804960892931e-05,5.68475311710022e-05,5.77032279741558e-05,303.99387154518
1733590260,5.47836745343963e-05,5.68475311710022e-05,5.47836745343963e-05,5.68475311710022e-05,301.33237195761
1733590140,5.55707387655111e-05,5.55707387655111e-05,5.47836745343963e-05,5.47836745343963e-05,9.81957057045
1733590080,5.7616396841239e-05,5.7616396841239e-05,5.55707387655111e-05,5.55707387655111e-05,222.55262790134
1733589840,5.78440348910245e-05,5.78440348910245e-05,5.7616396841239e-05,5.7616396841239e-05,4.7531406062
1733589780,5.99839372424908e-05,5.99839372424908e-05,5.78440348910245e-05,5.78440348910245e-05,72.71339751305
1733589720,6.58151979598302e-05,6.73091454326117e-05,5.99839372424908e-05,5.99839372424908e-05,1227.1683005859
1733589660,6.4897345044e-05,6.58151979598302e-05,6.44796640492662e-05,6.58151979598302e-05,463.8438833244
1733589600,6.5367509553062e-05,6.5367509553062e-05,6.4897345044e-05,6.4897345044e-05,64.08663555294
1733589540,7.921736374818e-05,7.921736374818e-05,6.5367509553062e-05,6.5367509553062e-05,1669.9420619441
1733589480,8.54786593090628e-05,8.54786593090628e-05,7.921736374818e-05,7.921736374818e-05,670.88047261778
1733589420,8.46126155954543e-05,8.54786593090628e-05,8.46126155954543e-05,8.54786593090628e-05,97.69861185782
1733589360,8.36556776489616e-05,8.46126155954543e-05,8.36556776489616e-05,8.46126155954543e-05,206.056
1733589300,8.5307494012107e-05,8.54509605337515e-05,8.03278698270945e-05,8.36556776489616e-05,1107.96806488165
1733589180,8.56200769210683e-05,8.56200769210683e-05,8.5307494012107e-05,8.5307494012107e-05,62.2166284476
1733589120,8.40073428605072e-05,8.56200769210683e-05,8.40073428605072e-05,8.56200769210683e-05,6.84090708272
1733589060,8.03268940166543e-05,8.40073428605072e-05,8.03268940166543e-05,8.40073428605072e-05,671.804
1733589000,8.0456999315869e-05,8.0456999315869e-05,8.00157068123669e-05,8.03268940166543e-05,26.0393262753
1733588940,7.09561575271662e-05,8.0456999315869e-05,7.09561575271662e-05,8.0456999315869e-05,997.7332462405
1733588880,7.31237418601392e-05,7.39038391587582e-05,6.99149225452306e-05,7.09561575271662e-05,1131.72905017534
1733588820,7.38225856823158e-05,7.38225856823158e-05,7.31237418601392e-05,7.31237418601392e-05,87.68556131058
1733588760,7.43492756810748e-05,7.43492756810748e-05,7.38225856823158e-05,7.38225856823158e-05,13.93400941709
1733588700,7.16421625354879e-05,7.5582636559051e-05,7.16421625354879e-05,7.43492756810748e-05,754.23031738954
1733588640,7.17718984732224e-05,7.17718984732224e-05,7.16421625354879e-05,7.16421625354879e-05,13.52245465557
1733588520,6.45865194639516e-05,7.22188159828305e-05,6.45865194639516e-05,7.17718984732224e-05,99.8141423521
1733588460,6.11452540808756e-05,6.89869252009067e-05,6.11452540808756e-05,6.45865194639516e-05,1462.43631293416
1733588400,5.81774664202472e-05,6.11452540808756e-05,5.81774664202472e-05,6.11452540808756e-05,525.68884595734
1733588340,5.76609345456332e-05,5.81774664202472e-05,5.71097026107748e-05,5.81774664202472e-05,252.12879366932
1733588220,5.82661421717134e-05,5.82661421717134e-05,5.76609345456332e-05,5.76609345456332e-05,70.02210285693
1733588160,6.77571195013986e-05,6.77571195013986e-05,5.82661421717134e-05,5.82661421717134e-05,1286.6643716508
1733588040,6.84180115915568e-05,6.84180115915568e-05,6.77571195013986e-05,6.77571195013986e-05,49.90595011072
1733587980,7.02810969782108e-05,7.08024911182398e-05,6.84180115915568e-05,6.84180115915568e-05,394.2410184433
1733587920,6.63540600050591e-05,7.02810969782108e-05,6.63540600050591e-05,7.02810969782108e-05,545.15833398694
1733587860,6.74441431467692e-05,6.74441431467692e-05,6.63540600050591e-05,6.63540600050591e-05,112.7134165624
1733587800,7.36686209448455e-05,7.52899577631341e-05,6.74441431467692e-05,6.74441431467692e-05,1476.4468293384
1733587740,7.14854999730524e-05,7.36686209448455e-05,7.14854999730524e-05,7.36686209448455e-05,303.1854315352
1733587680,7.13450210594043e-05,7.14854999730524e-05,7.13450210594043e-05,7.14854999730524e-05,48.116
1733587560,7.3626104634196e-05,7.3626104634196e-05,7.13450210594043e-05,7.13450210594043e-05,10.159078059
1733587500,7.73717263917591e-05,7.73717263917591e-05,7.3626104634196e-05,7.3626104634196e-05,780.62210424601
1733587440,7.78226812934321e-05,7.78226812934321e-05,7.69482655464596e-05,7.73717263917591e-05,217.98636598924
1733587380,8.37360070518816e-05,8.37360070518816e-05,7.78226812934321e-05,7.78226812934321e-05,710.82232641605
1733587320,8.40455208430925e-05,8.75562315342471e-05,8.28527066484345e-05,8.37360070518816e-05,1309.71761628059
1733587260,9.50315537187766e-05,0.0001047535114264,8.40455208430925e-05,8.40455208430925e-05,4960.49546266574
1733587200,9.71684434286613e-05,9.81764380768552e-05,9.47840286753515e-05,9.50315537187766e-05,551.27469582982
1733587140,8.55726891523158e-05,0.000100896160468023,8.55726891523158e-05,9.71684434286613e-05,2726.74475458384
1733587080,7.69198033858031e-05,8.55726891523158e-05,7.63477225097173e-05,8.55726891523158e-05,1383.53710522164
1733587020,7.33956424744569e-05,7.76347999587624e-05,7.33956424744569e-05,7.69198033858031e-05,833.75949950931
1733586960,6.99991299237603e-05,7.33956424744569e-05,6.99991299237603e-05,7.33956424744569e-05,105.07390656306
1733586900,7.46259956701383e-05,7.46259956701383e-05,6.99991299237603e-05,6.99991299237603e-05,1134.47767431171
1733586840,7.59052748364017e-05,7.59052748364017e-05,7.43250142973268e-05,7.46259956701383e-05,247.64296497013
1733586780,7.10915353429345e-05,7.59052748364017e-05,7.08227475357089e-05,7.59052748364017e-05,854.70192209669
1733586720,7.05605005539926e-05,7.10915353429345e-05,7.05605005539926e-05,7.10915353429345e-05,45.59573931366
1733586660,6.96452712660822e-05,7.08134432055289e-05,6.96452712660822e-05,7.05605005539926e-05,148.6990832903
1733586600,6.8606225870637e-05,6.96452712660822e-05,6.8606225870637e-05,6.96452712660822e-05,27.54747993097
1733586540,6.75769915935706e-05,6.8606225870637e-05,6.75769915935706e-05,6.8606225870637e-05,240.78
1733586480,5.65002402711884e-05,6.75769915935706e-05,5.65002402711884e-05,6.75769915935706e-05,1572.01173450703
1733586420,6.13425863331138e-05,6.13425863331138e-05,5.65002402711884e-05,5.65002402711884e-05,713.66378633372
1733586360,6.15194328984863e-05,6.17203368214246e-05,6.13425863331138e-05,6.13425863331138e-05,27.23639921413
1733586300,6.06404259351154e-05,6.18204334307997e-05,6.06404259351154e-05,6.15194328984863e-05,155.97974170768
1733586240,5.92534735888613e-05,6.06404259351154e-05,5.92534735888613e-05,6.06404259351154e-05,320.5433
1733586180,5.73843394001833e-05,5.92534735888613e-05,5.73843394001833e-05,5.92534735888613e-05,245.77839793
1733586120,5.70524148856868e-05,5.73843394001833e-05,5.70524148856868e-05,5.73843394001833e-05,18.28360666604
1733586060,5.72090637972727e-05,5.72090637972727e-05,5.70524148856868e-05,5.70524148856868e-05,8.6791675803
1733586000,5.34218162009508e-05,5.72090637972727e-05,5.34218162009508e-05,5.72090637972727e-05,433.43
1733585940,5.36246067668101e-05,5.36246067668101e-05,5.31964631134585e-05,5.34218162009508e-05,54.466521651
1733585820,5.39144432967015e-05,5.39144432967015e-05,5.36246067668101e-05,5.36246067668101e-05,95.87778854446
1733585760,5.20338829503743e-05,5.39144432967015e-05,5.20338829503743e-05,5.39144432967015e-05,96.396
1733585700,5.29384368306977e-05,5.35629995138007e-05,5.0564547377293e-05,5.20338829503743e-05,1358.68562160909
1733585640,5.29978566245781e-05,5.29978566245781e-05,5.29384368306977e-05,5.29384368306977e-05,7.2010776367
1733585580,5.34698755997055e-05,5.34698755997055e-05,5.29978566245781e-05,5.29978566245781e-05,65.54308490276
1733585520,4.88634227667357e-05,5.34698755997055e-05,4.85147311516186e-05,5.34698755997055e-05,774.27237855271
1733585460,5.38587222951664e-05,5.38587222951664e-05,4.88634227667357e-05,4.88634227667357e-05,781.9265476536
1733585400,5.51596801058604e-05,5.51596801058604e-05,5.38587222951664e-05,5.38587222951664e-05,23.11310828445
1733585340,5.72352946745737e-05,5.72352946745737e-05,5.51596801058604e-05,5.51596801058604e-05,470.27065027665
1733585280,5.78542693665055e-05,5.78542693665055e-05,5.72352946745737e-05,5.72352946745737e-05,86.6476968643
1733585220,5.84302431884704e-05,5.84302431884704e-05,5.78542693665055e-05,5.78542693665055e-05,108.0540585692
1733585160,6.53953368453701e-05,6.53953368453701e-05,5.84302431884704e-05,5.84302431884704e-05,787.8591995636
1733585100,7.0553893664442e-05,7.09529189716443e-05,6.53953368453701e-05,6.53953368453701e-05,886.34831629623
1733585040,7.06675159554749e-05,7.19731624857702e-05,6.96423662259634e-05,7.0553893664442e-05,539.15750374338
1733584980,7.59498880020835e-05,7.59498880020835e-05,7.06675159554749e-05,7.06675159554749e-05,633.2859985164
1733584920,7.81866504990712e-05,7.81866504990712e-05,7.59498880020835e-05,7.59498880020835e-05,320.61613391066
1733584860,7.9076545945011e-05,7.9076545945011e-05,7.81866504990712e-05,7.81866504990712e-05,156.20566342561
1733584800,8.02942318092152e-05,8.03003805604192e-05,7.9076545945011e-05,7.9076545945011e-05,265.16069845491
1733584740,7.89059770352831e-05,8.06266408529956e-05,7.89059770352831e-05,8.02942318092152e-05,246.59691111266
1733584680,7.95315051104956e-05,7.95315051104956e-05,7.89059770352831e-05,7.89059770352831e-05,21.4889468544
1733584620,8.48930779515128e-05,8.48930779515128e-05,7.93685181354488e-05,7.95315051104956e-05,691.60111177625
1733584560,8.1760268811157e-05,8.48930779515128e-05,8.1760268811157e-05,8.48930779515128e-05,349.66291
1733584500,7.55258824250435e-05,8.31083620255182e-05,7.5216247340911e-05,8.1760268811157e-05,1343.62581631968
1733584440,7.78673404063234e-05,7.78673404063234e-05,7.27058503579489e-05,7.55258824250435e-05,1213.97039408725
1733584380,7.82468131603333e-05,0.00010182000524206,7.78673404063234e-05,7.78673404063234e-05,5890.0137579468
1733584320,5.76791403170989e-05,7.83348562031927e-05,5.76791403170989e-05,7.82468131603333e-05,2704.45470262545
1733584260,5.58557984874461e-05,5.76791403170989e-05,5.58557984874461e-05,5.76791403170989e-05,271.945082608
1733584200,5.64260013439605e-05,5.64260013439605e-05,5.58557984874461e-05,5.58557984874461e-05,50.72992116738
1733584140,5.3883384624e-05,5.64260013439605e-05,5.3883384624e-05,5.64260013439605e-05,325.61925191355
1733584080,5.41926468011352e-05,5.41926468011352e-05,5.3883384624e-05,5.3883384624e-05,7.45402972464
1733584020,5.31295530391136e-05,5.41926468011352e-05,5.31295530391136e-05,5.41926468011352e-05,122.49797743892
1733583960,5.59724265950913e-05,5.60145607427891e-05,5.31295530391136e-05,5.31295530391136e-05,390.38813854212
1733583900,5.65977322885876e-05,5.65977322885876e-05,5.59724265950913e-05,5.59724265950913e-05,101.36627566494
1733583840,5.63744536325516e-05,5.69454633175713e-05,5.6356187924901e-05,5.65977322885876e-05,291.56063699752
1733583780,4.97782425920107e-05,5.63744536325516e-05,4.97782425920107e-05,5.63744536325516e-05,924.61928011008
1733583720,4.75653071174071e-05,4.97782425920107e-05,4.75653071174071e-05,4.97782425920107e-05,103.0455
1733583660,4.71105921910628e-05,4.75653071174071e-05,4.57083971765024e-05,4.75653071174071e-05,851.48894168184
1733583600,4.71946740653674e-05,4.71946740653674e-05,4.71105921910628e-05,4.71105921910628e-05,0.51153829986
1733583540,4.7185188947271e-05,4.71946740653674e-05,4.67152853664899e-05,4.71946740653674e-05,229.63598689905
1733583480,4.89860285212189e-05,4.89860285212189e-05,4.68348595574768e-05,4.7185188947271e-05,198.8007340854
1733583420,5.32762767110275e-05,5.32762767110275e-05,4.89860285212189e-05,4.89860285212189e-05,1033.59466841982
1733583360,5.23450599947356e-05,5.37168615110955e-05,5.23450599947356e-05,5.32762767110275e-05,100.9967615396
1733583300,4.86720654137604e-05,5.23450599947356e-05,4.86720654137604e-05,5.23450599947356e-05,1122.57548670388
1733583240,4.18982104794453e-05,4.86720654137604e-05,4.18982104794453e-05,4.86720654137604e-05,1100.3960546525
1733583180,4.07032322689893e-05,4.18982104794453e-05,4.07032322689893e-05,4.18982104794453e-05,179.28525775
1733583120,3.99614834878686e-05,4.07032322689893e-05,3.99614834878686e-05,4.07032322689893e-05,140.38703958021
1733583060,3.83631116357357e-05,3.99614834878686e-05,3.83631116357357e-05,3.99614834878686e-05,286.823982
1733583000,3.83162569978156e-05,3.83631116357357e-05,3.81952204599714e-05,3.83631116357357e-05,15.3032233854
1733582880,4.34988817681825e-05,4.34988817681825e-05,3.78808379012486e-05,3.83162569978156e-05,1195.59080693676
1733582820,4.24429089955805e-05,4.34988817681825e-05,4.24429089955805e-05,4.34988817681825e-05,125.47167405
1733582760,3.80821567341314e-05,4.24429089955805e-05,3.80821567341314e-05,4.24429089955805e-05,963.30558285816
1733582700,3.58724848056516e-05,3.80821567341314e-05,3.48882693080694e-05,3.80821567341314e-05,1163.43740140979
1733582640,3.52457669595913e-05,3.67588257783875e-05,3.50400081233034e-05,3.58724848056516e-05,558.3209276497
1733582580,3.60444160327237e-05,3.7151167708958e-05,3.44812989620555e-05,3.52457669595913e-05,1231.75673573849
1733582520,3.68234444458135e-05,3.68234444458135e-05,3.25097875393365e-05,3.60444160327237e-05,1637.77019829216
1733582460,4.48308164677958e-05,4.49976691737788e-05,3.68234444458135e-05,3.68234444458135e-05,1371.55118531923
1733582400,4.49862446354312e-05,4.51754889859094e-05,4.48308164677958e-05,4.48308164677958e-05,42.17663471526
1733582340,4.62545034618685e-05,4.62545034618685e-05,4.49862446354312e-05,4.49862446354312e-05,252.69265516814
1733582280,5.12890838915588e-05,5.12890838915588e-05,4.62545034618685e-05,4.62545034618685e-05,449.99582260486
1733582220,4.2426760085811e-05,5.65695329785093e-05,4.2426760085811e-05,5.12890838915588e-05,4934.14589621356
1733582160,4.51542496678058e-05,4.51542496678058e-05,4.10794032293702e-05,4.2426760085811e-05,932.98462235384
1733582100,4.50419068680089e-05,4.69763215921526e-05,4.48426294409352e-05,4.51542496678058e-05,1105.5703549444
1733582040,4.35159289310573e-05,4.63099239893831e-05,4.23534084761716e-05,4.50419068680089e-05,1313.44275080752
1733581980,4.819729155509e-05,4.819729155509e-05,4.35159289310573e-05,4.35159289310573e-05,909.74876775281
1733581920,6.31421850877464e-05,6.58108222216712e-05,4.57628379959066e-05,4.819729155509e-05,3901.57028363574
1733581860,6.35848703871665e-05,6.42627211430419e-05,6.31421850877464e-05,6.31421850877464e-05,196.28712132374
1733581800,6.44433870102715e-05,7.14110206175486e-05,6.24897931488e-05,6.35848703871665e-05,3063.86182793033
1733581740,6.00252687247647e-05,6.44871614262475e-05,5.99183361169684e-05,6.44433870102715e-05,2021.44636923346
1733581680,7.65281269005305e-05,7.65281269005305e-05,6.00252687247647e-05,6.00252687247647e-05,2509.49281549465
1733581620,7.12967251595444e-05,7.65281269005305e-05,6.91479856707958e-05,7.65281269005305e-05,1803.67061307708
1733581560,6.89597838283122e-05,8.31841213301211e-05,6.61950063091086e-05,7.12967251595444e-05,5683.36687909995
1733581500,7.57550058065452e-05,8.03759863573901e-05,6.84842103645829e-05,6.89597838283122e-05,3062.7013413162
1733581440,7.29887119781862e-05,8.56767981141252e-05,7.29887119781862e-05,7.57550058065452e-05,4075.15719861056
1733581380,6.98829885099845e-05,7.77112668859043e-05,6.62796008899386e-05,7.29887119781862e-05,6879.04339120754
1733581320,5.92006547850769e-05,6.98829885099845e-05,5.84814137706536e-05,6.98829885099845e-05,3035.51800334044
1733581260,5.70342488013098e-05,5.92006547850769e-05,5.65071158502137e-05,5.92006547850769e-05,2004.86179325308
1733581200,5.67345367826862e-05,5.94255893676446e-05,5.65579367647862e-05,5.70342488013098e-05,1510.91132685188
1733581140,4.727692567241e-05,5.87421255535632e-05,4.727692567241e-05,5.67345367826862e-05,4602.0098104105
1733581080,4.87419901971908e-05,4.8899939179329e-05,4.31037620875969e-05,4.727692567241e-05,4410.2457520014
1733581020,5.12196739781349e-05,5.15738638799877e-05,4.87419901971908e-05,4.87419901971908e-05,595.56342747566
1733580960,5.55232154230423e-05,5.58102146217025e-05,5.09129601397868e-05,5.12196739781349e-05,792.55189098063
1733580900,6.91138853173824e-05,6.91138853173824e-05,5.51102434308549e-05,5.55232154230423e-05,2981.20553204424
1733580840,5.9398718703867e-05,7.02179193903836e-05,5.53121989196036e-05,6.91138853173824e-05,3294.54183130815
1733580780,4.77731643311382e-05,5.9398718703867e-05,4.77731643311382e-05,5.9398718703867e-05,1715.83871202
1733580720,3.9084365721145e-05,4.77731643311382e-05,3.87354761640536e-05,4.77731643311382e-05,2242.79812806065
1733580660,5.82999272192914e-05,5.82999272192914e-05,3.74624553510143e-05,3.9084365721145e-05,8040.86360766848
1733580600,5.39059693089243e-05,6.09678655265773e-05,5.25807455638975e-05,5.82999272192914e-05,2386.50614783413
1733580540,8.15805583319051e-05,8.15805583319051e-05,5.39059693089243e-05,5.39059693089243e-05,5711.99491882898
1733580480,8.2406209444674e-05,8.2406209444674e-05,8.0002122853963e-05,8.15805583319051e-05,718.75741865454
1733580420,8.14129899922591e-05,9.72540706571163e-05,7.55230090407557e-05,8.2406209444674e-05,5962.77675462063
1733580360,9.69404999430455e-05,9.69404999430455e-05,8.00978032794068e-05,8.14129899922591e-05,6505.35720638802
1733580300,0.000118891635775491,0.000118891635775491,9.63530328466205e-05,9.69404999430455e-05,2538.07190486289
1733580240,0.000125039054455399,0.000126254850451799,0.000118891635775491,0.000118891635775491,891.26403706206
1733580180,0.000131196426415459,0.000131196426415459,0.000115887811253459,0.000125039054455399,2403.11703997802
1733580120,0.000147827362039216,0.000148359154199451,0.000131196426415459,0.000131196426415459,2013.61352308544
1733580060,0.000127347661148941,0.00015288555553533,0.000127347661148941,0.000147827362039216,3634.17552180798
1733580000,0.00012439974665093,0.000128923883491835,0.000123166641486476,0.000127347661148941,2199.40024283284
1733579940,0.000159139942417125,0.000159842642023699,0.000122373369738637,0.00012439974665093,5109.4333714183
1733579880,0.000151558455351103,0.000161149796578581,0.000148843496832517,0.000159139942417125,1544.56712080588
1733579820,0.000150982323391446,0.00019015472882202,0.00014524398054128,0.000151558455351103,8258.60935410852
1733579760,0.000139182474868184,0.000156458988663906,0.000130913316394605,0.000150982323391446,7082.20090984269
1733579700,0.000113370899816683,0.00014038031296871,0.000112954772697601,0.000139182474868184,3820.46879984301
1733579640,0.000120804956121808,0.000120804956121808,0.000112511116077903,0.000113370899816683,619.48210369779
1733579580,0.000110327474755006,0.000126784030270247,0.000109615717367588,0.000120804956121808,3145.05100195852
1733579520,9.37006180544157e-05,0.000110327474755006,9.37006180544157e-05,0.000110327474755006,2444.10908570838
1733579460,0.000101431811915681,0.000104180866160739,9.37006180544157e-05,9.37006180544157e-05,1909.63177367667
1733579400,0.000104166078442306,0.000104673188209799,9.66193674769656e-05,0.000101431811915681,3170.18171051016
1733579340,9.57258687067519e-05,0.000106195686661442,9.05089431715327e-05,0.000104166078442306,8884.2501089877
1733579280,0.000106176315213866,0.000115729648886367,8.79301379327695e-05,9.57258687067519e-05,11414.56317836952
1733579220,9.62100490401939e-05,0.000106683004870559,8.19177176267636e-05,0.000106176315213866,9818.95188766808
1733579160,0.000141672783654848,0.000141672783654848,9.36500811092948e-05,9.62100490401939e-05,12742.87175281867
1733579100,0.000156351147540163,0.000156537156517977,0.000132166042416903,0.000141672783654848,10187.6447996568
1733579040,0.00018322608332597,0.00018322608332597,0.000141643371222548,0.000156351147540163,5148.80768344913
1733578980,0.000158625706300017,0.000197620307464596,0.00015811081896821,0.00018322608332597,8801.49563251255
1733578920,0.000148938663846492,0.00017396143052294,0.000142174930830051,0.000158625706300017,11373.06556563952
1733578860,0.000144728665508805,0.000213641228821049,0.000134791926281133,0.000148938663846492,31631.3045946917
1733578800,0.000179582775862961,0.000200560530743905,0.000113712096867874,0.000144728665508805,24959.27270719218
1733578740,0.000223000333669005,0.000223000333669005,0.000179582775862961,0.000179582775862961,8604.36572661865
1733578680,0.000258658383838885,0.000258658383838885,0.000210045302051559,0.000223000333669005,9966.50524965982
1733578620,0.000244833692251646,0.0002697179162674,0.000244833692251646,0.000258658383838885,5755.8733794944
1733578560,0.000257600970086024,0.000287394175403627,0.000244833692251646,0.000244833692251646,9879.08183857379
1733578500,0.000282159032697671,0.000289018958979195,0.000245379900451565,0.000257600970086024,6201.16791545033
1733578440,0.000236994759060942,0.00031240637960715,0.00023681530824159,0.000282159032697671,16906.76493260517
1733578380,0.000258075066485024,0.000278178205538963,0.000229799039538906,0.000236994759060942,7411.38951405133
1733578320,0.000272061084671404,0.000299941564383028,0.000222446396033117,0.000258075066485024,30071.97732780432
1733578260,0.000207407512510378,0.000277017796006691,0.000194603307441195,0.000272061084671404,12362.69827387008
1733578200,0.000263737180096875,0.000267591540005129,0.00019773433477746,0.000207407512510378,18952.81245494746
1733578140,0.00023708880614424,0.000296366208769608,0.000226175131635423,0.000263737180096875,23075.52693506198
1733578080,0.000283895313247221,0.000293996650520617,0.000201585642640042,0.00023708880614424,24164.18151711237
1733578020,0.000244220110850055,0.000303500010933816,0.000219859439612201,0.000283895313247221,23273.0051193648
1733577960,0.000203087099290127,0.000331812771312971,0.00017656079736578,0.000244220110850055,47941.01333399306
1733577900,0.000191649443473182,0.000253366150850476,0.000185670680482185,0.000203087099290127,22793.73078531375
1733577840,0.00014307854208525,0.000198743371128307,0.000139695443182716,0.000191649443473182,13553.42735092987
1733577780,0.00017217462184846,0.000183367952149622,0.000137793901775412,0.00014307854208525,14475.4409236058
1733577720,0.000155463643901681,0.000191839749268988,0.000138968388615184,0.00017217462184846,17189.14385402693
1733577660,0.00021101051280177,0.000219582476598337,0.000130121280065938,0.000155463643901681,29710.94472272614
1733577600,0.000227551261430156,0.000271673244478474,0.000199667519649577,0.00021101051280177,24131.89612967065
1733577540,0.000201002370583775,0.000264037458001947,0.000199606259260662,0.000227551261430156,26221.55393129052
1733577480,0.000247285731584879,0.000270115131080277,0.000166800098523474,0.000201002370583775,57794.99007596291
1733577420,0.000275796088308748,0.000298278781613765,0.000234822100541963,0.000247285731584879,37788.54373297711
1733577360,0.000329912214048637,0.000329912214048637,0.00021424322434481,0.000275796088308748,66723.59302052628
1733577300,0.000355595824285465,0.000363765045082645,0.000295896341455323,0.000329912214048637,43664.36510718453
1733577240,0.00032509067576115,0.0003885225810168,0.000259140995578248,0.000355595824285465,51390.18139343485
1733577180,0.00023310146737029,0.000372699671947845,0.000225728185445013,0.00032509067576115,84668.83146745682
1733577120,0.000178843457200127,0.00032749247727604,0.000142312329270378,0.00023310146737029,58679.03035296938
1733577060,0.000213388048029366,0.000285113572620704,0.000151873402512225,0.000178843457200127,60644.49340512632
1733577000,0.000186344339276018,0.000231261957766099,0.000173134621150385,0.000213388048029366,39371.60659997303
1733576940,0.000149121940308541,0.000229074246057261,0.000138635230962137,0.000186344339276018,89254.53453977921
1733576880,0.00011880123990995,0.000261385449207521,9.47782186054441e-05,0.000149121940308541,84082.16026483884
