0,1,2,3,4,5
1730352720.0,6.497230563493792e-05,6.768833461570395e-05,5.1958778456075866e-05,5.35660357587954e-05,7629.07375314471
1730352780.0,5.35660357587954e-05,6.598272058650527e-05,5.305628417307332e-05,6.051019553673969e-05,5523.38443431995
1730352840.0,6.051019553673969e-05,7.141541789670847e-05,6.051019553673969e-05,6.718846701954872e-05,2677.1433980429256
1730352900.0,6.718846701954872e-05,9.041997217327868e-05,6.494425263162303e-05,8.653187053420458e-05,7645.200180258176
1730352960.0,8.653187053420458e-05,0.0001057327664552,8.653187053420458e-05,9.735583899213376e-05,5761.712526979081
1730353020.0,9.735583899213376e-05,0.0001026683982495,6.91471505761891e-05,8.663709532219181e-05,8077.20174986062
1730353080.0,8.663709532219181e-05,0.000106295358777,8.559714510616602e-05,9.122268608521718e-05,14845.593189734624
1730353140.0,9.122268608521718e-05,0.0001123978347745,6.30224723672334e-05,7.023442756156008e-05,13654.105109200962
1730353200.0,7.023442756156008e-05,8.078823349706359e-05,6.902765629101585e-05,7.670332876837666e-05,5922.353178136134
1730353260.0,7.670332876837666e-05,7.75805184477442e-05,4.7230675757664534e-05,4.977614901814353e-05,10476.375233882052
1730353320.0,4.977614901814353e-05,5.050066972196018e-05,3.465492753147588e-05,4.228001067268352e-05,10980.031446379771
1730353380.0,4.228001067268352e-05,5.093702080543188e-05,4.228001067268352e-05,4.387445672152156e-05,3535.5117277322315
1730353440.0,4.387445672152156e-05,4.387445672152156e-05,2.92565825291901e-05,3.5921256084607686e-05,4976.319893337744
1730353500.0,3.5921256084607686e-05,4.2840309252664705e-05,3.5731553362477084e-05,4.246246337439134e-05,3227.6404982811223
1730353560.0,4.246246337439134e-05,4.246246337439134e-05,2.792392632255403e-05,2.9539703829196117e-05,5716.630376844809
1730353620.0,2.9539703829196117e-05,3.362616187576548e-05,2.8641106452309735e-05,3.24052098851074e-05,2600.2983861954785
1730353680.0,3.24052098851074e-05,3.41885190038881e-05,2.9798831761636385e-05,3.128727403970187e-05,1222.623720883828
1730353740.0,3.128727403970187e-05,3.5253974990865126e-05,3.1249116105988964e-05,3.4318849285132664e-05,1323.3349412055209
1730353800.0,3.4318849285132664e-05,4.77167174448716e-05,3.4318849285132664e-05,4.63779963096378e-05,2902.4550914340375
1730353860.0,4.63779963096378e-05,5.188557584316356e-05,4.138356754645242e-05,4.138356754645242e-05,3676.1666931915393
1730353920.0,4.138356754645242e-05,4.558432279477133e-05,3.555504408809404e-05,3.5994999438851694e-05,2432.9485561484535
1730353980.0,3.5994999438851694e-05,4.5487298371739215e-05,3.309392891708327e-05,4.5487298371739215e-05,3137.6405313118707
1730354040.0,4.5487298371739215e-05,4.599867668909963e-05,4.070671705657428e-05,4.409519843959134e-05,3047.8851082231886
1730354100.0,4.409519843959134e-05,5.0178034043982714e-05,4.409519843959134e-05,4.9916044845609296e-05,1079.2592606832288
1730354160.0,4.9916044845609296e-05,6.408741710625177e-05,4.9916044845609296e-05,5.293750157001581e-05,6716.829240286906
1730354220.0,5.293750157001581e-05,5.94291166204244e-05,5.293750157001581e-05,5.5701619571408664e-05,2662.720899374794
1730354280.0,5.5701619571408664e-05,6.105194669594216e-05,5.519804995031395e-05,5.519806557117208e-05,1778.1844714825345
1730354340.0,5.519806557117208e-05,5.5380771139862715e-05,4.741438371660161e-05,4.741524312147337e-05,1890.9973105118777
1730354400.0,4.741524312147337e-05,5.43726404463427e-05,4.741524312147337e-05,4.912068178209468e-05,1954.613056288273
1730354460.0,4.912068178209468e-05,5.402247262763784e-05,4.912068178209468e-05,5.389273251773891e-05,2352.440305548851
1730354520.0,5.389273251773891e-05,5.733679649400175e-05,4.9810381208360166e-05,4.981087051678265e-05,3009.47351191551
1730354580.0,4.981087051678265e-05,5.511669038163531e-05,4.721770746331194e-05,5.198877966968426e-05,3759.482099228657
1730354640.0,5.198877966968426e-05,5.265844785012877e-05,4.768872074376036e-05,4.841424886152496e-05,2786.4102089087523
1730354700.0,4.841424886152496e-05,4.841424886152496e-05,3.799314123587255e-05,3.8122549400964886e-05,3588.2968858863287
1730354760.0,3.8122549400964886e-05,4.634814680581019e-05,3.781202867547136e-05,4.584776557881508e-05,3347.913510960223
1730354820.0,4.584776557881508e-05,4.815953215854441e-05,4.2867798417486315e-05,4.318967117218796e-05,3846.333875988057
1730354880.0,4.318967117218796e-05,4.756948194643149e-05,4.289629612270075e-05,4.664108177127392e-05,2771.7619848376285
1730354940.0,4.664108177127392e-05,5.0255379132266366e-05,4.664108177127392e-05,4.8286471172868217e-05,2238.556818639708
1730355000.0,4.8286471172868217e-05,4.8722375911564435e-05,4.418915229536489e-05,4.84441203020237e-05,2317.3059793559887
1730355060.0,4.84441203020237e-05,5.263708080165664e-05,4.84441203020237e-05,5.118040089183745e-05,2283.8237697043846
1730355120.0,5.118040089183745e-05,5.162081074660644e-05,5.076740477500903e-05,5.1600082702068034e-05,1361.9395152962466
1730355180.0,5.1600082702068034e-05,5.187182180318827e-05,4.5479580746450545e-05,4.563273195571731e-05,3389.628045999401
1730355240.0,4.563273195571731e-05,4.662437220059123e-05,4.4106472321176224e-05,4.419211605566201e-05,4620.971958861485
1730355300.0,4.419211605566201e-05,4.486784249212457e-05,3.810307817176918e-05,3.814488422063169e-05,4652.498538369874
1730355360.0,3.814488422063169e-05,3.848345215183797e-05,2.749805246538957e-05,2.9853307404907543e-05,4940.901291615907
1730355420.0,2.9853307404907543e-05,3.3037182709026405e-05,2.9853307404907543e-05,3.3037182709026405e-05,608.7488268339621
1730355480.0,3.3037182709026405e-05,3.323341366130298e-05,3.023800633056267e-05,3.117393259594044e-05,1207.7948031563903
1730355540.0,3.117393259594044e-05,3.117393259594044e-05,2.097939140297657e-05,2.097939140297657e-05,2312.474430470901
1730355600.0,2.097939140297657e-05,2.097939140297657e-05,1.6673518136072223e-05,1.9908337131337393e-05,2926.5343126709968
1730355660.0,1.9908337131337393e-05,2.398068518992102e-05,1.9908337131337393e-05,2.2329387135852377e-05,1881.066314023744
1730355720.0,2.2329387135852377e-05,2.6642681188380462e-05,2.199819212708257e-05,2.32884765124117e-05,1972.7818025784104
1730355780.0,2.32884765124117e-05,2.343015471389546e-05,2.2064632507765846e-05,2.306317599995412e-05,588.9402223325325
1730355840.0,2.306317599995412e-05,2.306317599995412e-05,2.207427304700847e-05,2.207427304700847e-05,224.71943249752863
1730355900.0,2.207427304700847e-05,2.207427304700847e-05,2.171001197861792e-05,2.171001197861792e-05,79.8372522152918
1730355960.0,2.171001197861792e-05,2.2086977010465855e-05,2.082990476797827e-05,2.16453689994063e-05,541.8835541953769
1730356020.0,2.16453689994063e-05,2.9032526350071404e-05,2.16453689994063e-05,2.9032526350071404e-05,1421.2107454148577
1730356080.0,2.9032526350071404e-05,2.9032526350071404e-05,2.647445514848799e-05,2.65344806267859e-05,543.8780755597888
1730356140.0,2.65344806267859e-05,3.315943151433344e-05,2.5879755368406283e-05,3.285382940259983e-05,2051.763307667605
1730356200.0,3.285382940259983e-05,3.4391163170638544e-05,3.285382940259983e-05,3.3700679165949865e-05,1099.008070838889
1730356260.0,3.3700679165949865e-05,3.382332657564243e-05,3.2890210919837306e-05,3.302252299164575e-05,229.99406566477612
1730356320.0,3.302252299164575e-05,4.301523280384951e-05,3.2917057165471856e-05,3.6158303250371925e-05,2905.213058894492
1730356380.0,3.6158303250371925e-05,3.977027412837894e-05,3.6158303250371925e-05,3.977027412837894e-05,547.4159439551609
1730356440.0,3.977027412837894e-05,4.303120446126691e-05,3.928123016703767e-05,3.973337106170488e-05,1680.3005250141646
1730356500.0,3.973337106170488e-05,4.002071350429706e-05,3.792675361912218e-05,3.8927699218791904e-05,589.1694824353634
1730356560.0,3.8927699218791904e-05,4.1440311687499605e-05,3.8927699218791904e-05,4.093929700298803e-05,475.2964290873428
1730356620.0,4.093929700298803e-05,5.26698107731302e-05,4.093929700298803e-05,5.257122261575327e-05,2147.432619913069
1730356680.0,5.257122261575327e-05,5.64563486525976e-05,5.209667017108378e-05,5.327612070437337e-05,1638.349727344846
1730356740.0,5.327612070437337e-05,5.327612070437337e-05,4.454281845645037e-05,4.9085014752369745e-05,1879.1270697806012
1730356800.0,4.9085014752369745e-05,5.4351933918045385e-05,4.9085014752369745e-05,5.4351933918045385e-05,2285.222092251775
1730356860.0,5.4351933918045385e-05,6.268144274031725e-05,5.4351933918045385e-05,6.268144274031725e-05,1343.172693804655
1730356920.0,6.268144274031725e-05,6.826614108279658e-05,6.268144274031725e-05,6.826614108279658e-05,1085.9933243234468
1730356980.0,6.826614108279658e-05,6.82956168970284e-05,5.955007707599793e-05,5.955007707599793e-05,1423.8536957499348
1730357040.0,5.955007707599793e-05,6.453631714372943e-05,5.532272752593752e-05,5.99344206931037e-05,3544.7555281653094
1730357100.0,5.99344206931037e-05,6.002435882088282e-05,4.940280385834995e-05,5.752266719876291e-05,4919.936827179679
1730357160.0,5.752266719876291e-05,6.484844372926809e-05,5.752266719876291e-05,6.294561580608078e-05,3039.746339806396
1730357220.0,6.294561580608078e-05,6.46400901520075e-05,5.9365901850537735e-05,6.0745210586887225e-05,2964.073310340085
1730357280.0,6.0745210586887225e-05,6.095792171189616e-05,5.780667836039077e-05,5.8082481842316024e-05,1753.859416606517
1730357340.0,5.8082481842316024e-05,5.844648654304184e-05,4.8809335999681176e-05,4.938057527654725e-05,2475.506866641871
1730357400.0,4.938057527654725e-05,5.1365279030765345e-05,4.683962745589256e-05,4.984205354130685e-05,2397.8476600565004
1730357460.0,4.984205354130685e-05,5.215555931494984e-05,4.984205354130685e-05,5.1869696092388274e-05,628.172365376395
1730357520.0,5.1869696092388274e-05,5.523298058296546e-05,5.1869696092388274e-05,5.523298058296546e-05,543.1017569733755
1730357580.0,5.523298058296546e-05,6.140552475687506e-05,5.523298058296546e-05,6.037736598276703e-05,1051.2108032392537
1730357640.0,6.037736598276703e-05,6.179972701426362e-05,5.965083103876876e-05,6.179972701426362e-05,457.55079700784785
1730357700.0,6.179972701426362e-05,6.179972701426362e-05,5.970165810027493e-05,5.996998522123315e-05,638.1964764448176
1730357760.0,5.996998522123315e-05,6.165023825502338e-05,5.9319084287322936e-05,5.997425154409277e-05,736.8542903123097
1730357820.0,5.997425154409277e-05,6.787530160301849e-05,5.997425154409277e-05,6.787530160301849e-05,1565.79114687715
1730357880.0,6.787530160301849e-05,7.73182002420863e-05,6.787530160301849e-05,7.306544797254725e-05,1824.913551283441
1730357940.0,7.306544797254725e-05,7.670871302141642e-05,7.263815395499227e-05,7.430302540019795e-05,1393.0937181553754
1730358000.0,7.430302540019795e-05,7.55094073971522e-05,7.38329335329159e-05,7.55094073971522e-05,210.98079580615595
1730358060.0,7.55094073971522e-05,8.43940911827296e-05,7.024399961426795e-05,7.215536683119307e-05,3888.072473713833
1730358120.0,7.215536683119307e-05,7.252782562434696e-05,7.214261320560306e-05,7.252782562434696e-05,114.28360786560948
1730358180.0,7.252782562434696e-05,8.251177157660677e-05,7.225095017923898e-05,7.90998474842131e-05,2396.3825984607765
1730358240.0,7.90998474842131e-05,8.166242901396002e-05,7.90998474842131e-05,7.9594256337316e-05,509.747535303484
1730358300.0,7.9594256337316e-05,8.00409247911595e-05,7.001165049728267e-05,7.034622338884625e-05,1214.806831588682
1730358360.0,7.034622338884625e-05,7.538996998233998e-05,7.034622338884625e-05,7.503795223883212e-05,690.9480446404636
1730358420.0,7.503795223883212e-05,7.536587123071185e-05,7.485257655389166e-05,7.49229285912499e-05,111.00211398644424
1730358480.0,7.49229285912499e-05,8.901811172024535e-05,6.750493001195602e-05,8.859354770940292e-05,3704.704578435638
1730358540.0,8.859354770940292e-05,9.67994691128826e-05,8.859354770940292e-05,9.169487292687136e-05,2807.8591471009804
1730358600.0,9.169487292687136e-05,0.0001028153172945,9.141947273235305e-05,0.0001028153172945,3178.8932939024467
1730358660.0,0.0001028153172945,0.0001080935155573,9.845325781102151e-05,0.000105340680413,2794.919700875614
1730358720.0,0.000105340680413,0.0001101614307542,0.0001011648793441,0.0001101614307542,1739.322718067792
1730358780.0,0.0001101614307542,0.0001106390065814,0.0001011632866294,0.0001012812666948,1261.5292645256395
1730358840.0,0.0001012812666948,0.0001108145203416,0.0001011084126384,0.0001061549301816,2620.7646577588844
1730358900.0,0.0001061549301816,0.0001104948571535,0.0001037389383373,0.0001097973646895,1196.9247098813
1730358960.0,0.0001097973646895,0.0001365458707764,0.0001088544344377,0.000134094845468,3479.241594863352
1730359020.0,0.000134094845468,0.0001374068971599,0.0001272812970806,0.0001368348606399,2145.082108888046
1730359080.0,0.0001368348606399,0.0001513860663967,0.0001350311170067,0.0001512047710688,2420.058771162822
1730359140.0,0.0001512047710688,0.0001580817475388,0.0001507334948561,0.000155337236271,2657.441709979499
1730359200.0,0.000155337236271,0.0001613538872507,0.0001249025360116,0.0001393010904278,12238.008671266807
1730359260.0,0.0001393010904278,0.0001457828392006,0.0001152519858597,0.0001221715860859,9804.693927939408
1730359320.0,0.0001221715860859,0.0001279959186492,0.0001177957911326,0.0001236903495242,3063.5201125959647
1730359380.0,0.0001236903495242,0.0001264500794298,0.0001162745837814,0.00012329668845,4165.986131501196
1730359440.0,0.00012329668845,0.0001316919798558,0.0001192850033752,0.000131653852786,2075.833149720149
1730359500.0,0.000131653852786,0.0001395244655463,0.0001315161902011,0.0001393153491461,1164.428180509242
1730359560.0,0.0001393153491461,0.0001636418500961,0.0001339162380768,0.0001384773138993,6507.987044219707
1730359620.0,0.0001384773138993,0.0001426390234953,0.0001384773138993,0.0001426390234953,1245.0793471336317
1730359680.0,0.0001426390234953,0.0001474561972518,0.000142284602667,0.0001442614855485,1653.7506962742093
1730359740.0,0.0001442614855485,0.0001442614855485,0.0001299805395062,0.0001299805395062,4152.132074568658
1730359800.0,0.0001299805395062,0.0001400911294433,0.0001284815694994,0.0001328822353332,3927.112266795377
1730359860.0,0.0001328822353332,0.0001328822353332,0.000125159177514,0.0001284447844174,1578.5304388556265
1730359920.0,0.0001284447844174,0.0001327684231273,0.0001231267192237,0.0001268597520426,2161.1951694035824
1730359980.0,0.0001268597520426,0.0001468374017492,0.0001225510798459,0.000130794549519,3693.74383300475
1730360040.0,0.000130794549519,0.0001322554231144,0.0001302117463636,0.0001320888965608,846.2682018358284
1730360100.0,0.0001320888965608,0.0001350474196368,0.0001306257135306,0.0001340067401081,624.8894931955942
1730360160.0,0.0001340067401081,0.0001354515111208,0.0001334992225865,0.0001354515111208,644.2707428670217
1730360220.0,0.0001354515111208,0.0001354515111208,0.0001063859189727,0.0001063859189727,2930.7354504538603
1730360280.0,0.0001063859189727,0.0001147287918296,0.0001021498986792,0.0001118064787045,6651.48847030218
1730360340.0,0.0001118064787045,0.0001289781945507,0.0001002509481364,0.0001063865461835,6431.308945961248
1730360400.0,0.0001063865461835,0.000106527443136,7.661836509396914e-05,7.871670314090915e-05,4885.197333493794
1730360460.0,7.871670314090915e-05,8.07957246184102e-05,7.078658030383863e-05,8.07957246184102e-05,4029.100653261896
1730360520.0,8.07957246184102e-05,8.87199432671486e-05,7.821363227475796e-05,8.70505047820192e-05,2743.139470837962
1730360580.0,8.70505047820192e-05,8.92906603565355e-05,8.603861001557033e-05,8.609740935932478e-05,1213.038343574467
1730360640.0,8.609740935932478e-05,8.846724909055597e-05,8.037711933559567e-05,8.037711933559567e-05,2358.4025590583365
1730360700.0,8.037711933559567e-05,8.037711933559567e-05,7.052091048278791e-05,7.939998036176242e-05,2525.3009993192195
1730360760.0,7.939998036176242e-05,8.345490545084052e-05,7.741994927190735e-05,8.327200041396644e-05,1064.8018959794113
1730360820.0,8.327200041396644e-05,0.0001055329143187,8.275967516396194e-05,8.503979248171912e-05,6928.988458197976
1730360880.0,8.503979248171912e-05,8.798874702851165e-05,7.566570942100417e-05,7.652875639318342e-05,2120.3267085043312
1730360940.0,7.652875639318342e-05,8.015464388106178e-05,7.565286017301737e-05,7.924618439055837e-05,1312.9277477699775
1730361000.0,7.924618439055837e-05,7.939225973490733e-05,6.99187119337019e-05,7.299754800019903e-05,2888.209662137433
1730361060.0,7.299754800019903e-05,7.871588933092145e-05,7.158634138740091e-05,7.316662466701212e-05,2511.7493902221454
1730361120.0,7.316662466701212e-05,7.805926917826483e-05,7.211253298073687e-05,7.361327886947977e-05,2164.739734437838
1730361180.0,7.361327886947977e-05,7.719825273696139e-05,7.282337761546645e-05,7.585927554535419e-05,1468.183430514478
1730361240.0,7.585927554535419e-05,7.794706727928087e-05,7.392813760530481e-05,7.723071282481635e-05,1145.887743169332
1730361300.0,7.723071282481635e-05,7.755267775186653e-05,7.261291945628422e-05,7.281264151752064e-05,1905.300681793822
1730361360.0,7.281264151752064e-05,7.287401384033221e-05,6.781550102589475e-05,7.02348596317155e-05,1525.7419165148974
1730361420.0,7.02348596317155e-05,7.165188662160908e-05,6.991657442355608e-05,7.075097467571133e-05,400.9988909287584
1730361480.0,7.075097467571133e-05,7.126473460178325e-05,6.887711897109212e-05,6.887711897109212e-05,426.2868186340192
1730361540.0,6.887711897109212e-05,6.887711897109212e-05,5.317484880371543e-05,5.97563210109617e-05,2707.3741992008654
1730361600.0,5.97563210109617e-05,6.984259519734874e-05,5.735760555768476e-05,6.906137211301879e-05,2761.0885815564898
1730361660.0,6.906137211301879e-05,6.947366425658067e-05,6.624046014474674e-05,6.624046014474674e-05,424.0191440631788
1730361720.0,6.624046014474674e-05,8.064439957191845e-05,6.583698221329118e-05,7.843965236918147e-05,1946.2863141691896
1730361780.0,7.843965236918147e-05,9.50402124791782e-05,7.843965236918147e-05,9.50402124791782e-05,1598.238933431855
1730361840.0,9.50402124791782e-05,9.94736035803008e-05,9.497042188061771e-05,9.94736035803008e-05,467.57693928466705
1730361900.0,9.94736035803008e-05,0.0001118174158631,9.82351785449888e-05,0.0001069101167915,4396.206291342198
1730361960.0,0.0001069101167915,0.0001151720837908,0.0001049689180531,0.0001085615260074,2344.8410551195775
1730362020.0,0.0001085615260074,0.0001102046990462,0.000104276771002,0.0001051021451906,994.5716629847976
1730362080.0,0.0001051021451906,0.0001051021451906,9.06242346009102e-05,9.099619891945213e-05,1725.4457818710218
1730362140.0,9.099619891945213e-05,9.394588785845132e-05,9.099619891945213e-05,9.305914840437496e-05,304.7175860769271
1730362200.0,9.305914840437496e-05,9.542035804486278e-05,9.184911570503158e-05,9.542035804486278e-05,765.237782969922
1730362260.0,9.542035804486278e-05,0.0001079806500172,9.542035804486278e-05,0.0001062328293918,2065.3595861003487
1730362320.0,0.0001062328293918,0.0001067027928911,0.0001032535138288,0.0001059143448703,852.3235550262157
1730362380.0,0.0001059143448703,0.0001077106506787,9.629535385410095e-05,9.668643615370684e-05,1751.2834971289858
1730362440.0,9.668643615370684e-05,0.0001049939988586,9.668643615370684e-05,0.0001049939988586,742.790778690726
1730362500.0,0.0001049939988586,0.000105879463279,0.0001027059546353,0.0001027059546353,666.1636737961202
1730362560.0,0.0001027059546353,0.0001077435187932,0.0001026389153678,0.0001077435187932,415.98942652680194
1730362620.0,0.0001077435187932,0.000111252795811,0.0001077435187932,0.000111252795811,325.62154831267577
1730362680.0,0.000111252795811,0.0001129560356095,0.000111252795811,0.0001123500262069,353.8875653649314
1730362740.0,0.0001123500262069,0.0001152564447621,0.0001094580828742,0.0001106244478181,921.1845638839678
1730362800.0,0.0001106244478181,0.0001225153762792,0.0001106244478181,0.0001204487260265,1201.6009794243982
1730362860.0,0.0001204487260265,0.0001204487260265,0.0001187489789103,0.0001194494634132,379.6266020214835
1730362920.0,0.0001194494634132,0.0001194494634132,0.0001117630159152,0.0001138612797539,683.1713419604723
1730362980.0,0.0001138612797539,0.0001138612797539,8.940486714684974e-05,9.123703787444164e-05,3303.287697573435
1730363040.0,9.123703787444164e-05,9.245930090427872e-05,9.03835512913881e-05,9.245930090427872e-05,574.4936898522933
1730363100.0,9.245930090427872e-05,9.359021099194634e-05,9.14725275708065e-05,9.14725275708065e-05,466.5902751637406
1730363160.0,9.14725275708065e-05,0.0001079585765824,8.198171301244271e-05,8.628735785013667e-05,11893.047239037096
1730363220.0,8.628735785013667e-05,8.736000241474142e-05,8.005074268442224e-05,8.075856049597434e-05,1402.27178468592
1730363280.0,8.075856049597434e-05,9.213510698187236e-05,7.673597424156225e-05,7.81848602470886e-05,6154.235353909166
1730363340.0,7.81848602470886e-05,8.018173229847582e-05,7.81848602470886e-05,7.97116414080899e-05,722.8554098624343
1730363400.0,7.97116414080899e-05,8.410795149646765e-05,7.97116414080899e-05,8.162417024108175e-05,1130.169298929684
1730363460.0,8.162417024108175e-05,8.273155663200278e-05,7.733974007934405e-05,7.733974007934405e-05,687.5259844607609
1730363520.0,7.733974007934405e-05,7.733974007934405e-05,7.577846256944118e-05,7.586050012914002e-05,156.6666489182628
1730363580.0,7.586050012914002e-05,8.747148585478947e-05,7.461405574569158e-05,8.747148585478947e-05,1523.5300080685952
1730363640.0,8.747148585478947e-05,9.026624183794409e-05,8.747148585478947e-05,8.83696146019277e-05,620.5925391558425
1730363700.0,8.83696146019277e-05,9.205109137615692e-05,8.806584742739597e-05,9.205109137615692e-05,568.5314892928005
1730363760.0,9.205109137615692e-05,9.495006388351156e-05,9.205109137615692e-05,9.437494106913152e-05,164.77963892353574
1730363820.0,9.437494106913152e-05,9.672822059931644e-05,8.937467659260288e-05,8.937467659260288e-05,1331.7052754377512
1730363880.0,8.937467659260288e-05,8.937467659260288e-05,8.105742039062312e-05,8.105742039062312e-05,706.313911225137
1730363940.0,8.105742039062312e-05,8.105742039062312e-05,7.48131082372666e-05,8.043517884210702e-05,1407.9797716986027
1730364000.0,8.043517884210702e-05,8.083499143083307e-05,7.802061294955681e-05,7.944542988267572e-05,407.66302718300307
1730364060.0,7.944542988267572e-05,7.946970202803056e-05,7.873303374267805e-05,7.946970202803056e-05,140.12606629633342
1730364120.0,7.946970202803056e-05,7.946970202803056e-05,7.813958435599787e-05,7.813958435599787e-05,176.0109462075085
1730364180.0,7.813958435599787e-05,7.813958435599787e-05,7.765264969365919e-05,7.765264969365919e-05,4.438354705927704
1730364240.0,7.765264969365919e-05,8.539089749133291e-05,7.59298160241086e-05,8.500967687376212e-05,2098.536698890753
1730364300.0,8.500967687376212e-05,9.094219210289122e-05,8.488743790458067e-05,9.088286836458511e-05,1056.4690395944176
1730364360.0,9.088286836458511e-05,9.116974381487824e-05,8.866278491418486e-05,8.868000190537465e-05,389.7813819899842
1730364420.0,8.868000190537465e-05,9.325706668802896e-05,8.422456690971298e-05,9.325706668802896e-05,1692.2253586947218
1730364480.0,9.325706668802896e-05,0.0001056259433468,9.325706668802896e-05,0.0001010489024295,2149.377172299805
1730364540.0,0.0001010489024295,0.0001010489024295,8.892941249242044e-05,9.451068986884986e-05,2094.143232626377
1730364600.0,9.451068986884986e-05,9.466764394785816e-05,9.050764644563797e-05,9.050764644563797e-05,415.1467304542025
1730364660.0,9.050764644563797e-05,0.0001397077453115,8.59228304635123e-05,0.0001397077453115,7294.387545261743
1730364720.0,0.0001397077453115,0.0001737239290024,0.0001008119363834,0.0001130371117474,30036.567312822914
1730364780.0,0.0001130371117474,0.000138592625276,0.0001130371117474,0.0001342811910665,3212.7383376507496
1730364840.0,0.0001342811910665,0.0001347896816024,9.257226859137174e-05,9.257226859137174e-05,6094.787951919602
1730364900.0,9.257226859137174e-05,0.0001012604883834,9.183959417136204e-05,9.89155406190006e-05,3904.552871036039
1730364960.0,9.89155406190006e-05,0.0001034372736785,9.30251827140716e-05,9.621733213223144e-05,5372.263689276263
1730365020.0,9.621733213223144e-05,0.0001050977732132,9.532770660036043e-05,0.0001028761006223,3164.1345411791744
1730365080.0,0.0001028761006223,0.0001028761006223,9.907901885072864e-05,9.966505984732156e-05,913.467174936948
1730365140.0,9.966505984732156e-05,0.000101837380138,9.806999601030587e-05,9.82780302301567e-05,556.6267126142819
1730365200.0,9.82780302301567e-05,9.82780302301567e-05,8.210607476963318e-05,9.407424833334296e-05,2692.230782711702
1730365260.0,9.407424833334296e-05,9.66293815225455e-05,8.648635325262924e-05,8.648635325262924e-05,1664.812000113061
1730365320.0,8.648635325262924e-05,9.042987541968834e-05,8.593277447787277e-05,8.850568847700112e-05,1148.5996884764793
1730365380.0,8.850568847700112e-05,8.850568847700112e-05,8.342425176095717e-05,8.342425176095717e-05,518.3853961154484
1730365440.0,8.342425176095717e-05,8.437329312927667e-05,8.209414321493931e-05,8.434764850038021e-05,420.42924036252305
1730365500.0,8.434764850038021e-05,9.550298483913596e-05,8.239183890621697e-05,9.246265320042154e-05,3604.628165858578
1730365560.0,9.246265320042154e-05,9.623277157364792e-05,9.114358943183643e-05,9.114358943183643e-05,1194.912250555007
1730365620.0,9.114358943183643e-05,0.0001141398734317,9.041306953661388e-05,9.95095445604985e-05,5328.18570403302
1730365680.0,9.95095445604985e-05,0.0001021776507256,9.33791979998579e-05,9.505097319860348e-05,2411.8739685102646
1730365740.0,9.505097319860348e-05,9.505097319860348e-05,8.987232617466686e-05,8.987232617466686e-05,536.0067037462967
1730365800.0,8.987232617466686e-05,0.0001025530077539,8.987232617466686e-05,0.0001016594484613,1725.3334221742332
1730365860.0,0.0001016594484613,0.0001024626924745,0.0001004899129035,0.0001009722059667,501.0193508718514
1730365920.0,0.0001009722059667,0.0001031118425949,0.0001001350420637,0.0001031118425949,546.8154081068365
1730365980.0,0.0001031118425949,0.0001186724048124,0.0001031118425949,0.0001176460896863,1448.0290925127183
1730366040.0,0.0001176460896863,0.0001177092143415,0.0001108234616762,0.0001108234616762,864.8492822130644
1730366100.0,0.0001108234616762,0.0001108234616762,0.000106802726689,0.0001080283679193,816.3539036020413
1730366160.0,0.0001080283679193,0.0001143183279466,0.0001080283679193,0.0001129550599166,1214.607201158734
1730366220.0,0.0001129550599166,0.0001264687549769,0.0001129550599166,0.000124051672328,2183.967300457031
1730366280.0,0.000124051672328,0.0001249338728427,0.0001204730607915,0.0001249338728427,766.0260816085661
1730366340.0,0.0001249338728427,0.0001281885551171,0.0001247699503086,0.0001281885551171,353.95945366228295
1730366400.0,0.0001281885551171,0.0001415337332511,0.0001281885551171,0.0001374507527923,1983.9490694449048
1730366460.0,0.0001374507527923,0.0001407103958885,0.000135243072234,0.0001407103958885,770.8938608322305
1730366520.0,0.0001407103958885,0.0001440515268157,0.0001397861479643,0.0001414977831482,1031.515250272629
1730366580.0,0.0001414977831482,0.0001431872853098,0.0001402154442572,0.0001424479008742,404.46861689924094
1730366640.0,0.0001424479008742,0.0001424479008742,0.0001204507961052,0.0001227096532714,3170.694701022177
1730366700.0,0.0001227096532714,0.0001284007078934,0.0001227077700651,0.0001284007078934,529.4765423935415
1730366760.0,0.0001284007078934,0.0001413279912531,0.0001283661947422,0.0001413279912531,1482.733083880701
1730366820.0,0.0001413279912531,0.0001615854000401,0.0001413279912531,0.0001609662865016,1772.8804032622577
1730366880.0,0.0001609662865016,0.000162771003691,0.0001508705861953,0.0001508705861953,2126.3692710404516
1730366940.0,0.0001508705861953,0.0001642446061262,0.0001485005911362,0.000163174502973,2098.8886346173776
1730367000.0,0.000163174502973,0.0001678399747134,0.0001626992115876,0.0001678399747134,321.160147423493
1730367060.0,0.0001678399747134,0.0001761090739122,0.0001564496481945,0.0001572853794539,2265.112719763539
1730367120.0,0.0001572853794539,0.0001576873518722,0.0001475808853708,0.0001522940206106,1185.101921327563
1730367180.0,0.0001522940206106,0.0001522940206106,0.000139204214992,0.0001480713633233,2868.563051982609
1730367240.0,0.0001480713633233,0.000148150122701,0.0001448939798374,0.0001461861413073,954.2702671070102
1730367300.0,0.0001461861413073,0.000158760919437,0.0001461861413073,0.0001570239354881,2284.6509273867377
1730367360.0,0.0001570239354881,0.0001630936344926,0.0001570239354881,0.0001589736627244,1894.174495683206
1730367420.0,0.0001589736627244,0.0001589736627244,0.0001388542329632,0.0001447478974749,2635.625170420763
1730367480.0,0.0001447478974749,0.0001447478974749,0.0001413227006809,0.0001413227006809,528.2480521510993
1730367540.0,0.0001413227006809,0.0001413227006809,0.0001276673575078,0.0001336094806326,2766.6661403493913
1730367600.0,0.0001336094806326,0.0001346994215864,0.0001322919251847,0.0001346994215864,239.6965782435516
1730367660.0,0.0001346994215864,0.0001367760580875,0.0001122673708746,0.0001183390831737,4868.3757329094915
1730367720.0,0.0001183390831737,0.0001226751390631,0.000107377507343,0.000107377507343,3965.227429908255
1730367780.0,0.000107377507343,0.0001214278395286,0.000107377507343,0.0001080711509683,5552.912337583841
1730367840.0,0.0001080711509683,0.0001084841009479,0.0001012167435461,0.0001060922865616,1495.2996571678282
1730367900.0,0.0001060922865616,0.000117653271118,0.0001026102273526,0.0001031957914647,2586.2731433033896
1730367960.0,0.0001031957914647,0.0001085064468315,0.0001025345987228,0.0001034962270411,1580.9425502622628
1730368020.0,0.0001034962270411,0.0001041101831697,0.0001015836352312,0.0001030871964613,776.074424639107
1730368080.0,0.0001030871964613,0.0001039839194073,8.578888913923624e-05,8.754616467816758e-05,2200.5768888498897
1730368140.0,8.754616467816758e-05,8.955791025738476e-05,8.749954498500082e-05,8.935262467522021e-05,1624.672869618464
1730368200.0,8.935262467522021e-05,9.00440871918702e-05,8.65357938645282e-05,8.65357938645282e-05,768.2331358772052
1730368260.0,8.65357938645282e-05,9.091207794011785e-05,8.447483048187904e-05,9.091207794011785e-05,1169.9030065551228
1730368320.0,9.091207794011785e-05,9.413159566547636e-05,9.091207794011785e-05,9.178987714233848e-05,923.7478864347348
1730368380.0,9.178987714233848e-05,9.375136158197763e-05,8.852099577359975e-05,8.887259534761536e-05,757.1827945163876
1730368440.0,8.887259534761536e-05,8.887259534761536e-05,8.289868202267532e-05,8.417812402603019e-05,2865.7901442390594
1730368500.0,8.417812402603019e-05,8.512872010796556e-05,8.202040346541711e-05,8.375202051102346e-05,949.4954778084972
1730368560.0,8.375202051102346e-05,8.851553577357758e-05,7.956774654139224e-05,7.984692975059216e-05,2485.719070290011
1730368620.0,7.984692975059216e-05,8.364593507263022e-05,7.482200480742863e-05,8.309501276485406e-05,1850.0217053945455
1730368680.0,8.309501276485406e-05,8.309501276485406e-05,7.034360929430899e-05,7.116963821001147e-05,1894.3608511977163
1730368740.0,7.116963821001147e-05,7.484423167576478e-05,6.86685660609396e-05,7.000994893669733e-05,2830.210989889044
1730368800.0,7.000994893669733e-05,7.637362850139075e-05,7.000994893669733e-05,7.637362850139075e-05,860.1665634854812
1730368860.0,7.637362850139075e-05,8.034059900929778e-05,7.575120841022055e-05,7.811460421930865e-05,1234.191170731806
1730368920.0,7.811460421930865e-05,7.837815258861626e-05,7.310339972120398e-05,7.345014850402632e-05,618.6532634172717
1730368980.0,7.345014850402632e-05,7.345014850402632e-05,6.128883588948499e-05,6.303254007881666e-05,2651.5233442000444
1730369040.0,6.303254007881666e-05,6.450296384075451e-05,6.23412463186993e-05,6.38473783707393e-05,582.0421980827496
1730369100.0,6.38473783707393e-05,6.38473783707393e-05,6.085421662744111e-05,6.085421662744111e-05,723.2442735169245
1730369160.0,6.085421662744111e-05,8.155342302489465e-05,6.085421662744111e-05,8.1076810259118e-05,3371.705105963412
1730369220.0,8.1076810259118e-05,8.1076810259118e-05,7.811554147335058e-05,7.811554147335058e-05,449.1300161247038
1730369280.0,7.811554147335058e-05,7.900786614055816e-05,7.634688525008193e-05,7.871885668332598e-05,934.4570866728284
1730369340.0,7.871885668332598e-05,8.434764487588202e-05,7.871885668332598e-05,8.078760920070278e-05,1647.0478458650316
1730369400.0,8.078760920070278e-05,8.154705078508367e-05,7.57872543675546e-05,7.57872543675546e-05,1070.9817778212926
1730369460.0,7.57872543675546e-05,7.57872543675546e-05,7.236865055418865e-05,7.42102675073173e-05,1081.9251036581118
1730369520.0,7.42102675073173e-05,7.461169883762708e-05,7.328784145538035e-05,7.452845181286326e-05,431.7211505064636
1730369580.0,7.452845181286326e-05,7.806983106776425e-05,6.941408056392386e-05,6.941408056392386e-05,1789.5615238517578
1730369640.0,6.941408056392386e-05,6.941408056392386e-05,6.132057106151745e-05,6.132057106151745e-05,939.1032158431176
1730369700.0,6.132057106151745e-05,6.152177452858996e-05,5.9172242971803933e-05,6.152177452858996e-05,848.0219527435753
1730369760.0,6.152177452858996e-05,6.877114099864053e-05,6.152177452858996e-05,6.877114099864053e-05,1015.9170774627814
1730369820.0,6.877114099864053e-05,7.178901521148454e-05,6.877114099864053e-05,7.178901521148454e-05,344.98320627720614
1730369880.0,7.178901521148454e-05,7.215068642432841e-05,7.135222313619824e-05,7.135222313619824e-05,90.23619734786116
1730369940.0,7.135222313619824e-05,7.135222313619824e-05,6.960879181006409e-05,6.974558881798132e-05,432.3916549212093
1730370000.0,6.974558881798132e-05,6.974558881798132e-05,6.853831667659558e-05,6.883985907690026e-05,223.9205660944372
1730370060.0,6.883985907690026e-05,6.88899079282033e-05,6.883985907690026e-05,6.88899079282033e-05,8.742612160769154
1730370120.0,6.88899079282033e-05,7.246742527995345e-05,6.88899079282033e-05,7.22618280347978e-05,985.4789760284832
1730370180.0,7.22618280347978e-05,7.89538057399535e-05,7.22618280347978e-05,7.818267503519201e-05,878.8769008948345
1730370240.0,7.818267503519201e-05,0.0001170938289324,7.771136203620233e-05,7.922760793355853e-05,7524.198618308984
1730370300.0,7.922760793355853e-05,8.062910501438281e-05,7.827878224248384e-05,7.853044571818765e-05,750.7509058154089
1730370360.0,7.853044571818765e-05,8.120517289111366e-05,7.816376641706558e-05,8.120517289111366e-05,287.8771091134752
1730370420.0,8.120517289111366e-05,8.190111456409293e-05,8.098460856419667e-05,8.175189589416648e-05,335.6013268291493
1730370480.0,8.175189589416648e-05,8.507269640351273e-05,8.175189589416648e-05,8.507269640351273e-05,259.8837144715284
1730370540.0,8.507269640351273e-05,8.868181223081989e-05,8.395056804012632e-05,8.868181223081989e-05,663.4932653809165
1730370600.0,8.868181223081989e-05,8.966195420112345e-05,8.78197017026004e-05,8.78197017026004e-05,367.2696701515153
1730370660.0,8.78197017026004e-05,8.80333759557185e-05,8.181436961183148e-05,8.181436961183148e-05,640.4799089576713
1730370720.0,8.181436961183148e-05,8.181436961183148e-05,8.004247203382186e-05,8.004247203382186e-05,210.9558933540808
1730370780.0,8.004247203382186e-05,8.004247203382186e-05,7.84311536517452e-05,7.84311536517452e-05,136.192637641021
1730370840.0,7.84311536517452e-05,7.86581242773524e-05,7.81282703379922e-05,7.81282703379922e-05,27.150851818650807
1730370900.0,7.81282703379922e-05,8.221348997204093e-05,7.81282703379922e-05,8.221348997204093e-05,422.08412503569406
1730370960.0,8.221348997204093e-05,8.221348997204093e-05,8.102153558170686e-05,8.130810263706733e-05,219.75231040679435
1730371020.0,8.130810263706733e-05,8.173456375708922e-05,8.130810263706733e-05,8.14392237574271e-05,50.27095570541529
1730371080.0,8.14392237574271e-05,8.14392237574271e-05,8.118349224011504e-05,8.118349224011504e-05,35.19089148959255
1730371140.0,8.118349224011504e-05,8.138167657250927e-05,7.868402059944234e-05,7.956561114974582e-05,401.001071109446
1730371200.0,7.956561114974582e-05,7.956561114974582e-05,7.939573218650378e-05,7.939573218650378e-05,13.598504030243436
1730371260.0,7.939573218650378e-05,7.939573218650378e-05,5.839494385987449e-05,5.839494385987449e-05,2883.512166482221
1730371320.0,5.839494385987449e-05,6.0519187474829e-05,5.786500713341819e-05,6.0519187474829e-05,650.5909428089927
1730371380.0,6.0519187474829e-05,6.098060339497889e-05,6.0236255285671045e-05,6.0236255285671045e-05,487.32233565754063
1730371440.0,6.0236255285671045e-05,6.0236255285671045e-05,5.595605532463456e-05,5.595605532463456e-05,599.9515374683263
1730371500.0,5.595605532463456e-05,5.629072892207688e-05,4.550509510261805e-05,4.5890652472523e-05,2122.3360700432886
1730371560.0,4.5890652472523e-05,4.82025471015488e-05,4.5890652472523e-05,4.761779794228253e-05,488.0493481188272
1730371620.0,4.761779794228253e-05,4.8175695806425896e-05,3.74636663303258e-05,4.266924781679297e-05,3354.9150755234
1730371680.0,4.266924781679297e-05,4.299727849697219e-05,3.701302629017275e-05,3.701302629017275e-05,1147.366823059427
1730371740.0,3.701302629017275e-05,3.707392107060836e-05,3.6159184247763955e-05,3.6159184247763955e-05,415.8466214163141
1730371800.0,3.6159184247763955e-05,3.6159184247763955e-05,3.338395434623623e-05,3.3820305633452674e-05,578.4634979195412
1730371860.0,3.3820305633452674e-05,3.489891347142976e-05,3.361603951284777e-05,3.361603951284777e-05,571.4081987493223
1730371920.0,3.361603951284777e-05,3.361603951284777e-05,2.8396898332771903e-05,3.001301072900554e-05,2449.031503067001
1730371980.0,3.001301072900554e-05,3.134033900217368e-05,3.001301072900554e-05,3.0723351783078637e-05,359.9432620844758
1730372040.0,3.0723351783078637e-05,3.515398652731135e-05,3.0675335715822255e-05,3.3541697552797685e-05,2761.7804786966094
1730372100.0,3.3541697552797685e-05,3.3541697552797685e-05,3.1532288177988765e-05,3.178093432460481e-05,522.1414139232201
1730372160.0,3.178093432460481e-05,3.3741812460182906e-05,3.115175787930124e-05,3.3741812460182906e-05,555.5033042314815
1730372220.0,3.3741812460182906e-05,3.4694790733435466e-05,3.3741812460182906e-05,3.4048959642006854e-05,463.4951158082495
1730372280.0,3.4048959642006854e-05,3.429373647724178e-05,3.374775636671119e-05,3.429373647724178e-05,106.25933655264878
1730372340.0,3.429373647724178e-05,3.8239948318747305e-05,3.420949029648896e-05,3.791921293756505e-05,634.7031399227321
1730372400.0,3.791921293756505e-05,3.791921293756505e-05,3.6467587008319585e-05,3.683587580404444e-05,230.72541708425751
1730372460.0,3.683587580404444e-05,3.744955977185101e-05,3.4361059438516085e-05,3.4491276358284244e-05,823.0938149830872
1730372520.0,3.4491276358284244e-05,3.857810235136837e-05,3.399283009617836e-05,3.857810235136837e-05,634.8901927562466
1730372580.0,3.857810235136837e-05,3.9665923616212355e-05,3.857810235136837e-05,3.9665923616212355e-05,200.3204763942444
1730372640.0,3.9665923616212355e-05,4.0381867561160266e-05,3.909775565274535e-05,3.909775565274535e-05,274.4159063344063
1730372700.0,3.909775565274535e-05,3.931377335734648e-05,3.585845654977597e-05,3.585845654977597e-05,558.8587289745606
1730372760.0,3.585845654977597e-05,3.585845654977597e-05,3.5293157330428236e-05,3.5439253035015396e-05,164.2869128822243
1730372820.0,3.5439253035015396e-05,3.564977652914841e-05,3.5232112784723724e-05,3.564977652914841e-05,139.0154763341404
1730372880.0,3.564977652914841e-05,3.9587088114439606e-05,3.564977652914841e-05,3.9587088114439606e-05,633.9076442851645
1730372940.0,3.9587088114439606e-05,3.9587088114439606e-05,3.82853466121671e-05,3.82853466121671e-05,214.7702081536001
1730373000.0,3.82853466121671e-05,3.949310438882368e-05,3.82853466121671e-05,3.949310438882368e-05,202.6577377021064
1730373060.0,3.949310438882368e-05,3.9850003436559e-05,3.949310438882368e-05,3.969278226241146e-05,70.68623191818763
1730373120.0,3.969278226241146e-05,3.969278226241146e-05,3.9220230730191864e-05,3.943820835232907e-05,122.2836271870478
1730373180.0,3.943820835232907e-05,4.098324985229943e-05,3.918504598740954e-05,4.098324985229943e-05,373.5205033521164
1730373240.0,4.098324985229943e-05,4.175065160920437e-05,4.098324985229943e-05,4.154718889860749e-05,37.95006328946689
1730373300.0,4.154718889860749e-05,4.185623974696944e-05,4.154718889860749e-05,4.185623974696944e-05,62.49599479730922
1730373360.0,4.185623974696944e-05,4.203028113615855e-05,4.185623974696944e-05,4.203028113615855e-05,9.56257962372838
1730373420.0,4.203028113615855e-05,4.377644325848005e-05,4.010936697725229e-05,4.010936697725229e-05,1029.1344822845251
1730373480.0,4.010936697725229e-05,4.0195035387306235e-05,3.951794285864333e-05,3.9525607411565576e-05,133.70710966997774
1730373540.0,3.9525607411565576e-05,3.963619002963969e-05,3.6164256452069915e-05,3.6164256452069915e-05,606.7243181377498
1730373600.0,3.6164256452069915e-05,3.6164256452069915e-05,3.54325353507547e-05,3.54325353507547e-05,171.3925346049847
1730373660.0,3.54325353507547e-05,3.54325353507547e-05,3.434855598645869e-05,3.4716301730016695e-05,112.71065040062588
1730373720.0,3.4716301730016695e-05,3.4716301730016695e-05,3.2176513815221434e-05,3.2176513815221434e-05,385.9277715102698
1730373780.0,3.2176513815221434e-05,3.2176513815221434e-05,3.069801496620064e-05,3.073492047744885e-05,188.60229853333732
1730373840.0,3.073492047744885e-05,3.090374973358933e-05,3.0499319758226496e-05,3.06612173049803e-05,183.13180733296895
1730373900.0,3.06612173049803e-05,3.345754670961281e-05,3.063240459579449e-05,3.275856692016685e-05,651.0234191068372
1730373960.0,3.275856692016685e-05,3.3315737884896877e-05,3.275856692016685e-05,3.3315737884896877e-05,108.53954348559796
1730374020.0,3.3315737884896877e-05,3.3315737884896877e-05,3.188227637772985e-05,3.188227637772985e-05,263.05052292994316
1730374080.0,3.188227637772985e-05,3.188227637772985e-05,3.188227637772985e-05,3.188227637772985e-05,0.0
1730374140.0,3.188227637772985e-05,3.5054747885002375e-05,3.188227637772985e-05,3.4162041592870115e-05,594.1793318493304
1730374200.0,3.4162041592870115e-05,3.514434045043064e-05,3.4162041592870115e-05,3.514434045043064e-05,1.5620469947331423
1730374260.0,3.514434045043064e-05,3.550088643002827e-05,3.495861734793385e-05,3.550088643002827e-05,64.23293809385089
1730374320.0,3.550088643002827e-05,3.561303321566546e-05,3.523597990405958e-05,3.523597990405958e-05,106.31508671014907
1730374380.0,3.523597990405958e-05,3.523597990405958e-05,3.2969971156280315e-05,3.2969971156280315e-05,369.8239242230136
1730374440.0,3.2969971156280315e-05,3.2969971156280315e-05,2.929512641281384e-05,2.929512641281384e-05,641.9799797185848
1730374500.0,2.929512641281384e-05,2.929512641281384e-05,2.8784946852092623e-05,2.8904789071581594e-05,65.89665965201922
1730374560.0,2.8904789071581594e-05,2.8904789071581594e-05,2.6473679275162508e-05,2.7058658645237367e-05,666.2277710140319
1730374620.0,2.7058658645237367e-05,2.764289587087247e-05,2.7058658645237367e-05,2.764289587087247e-05,190.29310876439948
1730374680.0,2.764289587087247e-05,2.777066142046578e-05,2.6900002326295325e-05,2.746962122868041e-05,240.4886978485209
1730374740.0,2.746962122868041e-05,2.746962122868041e-05,2.5913561455100583e-05,2.5913561455100583e-05,248.7054310511559
1730374800.0,2.5913561455100583e-05,2.5913561455100583e-05,2.5132517767956533e-05,2.5132517767956533e-05,145.4912752027056
1730374860.0,2.5132517767956533e-05,2.5132517767956533e-05,2.454496799528474e-05,2.454496799528474e-05,137.39065028477822
1730374920.0,2.454496799528474e-05,2.454496799528474e-05,2.1747932504533765e-05,2.1747932504533765e-05,746.3528169398588
1730374980.0,2.1747932504533765e-05,2.2886866600681776e-05,2.0202832023376476e-05,2.2886866600681776e-05,1140.2019179372496
1730375040.0,2.2886866600681776e-05,2.3610811871779985e-05,2.2355816525750444e-05,2.275894733677516e-05,375.29619396251
1730375100.0,2.275894733677516e-05,2.281829414456108e-05,2.1931943137656803e-05,2.1931943137656803e-05,212.76782187055787
1730375160.0,2.1931943137656803e-05,2.1931943137656803e-05,2.0262038141294353e-05,2.096189096664663e-05,596.9420084759065
1730375220.0,2.096189096664663e-05,2.096189096664663e-05,2.096189096664663e-05,2.096189096664663e-05,0.0
1730375280.0,2.096189096664663e-05,2.1610611362860684e-05,2.089455575896988e-05,2.1610611362860684e-05,241.2423197219813
1730375340.0,2.1610611362860684e-05,2.4560736801146017e-05,2.1610611362860684e-05,2.4560736801146017e-05,987.7815022861912
1730375400.0,2.4560736801146017e-05,2.4560736801146017e-05,2.2441152080845253e-05,2.2539407190701976e-05,58.80318349325547
1730375460.0,2.2539407190701976e-05,2.2539407190701976e-05,2.1444396867609454e-05,2.1444396867609454e-05,327.8299068748825
1730375520.0,2.1444396867609454e-05,2.1444396867609454e-05,2.082116832949974e-05,2.082116832949974e-05,31.35234685959514
1730375580.0,2.082116832949974e-05,2.082116832949974e-05,1.997213785452068e-05,2.0054336594593616e-05,176.1416068974661
1730375640.0,2.0054336594593616e-05,2.0054336594593616e-05,1.828645316204006e-05,1.828645316204006e-05,230.4739817222825
1730375700.0,1.828645316204006e-05,1.828645316204006e-05,1.807813167200699e-05,1.807813167200699e-05,107.93659298913472
1730375760.0,1.807813167200699e-05,1.9218971225769257e-05,1.7990329288118053e-05,1.9218971225769257e-05,271.7364483023581
1730375820.0,1.9218971225769257e-05,1.9301166747017985e-05,1.8306436504951824e-05,1.8306436504951824e-05,237.36722545177724
1730375880.0,1.8306436504951824e-05,1.8386067752783117e-05,1.8257522805950727e-05,1.8386067752783117e-05,20.4960115777863
1730375940.0,1.8386067752783117e-05,1.843708464007183e-05,1.8048012963581117e-05,1.8048012963581117e-05,69.77867253154199
1730376000.0,1.8048012963581117e-05,1.8048012963581117e-05,1.8048012963581117e-05,1.8048012963581117e-05,0.0
1730376060.0,1.8048012963581117e-05,1.8048012963581117e-05,1.7402605675387452e-05,1.7402605675387452e-05,154.07353597147653
1730376120.0,1.7402605675387452e-05,1.7402605675387452e-05,1.7402605675387452e-05,1.7402605675387452e-05,0.0
1730376180.0,1.7402605675387452e-05,1.7402605675387452e-05,1.704616172792611e-05,1.7205594936637083e-05,108.75144922401924
1730376240.0,1.7205594936637083e-05,1.7405808999416384e-05,1.719152550847833e-05,1.7405808999416384e-05,42.92080309315458
1730376300.0,1.7405808999416384e-05,1.7405808999416384e-05,1.7123294992982748e-05,1.7123294992982748e-05,89.55370784438375
1730376360.0,1.7123294992982748e-05,1.7123294992982748e-05,1.544519097641653e-05,1.544519097641653e-05,493.5455308549869
1730376420.0,1.544519097641653e-05,1.544519097641653e-05,1.4708620632425132e-05,1.5030691220298836e-05,95.8679108359477
1730376480.0,1.5030691220298836e-05,1.5447572265626816e-05,1.5030691220298836e-05,1.5447572265626816e-05,122.51774864212268
1730376540.0,1.5447572265626816e-05,1.5825057765378213e-05,1.5447572265626816e-05,1.5735714786654322e-05,85.26516450959171
1730376600.0,1.5735714786654322e-05,1.5735714786654322e-05,1.5735714786654322e-05,1.5735714786654322e-05,0.0
1730376660.0,1.5735714786654322e-05,1.5735714786654322e-05,1.4697611561122334e-05,1.4697611561122334e-05,254.04264780279655
1730376720.0,1.4697611561122334e-05,1.4697611561122334e-05,1.4639231860363755e-05,1.4639231860363755e-05,12.131362716489209
1730376780.0,1.4639231860363755e-05,1.4639231860363755e-05,1.4607314140108895e-05,1.4607314140108895e-05,2.877476201587859
1730376840.0,1.4607314140108895e-05,1.4721017454376344e-05,1.4607314140108895e-05,1.4721017454376344e-05,32.80557826200632
1730376900.0,1.4721017454376344e-05,1.539014353751615e-05,1.4721017454376344e-05,1.539014353751615e-05,206.19724928822424
1730376960.0,1.539014353751615e-05,1.7137126249886314e-05,1.539014353751615e-05,1.7137126249886314e-05,335.4576272460987
1730377020.0,1.7137126249886314e-05,1.7137126249886314e-05,1.595764590958342e-05,1.595764590958342e-05,312.1988063513712
1730377080.0,1.595764590958342e-05,1.595764590958342e-05,1.572618692181003e-05,1.572618692181003e-05,50.40483108789439
1730377140.0,1.572618692181003e-05,1.5891000598229038e-05,1.572618692181003e-05,1.5891000598229038e-05,43.72685354297747
1730377200.0,1.5891000598229038e-05,1.6012238879747053e-05,1.5891000598229038e-05,1.6012238879747053e-05,47.54845875721723
1730377260.0,1.6012238879747053e-05,1.6267127373114414e-05,1.6012238879747053e-05,1.6267127373114414e-05,37.65265888900685
1730377320.0,1.6267127373114414e-05,1.6267127373114414e-05,1.6267127373114414e-05,1.6267127373114414e-05,0.0
1730377380.0,1.6267127373114414e-05,1.6267127373114414e-05,1.6267127373114414e-05,1.6267127373114414e-05,0.0
1730377440.0,1.6267127373114414e-05,1.6412991092249605e-05,1.6267127373114414e-05,1.6412991092249605e-05,31.59572110437133
1730377500.0,1.6412991092249605e-05,1.6412991092249605e-05,1.5611685176918288e-05,1.5699263149835123e-05,222.08933317530025
1730377560.0,1.5699263149835123e-05,1.585414518412952e-05,1.5676931626605542e-05,1.585414518412952e-05,61.80815824907948
1730377620.0,1.585414518412952e-05,1.5883930362193617e-05,1.485859146051279e-05,1.485859146051279e-05,275.70802432946067
1730377680.0,1.485859146051279e-05,1.485859146051279e-05,1.4629068495597156e-05,1.4629068495597156e-05,44.46151849041534
1730377740.0,1.4629068495597156e-05,1.4638657082081531e-05,1.4582718964515774e-05,1.4582718964515774e-05,26.33348107846297
1730377800.0,1.4582718964515774e-05,1.4582718964515774e-05,1.4312848121475347e-05,1.4312848121475347e-05,110.27668367033932
1730377860.0,1.4312848121475347e-05,1.4312848121475347e-05,1.3917191532369472e-05,1.3917191532369472e-05,57.04335564725224
1730377920.0,1.3917191532369472e-05,1.3917191532369472e-05,1.381214618135788e-05,1.381214618135788e-05,1.1787357914385874
1730377980.0,1.381214618135788e-05,1.381214618135788e-05,1.3291626240507934e-05,1.3291626240507934e-05,143.10560572708889
1730378040.0,1.3291626240507934e-05,1.3291626240507934e-05,1.2955707138198602e-05,1.2955707138198602e-05,76.40965706661055
1730378100.0,1.2955707138198602e-05,1.3335843236566967e-05,1.2955707138198602e-05,1.3335843236566967e-05,159.7996149545934
1730378160.0,1.3335843236566967e-05,1.3335843236566967e-05,1.3335843236566967e-05,1.3335843236566967e-05,0.0
1730378220.0,1.3335843236566967e-05,1.3335843236566967e-05,1.3335843236566967e-05,1.3335843236566967e-05,0.0
1730378280.0,1.3335843236566967e-05,1.3335843236566967e-05,1.3333170601416883e-05,1.3333170601416883e-05,128.87533373771606
1730378340.0,1.3333170601416883e-05,1.3333170601416883e-05,1.1287072687723666e-05,1.2150444334006357e-05,1207.1185930741442
1730378400.0,1.2150444334006357e-05,1.3651918143585147e-05,1.2150444334006357e-05,1.3624787032752494e-05,80.42026719928529
1730378460.0,1.3624787032752494e-05,1.3624787032752494e-05,1.3624787032752494e-05,1.3624787032752494e-05,0.0
1730378520.0,1.3624787032752494e-05,1.374038888570698e-05,1.3624787032752494e-05,1.374038888570698e-05,24.792316629413445
1730378580.0,1.374038888570698e-05,1.3794792774663567e-05,1.374038888570698e-05,1.3794792774663567e-05,1.5189658779992743
1730378640.0,1.3794792774663567e-05,1.4454484101888653e-05,1.3794792774663567e-05,1.4454484101888653e-05,173.44022820969673
1730378700.0,1.4454484101888653e-05,1.4454484101888653e-05,1.3863868718503008e-05,1.3896290465756428e-05,214.0475688636268
1730378760.0,1.3896290465756428e-05,1.3896290465756428e-05,1.3832537895042215e-05,1.3832537895042215e-05,9.649828661392082
1730378820.0,1.3832537895042215e-05,1.3832537895042215e-05,1.374134354266999e-05,1.380039479030749e-05,76.0068855980965
1730378880.0,1.380039479030749e-05,1.380039479030749e-05,1.380039479030749e-05,1.380039479030749e-05,0.0
1730378940.0,1.380039479030749e-05,1.380039479030749e-05,1.3778819178219784e-05,1.3778819178219784e-05,3.902478426744872
1730379000.0,1.3778819178219784e-05,1.3778819178219784e-05,1.3621511401751688e-05,1.3621511401751688e-05,40.16847533320472
1730379060.0,1.3621511401751688e-05,1.3621511401751688e-05,1.3621511401751688e-05,1.3621511401751688e-05,0.0
1730379120.0,1.3621511401751688e-05,1.3621511401751688e-05,1.3082705296124488e-05,1.3082705296124488e-05,176.78413779596232
1730379180.0,1.3082705296124488e-05,1.3082705296124488e-05,1.3082705296124488e-05,1.3082705296124488e-05,0.0
1730379240.0,1.3082705296124488e-05,1.3082705296124488e-05,1.2693074909084654e-05,1.2693074909084654e-05,113.6102038527118
1730379300.0,1.2693074909084654e-05,1.2693074909084654e-05,1.2473742517450598e-05,1.2473742517450598e-05,2.0442710896391145
1730379360.0,1.2473742517450598e-05,1.2473742517450598e-05,1.2473742517450598e-05,1.2473742517450598e-05,0.0
1730379420.0,1.2473742517450598e-05,1.2542994119813404e-05,1.2473742517450598e-05,1.2542994119813404e-05,7.689014917069232
1730379480.0,1.2542994119813404e-05,1.2542994119813404e-05,1.2542994119813404e-05,1.2542994119813404e-05,0.0
1730379540.0,1.2542994119813404e-05,1.2542994119813404e-05,1.2468581124971228e-05,1.2468581124971228e-05,12.468581124971228
1730379600.0,1.2468581124971228e-05,1.2468581124971228e-05,1.2282578937172364e-05,1.2282578937172364e-05,85.97805256020655
1730379660.0,1.2282578937172364e-05,1.2282578937172364e-05,1.2282578937172364e-05,1.2282578937172364e-05,0.0
1730379720.0,1.2282578937172364e-05,1.2282578937172364e-05,1.2095442741365876e-05,1.2095442741365876e-05,4.552362302437603
1730379780.0,1.2095442741365876e-05,1.2095442741365876e-05,1.1807682307750918e-05,1.1807682307750918e-05,76.79977735871314
1730379840.0,1.1807682307750918e-05,1.1807682307750918e-05,1.1807682307750918e-05,1.1807682307750918e-05,0.0
1730379900.0,1.1807682307750918e-05,1.1807682307750918e-05,1.17931544265438e-05,1.17931544265438e-05,0.776571447747282
1730379960.0,1.17931544265438e-05,1.17931544265438e-05,1.1640049380198929e-05,1.1640049380198929e-05,79.48488754863345
1730380020.0,1.1640049380198929e-05,1.1640049380198929e-05,1.1640049380198929e-05,1.1640049380198929e-05,0.0
1730380080.0,1.1640049380198929e-05,1.1640049380198929e-05,1.1473625060536413e-05,1.1473625060536413e-05,5.1705031956200855
1730380140.0,1.1473625060536413e-05,1.1872994443738875e-05,1.1443386659599684e-05,1.1872994443738875e-05,212.57170872814513
1730380200.0,1.1872994443738875e-05,1.2506115169093668e-05,1.1872994443738875e-05,1.2506115169093668e-05,114.6773481001412
1730380260.0,1.2506115169093668e-05,1.2673346698602656e-05,1.2506115169093668e-05,1.2673346698602656e-05,27.50974560223914
1730380320.0,1.2673346698602656e-05,1.2673346698602656e-05,1.2673346698602656e-05,1.2673346698602656e-05,0.0
1730380380.0,1.2673346698602656e-05,1.2739194064964376e-05,1.2581895575166635e-05,1.2581895575166635e-05,82.10476037502328
1730380440.0,1.2581895575166635e-05,1.2754202464868003e-05,1.2286862139848496e-05,1.2754202464868003e-05,232.20754660625607
1730380500.0,1.2754202464868003e-05,1.2754202464868003e-05,1.2754202464868003e-05,1.2754202464868003e-05,0.0
1730380560.0,1.2754202464868003e-05,1.285834611588878e-05,1.2754202464868003e-05,1.285834611588878e-05,35.63525386002431
1730380620.0,1.285834611588878e-05,1.285834611588878e-05,1.2757430682051742e-05,1.2757430682051742e-05,28.089425884317485
1730380680.0,1.2757430682051742e-05,1.2790372023627422e-05,1.2757430682051742e-05,1.2790372023627422e-05,2.2251914260926977
1730380740.0,1.2790372023627422e-05,1.2790372023627422e-05,1.2790372023627422e-05,1.2790372023627422e-05,0.0
1730380800.0,1.2790372023627422e-05,1.2790372023627422e-05,1.2660124733886867e-05,1.2660124733886867e-05,18.128072091848445
1730380860.0,1.2660124733886867e-05,1.2660124733886867e-05,1.2636845754374237e-05,1.2636845754374237e-05,10.51358747710033
1730380920.0,1.2636845754374237e-05,1.2636845754374237e-05,1.2636845754374237e-05,1.2636845754374237e-05,0.0
1730380980.0,1.2636845754374237e-05,1.2636845754374237e-05,1.253571499700692e-05,1.253571499700692e-05,1.253571499700692e-05
1730381040.0,1.253571499700692e-05,1.253571499700692e-05,1.253571499700692e-05,1.253571499700692e-05,0.0
1730381100.0,1.253571499700692e-05,1.261276212765329e-05,1.1930224078638283e-05,1.1930224078638283e-05,345.6341662543606
1730381160.0,1.1930224078638283e-05,1.1930224078638283e-05,1.0827156576561109e-05,1.0827156576561109e-05,153.33471766322236
1730381220.0,1.0827156576561109e-05,1.0827156576561109e-05,1.075474468942566e-05,1.075474468942566e-05,20.593639429570057
1730381280.0,1.075474468942566e-05,1.0771088756574622e-05,1.0583490132944912e-05,1.0656251229379411e-05,160.89784274741498
1730381340.0,1.0656251229379411e-05,1.0656251229379411e-05,9.064543859782188e-06,9.064660463323856e-06,496.6865622628739
1730381400.0,9.064660463323856e-06,9.064660463323856e-06,8.906103770247778e-06,8.906103770247778e-06,42.00599035776405
1730381460.0,8.906103770247778e-06,8.906103770247778e-06,8.812240343718805e-06,8.849202362036507e-06,53.075166895517114
1730381520.0,8.849202362036507e-06,8.849202362036507e-06,8.816611993659925e-06,8.816611993659925e-06,10.423223780334787
1730381580.0,8.816611993659925e-06,8.816611993659925e-06,8.684924088773924e-06,8.684924088773924e-06,42.63575892335478
1730381640.0,8.684924088773924e-06,8.684924088773924e-06,8.684924088773924e-06,8.684924088773924e-06,0.0
1730381700.0,8.684924088773924e-06,8.684924088773924e-06,8.684924088773924e-06,8.684924088773924e-06,0.0
1730381760.0,8.684924088773924e-06,8.720622698898461e-06,8.684924088773924e-06,8.720622698898461e-06,0.3018859092238764
1730381820.0,8.720622698898461e-06,8.720622698898461e-06,8.720622698898461e-06,8.720622698898461e-06,0.0
1730381880.0,8.720622698898461e-06,8.720622698898461e-06,8.716937262902648e-06,8.716937262902648e-06,5.207068613752224
1730381940.0,8.716937262902648e-06,8.716937262902648e-06,8.716937262902648e-06,8.716937262902648e-06,0.0
1730382000.0,8.716937262902648e-06,8.716937262902648e-06,8.68154224883786e-06,8.68154224883786e-06,0.2477981468461318
1730382060.0,8.68154224883786e-06,8.68154224883786e-06,8.68154224883786e-06,8.68154224883786e-06,0.0
1730382120.0,8.68154224883786e-06,8.68154224883786e-06,8.680418543581337e-06,8.680418543581337e-06,0.23273469976406
1730382180.0,8.680418543581337e-06,8.79209877523191e-06,8.680418543581337e-06,8.79209877523191e-06,41.65494813176118
1730382240.0,8.79209877523191e-06,8.807293948366904e-06,8.79209877523191e-06,8.807293948366904e-06,5.905347885544566
1730382300.0,8.807293948366904e-06,8.807293948366904e-06,8.807293948366904e-06,8.807293948366904e-06,0.0
1730382360.0,8.807293948366904e-06,8.807293948366904e-06,8.44380603813401e-06,8.44380603813401e-06,212.40605516797632
1730382420.0,8.44380603813401e-06,8.44380603813401e-06,8.44380603813401e-06,8.44380603813401e-06,0.0
1730382480.0,8.44380603813401e-06,8.44380603813401e-06,8.44380603813401e-06,8.44380603813401e-06,0.0
1730382540.0,8.44380603813401e-06,8.44380603813401e-06,8.44380603813401e-06,8.44380603813401e-06,0.0
1730382600.0,8.44380603813401e-06,8.44380603813401e-06,8.064611634909418e-06,8.064611634909418e-06,1.1232946672245945
1730382660.0,8.064611634909418e-06,8.064611634909418e-06,8.003484856814777e-06,8.003484856814777e-06,37.44076556052011
1730382720.0,8.003484856814777e-06,8.003484856814777e-06,7.94227953802514e-06,7.94227953802514e-06,1.3817496706896273
1730382780.0,7.94227953802514e-06,7.94227953802514e-06,7.92763191586773e-06,7.92763191586773e-06,7.927631915867731
1730382840.0,7.92763191586773e-06,7.92763191586773e-06,7.92763191586773e-06,7.92763191586773e-06,0.0
1730382900.0,7.92763191586773e-06,8.532483638886767e-06,7.900209443854911e-06,8.1519785371863e-06,387.7482628362907
1730382960.0,8.1519785371863e-06,8.1519785371863e-06,8.123381073534602e-06,8.123381073534602e-06,1.3547190995205156
1730383020.0,8.123381073534602e-06,8.123381073534602e-06,8.123381073534602e-06,8.123381073534602e-06,0.0
1730383080.0,8.123381073534602e-06,8.123381073534602e-06,8.09026012140467e-06,8.09026012140467e-06,12.039930696224085
1730383140.0,8.09026012140467e-06,8.09026012140467e-06,8.09026012140467e-06,8.09026012140467e-06,0.0
1730383200.0,8.09026012140467e-06,8.09026012140467e-06,8.09026012140467e-06,8.09026012140467e-06,0.0
1730383260.0,8.09026012140467e-06,8.133311876751837e-06,8.09026012140467e-06,8.133311876751837e-06,16.547312348369935
1730383320.0,8.133311876751837e-06,8.133311876751837e-06,8.111376387481786e-06,8.111376387481786e-06,0.2920506552495506
1730383380.0,8.111376387481786e-06,8.161216134255259e-06,8.111376387481786e-06,8.143252121758448e-06,17.8851148326399
1730383440.0,8.143252121758448e-06,8.143252121758448e-06,8.143252121758448e-06,8.143252121758448e-06,0.0
1730383500.0,8.143252121758448e-06,8.143252121758448e-06,8.143252121758448e-06,8.143252121758448e-06,0.0
1730383560.0,8.143252121758448e-06,8.442774293394205e-06,8.143252121758448e-06,8.442774293394205e-06,124.86786418910457
1730383620.0,8.442774293394205e-06,8.563973269343427e-06,8.442774293394205e-06,8.563973269343427e-06,25.75630056488083
1730383680.0,8.563973269343427e-06,8.563973269343427e-06,8.563973269343427e-06,8.563973269343427e-06,0.0
1730383740.0,8.563973269343427e-06,8.593308971624627e-06,8.563973269343427e-06,8.593308971624627e-06,17.10674008124761
1730383800.0,8.593308971624627e-06,8.666912179362638e-06,8.593308971624627e-06,8.666912179362638e-06,16.342707892453483
1730383860.0,8.666912179362638e-06,8.666912179362638e-06,8.666912179362638e-06,8.666912179362638e-06,0.0
1730383920.0,8.666912179362638e-06,8.684313471612791e-06,8.666912179362638e-06,8.684313471612791e-06,1.0012281822954818
1730383980.0,8.684313471612791e-06,8.684313471612791e-06,8.47217928215931e-06,8.47217928215931e-06,103.08348626499468
1730384040.0,8.47217928215931e-06,8.47217928215931e-06,8.47217928215931e-06,8.47217928215931e-06,0.0
1730384100.0,8.47217928215931e-06,8.47217928215931e-06,8.300785919657644e-06,8.300785919657644e-06,2.7709398541796864
1730384160.0,8.300785919657644e-06,8.300785919657644e-06,8.291271312501326e-06,8.291271312501326e-06,4.525076662337569
1730384220.0,8.291271312501326e-06,8.343161470530978e-06,8.291271312501326e-06,8.343161470530978e-06,9.970209770308571
1730384280.0,8.343161470530978e-06,8.343161470530978e-06,8.343161470530978e-06,8.343161470530978e-06,0.0
1730384340.0,8.343161470530978e-06,8.343161470530978e-06,8.343161470530978e-06,8.343161470530978e-06,0.0
1730384400.0,8.343161470530978e-06,8.36668234914186e-06,8.324457081660372e-06,8.36668234914186e-06,13.762727542053629
1730384460.0,8.36668234914186e-06,8.36668234914186e-06,8.320084974047413e-06,8.320084974047413e-06,10.083774567045516
1730384520.0,8.320084974047413e-06,8.320084974047413e-06,8.320084974047413e-06,8.320084974047413e-06,0.0
1730384580.0,8.320084974047413e-06,8.320084974047413e-06,8.320084974047413e-06,8.320084974047413e-06,0.0
1730384640.0,8.320084974047413e-06,8.320084974047413e-06,8.320084974047413e-06,8.320084974047413e-06,0.0
1730384700.0,8.320084974047413e-06,8.320084974047413e-06,8.277092100595185e-06,8.277092100595185e-06,7.797148641861506
1730384760.0,8.277092100595185e-06,8.277092100595185e-06,8.235553260097609e-06,8.235553260097609e-06,5.318747846763002
1730384820.0,8.235553260097609e-06,8.235553260097609e-06,8.151693461438368e-06,8.151693461438368e-06,45.53810679629123
1730384880.0,8.151693461438368e-06,8.151693461438368e-06,8.151693461438368e-06,8.151693461438368e-06,0.0
1730384940.0,8.151693461438368e-06,8.151693461438368e-06,8.151693461438368e-06,8.151693461438368e-06,0.0
1730385000.0,8.151693461438368e-06,8.151693461438368e-06,8.151693461438368e-06,8.151693461438368e-06,0.0
1730385060.0,8.151693461438368e-06,8.151693461438368e-06,8.151693461438368e-06,8.151693461438368e-06,0.0
1730385120.0,8.151693461438368e-06,8.151693461438368e-06,8.134800788094683e-06,8.134800788094683e-06,17.06281799001482
1730385180.0,8.134800788094683e-06,8.134800788094683e-06,8.097908951401448e-06,8.097908951401448e-06,15.193921476678923
1730385240.0,8.097908951401448e-06,8.097908951401448e-06,7.97989970418726e-06,7.97989970418726e-06,58.90227477168824
1730385300.0,7.97989970418726e-06,7.97989970418726e-06,7.97989970418726e-06,7.97989970418726e-06,0.0
1730385360.0,7.97989970418726e-06,7.97989970418726e-06,7.97989970418726e-06,7.97989970418726e-06,0.0
1730385420.0,7.97989970418726e-06,7.97989970418726e-06,7.97989970418726e-06,7.97989970418726e-06,0.0
1730385480.0,7.97989970418726e-06,7.97989970418726e-06,7.870143973740301e-06,7.870143973740301e-06,15.484505701919442
1730385540.0,7.870143973740301e-06,7.870143973740301e-06,7.844556255868036e-06,7.844556255868036e-06,0.7588193468155494
1730385600.0,7.844556255868036e-06,7.904251262204721e-06,7.844556255868036e-06,7.904251262204721e-06,13.66529562744739
1730385660.0,7.904251262204721e-06,7.904251262204721e-06,7.904251262204721e-06,7.904251262204721e-06,0.0
1730385720.0,7.904251262204721e-06,7.904251262204721e-06,7.904251262204721e-06,7.904251262204721e-06,0.0
1730385780.0,7.904251262204721e-06,7.904251262204721e-06,7.904251262204721e-06,7.904251262204721e-06,0.0
1730385840.0,7.904251262204721e-06,7.904251262204721e-06,7.904251262204721e-06,7.904251262204721e-06,0.0
1730385900.0,7.904251262204721e-06,7.904251262204721e-06,7.904251262204721e-06,7.904251262204721e-06,0.0
1730385960.0,7.904251262204721e-06,7.904251262204721e-06,7.848132914037256e-06,7.848132914037256e-06,2.3492763116502227
1730386020.0,7.848132914037256e-06,7.848132914037256e-06,7.805487211658725e-06,7.805487211658725e-06,5.4272334755081735
1730386080.0,7.805487211658725e-06,7.805487211658725e-06,7.805487211658725e-06,7.805487211658725e-06,0.0
1730386140.0,7.805487211658725e-06,7.805487211658725e-06,7.805487211658725e-06,7.805487211658725e-06,0.0
1730386200.0,7.805487211658725e-06,7.805487211658725e-06,7.805487211658725e-06,7.805487211658725e-06,0.0
1730386260.0,7.805487211658725e-06,7.805487211658725e-06,7.79950553939974e-06,7.79950553939974e-06,14.707088072208494
1730386320.0,7.79950553939974e-06,7.79950553939974e-06,7.79950553939974e-06,7.79950553939974e-06,0.0
1730386380.0,7.79950553939974e-06,7.79950553939974e-06,7.79950553939974e-06,7.79950553939974e-06,0.0
1730386440.0,7.79950553939974e-06,7.79950553939974e-06,7.79950553939974e-06,7.79950553939974e-06,0.0
1730386500.0,7.79950553939974e-06,7.79950553939974e-06,7.782233929171108e-06,7.782233929171108e-06,1.0360574944929086
1730386560.0,7.782233929171108e-06,7.782233929171108e-06,7.782233929171108e-06,7.782233929171108e-06,0.0
1730386620.0,7.782233929171108e-06,7.782233929171108e-06,7.782233929171108e-06,7.782233929171108e-06,0.0
1730386680.0,7.782233929171108e-06,7.782233929171108e-06,7.782233929171108e-06,7.782233929171108e-06,0.0
1730386740.0,7.782233929171108e-06,7.782233929171108e-06,7.782233929171108e-06,7.782233929171108e-06,0.0
1730386800.0,7.782233929171108e-06,7.792774996329578e-06,7.782233929171108e-06,7.792774996329578e-06,5.655772584382067
1730386860.0,7.792774996329578e-06,7.795885175495769e-06,7.792774996329578e-06,7.795885175495769e-06,0.989352469599488
1730386920.0,7.795885175495769e-06,7.795885175495769e-06,7.795885175495769e-06,7.795885175495769e-06,0.0
1730386980.0,7.795885175495769e-06,7.795885175495769e-06,7.77280170698402e-06,7.77280170698402e-06,1.358474028963971
1730387040.0,7.77280170698402e-06,7.77280170698402e-06,7.77280170698402e-06,7.77280170698402e-06,0.0
1730387100.0,7.77280170698402e-06,7.77280170698402e-06,7.77280170698402e-06,7.77280170698402e-06,0.0
1730387160.0,7.77280170698402e-06,7.835278328964919e-06,7.77280170698402e-06,7.835278328964919e-06,17.043921556259424
1730387220.0,7.835278328964919e-06,7.835278328964919e-06,7.835278328964919e-06,7.835278328964919e-06,0.0
1730387280.0,7.835278328964919e-06,7.895947607024143e-06,7.835278328964919e-06,7.895947607024143e-06,1.1979112669137586
1730387340.0,7.895947607024143e-06,7.895947607024143e-06,7.854112734430503e-06,7.854112734430503e-06,2.731585370621949
1730387400.0,7.854112734430503e-06,7.854112734430503e-06,7.847153060231906e-06,7.847153060231906e-06,1.9187211739892611
1730387460.0,7.847153060231906e-06,7.847153060231906e-06,7.817103002452187e-06,7.817103002452187e-06,17.218781301258
1730387520.0,7.817103002452187e-06,7.817103002452187e-06,7.817103002452187e-06,7.817103002452187e-06,0.0
1730387580.0,7.817103002452187e-06,7.817103002452187e-06,7.817103002452187e-06,7.817103002452187e-06,0.0
1730387640.0,7.817103002452187e-06,7.817103002452187e-06,7.817103002452187e-06,7.817103002452187e-06,0.0
1730387700.0,7.817103002452187e-06,7.817103002452187e-06,7.817103002452187e-06,7.817103002452187e-06,0.0
1730387760.0,7.817103002452187e-06,7.817103002452187e-06,7.817103002452187e-06,7.817103002452187e-06,0.0
1730387820.0,7.817103002452187e-06,7.817103002452187e-06,7.817103002452187e-06,7.817103002452187e-06,0.0
1730387880.0,7.817103002452187e-06,7.817103002452187e-06,7.817103002452187e-06,7.817103002452187e-06,0.0
1730387940.0,7.817103002452187e-06,7.817103002452187e-06,7.780311028858139e-06,7.780311028858139e-06,10.149694996440504
1730388000.0,7.780311028858139e-06,7.780311028858139e-06,7.780311028858139e-06,7.780311028858139e-06,0.0
1730388060.0,7.780311028858139e-06,7.780311028858139e-06,7.765215415284132e-06,7.765215415284132e-06,1.10383646371426
1730388120.0,7.765215415284132e-06,7.765215415284132e-06,7.765215415284132e-06,7.765215415284132e-06,0.0
1730388180.0,7.765215415284132e-06,7.765215415284132e-06,7.765215415284132e-06,7.765215415284132e-06,0.0
1730388240.0,7.765215415284132e-06,7.765215415284132e-06,7.765215415284132e-06,7.765215415284132e-06,0.0
1730388300.0,7.765215415284132e-06,7.76726831879113e-06,7.752487799895032e-06,7.752487799895032e-06,9.467306972960069
1730388360.0,7.752487799895032e-06,7.752487799895032e-06,7.752487799895032e-06,7.752487799895032e-06,0.0
1730388420.0,7.752487799895032e-06,7.752487799895032e-06,7.73704770194137e-06,7.73704770194137e-06,3.874422475812347
1730388480.0,7.73704770194137e-06,7.73704770194137e-06,7.73704770194137e-06,7.73704770194137e-06,0.0
1730388540.0,7.73704770194137e-06,7.73704770194137e-06,7.73704770194137e-06,7.73704770194137e-06,0.0
1730388600.0,7.73704770194137e-06,7.73704770194137e-06,7.73704770194137e-06,7.73704770194137e-06,0.0
1730388660.0,7.73704770194137e-06,7.73704770194137e-06,7.73704770194137e-06,7.73704770194137e-06,0.0
