0,1,2,3,4,5
1737954600,8.96186227278029e-06,8.96186227278029e-06,8.85381363469272e-06,8.85381363469272e-06,43.05714518134
1737954360,8.85867968326732e-06,8.96186227278029e-06,8.85867968326732e-06,8.96186227278029e-06,5.53659298936
1737954120,8.76748831831507e-06,8.99616744733925e-06,8.76748831831507e-06,8.85867968326732e-06,136.6371909044
1737954000,8.79906334861226e-06,8.79906334861226e-06,8.76748831831507e-06,8.76748831831507e-06,1.78106017496
1737953700,8.7991621191e-06,8.7991621191e-06,8.79906334861226e-06,8.79906334861226e-06,0.59479682486
1737953460,8.81842116317852e-06,8.81842116317852e-06,8.7991621191e-06,8.7991621191e-06,8.7991621191
1737953280,8.82595524608654e-06,8.82595524608654e-06,8.81842116317852e-06,8.81842116317852e-06,1.4646571327
1737952920,8.8695039740653e-06,8.8695039740653e-06,8.82595524608654e-06,8.82595524608654e-06,2.02290524168
1737952800,8.83100689842564e-06,8.8695039740653e-06,8.83100689842564e-06,8.8695039740653e-06,0.92038962
1737952740,8.84636058289548e-06,8.84636058289548e-06,8.83100689842564e-06,8.83100689842564e-06,1.79741042061
1737952560,9.24819218116431e-06,9.24819218116431e-06,8.84636058289548e-06,8.84636058289548e-06,2.9260852909
1737952440,9.67759475532219e-06,9.67759475532219e-06,9.24819218116431e-06,9.24819218116431e-06,287.66348578818
1737952260,9.7253408195467e-06,9.7253408195467e-06,9.67759475532219e-06,9.67759475532219e-06,0.94264927623
1737952200,9.72155044965096e-06,9.7253408195467e-06,9.72155044965096e-06,9.7253408195467e-06,1.9794378075
1737952140,9.64862381614896e-06,9.72155044965096e-06,9.64862381614896e-06,9.72155044965096e-06,12.6870357
1737952080,9.70200637109364e-06,9.70200637109364e-06,9.64862381614896e-06,9.64862381614896e-06,2.59508616143
1737951960,9.64160308987616e-06,9.70200637109364e-06,9.64160308987616e-06,9.70200637109364e-06,4.6180104
1737951840,9.61233195431349e-06,9.64160308987616e-06,9.61233195431349e-06,9.64160308987616e-06,20.7310752
1737951780,9.61056136155345e-06,9.61233195431349e-06,9.59798981863e-06,9.61233195431349e-06,10.39726082439
1737951240,9.58822366941968e-06,9.61056136155345e-06,9.57899377429907e-06,9.61056136155345e-06,21.78759777
1737951060,9.57077221435307e-06,9.58822366941968e-06,9.57077221435307e-06,9.58822366941968e-06,11.622363
1737950820,9.58247157637301e-06,9.64879675127227e-06,9.57077221435307e-06,9.57077221435307e-06,53.93912746487
1737950760,9.75918934211399e-06,9.75918934211399e-06,9.58247157637301e-06,9.58247157637301e-06,3.25744616625
1737950640,9.94474110690136e-06,9.9804082577397e-06,9.75918934211399e-06,9.75918934211399e-06,115.48225331647
1737950340,1.04700233231e-05,1.04700233231e-05,9.94474110690136e-06,9.94474110690136e-06,171.7838039232
1737949860,1.04903393235e-05,1.04903393235e-05,1.04700233231e-05,1.04700233231e-05,1.04700233231
1737949740,1.04967455905801e-05,1.04967455905801e-05,1.04903393235e-05,1.04903393235e-05,2.0980678647
1737949680,1.04918830096732e-05,1.05463771712609e-05,1.04918830096732e-05,1.04967455905801e-05,2.19373423506
1737949620,1.04984973677951e-05,1.04984973677951e-05,1.04918830096732e-05,1.04918830096732e-05,0.29939530335
1737949320,1.05001852616361e-05,1.05001852616361e-05,1.04984973677951e-05,1.04984973677951e-05,0.25214311928
1737949140,1.05880901315231e-05,1.05880901315231e-05,1.05001852616361e-05,1.05001852616361e-05,0.57150188255
1737948660,1.05189055953701e-05,1.05880901315231e-05,1.05189055953701e-05,1.05880901315231e-05,0.93950574
1737947760,1.05501091388806e-05,1.05501091388806e-05,1.05189055953701e-05,1.05189055953701e-05,3.38041199856
1737947640,1.04703703648829e-05,1.05501091388806e-05,1.04703703648829e-05,1.05501091388806e-05,11.711598
1737947520,1.05087736634055e-05,1.05087736634055e-05,1.04703703648829e-05,1.04703703648829e-05,4.90554859746
1737947400,1.04858841599474e-05,1.05087736634055e-05,1.04858841599474e-05,1.05087736634055e-05,1.86751008
1737947340,1.043868080178e-05,1.04858841599474e-05,1.043868080178e-05,1.04858841599474e-05,7.0569
1737947280,1.04692602490992e-05,1.05064909652431e-05,1.043868080178e-05,1.043868080178e-05,10.71334522944
1737947220,1.05178361820298e-05,1.05178361820298e-05,1.04692602490992e-05,1.04692602490992e-05,10.35208699326
1737947160,1.05736087582114e-05,1.05736087582114e-05,1.05178361820298e-05,1.05178361820298e-05,22.3306280631
1737946680,1.05404747740532e-05,1.05736087582114e-05,1.05404747740532e-05,1.05736087582114e-05,0.24829855271
1737946380,1.05156822938889e-05,1.05404747740532e-05,1.0499615702143e-05,1.05404747740532e-05,13.80910621174
1737946200,1.06043704875813e-05,1.06043704875813e-05,1.05156822938889e-05,1.05156822938889e-05,46.88595942468
1737945840,1.0522152044009e-05,1.06043704875813e-05,1.0522152044009e-05,1.06043704875813e-05,42.75285103416
1737945720,1.04904852296781e-05,1.0522152044009e-05,1.04623901719354e-05,1.0522152044009e-05,5.59897033848
1737945360,1.05216525002971e-05,1.05216525002971e-05,1.04904852296781e-05,1.04904852296781e-05,4.94818677866
1737944820,1.05045036958436e-05,1.05785599641368e-05,1.05045036958436e-05,1.05216525002971e-05,12.60850070064
1737944700,1.03969884158828e-05,1.05045036958436e-05,1.03969884158828e-05,1.05045036958436e-05,46.731378
1737944040,1.07451626841493e-05,1.07451626841493e-05,1.03969884158828e-05,1.03969884158828e-05,122.72884570342
1737943980,1.07869753364226e-05,1.07977122464261e-05,1.07451626841493e-05,1.07451626841493e-05,3.11535714535
1737943920,1.07698582736239e-05,1.07869753364226e-05,1.07698582736239e-05,1.07869753364226e-05,6.30391734
1737943620,1.07478439861802e-05,1.07698582736239e-05,1.07478439861802e-05,1.07698582736239e-05,0.00490746957
1737943500,1.06723577468244e-05,1.07478439861802e-05,1.06723577468244e-05,1.07478439861802e-05,6.96686379801
1737943380,1.07120423797758e-05,1.07120423797758e-05,1.06723577468244e-05,1.06723577468244e-05,0.39096956628
1737943320,1.07571741731064e-05,1.07571741731064e-05,1.07120423797758e-05,1.07120423797758e-05,10.40852646432
1737943260,1.08305171517036e-05,1.08305171517036e-05,1.07571741731064e-05,1.07571741731064e-05,3.31690263023
1737942960,1.08487349904705e-05,1.08487349904705e-05,1.08305171517036e-05,1.08305171517036e-05,6.7542453378
1737942900,1.08036836846843e-05,1.08487349904705e-05,1.08036836846843e-05,1.08487349904705e-05,4.8422293205
1737942480,1.08504261803487e-05,1.08504261803487e-05,1.0801925908467e-05,1.08036836846843e-05,2.13941209943
1737942420,1.08642854782001e-05,1.08642854782001e-05,1.08504261803487e-05,1.08504261803487e-05,1.86736541532
1737942300,1.08626303434042e-05,1.08642854782001e-05,1.08626303434042e-05,1.08642854782001e-05,1.98266425861
1737942240,1.07955799686575e-05,1.08626303434042e-05,1.07955799686575e-05,1.08626303434042e-05,0.29369249026
1737941580,1.0828266664878e-05,1.0828266664878e-05,1.07955799686575e-05,1.07955799686575e-05,8.63851778469
1737941400,1.08560771778294e-05,1.08560771778294e-05,1.0828266664878e-05,1.0828266664878e-05,0.42549314934
1737941220,1.0866655385872e-05,1.0866655385872e-05,1.08560771778294e-05,1.08560771778294e-05,0.9648764832
1737940920,1.09329479328769e-05,1.09329479328769e-05,1.0866655385872e-05,1.0866655385872e-05,10.39730054228
1737940560,1.10306837851e-05,1.10306837851e-05,1.09329479328769e-05,1.09329479328769e-05,54.52661411562
1737940500,1.11240240623198e-05,1.11240240623198e-05,1.10306837851e-05,1.10306837851e-05,1.10306837851
1737940200,1.1119990513e-05,1.11240240623198e-05,1.1119990513e-05,1.11240240623198e-05,2.3494584
1737940140,1.10622532523436e-05,1.1119990513e-05,1.10622532523436e-05,1.1119990513e-05,11.119990513
1737940020,1.10779916038467e-05,1.10779916038467e-05,1.10622532523436e-05,1.10622532523436e-05,1.82154082754
1737939840,1.10732863464651e-05,1.10779916038467e-05,1.10732863464651e-05,1.10779916038467e-05,1.42953417345
1737939780,1.10427416485113e-05,1.10732863464651e-05,1.10427416485113e-05,1.10732863464651e-05,0.0637142694
1737939660,1.10367278690527e-05,1.10427416485113e-05,1.10367278690527e-05,1.10427416485113e-05,0.072987705
1737939600,1.15113404370466e-05,1.15113404370466e-05,1.10367278690527e-05,1.10367278690527e-05,1.23860931024
1737939540,1.23503757310366e-05,1.23503757310366e-05,1.09197154250874e-05,1.15113404370466e-05,1147.06577960688
1737939480,1.23566014510609e-05,1.23566014510609e-05,1.23503757310366e-05,1.23503757310366e-05,305.78648936935
1737939420,1.18147061703022e-05,1.23566014510609e-05,1.18147061703022e-05,1.23566014510609e-05,344.58858115924
1737939360,1.17563561256629e-05,1.18147061703022e-05,1.17563561256629e-05,1.18147061703022e-05,0.296581446
1737939300,1.17830450886362e-05,1.17830450886362e-05,1.17563561256629e-05,1.17563561256629e-05,1.32691598182
1737939060,1.18590009940858e-05,1.18590009940858e-05,1.17830450886362e-05,1.17830450886362e-05,1.12049492136
1737938940,1.1830745509728e-05,1.18590009940858e-05,1.1830745509728e-05,1.18590009940858e-05,10.829997843
1737938760,1.17789555937953e-05,1.1830745509728e-05,1.17789555937953e-05,1.1830745509728e-05,11.83107375
1737938520,1.18276097471782e-05,1.18276097471782e-05,1.17789555937953e-05,1.17789555937953e-05,4.60002669874
1737938280,1.18284690347345e-05,1.18284690347345e-05,1.18276097471782e-05,1.18276097471782e-05,4.94533984341
1737938160,1.19565855138321e-05,1.19565855138321e-05,1.18284690347345e-05,1.18284690347345e-05,33.88667039555
1737937920,1.19355450650031e-05,1.19565855138321e-05,1.19355450650031e-05,1.19565855138321e-05,11.8870935
1737937860,1.18795446886685e-05,1.19355450650031e-05,1.18795446886685e-05,1.19355450650031e-05,4.27980975
1737937740,1.18853402328921e-05,1.18853402328921e-05,1.18795446886685e-05,1.18795446886685e-05,1.14127763665
1737937680,1.19292339828354e-05,1.19337850528197e-05,1.18853402328921e-05,1.18853402328921e-05,2.9655888321
1737937620,1.19292860201541e-05,1.19292860201541e-05,1.19292339828354e-05,1.19292339828354e-05,0.19837727129
1737937140,1.19553676487096e-05,1.19553676487096e-05,1.19292860201541e-05,1.19292860201541e-05,1.49136886471
1737937020,1.201026652605e-05,1.20303796911424e-05,1.19553676487096e-05,1.19553676487096e-05,28.89174256637
1737936780,1.20481554017668e-05,1.20481554017668e-05,1.201026652605e-05,1.201026652605e-05,15.02805024357
1737936660,1.21109167644811e-05,1.21109167644811e-05,1.20481554017668e-05,1.20481554017668e-05,0.2929854648
1737936540,1.21442258438496e-05,1.21442258438496e-05,1.21109167644811e-05,1.21109167644811e-05,44.81039202858
1737936360,1.23893545133909e-05,1.23893545133909e-05,1.21442258438496e-05,1.21442258438496e-05,80.25679285816
1737936240,1.25690344701946e-05,1.25690344701946e-05,1.23893545133909e-05,1.23893545133909e-05,45.2084189916
1737936120,1.26962740057369e-05,1.26962740057369e-05,1.25690344701946e-05,1.25690344701946e-05,43.76372478994
1737935940,1.2741948278051e-05,1.2741948278051e-05,1.26962740057369e-05,1.26962740057369e-05,6.12166313415
1737935580,1.27983451452866e-05,1.27983451452866e-05,1.2741948278051e-05,1.2741948278051e-05,8.17470654534
1737935460,1.27057045986673e-05,1.27983451452866e-05,1.27057045986673e-05,1.27983451452866e-05,23.976453
1737935340,1.26804110271244e-05,1.27057045986673e-05,1.26804110271244e-05,1.27057045986673e-05,23.950674
1737935220,1.27726629519383e-05,1.27726629519383e-05,1.26804110271244e-05,1.26804110271244e-05,43.92053754054
1737935160,1.2778642699877e-05,1.2778642699877e-05,1.27726629519383e-05,1.27726629519383e-05,2.21518889176
1737935040,1.28222207161878e-05,1.28222207161878e-05,1.2778642699877e-05,1.2778642699877e-05,1.09554412368
1737934800,1.28251668278274e-05,1.28251668278274e-05,1.28222207161878e-05,1.28222207161878e-05,0.67253669025
1737934740,1.28619742299608e-05,1.28619742299608e-05,1.28251668278274e-05,1.28251668278274e-05,2.10063598428
1737934680,1.29445821773014e-05,1.29445821773014e-05,1.28619742299608e-05,1.28619742299608e-05,18.64575637416
1737934560,1.292529731422e-05,1.29445821773014e-05,1.292529731422e-05,1.29445821773014e-05,11.998601741
1737934500,1.28572751122012e-05,1.292529731422e-05,1.28572751122012e-05,1.292529731422e-05,4.8198798
1737934440,1.28900509625254e-05,1.28900509625254e-05,1.28572751122012e-05,1.28572751122012e-05,0.12912265782
1737934380,1.30005827962907e-05,1.30005827962907e-05,1.28900509625254e-05,1.28900509625254e-05,19.72501867578
1737934260,1.31476923349991e-05,1.31476923349991e-05,1.30005827962907e-05,1.30005827962907e-05,55.0164675424
1737934200,1.31725916335386e-05,1.31728013644965e-05,1.31476923349991e-05,1.31476923349991e-05,15.076474411
1737934140,1.38415193464107e-05,1.38415193464107e-05,1.31725916335386e-05,1.31725916335386e-05,205.26044669569
1737934020,1.39451761186968e-05,1.39451761186968e-05,1.38415193464107e-05,1.38415193464107e-05,0.2940857926
1737933660,1.38887724343799e-05,1.39451761186968e-05,1.38887724343799e-05,1.39451761186968e-05,6.03955191152
1737933540,1.42049092385416e-05,1.42049092385416e-05,1.38887724343799e-05,1.38887724343799e-05,3.65824813206
1737933480,1.45883292129628e-05,1.45883292129628e-05,1.42049092385416e-05,1.42049092385416e-05,174.93277026229
1737933420,1.47389901950526e-05,1.47389901950526e-05,1.45883292129628e-05,1.45883292129628e-05,16.903624789
1737933240,1.48480707799517e-05,1.48480707799517e-05,1.47389901950526e-05,1.47389901950526e-05,30.91527197919
1737933180,1.47405457212e-05,1.48480707799517e-05,1.47405457212e-05,1.48480707799517e-05,15.87110089088
1737933120,1.47515101398633e-05,1.47515101398633e-05,1.47405457212e-05,1.47405457212e-05,2.94810914424
1737933060,1.48963109783108e-05,1.48963109783108e-05,1.47515101398633e-05,1.47515101398633e-05,30.28616880825
1737932940,1.49246948884431e-05,1.49246948884431e-05,1.48963109783108e-05,1.48963109783108e-05,3.7132894881
1737932880,1.49656899546833e-05,1.49656899546833e-05,1.49246948884431e-05,1.49246948884431e-05,12.71226844789
1737932820,1.50163092250502e-05,1.50163092250502e-05,1.49656899546833e-05,1.49656899546833e-05,2.26460411801
1737932760,1.48969473441625e-05,1.50163092250502e-05,1.48969473441625e-05,1.50163092250502e-05,24.678
1737932700,1.61049622712876e-05,1.61049622712876e-05,1.48969473441625e-05,1.48969473441625e-05,338.44421712093
1737932640,1.60726070537847e-05,1.61415525469491e-05,1.60019693973182e-05,1.61049622712876e-05,27.18824158838
1737932460,1.61243068814498e-05,1.61243068814498e-05,1.60726070537847e-05,1.60726070537847e-05,8.95338354998
1737932340,1.61649115809581e-05,1.61649115809581e-05,1.61243068814498e-05,1.61243068814498e-05,2.2415299398
1737932280,1.62049585814251e-05,1.62049585814251e-05,1.61649115809581e-05,1.61649115809581e-05,18.50724526392
1737932160,1.64170832367325e-05,1.64170832367325e-05,1.62049585814251e-05,1.62049585814251e-05,27.69207320016
1737932100,1.64397038571086e-05,1.64397038571086e-05,1.63391537218686e-05,1.64170832367325e-05,3.49362311341
1737932040,1.63353914996556e-05,1.64397038571086e-05,1.63353914996556e-05,1.64397038571086e-05,13.39337727648
1737931980,1.6981274564604e-05,1.70642764132429e-05,1.63353914996556e-05,1.63353914996556e-05,183.7001831191
1737931920,1.70799946869488e-05,1.70799946869488e-05,1.6981274564604e-05,1.6981274564604e-05,0.56345763213
1737931860,1.7013449570001e-05,1.70799946869488e-05,1.7013449570001e-05,1.70799946869488e-05,0.01263875274
1737931740,1.70148118365229e-05,1.70148118365229e-05,1.7013449570001e-05,1.7013449570001e-05,0.58779881784
1737931680,1.70166271654032e-05,1.70166271654032e-05,1.70148118365229e-05,1.70148118365229e-05,0.14753751552
1737931620,1.68374859710238e-05,1.7018600339683e-05,1.68374859710238e-05,1.70166271654032e-05,51.0225740764
1737931560,1.68208969653353e-05,1.68374859710238e-05,1.68208969653353e-05,1.68374859710238e-05,0.60570537232
1737931440,1.68190072340119e-05,1.68208969653353e-05,1.68127859149924e-05,1.68208969653353e-05,1.8946093918
1737931380,1.68911893431296e-05,1.690621505021e-05,1.68190072340119e-05,1.68190072340119e-05,4.68726447832
1737931320,1.67989984868289e-05,1.68911893431296e-05,1.67989984868289e-05,1.68911893431296e-05,1.2358056
1737931260,1.6805504789417e-05,1.68429572418436e-05,1.67989984868289e-05,1.67989984868289e-05,22.87765759614
1737931200,1.69144604618811e-05,1.69144604618811e-05,1.6805504789417e-05,1.6805504789417e-05,52.28149896555
1737931080,1.69978357888587e-05,1.70004062468213e-05,1.69144604618811e-05,1.69144604618811e-05,22.52051186178
1737931020,1.70031803394048e-05,1.70031803394048e-05,1.69978357888587e-05,1.69978357888587e-05,0.6902737433
1737930900,1.75761246522439e-05,1.75761246522439e-05,1.70031803394048e-05,1.70031803394048e-05,168.80579672875
1737930840,1.76457562685955e-05,1.76592430900066e-05,1.75691528208698e-05,1.75761246522439e-05,3.42237984319
1737930780,1.79313671976971e-05,1.79313671976971e-05,1.7594486574104e-05,1.76457562685955e-05,9.92279154715
1737930720,1.66567883622414e-05,1.80282218369589e-05,1.66567883622414e-05,1.79313671976971e-05,674.163773736
1737930660,1.66586704370424e-05,1.66586704370424e-05,1.66567883622414e-05,1.66567883622414e-05,0.58166320992
1737930600,1.66612477803044e-05,1.66612477803044e-05,1.66586704370424e-05,1.66586704370424e-05,0.43258537296
1737930540,1.64853459504944e-05,1.66612477803044e-05,1.64853459504944e-05,1.66612477803044e-05,49.88710679081
1737930480,1.6484929544778e-05,1.64853459504944e-05,1.6484929544778e-05,1.64853459504944e-05,0.59941311632
1737930360,1.64905292199146e-05,1.64905292199146e-05,1.6484929544778e-05,1.6484929544778e-05,0.61163058741
1737930300,1.6591135027295e-05,1.6591135027295e-05,1.64905292199146e-05,1.64905292199146e-05,6.1679453472
1737930240,1.6510231003555e-05,1.6591135027295e-05,1.6510231003555e-05,1.6591135027295e-05,2.46536475
1737930180,1.65182388632557e-05,1.65182388632557e-05,1.6510231003555e-05,1.6510231003555e-05,0.63782729328
1737930120,1.65430884385861e-05,1.65430884385861e-05,1.65182388632557e-05,1.65182388632557e-05,3.624571075
1737930060,1.65452690487052e-05,1.65452690487052e-05,1.65430884385861e-05,1.65430884385861e-05,9.1596481175
1737930000,1.67395706472941e-05,1.67395706472941e-05,1.65452690487052e-05,1.65452690487052e-05,55.80179052948
1737929940,1.67506088136683e-05,1.6802131444133e-05,1.66989061846212e-05,1.67395706472941e-05,16.06539468582
1737929880,1.6800536991321e-05,1.6800536991321e-05,1.67506088136683e-05,1.67506088136683e-05,28.50351844808
1737929820,1.68578440785851e-05,1.68578440785851e-05,1.6800536991321e-05,1.6800536991321e-05,13.81817384603
1737929760,1.69172743353399e-05,1.69172743353399e-05,1.68578440785851e-05,1.68578440785851e-05,18.2061962652
1737929700,1.6979520616891e-05,1.69857513388205e-05,1.69172743353399e-05,1.69172743353399e-05,40.19248846518
1737929640,1.70126343736219e-05,1.70126343736219e-05,1.6979520616891e-05,1.6979520616891e-05,1.5993835607
1737929580,1.70825933025611e-05,1.70825933025611e-05,1.70126343736219e-05,1.70126343736219e-05,15.81138516376
1737929520,1.70962602661548e-05,1.71783030335988e-05,1.70825933025611e-05,1.70825933025611e-05,3.72086241005
1737929460,1.72047089386371e-05,1.72047089386371e-05,1.70962602661548e-05,1.70962602661548e-05,4.82042503724
1737929400,1.72220313594853e-05,1.72220313594853e-05,1.7113497875094e-05,1.72047089386371e-05,7.8302264625
1737929340,1.71574843698857e-05,1.72220313594853e-05,1.71574843698857e-05,1.72220313594853e-05,3.410549802
1737929280,1.72408177619773e-05,1.72408177619773e-05,1.71574843698857e-05,1.71574843698857e-05,8.30223061314
1737929220,1.71545546663354e-05,1.72408177619773e-05,1.71467334291551e-05,1.72408177619773e-05,4.81948493512
1737929160,1.72453103428e-05,1.72453103428e-05,1.71545546663354e-05,1.71545546663354e-05,3.69267777924
1737929100,1.71713957520688e-05,1.72453103428e-05,1.7159157778508e-05,1.72453103428e-05,23.09778827031
1737929040,1.70397773620817e-05,1.71713957520688e-05,1.69421368388619e-05,1.71713957520688e-05,90.16020888695
1737928980,1.66752605704789e-05,1.70397773620817e-05,1.66752605704789e-05,1.70397773620817e-05,75.42296397552
1737928920,1.67493876136871e-05,1.67493876136871e-05,1.66752605704789e-05,1.66752605704789e-05,5.87790083444
1737928860,1.6884292356241e-05,1.6884292356241e-05,1.67493876136871e-05,1.67493876136871e-05,44.92535513008
1737928800,1.68358348801886e-05,1.6884292356241e-05,1.68358348801886e-05,1.6884292356241e-05,1.733112255
1737928740,1.65448468385794e-05,1.68358348801886e-05,1.65448468385794e-05,1.68358348801886e-05,81.06214106571
1737928680,1.63408453388127e-05,1.65448468385794e-05,1.6303279156195e-05,1.65448468385794e-05,94.17621248864
1737928620,1.62415756111438e-05,1.63408453388127e-05,1.62193934563435e-05,1.63408453388127e-05,29.770441051
1737928560,1.62618811946197e-05,1.62618811946197e-05,1.62415756111438e-05,1.62415756111438e-05,7.85678710054
1737928500,1.63594707553304e-05,1.63594707553304e-05,1.62618811946197e-05,1.62618811946197e-05,22.7137240395
1737928440,1.61941802135108e-05,1.63657142429334e-05,1.61941802135108e-05,1.63594707553304e-05,57.90059251872
1737928380,1.68977873880981e-05,1.68977873880981e-05,1.61941802135108e-05,1.61941802135108e-05,205.85694820971
1737928320,1.69981952029844e-05,1.70887084403651e-05,1.68977873880981e-05,1.68977873880981e-05,32.92337239691
1737928260,1.70004878282215e-05,1.70004878282215e-05,1.69981952029844e-05,1.69981952029844e-05,0.92613614161
1737928200,1.71339194432328e-05,1.7255230091428e-05,1.70004878282215e-05,1.70004878282215e-05,83.63046893518
1737928140,1.66914128774972e-05,1.72224014235738e-05,1.66914128774972e-05,1.71339194432328e-05,205.85259484748
1737928080,1.64373994746849e-05,1.66914128774972e-05,1.64373994746849e-05,1.66914128774972e-05,88.39271873
1737928020,1.77393042784616e-05,1.77592914008551e-05,1.6334547895634e-05,1.64373994746849e-05,381.06189849067
1737927960,1.77056754525e-05,1.78621611485046e-05,1.77056754525e-05,1.77393042784616e-05,82.2796553618
1737927900,1.75320614585898e-05,1.77056754525e-05,1.75175846706002e-05,1.77056754525e-05,56.22219978571
1737927840,1.75499848833849e-05,1.76084128635729e-05,1.75320614585898e-05,1.75320614585898e-05,8.87659557901
1737927780,1.75766885170965e-05,1.75766885170965e-05,1.75499848833849e-05,1.75499848833849e-05,11.97485659739
1737927720,1.75482351345556e-05,1.76506772235098e-05,1.75482351345556e-05,1.75766885170965e-05,13.03079691168
1737927660,1.76997049791704e-05,1.76997049791704e-05,1.75482351345556e-05,1.75482351345556e-05,34.94453837332
1737927600,1.77159243336614e-05,1.77159243336614e-05,1.76997049791704e-05,1.76997049791704e-05,7.29196756472
1737927540,1.77302005416742e-05,1.77302005416742e-05,1.77159243336614e-05,1.77159243336614e-05,1.22958221016
1737927480,1.77444367776176e-05,1.77444367776176e-05,1.77302005416742e-05,1.77302005416742e-05,4.1837237057
1737927420,1.76589680518278e-05,1.77892982351348e-05,1.76559695091844e-05,1.77444367776176e-05,27.33026526176
1737927360,1.54449540679369e-05,1.76616219104186e-05,1.53976651225311e-05,1.76589680518278e-05,1071.54315673893
1737927300,1.65294880566604e-05,1.65294880566604e-05,1.54449540679369e-05,1.54449540679369e-05,271.36996163882
1737927240,1.88137189385162e-05,1.88137189385162e-05,1.65294880566604e-05,1.65294880566604e-05,682.59839778714
1737927180,1.81697906891995e-05,1.88137189385162e-05,1.81697906891995e-05,1.88137189385162e-05,128.3957
1737927120,1.78270863244022e-05,1.81697906891995e-05,1.78270863244022e-05,1.81697906891995e-05,105.60204833222
1737927060,1.74834604198137e-05,1.78270863244022e-05,1.74834604198137e-05,1.78270863244022e-05,113.17372346934
1737927000,1.63077498800685e-05,1.74834604198137e-05,1.61881857564342e-05,1.74834604198137e-05,419.15274351498
1737926940,1.62677556642697e-05,1.63077498800685e-05,1.62309599244382e-05,1.63077498800685e-05,15.89640659336
1737926880,1.62948895990481e-05,1.62948895990481e-05,1.62578355484983e-05,1.62677556642697e-05,1.63554427903
1737926820,1.64083127198143e-05,1.66569887516448e-05,1.62948895990481e-05,1.62948895990481e-05,231.87099299536
1737926760,1.86551854162142e-05,1.86551854162142e-05,1.56713761176315e-05,1.64083127198143e-05,981.05655652388
1737926700,1.76231606247115e-05,1.86551854162142e-05,1.76231606247115e-05,1.86551854162142e-05,249.82384507154
1737926640,1.80820982421165e-05,1.80820982421165e-05,1.76231606247115e-05,1.76231606247115e-05,124.13578818825
1737926580,1.83723105753071e-05,1.83723105753071e-05,1.80820982421165e-05,1.80820982421165e-05,78.9910123461
1737926520,1.79938190069354e-05,1.83777493472466e-05,1.79938190069354e-05,1.83723105753071e-05,107.76764014494
1737926460,1.77816930935093e-05,1.79938190069354e-05,1.77306939703581e-05,1.79938190069354e-05,83.9169700146
1737926400,1.79027785613175e-05,1.79027785613175e-05,1.77816930935093e-05,1.77816930935093e-05,28.33769107769
1737926340,1.92486122270317e-05,1.92486122270317e-05,1.79027785613175e-05,1.79027785613175e-05,392.0756891884
1737926280,1.94130902613426e-05,1.94130902613426e-05,1.92486122270317e-05,1.92486122270317e-05,14.62164705326
1737926220,2.21000069991111e-05,2.21000069991111e-05,1.94130902613426e-05,1.94130902613426e-05,699.26265046058
1737926160,2.24117257313423e-05,2.24117257313423e-05,2.21000069991111e-05,2.21000069991111e-05,71.83157563304
1737926100,2.31621456457175e-05,2.31621456457175e-05,2.24117257313423e-05,2.24117257313423e-05,172.7189620444
1737926040,2.3498034306928e-05,2.3498034306928e-05,2.31621456457175e-05,2.31621456457175e-05,68.51428243495
1737925980,2.36985590065889e-05,2.36985590065889e-05,2.3498034306928e-05,2.3498034306928e-05,48.01486156124
1737925920,2.69177305117538e-05,2.69177305117538e-05,2.36985590065889e-05,2.36985590065889e-05,843.01187425577
1737925860,3.04791852006822e-05,3.06325401083134e-05,2.69177305117538e-05,2.69177305117538e-05,1038.7419055355
1737925800,3.16150674890024e-05,3.16756975244462e-05,2.97398220115324e-05,3.04791852006822e-05,641.67717421762
1737925740,3.16667825001123e-05,3.16667825001123e-05,3.13356344702868e-05,3.16150674890024e-05,191.01113507356
1737925680,3.17418126430819e-05,3.19029238415391e-05,3.14493176014027e-05,3.16667825001123e-05,107.12944696774
1737925620,3.13457961566818e-05,3.24999509893521e-05,3.08866818949597e-05,3.17418126430819e-05,792.48804344605
1737925560,2.72057162967617e-05,4.03583397551026e-05,2.62989541183525e-05,3.13457961566818e-05,5373.08200537575
1737925500,2.49057940384049e-05,2.72989795783451e-05,2.40686901720785e-05,2.72057162967617e-05,2468.1345926726
1737925440,2.87942011423358e-05,2.89409327437073e-05,2.49057940384049e-05,2.49057940384049e-05,834.01800783136
1737925380,2.99943441815539e-05,3.01599301554942e-05,2.87942011423358e-05,2.87942011423358e-05,272.22190533786
1737925320,3.00786060666338e-05,3.00786060666338e-05,2.99943441815539e-05,2.99943441815539e-05,15.51855551896
1737925260,3.06550429567374e-05,3.06550429567374e-05,2.79329709269956e-05,3.00786060666338e-05,1178.39594308042
1737925200,3.1607166776379e-05,3.1607166776379e-05,3.06550429567374e-05,3.06550429567374e-05,129.60822229289
1737925140,3.4532839357508e-05,3.4713946584103e-05,3.1607166776379e-05,3.1607166776379e-05,691.22629408355
1737925080,3.36470190593158e-05,3.46895399701979e-05,3.34670119123647e-05,3.4532839357508e-05,464.63012479644
1737925020,3.45398170549355e-05,3.5119905121218e-05,3.10190688018636e-05,3.36470190593158e-05,3380.68442497801
1737924960,3.77966592475546e-05,3.77966592475546e-05,3.45398170549355e-05,3.45398170549355e-05,662.28248210986
1737924900,3.8383107908613e-05,3.8383107908613e-05,3.75869477566627e-05,3.77966592475546e-05,161.4732748954
1737924840,4.04720904288466e-05,4.04720904288466e-05,3.8383107908613e-05,3.8383107908613e-05,369.41617302637
1737924780,4.04065807282407e-05,4.06501677290694e-05,4.04002837970071e-05,4.04720904288466e-05,33.30219459312
1737924720,4.1203492835764e-05,4.13394097662216e-05,4.04065807282407e-05,4.04065807282407e-05,151.62083444634
1737924660,4.20295657769391e-05,4.2147614638167e-05,4.10536021709189e-05,4.1203492835764e-05,307.67208240697
1737924600,3.14297185431471e-05,4.36015346413175e-05,3.14297185431471e-05,4.20295657769391e-05,12082.06853917979
1737924540,4.3427214466975e-05,4.3427214466975e-05,3.09843513219148e-05,3.14297185431471e-05,4363.89962613473
1737924480,4.71427147811698e-05,4.71427147811698e-05,4.23586935646589e-05,4.3427214466975e-05,946.23473841048
1737924420,5.09561440579453e-05,5.12860348039757e-05,4.7071652201446e-05,4.71427147811698e-05,692.01634498262
1737924360,5.16596740216978e-05,5.17321770266695e-05,5.09561440579453e-05,5.09561440579453e-05,262.69233801809
1737924300,5.23350510292354e-05,5.24184350546059e-05,5.09667346358601e-05,5.16596740216978e-05,742.1406421374
1737924240,4.74222727040869e-05,5.23350510292354e-05,4.70508903691165e-05,5.23350510292354e-05,2721.12710778402
1737924180,4.77356904447465e-05,4.8768630232582e-05,4.71625294704629e-05,4.74222727040869e-05,672.52964472479
1737924120,5.13519600634948e-05,5.13519600634948e-05,4.7648857219166e-05,4.77356904447465e-05,917.81980079635
1737924060,5.39218427790238e-05,5.39218427790238e-05,5.13519600634948e-05,5.13519600634948e-05,950.6860186692
1737924000,5.46711342546648e-05,5.72174711641802e-05,5.23733141184042e-05,5.39218427790238e-05,2624.75221759246
1737923940,5.67076229713851e-05,5.77298319897611e-05,5.40590592939423e-05,5.46711342546648e-05,1425.68530011868
1737923880,5.588244353876e-05,5.72889282925725e-05,5.30651353128968e-05,5.67076229713851e-05,2150.23072689294
1737923820,5.97245012940247e-05,5.97245012940247e-05,5.52363018346e-05,5.588244353876e-05,2179.28574783564
1737923760,6.95195036971942e-05,6.95195036971942e-05,5.94681180875675e-05,5.97245012940247e-05,2394.41328576057
1737923700,7.43116851430726e-05,7.90444181033175e-05,6.92204614520347e-05,6.95195036971942e-05,3998.38594112551
1737923640,9.84419411452514e-05,9.84419411452514e-05,6.58194547581943e-05,7.43116851430726e-05,9194.67999805377
1737923580,0.000102966487573053,0.000102966487573053,9.57562096771631e-05,9.84419411452514e-05,2436.11993757162
1737923520,0.000104490541997742,0.000108068092658028,0.000102286821157738,0.000102966487573053,1108.66484204065
1737923460,0.000107631335169685,0.000114741521563188,0.000104490541997742,0.000104490541997742,2695.54590986991
1737923400,0.000128712143731022,0.00013215636630973,0.000107518848687415,0.000107631335169685,6279.94363102611
1737923340,0.000161718074060736,0.000161718074060736,9.1056926684849e-05,0.000128712143731022,32124.7502492176
1737923280,0.00016583766102968,0.000169676899771251,0.000160087882058141,0.000161718074060736,3099.30636587064
1737923220,0.000164588643636391,0.000165932790520344,0.000157118488723615,0.00016583766102968,2977.18874631342
1737923160,0.000175006008655421,0.000175006008655421,0.000137372303404,0.000164588643636391,7863.51539241106
1737923100,0.000126463189860176,0.000178556042409301,9.80614215597743e-05,0.000175006008655421,11208.43831206005
1737923040,0.000128553873502923,0.000132100901555163,0.000126463189860176,0.000126463189860176,2006.57171003051
1737922980,0.000112848641831449,0.000136905742704173,0.000112848641831449,0.000128553873502923,4965.74465725625
1737922920,0.000104903689977674,0.000119268050127061,0.000103464079170001,0.000112848641831449,7270.68042325436
1737922860,0.000104909670132122,0.00010575893790749,0.000100697982441072,0.000104903689977674,1299.61722636532
1737922800,0.000123808416381,0.00012392218316731,0.000103175273032128,0.000104909670132122,3203.2684915288
1737922740,0.000123927124118348,0.000125700012628197,0.000120169978385626,0.000123808416381,2257.82226239641
1737922680,0.00013680398281448,0.000139128587071742,0.000123927124118348,0.000123927124118348,4925.17690357541
1737922620,0.000123537209172639,0.000150307517888404,0.000123512134461917,0.00013680398281448,16207.73433870444
1737922560,0.00016166079432549,0.00016166079432549,0.000110732513809675,0.000123537209172639,12515.35087049067
1737922500,0.000177393521532909,0.000178737370508233,0.000160735607646066,0.00016166079432549,7010.95925384333
1737922440,0.000185262591852236,0.000193412040942133,0.000173416676807067,0.000177393521532909,12486.85055368528
1737922380,0.000132448873619345,0.000186517263686134,0.000129302446442234,0.000185262591852236,9318.97757946239
1737922320,0.000133486637456288,0.000136388254747648,0.000124794860867978,0.000132448873619345,6646.91235832647
1737922260,0.000106065235813294,0.000134264535021446,0.000106065235813294,0.000133486637456288,8711.80130599255
1737922200,9.90873534711461e-05,0.000106219562636175,8.89893006635973e-05,0.000106065235813294,5862.48983632448
1737922140,9.20662532591645e-05,0.000104463639682154,9.14059767955462e-05,9.90873534711461e-05,4245.61797741971
1737922080,9.21786234964127e-05,0.000109647147915271,7.96531162126349e-05,9.20662532591645e-05,9276.71630495232
1737922020,7.64495270910669e-05,9.21786234964127e-05,6.42500986314596e-05,9.21786234964127e-05,10307.39598809851
1737921960,9.30917642769686e-05,9.30917642769686e-05,7.31340245213962e-05,7.64495270910669e-05,14350.66522718155
1737921900,9.17775284719261e-05,0.000109461367856467,9.17775284719261e-05,9.30917642769686e-05,7533.82985500406
1737921840,7.32973019922478e-05,9.477436933923e-05,7.32973019922478e-05,9.17775284719261e-05,17057.747633019
1737921780,8.31767893220998e-05,0.000105545276591041,6.41429137107111e-05,7.32973019922478e-05,18520.91724123086
1737921720,0.000125258875851001,0.000128306832782419,8.09211072655e-05,8.31767893220998e-05,22640.80302046887
1737921660,0.000146451393438884,0.000159737697196338,0.000125258875851001,0.000125258875851001,15869.57494615529
1737921600,0.000167334026736906,0.000168168192484517,0.000118837844187357,0.000146451393438884,15679.61535072732
1737921540,0.000202586919755583,0.0002491951774416,0.000138099254017617,0.000167334026736906,34174.60592257416
1737921480,0.000247491710219308,0.000276084629364713,0.000201049453969796,0.000202586919755583,14511.5974684835
1737921420,0.0002032172028213,0.00025293962195139,0.000199515484129414,0.000247491710219308,13344.63775358153
1737921360,0.000239703518335967,0.000241406024740102,0.000152976560868307,0.0002032172028213,46503.60651497901
1737921300,0.000246858276674113,0.000309873971563188,0.000210474888971397,0.000239703518335967,44930.8904684777
1737921240,0.00034726576338805,0.000354744946000521,0.000216290023084031,0.000246858276674113,45480.55360956033
1737921180,0.000340830575782103,0.00044648970768443,0.00033129710149718,0.00034726576338805,53208.76211478876
1737921120,0.000319584414074931,0.000470987921534033,0.00031763729553767,0.000340830575782103,57197.07200880484
1737921060,0.000401668479331607,0.000406327713173204,0.000277354422017057,0.000319584414074931,52351.03935541111
1737921000,0.000428394030163421,0.000543584779428879,0.000344068103970724,0.000401668479331607,58084.50094107799
1737920940,0.000500068603431895,0.000573928797921333,0.000419794570294093,0.000428394030163421,38345.09533573858
1737920880,0.000495515386650593,0.000631499104486708,0.00042730990596261,0.000500068603431895,75990.05412424885
1737920820,0.000410033922047741,0.000498691206622638,0.00036820096921754,0.000495515386650593,46755.0272233879
1737920760,0.000407353772266257,0.000467444032121228,0.000364480383463119,0.000410033922047741,56435.15005400376
1737920700,0.000410219242256262,0.000683451690089132,0.000351412007361719,0.000407353772266257,118387.04741078067
1737920640,0.000370596347850287,0.00090288507191021,0.000336305022661951,0.000410219242256262,115810.03011441711
1737920580,0.000263727345294264,0.000399691544254922,0.000262934049901583,0.000370596347850287,44416.80910567074
1737920520,0.000322624516804906,0.000346221486988948,0.000258016289966749,0.000263727345294264,32160.66144999822
1737920460,0.00028150572614191,0.000323560688249956,0.000276461747260256,0.000322624516804906,28605.36470462578
1737920400,0.000261540514214317,0.000311093279307954,0.000260301302899732,0.00028150572614191,32055.82435224466
1737920340,0.000268521836374979,0.000275067881039206,0.000237484389306668,0.000261540514214317,26935.17161978937
1737920280,0.000180217183382446,0.000268521836374979,0.000179023143856063,0.000268521836374979,40053.66340869353
1737920220,0.000159290962944885,0.000181607358132677,0.000136680185176496,0.000180217183382446,12644.76664379618
1737920160,0.000136058900345025,0.000169093416860646,0.000135665628737485,0.000159290962944885,12635.87879584524
1737920100,0.000167214582449045,0.000171894327173686,0.000128459103805767,0.000136058900345025,18632.60455924086
1737920040,0.000134660569953978,0.000171439608287692,0.00012184900292734,0.000167214582449045,31521.94810514064
1737919980,0.000171872310955835,0.000173438261121532,0.000121277640020023,0.000134660569953978,25469.84847045601
1737919920,0.000194814418687479,0.00020624556439249,0.000152656164578879,0.000171872310955835,59203.75230183445
1737919860,0.000232645565115931,0.000250831114205794,0.000182538848981228,0.000194814418687479,40356.60741056508
1737919800,0.000232573751221856,0.000275559419526556,0.000180578932175208,0.000232645565115931,61977.29136788727
1737919740,0.000241538929574463,0.000270205770307435,0.000223785330432932,0.000232573751221856,38725.72170793467
1737919680,0.000233381805573225,0.000320081993640853,0.000221060673967022,0.000241538929574463,43361.60978729238
1737919620,0.000205543281533406,0.000280497601801213,0.000187776660228983,0.000233381805573225,43949.10680384362
1737919560,0.000202742582435648,0.000224150523923096,0.00017727977701219,0.000205543281533406,30915.37922411469
1737919500,0.000187912397596614,0.000247226200833315,0.000152635356933869,0.000202742582435648,44125.27163039998
1737919440,0.000177482111506146,0.000197413192842043,0.000160419028298944,0.000187912397596614,19097.65888572592
1737919380,0.000138882301355814,0.000253374291449269,0.000138241343097749,0.000177482111506146,48621.00413065198
1737919320,0.000122556627639659,0.000162649609035894,0.000119266894392033,0.000138882301355814,28741.31634642684
1737919260,0.0001113535980866,0.000140896832620236,0.000105747542232983,0.000122556627639659,18731.03182836212
1737919200,0.000120270162390895,0.000154070093366813,9.59058555737916e-05,0.0001113535980866,23549.89361358126
1737919140,0.000122062122264642,0.000127249817622884,0.000100412689877214,0.000120270162390895,21157.85699765265
1737919080,0.000103166112757568,0.000122062122264642,9.04833147806057e-05,0.000122062122264642,30095.9899653859
1737919020,9.74283775657661e-05,0.000133147449884897,8.74371394071764e-05,0.000103166112757568,36854.04003379338
1737918960,7.92377305740123e-05,0.000114973425634311,6.63872465071671e-05,9.74283775657661e-05,34840.4593786897
1737918900,0.000104425158097296,0.00012415888837842,5.62647637454446e-05,7.92377305740123e-05,52603.57658233173
1737918840,0.000139509153971233,0.000155946885684557,0.000104338394819317,0.000104425158097296,50429.65064571953
1737918780,0.000117795452169411,0.000148650841154427,8.04216222718711e-05,0.000139509153971233,40858.8938560796
