0,1,2,3,4,5
1740040620,0.000115638610169718,0.000117090256206276,0.000115638610169718,0.000116461874789322,345.93017904102
1740040560,0.000116018819020945,0.000117374931565066,0.0001148402802048,0.000115638610169718,405.63007963588
1740040500,0.000116094378247745,0.000117461112248305,0.000116018819020945,0.000116018819020945,344.66574475596
1740040440,0.000116278040428356,0.000117730139565423,0.000116094378247745,0.000116094378247745,344.88969415173
1740040380,0.00011623390021447,0.000117378653228273,0.000116049905522247,0.000116278040428356,689.6636581632
1740040260,0.000117547090548476,0.000117547090548476,0.000116032399257054,0.00011623390021447,347.33092377494
1740040200,0.000116165333263409,0.000117547090548476,0.000116006531985043,0.000117547090548476,345.08918763703
1740040140,0.000117729708051394,0.000117729708051394,0.000115085420427315,0.000116165333263409,380.24447251373
1740040080,0.000116103792492443,0.000117729708051394,0.000115708613760718,0.000117729708051394,354.54390634886
1740040020,0.000116857570653809,0.000116893977641957,0.000115128563792623,0.000116103792492443,409.9458317747
1740039960,0.000118574895109658,0.000118574895109658,0.000115736382627028,0.000116857570653809,375.88440174974
1740039900,0.000119758537514648,0.000119758537514648,0.000117225835660415,0.000118574895109658,536.75795784442
1740039840,0.000119778667854746,0.000121031614323102,0.000118646214062009,0.000119758537514648,347.20505070776
1740039780,0.000122053070310264,0.000122053070310264,0.000118990168105147,0.000119778667854746,408.35624683504
1740039720,0.000120857933684123,0.000122053070310264,0.000120727625335175,0.000122053070310264,344.0253285441
1740039660,0.000121092067381048,0.000121974775446377,0.000119831167374781,0.000120857933684123,368.65506781847
1740039600,0.000120609779825545,0.00012269915721765,0.000119986487487244,0.000121092067381048,339.74197344128
1740039540,0.000121203835970132,0.000122435998924631,0.000120609779825545,0.000120609779825545,328.994126791
1740039480,0.000122869454887237,0.000122869454887237,0.000120854108662315,0.000121203835970132,331.61962496439
1740039420,0.000126382358951506,0.000127899275003484,0.000122869454887237,0.000122869454887237,758.25783619891
1740039360,0.000127926596119387,0.000127926596119387,0.000125822756610093,0.000126382358951506,374.14678079854
1740039300,0.000127551676092536,0.000127926596119387,0.000126774130480115,0.000127926596119387,346.8083058306
1740039240,0.000127199809053785,0.000128697186888652,0.000127166119836615,0.000127551676092536,342.00571453848
1740039180,0.000128834324113697,0.000128834324113697,0.000126246167512074,0.000127199809053785,408.26472672792
1740039120,0.000127990718460304,0.000128834324113697,0.000127678426691306,0.000128834324113697,346.39890493312
1740039060,0.000127960072911889,0.000129138091785136,0.000127960072911889,0.000127990718460304,342.72343397641
1740039000,0.000128964545269599,0.000129280012448326,0.000127182229065166,0.000127960072911889,402.01927735014
1740038940,0.000129125431225027,0.000130217885930728,0.0001275938885886,0.000128964545269599,797.68712103867
1740038820,0.000128085829612253,0.000130290729032644,0.000127937377830329,0.000129125431225027,382.84760093595
1740038760,0.000128211107677447,0.000129238149940645,0.000128085829612253,0.000128085829612253,344.2157675119
1740038700,0.000128499226999273,0.000129710658053777,0.000128211107677447,0.000128211107677447,346.67626980068
1740038640,0.00012902891581029,0.0001296503996745,0.000128191429087819,0.000128499226999273,342.46648226882
1740038580,0.00012856000533455,0.000130347174686762,0.00012732597866322,0.00012902891581029,738.82774536963
1740038520,0.000128971065445227,0.000128971065445227,0.00012856000533455,0.00012856000533455,146.3849839972
1740038460,0.000129958388240354,0.000129958388240354,0.000127923276313102,0.000128971065445227,886.17538853378
1740038400,0.000129347594365111,0.000129958388240354,0.000128200251675018,0.000129958388240354,344.6939319138
1740038280,0.000129423949236113,0.000129423949236113,0.000128198071709916,0.000129347594365111,343.531868976
1740038220,0.000128995786794998,0.000129423949236113,0.000128248638598694,0.000129423949236113,344.87110291748
1740038160,0.000130139307095419,0.000130139307095419,0.000127335560631455,0.000128995786794998,381.8664403656
1740038100,0.000130142180055952,0.000130142180055952,0.000128207391057529,0.000130139307095419,348.78012250646
1740038040,0.000128712476566255,0.000130142180055952,0.000127663044099747,0.000130142180055952,523.40806428721
1740037980,0.000126773609750639,0.000128712476566255,0.000126773609750639,0.000128712476566255,700.34632960166
1740037920,0.000127049487587602,0.000127148441893619,0.000126773609750639,0.000126773609750639,56.42595827286
1740037860,0.000125978376300547,0.00012872582096067,0.000125846995377803,0.000127049487587602,449.42186889458
1740037800,0.000125689358945579,0.000127128133440038,0.000125689358945579,0.000125978376300547,345.5848742918
1740037740,0.000126104349819593,0.00012637786440849,0.000124926371826967,0.000125689358945579,429.9547483475
1740037680,0.000125331798284221,0.000127261510963347,0.000125331798284221,0.000126104349819593,348.10378979284
1740037620,0.000125019102565204,0.000126590057006799,0.000124349277693982,0.000125331798284221,445.86976911456
1740037560,0.000124701241916368,0.000126166475653199,0.000124701241916368,0.000125019102565204,346.0882039293
1740037500,0.000124888764310077,0.000125801757908805,0.000123657838694944,0.000124701241916368,359.228711799
1740037440,0.000123999139104088,0.000125751030484323,0.000123999139104088,0.000124888764310077,384.96698303081
1740037380,0.000123607267649482,0.000125188660600203,0.000123607267649482,0.000123999139104088,691.68496716296
1740037320,0.000123884104077346,0.000123884104077346,0.000123607267649482,0.000123607267649482,39.640297086
1740037260,0.000123842111313658,0.000125019158208092,0.000123842111313658,0.000123884104077346,344.420513361
1740037200,0.000124964851678936,0.000125092989929845,0.00012334768936531,0.000123842111313658,345.92797577954
1740037140,0.000123823052398252,0.000124964851678936,0.000123823052398252,0.000124964851678936,346.27932240636
1740037080,0.000123119427869666,0.000124978261404439,0.000123119427869666,0.000123823052398252,713.00925220033
1740037020,0.000123413709166758,0.000123413709166758,0.000121836270976601,0.000123119427869666,122.56528075882
1740036960,0.000118606474625115,0.000123413709166758,0.000118387700831958,0.000123413709166758,709.027349251
1740036900,0.000118396039062234,0.000118606474625115,0.000117502076896851,0.000118606474625115,344.14857289176
1740036840,0.000117337156396566,0.000118396039062234,0.000117293861029213,0.000118396039062234,344.08273739226
1740036780,0.00011812018339335,0.000118448154967116,0.000117337156396566,0.000117337156396566,346.24610181728
1740036720,0.000117216303505711,0.00011812018339335,0.000117012954454195,0.00011812018339335,346.10814385277
1740036660,0.000118092741455365,0.000118324349777131,0.000116460401907195,0.000117216303505711,395.21879526568
1740036600,0.00011721061614203,0.000118092741455365,0.00011665186545611,0.000118092741455365,343.39183502984
1740036540,0.000116592472679511,0.000118317427847043,0.000116592472679511,0.00011721061614203,343.37514575543
1740036480,0.000116587185269173,0.000117535013840006,0.000116438118896303,0.000116592472679511,342.96542433428
1740036420,0.000116362395211776,0.000117619569419353,0.000115547150102924,0.000116587185269173,692.34311641836
1740036300,0.000116589162519601,0.000117466567657453,0.000116362395211776,0.000116362395211776,345.46607413191
1740036240,0.00011659052434965,0.000117677527699022,0.000116578086896403,0.000116589162519601,343.10680792138
1740036180,0.000117249619484197,0.000117706056763819,0.000115830772768582,0.00011659052434965,391.34688541372
1740036120,0.000116627270714069,0.000118514772880195,0.000116627270714069,0.000117249619484197,345.50679027748
1740036060,0.00011680726683056,0.00011680726683056,0.000116627270714069,0.000116627270714069,20.11440507498
1740036000,0.000117019307961713,0.000117902313794898,0.000116507855625189,0.00011680726683056,342.92945818418
1740035940,0.000117529135989267,0.000117759040565233,0.000116168460051011,0.000117019307961713,379.74322602854
1740035880,0.000118882014904798,0.000118978653724503,0.000117529135989267,0.000117529135989267,343.45299686742
1740035820,0.000117450371608131,0.000118882014904798,0.000117450371608131,0.000118882014904798,343.276641863
1740035760,0.000118988024545107,0.000119057732725662,0.000117450371608131,0.000117450371608131,343.47273151094
1740035700,0.000117315216706354,0.000118988024545107,0.000116864523526142,0.000118988024545107,691.4941373376
1740035580,0.00011898333080938,0.00011898333080938,0.00011681606366209,0.000117315216706354,343.07724762918
1740035520,0.000117416502630617,0.00011898333080938,0.000117329289323745,0.00011898333080938,347.0669803929
1740035460,0.000116149707975405,0.000118528720634138,0.000116149707975405,0.000117416502630617,711.1195806093
1740035400,0.00011697650089909,0.000117322848418863,0.000116149707975405,0.000116149707975405,398.32057151754
1740035340,0.000116871827996977,0.000118081677340294,0.000116608953484706,0.00011697650089909,343.56809874924
1740035280,0.00011665448634723,0.000117963749646712,0.000116612088645283,0.000116871827996977,339.8816280015
1740035160,0.000116193183782837,0.000118218084469608,0.000116193183782837,0.00011665448634723,681.89912501965
1740035100,0.000119584344430741,0.000119584344430741,0.000116193183782837,0.000116193183782837,98.71978231249
1740035040,0.00011745919908645,0.000119584344430741,0.00011745919908645,0.000119584344430741,684.38796102795
1740034980,0.000117852144514454,0.000117852144514454,0.00011745919908645,0.00011745919908645,17.166
1740034920,0.000118085350201085,0.000119051326661147,0.00011696026919629,0.000117852144514454,419.67213672809
1740034860,0.000119469647721123,0.000120068601946373,0.000118085350201085,0.000118085350201085,387.6284924862
1740034800,0.000120514705921236,0.000120760171225054,0.000119469647721123,0.000119469647721123,342.63197016624
1740034740,0.000121567757682455,0.000121567757682455,0.000118627217422761,0.000120514705921236,388.40501675536
1740034680,0.000120975924974665,0.000121567757682455,0.000120035238335095,0.000121567757682455,688.85103589928
1740034560,0.000120124912145687,0.000120975924974665,0.000119865775674387,0.000120975924974665,342.8101252989
1740034500,0.000121727205555547,0.00012236661126874,0.000119308015713628,0.000120124912145687,735.59031285075
1740034380,0.000119681588908981,0.000121993062724325,0.000119681588908981,0.000121727205555547,684.51444620428
1740034320,0.000120899015895212,0.000120899015895212,0.000119681588908981,0.000119681588908981,30.5089580543
1740034260,0.000121636774773461,0.000122149322223204,0.000120084514617694,0.000120899015895212,399.11237723734
1740034200,0.000120352387266432,0.000123085693321397,0.000120352387266432,0.000121636774773461,710.69208717282
1740034140,0.000121797666104919,0.000121797666104919,0.000120352387266432,0.000120352387266432,34.0155466002
1740034080,0.000122978391961826,0.000122978391961826,0.000121299247463456,0.000121797666104919,689.89788483114
1740033900,0.00012121604969667,0.000122978391961826,0.00012121604969667,0.000122978391961826,343.11772051854
1740033840,0.000122203619285797,0.000122203619285797,0.00012121604969667,0.00012121604969667,132.98012701272
1740033780,0.000122141114529636,0.000123426295404291,0.000122141114529636,0.000122203619285797,342.96703555356
1740033720,0.000123249300702216,0.000123712422722385,0.000121268428679386,0.000122141114529636,380.42813548264
1740033660,0.000123530784019802,0.000124387575374299,0.000122653990785955,0.000123249300702216,344.47116075386
1740033600,0.000122649101013413,0.000123530784019802,0.000122409825713025,0.000123530784019802,342.42988862294
1740033540,0.000123947973024406,0.000124168971939297,0.000122649101013413,0.000122649101013413,322.41878734968
1740033480,0.000131142822106359,0.000131142822106359,0.000122696051833105,0.000123947973024406,982.2079976696
1740033420,0.000131994603743866,0.000132313385502863,0.000130505231659061,0.000131142822106359,382.59009352501
1740033360,0.000130133059825005,0.000133025030846141,0.000130133059825005,0.000131994603743866,753.01409688114
1740033300,0.000133167287966366,0.000133167287966366,0.000130133059825005,0.000130133059825005,146.98014564772
1740033240,0.000133124693892887,0.000135022045239746,0.000133124693892887,0.000133167287966366,349.15260401518
1740033180,0.000131694394522049,0.000134886201710373,0.000131694394522049,0.000133124693892887,714.73689433267
1740033120,0.000147425103452801,0.000148981919320489,0.000131694394522049,0.000131694394522049,1504.4530806816
1740033060,0.000135921489235835,0.000147425103452801,0.000135921489235835,0.000147425103452801,870.6732
1740033000,0.000134226967779057,0.000137483107917735,0.000133350507976878,0.000135921489235835,550.70814132342
1740032940,0.000129062303259298,0.000134226967779057,0.000129062303259298,0.000134226967779057,734.15048055619
1740032880,0.000128409502823632,0.000129062303259298,0.000127903407902233,0.000129062303259298,347.05714969968
1740032820,0.000128439642751956,0.000129872025922911,0.000127274574775837,0.000128409502823632,355.65669993504
1740032760,0.000126868794835052,0.000130222302523585,0.000126107544344977,0.000128439642751956,538.84634294006
1740032700,0.000128480011209864,0.000128480011209864,0.000126283728821906,0.000126868794835052,374.67855993127
1740032640,0.00011857293261642,0.000128480011209864,0.00011857293261642,0.000128480011209864,1022.52014251882
1740032580,0.000117555193801808,0.000119344216793502,0.00011735191172916,0.00011857293261642,532.40816263222
1740032520,0.000117334787293485,0.000118526716525857,0.000116922042191804,0.000117555193801808,364.09501315287
1740032460,0.000117109630218379,0.000118212977223271,0.000116707889772459,0.000117334787293485,364.92301838992
1740032400,0.000117108268241967,0.000117905717916501,0.000116794794574027,0.000117109630218379,347.80312694304
1740032340,0.000117135728487055,0.000118436180744852,0.000117108268241967,0.000117108268241967,346.97703216793
1740032280,0.000116580927608925,0.000118248177519364,0.000116304078853302,0.000117135728487055,383.68205890864
1740032220,0.000116100196268712,0.000117763161528448,0.000116100196268712,0.000116580927608925,348.66063450075
1740032160,0.000116196821366484,0.000117208943637131,0.000116100196268712,0.000116100196268712,348.259733423
1740032100,0.000115755259374541,0.000117309733085693,0.000115387399209827,0.000116196821366484,353.20573720355
1740032040,0.000116646599772782,0.00011694989088484,0.000115498844891226,0.000115755259374541,392.5792011444
1740031980,0.000116721667078543,0.000116721667078543,0.00011485399684732,0.000116646599772782,438.44194934583
1740031920,0.000112300669730632,0.000116721667078543,0.000112300669730632,0.000116721667078543,628.32943893783
1740031860,0.000107815586290062,0.000113433077441059,0.000107815586290062,0.000112300669730632,719.26198252893
1740031800,0.000108023708840613,0.000108881016862298,0.000107493374237877,0.000107815586290062,345.38682275968
1740031740,0.000107560888628679,0.000109100247645306,0.000107479831677357,0.000108023708840613,692.39138716626
1740031680,0.000106716302825488,0.000108293378581982,0.000106716302825488,0.000107560888628679,344.2795959519
1740031620,0.000107937387689915,0.000108628113462229,0.000106716302825488,0.000106716302825488,382.5867447046
1740031560,0.000107992535641261,0.000108996984348056,0.000107937387689915,0.000107937387689915,344.5336706294
1740031440,0.000109174966061742,0.000109174966061742,0.000107058581825876,0.000107992535641261,378.27893732892
1740031380,0.000109807888066191,0.000109807888066191,0.000108111838003751,0.000109174966061742,345.41907208575
1740031320,0.000109362107272034,0.000109807888066191,0.00010794097672882,0.000109807888066191,693.43752091739
1740031260,0.000108429541506907,0.000109362107272034,0.000108294179367821,0.000109362107272034,346.28308682229
1740031140,0.000108893847435192,0.000109482853903326,0.000107570073611261,0.000108429541506907,389.03296277328
1740031080,0.000108478965021671,0.000110212590502465,0.000107865773066667,0.000108893847435192,720.25423648925
1740031020,0.000109405841260468,0.000109405841260468,0.000108478965021671,0.000108478965021671,34.71466314999
1740030960,0.00011100219246113,0.00011100219246113,0.000109288068094831,0.000109405841260468,447.98550402412
1740030900,0.000111883387734289,0.000112398823443308,0.000109944204648333,0.00011100219246113,693.07442616925
1740030780,0.000111336593600517,0.000111883387734289,0.00011014797929626,0.000111883387734289,364.47748297053
1740030720,0.000111194665041279,0.000112347764435522,0.000111194665041279,0.000111336593600517,344.2209070907
1740030660,0.000111464561800218,0.00011336133720701,0.000110524163344517,0.000111194665041279,746.66202308852
1740030600,0.000111014537333389,0.000112790005564222,0.000111014537333389,0.000111464561800218,363.75973214856
1740030540,0.000114030728303117,0.000114030728303117,0.000111014537333389,0.000111014537333389,171.78155025159
1740030480,0.00011491081882151,0.00011491081882151,0.000113606491901824,0.000114030728303117,467.29460761404
1740030420,0.000115942227000172,0.000116804912143875,0.000114114128670193,0.00011491081882151,450.28441155215
1740030360,0.000114637467279946,0.000115942227000172,0.000114411685182504,0.000115942227000172,348.8327253983
1740030300,0.000114447238381935,0.000115743228282254,0.000114430703007078,0.000114637467279946,348.255654945
1740030240,0.000113808955200063,0.000115559519443254,0.000113608806229207,0.000114447238381935,401.0477373951
1740030180,0.000112899481803909,0.000115417665460847,0.000112899481803909,0.000113808955200063,690.5082728082
1740030120,0.000114169718546077,0.000114169718546077,0.000112899481803909,0.000112899481803909,29.81071552444
1740030060,0.000115211081018755,0.000115685123720935,0.000114169718546077,0.000114169718546077,346.14744899065
1740030000,0.000115079258525577,0.000115211081018755,0.000113189172419449,0.000115211081018755,354.39046362795
1740029940,0.000113505846665149,0.000115366172530844,0.000113505846665149,0.000115079258525577,694.76875222836
1740029880,0.000114948718765206,0.000114948718765206,0.000113505846665149,0.000113505846665149,88.29967939823
1740029820,0.000113490340371624,0.000116057418826805,0.000113490340371624,0.000114948718765206,692.33671782
1740029760,0.000116490648216185,0.000116490648216185,0.000113490340371624,0.000113490340371624,399.27433979307
1740029640,0.000114687909404449,0.000116490648216185,0.000114687909404449,0.000116490648216185,345.56305213358
1740029580,0.000115221236743348,0.000117557666126999,0.000114367734961278,0.000114687909404449,769.73846368806
1740029520,0.000114461906845482,0.000116572976617794,0.000114461906845482,0.000115221236743348,429.2396430837
1740029460,0.000114922381509786,0.000114922381509786,0.000114461906845482,0.000114461906845482,13.8152
1740029400,0.000111609399948202,0.00011619926101182,0.000111609399948202,0.000114922381509786,949.68572565097
1740029340,0.000111898134740293,0.000112686852065481,0.000111609399948202,0.000111609399948202,344.849323968
1740029220,0.000112471149279891,0.000112938153487064,0.000111095879170182,0.000111898134740293,388.87131923444
1740029160,0.000112506036593306,0.000113407839525717,0.00011228968744682,0.000112471149279891,693.64212351063
1740029100,0.000113151269561409,0.000113346692276506,0.00011226015074255,0.000112506036593306,346.98017874162
1740028980,0.000112554543129355,0.000113412535848488,0.000112067104927426,0.000113151269561409,696.75199619464
1740028920,0.000112477761441172,0.000113957817493169,0.000112477761441172,0.000112554543129355,349.11665863172
1740028860,0.000111643142799133,0.000113498420451572,0.000111643142799133,0.000112477761441172,348.932750322
1740028800,0.000111812509014451,0.00011244174446325,0.000111376608812966,0.000111643142799133,391.76588430693
1740028740,0.000111723178553097,0.000113354496142202,0.000111723178553097,0.000111812509014451,341.89577625978
1740028620,0.000113289526502975,0.00011613331573136,0.00011151104665881,0.000111723178553097,1016.60477330958
1740028560,0.000111180239673704,0.000113289526502975,0.000111180239673704,0.000113289526502975,138.216
1740028500,0.000109627488580666,0.000111863792240957,0.000109627488580666,0.000111180239673704,888.87631276119
1740028440,0.000110920205403931,0.000110920205403931,0.000109627488580666,0.000109627488580666,38.20291898592
1740028380,0.000110989592402827,0.000111558068634797,0.000110482170691954,0.000110920205403931,346.4048517165
1740028320,0.000112140406546335,0.000112535319696208,0.000110989592402827,0.000110989592402827,350.0016007577
1740028260,0.000111815187640414,0.000112140406546335,0.000110980247160143,0.000112140406546335,348.7113816376
1740028200,0.00011251600629293,0.00011251600629293,0.000109897072511448,0.000111815187640414,351.4415167311
1740028140,0.00011031025894634,0.00011251600629293,0.000109954021515226,0.00011251600629293,694.29319065389
1740028080,0.000113299990677186,0.000113299990677186,0.00011031025894634,0.00011031025894634,397.68809695442
1740028020,0.000112285328970183,0.000113299990677186,0.000111684221932428,0.000113299990677186,349.33481552872
1740027900,0.00011078462392862,0.000112801966961289,0.00011078462392862,0.000112285328970183,693.31438228524
1740027840,0.000111558471816319,0.000111558471816319,0.00011078462392862,0.00011078462392862,34.03490275618
1740027780,0.000111749515256952,0.000112653576894969,0.000111370528225307,0.000111558471816319,380.35341352108
1740027720,0.000110750789653181,0.000112835248264242,0.000110750789653181,0.000111749515256952,697.33361022148
1740027660,0.000112486729907696,0.00011306395325983,0.000110750789653181,0.000110750789653181,353.00531107518
1740027600,0.000110773117287381,0.000112486729907696,0.000110773117287381,0.000112486729907696,344.800027788
1740027540,0.000111849575716649,0.000111849575716649,0.000110773117287381,0.000110773117287381,3.19788009
1740027480,0.00011187999246629,0.000113075779174405,0.000110158149791639,0.000111849575716649,457.33492214679
1740027420,0.000111685825335379,0.000113812303432111,0.00011110922488286,0.00011187999246629,726.98225566374
1740027360,0.000112276870530101,0.000114046539062156,0.000111685825335379,0.000111685825335379,399.93973793483
1740027300,0.000113602771161391,0.000113602771161391,0.000112276870530101,0.000112276870530101,38.35663419411
1740027240,0.000113744108218044,0.000116070807071802,0.000112663022036797,0.000113602771161391,765.43533519777
1740027180,0.000115021048967667,0.000115021048967667,0.000113744108218044,0.000113744108218044,38.6987404332
1740027120,0.000115093840821708,0.000116121925330109,0.00011396455286707,0.000115021048967667,351.98880201333
1740027060,0.000116484710065802,0.000116626233617764,0.000115093840821708,0.000115093840821708,347.84464086001
1740026940,0.000114616502261447,0.000117107014252698,0.000114172199045578,0.000116484710065802,728.25198685947
1740026880,0.000116108970632392,0.000116108970632392,0.000114616502261447,0.000114616502261447,27.44497349547
1740026820,0.000116154787449111,0.000117057369969514,0.000115075688060087,0.000116108970632392,342.70931152956
1740026760,0.000116289813046084,0.000117207802938897,0.000115135992711854,0.000116154787449111,679.16265638033
1740026700,0.000120223342960956,0.000120223342960956,0.000116289813046084,0.000116289813046084,386.19121471834
1740026640,0.000119170659963771,0.000121308350142002,0.000119122751388197,0.000120223342960956,714.8530191461
1740026580,0.000120116366555509,0.000122086693751375,0.000119170659963771,0.000119170659963771,396.63461142681
1740026520,0.000120506639429559,0.000120506639429559,0.000120020398544073,0.000120116366555509,14.8616853196
1740026460,0.000119110846940768,0.000121916526310496,0.000119110846940768,0.000120506639429559,809.436255249
1740026400,0.000114721597446674,0.000119110846940768,0.000114721597446674,0.000119110846940768,709.42856052243
1740026340,0.000108342648034261,0.000117258807992469,0.000108091264443046,0.000114721597446674,993.00974027303
1740026280,0.000105880218829553,0.000108919826935751,0.000105880218829553,0.000108342648034261,483.51303229209
1740026220,0.000104980072853801,0.000106922280813505,0.00010433612279178,0.000105880218829553,855.38477680635
1740026160,0.000103280127953481,0.00010517734594455,0.000103280127953481,0.000104980072853801,426.57546951834
1740026100,0.000103136532119265,0.000104513776211079,0.000102267624489493,0.000103280127953481,539.58355294991
1740025980,0.000105088838894614,0.000105177029384608,0.000103136532119265,0.000103136532119265,348.7090903392
1740025920,0.000103532814320401,0.000105088838894614,0.000103532814320401,0.000105088838894614,348.85257465786
1740025860,0.000103739232702979,0.000104798635242133,0.000103174979392391,0.000103532814320401,708.18993467348
1740025740,0.000103243261721627,0.000104323269413911,0.000102897228482734,0.000103739232702979,463.98450351008
1740025680,0.000103212203530452,0.000104449736927502,0.000102677410126056,0.000103243261721627,356.59100260448
1740025620,0.000102656638939474,0.000104147067910327,0.000102452524345023,0.000103212203530452,495.6977204582
1740025560,0.000102495921186046,0.000103722624649643,0.000101999803725282,0.000102656638939474,368.30233967616
1740025500,0.000101530552924863,0.000103087797452917,0.000100952028623346,0.000102495921186046,454.48522624778
1740025440,0.000101064523490498,0.000102645455473799,9.93757778700401e-05,0.000101530552924863,594.31930943558
1740025380,9.45353937788158e-05,0.000102251164787145,9.4071928407857e-05,0.000101064523490498,917.07100833229
1740025320,9.43350672676253e-05,9.51903679246786e-05,9.41444083171367e-05,9.45353937788158e-05,696.30565969663
1740025200,9.50922613940591e-05,9.50922613940591e-05,9.40201494243554e-05,9.43350672676253e-05,347.55425470292
1740025140,9.32968931309887e-05,9.57416657988795e-05,9.32968931309887e-05,9.50922613940591e-05,730.41970954735
1740025080,9.09130336501664e-05,9.36601753194306e-05,9.09068610255965e-05,9.32968931309887e-05,363.27507772108
1740025020,8.98714971658805e-05,9.09130336501664e-05,8.96265470784283e-05,9.09130336501664e-05,396.9261836275
1740024960,9.02417770838532e-05,9.06405374085569e-05,8.96755936794678e-05,8.98714971658805e-05,344.00489653665
1740024900,8.8946188091669e-05,9.12142959586209e-05,8.8946188091669e-05,9.02417770838532e-05,687.62279283206
1740024840,9.05645265157021e-05,9.05645265157021e-05,8.8946188091669e-05,8.8946188091669e-05,71.54920873242
1740024780,9.1234485396328e-05,9.1234485396328e-05,9.01039368006265e-05,9.05645265157021e-05,346.72304078019
1740024720,9.13028186616582e-05,9.13028186616582e-05,9.02588572292159e-05,9.1234485396328e-05,346.60482069172
1740024660,9.0465135853725e-05,9.16415315881132e-05,9.0325950014143e-05,9.13028186616582e-05,692.82669299206
1740024540,9.04007808578398e-05,9.15269994577146e-05,9.04007808578398e-05,9.0465135853725e-05,694.77103736904
1740024420,9.06521057686892e-05,9.13755279725364e-05,9.04007808578398e-05,9.04007808578398e-05,345.18555774657
1740024360,9.06503118587624e-05,9.1631276854257e-05,8.96254938330667e-05,9.06521057686892e-05,373.30827164968
1740024300,9.0560059120086e-05,9.11097128918252e-05,9.01371765508231e-05,9.06503118587624e-05,346.06004456065
1740024240,9.06481673670025e-05,9.15468954439823e-05,9.0560059120086e-05,9.0560059120086e-05,348.90387421566
1740024180,8.97601442599792e-05,9.16237431035355e-05,8.97601442599792e-05,9.06481673670025e-05,688.78341076724
1740024120,9.12258252213941e-05,9.22153840356798e-05,8.97601442599792e-05,8.97601442599792e-05,378.67905969894
1740024000,9.16259301803785e-05,9.22103198541953e-05,9.09034769605292e-05,9.12258252213941e-05,345.64495921989
1740023940,9.09087732666476e-05,9.17376343661692e-05,9.06483305524773e-05,9.16259301803785e-05,695.66492049398
1740023820,9.01822709392848e-05,9.2334755225246e-05,9.01822709392848e-05,9.09087732666476e-05,702.81466776088
1740023760,9.08316435772065e-05,9.08316435772065e-05,8.97707442679924e-05,9.01822709392848e-05,67.6658328797
1740023700,9.03090180102319e-05,9.08316435772065e-05,8.98509274580459e-05,9.08316435772065e-05,348.2099177773
1740023640,9.10383679753309e-05,9.12667918430213e-05,9.00091320819928e-05,9.03090180102319e-05,339.7942631319
1740023580,9.23435426250052e-05,9.23435426250052e-05,8.93055650063976e-05,9.10383679753309e-05,550.50942095312
1740023520,9.27238342164428e-05,9.36914929570635e-05,9.1410758237392e-05,9.23435426250052e-05,384.195852707
1740023460,9.11512322771788e-05,9.28751935022303e-05,9.11512322771788e-05,9.27238342164428e-05,682.04352801859
1740023400,9.19321944595925e-05,9.19321944595925e-05,9.11512322771788e-05,9.11512322771788e-05,18.7446194217
1740023340,9.13072272569081e-05,9.28891486823352e-05,9.13072272569081e-05,9.19321944595925e-05,667.83042301279
1740023280,9.50608233566102e-05,9.58914940945326e-05,9.13072272569081e-05,9.13072272569081e-05,603.65142419722
1740023220,9.49330517830287e-05,9.50608233566102e-05,9.40720458078774e-05,9.50608233566102e-05,342.94628867536
1740023100,9.51261867153697e-05,9.51261867153697e-05,9.36073881907433e-05,9.49330517830287e-05,377.31440579798
1740023040,9.42812348066837e-05,9.61383835889017e-05,9.42812348066837e-05,9.51261867153697e-05,689.9880619398
1740022980,9.39975484640578e-05,9.52694432150801e-05,9.39975484640578e-05,9.42812348066837e-05,342.66021226776
1740022920,9.66141831477169e-05,9.66770332828796e-05,9.39975484640578e-05,9.39975484640578e-05,384.26003356039
1740022740,9.51575533174697e-05,9.66141831477169e-05,9.51575533174697e-05,9.66141831477169e-05,344.23358701335
1740022680,9.41502366947859e-05,9.60501508986245e-05,9.41502366947859e-05,9.51575533174697e-05,690.65007281016
1740022620,9.45355028221989e-05,9.58365000970607e-05,9.41502366947859e-05,9.41502366947859e-05,356.53229044412
1740022560,9.60441279918522e-05,9.60441279918522e-05,9.45355028221989e-05,9.45355028221989e-05,17.1334955891
1740022500,9.48818166370557e-05,9.60441279918522e-05,9.48818166370557e-05,9.60441279918522e-05,343.3082450136
1740022440,9.62762878534261e-05,9.62762878534261e-05,9.38046125437229e-05,9.48818166370557e-05,511.96391052237
1740022380,9.39631159613906e-05,9.62762878534261e-05,9.39631159613906e-05,9.62762878534261e-05,676.45474075161
1740022320,9.68990466831208e-05,9.68990466831208e-05,9.39631159613906e-05,9.39631159613906e-05,81.73541701866
1740022260,9.60879718411028e-05,9.68990466831208e-05,9.50256269271316e-05,9.68990466831208e-05,384.69366567254
1740022200,9.59964909093326e-05,9.70921925595464e-05,9.59964909093326e-05,9.60879718411028e-05,343.3519792518
1740022140,9.51946200113595e-05,9.76852671088156e-05,9.51946200113595e-05,9.59964909093326e-05,803.13597863753
1740022080,9.41868166431799e-05,9.51946200113595e-05,9.38527939523637e-05,9.51946200113595e-05,232.42648914076
1740022020,9.47586238227499e-05,9.51830788199967e-05,9.28702732068493e-05,9.41868166431799e-05,351.39110963925
1740021960,9.37111275568503e-05,9.47586238227499e-05,9.290639769815e-05,9.47586238227499e-05,352.64835705912
1740021900,9.5512614159453e-05,9.5512614159453e-05,9.29892880311095e-05,9.37111275568503e-05,379.3002133899
1740021840,9.43169669323403e-05,9.5512614159453e-05,9.43169669323403e-05,9.5512614159453e-05,343.03512362048
1740021780,9.42511298380737e-05,9.56671638457396e-05,9.42511298380737e-05,9.43169669323403e-05,680.9395798262
1740021660,9.47149671544042e-05,9.52380836828284e-05,9.35787442844753e-05,9.42511298380737e-05,401.49136593403
1740021600,9.61474388677131e-05,9.61474388677131e-05,9.47149671544042e-05,9.47149671544042e-05,346.32162290118
1740021540,9.58073529921076e-05,9.61474388677131e-05,9.50996022796664e-05,9.61474388677131e-05,342.25837070333
1740021480,9.60319527230398e-05,9.68365535241638e-05,9.43003524422414e-05,9.58073529921076e-05,710.77500498718
1740021360,9.55301738634785e-05,9.60319527230398e-05,9.50277299660734e-05,9.60319527230398e-05,346.37457767903
1740021300,9.48859200110007e-05,9.66517973461523e-05,9.48859200110007e-05,9.55301738634785e-05,654.0773414303
1740021240,9.65504189397501e-05,9.65504189397501e-05,9.48859200110007e-05,9.48859200110007e-05,83.58191544548
1740021180,9.95793865660882e-05,0.000101584456694945,9.37793419712032e-05,9.65504189397501e-05,1408.36363776494
1740021120,0.000101619182730066,0.000101619182730066,9.95793865660882e-05,9.95793865660882e-05,135.38459782924
1740021060,0.000108306643574624,0.000108306643574624,0.000100251549264348,0.000101619182730066,944.39111343471
1740021000,0.000109765407062196,0.000109765407062196,0.000107449162511396,0.000108306643574624,624.28773524398
1740020940,0.000106947144683464,0.000109765407062196,0.000106947144683464,0.000109765407062196,808.7052589663
1740020880,0.000100614825968706,0.000107323817392206,0.000100614825968706,0.000106947144683464,944.02704629916
1740020820,0.000100032778306467,0.000100614825968706,0.000100032778306467,0.000100614825968706,172.17
1740020760,9.97083202928465e-05,0.000101178375827005,9.90424641596029e-05,0.000100032778306467,738.89579778914
1740020700,9.91933583247693e-05,9.97620177312823e-05,9.91933583247693e-05,9.97083202928465e-05,123.00855923841
1740020640,9.80692316665377e-05,0.000100926485876069,9.79394024644864e-05,9.91933583247693e-05,837.13825495476
1740020520,9.57339410735781e-05,9.91219969276869e-05,9.57339410735781e-05,9.80692316665377e-05,536.89204086952
1740020460,9.5684350093706e-05,9.74977267220612e-05,9.52613300846268e-05,9.57339410735781e-05,398.85647467664
1740020400,9.54410614522761e-05,9.66729219141343e-05,9.49458669102222e-05,9.5684350093706e-05,379.0047310902
1740020340,9.75710398940699e-05,9.75710398940699e-05,9.54410614522761e-05,9.54410614522761e-05,40.53606512795
1740020280,9.71810395395989e-05,9.75710398940699e-05,9.5830789320042e-05,9.75710398940699e-05,396.1249459596
1740020220,9.73478227929337e-05,9.83522727606059e-05,9.71810395395989e-05,9.71810395395989e-05,361.4937424956
1740020160,9.2829789979887e-05,9.84219960777354e-05,9.2829789979887e-05,9.73478227929337e-05,1041.45295792006
1740020100,9.3165159087981e-05,9.3165159087981e-05,9.18613513078826e-05,9.2829789979887e-05,122.04085582355
1740020040,9.08397524318192e-05,9.33219432535615e-05,9.08397524318192e-05,9.3165159087981e-05,709.21409808795
1740019980,9.18608059651336e-05,9.18608059651336e-05,9.08397524318192e-05,9.08397524318192e-05,75.50366150763
1740019920,9.01027206244406e-05,9.18608059651336e-05,8.97923126801712e-05,9.18608059651336e-05,396.08653582439
1740019860,9.02173538539825e-05,9.10738474601357e-05,8.94291553189917e-05,9.01027206244406e-05,395.37444699189
1740019800,9.00630892811866e-05,9.02173538539825e-05,9.00630892811866e-05,9.02173538539825e-05,0.001702
1740019740,9.53216660855837e-05,9.53216660855837e-05,9.00630892811866e-05,9.00630892811866e-05,508.6543952763
1740019500,9.50078268220292e-05,9.53216660855837e-05,9.50078268220292e-05,9.53216660855837e-05,16.975
1740019380,9.53306420164944e-05,9.53306420164944e-05,9.50078268220292e-05,9.50078268220292e-05,49.5425838732
1740019200,9.48082972939459e-05,9.53306420164944e-05,9.48082972939459e-05,9.53306420164944e-05,44.0362
1740019020,9.51533095005429e-05,9.51533095005429e-05,9.48082972939459e-05,9.48082972939459e-05,48.33648713032
1740018900,9.48306366348708e-05,9.53843406460874e-05,9.48306366348708e-05,9.51533095005429e-05,57.3345491746
1740018660,9.50372399143789e-05,9.50372399143789e-05,9.48306366348708e-05,9.48306366348708e-05,33.23572643091
1740018600,9.5803037644217e-05,9.5803037644217e-05,9.50372399143789e-05,9.50372399143789e-05,2.2503678996
1740018420,9.98287129541562e-05,9.98287129541562e-05,9.5803037644217e-05,9.5803037644217e-05,392.3132112403
1740018360,9.98625621895511e-05,9.98625621895511e-05,9.98287129541562e-05,9.98287129541562e-05,42.35577150366
1740018000,9.90818623832848e-05,9.98625621895511e-05,9.90818623832848e-05,9.98625621895511e-05,101.322576
1740017580,9.86637474968114e-05,9.90818623832848e-05,9.86637474968114e-05,9.90818623832848e-05,16.891
1740017460,9.69339959067201e-05,9.86637474968114e-05,9.69339959067201e-05,9.86637474968114e-05,126.6916661302
1740016980,9.77030899524212e-05,9.77030899524212e-05,9.67404273209528e-05,9.69339959067201e-05,150.18910869627
1740016800,9.48076618549476e-05,9.77030899524212e-05,9.48076618549476e-05,9.77030899524212e-05,1.6814169
1740016680,9.43876415125037e-05,9.48076618549476e-05,9.17772975670526e-05,9.48076618549476e-05,844.49084848064
1740016620,9.16635222562004e-05,9.43876415125037e-05,9.16635222562004e-05,9.43876415125037e-05,262.63279552
1740016380,9.44797220095051e-05,9.44797220095051e-05,9.16635222562004e-05,9.16635222562004e-05,12.20082322686
1740016320,9.78837964527524e-05,9.78837964527524e-05,9.44797220095051e-05,9.44797220095051e-05,510.44584944165
1740016260,9.86756456959116e-05,9.86756456959116e-05,9.78837964527524e-05,9.78837964527524e-05,129.77712769066
1740016200,9.91638230013813e-05,9.91638230013813e-05,9.86756456959116e-05,9.86756456959116e-05,0.5015195392
1740016140,9.8668951043564e-05,9.91638230013813e-05,9.8668951043564e-05,9.91638230013813e-05,1.6815168
1740016080,9.97391141875418e-05,9.97391141875418e-05,9.8668951043564e-05,9.8668951043564e-05,7.39490793084
1740016020,0.000100752112658354,0.000100752112658354,9.97391141875418e-05,9.97391141875418e-05,166.23288485248
1740015960,0.000101293944735368,0.000101293944735368,0.000100752112658354,0.000100752112658354,1.20084955533
1740015900,0.00010195668746497,0.00010195668746497,0.000101293944735368,0.000101293944735368,82.69753288765
1740015600,0.00010105159111747,0.00010195668746497,0.000100960720221993,0.00010195668746497,80.36284744466
1740015360,0.000106151306874605,0.000106151306874605,0.00010105159111747,0.00010105159111747,412.53293240642
1740015300,0.000109283537674865,0.000109283537674865,0.000106151306874605,0.000106151306874605,6.21096181426
1740015240,0.000112632040897217,0.000112632040897217,0.000109283537674865,0.000109283537674865,501.45838858556
1740015180,0.000112852793831528,0.000112852793831528,0.000112632040897217,0.000112632040897217,17.66981040048
1740015120,0.000116757347336972,0.000116757347336972,0.000112852793831528,0.000112852793831528,42.30842376849
1740014940,0.00012088603582555,0.00012088603582555,0.000116757347336972,0.000116757347336972,569.97211362836
1740014880,0.000121529216491844,0.000122256959208272,0.00012088603582555,0.00012088603582555,117.80929806152
1740014820,0.000121972663500387,0.000121972663500387,0.000121529216491844,0.000121529216491844,16.787235933
1740014700,0.000122665706953997,0.000122665706953997,0.000121972663500387,0.000121972663500387,31.8088253292
1740014640,0.000123595786848881,0.000123595786848881,0.000122665706953997,0.000122665706953997,42.3625
1740014580,0.000123107705591455,0.000123595786848881,0.000123107705591455,0.000123595786848881,1.6951
1740014520,0.000123809084892504,0.000123809084892504,0.000123107705591455,0.000123107705591455,50.86358791548
1740014400,0.000129226330841724,0.000129226330841724,0.000123809084892504,0.000123809084892504,365.19009154188
1740014280,0.000129001491977516,0.000129226330841724,0.000129001491977516,0.000129226330841724,13.49552476104
1740014220,0.000128364728382335,0.000129001491977516,0.000128364728382335,0.000129001491977516,1.6952
1740014040,0.000128986923230081,0.000128986923230081,0.000128364728382335,0.000128364728382335,2.78424462368
1740013980,0.000129059399180805,0.000129059399180805,0.000128313456765351,0.000128986923230081,19.9809339324
1740013800,0.000128002024401229,0.000129059399180805,0.000128002024401229,0.000129059399180805,63.46011933274
1740013740,0.000131288883496058,0.000131432943677539,0.00012722793173557,0.000128002024401229,332.21235948686
1740013680,0.000130740057457246,0.000131291644328562,0.000130740057457246,0.000131288883496058,0.71266242704
1740013620,0.000131207110013723,0.000131302734146448,0.000130740057457246,0.000130740057457246,54.67939611827
1740013560,0.000131117539693462,0.000131207110013723,0.000130582147309701,0.000131207110013723,8.07180727686
1740013500,0.000130851416029773,0.000131117539693462,0.000130851416029773,0.000131117539693462,20.3819976
1740013380,0.000129534190095163,0.000130851416029773,0.000129534190095163,0.000130851416029773,94.3771005
1740013320,0.00012641216826915,0.000129534190095163,0.00012641216826915,0.000129534190095163,232.7304090952
1740013260,0.000122274101442188,0.00012641216826915,0.000122274101442188,0.00012641216826915,271.34192509734
1740013200,0.00012270641626006,0.000122887395837407,0.000122274101442188,0.000122274101442188,22.86657458387
1740013140,0.000123690810420824,0.000123844269299751,0.00012270641626006,0.00012270641626006,81.80705800784
1740013080,0.000117143526413147,0.000135198525105588,0.000117143526413147,0.000123690810420824,2526.5103462378
1740013020,0.000116287864152932,0.000117143526413147,0.000116287864152932,0.000117143526413147,84.895
1740012960,0.000113913126761824,0.000116287864152932,0.000113913126761824,0.000116287864152932,40.67254775
1740012900,0.000104320716301347,0.000113913126761824,0.000104320716301347,0.000113913126761824,846.65191677665
1740012840,0.000103472180994595,0.000104320716301347,0.000102814096679929,0.000104320716301347,175.8790599104
1740012780,0.000110764497905466,0.000110764497905466,0.000103472180994595,0.000103472180994595,585.27191255727
1740012660,0.000124441190336157,0.000124441190336157,0.000110764497905466,0.000110764497905466,1086.67245497629
1740012540,0.000129399206737541,0.000129399206737541,0.000124441190336157,0.000124441190336157,399.81592676551
1740012480,0.000128527656845585,0.000129399206737541,0.000128527656845585,0.000129399206737541,25.273701
1740012360,0.000128567398359602,0.000129175727527271,0.000128527656845585,0.000128527656845585,4.93142613944
1740012300,0.000128661668862612,0.000128661668862612,0.000128567398359602,0.000128567398359602,10.429909237
1740012240,0.000129947416744556,0.000129947416744556,0.000128661668862612,0.000128661668862612,85.58512646112
1740011940,0.000129844197586529,0.000129947416744556,0.000129844197586529,0.000129947416744556,16.801
1740011880,0.000129938258693723,0.000129938258693723,0.000129263469231241,0.000129844197586529,12.12288240895
1740011820,0.000128901662056248,0.000129938258693723,0.000128901662056248,0.000129938258693723,16.797186
1740011760,0.000124398971037503,0.000128901662056248,0.000124398971037503,0.000128901662056248,367.907134
1740011700,0.000123627663982834,0.000124398971037503,0.000123627663982834,0.000124398971037503,67.264
1740011520,0.000123803082158366,0.000123803082158366,0.000123627663982834,0.000123627663982834,20.29836155228
1740011460,0.00012418415627544,0.00012418415627544,0.000123803082158366,0.000123803082158366,15.1761918458
1740011400,0.000124960716217737,0.000124960716217737,0.00012418415627544,0.00012418415627544,24.93072987495
1740011340,0.000133202918588003,0.000133202918588003,0.000124960716217737,0.000124960716217737,617.51841254641
1740011280,0.000135512066634311,0.000135512066634311,0.000133202918588003,0.000133202918588003,77.30440553767
1740011220,0.000140474395746284,0.000140474395746284,0.000135512066634311,0.000135512066634311,451.40723851155
1740011160,0.000141540918970828,0.000141540918970828,0.000140474395746284,0.000140474395746284,30.95878417317
1740011100,0.000148667503345912,0.000148667503345912,0.000141540918970828,0.000141540918970828,2.5314
1740011040,0.000158822002663571,0.00016020722659831,0.000140113364018383,0.000148667503345912,1794.29275355625
1740010980,0.000164648723402595,0.000165344047576164,0.000158822002663571,0.000158822002663571,430.32414531028
1740010920,0.000164543624617503,0.000164648723402595,0.000164543624617503,0.000164648723402595,10.122
1740010860,0.000163510793588429,0.000164543624617503,0.000163510793588429,0.000164543624617503,1.01208
1740010800,0.000163574762939681,0.000163574762939681,0.000163510793588429,0.000163510793588429,6.3691820871
1740010740,0.000163746619356806,0.000163790211569276,0.000163574762939681,0.000163574762939681,28.0243350295
1740010620,0.000163352554046309,0.000163746619356806,0.00016207590254568,0.000163746619356806,227.86335681829
1740010560,0.000164251698530896,0.000164259861852394,0.000162981080521751,0.000163352554046309,58.8786803193
1740010500,0.000164995892992224,0.000165005159715189,0.000163395487683515,0.000164251698530896,51.68615031792
1740010440,0.000164611569864242,0.000164995892992224,0.000163786981185408,0.000164995892992224,23.95427502736
1740010380,0.000164525874706103,0.000164611569864242,0.000163684569384887,0.000164611569864242,8.1836696126
1740010320,0.000165326977901455,0.000165407415387729,0.000164038502417457,0.000164525874706103,62.96584494582
1740010260,0.000167606895179906,0.000167606895179906,0.000164607447491486,0.000165326977901455,153.90657731496
1740010200,0.000166931013576482,0.000167606895179906,0.000166931013576482,0.000167606895179906,14.10721633167
1740010140,0.000165305430860633,0.000166931013576482,0.000165305430860633,0.000166931013576482,118.104
1740010080,0.000165826907636272,0.000165826907636272,0.000165305430860633,0.000165305430860633,48.67654352232
1740010020,0.000166259234510841,0.000166259234510841,0.000165826907636272,0.000165826907636272,10.01096561978
1740009960,0.00016681350069701,0.00016681350069701,0.000166259234510841,0.000166259234510841,35.25279637472
1740009900,0.000167324469732931,0.000167324469732931,0.00016681350069701,0.00016681350069701,35.2195116162
1740009840,0.000167491143987273,0.000168670352516275,0.000167324469732931,0.000167324469732931,88.83138382551
1740009780,0.000168620308166443,0.000168620308166443,0.000167491143987273,0.000167491143987273,21.25159440696
1740009720,0.000170691978818497,0.000170895404343245,0.000166584712161831,0.000168620308166443,389.21781888113
1740009660,0.000170608792443534,0.000170711239084355,0.000170608792443534,0.000170691978818497,2.69833029
1740009600,0.000164358088838169,0.000170701932521916,0.000164358088838169,0.000170608792443534,364.9906831595
1740009540,0.000162402602266751,0.000164358088838169,0.000162402602266751,0.000164358088838169,84.59
1740009480,0.000159168508891954,0.000162402602266751,0.000159168508891954,0.000162402602266751,294.70008999498
1740009420,0.000157576460638572,0.000159168508891954,0.000157576460638572,0.000159168508891954,97.4341725
1740009360,0.00015268425342559,0.000157576460638572,0.00015268425342559,0.000157576460638572,331.75302845568
1740009300,0.000148760663039494,0.00015268425342559,0.000148760663039494,0.00015268425342559,278.71056981575
1740009240,0.000147570483763948,0.000148760663039494,0.000147570483763948,0.000148760663039494,2.06159627856
1740009180,0.000145832106719985,0.000147570483763948,0.000145832106719985,0.000147570483763948,170.4938202126
1740009120,0.000144631864733622,0.000145985334824028,0.000144631864733622,0.000145832106719985,120.0834997947
1740009060,0.00014785309757533,0.00014785309757533,0.000144631864733622,0.000144631864733622,236.36801686404
1740009000,0.000155377824794259,0.000155377824794259,0.00014785309757533,0.00014785309757533,509.99795919239
1740008940,0.000155771639306647,0.000155771639306647,0.000155377824794259,0.000155377824794259,27.89330198702
1740008880,0.000155984621123027,0.000155984621123027,0.000155771639306647,0.000155771639306647,3.17052310014
1740008760,0.000156224243331822,0.000156224243331822,0.000155984621123027,0.000155984621123027,18.45388124361
1740008700,0.000156117547994063,0.000156224243331822,0.000156117547994063,0.000156224243331822,3.22159300112
1740008640,0.000156136285879277,0.000156136285879277,0.000156117547994063,0.000156117547994063,4.69108733054
1740008520,0.000160374951382624,0.000160374951382624,0.000156136285879277,0.000156136285879277,232.07748052128
1740008460,0.000160186096272283,0.000160374951382624,0.000160186096272283,0.000160374951382624,146.42910815994
1740008400,0.000165298767553087,0.000165298767553087,0.000157141599058294,0.000160186096272283,821.21146618535
1740008340,0.000167647941359692,0.000167647941359692,0.000165298767553087,0.000165298767553087,116.22534887761
1740008280,0.00016658835602634,0.000167647941359692,0.000166447150695208,0.000167647941359692,45.50242831531
1740008220,0.000167647769786097,0.000167647769786097,0.00016658835602634,0.00016658835602634,18.10935072336
1740008160,0.000167544114558774,0.000167647769786097,0.000167544114558774,0.000167647769786097,4.11093516963
1740008100,0.000166791466258443,0.000167544114558774,0.000166791466258443,0.000167544114558774,52.75788336154
1740008040,0.000164094508021997,0.000167837936679428,0.000164094508021997,0.000166791466258443,261.95397358099
1740007980,0.000164358112105023,0.000164358112105023,0.000164094508021997,0.000164094508021997,0.79631119386
1740007920,0.000163305835862524,0.000164900383424222,0.000163305835862524,0.000164358112105023,116.52632248936
1740007860,0.00015756377423632,0.000164129193528854,0.00015756377423632,0.000163305835862524,395.9877873186
1740007800,0.000158460022397425,0.000158460022397425,0.00015756377423632,0.00015756377423632,14.76373031377
1740007740,0.000163036820065199,0.000164788710483194,0.000157712131394848,0.000158460022397425,688.42836493927
1740007680,0.000167212465769246,0.000168905573255346,0.000163036820065199,0.000163036820065199,488.49865625444
1740007620,0.000151567327238021,0.000167212465769246,0.000151567327238021,0.000167212465769246,1108.64555437359
1740007560,0.000147220034904146,0.000151567327238021,0.000146441118001953,0.000151567327238021,407.93989444805
1740007500,0.000146748861481511,0.000147220034904146,0.000146294971981623,0.000147220034904146,21.42946339423
1740007440,0.000151188632763662,0.000151255447448434,0.000146748861481511,0.000146748861481511,434.84702473104
1740007380,0.000184575681637505,0.000184575681637505,0.000150421259896154,0.000151188632763662,2105.76766797432
1740007320,0.000193144392151194,0.000193144392151194,0.000184575681637505,0.000184575681637505,573.71635673274
1740007260,0.000200450941367239,0.000200450941367239,0.000190520747551291,0.000193144392151194,1186.44142317376
1740007200,0.000207165816607306,0.000207165816607306,0.000200450941367239,0.000200450941367239,423.28939352288
1740007140,0.000210246075233269,0.000210778855630173,0.000207165816607306,0.000207165816607306,227.00989543126
1740007080,0.0002093962001832,0.000210246075233269,0.000208682872843688,0.000210246075233269,141.73682930364
1740007020,0.00021186160465,0.00021186160465,0.000209207963512974,0.0002093962001832,140.57128219224
1740006960,0.000192382021362403,0.000218137958758821,0.000191941003723391,0.00021186160465,2091.599773033
1740006900,0.000209478381215888,0.000209478381215888,0.000192065699857787,0.000192382021362403,1523.42919624491
1740006840,0.000190388187374671,0.000209478381215888,0.000190388187374671,0.000209478381215888,1481.65240322165
1740006780,0.000182364515575614,0.000190388187374671,0.000182276146027622,0.000190388187374671,809.33856838287
1740006720,0.000178628655798584,0.000182364515575614,0.000178628655798584,0.000182364515575614,379.79556020414
1740006660,0.000177393131697845,0.00018506756288431,0.000170379625266727,0.000178628655798584,2092.48506644248
1740006600,0.000178439205500074,0.00017959369493114,0.000177393131697845,0.000177393131697845,333.56045828905
1740006540,0.000166803993404719,0.000178439205500074,0.000166803993404719,0.000178439205500074,831.80846021409
1740006480,0.000163763490169995,0.000167639386076661,0.000163761219401712,0.000166803993404719,278.59805205381
1740006420,0.000155528109096426,0.000164392426694586,0.000154937103295731,0.000163763490169995,625.40816400433
1740006360,0.000153896994975236,0.000155528109096426,0.000153896994975236,0.000155528109096426,49.24005880889
1740006300,0.000152034810798151,0.000153896994975236,0.000151108946777641,0.000153896994975236,427.13492567277
1740006240,0.000144498797345667,0.000152034810798151,0.000144498797345667,0.000152034810798151,648.44590650124
1740006180,0.000143448729109551,0.000144895740660664,0.000143448729109551,0.000144498797345667,294.082842507
1740006120,0.0001432424764508,0.000143448729109551,0.000139427528849455,0.000143448729109551,421.1378115323
1740006060,0.000134954253711288,0.000144391402060336,0.000134954253711288,0.0001432424764508,716.0682924434
1740006000,0.000130491893347328,0.000134954253711288,0.000130491893347328,0.000134954253711288,470.10670820212
1740005940,0.000128838987082838,0.000131411207066088,0.000128838987082838,0.000130491893347328,233.48048915242
1740005880,0.00013346735231281,0.00013346735231281,0.000128838987082838,0.000128838987082838,373.00277514341
1740005820,0.000131014008891478,0.000135766491659016,0.00013056473713976,0.00013346735231281,701.97054673296
1740005760,0.000131001407349067,0.000131014008891478,0.000129002762591572,0.000131014008891478,384.42953947953
1740005700,0.000131774997528924,0.000131863358429244,0.00013034320018332,0.000131001407349067,109.59819690071
1740005640,0.000133675171257365,0.000134104542735197,0.00013156749862521,0.000131774997528924,420.93373738621
1740005580,0.000117691815469457,0.000133675171257365,0.000117194495013659,0.000133675171257365,1808.16643564265
1740005520,0.00012522847874821,0.00012522847874821,0.000116668789506022,0.000117691815469457,764.307155493
1740005460,0.000127289589001005,0.000133735090675423,0.00012522847874821,0.00012522847874821,1456.67048139325
1740005400,0.000130509491208952,0.000130509491208952,0.000126336472178981,0.000127289589001005,550.44689325942
1740005340,0.000128634765696177,0.0001311489328711,0.000128529966414175,0.000130509491208952,289.90395434987
1740005280,0.000132477128022132,0.000132709766901649,0.000128634765696177,0.000128634765696177,536.77540378238
1740005220,0.00014063941011892,0.000142074122124948,0.000131020497175079,0.000132477128022132,1197.2119034925
1740005160,0.000129560710816701,0.000142100353754036,0.000129173060121081,0.00014063941011892,1100.46117165891
1740005100,0.000116980095027791,0.000158557236792767,0.000116980095027791,0.000129560710816701,5547.28458210085
1740005040,0.000100993713143359,0.000117458375472959,0.000100993713143359,0.000116980095027791,1519.8190187078
1740004980,9.96251482104271e-05,0.000100993713143359,9.93003000000485e-05,0.000100993713143359,244.57870095096
1740004920,9.83865421036594e-05,9.96251482104271e-05,9.30866824490508e-05,9.96251482104271e-05,1036.72708526467
1740004860,9.02604096848271e-05,9.88328515185924e-05,8.75374339011099e-05,9.83865421036594e-05,2472.17561956926
1740004800,0.000107717071530542,0.000107717071530542,9.02604096848271e-05,9.02604096848271e-05,3233.15258088273
1740004740,8.66419153351567e-05,0.000115413537121516,8.64726694366095e-05,0.000107717071530542,6169.97800790364
1740004680,9.1868139943969e-05,9.49863360129278e-05,7.37961205558639e-05,8.66419153351567e-05,9243.75823397856
