time,open,high,low,close,volume,usd_vol,price_change,vol_change,norm_open,mov_in_min
1728624720.0,6.157385182016984e-05,8.871426088200967e-05,6.157385182016984e-05,8.401948747623685e-05,5066.409469353627,0.3688177364430652,0.36453193998031586,0.0,1.0,0.44077815922747604
1728624780.0,8.401948747623685e-05,8.59068845235158e-05,7.93153836819205e-05,8.096074911226423e-05,1528.2870301495198,0.1260685779046027,-0.03640510619441378,-0.6581819000343437,1.364531939980316,0.078452047728327
1728624840.0,8.096074911226423e-05,8.18704221436785e-05,7.933542315533552e-05,8.174124701143289e-05,650.4489150130927,0.0529146684245616,0.009640448090300936,-0.5802707597399676,1.314856009799663,0.03131145667671404
1728624900.0,8.174124701143289e-05,8.411816372336762e-05,8.114647834603547e-05,8.114647834603547e-05,460.5502876036792,0.03750899438024558,-0.007276236748801151,-0.2911418421959743,1.327531810908357,0.03635478397970261
1728624960.0,8.114647834603547e-05,8.546887530912436e-05,8.082589609130981e-05,8.465989321943e-05,660.2509652474848,0.05473690843514085,0.04329719471511952,0.4593008780840173,1.317872375160623,0.057217260840517974
1728625020.0,8.465989321943e-05,8.49603294067589e-05,8.290520225095293e-05,8.476868627234886e-05,135.58980755470364,0.01148639424377855,0.00128506012447806,-0.7901526671461712,1.3749325519976294,0.02427509742398659
1728625080.0,8.476868627234886e-05,8.51856851308993e-05,7.029183018637485e-05,7.118651511503432e-05,1925.5235289518923,0.15014770486691853,-0.1602262787661601,12.071787514889104,1.3766994229940486,0.1756999618546967
1728625140.0,7.118651511503432e-05,7.780451790866843e-05,7.017539041007226e-05,7.689885336790995e-05,32037.757353659843,2.3721615515419376,0.08024466773861236,14.798853226857329,1.1561159974681923,0.10717096470121949
1728625200.0,7.689885336790995e-05,7.99273828456025e-05,7.086650184126155e-05,7.907653511182368e-05,1162.7735165255954,0.09068202547701286,0.02831878043089881,-0.9617724073564602,1.2488881415523219,0.11782855800190749
1728625260.0,7.907653511182368e-05,9.887046899608185e-05,7.281584292240802e-05,7.281584292240802e-05,7151.9321674121275,0.5431619922238725,-0.0791725659269503,4.98974261290138,1.2842551306156953,0.32948618748696396
1728625320.0,7.281584292240802e-05,0.0001356285284141,6.89976594382346e-05,0.0001355261109231,19573.42276736203,2.038982571398178,0.8612173599022338,2.7539124618236914,1.18257735662,0.9150600515174522
1728625380.0,0.0001355261109231,0.0001512570730905,0.0001321835590872,0.000146973104811,2254.481509639715,0.3184446291801247,0.08446338354972215,-0.8438217993389909,2.201033505568439,0.1407368209224469
1728625440.0,0.000146973104811,0.0001479267160459,0.0001364486710356,0.0001447222617523,106508.2781811626,15.533985623040078,-0.015314659519471065,47.780805828109756,2.3869402427550552,0.07809622736799489
1728625500.0,0.0001447222617523,0.0001594598943556,0.0001408183559527,0.0001523882812452,177485.0613559814,26.36634147671012,0.052970561681939504,0.6973326818072654,2.350385065643938,0.12880905934710998
1728625560.0,0.0001523882812452,0.0001591797296551,0.0001523882812452,0.0001575473363034,32165.5915728429,4.9846312439725535,0.033854670556319404,-0.8109471786832628,2.4748862827399396,0.044566736722833934
1728625620.0,0.0001575473363034,0.0001766155052928,0.0001575473363034,0.0001741690540211,5200.044645582114,0.8624700196793712,0.10550300695462338,-0.8269741576726914,2.5586727425064546,0.1210313638859568
1728625680.0,0.0001741690540211,0.0001951822416772,0.0001741690540211,0.0001867796199397,185047.5556145911,33.39633490938702,0.07240417070343787,37.72173426016863,2.828620410653718,0.12064822751781341
1728625740.0,0.0001867796199397,0.000195179170775,0.000179510318709,0.0001888027312521,169087.94948554828,31.753224812991263,0.010831542076448942,-0.04920031197596819,3.0334243257219184,0.08388951680626909
1728625800.0,0.0001888027312521,0.0001891375761533,0.000174340700221,0.0001760273479797,179696.4643751121,32.779337667823235,-0.06766524608874222,0.03231523288973648,3.066280988941699,0.07837214977860876
1728625860.0,0.0001760273479797,0.0001820741859872,0.0001592902513593,0.0001662387820009,164172.05199243856,28.095266443212896,-0.05560821140092877,-0.14289706741720729,2.8588003312477275,0.1294340617489024
1728625920.0,0.0001662387820009,0.0001761210206373,0.0001612245038273,0.0001671978026686,153121.577354497,25.528167896145067,0.0057689346382170355,-0.09137121202450724,2.6998275580746585,0.08960915516043283
1728625980.0,0.0001671978026686,0.0001748802009873,0.0001532170694961,0.0001649445221085,210774.9142341999,35.00363500922051,-0.013476735484174896,0.3711769348910583,2.715402686791648,0.12956588630616242
1728626040.0,0.0001649445221085,0.0001698147270439,0.0001548242718108,0.0001592653695919,141336.4888942766,22.911343878864106,-0.034430682777475075,-0.34545815390804707,2.6788079230487396,0.09088180099269583
1728626100.0,0.0001592653695919,0.0001664836857209,0.0001569400072868,0.0001625940220527,144922.89575756853,23.322397531952397,0.020900039156844324,0.01794105379682647,2.5865747372284615,0.05992312364297798
1728626160.0,0.0001625940220527,0.0001732292904035,0.0001597645618452,0.0001729384628337,146228.23971627574,24.532162316283085,0.06362128601288397,0.051871373115618694,2.6406342505186404,0.082811953282857
1728626220.0,0.0001729384628337,0.0001821098563358,0.000167795592427,0.000180700879042,138441.89439566573,24.479250211054193,0.04488542387337192,-0.0021568463695420498,2.8086347974263046,0.08277085197967092
1728626280.0,0.000180700879042,0.0001951512323462,0.0001785605002151,0.000187301906208,128588.53477768943,23.6604694747031,0.03653013311831066,-0.033447949969536,2.934701560814286,0.09181323421920842
1728626340.0,0.000187301906208,0.0001997629069412,0.0001844505047435,0.0001942744265303,113561.21335778442,21.666135667187515,0.037226104439945985,-0.08428969719505576,3.041906599493346,0.08175251660650745
1728626400.0,0.0001942744265303,0.0002007807659529,0.0001914834301156,0.0001958016352733,94391.62713436157,18.409957089902793,0.007861089955459616,-0.15028884833468814,3.1551449322626466,0.047856714871578485
1728626460.0,0.0001958016352733,0.0002001022371542,0.0001931839455986,0.0001994389496587,64561.22352752719,12.758607875472723,0.018576527107769237,-0.30697242730292046,3.1799478103976755,0.035333165353514225
1728626520.0,0.0001994389496587,0.0002057075894343,0.0001948956876564,0.0001964463130018,5228.230507696022,1.0348897038944396,-0.015005276863026499,-0.9188869417419809,3.2390201970988195,0.054211586033733175
1728626580.0,0.0001964463130018,0.0001974618911128,0.0001740267269319,0.0001803887743529,3726.75623639779,0.7021862559463171,-0.08174008666048563,-0.32148686637436946,3.190417802276417,0.1192955155166759
1728626640.0,0.0001803887743529,0.00018738333879,0.0001795279990023,0.00018738333879,1602.8227762011677,0.29473675969853647,0.038774942965222006,-0.5802584325702476,2.9296327746351865,0.043546721883770574
1728626700.0,0.00018738333879,0.0001989000378507,0.00018738333879,0.0001972827016384,5680.880847158476,1.0926209708109929,0.052829471992140165,2.707107901737641,3.043229118380711,0.061460635374881056
1728626760.0,0.0001972827016384,0.0002073229989083,0.0001972827016384,0.0002067430179591,6330.450236952472,1.2788323561804433,0.047953095948776295,0.17042633295902782,3.2040013058558703,0.0508929429013137
1728626820.0,0.0002067430179591,0.0002127468019914,0.000204746955707,0.0002123516380181,763.9939957841879,0.16009290041591032,0.027128461770397197,-0.8748132234516897,3.3576430878955814,0.038694638219814545
1728626880.0,0.0002123516380181,0.0002221912151332,0.0002123516380181,0.0002220731029844,3478.2490790890624,0.7555187276627251,0.04578003285979541,3.7192519199785847,3.448730780044195,0.04633624306802527
1728626940.0,0.0002220731029844,0.000226732508724,0.0002210241123045,0.0002244354046968,3925.294668868284,0.8763387324026738,0.010637495854533835,0.15991662458681574,3.606613788479206,0.025705032904867253
1728627000.0,0.0002244354046968,0.0002610069897499,0.000222102498278,0.0002300927822859,8547.481126120601,1.9425355497622219,0.025207153019118352,1.2166491996038302,3.644979127703058,0.17334382480543953
1728627060.0,0.0002300927822859,0.0002372445370494,0.0002178062744939,0.0002202833999002,5650.4257197088245,1.2724085816843034,-0.04263229071441031,-0.3449753947411393,3.736858674326562,0.08448010564428371
1728627120.0,0.0002202833999002,0.0002335594628211,0.0002171351828299,0.0002320574665704,4767.565347344342,1.0782823200864733,0.05344963204460378,-0.15256597950704065,3.577547828964006,0.07455977163345522
1728627180.0,0.0002320574665704,0.0002351038774644,0.0002183467079471,0.0002219519254153,3265.060521532637,0.7411840710887725,-0.04354758028022449,-0.3126252213526668,3.768766444044103,0.07221129216377248
1728627240.0,0.0002219519254153,0.0002237629213084,0.000203937840021,0.0002075056679616,4508.931076016339,0.9681973443041465,-0.06508732657610071,0.306284608736801,3.6046457847646765,0.08932151072942833
1728627300.0,0.0002075056679616,0.000219804123543,0.0002035494328562,0.0002176696604021,4043.7068300227834,0.8596421896307367,0.04898175813867839,-0.112120896955599,3.370029027380533,0.07833371900862018
1728627360.0,0.0002176696604021,0.0002368990125178,0.0002176696604021,0.0002263930565135,3860.1823215284617,0.8570815247437484,0.04007630689222051,-0.0029787566476794218,3.535098974120012,0.08834190341537589
1728627420.0,0.0002263930565135,0.000241769702138,0.0002246902066295,0.0002404704735641,2878.4536936427785,0.671922526289487,0.06218131097921089,-0.21603428974813166,3.6767726855012195,0.07544178152602286
1728627480.0,0.0002404704735641,0.0002451411307836,0.0002218880124952,0.0002269041193138,2187.037597033869,0.5110829032611827,-0.05641588361859215,-0.23937227393833374,3.905399231258239,0.09669843429738832
1728627540.0,0.0002269041193138,0.0002577875004418,0.0002236010665101,0.0002540950760781,4655.703825183084,1.1196948969480272,0.11983456645269595,1.190828317291257,3.685072682743435,0.15066466856170843
1728627600.0,0.0002540950760781,0.0002714148566313,0.0002479520243105,0.0002709751624928,4465.029492157656,1.1722270503366625,0.0664321665545051,0.046916489064854384,4.126671770026667,0.09233879177410081
1728627660.0,0.0002709751624928,0.0002876316666302,0.0002636417183273,0.0002849847238115,2888.078206413361,0.8028278156377494,0.051700536646314424,-0.31512601129006707,4.400815516368854,0.08853190854175584
1728627720.0,0.0002849847238115,0.0002911818114734,0.0002796184141562,0.0002897919953285,936.1381364408636,0.2690352033626566,0.016868523521912322,-0.6648905305442852,4.628340040246551,0.040575498793572105
1728627780.0,0.0002897919953285,0.0002912689355273,0.0002625588760847,0.0002707156004823,2391.500553521225,0.6702271128171896,-0.06582788742862108,1.4912245848872443,4.706413303082858,0.09907126458084227
1728627840.0,0.0002707156004823,0.0002738621974782,0.0002552627715127,0.0002574476981335,3396.9482952539956,0.8970717084243344,-0.04901048304996912,0.3384592942736094,4.396600057974955,0.06870466989107298
1728627900.0,0.0002574476981335,0.0002766689523678,0.0002564377208612,0.0002763377345127,2896.505004600158,0.7730560885211895,0.07337426792374935,-0.1382449348681085,4.18112056535608,0.07858385082980653
1728627960.0,0.0002763377345127,0.0002836399542842,0.0002618560018743,0.0002645782091006,4383.9078669758655,1.1856628302895098,-0.04255490272740701,0.533734547719057,4.487907225940016,0.07883090034125907
1728628020.0,0.0002645782091006,0.000286707208974,0.000243682621806,0.000250479921917,12400.018772065256,3.1933652466615436,-0.05328589694338531,1.693316485161133,4.296924770490511,0.1626157623269754
1728628080.0,0.000250479921917,0.0002871609411181,0.0002482209723706,0.000284730332163,10456.582670958149,2.7982351340660183,0.13673914453450414,-0.12373470682960812,4.067959279996674,0.15546143758541778
1728628140.0,0.000284730332163,0.0002959742528433,0.0002809405284836,0.0002861780286934,3951.701886341428,1.1280298232621642,0.005084447868277099,-0.5968781145196104,4.624208551944617,0.05279986942555045
1728628200.0,0.0002861780286934,0.0003113142407354,0.0002843335990354,0.0003098412861958,3935.316023501883,1.1727621801000414,0.0826871916423463,0.03965529626558556,4.64772009925902,0.09427922130565104
1728628260.0,0.0003098412861958,0.0003254142959865,0.0002867171991088,0.0002932151007019,5855.255407039366,1.765524585066191,-0.053660329448133426,0.5054412693591334,5.032027021806436,0.1248932876338691
1728628320.0,0.0002932151007019,0.0003227841120667,0.0002815630407875,0.000319432358605,5753.8631269565185,1.7625448129647832,0.08941305492227715,-0.0016877545215809322,4.762006794024393,0.14058304357628507
1728628380.0,0.000319432358605,0.0003587685761155,0.0003168232265122,0.0003562229738087,6471.672890089373,2.186310148913033,0.1151749790295796,0.24042812008588468,5.187792369038753,0.13131214942180708
1728628440.0,0.0003562229738087,0.0003996432836034,0.0003447979323089,0.0003470082773457,27055.18772787788,9.513026758046365,-0.0258677770399742,3.351178977409016,5.785296246352605,0.15396354341804258
1728628500.0,0.0003470082773457,0.0003582138040427,0.0003205258287707,0.000323350182501,8504.79967147512,2.850632204537391,-0.06817732137591372,-0.700344351273242,5.635643492941756,0.10860828900186179
1728628560.0,0.000323350182501,0.0003848586264262,0.000323350182501,0.0003428064959422,19947.608816608135,6.644116416077984,0.06017102971989136,1.3307518961942726,5.2514204153633885,0.19022238815346812
1728628620.0,0.0003428064959422,0.0003598863964152,0.0003059226361779,0.0003232076664915,16990.20872162783,5.657859815654352,-0.05717169797740502,-0.1484405959590061,5.567403789247863,0.15741755443980485
1728628680.0,0.0003232076664915,0.0003363791883584,0.0003026911950426,0.00031248320919,10570.089115990835,3.3596546030878534,-0.03318132090713271,-0.40619691675777286,5.249105861290724,0.10423018018567304
1728628740.0,0.00031248320919,0.0003539697324718,0.0002981548028993,0.0003003622712988,13321.096589251229,4.081886919938692,-0.03878908541236249,0.214972192732859,5.074933595231726,0.17861737184913087
1728628800.0,0.0003003622712988,0.0003116896084248,0.000297151931589,0.0003061907335389,5456.5628758843395,1.654847304226744,0.01940477482373902,-0.5945876657818833,4.878081562544214,0.048400475775261145
1728628860.0,0.0003061907335389,0.0003489175303581,0.0002966974750447,0.0002966974750447,12155.42055488387,3.6641798614571033,-0.031004395150952355,1.214210248944542,4.972739636837217,0.170547471211325
1728628920.0,0.0002966974750447,0.0003189010447054,0.0002730571285456,0.0002872539330559,12220.781379863563,3.568171247430461,-0.03182885862907061,-0.026201938129877544,4.818562852153913,0.15451400842859622
1728628980.0,0.0002872539330559,0.000310752987812,0.0002849174656083,0.0003097032485481,3510.666746557179,1.047858863287829,0.07815146429285377,-0.7063316778749279,4.665193496337415,0.08993966393724676
1728629040.0,0.0003097032485481,0.0003402207110962,0.0002892693744994,0.0003047315857188,15978.949676540196,4.909011648132055,-0.016052988958324924,3.684802333712411,5.029785199285683,0.1645166359592988
1728629100.0,0.0003047315857188,0.0003628619478496,0.0003023790067245,0.0003144399451325,12563.535256781748,3.8894916789229175,0.0318587237709539,-0.2076833469313683,4.949042113018803,0.19847939616247198
1728629160.0,0.0003144399451325,0.0003506148518048,0.0003133108100162,0.0003153918738631,6725.02130368153,2.11781620024095,0.0030273785037039434,-0.4555030901036873,5.1067122786282875,0.11863645941319778
1728629220.0,0.0003153918738631,0.0003747703439804,0.0003153918738631,0.0003328556627522,15171.591944000296,4.917473552115361,0.05537171479782761,1.3219548285426685,5.122172229605208,0.1882688649837378
1728629280.0,0.0003328556627522,0.0003926680015184,0.0003320808663162,0.0003700872573395,9753.817353666578,3.4281884263137408,0.11185507339563484,-0.30285574696400164,5.40579568944826,0.18202224562213654
1728629340.0,0.0003700872573395,0.0004182227740085,0.0003593136971519,0.0003699473411627,11730.729398506182,4.340572810280738,-0.000378062670424831,0.26614184242727446,6.0104613630533015,0.1591761826118743
1728629400.0,0.0003699473411627,0.0003998399139792,0.0003525259603789,0.0003587539963299,10523.843173315678,3.8343692979787516,-0.030256589485467507,-0.11662136184031589,6.0081890319799,0.1278937522610595
1728629460.0,0.0003587539963299,0.0003681354126426,0.0003574966756149,0.0003626903589389,833.2897378205427,0.30058608882702437,0.010972317101048411,-0.9216074234202023,5.826401722888196,0.029654685763881777
1728629520.0,0.0003626903589389,0.0004126435747132,0.0003587262959406,0.0003680079035889,9610.681256973789,3.51125404808962,0.014661389581893428,10.681359113429266,5.8903308501498195,0.14865925559847343
1728629580.0,0.0003680079035889,0.0003706201083387,0.0003082326056156,0.0003094287042999,3879.4903317659696,1.314054385344467,-0.15917918804928313,-0.6257592394775852,5.976691285510112,0.16952761643074052
1728629640.0,0.0003094287042999,0.0003572066517197,0.0003094287042999,0.0003308757162741,10289.416043194036,3.294179288791089,0.06931164328378986,1.5068820023971463,5.025326419461386,0.15440696598559045
1728629700.0,0.0003308757162741,0.0003436072812301,0.0002892721203198,0.0002953378093226,16429.665216798632,5.144239289892471,-0.1074056064061834,0.5616148481646013,5.373640051631699,0.1642162245152144
1728629760.0,0.0002953378093226,0.000299609358729,0.0002623671223324,0.0002665186236403,3995.393914747425,1.1224188866108327,-0.09758041392804054,-0.7818105217585447,4.796480983277641,0.1261004694320055
1728629820.0,0.0002665186236403,0.0002716306196153,0.0002492307471211,0.0002694305807816,4814.701248298292,1.290217651777299,0.010925904919988065,0.14949745337334636,4.328438383531434,0.08404618104448656
1728629880.0,0.0002694305807816,0.0003238348856054,0.000268078156583,0.0002927098808339,11738.48776353798,3.299339465031569,0.08640184787030614,1.5571960362553303,4.375730489761925,0.20694283796833124
1728629940.0,0.0002927098808339,0.0003130238026475,0.0002919595999067,0.0003091474213517,3602.063634667569,1.0839641507309399,0.05615642516395814,-0.6714602537206433,4.753801689859795,0.07196273211136667
1728630000.0,0.0003091474213517,0.0003559969975082,0.0003027440252676,0.0003140033248,12009.993427482184,3.7420181828062677,0.015707404018019164,2.452160461471854,5.020758198700705,0.17225753334043503
1728630060.0,0.0003140033248,0.0003535970974212,0.0003100166521117,0.0003157435900007,14657.109657854042,4.615134793464563,0.005542187178458873,0.23332773065349324,5.099621276204479,0.13878975752010886
1728630120.0,0.0003157435900007,0.0003292632460662,0.0003127078829774,0.0003261096634072,3399.142901500705,1.0908754650632984,0.032830669362051076,-0.7636308550276637,5.127884331856455,0.05243293486579834
1728630180.0,0.0003261096634072,0.0003713526182525,0.0003228907076357,0.0003263121989826,13468.262986604172,4.393494610437952,0.000621065850315327,3.027494201808836,5.296236206882477,0.14860617778224988
1728630240.0,0.0003263121989826,0.0003336123302532,0.0003230811348807,0.0003314168848043,3756.257306474643,1.235299838327708,0.01564356416222172,-0.7188343339734811,5.299525518325775,0.03227337318474436
1728630300.0,0.0003314168848043,0.0003792920004802,0.0003314168848043,0.0003428759509527,13556.762884959537,4.570614044692308,0.0345759877477774,2.700003758504327,5.3824289858010355,0.14445587376807925
1728630360.0,0.0003428759509527,0.0004031992527738,0.0003428759509527,0.0003534145864366,10962.211342994437,3.816442013494338,0.03073600074492767,-0.16500453195643655,5.568531784467375,0.17593331248076258
1728630420.0,0.0003534145864366,0.0004467148805425,0.0003513303636257,0.0004053221724253,7924.2102626586275,3.0061948056149066,0.1468744867382882,-0.2123043413248583,5.739686181542917,0.2698941146672544
1728630480.0,0.0004053221724253,0.0004053221724253,0.0003728095747944,0.0003868731318597,2809.018260928127,1.1126455379790396,-0.04551697839574795,-0.6298824228220793,6.582699643495879,0.0802142094432103
1728630540.0,0.0003868731318597,0.0003997771095485,0.0003855648555089,0.0003906878027422,1969.4858192180163,0.7656976171381747,0.009860263141466699,-0.3118225068075551,6.283075046037179,0.03673621368142488
1728630600.0,0.0003906878027422,0.0004381211027448,0.0003620567101551,0.0003824463225073,13207.86879485079,5.105727043558566,-0.021094797884791506,5.6680722641418475,6.345027819328688,0.1946935431713285
1728630660.0,0.0003824463225073,0.0004095371297555,0.0003618189758371,0.0003666666268516,10068.73822758476,3.771311094994361,-0.04125989642742292,-0.2613566955655644,6.21118073990657,0.12477085308485128
1728630720.0,0.0003666666268516,0.0003708594287868,0.0002746855955265,0.0002746855955265,8244.332057249172,2.6437603434698853,-0.2508573853991005,-0.29898110315562865,5.954908065886021,0.2622923010095057
1728630780.0,0.0002746855955265,0.0003435958293285,0.0002746855955265,0.000315720909278,13065.597020479934,3.8570067350228237,0.1493901188114581,0.4589093692057486,4.461075398185839,0.2508694846918245
1728630840.0,0.000315720909278,0.0003677842931061,0.0003133474707183,0.0003139389094731,13928.591203616674,4.38513710636372,-0.005644224859782315,0.1369275211643547,5.1275159819476945,0.17242070698544404
1728630900.0,0.0003139389094731,0.0003374750255407,0.0003139389094731,0.0003310817794144,5505.0577248833115,1.7754380630348436,0.05460575106816721,-0.5951237053778036,5.098575128773454,0.07497036957636714
1728630960.0,0.0003310817794144,0.0003722652936137,0.0002640247236821,0.0002827486765832,16819.773888465115,5.162244737866534,-0.1459853904273713,1.9075893129397348,5.376986653057606,0.32693001144022554
1728631020.0,0.0002827486765832,0.0002857462470527,0.00023187526039,0.0002595700086261,8370.520604271129,2.2697448643128366,-0.0819762208516636,-0.5603182375946626,4.592025157188227,0.19052604352985622
1728631080.0,0.0002595700086261,0.0002944521620472,0.0002595700086261,0.000291590163524,4094.039237384716,1.128235685433112,0.12335845372653874,-0.5029240056129902,4.2155882887461695,0.1343843751661862
1728631140.0,0.000291590163524,0.0002987886947557,0.0002073959556298,0.000227697133964,9301.946840059883,2.415191417975869,-0.21911928985471804,1.1406798678316181,4.735616741593603,0.31342874540545906
1728631200.0,0.000227697133964,0.0002430537274315,0.0001956099919063,0.0001968375362625,4611.7611046219645,0.9789262398570425,-0.13552914419370357,-0.5946796462710753,3.6979517641514987,0.2083633408082382
1728631260.0,0.0001968375362625,0.0002033666653166,0.0001346127654098,0.0001368817972606,10116.7745868741,1.68808163626753,-0.3045950489948411,0.7244216852477556,3.1967715262864496,0.34929262584911996
1728631320.0,0.0001368817972606,0.0001685826797858,0.0001088363022512,0.0001194010482838,23207.779240664113,2.9738778512818267,-0.1277068925645357,0.7616907780936975,2.2230507466119156,0.4364815390380424
1728631380.0,0.0001194010482838,0.0001478755420365,0.0001188932637797,0.0001440361807312,5189.740949625594,0.6835854875375206,0.2063225809278127,-0.7701366627271273,1.9391518437488366,0.24273051764095968
1728631440.0,0.0001440361807312,0.0001463584288177,0.0001230248298477,0.0001233723097545,4626.060819292962,0.6185239702910859,-0.14346305818301908,-0.09517685561290332,2.3392426569620235,0.1619981788710789
1728631500.0,0.0001233723097545,0.0001433353284497,0.0001233130479222,0.0001411672273721,2447.2207330895944,0.32369331998906997,0.14423753314670298,-0.4766681074029589,2.0036477515620805,0.16229152690212703
1728631560.0,0.0001411672273721,0.0001532043575512,0.0001403033266458,0.00014904495002,1935.81234500021,0.280898157832509,0.05580418907807313,-0.13220897532888856,2.292648960542333,0.09138828569179469
1728631620.0,0.00014904495002,0.0001560039986047,0.0001490443631629,0.0001539581697501,2449.3547880845977,0.37108107110673266,0.03296468434147353,0.3210519925445613,2.420588376626085,0.04669487588050515
1728631680.0,0.0001539581697501,0.0001544834184048,0.0001456459772885,0.0001479646299719,2348.5228883573454,0.3545363028320239,-0.038929663738718985,-0.044585319928512425,2.500382308382204,0.057401572976897845
1728631740.0,0.0001479646299719,0.0001524188681525,0.0001479646299719,0.000151545673074,2415.1891747576815,0.36168702082242515,0.0242020211369438,0.020169212386098524,2.4030432658986425,0.030103398234063862
1728631800.0,0.000151545673074,0.0001637711606884,0.0001507627221801,0.0001624819195866,2930.1062024540793,0.4600670984982736,0.07216468996287227,0.27200333993778947,2.461201769812912,0.08583840267051358
1728631860.0,0.0001624819195866,0.0001792362814936,0.0001610317943626,0.0001764140131284,3805.61402333308,0.6448535569953739,0.08574550065168589,0.40165110502418105,2.6388136324675333,0.1120400791504519
1728631920.0,0.0001764140131284,0.0001788533203432,0.0001575323475763,0.000158016126113,3589.097235614098,0.6001511441286733,-0.10428812705490344,-0.06932180551966981,2.865080028509956,0.1208575916890563
1728631980.0,0.000158016126113,0.000158016126113,0.0001446696875735,0.0001499721373957,3956.2885158871504,0.6092452149737477,-0.05090612531247361,0.015152967604981565,2.566286198474243,0.08446250941474
1728632040.0,0.0001499721373957,0.0001500243630057,0.0001282900844228,0.0001366930798291,4214.257763945069,0.6040405586713065,-0.08854349746022047,-0.008542793894024323,2.435646511667042,0.14492210993535634
1728632100.0,0.0001366930798291,0.0001701670285658,0.0001357088454371,0.0001684352359476,4962.395786769654,0.7570837343172083,0.23221479944841042,0.25336572759707937,2.219985850947256,0.2520843276907741
1728632160.0,0.0001684352359476,0.0001709020545799,0.0001089408241214,0.0001143113614891,7755.007958426245,1.0963510566697752,-0.32133344400299874,0.4481239088547347,2.7354994201032823,0.36786382676945373
1728632220.0,0.0001143113614891,0.0001178478811987,8.561934393577422e-05,8.60610275161602e-05,3711.5506122686247,0.3718461315471003,-0.2471349619576841,-0.6608329701650467,1.8564919703732887,0.2819364308419936
1728632280.0,8.60610275161602e-05,8.837984698833779e-05,6.706814245599983e-05,8.764004968944563e-05,5690.109720014658,0.4941890938923171,0.01834770300632221,0.32901501983144904,1.39768789790034,0.2476347906529019
1728632340.0,8.764004968944563e-05,9.63925028653202e-05,8.604510574378654e-05,9.565904357799008e-05,2501.2450823825666,0.2292379778201785,0.09149919376997077,-0.5361330700063385,1.4233322603465461,0.1180669928668443
1728632400.0,9.565904357799008e-05,0.0001008148244973,3.57552098231862e-05,3.57552098231862e-05,9509.520192516127,0.6248432481514585,-0.6262223780856093,1.7257405343263204,1.5535660146350452,0.6801198531853518
1728632460.0,3.57552098231862e-05,5.842044170303368e-05,3.231264511292887e-05,4.798249674078969e-05,18288.382566995464,0.7657136064623992,0.34197217630854043,0.22544911660275224,0.5806882104373048,0.7301816076373484
1728632520.0,4.798249674078969e-05,4.798249674078969e-05,7.511574534982443e-06,1.0241859772231295e-05,8150.917088790813,0.23729095124291572,-0.7865500866376397,-0.6901048260860858,0.7792674215172616,0.8434517783523988
1728632580.0,1.0241859772231295e-05,2.167935108889119e-05,1.0087269001603412e-05,1.9482401164053515e-05,7651.219355582526,0.11371342030304396,0.9022327582414333,-0.5207848436384956,0.1663345636089694,1.1318337045306295
1728632640.0,1.9482401164053515e-05,2.133310098014691e-05,8.743733750322643e-06,1.017611333501534e-05,4692.2904372217645,0.06958318198309192,-0.4776766349626847,-0.388082938692248,0.316407055724775,0.6461917668060644
1728632700.0,1.017611333501534e-05,1.452058203378534e-05,1.017611333501534e-05,1.3316131798954875e-05,2943.544386325805,0.03457523314314387,0.3085675601838019,-0.5031093411114005,0.1652667980677138,0.42692809678337273
1728632760.0,1.3316131798954875e-05,1.437362255636464e-05,1.2549065966042388e-05,1.437362255636464e-05,1207.4566057622076,0.016717088404131702,0.07941426034043624,-0.5165010649408553,0.21626277072685732,0.13701851392500128
1728632820.0,1.437362255636464e-05,1.5523458952123745e-05,1.437362255636464e-05,1.4910535080665971e-05,736.5001197374376,0.010783892803041522,0.037354015815838096,-0.3549180011289385,0.23343711870330403,0.07999628425264017
1728632880.0,1.4910535080665971e-05,1.5138917767006956e-05,1.4031795959865737e-05,1.4485237777349808e-05,1301.0352608671144,0.0191224685043595,-0.02852327572520408,0.7732435636754604,0.24215693252735093,0.07425097765785685
1728632940.0,1.4485237777349808e-05,1.876840212113724e-05,1.4485237777349808e-05,1.7777346596941315e-05,1690.8984740465323,0.027276377343643177,0.22727337101357725,0.4264046159848436,0.23524982357210367,0.2956916834658322
1728633000.0,1.7777346596941315e-05,1.8524993902489133e-05,1.720687921421404e-05,1.8126642779030945e-05,692.2201917696499,0.012426733205565496,0.019648386792983377,-0.5444140895615827,0.28871584400568495,0.07414574954070369
1728633060.0,1.8126642779030945e-05,1.8557552594624348e-05,1.7916520734605968e-05,1.8557552594624348e-05,254.98144077987695,0.004676894495112561,0.023772180036111416,-0.6236424796648934,0.29438864458197134,0.03536406977468167
1728633120.0,1.8557552594624348e-05,1.993942693538688e-05,1.751115350992888e-05,1.8200940027822837e-05,1532.166184031356,0.028160059686039827,-0.019216573143638168,5.02110218981155,0.30138690444156074,0.13085095208952352
1728633180.0,1.8200940027822837e-05,2.008485900257298e-05,1.8200940027822837e-05,2.008485900257298e-05,346.7083913090748,0.006637003895905535,0.10350668547175552,-0.7643114407461363,0.29559528094782483,0.10350668547175552
1728633240.0,2.008485900257298e-05,2.1695295204292084e-05,2.008485900257298e-05,2.0550559557232924e-05,809.550948215974,0.01644822081312193,0.02318664794212818,1.478259930398576,0.3261913687198265,0.08018160354089603
1728633300.0,2.0550559557232924e-05,2.154860076908585e-05,2.0387194543924813e-05,2.154860076908585e-05,366.5674034082339,0.007716089943242805,0.04856515994483754,-0.5308860434870181,0.33375465314809405,0.056514579173698065
1728633360.0,2.154860076908585e-05,2.181454124335727e-05,2.1314021732955706e-05,2.137845135236275e-05,356.1010111307592,0.007643183332655325,-0.007896077269536754,-0.009448647063960992,0.349963501260565,0.023227471508016514
1728633420.0,2.137845135236275e-05,2.1524849824078617e-05,1.841644356006243e-05,1.9204051244541502e-05,1100.9024965324331,0.02233868921223292,-0.1017098980642923,1.9226944114753057,0.347200162413094,0.1453990381615105
1728633480.0,1.9204051244541502e-05,1.9768543302605488e-05,1.8969910132731167e-05,1.9768543302605488e-05,328.14691510137465,0.006394368337071471,0.029394425732145197,-0.7137536461373999,0.3118864692861525,0.04158670270687398
1728633540.0,1.9768543302605488e-05,2.0030668235532944e-05,1.9734831974752825e-05,1.9734831974752825e-05,117.4260812180998,0.0023193632768540766,-0.0017053015660602746,-0.6372803137711782,0.32105419294444526,0.014965000518835819
1728633600.0,1.9734831974752825e-05,1.9734831974752825e-05,1.812359059922572e-05,1.850926203182014e-05,608.6121964807346,0.011637911027878034,-0.06210186864020843,4.017718071169684,0.3205066987264269,0.0816445449137038
1728633660.0,1.850926203182014e-05,1.850926203182014e-05,1.689802607795937e-05,1.689802607795937e-05,308.5043651871118,0.005461651470652348,-0.08705025360226788,-0.5307017335354055,0.30060263382381147,0.08705025360226788
1728633720.0,1.689802607795937e-05,1.7840468780497132e-05,1.5894821834354006e-05,1.7556526557900936e-05,792.4142372121553,0.013651139022715648,0.03896907703323232,1.4994526099053946,0.274435098315939,0.11514048665606547
1728633780.0,1.7556526557900936e-05,1.8246568364040807e-05,1.707653311765949e-05,1.7451682359592725e-05,505.0497325840945,0.008840443276014142,-0.005971807576085015,-0.352402516646886,0.2851295808028355,0.06664389123455454
1728633840.0,1.7451682359592725e-05,2.393920989001988e-05,1.7451682359592725e-05,1.7699437803301683e-05,2699.0648019037653,0.04743757558957902,0.014196650993522889,4.365972509352158,0.2834268418120312,0.37174224219484114
1728633900.0,1.7699437803301683e-05,1.851929941764897e-05,1.7699437803301683e-05,1.851929941764897e-05,165.0192124426376,0.002988393745934061,0.04632133649998465,-0.9370036577798772,0.287450553767433,0.04632133649998465
1728633960.0,1.851929941764897e-05,1.882789988248214e-05,1.8343065561034504e-05,1.87135690083774e-05,189.1723911692733,0.003521715375121173,0.010490115546341484,0.17846431043858843,0.3007656475956012,0.026179949387587942
1728634020.0,1.87135690083774e-05,1.993632135194186e-05,1.87135690083774e-05,1.918767959989391e-05,504.2518946020843,0.009555888209252711,0.025335124011045936,1.7134186586341937,0.3039207139912493,0.06534041384714347
1728634080.0,1.918767959989391e-05,1.9329765099003356e-05,1.8557437288470695e-05,1.869067233312889e-05,283.39791820171536,0.005367323041365291,-0.02590241640097881,-0.4383229560839509,0.3116205829697432,0.04025123551348706
1728634140.0,1.869067233312889e-05,1.905012466854052e-05,1.869067233312889e-05,1.8855411913653677e-05,120.47663785799178,0.0022617129973926367,0.008813999710047258,-0.5786143334466929,0.30354885687054517,0.019231642875388064
1728634200.0,1.8855411913653677e-05,1.9817589421438835e-05,1.8855411913653677e-05,1.9511714398922923e-05,345.83017641631653,0.006634255030632734,0.0348071147039753,1.9332877506035824,0.3062243364069873,0.05102924890696351
1728634260.0,1.9511714398922923e-05,2.022385701659116e-05,1.9294847143899248e-05,1.9932320859901672e-05,411.8649108238633,0.008122807032204556,0.021556612216606,0.2243736477869247,0.31688312200945407,0.04761292901782093
1728634320.0,1.9932320859901672e-05,2.0214896968204823e-05,1.9932320859901672e-05,2.0214896968204823e-05,99.97061714752633,0.002006771071515989,0.014176779025849233,-0.7529461104320554,0.3237140485885993,0.014176779025849233
1728634380.0,2.0214896968204823e-05,2.042415254224821e-05,2.0214896968204823e-05,2.042415254224821e-05,64.68407625625998,0.0013143496887580344,0.010351552836134545,-0.34504253753013986,0.3283032711230029,0.010351552836134545
1728634440.0,2.042415254224821e-05,2.2836123243673543e-05,2.042415254224821e-05,2.1971989273458284e-05,1283.670329271835,0.027211334662211685,0.07578462450318602,19.703268616378974,0.3317017197803085,0.11809404069207131
1728634500.0,2.1971989273458284e-05,2.487677311647255e-05,2.1971989273458284e-05,2.487677311647255e-05,733.2777105328219,0.017176576613292326,0.13220395326349385,-0.3687712555626536,0.3568396100609202,0.13220395326349385
1728634560.0,2.487677311647255e-05,2.6801378301088287e-05,2.487677311647255e-05,2.6801378301088287e-05,470.0967813560917,0.01214686632391405,0.07736554799952441,-0.29282379152816557,0.4040152171919774,0.07736554799952441
1728634620.0,2.6801378301088287e-05,2.7733777261004433e-05,2.5739107756593415e-05,2.7733777261004433e-05,548.0497263681925,0.014943988541625864,0.03478921678734283,0.23027521198656825,0.43527207587018163,0.07442413901265756
1728634680.0,2.7733777261004433e-05,3.1427442358313644e-05,2.771082821109756e-05,3.1427442358313644e-05,891.8093484007912,0.02638026435965008,0.13318290770665248,0.7652760028669015,0.4504148504791061,0.1340103842415254
1728634740.0,3.1427442358313644e-05,3.326854511119618e-05,3.0495952798459974e-05,3.1174805496508446e-05,1000.4022646253115,0.031313715262299535,-0.008038734394126328,0.1870129440474983,0.5104024099401706,0.08822201568696088
1728634800.0,3.1174805496508446e-05,3.1174805496508446e-05,2.79813475803262e-05,2.8186700397844835e-05,630.032273504711,0.01869983225864135,-0.09584999973771371,-0.40282294508964883,0.5062994205325396,0.10243714003411858
1728634860.0,2.8186700397844835e-05,2.8186700397844835e-05,2.1679936826872175e-05,2.216970510539371e-05,2260.0810920518875,0.056904779970783526,-0.21346930316509083,2.043063658738829,0.45777062120729106,0.23084516737085586
1728634920.0,2.216970510539371e-05,2.3241745145534207e-05,2.216970510539371e-05,2.3241745145534207e-05,284.42486049264716,0.0064580727011944805,0.048356080292636744,-0.8865108923273188,0.3600506456887199,0.048356080292636744
1728634980.0,2.3241745145534207e-05,2.5452945890796485e-05,2.3241745145534207e-05,2.526933067884432e-05,342.7892622642781,0.008314537946742586,0.08723895390014226,0.2874642840742153,0.37746128362105935,0.09513918732936237
1728635040.0,2.526933067884432e-05,2.6957813104605537e-05,2.482628933887539e-05,2.482628933887539e-05,896.2325146625514,0.022448661751030292,-0.017532769094665696,1.6999289551411667,0.41039061114196546,0.08435220516207315
1728635100.0,2.482628933887539e-05,2.627767398653434e-05,2.482628933887539e-05,2.627767398653434e-05,289.16778017129064,0.0073888098163818906,0.05846160204804476,-0.6708574480595585,0.40319532731819463,0.05846160204804476
1728635160.0,2.627767398653434e-05,2.6972777293232538e-05,2.303760322848317e-05,2.303760322848317e-05,914.5036368993716,0.022549500183917114,-0.12330127695896921,2.0518447144115317,0.4267667720915021,0.14975351573224852
1728635220.0,2.303760322848317e-05,2.303760322848317e-05,2.0226182728614265e-05,2.045957810020273e-05,655.7083873126787,0.014260733310839895,-0.11190509284807143,-0.36758095769186855,0.3741458841289625,0.12203615419476135
1728635280.0,2.045957810020273e-05,2.3284654952108216e-05,2.0257147057112563e-05,2.3284654952108216e-05,813.7882528629368,0.01779927149423463,0.13808089482927768,0.24813157263834504,0.33227705422678716,0.14797508923048877
1728635340.0,2.3284654952108216e-05,2.3936930825521864e-05,2.208015710305225e-05,2.2199656333164384e-05,432.78988198685823,0.009842574856703326,-0.04659715255284878,-0.4470237245444883,0.37815816720565837,0.07974237652602625
1728635400.0,2.2199656333164384e-05,2.2199656333164384e-05,2.182496767019344e-05,2.1831482013308422e-05,92.66873899757525,0.0020401550335977076,-0.016584685561367923,-0.792721410474389,0.3605370733992706,0.016878128983068643
1728635460.0,2.1831482013308422e-05,2.2044487863270335e-05,2.1831482013308422e-05,2.2044487863270335e-05,45.20159499796851,0.0009916319102520898,0.009756820440869044,-0.513942865163831,0.3545576794037279,0.009756820440869044
1728635520.0,2.2044487863270335e-05,2.240958329686027e-05,2.1875534013631115e-05,2.1875534013631115e-05,207.45955719632377,0.004555814145317414,-0.007664222035329015,3.594259319629245,0.35801703501760124,0.024225978237351894
1728635580.0,2.1875534013631115e-05,2.3722233839437814e-05,2.1875534013631115e-05,2.2561152347518782e-05,591.4332685368912,0.01314066732876179,0.03134178728896143,1.884373003290337,0.3552731129687962,0.08441850263659761
1728635640.0,2.2561152347518782e-05,2.4751913601157407e-05,2.1736181510556344e-05,2.2617156953165224e-05,1225.3695346801458,0.02768006192270743,0.002482346858164843,1.1064426356888564,0.3664080073049514,0.13366924012339845
1728635700.0,2.2617156953165224e-05,2.3890593486085512e-05,2.2451338098957948e-05,2.3225382303404075e-05,431.605905241863,0.009892955327208618,0.026892210700856057,-0.6425963440821316,0.36731755907069125,0.06363555729431074
1728635760.0,2.3225382303404075e-05,2.3225382303404075e-05,2.303373138002262e-05,2.303373138002262e-05,27.88526160587852,0.000644973743359214,-0.008251787672548451,-0.9348047451922338,0.37719554026334445,0.008251787672548451
1728635820.0,2.303373138002262e-05,2.303373138002262e-05,2.276107939887312e-05,2.276107939887312e-05,68.94519435798315,0.0015786660648690143,-0.011837073926544643,1.447643925234622,0.3740830027540591,0.011837073926544643
1728635880.0,2.276107939887312e-05,2.276107939887312e-05,2.159771033384694e-05,2.1775733513915603e-05,249.7903865152146,0.005562433855820649,-0.043290824116465294,2.5235025187433657,0.3696549545957955,0.05111220977875854
1728635940.0,2.1775733513915603e-05,2.261673939590544e-05,2.125176738034769e-05,2.2160802454269863e-05,677.4556888063922,0.014882528119046955,0.0176833969844545,1.6755424881993988,0.353652286972609,0.06268317045143283
1728636000.0,2.2160802454269863e-05,2.2160802454269863e-05,2.1562184624880784e-05,2.2021724375225843e-05,145.3616905760538,0.0032112233969286753,-0.00627585933907475,-0.7842286356698438,0.35990606075760584,0.027012461783564153
1728636060.0,2.2021724375225843e-05,2.2021724375225843e-05,2.1583097256934636e-05,2.1583097256934636e-05,144.59516056579866,0.0031525230926726278,-0.01991792789781063,-0.01827973236374352,0.3576473409450106,0.01991792789781063
1728636120.0,2.1583097256934636e-05,2.1583097256934636e-05,2.1278433036203777e-05,2.1278433036203777e-05,70.57984333129548,0.0015125800465146423,-0.014115871188643724,-0.5202001691818485,0.3505237469952242,0.014115871188643724
1728636180.0,2.1278433036203777e-05,2.1278433036203777e-05,2.115009310647e-05,2.115009310647e-05,8.183590177931022,0.00017360883490263735,-0.006031455864979193,-0.885223373597533,0.34557579893407886,0.006031455864979193
1728636240.0,2.115009310647e-05,2.115009310647e-05,1.8655269492092077e-05,1.887227649260027e-05,596.8458168042552,0.011943591936899442,-0.10769771094638463,67.79599153808965,0.34349147375480305,0.1179580440529944
1728636300.0,1.887227649260027e-05,1.887227649260027e-05,1.7780197009020865e-05,1.8527966801761126e-05,468.2222647272554,0.00875581330831812,-0.018244205513529135,-0.2669028417433415,0.3064982283018106,0.057866865399497765
1728636360.0,1.8527966801761126e-05,1.9335582487660523e-05,1.8527966801761126e-05,1.9106161926562287e-05,186.49110790698697,0.0035092151808295995,0.031206614896686975,-0.5992131105061588,0.3009064116351398,0.04358900760889913
1728636420.0,1.9106161926562287e-05,1.9653025410087577e-05,1.9106161926562287e-05,1.9653025410087577e-05,84.74972784117277,0.0016424152890630532,0.02862236202264229,-0.5319707671289692,0.31029668214298156,0.02862236202264229
1728636480.0,1.9653025410087577e-05,1.986001507995703e-05,1.9637808979283012e-05,1.986001507995703e-05,124.27040777692382,0.002455150827101973,0.010532203849042451,0.49484167825943715,0.31917810611370273,0.01130645771006656
1728636540.0,1.986001507995703e-05,2.0201505748691622e-05,1.9600926318521097e-05,2.0201505748691622e-05,351.25629991908954,0.007035930787701331,0.017194884664474806,1.8657835233717392,0.3225397549914436,0.03024063313912775
1728636600.0,2.0201505748691622e-05,2.0201505748691622e-05,1.9993676681537457e-05,1.9993676681537457e-05,72.10705824840592,0.001449178180400915,-0.010287800807502969,-0.7940317743127817,0.3280857888782294,0.010287800807502969
1728636660.0,1.9993676681537457e-05,1.9993676681537457e-05,1.848036576466549e-05,1.848036576466549e-05,464.19071381507695,0.008929646613227258,-0.07568947627673643,5.161869350501035,0.32471050763447773,0.07568947627673643
1728636720.0,1.848036576466549e-05,1.848036576466549e-05,1.743639814215542e-05,1.743639814215542e-05,56.603479600492086,0.001016506906557714,-0.05649063637615535,-0.8861649345616893,0.30013333937007086,0.05649063637615535
1728636780.0,1.743639814215542e-05,1.7662281284888263e-05,1.6753907438106492e-05,1.6753907438106492e-05,302.75070828522325,0.005175569615456257,-0.03914172517080193,4.091524299606325,0.28317861603135497,0.05209641574916922
1728636840.0,1.6753907438106492e-05,1.676989348854768e-05,1.619921467505882e-05,1.619921467505882e-05,224.57639609517267,0.003700246702129403,-0.033108262361891405,-0.28505517709992106,0.27209451646840765,0.03406243084469128
1728636900.0,1.619921467505882e-05,1.6555580114048385e-05,1.619921467505882e-05,1.6555580114048385e-05,84.75110433916196,0.0013880025153897313,0.021998933043232388,-0.6248891960119932,0.2630859398299396,0.021998933043232388
1728636960.0,1.6555580114048385e-05,1.7117617053630775e-05,1.649749600193326e-05,1.7117617053630775e-05,148.44723861003197,0.0024993465673565606,0.033948489615623245,0.800678701691531,0.2688735498048743,0.037456920713476345
1728637020.0,1.7117617053630775e-05,1.72729026016561e-05,1.7117617053630775e-05,1.714367824849338e-05,62.52484206263004,0.0010710910388132208,0.0015224779699740962,-0.571451573462234,0.27800140071834084,0.009071680219203538
1728637080.0,1.714367824849338e-05,1.714367824849338e-05,1.648030029457243e-05,1.648030029457243e-05,145.64351242468484,0.002448557168352171,-0.03869519389628361,1.2860401960464498,0.27842465172655645,0.03869519389628361
1728637140.0,1.648030029457243e-05,1.648030029457243e-05,1.647839264455699e-05,1.647839264455699e-05,0.6042533748273623,9.957700719183855e-06,-0.00011575335287225601,-0.9959332373987881,0.2676509558424921,0.00011575335287225601
1728637200.0,1.647839264455699e-05,1.6626234076218633e-05,1.647839264455699e-05,1.6626234076218633e-05,28.257822158863544,0.0004677323272556198,0.008971835715449801,45.97192057143445,0.2676199743469539,0.008971835715449801
1728637260.0,1.6626234076218633e-05,1.6626234076218633e-05,1.6592990852094912e-05,1.6592990852094912e-05,6.046574169721477,0.00010043125369485424,-0.0019994440094687816,-0.7852804951838027,0.2700210167909676,0.0019994440094687816
1728637320.0,1.6592990852094912e-05,1.6592990852094912e-05,1.6533861202632684e-05,1.6586887773973042e-05,27.40512838759786,0.00045464941681615316,-0.0003678106120995005,3.5269714365763,0.26948112488651427,0.003563531733928641
1728637380.0,1.6586887773973042e-05,1.6916927886326576e-05,1.6518628594290386e-05,1.6916927886326576e-05,141.83467510036854,0.002376001404400618,0.019897651497432205,4.226007812875746,0.26938200686902053,0.024012900880729028
1728637440.0,1.6916927886326576e-05,1.715104718427223e-05,1.6916927886326576e-05,1.715104718427223e-05,1.51979183335432,2.5888115145607316e-05,0.013839350709467969,-0.9891043350826056,0.2747420761613792,0.013839350709467969
1728637500.0,1.715104718427223e-05,1.715104718427223e-05,1.7144933399708752e-05,1.7144933399708752e-05,1.164152956662292,1.9962883599237008e-05,-0.00035646712983701035,-0.22887844530372076,0.2785443281080239,0.00035646712983701035
1728637560.0,1.7144933399708752e-05,1.7363358600599196e-05,1.7144933399708752e-05,1.72911361658994e-05,129.34777493230345,0.002227114487862714,0.008527461891052317,110.56276480757697,0.2784450362108508,0.012739927055893665
1728637620.0,1.72911361658994e-05,1.72911361658994e-05,1.723667567793454e-05,1.723667567793454e-05,0.1723667567793454,2.9757234731045633e-06,-0.003149618824485417,-0.9986638659622927,0.2808194656458915,0.003149618824485417
1728637680.0,1.723667567793454e-05,1.723667567793454e-05,1.7236432770789452e-05,1.7236432770789452e-05,0.0546931481402149,9.427214136198776e-07,-1.4092458988455955e-05,-0.6831958943294084,0.2799349913706113,1.4092458988455955e-05
1728637740.0,1.7236432770789452e-05,1.7313197584099715e-05,1.7180015457550917e-05,1.7180015457550917e-05,43.77973519686613,0.0007533714949266968,-0.003273143230317667,798.1454145863604,0.27993104639822597,0.0077267801476011205
1728637800.0,1.7180015457550917e-05,1.756893242910601e-05,1.7180015457550917e-05,1.756893242910601e-05,161.90748912813004,0.002813057451086432,0.022637754460468684,2.733957907924487,0.27901479198875184,0.022637754460468684
1728637860.0,1.756893242910601e-05,1.8070688143850836e-05,1.756893242910601e-05,1.8070688143850836e-05,53.19808352017972,0.000947979755933837,0.028559260317580753,-0.6630073247996704,0.285331060340632,0.028559260317580753
1728637920.0,1.8070688143850836e-05,1.895528051214715e-05,1.8070688143850836e-05,1.895528051214715e-05,219.59018398303465,0.004065269634660336,0.04895178098667617,3.28835068387691,0.2934799043695914,0.04895178098667617
1728637980.0,1.895528051214715e-05,1.895528051214715e-05,1.895528051214715e-05,1.895528051214715e-05,0.0,0.0,0.0,-1.0,0.30784626837228235,0.0
1728638040.0,1.895528051214715e-05,1.895528051214715e-05,1.8878647823450924e-05,1.8878647823450924e-05,13.034105760898578,0.0002465657116382214,-0.004042814805463596,0.0,0.30784626837228235,0.004042814805463596
1728638100.0,1.8878647823450924e-05,1.9104082800374835e-05,1.8878647823450924e-05,1.9104082800374835e-05,43.94141329709711,0.0008345074322469174,0.01194126714117083,2.384523446923413,0.30660170292070016,0.01194126714117083
1728638160.0,1.9104082800374835e-05,1.976924841965875e-05,1.9104082800374835e-05,1.9743701912493735e-05,158.13149634365817,0.0030715291631410978,0.033480754810503145,2.6806492602120784,0.3102629157612141,0.03481798242995798
1728638220.0,1.9743701912493735e-05,2.0049488895908912e-05,1.9743701912493735e-05,2.0049488895908912e-05,79.95538801047061,0.0015908400056302634,0.015487824156303547,-0.4820690538378637,0.32065075237060714,0.015487824156303547
1728638280.0,2.0049488895908912e-05,2.0850986946945185e-05,2.0049488895908912e-05,2.0361806901222e-05,338.98165465130774,0.006849343957957437,0.01557735496074499,3.3054888824246316,0.3256169348389095,0.039975984185802275
1728638340.0,2.0361806901222e-05,2.165552219123523e-05,1.9914188177631984e-05,2.0369230034580866e-05,1458.822036224066,0.02970966712010279,0.00036456162239803877,3.337593104166811,0.330689185414125,0.08551962122274825
1728638400.0,2.0369230034580866e-05,2.038280084416661e-05,2.025854401567828e-05,2.038280084416661e-05,19.222059702611517,0.000391668985276976,0.0006662406758971285,-0.9868167831132663,0.3308097420000691,0.006100222162417361
1728638460.0,2.038280084416661e-05,2.045523443015628e-05,2.038280084416661e-05,2.045523443015628e-05,14.982771300532525,0.00030593347143912996,0.0035536620577049493,-0.21889788842283897,0.33103014090617255,0.0035536620577049493
1728638520.0,2.045523443015628e-05,2.045523443015628e-05,2.013971264686151e-05,2.013971264686151e-05,67.72627101101499,0.0013746721937079587,-0.01542498984170083,3.4933697095692597,0.3322065101578675,0.01542498984170083
1728638580.0,2.013971264686151e-05,2.013971264686151e-05,1.931137395599557e-05,1.931137395599557e-05,193.89512734223888,0.003824686730325334,-0.04112961815247279,1.7822536513296687,0.32708222811333554,0.04112961815247279
1728638640.0,1.931137395599557e-05,1.9379924982203444e-05,1.931137395599557e-05,1.9379924982203444e-05,14.185841999646309,0.00027443432674918706,0.0035497746749703083,-0.9282465869496602,0.31362946096657407,0.0035497746749703083
1728638700.0,1.9379924982203444e-05,1.9379924982203444e-05,1.9379924982203444e-05,1.9379924982203444e-05,0.0,0.0,0.0,-1.0,0.31474277488443775,0.0
1728638760.0,1.9379924982203444e-05,1.9419619300307086e-05,1.9321045778682616e-05,1.9419619300307086e-05,1.283038017991586,2.489064519760454e-05,0.002048218356887032,0.0,0.31474277488443775,0.005086372713774179
1728638820.0,1.9419619300307086e-05,1.9419619300307086e-05,1.8989470373349693e-05,1.8989470373349693e-05,114.35456889735356,0.002196127445685408,-0.02215022448718091,87.23103733352647,0.31538743681365367,0.02215022448718091
1728638880.0,1.8989470373349693e-05,1.907663135194955e-05,1.8989470373349693e-05,1.907663135194955e-05,1.4189022469162758,2.7006038634685307e-05,0.004589963642281476,-0.9877028818670145,0.30840153428779465,0.004589963642281476
1728638940.0,1.907663135194955e-05,1.907663135194955e-05,1.867584288866231e-05,1.867584288866231e-05,65.49373886528899,0.001236275344716591,-0.021009393948700574,44.77773739569402,0.30981708611739944,0.021009393948700574
1728639000.0,1.867584288866231e-05,1.867584288866231e-05,1.853545624461315e-05,1.853545624461315e-05,29.39376582848604,0.0005468901064486222,-0.007517017833470077,-0.5576308232742491,0.3033080169031205,0.007517017833470077
1728639060.0,1.853545624461315e-05,1.8716808845252035e-05,1.853545624461315e-05,1.871380344541861e-05,38.49484650035807,0.0007169522670098741,0.009621948251599812,0.3109622181055646,0.30102804513102527,0.009784091540319735
1728639120.0,1.871380344541861e-05,1.871380344541861e-05,1.865712974035273e-05,1.87009977565904e-05,26.539967776793723,0.0004964938091382311,-0.0006842910830799393,-0.3074939127971358,0.30392452140355625,0.003028443962830796
1728639180.0,1.87009977565904e-05,1.87009977565904e-05,1.87009977565904e-05,1.87009977565904e-05,0.0,0.0,0.0,-1.0,0.3037165485636305,0.0
1728639240.0,1.87009977565904e-05,1.87009977565904e-05,1.8491060636441153e-05,1.84936432524498e-05,66.1541538612141,0.0012302900020623344,-0.011087884552444515,0.0,0.3037165485636305,0.011225984991911037
1728639300.0,1.84936432524498e-05,1.84936432524498e-05,1.7913198236405775e-05,1.7913198236405775e-05,146.24851935679922,0.002662223331101408,-0.03138619081814156,1.1638990210752949,0.30034897453649007,0.03138619081814156
1728639360.0,1.7913198236405775e-05,1.7913198236405775e-05,1.7727666891424524e-05,1.7727666891424524e-05,7.830210566682675,0.00013953773936482445,-0.010357242884980043,-0.9475860128882969,0.2909221643096546,0.010357242884980043
1728639420.0,1.7727666891424524e-05,1.7727666891424524e-05,1.7606182554666608e-05,1.761831021351004e-05,61.28229505522482,0.0010830412989799108,-0.0061687010808728045,6.7616371306423115,0.28790901279327547,0.006852810214788177
1728639480.0,1.761831021351004e-05,1.761831021351004e-05,1.761831021351004e-05,1.761831021351004e-05,0.0,0.0,0.0,-1.0,0.28613298815486454,0.0
1728639540.0,1.761831021351004e-05,1.7667128292523854e-05,1.6494662464912227e-05,1.6746881269234273e-05,373.8775023498932,0.006424185979672133,-0.04946155072281227,0.0,0.28613298815486454,0.06654814300593703
1728639600.0,1.6746881269234273e-05,1.6746881269234273e-05,1.6678807604435047e-05,1.6678807604435047e-05,4.694878043125998,7.846476638467552e-05,-0.004064856238294604,-0.9877860375411049,0.27198040684777286,0.004064856238294604
1728639660.0,1.6678807604435047e-05,1.680860982423076e-05,1.6678807604435047e-05,1.6744818569201877e-05,30.321707060482854,0.0005067307008680531,0.003957774820142255,5.458066775905416,0.2708748455943038,0.007782464003074099
1728639720.0,1.6744818569201877e-05,1.6744818569201877e-05,1.6744818569201877e-05,1.6744818569201877e-05,0.0,0.0,0.0,-1.0,0.27194690723760684,0.0
1728639780.0,1.6744818569201877e-05,1.6744818569201877e-05,1.5556919763487e-05,1.5556919763487e-05,354.45137536751713,0.005724697789391612,-0.07094127659882414,0.0,0.27194690723760684,0.07094127659882414
1728639840.0,1.5556919763487e-05,1.5556919763487e-05,1.5114513855084198e-05,1.5114513855084198e-05,93.1209860688982,0.0014280770713540523,-0.028437885849431067,-0.7505410549356143,0.252654646471069,0.028437885849431067
1728639900.0,1.5114513855084198e-05,1.5434925656896953e-05,1.42529414939981e-05,1.42529414939981e-05,540.8229186752747,0.007941296457978248,-0.05700298199113326,4.560831846735408,0.2454696824753964,0.07820193055704926
1728639960.0,1.42529414939981e-05,1.4290044728149075e-05,1.4212376184762493e-05,1.4258392973959512e-05,33.329706428550814,0.0004751372038516246,0.00038248104531318755,-0.9401688116838559,0.23147717858588218,0.005449299249512014
1728640020.0,1.4258392973959512e-05,1.4287886444381893e-05,1.4153690285691473e-05,1.4153690285691473e-05,39.69975311505751,0.0005639763454463012,-0.007343232050011548,0.18697576378889338,0.23156571421911384,0.009411730966842209
1728640080.0,1.4153690285691473e-05,1.4153690285691473e-05,1.3238155934566475e-05,1.3238155934566475e-05,288.5338979811768,0.003951738081415994,-0.06468520453994583,6.006921679115454,0.22986527344477625,0.06468520453994583
1728640140.0,1.3238155934566475e-05,1.3238155934566475e-05,1.2086880517220762e-05,1.2086880517220762e-05,346.84487194222834,0.004391929512526205,-0.0869664493329913,0.11139185392380058,0.2149963912153703,0.0869664493329913
1728640200.0,1.2086880517220762e-05,1.2086880517220762e-05,1.1381264876121682e-05,1.1381264876121682e-05,114.32259525060928,0.0013414696435427695,-0.05837863955830086,-0.6945602975373878,0.19629891845196284,0.05837863955830086
1728640260.0,1.1381264876121682e-05,1.1381264876121682e-05,1.1137589324300213e-05,1.1161340408626702e-05,19.504105180982613,0.0002198366722635535,-0.01932337660960599,-0.836122514347046,0.1848392546459714,0.02141023466844267
1728640320.0,1.1161340408626702e-05,1.1161340408626702e-05,1.1103221378599322e-05,1.1103221378599322e-05,2.5679288267371265,2.8586905014043792e-05,-0.005207172964858136,-0.869962983338048,0.18126753611620844,0.005207172964858136
1728640380.0,1.1103221378599322e-05,1.1655741806073996e-05,1.1103221378599322e-05,1.153970769717509e-05,343.5433966493511,0.0038894143823909474,0.0393116829514959,135.05580528847764,0.18032364470273768,0.049762173394076244
1728640440.0,1.153970769717509e-05,1.221640164094164e-05,1.153970769717509e-05,1.221640164094164e-05,161.77237950589785,0.0019215411677147116,0.05864047526370222,-0.5059561726273355,0.18741247065194988,0.05864047526370222
1728640500.0,1.221640164094164e-05,1.517484047501076e-05,1.221640164094164e-05,1.3717547381957258e-05,806.4121075796758,0.010456725244709886,0.12287953401799827,4.441842943779377,0.19840242700132488,0.24216941461340843
1728640560.0,1.3717547381957258e-05,1.831162196264621e-05,1.3717547381957258e-05,1.831162196264621e-05,742.5332286235422,0.011891361261789296,0.3349049544185686,0.13719744791087443,0.22278202477928757,0.3349049544185686
1728640620.0,1.831162196264621e-05,1.9304013119477876e-05,1.831162196264621e-05,1.9304013119477876e-05,285.1786982738151,0.005363588923731498,0.05419460705643884,-0.5489508050717116,0.2973928286332713,0.05419460705643884
1728640680.0,1.9304013119477876e-05,1.9597822084106737e-05,1.9304013119477876e-05,1.9597822084106737e-05,74.39977640794625,0.0014471439205027336,0.015220097645520464,-0.7301911199607851,0.3135099161224543,0.015220097645520464
1728640740.0,1.9597822084106737e-05,1.9597822084106737e-05,1.9507815045845463e-05,1.9507815045845463e-05,0.2990981649464228,5.848212152314699e-06,-0.004592706162705064,-0.9959587902284915,0.318281567658677,0.004592706162705064
1728640800.0,1.9507815045845463e-05,1.9507815045845463e-05,1.9507815045845463e-05,1.9507815045845463e-05,0.0,0.0,0.0,-1.0,0.3168197939414156,0.0
1728640860.0,1.9507815045845463e-05,1.9507815045845463e-05,1.928697251137621e-05,1.928697251137621e-05,67.61198798159137,0.001311496355033631,-0.011320721154585952,0.0,0.3168197939414156,0.011320721154585952
1728640920.0,1.928697251137621e-05,1.928697251137621e-05,1.919355311577453e-05,1.919355311577453e-05,12.096692062676832,0.0002327435344607934,-0.004843652654483603,-0.8225358892020519,0.31323316539795143,0.004843652654483603
1728640980.0,1.919355311577453e-05,1.9263064905168396e-05,1.919355311577453e-05,1.9263064905168396e-05,0.998640678166454,1.920217155021136e-05,0.0036216217484368197,-0.9174964340268449,0.3117159727448993,0.0036216217484368197
1728641040.0,1.9263064905168396e-05,1.9263064905168396e-05,1.9165256155033024e-05,1.9165256155033024e-05,1.669727244544667,3.2082407318163954e-05,-0.005077527933217421,0.6707697478002597,0.31284489009112737,0.005077527933217421
1728641100.0,1.9165256155033024e-05,1.9165256155033024e-05,1.9087110563999913e-05,1.9087110563999913e-05,41.12229243517172,0.0007865125052787513,-0.004077461339466032,23.515383072063145,0.31125641142292537,0.004077461339466032
1728641160.0,1.9087110563999913e-05,1.915709379704188e-05,1.9087110563999913e-05,1.915709379704188e-05,19.903671690960135,0.0003806000438420809,0.0036665179261842736,-0.5160915544410947,0.3099872754386874,0.0036665179261842736
1728641220.0,1.915709379704188e-05,1.915709379704188e-05,1.9025632405752133e-05,1.9025632405752133e-05,24.46787905763392,0.00046712516341035674,-0.006862282592678347,0.22733870100177125,0.3111238493409724,0.006862282592678347
1728641280.0,1.9025632405752133e-05,1.9025632405752133e-05,1.8725548627704513e-05,1.8725548627704513e-05,107.34250201461514,0.00202615311306896,-0.015772604644505493,3.337495112180544,0.3089888295654728,0.015772604644505493
1728641340.0,1.8725548627704513e-05,1.8725548627704513e-05,1.7871412445800053e-05,1.7871412445800053e-05,144.81632366892867,0.00264991868005991,-0.04561341293043679,0.3078570730748718,0.3041152709171681,0.04561341293043679
1728641400.0,1.7871412445800053e-05,1.7871412445800053e-05,1.772197208751481e-05,1.7749827871012993e-05,37.86479686819849,0.0006743955143947042,-0.006803299691940863,-0.745503316962369,0.29024353548637166,0.008361978032707844
1728641460.0,1.7749827871012993e-05,1.7749827871012993e-05,1.764827110758978e-05,1.764827110758978e-05,11.300761441427948,0.0002000127360186221,-0.005721563282822922,-0.7034192373029925,0.28826892173080937,0.005721563282822922
1728641520.0,1.764827110758978e-05,1.764827110758978e-05,1.7577335007888656e-05,1.7577335007888656e-05,16.664161980419355,0.0002935026030833916,-0.004019436196819064,0.46741957000210826,0.28661957285265544,0.004019436196819064
1728641580.0,1.7577335007888656e-05,1.7577335007888656e-05,1.7577335007888656e-05,1.7577335007888656e-05,0.0,0.0,0.0,-1.0,0.28546752376681467,0.0
1728641640.0,1.7577335007888656e-05,1.763031976987048e-05,1.735913301603908e-05,1.735913301603908e-05,51.01834394084917,0.0008912003708616122,-0.012413826769055095,0.0,0.28546752376681467,0.01542820647781326
1728641700.0,1.735913301603908e-05,1.735913301603908e-05,1.735913301603908e-05,1.735913301603908e-05,0.0,0.0,0.0,-1.0,0.2819237793785823,0.0
1728641760.0,1.735913301603908e-05,1.735913301603908e-05,1.735913301603908e-05,1.735913301603908e-05,0.0,0.0,0.0,0.0,0.2819237793785823,0.0
1728641820.0,1.735913301603908e-05,1.7769408643491314e-05,1.729988578376271e-05,1.7769408643491314e-05,121.31803467785136,0.002130862817616627,0.023634569023300828,0.0,0.2819237793785823,0.027047598477112123
1728641880.0,1.7769408643491314e-05,1.8012700460658666e-05,1.7769408643491314e-05,1.8012700460658666e-05,62.6019356651618,0.0011200146460508987,0.01369161023017309,-0.47438444333847984,0.2885869264016152,0.01369161023017309
1728641940.0,1.8012700460658666e-05,1.8012700460658666e-05,1.8012700460658666e-05,1.8012700460658666e-05,0.0,0.0,0.0,-1.0,0.2925381461154298,0.0
1728642000.0,1.8012700460658666e-05,1.8012700460658666e-05,1.8012700460658666e-05,1.8012700460658666e-05,0.0,0.0,0.0,0.0,0.2925381461154298,0.0
1728642060.0,1.8012700460658666e-05,1.8012700460658666e-05,1.8007594353368922e-05,1.8007594353368922e-05,11.604811484800017,0.0002090043654718549,-0.00028347261427548367,0.0,0.2925381461154298,0.00028347261427548367
1728642120.0,1.8007594353368922e-05,1.8007594353368922e-05,1.7869216144476582e-05,1.7869216144476582e-05,47.98888699370889,0.0008608441023379084,-0.007684436142712843,3.1187852722331395,0.29245521956237513,0.007684436142712843
1728642180.0,1.7869216144476582e-05,1.7869216144476582e-05,1.7869216144476582e-05,1.7869216144476582e-05,0.0,0.0,0.0,-1.0,0.290207866103045,0.0
1728642240.0,1.7869216144476582e-05,1.7869216144476582e-05,1.7473257006891257e-05,1.7473257006891257e-05,123.77013273286398,0.0021871712965262397,-0.02215873009671538,0.0,0.290207866103045,0.02215873009671538
1728642300.0,1.7473257006891257e-05,1.7473257006891257e-05,1.7473257006891257e-05,1.7473257006891257e-05,0.0,0.0,0.0,-1.0,0.28377722832612395,0.0
1728642360.0,1.7473257006891257e-05,1.7473257006891257e-05,1.65047638072125e-05,1.65047638072125e-05,302.9235608307825,0.005146371527495377,-0.05542717074995204,0.0,0.28377722832612395,0.05542717074995204
1728642420.0,1.65047638072125e-05,1.65047638072125e-05,1.65047638072125e-05,1.65047638072125e-05,0.0,0.0,0.0,-1.0,0.2680482594367437,0.0
1728642480.0,1.65047638072125e-05,1.65047638072125e-05,1.588380506229672e-05,1.588380506229672e-05,23.631537539811,0.00038269584055028054,-0.037623000981354376,0.0,0.2680482594367437,0.037623000981354376
1728642540.0,1.588380506229672e-05,1.588380506229672e-05,1.5799944597904394e-05,1.5799944597904394e-05,14.650224279917298,0.00023208701927534994,-0.005279620598680472,-0.39354705569407106,0.2579634795089048,0.005279620598680472
1728642600.0,1.5799944597904394e-05,1.5799944597904394e-05,1.5799944597904394e-05,1.5799944597904394e-05,0.0,0.0,0.0,-1.0,0.2566015302087823,0.0
1728642660.0,1.5799944597904394e-05,1.5909794201464484e-05,1.5799944597904394e-05,1.5909794201464484e-05,14.22717641535816,0.00022557002399177428,0.006952530933219852,0.0,0.2566015302087823,0.006952530933219852
1728642720.0,1.5909794201464484e-05,1.5909794201464484e-05,1.5909794201464484e-05,1.5909794201464484e-05,0.0,0.0,0.0,-1.0,0.25838556028507037,0.0
1728642780.0,1.5909794201464484e-05,1.596344655524904e-05,1.5857688837295876e-05,1.596344655524904e-05,15.412381784296514,0.0002456212776226344,0.003372284588044299,0.0,0.25838556028507037,0.0066473341272653575
1728642840.0,1.596344655524904e-05,1.6005750652704018e-05,1.596344655524904e-05,1.6005750652704018e-05,4.978518793984726,7.957962456419916e-05,0.0026500603931967253,-0.6760067965835475,0.25925690992779293,0.0026500603931967253
1728642900.0,1.6005750652704018e-05,1.6005750652704018e-05,1.5825359174584787e-05,1.5825359174584787e-05,25.770602984049702,0.0004101534469503713,-0.011270416616714898,4.154000778421476,0.2599439563964551,0.011270416616714898
1728642960.0,1.5825359174584787e-05,1.5825359174584787e-05,1.5825359174584787e-05,1.5825359174584787e-05,0.0,0.0,0.0,-1.0,0.25701427971086993,0.0
1728643020.0,1.5825359174584787e-05,1.5825359174584787e-05,1.5825359174584787e-05,1.5825359174584787e-05,0.0,0.0,0.0,0.0,0.25701427971086993,0.0
1728643080.0,1.5825359174584787e-05,1.5825359174584787e-05,1.5825359174584787e-05,1.5825359174584787e-05,0.0,0.0,0.0,0.0,0.25701427971086993,0.0
1728643140.0,1.5825359174584787e-05,1.5825359174584787e-05,1.5825359174584787e-05,1.5825359174584787e-05,0.0,0.0,0.0,0.0,0.25701427971086993,0.0
1728643200.0,1.5825359174584787e-05,1.5825359174584787e-05,1.5825359174584787e-05,1.5825359174584787e-05,0.0,0.0,0.0,0.0,0.25701427971086993,0.0
1728643260.0,1.5825359174584787e-05,1.5966523561425818e-05,1.5786048036741225e-05,1.5966523561425818e-05,37.73240781043207,0.0005997921422282935,0.008920137943392645,0.0,0.25701427971086993,0.011404197698996458
1728643320.0,1.5966523561425818e-05,1.5966523561425818e-05,1.5966523561425818e-05,1.5966523561425818e-05,0.0,0.0,0.0,-1.0,0.25930688253931256,0.0
1728643380.0,1.5966523561425818e-05,1.600756060778254e-05,1.589349381991637e-05,1.600756060778254e-05,36.54254071564886,0.0005842071362994402,0.002570192953954411,0.0,0.25930688253931256,0.007144121726143923
1728643440.0,1.600756060778254e-05,1.600756060778254e-05,1.600756060778254e-05,1.600756060778254e-05,0.0,0.0,0.0,-1.0,0.259973351261727,0.0
1728643500.0,1.600756060778254e-05,1.600756060778254e-05,1.5540452736362353e-05,1.5540452736362353e-05,91.31811708232188,0.0014404525881376383,-0.029180453091215534,0.0,0.259973351261727,0.029180453091215534
1728643560.0,1.5540452736362353e-05,1.5540452736362353e-05,1.5540452736362353e-05,1.5540452736362353e-05,0.0,0.0,0.0,-1.0,0.25238721108026807,0.0
1728643620.0,1.5540452736362353e-05,1.5540452736362353e-05,1.55107694634235e-05,1.55107694634235e-05,13.88870706078628,0.0002156306645061047,-0.0019100648766429088,0.0,0.25238721108026807,0.0019100648766429088
1728643680.0,1.55107694634235e-05,1.55107694634235e-05,1.55107694634235e-05,1.55107694634235e-05,0.0,0.0,0.0,-1.0,0.2519051351330698,0.0
1728643740.0,1.55107694634235e-05,1.55107694634235e-05,1.55107694634235e-05,1.55107694634235e-05,0.0,0.0,0.0,0.0,0.2519051351330698,0.0
1728643800.0,1.55107694634235e-05,1.55107694634235e-05,1.5091516806204138e-05,1.5091516806204138e-05,179.68992463239687,0.0027494612566842116,-0.027029778129835216,0.0,0.2519051351330698,0.027029778129835216
1728643860.0,1.5091516806204138e-05,1.5091516806204138e-05,1.5091516806204138e-05,1.5091516806204138e-05,0.0,0.0,0.0,-1.0,0.24509619522065676,0.0
1728643920.0,1.5091516806204138e-05,1.5091516806204138e-05,1.5091516806204138e-05,1.5091516806204138e-05,0.0,0.0,0.0,0.0,0.24509619522065676,0.0
1728643980.0,1.5091516806204138e-05,1.5091516806204138e-05,1.5091516806204138e-05,1.5091516806204138e-05,0.0,0.0,0.0,0.0,0.24509619522065676,0.0
1728644040.0,1.5091516806204138e-05,1.5091516806204138e-05,1.5091516806204138e-05,1.5091516806204138e-05,0.0,0.0,0.0,0.0,0.24509619522065676,0.0
1728644100.0,1.5091516806204138e-05,1.5091516806204138e-05,1.469739343866284e-05,1.469739343866284e-05,6.259708506623334,9.323494743141641e-05,-0.026115557011424633,0.0,0.24509619522065676,0.026115557011424633
1728644160.0,1.469739343866284e-05,1.469739343866284e-05,1.4663993376469295e-05,1.4663993376469295e-05,9.633762064702475,0.0001414303072333377,-0.002272516030337964,0.5169237622767341,0.23869537156108844,0.002272516030337964
1728644220.0,1.4663993376469295e-05,1.473688834864788e-05,1.4655564014706653e-05,1.4655564014706653e-05,22.37989282090612,0.00032808427598546183,-0.0005748339859570031,1.3197593387404194,0.23815293250284839,0.005545851791758547
1728644280.0,1.4655564014706653e-05,1.4670933622344016e-05,1.4612970302074268e-05,1.4670933622344016e-05,7.322096786595829,0.00010736572705517943,0.0010487216747127976,-0.6727495496921131,0.23801603410339042,0.0039550385240433245
1728644340.0,1.4670933622344016e-05,1.4736853798130658e-05,1.4594849706394363e-05,1.4594849706394363e-05,52.629258741584515,0.0007701182415416613,-0.005186030958096363,6.17284987178327,0.23826564667728384,0.009679281182216011
1728644400.0,1.4594849706394363e-05,1.462207163938021e-05,1.4593544065065256e-05,1.4593915826819745e-05,0.1306173544742226,1.906279667158399e-06,-6.398692644361821e-05,-0.997524692229933,0.2370299936573646,0.001954632962232932
1728644460.0,1.4593915826819745e-05,1.4593915826819745e-05,1.4593915826819745e-05,1.4593915826819745e-05,0.0,0.0,0.0,-1.0,0.2370148268365955,0.0
1728644520.0,1.4593915826819745e-05,1.4593915826819745e-05,1.3967778417239977e-05,1.3967778417239977e-05,176.49085520038244,0.0025204389215529705,-0.04290400307976929,0.0,0.2370148268365955,0.04290400307976929
1728644580.0,1.3967778417239977e-05,1.3967778417239977e-05,1.3768656440933718e-05,1.3768656440933718e-05,23.02142532431438,0.000319266131925078,-0.014255808644593686,-0.8733291534284188,0.22684594197604724,0.014255808644593686
1728644640.0,1.3768656440933718e-05,1.3932200267782018e-05,1.36815548532849e-05,1.3932200267782018e-05,64.02932965452989,0.0008868336429576279,0.011877980073792092,1.777725396709917,0.2236120696354341,0.018204057568896728
1728644700.0,1.3932200267782018e-05,1.3932200267782018e-05,1.3932200267782018e-05,1.3932200267782018e-05,0.0,0.0,0.0,-1.0,0.2262681293428232,0.0
1728644760.0,1.3932200267782018e-05,1.3932200267782018e-05,1.3915322590431537e-05,1.3915322590431537e-05,0.050934431179264,7.091988682673297e-07,-0.0012114150691266209,0.0,0.2262681293428232,0.0012114150691266209
1728644820.0,1.3915322590431537e-05,1.3915608563332189e-05,1.38460230882646e-05,1.38460230882646e-05,0.0598491393759908,8.307463233946725e-07,-0.0049800859244606265,0.17138698405469818,0.2259940247212742,0.005000636860221802
1728644880.0,1.38460230882646e-05,1.3918269361400646e-05,1.384584958016775e-05,1.3851437716912224e-05,1.621749344203815,2.245916944845319e-05,0.00039106020646562437,26.03493090005918,0.2248685550597476,0.0052303669271126126
1728644940.0,1.3851437716912224e-05,1.3851437716912224e-05,1.3851437716912224e-05,1.3851437716912224e-05,0.0,0.0,0.0,-1.0,0.22495649220331687,0.0
1728645000.0,1.3851437716912224e-05,1.3851437716912224e-05,1.3851226179746946e-05,1.3851226179746946e-05,0.0376395433755123,5.213578096777707e-07,-1.5271856221836433e-05,0.0,0.22495649220331687,1.5271856221836433e-05
1728645060.0,1.3851226179746946e-05,1.3851226179746946e-05,1.384964758093378e-05,1.384964758093378e-05,0.7948930402893475,1.1009615881149457e-05,-0.0001139681637336923,20.117197588262915,0.2249530567001118,0.0001139681637336923
1728645120.0,1.384964758093378e-05,1.39183923205652e-05,1.3830099642265875e-05,1.3830099642265875e-05,10.049885277730963,0.00013908914205487436,-0.0014114394285971129,11.633423686744715,0.22492741921331338,0.006375084837600693
1728645180.0,1.3830099642265875e-05,1.3830099642265875e-05,1.3830099642265875e-05,1.3830099642265875e-05,0.0,0.0,0.0,-1.0,0.2246099477852631,0.0
1728645240.0,1.3830099642265875e-05,1.3830099642265875e-05,1.3830099642265875e-05,1.3830099642265875e-05,0.0,0.0,0.0,0.0,0.2246099477852631,0.0
1728645300.0,1.3830099642265875e-05,1.3830099642265875e-05,1.3656629263089042e-05,1.3656629263089042e-05,74.25453602298376,0.0010205071508283328,-0.012542959462612588,0.0,0.2246099477852631,0.012542959462612588
1728645360.0,1.3656629263089042e-05,1.3656629263089042e-05,1.3656629263089042e-05,1.3656629263089042e-05,0.0,0.0,0.0,-1.0,0.22179267431529304,0.0
1728645420.0,1.3656629263089042e-05,1.3656629263089042e-05,1.3631503074025113e-05,1.3631503074025113e-05,28.29244201472756,0.0003860239509190071,-0.001839852908055409,0.0,0.22179267431529304,0.001839852908055409
1728645480.0,1.3631503074025113e-05,1.3631503074025113e-05,1.3631503074025113e-05,1.3631503074025113e-05,0.0,0.0,0.0,-1.0,0.22138460841846866,0.0
1728645540.0,1.3631503074025113e-05,1.3631503074025113e-05,1.3631503074025113e-05,1.3631503074025113e-05,0.0,0.0,0.0,0.0,0.22138460841846866,0.0
1728645600.0,1.3631503074025113e-05,1.3720479336957509e-05,1.3631503074025113e-05,1.3720479336957509e-05,15.51404456951692,0.0002121699370943136,0.006527252530349402,0.0,0.22138460841846866,0.006527252530349402
1728645660.0,1.3720479336957509e-05,1.3720479336957509e-05,1.3720479336957509e-05,1.3720479336957509e-05,0.0,0.0,0.0,-1.0,0.22282964166394853,0.0
1728645720.0,1.3720479336957509e-05,1.3720479336957509e-05,1.3679199283565225e-05,1.3679199283565225e-05,2.1884100449363117,2.9980865960589325e-05,-0.003008645133927071,0.0,0.22282964166394853,0.003008645133927071
1728645780.0,1.3679199283565225e-05,1.4509586920775504e-05,1.3679199283565225e-05,1.4188531951353938e-05,219.0215216010188,0.003051816449320117,0.03723409954270112,100.79213813676408,0.22215922634686155,0.06070440381754969
1728645840.0,1.4188531951353938e-05,1.4188531951353938e-05,1.381804541595738e-05,1.381804541595738e-05,231.90794809982256,0.003247473945276049,-0.02611168912095966,0.06411181642314065,0.23043112509499009,0.02611168912095966
1728645900.0,1.381804541595738e-05,1.381804541595738e-05,1.381804541595738e-05,1.381804541595738e-05,0.0,0.0,0.0,-1.0,0.22441417919271672,0.0
1728645960.0,1.381804541595738e-05,1.4402073235215649e-05,1.381804541595738e-05,1.4402073235215649e-05,228.2205627931125,0.00322020568032956,0.04226558834318347,0.0,0.22441417919271672,0.04226558834318347
1728646020.0,1.4402073235215649e-05,1.4402073235215649e-05,1.4402073235215649e-05,1.4402073235215649e-05,0.0,0.0,0.0,-1.0,0.2338991765088495,0.0
1728646080.0,1.4402073235215649e-05,1.4933346755057276e-05,1.4402073235215649e-05,1.4933346755057276e-05,53.03773189385077,0.0007779420702188028,0.036888683397510294,0.0,0.2338991765088495,0.036888683397510294
1728646140.0,1.4933346755057276e-05,1.5566108929439456e-05,1.4933346755057276e-05,1.5566108929439456e-05,139.33364927617075,0.00212480023072889,0.042372428951192184,1.731309067950615,0.24252740917802285,0.042372428951192184
1728646200.0,1.5566108929439456e-05,1.5566108929439456e-05,1.554618861434977e-05,1.554618861434977e-05,6.108822965990277,9.502975888011126e-05,-0.0012797234800286804,-0.9552759089980369,0.2528038845921353,0.0012797234800286804
1728646260.0,1.554618861434977e-05,1.5614132602137376e-05,1.5473864708163216e-05,1.5473864708163216e-05,30.931453753261057,0.00047974767238450125,-0.004652195337434318,4.0483940824236635,0.25248036552518033,0.009022654841887572
1728646320.0,1.5473864708163216e-05,1.5473864708163216e-05,1.533966145419576e-05,1.533966145419576e-05,32.62832532240987,0.0005026968779780183,-0.008672898238321562,0.04783599153165669,0.25130577754589034,0.008672898238321562
1728646380.0,1.533966145419576e-05,1.5594526723588225e-05,1.533966145419576e-05,1.5594526723588225e-05,115.570142032862,0.0017875342606888877,0.01661479102087691,2.5558889243132565,0.24912622811053256,0.01661479102087691
1728646440.0,1.5594526723588225e-05,1.5594526723588225e-05,1.5594526723588225e-05,1.5594526723588225e-05,0.0,0.0,0.0,-1.0,0.2532654083284084,0.0
1728646500.0,1.5594526723588225e-05,1.5594526723588225e-05,1.5594526723588225e-05,1.5594526723588225e-05,0.0,0.0,0.0,0.0,0.2532654083284084,0.0
1728646560.0,1.5594526723588225e-05,1.5776647752267266e-05,1.5594526723588225e-05,1.5776647752267266e-05,3.113743751961645,4.8840899257946834e-05,0.01167852233717142,0.0,0.2532654083284084,0.01167852233717142
1728646620.0,1.5776647752267266e-05,1.5779956328898737e-05,1.5776647752267266e-05,1.5779956328898737e-05,0.6561351463145637,1.0352698517993307e-05,0.0002097135388597009,-0.7880321886925774,0.25622317405680456,0.0002097135388597009
1728646680.0,1.5779956328898737e-05,1.5779956328898737e-05,1.5779956328898737e-05,1.5779956328898737e-05,0.0,0.0,0.0,-1.0,0.25627690752537385,0.0
1728646740.0,1.5779956328898737e-05,1.6034129942875005e-05,1.5779956328898737e-05,1.6034129942875005e-05,80.79340415494768,0.0012851841649878944,0.016107371191565682,0.0,0.25627690752537385,0.016107371191565682
1728646800.0,1.6034129942875005e-05,1.6034129942875005e-05,1.6034129942875005e-05,1.6034129942875005e-05,0.0,0.0,0.0,-1.0,0.2604048548027116,0.0
1728646860.0,1.6034129942875005e-05,1.6034129942875005e-05,1.6034129942875005e-05,1.6034129942875005e-05,0.0,0.0,0.0,0.0,0.2604048548027116,0.0
1728646920.0,1.6034129942875005e-05,1.6867289938226934e-05,1.6034129942875005e-05,1.6867289938226934e-05,194.59472297718855,0.0032012213436595975,0.051961659180774875,0.0,0.2604048548027116,0.051961659180774875
1728646980.0,1.6867289938226934e-05,1.6867289938226934e-05,1.6647518667730132e-05,1.6647518667730132e-05,156.38195660044246,0.0026205556724444566,-0.01302943574822453,-0.18138879161393162,0.2739359231169893,0.01302943574822453
1728647040.0,1.6647518667730132e-05,1.6647518667730132e-05,1.6270151059716414e-05,1.6417195404395446e-05,46.08888483261604,0.0007619578994467872,-0.013835290888193984,-0.70923804158832,0.2703666926076059,0.022668099405421572
1728647100.0,1.6417195404395446e-05,1.6695822218275363e-05,1.6417195404395446e-05,1.6695822218275363e-05,103.99014767277237,0.0017217137962363257,0.016971645096294542,1.259591766797563,0.2666260907689007,0.016971645096294542
1728647160.0,1.6695822218275363e-05,1.7079352925705838e-05,1.6695822218275363e-05,1.6953196391586707e-05,149.70492715815976,0.0025187119399664817,0.015415483583049948,0.4629097736641233,0.2711511741548429,0.022971657365317404
1728647220.0,1.6953196391586707e-05,1.6953196391586707e-05,1.6953196391586707e-05,1.6953196391586707e-05,0.0,0.0,0.0,-1.0,0.2753311006285516,0.0
1728647280.0,1.6953196391586707e-05,1.6953196391586707e-05,1.670988937132423e-05,1.670988937132423e-05,25.046010238895864,0.00042156299534534846,-0.014351690067321102,0.0,0.2753311006285516,0.014351690067321102
1728647340.0,1.670988937132423e-05,1.6790182836734648e-05,1.655314477266537e-05,1.655314477266537e-05,96.7696427387502,0.0016094259652603617,-0.009380349275552095,2.8177591084385964,0.2713796340064363,0.014185495714654816
1728647400.0,1.655314477266537e-05,1.655314477266537e-05,1.655314477266537e-05,1.655314477266537e-05,0.0,0.0,0.0,-1.0,0.2688339982531844,0.0
1728647460.0,1.655314477266537e-05,1.655314477266537e-05,1.655314477266537e-05,1.655314477266537e-05,0.0,0.0,0.0,0.0,0.2688339982531844,0.0
1728647520.0,1.655314477266537e-05,1.655314477266537e-05,1.655314477266537e-05,1.655314477266537e-05,0.0,0.0,0.0,0.0,0.2688339982531844,0.0
1728647580.0,1.655314477266537e-05,1.655314477266537e-05,1.630940749750831e-05,1.63462003799944e-05,42.74914215953459,0.000703209391443324,-0.012501817359363955,0.0,0.2688339982531844,0.014724529900780565
1728647640.0,1.63462003799944e-05,1.63462003799944e-05,1.6229889643599728e-05,1.6229889643599728e-05,13.82159612350798,0.00022512677979457776,-0.007115460088022649,-0.6798581154718237,0.2654730847070355,0.007115460088022649
1728647700.0,1.6229889643599728e-05,1.6229889643599728e-05,1.614775721270373e-05,1.614775721270373e-05,37.18267414795899,0.0006019437463678102,-0.005060566196048523,1.6737989452746047,0.2635841215683583,0.005060566196048523
1728647760.0,1.614775721270373e-05,1.614775721270373e-05,1.614775721270373e-05,1.614775721270373e-05,0.0,0.0,0.0,-1.0,0.26225023667293434,0.0
1728647820.0,1.614775721270373e-05,1.614775721270373e-05,1.614775721270373e-05,1.614775721270373e-05,0.0,0.0,0.0,0.0,0.26225023667293434,0.0
1728647880.0,1.614775721270373e-05,1.614775721270373e-05,1.599301814283521e-05,1.599301814283521e-05,17.64301390153058,0.0002835300732018725,-0.009582697326337267,0.0,0.26225023667293434,0.009582697326337267
1728647940.0,1.599301814283521e-05,1.599301814283521e-05,1.599301814283521e-05,1.599301814283521e-05,0.0,0.0,0.0,-1.0,0.25973717203113733,0.0
1728648000.0,1.599301814283521e-05,1.599301814283521e-05,1.599301814283521e-05,1.599301814283521e-05,0.0,0.0,0.0,0.0,0.25973717203113733,0.0
1728648060.0,1.599301814283521e-05,1.607387430271198e-05,1.599301814283521e-05,1.607387430271198e-05,3.214774860542396,5.154391984483099e-05,0.005055716135293165,0.0,0.25973717203113733,0.005055716135293165
1728648120.0,1.607387430271198e-05,1.614148072296668e-05,1.607387430271198e-05,1.614148072296668e-05,28.402242379083216,0.0004574941608837709,0.004205981643348709,7.875812360818151,0.26105032944271056,0.004205981643348709
1728648180.0,1.614148072296668e-05,1.614148072296668e-05,1.614148072296668e-05,1.614148072296668e-05,0.0,0.0,0.0,-1.0,0.26214830233633674,0.0
1728648240.0,1.614148072296668e-05,1.621368495872842e-05,1.614148072296668e-05,1.621368495872842e-05,4.260354008491345,6.892222990370565e-05,0.0044732101720386976,0.0,0.26214830233633674,0.0044732101720386976
1728648300.0,1.621368495872842e-05,1.644519296117543e-05,1.619855108031189e-05,1.619855108031189e-05,111.11966358357184,0.0018008183823247411,-0.0009334015342627824,25.128266378507277,0.2633209467889303,0.015211957151712294
1728648360.0,1.619855108031189e-05,1.6602011854278333e-05,1.619855108031189e-05,1.6602011854278333e-05,130.82633996374165,0.002145588798741402,0.02490721373572843,0.19145207523458546,0.26307516261319397,0.02490721373572843
1728648420.0,1.6602011854278333e-05,1.6796787813910194e-05,1.6602011854278333e-05,1.6759071683902175e-05,60.13903945019174,0.0010031517595018899,0.009460288969939968,-0.5324585213670314,0.2696276319169623,0.011732069663693646
1728648480.0,1.6759071683902175e-05,1.6893351567256802e-05,1.6759071683902175e-05,1.6893351567256802e-05,28.99203914599003,0.0004878261861275131,0.008012370009945641,-0.5137064940505703,0.2721783872291774,0.008012370009945641
1728648540.0,1.6893351567256802e-05,1.7000055890175663e-05,1.6864228505767127e-05,1.7000055890175663e-05,18.30874095531657,0.0003102728086155629,0.006316350103414553,-0.36396852518601663,0.2743591811763678,0.0080402863734749
1728648600.0,1.7000055890175663e-05,1.7234743664318573e-05,1.7000055890175663e-05,1.7234743664318573e-05,54.59551689708783,0.0009345332887729026,0.013805117798379488,2.0119728923162477,0.2760921298187639,0.013805117798379488
1728648660.0,1.7234743664318573e-05,1.7234743664318573e-05,1.7234743664318573e-05,1.7234743664318573e-05,0.0,0.0,0.0,-1.0,0.2799036141941174,0.0
1728648720.0,1.7234743664318573e-05,1.7374861756813735e-05,1.7234743664318573e-05,1.7374861756813735e-05,37.55132642501511,0.000649818295304956,0.008129978328906145,0.0,0.2799036141941174,0.008129978328906145
1728648780.0,1.7374861756813735e-05,1.7374861756813735e-05,1.7374861756813735e-05,1.7374861756813735e-05,0.0,0.0,0.0,-1.0,0.28217922451169813,0.0
1728648840.0,1.7374861756813735e-05,1.7374861756813735e-05,1.7374861756813735e-05,1.7374861756813735e-05,0.0,0.0,0.0,0.0,0.28217922451169813,0.0
1728648900.0,1.7374861756813735e-05,1.7374861756813735e-05,1.7374861756813735e-05,1.7374861756813735e-05,0.0,0.0,0.0,0.0,0.28217922451169813,0.0
1728648960.0,1.7374861756813735e-05,1.750912660285954e-05,1.7374861756813735e-05,1.7441785216459854e-05,19.642119366273253,0.00034193636789121813,0.0038517405538420666,0.0,0.28217922451169813,0.007727534637399505
1728649020.0,1.7441785216459854e-05,1.75813919117032e-05,1.7441785216459854e-05,1.75813919117032e-05,28.19216881261328,0.0004936896609756146,0.008004151725913882,0.44380565314033654,0.2832661056742015,0.008004151725913882
1728649080.0,1.75813919117032e-05,1.75813919117032e-05,1.7446642032796575e-05,1.747932656505631e-05,73.7340296169875,0.0012925840272791232,-0.005805305243150238,1.6182116609952044,0.2855334105628266,0.007664346462632927
1728649140.0,1.747932656505631e-05,1.747932656505631e-05,1.747932656505631e-05,1.747932656505631e-05,0.0,0.0,0.0,-1.0,0.28387580195739165,0.0
1728649200.0,1.747932656505631e-05,1.747932656505631e-05,1.747932656505631e-05,1.747932656505631e-05,0.0,0.0,0.0,0.0,0.28387580195739165,0.0
1728649260.0,1.747932656505631e-05,1.747932656505631e-05,1.747932656505631e-05,1.747932656505631e-05,0.0,0.0,0.0,0.0,0.28387580195739165,0.0
1728649320.0,1.747932656505631e-05,1.747932656505631e-05,1.747932656505631e-05,1.747932656505631e-05,0.0,0.0,0.0,0.0,0.28387580195739165,0.0
1728649380.0,1.747932656505631e-05,1.747932656505631e-05,1.747932656505631e-05,1.747932656505631e-05,0.0,0.0,0.0,0.0,0.28387580195739165,0.0
1728649440.0,1.747932656505631e-05,1.747932656505631e-05,1.747932656505631e-05,1.747932656505631e-05,0.0,0.0,0.0,0.0,0.28387580195739165,0.0
1728649500.0,1.747932656505631e-05,1.747932656505631e-05,1.747932656505631e-05,1.747932656505631e-05,0.0,0.0,0.0,0.0,0.28387580195739165,0.0
1728649560.0,1.747932656505631e-05,2.189273787546153e-05,1.747932656505631e-05,2.189273787546153e-05,1892.4973735819692,0.037255764273090027,0.25249321213714626,0.0,0.28387580195739165,0.25249321213714626
1728649620.0,2.189273787546153e-05,2.802846187316341e-05,2.189273787546153e-05,2.802846187316341e-05,301.4360128124011,0.00752402370351847,0.28026298184381515,-0.7980440382764312,0.35555251504162183,0.28026298184381515
1728649680.0,2.802846187316341e-05,2.9482151191773087e-05,2.732987029904048e-05,2.920512114733221e-05,1136.4224975298591,0.03252076567936709,0.04198087213966683,3.3222572071588976,0.45520072310925475,0.07678911894888403
1728649740.0,2.920512114733221e-05,2.920512114733221e-05,2.728509192933019e-05,2.769060402258753e-05,455.8801585389701,0.012968816105326339,-0.051857929885116276,-0.6012143061700898,0.47431044646398823,0.06574289516951405
1728649800.0,2.769060402258753e-05,2.8706875046684027e-05,2.7533815406608176e-05,2.8706875046684027e-05,352.7020699764423,0.009945753804592578,0.03670093376321855,-0.23310241090489195,0.44971368858748056,0.042363093239821466
1728649860.0,2.8706875046684027e-05,2.932961562418168e-05,2.8706875046684027e-05,2.9160549682422367e-05,120.6385127626541,0.003490520028362114,0.01580369284363275,-0.6490441954484816,0.4662186008847424,0.021693081412899648
1728649920.0,2.9160549682422367e-05,2.9384437577690874e-05,2.9160549682422367e-05,2.9365276088793403e-05,58.74527356645208,0.0017190578228162908,0.007020663485450071,-0.5075066726882702,0.473586576451113,0.007677766630149066
1728649980.0,2.9365276088793403e-05,2.9365276088793403e-05,2.8533794349735843e-05,2.8533794349735843e-05,282.9567593839641,0.008191466671315054,-0.028315134396944285,3.7650908320786862,0.47691146843560267,0.028315134396944285
1728650040.0,2.8533794349735843e-05,2.8533794349735843e-05,2.7638691586808595e-05,2.7638691586808595e-05,44.94341079217108,0.0012622915553317847,-0.031369917086948314,-0.845901643016862,0.46340765611140455,0.031369917086948314
1728650100.0,2.7638691586808595e-05,2.7702849917002554e-05,2.6676337590749565e-05,2.72117154510246e-05,385.9835689976118,0.010585677934717291,-0.015448493082349173,7.38607997495073,0.4488705963617327,0.03714040959677421
1728650160.0,2.72117154510246e-05,2.7506504641023217e-05,2.72117154510246e-05,2.7468944613579433e-05,59.32220527861844,0.001621888670561397,0.009452883006137232,-0.8467846196942972,0.44193622205896854,0.010833171856775285
1728650220.0,2.7468944613579433e-05,2.7468944613579433e-05,2.7468944613579433e-05,2.7468944613579433e-05,0.0,0.0,0.0,-1.0,0.44611379346226626,0.0
1728650280.0,2.7468944613579433e-05,2.78079933953249e-05,2.72669961131851e-05,2.72669961131851e-05,120.95094449952111,0.0033101818644859873,-0.0073518842181689885,0.0,0.44611379346226626,0.01969486959729621
1728650340.0,2.72669961131851e-05,2.72669961131851e-05,2.714070228435907e-05,2.714070228435907e-05,23.45250890978719,0.0006379985157147094,-0.004631747050602379,-0.8072617935106174,0.4428340165046035,0.004631747050602379
1728650400.0,2.714070228435907e-05,2.714070228435907e-05,2.6609687102701784e-05,2.6609687102701784e-05,108.35267712549704,0.0029119992933129735,-0.019565270496456663,3.564272833849534,0.4407829213547519,0.019565270496456663
1728650460.0,2.6609687102701784e-05,2.664170170918795e-05,2.6609687102701784e-05,2.664170170918795e-05,1.4211761410856572,3.783980162956669e-05,0.0012031184869856924,-0.9870055594737057,0.4321588842682278,0.0012031184869856924
1728650520.0,2.664170170918795e-05,2.664170170918795e-05,2.664170170918795e-05,2.664170170918795e-05,0.0,0.0,0.0,-1.0,0.43267882261120605,0.0
1728650580.0,2.664170170918795e-05,2.664170170918795e-05,2.65742249943445e-05,2.65742249943445e-05,7.32386694780555,0.00019487318334042203,-0.0025327479295430997,0.0,0.43267882261120605,0.0025327479295430997
1728650640.0,2.65742249943445e-05,2.65742249943445e-05,2.65742249943445e-05,2.65742249943445e-05,0.0,0.0,0.0,-1.0,0.4315829562190803,0.0
1728650700.0,2.65742249943445e-05,2.6764368166106685e-05,2.65742249943445e-05,2.6606657301505545e-05,37.08924961853511,0.0009862195092023584,0.001220442258163617,0.0,0.4315829562190803,0.007155172796296104
1728650760.0,2.6606657301505545e-05,2.6606657301505545e-05,2.64052954595436e-05,2.64052954595436e-05,30.228253855091506,0.0008012293827075563,-0.0075680999563425425,-0.18757500208490072,0.4321096782967533,0.0075680999563425425
1728650820.0,2.64052954595436e-05,2.64052954595436e-05,2.64052954595436e-05,2.64052954595436e-05,0.0,0.0,0.0,-1.0,0.42883942905930045,0.0
1728650880.0,2.64052954595436e-05,2.65206548502213e-05,2.64052954595436e-05,2.65206548502213e-05,5.974254686858722,0.0001580965533472824,0.004368797571473752,0.0,0.42883942905930045,0.004368797571473752
1728650940.0,2.65206548502213e-05,2.652295256340816e-05,2.65206548502213e-05,2.652295256340816e-05,1.4265214479642754,3.783392182646963e-05,8.663862939424476e-05,-0.7606910395866643,0.4307129417155269,8.663862939424476e-05
1728651000.0,2.652295256340816e-05,2.652295256340816e-05,2.652295256340816e-05,2.652295256340816e-05,0.0,0.0,0.0,-1.0,0.4307502580944595,0.0
1728651060.0,2.652295256340816e-05,2.652295256340816e-05,2.640767319347896e-05,2.640767319347896e-05,32.580465095172194,0.0008622522024689417,-0.004346400335845059,0.0,0.4307502580944595,0.004346400335845059
1728651120.0,2.640767319347896e-05,2.640767319347896e-05,2.640767319347896e-05,2.640767319347896e-05,0.0,0.0,0.0,-1.0,0.4288780450280124,0.0
1728651180.0,2.640767319347896e-05,2.640767319347896e-05,2.6162722039098946e-05,2.6162722039098946e-05,13.630588548655991,0.00035828271362774796,-0.009275756806945932,0.0,0.4288780450280124,0.009275756806945932
1728651240.0,2.6162722039098946e-05,2.6162722039098946e-05,2.602323054529364e-05,2.602323054529364e-05,28.508562404168902,0.0007438732429365777,-0.005331688866198382,1.0762186246849026,0.4248998765824941,0.005331688866198382
1728651300.0,2.602323054529364e-05,2.602323054529364e-05,2.59737486969865e-05,2.59737486969865e-05,13.3511122216585,0.00034710875252546485,-0.001901449100295733,-0.5333764780203833,0.4226344426412702,0.001901449100295733
1728651360.0,2.59737486969865e-05,2.6417899335659124e-05,2.59737486969865e-05,2.6417899335659124e-05,142.58516480472196,0.003735135884562882,0.017099982134044157,9.760707868606287,0.42183082476055594,0.017099982134044157
1728651420.0,2.6417899335659124e-05,2.685616407908497e-05,2.6417899335659124e-05,2.685616407908497e-05,12.722720324108533,0.0003388955046773058,0.01658968935634758,-0.9092682260696477,0.42904412432755057,0.01658968935634758
1728651480.0,2.685616407908497e-05,2.6972998239574204e-05,2.685616407908497e-05,2.6972998239574204e-05,28.515091595827595,0.0007674717470216189,0.004350366647492408,1.264626518880505,0.4361618330703108,0.004350366647492408
1728651540.0,2.6972998239574204e-05,2.713428861996997e-05,2.6972998239574204e-05,2.713428861996997e-05,21.151860992473985,0.0005722349051664964,0.0059796978801979535,-0.25438961448781894,0.43805929696180906,0.0059796978801979535
1728651600.0,2.713428861996997e-05,2.7178904470274535e-05,2.713428861996997e-05,2.7178904470274535e-05,1.6302302000733162,4.4271503819064976e-05,0.001644260917595213,-0.9226340381906906,0.4406787592112526,0.001644260917595213
1728651660.0,2.7178904470274535e-05,2.7178904470274535e-05,2.702120777473308e-05,2.7167924603439628e-05,17.80003342751568,0.00048368768709579655,-0.000403984893758888,9.92548581752722,0.441403350072238,0.005802172626712328
1728651720.0,2.7167924603439628e-05,2.7167924603439628e-05,2.6885515694212747e-05,2.6885515694212747e-05,61.728968835766835,0.0016683315657998834,-0.010394938639925647,2.449191720833412,0.44122502978675426,0.010394938639925647
1728651780.0,2.6885515694212747e-05,2.6885515694212747e-05,2.6885515694212747e-05,2.6885515694212747e-05,0.0,0.0,0.0,-1.0,0.43663852267572156,0.0
1728651840.0,2.6885515694212747e-05,2.6885515694212747e-05,2.6885515694212747e-05,2.6885515694212747e-05,0.0,0.0,0.0,0.0,0.43663852267572156,0.0
1728651900.0,2.6885515694212747e-05,2.6885515694212747e-05,2.630819420204302e-05,2.630819420204302e-05,141.99305396510414,0.0037765686599515696,-0.02147332782216256,0.0,0.43663852267572156,0.02147332782216256
1728651960.0,2.630819420204302e-05,2.630819420204302e-05,2.59569450201135e-05,2.59569450201135e-05,3.9288256150877,0.0001026703088760667,-0.013351322376289979,-0.9728138640865109,0.427262440538521,0.013351322376289979
1728652020.0,2.59569450201135e-05,2.59569450201135e-05,2.56048437916519e-05,2.56048437916519e-05,63.50217507957576,0.0016371428702704185,-0.013564817746802028,14.945631100093536,0.4215579219556108,0.013564817746802028
1728652080.0,2.56048437916519e-05,2.56048437916519e-05,2.56048437916519e-05,2.56048437916519e-05,0.0,0.0,0.0,-1.0,0.41583956557456236,0.0
1728652140.0,2.56048437916519e-05,2.5617706051362865e-05,2.486682528238622e-05,2.486682528238622e-05,145.96102785176973,0.0036834483477204915,-0.028823394326127454,0.0,0.41583956557456236,0.029325731298601318
1728652200.0,2.486682528238622e-05,2.486682528238622e-05,2.486682528238622e-05,2.486682528238622e-05,0.0,0.0,0.0,-1.0,0.4038536577996012,0.0
1728652260.0,2.486682528238622e-05,2.486682528238622e-05,2.486682528238622e-05,2.486682528238622e-05,0.0,0.0,0.0,0.0,0.4038536577996012,0.0
1728652320.0,2.486682528238622e-05,2.486682528238622e-05,2.468165074637477e-05,2.468165074637477e-05,8.769307988942233,0.00021725292333946324,-0.007446649659078648,0.0,0.4038536577996012,0.007446649659078648
1728652380.0,2.468165074637477e-05,2.468165074637477e-05,2.4016680437196468e-05,2.4016680437196468e-05,153.16150625904447,0.0037293548781887832,-0.026941889584754557,16.165959476465,0.40084630109643016,0.026941889584754557
1728652440.0,2.4016680437196468e-05,2.4016680437196468e-05,2.3861880790331133e-05,2.3861880790331133e-05,18.3800470715464,0.00044000510453993686,-0.0064455055422890295,-0.8820157590490203,0.39004674431183284,0.0064455055422890295
1728652500.0,2.3861880790331133e-05,2.3861880790331133e-05,2.371829397615884e-05,2.371829397615884e-05,34.54107532877726,0.0008217352003828587,-0.006017413942930835,0.8675583349017132,0.38753269585961914,0.006017413942930835
1728652560.0,2.371829397615884e-05,2.4513638542429622e-05,2.3610843183471157e-05,2.4513638542429622e-05,305.6790287921036,0.007371745144524201,0.033532958444239105,7.970949694122382,0.38520075121221187,0.03806325024329058
1728652620.0,2.4513638542429622e-05,2.4513638542429622e-05,2.4513638542429622e-05,2.4513638542429622e-05,0.0,0.0,0.0,-1.0,0.3981176719953007,0.0
1728652680.0,2.4513638542429622e-05,2.5379851836224363e-05,2.4513638542429622e-05,2.5379851836224363e-05,19.926919952619752,0.0004971117944661209,0.035335973984255684,0.0,0.3981176719953007,0.035335973984255684
1728652740.0,2.5379851836224363e-05,2.5379851836224363e-05,2.5379851836224363e-05,2.5379851836224363e-05,0.0,0.0,0.0,-1.0,0.41218554769559906,0.0
1728652800.0,2.5379851836224363e-05,2.5458755336523596e-05,2.5379851836224363e-05,2.5458755336523596e-05,14.22493735005647,0.00036158800099823555,0.0031089031097736655,0.0,0.41218554769559906,0.0031089031097736655
1728652860.0,2.5458755336523596e-05,2.5458755336523596e-05,2.5458755336523596e-05,2.5458755336523596e-05,0.0,0.0,0.0,-1.0,0.41346699262663367,0.0
1728652920.0,2.5458755336523596e-05,2.633896239416125e-05,2.5458755336523596e-05,2.633896239416125e-05,158.08593096416655,0.004094245214637215,0.03457384487194057,0.0,0.41346699262663367,0.03457384487194057
1728652980.0,2.633896239416125e-05,2.6380981829390103e-05,2.633896239416125e-05,2.6380981829390103e-05,0.711243387432931,1.8748355857416923e-05,0.0015953337341096695,-0.995420802889287,0.4277621362893747,0.0015953337341096695
1728653040.0,2.6380981829390103e-05,2.6380981829390103e-05,2.6380981829390103e-05,2.6380981829390103e-05,0.0,0.0,0.0,-1.0,0.42844455965557193,0.0
1728653100.0,2.6380981829390103e-05,2.6380981829390103e-05,2.6380981829390103e-05,2.6380981829390103e-05,0.0,0.0,0.0,0.0,0.42844455965557193,0.0
1728653160.0,2.6380981829390103e-05,2.64988310537847e-05,2.6380981829390103e-05,2.64988310537847e-05,14.2657404604072,0.00037718484309313434,0.004467203880308432,0.0,0.42844455965557193,0.004467203880308432
1728653220.0,2.64988310537847e-05,2.64988310537847e-05,2.64988310537847e-05,2.64988310537847e-05,0.0,0.0,0.0,-1.0,0.43035850885496235,0.0
1728653280.0,2.64988310537847e-05,2.7530404164881615e-05,2.64038003832572e-05,2.70415839101267e-05,331.5039129982707,0.008874428532043897,0.020482143353432167,0.0,0.43035850885496235,0.04251522564666139
1728653340.0,2.70415839101267e-05,2.70415839101267e-05,2.6826096822581803e-05,2.6991177657971057e-05,58.465640938540616,0.0015795300183790901,-0.0018640273559111175,-0.82201332596508,0.439173173526699,0.007968730243800532
1728653400.0,2.6991177657971057e-05,2.6991177657971057e-05,2.6991177657971057e-05,2.6991177657971057e-05,0.0,0.0,0.0,-1.0,0.43835454271726293,0.0
1728653460.0,2.6991177657971057e-05,2.756870164234062e-05,2.6991177657971057e-05,2.756870164234062e-05,143.725863859369,0.003920832892250101,0.021396768665964773,0.0,0.43835454271726293,0.021396768665964773
1728653520.0,2.756870164234062e-05,2.787177954052228e-05,2.756870164234062e-05,2.787177954052228e-05,2.341168345575218,6.489774980438857e-05,0.01099354993621411,-0.9834479684322519,0.447733913461459,0.01099354993621411
1728653580.0,2.787177954052228e-05,2.885219538920165e-05,2.787177954052228e-05,2.885219538920165e-05,152.6314129438942,0.004328930220658897,0.03517593296308761,65.7038569704949,0.4526560985972341,0.03517593296308761
1728653640.0,2.885219538920165e-05,2.9013109476270847e-05,2.885219538920165e-05,2.9013109476270847e-05,9.258280780223682,0.00026786661993889396,0.005577186931481242,-0.9381217514986595,0.4685786991768232,0.005577186931481242
1728653700.0,2.9013109476270847e-05,2.9079587957805927e-05,2.9013109476270847e-05,2.9079587957805927e-05,6.318972974200876,0.00018354309254217985,0.0022913256364144874,-0.314796697759318,0.47119205017424265,0.0022913256364144874
1728653760.0,2.9079587957805927e-05,2.9079587957805927e-05,2.9079587957805927e-05,2.9079587957805927e-05,0.0,0.0,0.0,-1.0,0.4722717045984816,0.0
1728653820.0,2.9079587957805927e-05,2.9079587957805927e-05,2.9079587957805927e-05,2.9079587957805927e-05,0.0,0.0,0.0,0.0,0.4722717045984816,0.0
1728653880.0,2.9079587957805927e-05,2.92657998712238e-05,2.9079587957805927e-05,2.92657998712238e-05,105.46854583222392,0.003076801605172451,0.0064035265454264025,0.0,0.4722717045984816,0.0064035265454264025
1728653940.0,2.92657998712238e-05,3.0150125001029687e-05,2.92657998712238e-05,3.0150125001029687e-05,98.5421163388118,0.002927485490569852,0.030217015550475984,-0.04852965311496896,0.47529590899553176,0.030217015550475984
1728654000.0,3.0150125001029687e-05,3.0150125001029687e-05,3.0150125001029687e-05,3.0150125001029687e-05,0.0,0.0,0.0,-1.0,0.48965793286872733,0.0
1728654060.0,3.0150125001029687e-05,3.017848061458941e-05,3.0150125001029687e-05,3.017848061458941e-05,21.422622507204284,0.0006461984722447062,0.0009404807959753504,0.0,0.48965793286872733,0.0009404807959753504
1728654120.0,3.017848061458941e-05,3.017848061458941e-05,2.989532443252297e-05,2.989532443252297e-05,48.06017610353875,0.001443578824886938,-0.009382718291309681,1.23395579979068,0.4901184467511874,0.009382718291309681
1728654180.0,2.989532443252297e-05,3.040610297986096e-05,2.989532443252297e-05,3.040610297986096e-05,142.8165679266009,0.004306021452055862,0.017085566289500368,1.9828793397500213,0.4855198034359467,0.017085566289500368
1728654240.0,3.040610297986096e-05,3.2147202849173455e-05,3.040610297986096e-05,3.099265814209003e-05,490.7231281162751,0.015064896060113867,0.01929070498174554,2.4985650275665257,0.49381518422241677,0.05726152642664164
1728654300.0,3.099265814209003e-05,3.099265814209003e-05,2.8304844020230942e-05,2.8304844020230942e-05,636.8824130736573,0.018882768133189697,-0.08672422060529439,0.2534283713502749,0.5033412272567578,0.08672422060529439
1728654360.0,2.8304844020230942e-05,2.8872241077291983e-05,2.8304844020230942e-05,2.8754314092809307e-05,133.50619511168946,0.003808875547974145,0.015879616657032452,-0.7982882847944632,0.45968935162440305,0.020045934775527924
1728654420.0,2.8754314092809307e-05,2.894295005884213e-05,2.8754314092809307e-05,2.894295005884213e-05,4.506280374428667,0.00013000002455240678,0.006560266589005334,-0.9658691855601449,0.4669890423095184,0.006560266589005334
1728654480.0,2.894295005884213e-05,2.894295005884213e-05,2.860506099898626e-05,2.860506099898626e-05,56.186452991591054,0.0016167093090301184,-0.011674313059619997,11.43622310531469,0.47005261492121314,0.011674313059619997
1728654540.0,2.860506099898626e-05,2.8749604565137896e-05,2.8598365103396507e-05,2.874264940082664e-05,3.594363074294669,0.00010306424632821594,0.004809932125131824,-0.9362506012969979,0.4645650735401299,0.0052871574630359765
1728654600.0,2.874264940082664e-05,2.8906866626190543e-05,2.8603951439020716e-05,2.8906866626190543e-05,21.586802091967776,0.0006222343465864721,0.0057133642439788895,5.037344362902723,0.4667996000115648,0.0105388749292233
1728654660.0,2.8906866626190543e-05,2.892034796717588e-05,2.8906866626190543e-05,2.892034796717588e-05,4.338488580948818,0.00012544135509069852,0.0004663715773719751,-0.7984017504355718,0.4694665961553745,0.0004663715773719751
1728654720.0,2.892034796717588e-05,2.892034796717588e-05,2.8228088926964647e-05,2.8228088926964647e-05,148.87421937805914,0.004253964465645722,-0.023936746577079098,32.91197793239682,0.4696855420323469,0.023936746577079098
1728654780.0,2.8228088926964647e-05,2.8228088926964647e-05,2.6916142249514012e-05,2.6916142249514012e-05,170.64187853906753,0.004704957599273467,-0.046476638246573214,0.1060171370188648,0.4584427982418006,0.046476638246573214
1728654840.0,2.6916142249514012e-05,2.6916142249514012e-05,2.6916142249514012e-05,2.6916142249514012e-05,0.0,0.0,0.0,-1.0,0.4371359181511697,0.0
1728654900.0,2.6916142249514012e-05,2.6916142249514012e-05,2.617172784302415e-05,2.617172784302415e-05,149.10204471274994,0.003957754990121143,-0.02765680161700375,0.0,0.4371359181511697,0.02765680161700375
1728654960.0,2.617172784302415e-05,2.617172784302415e-05,2.61374519381703e-05,2.61374519381703e-05,0.9964458091356794,2.6061631486148014e-05,-0.0013096538776283804,-0.993415046774952,0.42504613678319597,0.0013096538776283804
1728655020.0,2.61374519381703e-05,2.62955866343142e-05,2.61374519381703e-05,2.62955866343142e-05,14.2350653823195,0.00037319386613649853,0.006050119059730019,13.319666300816753,0.4244894734619869,0.006050119059730019
1728655080.0,2.62955866343142e-05,2.62955866343142e-05,2.62955866343142e-05,2.62955866343142e-05,0.0,0.0,0.0,-1.0,0.42705768531603405,0.0
1728655140.0,2.62955866343142e-05,2.62955866343142e-05,2.61937940432062e-05,2.61937940432062e-05,3.62085219809546,9.502814470143455e-05,-0.0038710903287157675,0.0,0.42705768531603405,0.0038710903287157675
1728655200.0,2.61937940432062e-05,2.61937940432062e-05,2.61937940432062e-05,2.61937940432062e-05,0.0,0.0,0.0,-1.0,0.4254045064406034,0.0
1728655260.0,2.61937940432062e-05,2.61937940432062e-05,2.60907299601659e-05,2.60907299601659e-05,18.5208747256756,0.00048417755957901677,-0.003934675628520872,0.0,0.4254045064406034,0.003934675628520872
1728655320.0,2.60907299601659e-05,2.60907299601659e-05,2.60907299601659e-05,2.60907299601659e-05,0.0,0.0,0.0,-1.0,0.42373067769684863,0.0
1728655380.0,2.60907299601659e-05,2.617317051559994e-05,2.60907299601659e-05,2.617317051559994e-05,21.485479340005636,0.0005614574769500888,0.0031597642365662295,0.0,0.42373067769684863,0.0031597642365662295
1728655440.0,2.617317051559994e-05,2.617317051559994e-05,2.617317051559994e-05,2.617317051559994e-05,0.0,0.0,0.0,-1.0,0.4250695667381711,0.0
1728655500.0,2.617317051559994e-05,2.6738189292541003e-05,2.617317051559994e-05,2.6738189292541003e-05,143.80451883114486,0.003804446318955643,0.0215877085507962,0.0,0.4250695667381711,0.0215877085507962
1728655560.0,2.6738189292541003e-05,2.716664542080225e-05,2.6738189292541003e-05,2.706734005650681e-05,7.96208996902128,0.00021420223275396685,0.012310136650039718,-0.9436968707675792,0.43424584465872795,0.016024126524557532
1728655620.0,2.706734005650681e-05,2.706734005650681e-05,2.6952930852894716e-05,2.699828825316743e-05,51.0193028506406,0.0013791953322707191,-0.0025511115312855277,5.438753296539471,0.4395914703461888,0.004226835860976748
1728655680.0,2.699828825316743e-05,2.699828825316743e-05,2.5847134990881088e-05,2.5847134990881088e-05,235.3340158586583,0.006218162835886212,-0.042638009176425816,3.508543996917808,0.4384700234771339,0.042638009176425816
1728655740.0,2.5847134990881088e-05,2.5847134990881088e-05,2.565129421896844e-05,2.565129421896844e-05,21.46546410448003,0.0005527188418205655,-0.007576885097003697,-0.9111121956101377,0.4197745345925282,0.007576885097003697
1728655800.0,2.565129421896844e-05,2.565129421896844e-05,2.5533837161858236e-05,2.5533837161858236e-05,17.59826869482432,0.00045038484760983596,-0.004578991457801244,-0.18514656361932244,0.41659395117727244,0.004578991457801244
1728655860.0,2.5533837161858236e-05,2.5533837161858236e-05,2.4737561536281247e-05,2.4737561536281247e-05,143.10486961582237,0.0035970409780511363,-0.031185114110715968,6.986594125313954,0.41468637103346,0.031185114110715968
1728655920.0,2.4737561536281247e-05,2.4737561536281247e-05,2.4642800066980032e-05,2.4642800066980032e-05,21.62023868422026,0.0005338076020878072,-0.003830671392660628,-0.8515981315350425,0.4017543292326229,0.003830671392660628
1728655980.0,2.4642800066980032e-05,2.4642800066980032e-05,2.4642800066980032e-05,2.4642800066980032e-05,0.0,0.0,0.0,-1.0,0.4002153404167539,0.0
1728656040.0,2.4642800066980032e-05,2.4694440720430065e-05,2.4642800066980032e-05,2.4694440720430065e-05,0.977429530310846,2.4111838044835682e-05,0.002095567602288347,0.0,0.4002153404167539,0.002095567602288347
1728656100.0,2.4694440720430065e-05,2.4694440720430065e-05,2.4694440720430065e-05,2.4694440720430065e-05,0.0,0.0,0.0,-1.0,0.40105401871807006,0.0
1728656160.0,2.4694440720430065e-05,2.4694440720430065e-05,2.4694440720430065e-05,2.4694440720430065e-05,0.0,0.0,0.0,0.0,0.40105401871807006,0.0
1728656220.0,2.4694440720430065e-05,2.4694440720430065e-05,2.4694440720430065e-05,2.4694440720430065e-05,0.0,0.0,0.0,0.0,0.40105401871807006,0.0
1728656280.0,2.4694440720430065e-05,2.4694440720430065e-05,2.4694440720430065e-05,2.4694440720430065e-05,0.0,0.0,0.0,0.0,0.40105401871807006,0.0
1728656340.0,2.4694440720430065e-05,2.4694440720430065e-05,2.4694440720430065e-05,2.4694440720430065e-05,0.0,0.0,0.0,0.0,0.40105401871807006,0.0
1728656400.0,2.4694440720430065e-05,2.4694440720430065e-05,2.4558776682514612e-05,2.4558776682514612e-05,4.5066054281283945,0.00011098240845044919,-0.0054937076506946505,0.0,0.40105401871807006,0.0054937076506946505
1728656460.0,2.4558776682514612e-05,2.4558776682514612e-05,2.4558776682514612e-05,2.4558776682514612e-05,0.0,0.0,0.0,-1.0,0.39885074518709673,0.0
1728656520.0,2.4558776682514612e-05,2.4558776682514612e-05,2.4558776682514612e-05,2.4558776682514612e-05,0.0,0.0,0.0,0.0,0.39885074518709673,0.0
1728656580.0,2.4558776682514612e-05,2.4558776682514612e-05,2.4558776682514612e-05,2.4558776682514612e-05,0.0,0.0,0.0,0.0,0.39885074518709673,0.0
1728656640.0,2.4558776682514612e-05,2.4558776682514612e-05,2.455128267463777e-05,2.455128267463777e-05,6.974417052210193,0.00017125701770778916,-0.00030514581299073153,0.0,0.39885074518709673,0.00030514581299073153
1728656700.0,2.455128267463777e-05,2.455128267463777e-05,2.455128267463777e-05,2.455128267463777e-05,0.0,0.0,0.0,-1.0,0.3987290375521947,0.0
1728656760.0,2.455128267463777e-05,2.455128267463777e-05,2.455128267463777e-05,2.455128267463777e-05,0.0,0.0,0.0,0.0,0.3987290375521947,0.0
1728656820.0,2.455128267463777e-05,2.455128267463777e-05,2.455128267463777e-05,2.455128267463777e-05,0.0,0.0,0.0,0.0,0.3987290375521947,0.0
1728656880.0,2.455128267463777e-05,2.455128267463777e-05,2.413522532274465e-05,2.413522532274465e-05,113.3999570070776,0.002760523956863953,-0.01694646090010276,0.0,0.3987290375521947,0.01694646090010276
1728656940.0,2.413522532274465e-05,2.413522532274465e-05,2.3742175618086843e-05,2.3815199416088085e-05,78.06850722198854,0.0018717090400104906,-0.01325970246297957,-0.321973266938493,0.3919719915075808,0.016285313246584984
1728657000.0,2.3815199416088085e-05,2.3815199416088085e-05,2.370144779509202e-05,2.370144779509202e-05,6.871782850100347,0.00016326204070002797,-0.004776429498180917,-0.9127738140864496,0.38677455952636874,0.004776429498180917
1728657060.0,2.370144779509202e-05,2.370144779509202e-05,2.3501481883194976e-05,2.3501481883194976e-05,30.701256111474443,0.0007245946166325035,-0.008436864854241242,3.438230794651456,0.38492715811110106,0.008436864854241242
1728657120.0,2.3501481883194976e-05,2.3501481883194976e-05,2.3501481883194976e-05,2.3501481883194976e-05,0.0,0.0,0.0,-1.0,0.38167957969939054,0.0
1728657180.0,2.3501481883194976e-05,2.3501481883194976e-05,2.3501481883194976e-05,2.3501481883194976e-05,0.0,0.0,0.0,0.0,0.38167957969939054,0.0
1728657240.0,2.3501481883194976e-05,2.3501481883194976e-05,2.3501481883194976e-05,2.3501481883194976e-05,0.0,0.0,0.0,0.0,0.38167957969939054,0.0
1728657300.0,2.3501481883194976e-05,2.3501481883194976e-05,2.31450264823287e-05,2.31450264823287e-05,110.51814851628582,0.0025776428696535573,-0.015167358494153698,0.0,0.38167957969939054,0.015167358494153698
1728657360.0,2.31450264823287e-05,2.31450264823287e-05,2.31450264823287e-05,2.31450264823287e-05,0.0,0.0,0.0,-1.0,0.375890508684192,0.0
1728657420.0,2.31450264823287e-05,2.31450264823287e-05,2.31450264823287e-05,2.31450264823287e-05,0.0,0.0,0.0,0.0,0.375890508684192,0.0
1728657480.0,2.31450264823287e-05,2.31450264823287e-05,2.31450264823287e-05,2.31450264823287e-05,0.0,0.0,0.0,0.0,0.375890508684192,0.0
1728657540.0,2.31450264823287e-05,2.31450264823287e-05,2.2670383219804676e-05,2.2670383219804676e-05,68.01114965941403,0.0015579793429795815,-0.020507354480082993,0.0,0.375890508684192,0.020507354480082993
1728657600.0,2.2670383219804676e-05,2.2670383219804676e-05,2.2670383219804676e-05,2.2670383219804676e-05,0.0,0.0,0.0,-1.0,0.36818198877690655,0.0
1728657660.0,2.2670383219804676e-05,2.2670383219804676e-05,2.2670383219804676e-05,2.2670383219804676e-05,0.0,0.0,0.0,0.0,0.36818198877690655,0.0
1728657720.0,2.2670383219804676e-05,2.2670383219804676e-05,2.206081692821517e-05,2.206081692821517e-05,140.32837494468842,0.003138528313048616,-0.02688822176843454,0.0,0.36818198877690655,0.02688822176843454
1728657780.0,2.206081692821517e-05,2.206081692821517e-05,2.1904165023214148e-05,2.1904165023214148e-05,5.399790921267665,0.0001187008551975124,-0.0071009113357298126,-0.9621794537573529,0.3582822298115298,0.0071009113357298126
1728657840.0,2.1904165023214148e-05,2.1904165023214148e-05,2.184786531465994e-05,2.184786531465994e-05,18.28268642774965,0.00039995232562237067,-0.0025702741234163774,2.369414019442991,0.35573809946447055,0.0025702741234163774
1728657900.0,2.184786531465994e-05,2.184786531465994e-05,2.1424355834384585e-05,2.1424355834384585e-05,112.3950532878864,0.002431791800966032,-0.01938447872027013,5.08020417729011,0.3548237550327037,0.01938447872027013
1728657960.0,2.1424355834384585e-05,2.1424355834384585e-05,2.1424355834384585e-05,2.1424355834384585e-05,0.0,0.0,0.0,-1.0,0.34794568150382593,0.0
1728658020.0,2.1424355834384585e-05,2.1424355834384585e-05,2.1424355834384585e-05,2.1424355834384585e-05,0.0,0.0,0.0,0.0,0.34794568150382593,0.0
1728658080.0,2.1424355834384585e-05,2.1424355834384585e-05,2.1424355834384585e-05,2.1424355834384585e-05,0.0,0.0,0.0,0.0,0.34794568150382593,0.0
1728658140.0,2.1424355834384585e-05,2.1424355834384585e-05,2.1424355834384585e-05,2.1424355834384585e-05,0.0,0.0,0.0,0.0,0.34794568150382593,0.0
1728658200.0,2.1424355834384585e-05,2.1424355834384585e-05,2.1151175351601e-05,2.1151175351601e-05,2.42255682331747,5.157082179048755e-05,-0.012750930991593608,0.0,0.34794568150382593,0.012750930991593608
1728658260.0,2.1151175351601e-05,2.1151175351601e-05,2.1151175351601e-05,2.1151175351601e-05,0.0,0.0,0.0,-1.0,0.3435090501301476,0.0
1728658320.0,2.1151175351601e-05,2.1151175351601e-05,2.1151175351601e-05,2.1151175351601e-05,0.0,0.0,0.0,0.0,0.3435090501301476,0.0
1728658380.0,2.1151175351601e-05,2.16473310699557e-05,2.1151175351601e-05,2.16473310699557e-05,158.187197098389,0.0033850878854117285,0.02345759562326838,0.0,0.3435090501301476,0.02345759562326838
1728658440.0,2.16473310699557e-05,2.16473310699557e-05,2.16473310699557e-05,2.16473310699557e-05,0.0,0.0,0.0,-1.0,0.35156694652103365,0.0
1728658500.0,2.16473310699557e-05,2.16473310699557e-05,2.16473310699557e-05,2.16473310699557e-05,0.0,0.0,0.0,0.0,0.35156694652103365,0.0
1728658560.0,2.16473310699557e-05,2.19811476926926e-05,2.16473310699557e-05,2.19740001757856e-05,2.80659611203308,6.121372933800232e-05,0.015090502601648015,0.0,0.35156694652103365,0.015420682654048093
1728658620.0,2.19740001757856e-05,2.19740001757856e-05,2.19740001757856e-05,2.19740001757856e-05,0.0,0.0,0.0,-1.0,0.35687226844216274,0.0
1728658680.0,2.19740001757856e-05,2.19740001757856e-05,2.1962151191699e-05,2.1962151191699e-05,3.11194319978423,6.836340373636716e-05,-0.0005392274502509033,0.0,0.35687226844216274,0.0005392274502509033
1728658740.0,2.1962151191699e-05,2.20819353620823e-05,2.1962151191699e-05,2.20819353620823e-05,6.87812427509357,0.00015147035044994273,0.005454118284577503,1.215664261452876,0.3566798331187854,0.005454118284577503
1728658800.0,2.20819353620823e-05,2.20819353620823e-05,2.20819353620823e-05,2.20819353620823e-05,0.0,0.0,0.0,-1.0,0.3586252071183387,0.0
1728658860.0,2.20819353620823e-05,2.20819353620823e-05,2.20819353620823e-05,2.20819353620823e-05,0.0,0.0,0.0,0.0,0.3586252071183387,0.0
1728658920.0,2.20819353620823e-05,2.20819353620823e-05,2.20819353620823e-05,2.20819353620823e-05,0.0,0.0,0.0,0.0,0.3586252071183387,0.0
1728658980.0,2.20819353620823e-05,2.20819353620823e-05,2.1866534188718955e-05,2.1866534188718955e-05,30.674059248486323,0.0006740389794407874,-0.009754632908364482,0.0,0.3586252071183387,0.009754632908364482
1728659040.0,2.1866534188718955e-05,2.1866534188718955e-05,2.1866534188718955e-05,2.1866534188718955e-05,0.0,0.0,0.0,-1.0,0.35512694987121307,0.0
1728659100.0,2.1866534188718955e-05,2.1866534188718955e-05,2.1866534188718955e-05,2.1866534188718955e-05,0.0,0.0,0.0,0.0,0.35512694987121307,0.0
1728659160.0,2.1866534188718955e-05,2.19720628370351e-05,2.1866534188718955e-05,2.19720628370351e-05,2.86009885974452,6.269136068307934e-05,0.0048260344966139295,0.0,0.35512694987121307,0.0048260344966139295
1728659220.0,2.19720628370351e-05,2.19720628370351e-05,2.18447011719782e-05,2.18447011719782e-05,9.81449976612619,0.00021501981005943373,-0.005796527435841254,2.429815651097656,0.35684080478196883,0.005796527435841254
1728659280.0,2.18447011719782e-05,2.18447011719782e-05,2.17061443342408e-05,2.17061443342408e-05,44.8521157512488,0.000976673781854844,-0.006342812229225486,3.542250230734002,0.3547723672668225,0.006342812229225486
1728659340.0,2.17061443342408e-05,2.17061443342408e-05,2.17061443342408e-05,2.17061443342408e-05,0.0,0.0,0.0,-1.0,0.3525221127571312,0.0
1728659400.0,2.17061443342408e-05,2.18565301550209e-05,2.17061443342408e-05,2.18565301550209e-05,33.2820196064123,0.0007249268932296824,0.006928260425453381,0.0,0.3525221127571312,0.006928260425453381
1728659460.0,2.18565301550209e-05,2.19771592468807e-05,2.18565301550209e-05,2.19771592468807e-05,14.1958061589299,0.0003111272789900675,0.005519132771955115,-0.5708156479007995,0.35496447776004364,0.005519132771955115
1728659520.0,2.19771592468807e-05,2.19771592468807e-05,2.19771592468807e-05,2.19771592468807e-05,0.0,0.0,0.0,-1.0,0.356923573842129,0.0
1728659580.0,2.19771592468807e-05,2.20427222910893e-05,2.19771592468807e-05,2.20427222910893e-05,11.5763546457086,0.0002547948800728106,0.0029832356162185518,0.0,0.356923573842129,0.0029832356162185518
1728659640.0,2.20427222910893e-05,2.20427222910893e-05,2.20427222910893e-05,2.20427222910893e-05,0.0,0.0,0.0,-1.0,0.3579883609598829,0.0
1728659700.0,2.20427222910893e-05,2.24474798659219e-05,2.20427222910893e-05,2.24474798659219e-05,111.786769094704,0.002486707977751256,0.018362413203210467,0.0,0.3579883609598829,0.018362413203210467
1728659760.0,2.24474798659219e-05,2.27437054861685e-05,2.24474798659219e-05,2.27437054861685e-05,2.90600310285312,6.566286242739258e-05,0.013196386499328423,-0.9735944618286977,0.3645618911657683,0.013196386499328423
1728659820.0,2.27437054861685e-05,2.27437054861685e-05,2.27437054861685e-05,2.27437054861685e-05,0.0,0.0,0.0,-1.0,0.3693727907845179,0.0
1728659880.0,2.27437054861685e-05,2.27437054861685e-05,2.27437054861685e-05,2.27437054861685e-05,0.0,0.0,0.0,0.0,0.3693727907845179,0.0
1728659940.0,2.27437054861685e-05,2.27437054861685e-05,2.27437054861685e-05,2.27437054861685e-05,0.0,0.0,0.0,0.0,0.3693727907845179,0.0
1728660000.0,2.27437054861685e-05,2.27437054861685e-05,2.27437054861685e-05,2.27437054861685e-05,0.0,0.0,0.0,0.0,0.3693727907845179,0.0
1728660060.0,2.27437054861685e-05,2.27437054861685e-05,2.2698285227026e-05,2.2698285227026e-05,5.07075316330254,0.00011521255907784784,-0.00199704745429989,0.0,0.3693727907845179,0.00199704745429989
1728660120.0,2.2698285227026e-05,2.2698285227026e-05,2.2698285227026e-05,2.2698285227026e-05,0.0,0.0,0.0,-1.0,0.36863513579299406,0.0
1728660180.0,2.2698285227026e-05,2.2698285227026e-05,2.2698285227026e-05,2.2698285227026e-05,0.0,0.0,0.0,0.0,0.36863513579299406,0.0
1728660240.0,2.2698285227026e-05,2.2698285227026e-05,2.2698285227026e-05,2.2698285227026e-05,0.0,0.0,0.0,0.0,0.36863513579299406,0.0
1728660300.0,2.2698285227026e-05,2.2698285227026e-05,2.24806113309777e-05,2.24806113309777e-05,10.3749064803998,0.00023436341333847238,-0.009589882842300527,0.0,0.36863513579299406,0.009589882842300527
1728660360.0,2.24806113309777e-05,2.24806113309777e-05,2.24806113309777e-05,2.24806113309777e-05,0.0,0.0,0.0,-1.0,0.36509996802918365,0.0
1728660420.0,2.24806113309777e-05,2.24806113309777e-05,2.24806113309777e-05,2.24806113309777e-05,0.0,0.0,0.0,0.0,0.36509996802918365,0.0
1728660480.0,2.24806113309777e-05,2.24806113309777e-05,2.24806113309777e-05,2.24806113309777e-05,0.0,0.0,0.0,0.0,0.36509996802918365,0.0
1728660540.0,2.24806113309777e-05,2.24806113309777e-05,2.24806113309777e-05,2.24806113309777e-05,0.0,0.0,0.0,0.0,0.36509996802918365,0.0
1728660600.0,2.24806113309777e-05,2.24806113309777e-05,2.24806113309777e-05,2.24806113309777e-05,0.0,0.0,0.0,0.0,0.36509996802918365,0.0
1728660660.0,2.24806113309777e-05,2.24806113309777e-05,2.24806113309777e-05,2.24806113309777e-05,0.0,0.0,0.0,0.0,0.36509996802918365,0.0
