time,open,high,low,close,volume,usd_vol,price_change,vol_change,norm_open,mov_in_min
1740552240.0,7.76661621797324e-05,7.76661621797324e-05,6.66558226119743e-05,7.40662422501722e-05,10435.06787850383,0.7916689697973249,-0.0463512014566831,0.0,1.0,0.1417649496093079
1740552300.0,7.40662422501722e-05,8.93172680268681e-05,6.21947814265442e-05,6.25769200566697e-05,13289.16312287003,0.9079366367602136,-0.15512225062931126,0.14686399416747933,0.9536487985433169,0.36619228647664853
1740552360.0,6.25769200566697e-05,7.13512750983413e-05,6.01944859804181e-05,7.10366671102287e-05,4700.03919390702,0.3139945482614673,0.1351895722240379,-0.6541668927669967,0.805716650603339,0.17828920163887266
1740552420.0,7.10366671102287e-05,8.83922410555598e-05,6.31528451196247e-05,6.69065537608963e-05,9953.89302884722,0.6865360323029118,-0.05814058453676668,1.1864584468238106,0.914641139932189,0.35530095882413426
1740552480.0,6.69065537608963e-05,7.24282569112167e-05,5.9826655775346e-05,5.99355261167358e-05,6176.56904450374,0.39172443205632657,-0.10419050529897017,-0.4294189763903159,0.8614633694151569,0.1883462893770466
1740552540.0,5.99355261167358e-05,6.28974963894236e-05,3.95207212249834e-05,4.58408309998153e-05,14727.0994976766,0.7788894678786101,-0.2351642845258154,0.9883607049728586,0.7717070656592383,0.3900320340712368
1740552600.0,4.58408309998153e-05,5.17563046521659e-05,4.21634697740005e-05,4.93743777745576e-05,3980.94084301145,0.18952305674288164,0.07708295634423677,-0.7566752863418885,0.5902291256999671,0.20926398298067614
1740552660.0,4.93743777745576e-05,5.84692646282424e-05,4.91052287018101e-05,5.45217372714205e-05,3837.07820353618,0.19932875923750495,0.10425163270645428,0.05173883675761055,0.6357257316293947,0.18965375055840294
1740552720.0,5.45217372714205e-05,5.4944596871383e-05,4.77705359160631e-05,5.05845278758541e-05,2417.51176795082,0.12704781643944774,-0.07221357191841032,-0.362621746478303,0.7020011771052642,0.13158166475154565
1740552780.0,5.05845278758541e-05,5.38041314785481e-05,3.97490314357237e-05,4.23201660377272e-05,3298.63479253012,0.1532293278663503,-0.1633772654438827,0.20607604412769212,0.6513071646155646,0.2778537357770503
1740552840.0,4.23201660377272e-05,5.35647910818891e-05,4.23201660377272e-05,5.32791528463149e-05,1920.95538697774,0.09182101330085174,0.2589542488755379,-0.40076084272235485,0.5448983810966649,0.26570370811252586
1740552900.0,5.32791528463149e-05,5.94482268843421e-05,4.69509616952431e-05,5.62842539805789e-05,3513.68227302612,0.19248550017000288,0.0564029451243772,1.096312088599194,0.6860021320870483,0.23456201011956185
1740552960.0,5.62842539805789e-05,6.34954624650772e-05,5.38908607286107e-05,5.98141140392901e-05,4523.73751896544,0.2625992716510694,0.06271487688064928,0.3642548213716989,0.7246946726983599,0.17064455966282502
1740553020.0,5.98141140392901e-05,6.20719763070141e-05,5.53743783124512e-05,5.77786218163603e-05,2112.12492769008,0.12418527435799713,-0.03403029963116649,-0.5270920837777144,0.7701438098726999,0.11197353838867273
1740553080.0,5.77786218163603e-05,5.77786218163603e-05,5.68188923439719e-05,5.72820157090426e-05,471.18437099612,0.027107387059409762,-0.008594980145010719,-0.7817181851910597,0.7439355852636438,0.016610459755145086
1740553140.0,5.72820157090426e-05,5.73872587677543e-05,4.91155741936249e-05,5.36929138502487e-05,1911.06333664414,0.10604005958371382,-0.06265669624868521,2.911851015050314,0.7375414736791359,0.1444028194842945
1740553200.0,5.36929138502487e-05,6.80206596789392e-05,5.3641292138864e-05,6.79464461164035e-05,2861.15793241122,0.17401470983100537,0.26546393637544746,0.6410280276542908,0.6913295615920146,0.26780754682414387
1740553260.0,6.79464461164035e-05,7.92532162029379e-05,6.51889772759498e-05,6.51889772759498e-05,6035.32675456612,0.4017578913901789,-0.04058297376921982,1.3087582180859691,0.8748526283449432,0.2069900595373853
1740553320.0,6.51889772759498e-05,6.67121094705401e-05,6.00796247973007e-05,6.05196017188001e-05,1415.21561670856,0.08895237207380585,-0.07162829902030647,-0.7785920974296006,0.8393485070768874,0.10174242564296723
1740553380.0,6.05196017188001e-05,7.74720962683405e-05,5.59939839675322e-05,7.6837848740977e-05,3298.16039390462,0.22651345145707638,0.269635730552201,1.5464576848960576,0.7792274012297362,0.3548951362998848
1740553440.0,7.6837848740977e-05,8.57311337981216e-05,6.8581327894732e-05,7.19196865596323e-05,4081.11591659381,0.3035483725142911,-0.0640070259895485,0.3400898293751558,0.9893349508266092,0.2231947690415199
1740553500.0,7.19196865596323e-05,7.31076918435147e-05,6.42299460322494e-05,6.48131706273403e-05,1253.19190743803,0.08567625505379696,-0.09881183125568285,-0.7177508996535197,0.9260105629166817,0.12343971777330132
1740553560.0,6.48131706273403e-05,7.6361101270764e-05,5.59075248133698e-05,6.76455804089358e-05,5575.36650395396,0.36925304184161534,0.04370114521755393,3.30986440303393,0.8345097634327787,0.31557747074274767
1740553620.0,6.76455804089358e-05,6.76455804089358e-05,5.90849892289058e-05,6.06655405458613e-05,1588.52033141558,0.10191241219170943,-0.10318545307584435,-0.7240038655242196,0.8709787957900211,0.1265506353597518
1740553680.0,6.06655405458613e-05,7.21807330875855e-05,6.0647069694063e-05,7.18344861262247e-05,1987.99329345884,0.1317045822036122,0.18410691604931823,0.292331124062299,0.7811064541269744,0.1901188597306473
1740553740.0,7.18344861262247e-05,7.18344861262247e-05,6.32754005497599e-05,6.80667629222038e-05,1243.61826011592,0.08699187396482534,-0.052450061345192985,-0.3394924268440566,0.92491355450251,0.1191500912448252
1740553800.0,6.80667629222038e-05,6.81384304454881e-05,6.60961810248116e-05,6.60961810248116e-05,166.90788893402,0.011196426873684799,-0.02895072150918154,-0.8712934166907128,0.8764017818298528,0.030003621929408753
1740553860.0,6.60961810248116e-05,6.60961810248116e-05,5.55029313033376e-05,5.73796941010547e-05,1251.43783526823,0.0772611909376822,-0.1318758026350243,5.900522087030357,0.8510293179139463,0.16027022374405314
1740553920.0,5.73796941010547e-05,5.7619356247412e-05,4.84471907848131e-05,5.7619356247412e-05,2178.08709219406,0.12523897358928507,0.004176776298863065,0.6209816606412536,0.7387991435481074,0.15985037226662924
1740553980.0,5.7619356247412e-05,5.94042050490607e-05,5.3138673004284e-05,5.33435852538831e-05,812.3020191758,0.04506771071759409,-0.07420719827498856,-0.6401462785427211,0.7418849423004994,0.10874005634275234
1740554040.0,5.33435852538831e-05,6.53004245040126e-05,5.09082595563383e-05,5.32538324122441e-05,4404.47932680544,0.23475306120065112,-0.001682542356533169,4.208896956663151,0.6868317392899779,0.26980123062925626
1740554100.0,5.32538324122441e-05,5.3703360845e-05,4.55484175065813e-05,4.98237938825736e-05,1815.41212987728,0.09356418654728466,-0.06440923355746822,-0.6014357126218163,0.6856761157968111,0.15313345479608564
1740554160.0,4.98237938825736e-05,6.05168712839251e-05,4.98237938825736e-05,5.39845688533787e-05,2459.45993591174,0.12765625458083396,0.0835097981621262,0.36437091254269766,0.6415122427096767,0.21461788772154344
1740554220.0,5.39845688533787e-05,5.44689882741932e-05,4.31324182494268e-05,4.75155934807327e-05,2640.35503262466,0.1339982322155455,-0.11983008311533694,0.04968011677559983,0.6950848006168947,0.20999649095200448
1740554280.0,4.75155934807327e-05,5.14150987819238e-05,4.75155934807327e-05,4.89665241420085e-05,845.90648791491,0.04080742463242312,0.03053588422217952,-0.6954629627741541,0.6117927311867648,0.08206790688139727
1740554340.0,4.89665241420085e-05,5.57559703587048e-05,4.89665241420085e-05,5.51638293994106e-05,1202.2981564099,0.06259786604457965,0.126562082279502,0.5339822742659225,0.6304743631942549,0.13865485320146748
1740554400.0,5.51638293994106e-05,5.69768530068164e-05,4.19277912961005e-05,4.27319007856141e-05,2220.60099180487,0.10869367777116389,-0.22536377095549015,0.7363799221806807,0.7102685114239627,0.27280669008226405
1740554460.0,4.27319007856141e-05,4.86732005869849e-05,4.11761156680376e-05,4.27781647754863e-05,2471.06080426813,0.10565028568921664,0.001082656961699669,-0.02799971575489968,0.5501997212985158,0.17544468608031663
1740554520.0,4.27781647754863e-05,4.94749305203358e-05,3.63954791215213e-05,3.70812201917971e-05,2602.77610598951,0.10392804951593156,-0.1331741231440997,-0.016301292155056286,0.5507953988571049,0.30575064328868967
1740554580.0,3.70812201917971e-05,3.79790011651449e-05,3.27101383319069e-05,3.78750995386326e-05,2151.87232712316,0.08064821508545371,0.021409202359827285,-0.22399953178096724,0.4774437045825053,0.14208979116613724
1740554640.0,3.78750995386326e-05,4.11213436513193e-05,3.7084899362454e-05,4.05251894517183e-05,1183.1210408673,0.04637851575728053,0.0699691867577169,-0.4249281808885849,0.48766539346933774,0.10657250642333303
1740554700.0,4.05251894517183e-05,4.05251894517183e-05,3.58751101946078e-05,3.92825628435825e-05,1582.32183202732,0.06314077441094146,-0.03066306721690383,0.36142292136698173,0.5217869444602693,0.11474540452551384
1740554760.0,3.92825628435825e-05,3.94550118206059e-05,3.73240631308907e-05,3.79562934181381e-05,477.61241743326,0.018445118429470237,-0.03376229373641969,-0.7078731041620874,0.5057873563093812,0.0542466818725736
1740554820.0,3.79562934181381e-05,3.87664470574448e-05,3.77351542796699e-05,3.86122913753455e-05,471.56815605569,0.018053653171428406,0.01728298256051305,-0.021223244488166444,0.48871081501749675,0.02717053444639248
1740554880.0,3.86122913753455e-05,3.86122913753455e-05,3.26394950191413e-05,3.85070211957087e-05,2459.88546110801,0.0948523378820902,-0.002726338579948083,4.253913819071417,0.49715719551057824,0.15468640019685317
1740554940.0,3.85070211957087e-05,3.85070211957087e-05,3.03648664166471e-05,3.03648664166471e-05,1198.64133846494,0.041276345775140534,-0.21144597858348432,-0.564835757380586,0.495801776668159,0.21144597858348432
1740555000.0,3.03648664166471e-05,3.36223027749301e-05,2.44736830907469e-05,3.28462681026994e-05,3658.18081732656,0.11561887987006104,0.08171949950327821,1.8010929189302098,0.39096648481713,0.3012896404236311
1740555060.0,3.28462681026994e-05,3.33781868658728e-05,2.90499649103185e-05,3.13351529042164e-05,1289.41832835485,0.04137835029308811,-0.04600568910167345,-0.6421142434558145,0.42291607027894185,0.13177210701749703
1740555120.0,3.13351529042164e-05,4.0516928120791e-05,3.10528777168865e-05,3.63519799389567e-05,1907.93033068571,0.06457116687432142,0.16010220374783127,0.5605060718215116,0.40345952503358734,0.30202662271455005
1740555180.0,3.63519799389567e-05,4.96343347853523e-05,3.56869912118833e-05,4.20801912241277e-05,4605.07938448079,0.18059318725159437,0.15757632169664437,1.7968084826946567,0.468054284114518,0.38367493591517665
1740555240.0,4.20801912241277e-05,4.34824461911395e-05,4.11454595985142e-05,4.11454595985142e-05,560.70850385408,0.023332665077522814,-0.022213103087743342,-0.870799859991303,0.5418085565596399,0.055536501252525884
1740555300.0,4.11454595985142e-05,4.12636218960535e-05,4.08002537148826e-05,4.11441951095873e-05,109.27386144783,0.004496054163581427,-3.073216192605059e-05,-0.8073064457641987,0.5297733072389592,0.011261708720532379
1740555360.0,4.11441951095873e-05,4.11441951095873e-05,3.74317740823359e-05,3.75581261533349e-05,763.99909761416,0.030064251212506134,-0.08715856384359758,5.686808058503863,0.529757026159897,0.09022952125721238
1740555420.0,3.75581261533349e-05,3.94110106885538e-05,3.75581261533349e-05,3.94110106885538e-05,250.98866954648,0.009659190626043302,0.04933378538786286,-0.6787150773266134,0.4835841645737452,0.04933378538786286
1740555480.0,3.94110106885538e-05,4.21253858563274e-05,3.94110106885538e-05,4.21253858563274e-05,372.2298080805,0.015175138618738336,0.06887352342278141,0.5710569556234686,0.5074412019657953,0.06887352342278141
1740555540.0,4.21253858563274e-05,4.5165190033146e-05,4.09576801814744e-05,4.39744068266308e-05,924.4275046142,0.039796508248853495,0.043893270832216405,1.6224807066811613,0.5423904654750709,0.09988062461959893
1740555600.0,4.39744068266308e-05,4.86890933527642e-05,4.39744068266308e-05,4.86890933527642e-05,663.41460270513,0.030737159578390037,0.10721432911468404,-0.22764179746157628,0.56619775707298,0.10721432911468404
1740555660.0,4.86890933527642e-05,5.01463174718526e-05,4.2439794702321e-05,4.98930511330146e-05,1664.6139292426,0.08205060544281699,0.02472746353125615,1.6694270572907202,0.6269022697437985,0.15828026851303215
1740555720.0,4.98930511330146e-05,5.05624027687084e-05,4.67720568839438e-05,4.67720568839438e-05,682.28784975107,0.032976714347422734,-0.06255368589806717,-0.598092979698913,0.6424039727565499,0.07596941455152857
1740555780.0,4.67720568839438e-05,4.7451367619002e-05,4.28159617884833e-05,4.37623231199182e-05,787.15115601562,0.03563212093959871,-0.06434897168396297,0.08052368602281643,0.6022192364250663,0.09910630704184352
1740555840.0,4.37623231199182e-05,4.81476176961873e-05,4.37623231199182e-05,4.81476176961873e-05,756.93597501611,0.03478497033265589,0.1002070791409417,-0.02377491388679489,0.5634670478328119,0.1002070791409417
1740555900.0,4.81476176961873e-05,5.03211683802046e-05,4.34675460410091e-05,4.55129258710523e-05,1316.23177966586,0.0616394919719898,-0.05472112538900629,0.7720150795736938,0.6199304348883072,0.14234603220541514
1740555960.0,4.55129258710523e-05,4.56376184010188e-05,4.497547917339e-05,4.52129396183895e-05,116.57216504577,0.00528805528287777,-0.006591231983474892,-0.9142099470047422,0.586007143828323,0.014548377520372488
1740556020.0,4.52129396183895e-05,4.55704632551001e-05,3.89428866346633e-05,3.89428866346633e-05,1084.43401488719,0.045630720269873415,-0.13867828627484274,7.629017252830438,0.582144634799377,0.1465858375141164
1740556080.0,3.89428866346633e-05,4.29261216437425e-05,3.86427756035566e-05,4.27359291667927e-05,523.65137263762,0.021385612004923883,0.0974001379947317,-0.5313330169139754,0.5014138144813052,0.1099904606550986
1740556140.0,4.27359291667927e-05,4.33703650347216e-05,4.18184788710879e-05,4.18184788710879e-05,259.84048842458,0.010985329341507062,-0.021467891621686924,-0.4863214885326747,0.5502515892042491,0.03631338299857457
1740556200.0,4.18184788710879e-05,4.18184788710879e-05,4.01376148324514e-05,4.01376148324514e-05,165.89081560773,0.006797881614251841,-0.04019428931927512,-0.3811854517127068,0.5384388477225512,0.04019428931927512
1740556260.0,4.01376148324514e-05,4.01376148324514e-05,3.7914027567435e-05,3.7914027567435e-05,270.1081572547,0.010541192649668062,-0.055399088219328506,0.5506584621256605,0.5167966808964539,0.055399088219328506
1740556320.0,3.7914027567435e-05,3.7914027567435e-05,3.77973778195905e-05,3.77973778195905e-05,20.5027457486,0.000776145847459684,-0.0030766910119750185,-0.9263702056062769,0.4881666159800151,0.0030766910119750185
1740556380.0,3.77973778195905e-05,3.77973778195905e-05,3.71250235072149e-05,3.74928764504389e-05,99.69070877538,0.0037528694060289056,-0.008056150630474972,3.835263138122818,0.48666467814028314,0.01778838509869102
1740556440.0,3.74928764504389e-05,4.02954591704036e-05,3.66861488678598e-05,3.99411070855815e-05,545.55470199864,0.021122236906280605,0.06529855447017689,4.628289881962899,0.4827440341866534,0.09626656165778266
1740556500.0,3.99411070855815e-05,4.84546273221369e-05,3.99411070855815e-05,4.82062938823475e-05,1843.43821470208,0.08124714373547372,0.2069343440845605,2.846521753163143,0.5142665217981435,0.2131518342321745
1740556560.0,4.82062938823475e-05,5.18063407891997e-05,4.71511646837286e-05,5.09566831668907e-05,1312.5332992136,0.06507735471313955,0.05705456825317896,-0.19901978431365083,0.6206859271710907,0.0965678074492212
1740556620.0,5.09566831668907e-05,5.09566831668907e-05,5.07383106695267e-05,5.07383106695267e-05,2.871506835,0.0001460089349432777,-0.004285453522333792,-0.9977563787651345,0.6560988947666613,0.004285453522333792
1740556680.0,5.07383106695267e-05,5.53287591057232e-05,5.07383106695267e-05,5.50596170710717e-05,992.11546631027,0.052481880207512016,0.08516851161424982,358.4429356525369,0.6532872134470842,0.09047302473461173
1740556740.0,5.50596170710717e-05,5.90169418822584e-05,5.50596170710717e-05,5.66795227100796e-05,937.97254646796,0.05240412274033291,0.029420939068953236,-0.0014816059727977466,0.7089267130729932,0.07187345320761185
1740556800.0,5.66795227100796e-05,5.93886143497836e-05,5.66795227100796e-05,5.89031764752356e-05,308.37146037888,0.017821202871154216,0.03923204816896873,-0.6599274648779092,0.729784002702667,0.047796655832146415
1740556860.0,5.89031764752356e-05,6.00756468039284e-05,5.35566104141341e-05,5.35566104141341e-05,1091.85450093553,0.061394862244704404,-0.09076872218172018,2.4450459202212134,0.7584149238496408,0.11067376633813743
1740556920.0,5.35566104141341e-05,5.49191334463578e-05,5.24175061824621e-05,5.49191334463578e-05,425.93401691245,0.023101754660032673,0.02544080033608912,-0.6237184380680763,0.6895745703282623,0.046709962496720984
1740556980.0,5.49191334463578e-05,6.23645856702025e-05,5.49191334463578e-05,6.19971048736423e-05,1075.43003948973,0.0628676173967342,0.12887988180290402,1.7213351679082065,0.7071178992888281,0.13557118906686744
1740557040.0,6.19971048736423e-05,7.46742161805378e-05,5.52830228168897e-05,5.86108316902228e-05,4193.23751029989,0.2528688618197344,-0.05461985991638072,3.02224344250193,0.79825117056989,0.3127757885335085
1740557100.0,5.86108316902228e-05,5.88576942592734e-05,5.80571003984753e-05,5.85801862640877e-05,283.29470212882,0.016599797261769796,-0.0005228628438010639,-0.9343541267109293,0.7546508034552757,0.01365948644150781
1740557160.0,5.85801862640877e-05,5.85801862640877e-05,5.26858036859427e-05,5.42376925362033e-05,786.76709040348,0.044380697124598696,-0.07412905292427428,1.6735686240463774,0.7542562245901043,0.10062075514018165
1740557220.0,5.42376925362033e-05,5.56108649709532e-05,5.37025002373354e-05,5.37025002373354e-05,355.06911036163,0.019163114110181616,-0.009867534436695661,-0.5682106106539692,0.6983439249990011,0.0351852124303403
1740557280.0,5.37025002373354e-05,5.37025002373354e-05,4.41608659262016e-05,4.63686521373892e-05,1618.53949526354,0.08098455622751377,-0.1365643697692778,3.2260644988011427,0.6914529922704162,0.17767579291401797
1740557340.0,4.63686521373892e-05,5.59230735600812e-05,4.63686521373892e-05,4.85713299986736e-05,2077.64170891585,0.0986256333648049,0.04750359908582029,0.21783260857454365,0.5970251501559256,0.2060534646205044
1740557400.0,4.85713299986736e-05,5.49699551903845e-05,4.59871608442405e-05,5.49699551903845e-05,1625.92546318696,0.0841752060399962,0.13173666835735467,-0.14651796730529704,0.6253859935330843,0.18494025892206997
1740557460.0,5.49699551903845e-05,5.62329749016253e-05,5.47490029061715e-05,5.62329749016253e-05,185.45760511089,0.010311714548088931,0.022976546130816813,-0.8774970085230408,0.707772260758487,0.0269960561240076
1740557520.0,5.62329749016253e-05,5.6614006011258e-05,5.62329749016253e-05,5.63377528195632e-05,11.0799392835,0.0006236384141250894,0.0018632824978794982,-0.9395213656063949,0.7240344227579169,0.006775937255663277
1740557580.0,5.63377528195632e-05,5.69446519686189e-05,5.63377528195632e-05,5.6933128257655e-05,202.15696960864,0.011449249031735536,0.010567965676562378,17.358793769620235,0.725383503425704,0.010772512545884797
1740557640.0,5.6933128257655e-05,6.77208673662295e-05,5.69186611720351e-05,5.76323234825942e-05,3272.20370505073,0.187440747827627,0.01228099081039327,15.371444739132711,0.7330493313922514,0.18973498426624696
1740557700.0,5.76323234825942e-05,6.78990315937022e-05,5.76323234825942e-05,6.74976758805968e-05,1344.98408309564,0.08414892873062974,0.17117741923040958,-0.5510638444101055,0.7420519034946446,0.17814149232086227
1740557760.0,6.74976758805968e-05,6.92008012639989e-05,6.47753804562699e-05,6.5974347366633e-05,741.30329313916,0.04947162518755899,-0.022568606905200166,-0.4120944148210933,0.8690744332698708,0.06556404720597438
1740557820.0,6.5974347366633e-05,6.5974347366633e-05,5.80889855023167e-05,5.8370903273249e-05,788.55895420225,0.049026780402301004,-0.11524849273809563,-0.008991917762383355,0.8494606340140435,0.11952163498481812
1740557880.0,5.8370903273249e-05,6.41458689343728e-05,5.8370903273249e-05,6.32230651767874e-05,1065.15804361289,0.06475839677468412,0.0831263802930066,0.32087802305787905,0.7515615763035779,0.09893569119685736
1740557940.0,6.32230651767874e-05,6.51948561988186e-05,6.16565845877075e-05,6.23201075441488e-05,915.71149876405,0.05748066342594124,-0.014282091988322797,-0.11238285243633374,0.8140361697090006,0.055964885619152076
1740558000.0,6.23201075441488e-05,6.38466332116854e-05,5.97693478761728e-05,6.38466332116854e-05,815.89358184942,0.05146931701277239,0.024494913884016915,-0.1045803241452483,0.8024100302513947,0.06542487643533298
1740558060.0,6.38466332116854e-05,6.73246997076079e-05,6.22388640952938e-05,6.46294105119101e-05,1122.75009249561,0.07212324498706844,0.012260275301117085,0.4012862259114624,0.822064994842074,0.07965706814096006
1740558120.0,6.46294105119101e-05,6.84009469613695e-05,6.44078021161537e-05,6.82513385303924e-05,406.7012541639,0.02702138364487144,0.05604148312345883,-0.6253443165276836,0.8321437379942492,0.061785258655267114
1740558180.0,6.82513385303924e-05,7.30802707746633e-05,6.6708218141142e-05,7.2569846957218e-05,1207.70036157446,0.08503489831536559,0.06327360781213917,2.146948336655769,0.8787783072433459,0.09336157752692
1740558240.0,7.2569846957218e-05,7.35429223289181e-05,6.93580048244167e-05,6.93580048244167e-05,432.11825173467,0.030664807592168677,-0.04425863175231404,-0.6393856146162096,0.9343817812096769,0.0576674428839367
1740558300.0,6.93580048244167e-05,8.62979035103896e-05,6.93580048244167e-05,7.83281800904797e-05,3329.89774552089,0.2458899470963474,0.12933150670598814,7.01863655453504,0.8930273220390466,0.24423855226022012
1740558360.0,7.83281800904797e-05,7.90907135426417e-05,7.23972705204571e-05,7.85537205450578e-05,1705.46156536141,0.13377802591737847,0.0028794292720393357,-0.45594349221214786,1.0085238911279701,0.08545383046628632
1740558420.0,7.85537205450578e-05,7.8765491701366e-05,7.24622471402629e-05,7.7216141384922e-05,1057.29037695816,0.08234698801933445,-0.01702757235245881,-0.3844505668652034,1.011427864341635,0.0802411969460774
1740558480.0,7.7216141384922e-05,7.7427804708776e-05,6.64078557793778e-05,6.76101154792771e-05,1416.76678213583,0.10259251495313426,-0.12440437625287334,0.24585631388298404,0.9942057032022649,0.14271561271708497
1740558540.0,6.76101154792771e-05,6.81124939023325e-05,6.10569184662037e-05,6.81124939023325e-05,1542.87691474901,0.10470164041219142,0.00743052159420408,0.02055827815528877,0.8705221628283378,0.1043568020275216
1740558600.0,6.81124939023325e-05,6.8385383231656e-05,5.65911998613884e-05,5.70185101511085e-05,1273.05764774263,0.07964949083997355,-0.16287736824218807,-0.23927179625450073,0.876990596557467,0.17315741495502202
1740558660.0,5.70185101511085e-05,6.30270164866846e-05,5.70185101511085e-05,6.30270164866846e-05,654.20627976591,0.03926726869212504,0.1053781713982452,-0.5069991248152708,0.7341486762170403,0.1053781713982452
1740558720.0,6.30270164866846e-05,6.31168701808013e-05,4.87552891163061e-05,5.06005343576955e-05,2211.02659305798,0.12561676831048604,-0.19716119882676625,2.1990197560055456,0.8115119212512344,0.22786388861559548
1740558780.0,5.06005343576955e-05,5.45712387870007e-05,5.02900692872631e-05,5.21772988864563e-05,905.83892287324,0.04655008088056397,0.031161025249548613,-0.6294278104217227,0.6515132579951287,0.08460719939188752
1740558840.0,5.21772988864563e-05,5.39761666707259e-05,5.21772988864563e-05,5.37400822096235e-05,209.541987653,0.011097069280936425,0.029951403321356113,-0.7616100966739722,0.6718150790779306,0.03447606186330454
1740558900.0,5.37400822096235e-05,5.40122839444383e-05,4.81795981896814e-05,4.8371585257601e-05,679.9845811735,0.034717179717814184,-0.09989744584092093,2.1284998623424456,0.6919368834687624,0.10853511038567809
1740558960.0,4.8371585257601e-05,5.69910729223928e-05,4.82858313063934e-05,5.68544872425174e-05,971.72308866816,0.051125302089117385,0.17536952613277065,0.47262256049225726,0.6228141561271061,0.17996601867894077
1740559020.0,5.68544872425174e-05,5.95706882524136e-05,5.56269638340157e-05,5.95706882524136e-05,591.95096335602,0.03445899739655905,0.04777461096975557,-0.3259893636130896,0.7320367795558982,0.06936522708534203
1740559080.0,5.95706882524136e-05,5.95966544894901e-05,5.7107804532108e-05,5.7107804532108e-05,257.38512004095,0.015015653935770607,-0.04134388560141924,-0.5642457682976575,0.7670095519147339,0.04177977509402469
1740559140.0,5.7107804532108e-05,5.74310305647771e-05,4.87834452922253e-05,5.33049383929704e-05,2215.74203136574,0.12232307764873822,-0.0665910057354682,7.146370326059367,0.7352983967451753,0.15142562988373734
1740559200.0,5.33049383929704e-05,5.33049383929704e-05,5.09815612e-05,5.09815612e-05,166.69482350143,0.008692009821616076,-0.04358652805941136,-0.9289421915415178,0.6863341369902368,0.04358652805941136
1740559260.0,5.09815612e-05,5.38093557888941e-05,5.09551996272454e-05,5.38093557888941e-05,423.02455346,0.02216456543294543,0.055467006547733906,1.5499931417270818,0.65641921487018,0.05598408707908889
1740559320.0,5.38093557888941e-05,5.57519554247465e-05,5.38093557888941e-05,5.57519554247465e-05,106.41967877992,0.00582973977303124,0.03610152188912363,-0.7369792883750426,0.6928288237594425,0.03610152188912363
1740559380.0,5.57519554247465e-05,5.57519554247465e-05,5.5575311302278e-05,5.5575311302278e-05,0.2742424719,1.526533240854491e-05,-0.0031683933078712665,-0.9973814727581558,0.7178409987058099,0.0031683933078712665
1740559440.0,5.5575311302278e-05,6.05922609414173e-05,5.2811875173574e-05,6.02831576206193e-05,1509.20336891369,0.08742699580780933,0.08471111016787648,5726.159649590812,0.7155665960893948,0.13999716034922852
1740559500.0,6.02831576206193e-05,6.25377166692445e-05,6.02831576206193e-05,6.24430021982791e-05,260.57379194355,0.01598961041734025,0.03582832523890628,-0.8171090031219854,0.7761830368431758,0.037399484990714014
1740559560.0,6.24430021982791e-05,6.35907066282566e-05,6.21335514490011e-05,6.21335514490011e-05,387.65753102457,0.024146519605227266,-0.00495573144121716,0.5101380818535199,0.8039923751321151,0.02333576426432085
1740559620.0,6.21335514490011e-05,6.21335514490011e-05,5.80471471928674e-05,5.80471471928674e-05,454.30668656054,0.027299447494259034,-0.06576807796811351,0.1305748381373032,0.800008004840174,0.06576807796811351
1740559680.0,5.80471471928674e-05,5.80752490022277e-05,5.70479998179464e-05,5.70479998179464e-05,130.36756085574,0.007502336791066305,-0.017212686983586495,-0.7251835667134283,0.7473930160027306,0.0176968074049903
1740559740.0,5.70479998179464e-05,5.75203063344705e-05,5.61385037378821e-05,5.61385037378821e-05,647.42399476658,0.0366398291428881,-0.01594264624468376,3.883788899815639,0.7345283739645568,0.02422175362848926
1740559800.0,5.61385037378821e-05,5.61385037378821e-05,3.27365377699373e-05,3.27365377699373e-05,3137.78165067807,0.13943523722324377,-0.4168612344427916,2.8055646132921055,0.7228180479417572,0.4168612344427916
1740559860.0,3.27365377699373e-05,4.59298526766264e-05,3.20651230677387e-05,3.24617407126601e-05,4740.54813933791,0.15453778887435599,-0.008394200364387698,0.10831230291473715,0.42150322419922737,0.42352461663248947
1740559920.0,3.24617407126601e-05,3.79523108815324e-05,2.82925963999499e-05,2.99480738761152e-05,3241.6961349551,0.10115682736784865,-0.07743475184510265,-0.3454233549951185,0.41796504168106363,0.29757228877794617
1740559980.0,2.99480738761152e-05,3.86069900370704e-05,2.97046289520934e-05,3.61885457950573e-05,1640.56965030252,0.05425086550306312,0.20837640326241924,-0.4636954626326484,0.3856000223985625,0.29725988795816993
1740560040.0,3.61885457950573e-05,3.7394969444788e-05,3.31696583521746e-05,3.70542724307984e-05,1552.7777680338,0.05686490990462476,0.023922669914504868,0.0481843815268541,0.46594996816388323,0.116758244902742
1740560100.0,3.70542724307984e-05,3.70542724307984e-05,3.54545729197501e-05,3.54545729197501e-05,257.97869885862,0.009352868789637701,-0.043171796559650755,-0.8355247760820413,0.4770967354489419,0.043171796559650755
1740560160.0,3.54545729197501e-05,3.54545729197501e-05,2.78534018789797e-05,2.86964685666245e-05,1771.40668719892,0.056818791939869655,-0.19061305204330836,5.07501219335192,0.45649961224686664,0.2143918376333378
1740560220.0,2.86964685666245e-05,3.94102750920507e-05,2.86964685666245e-05,3.88601327696959e-05,3430.59647356539,0.11587971915522183,0.35417822159804957,1.0394611571089953,0.36948482789990456,0.3733493025649476
1740560280.0,3.88601327696959e-05,4.00974801864367e-05,3.12359680279784e-05,3.72420706324721e-05,2807.48425783496,0.1068278690190704,-0.041638101105140886,-0.07811418772966128,0.5003483071529542,0.22803607519757954
1740560340.0,3.72420706324721e-05,3.90192675060917e-05,3.72420706324721e-05,3.89889936896662e-05,230.44170355562,0.008783408163125799,0.046907248376005316,-0.9177798055528205,0.47951475375193336,0.047720141319694154
1740560400.0,3.89889936896662e-05,3.89889936896662e-05,3.55121959810679e-05,3.64327532597905e-05,883.00441523537,0.03329886778056754,-0.06556312918004906,2.7911101433680034,0.5020074714061343,0.0891738252151864
1740560460.0,3.64327532597905e-05,3.64327532597905e-05,2.9513262823218e-05,2.9513262823218e-05,933.3853115901,0.030776521384882315,-0.18992499378874253,-0.07574871350902827,0.4690942907089842,0.18992499378874253
1740560520.0,2.9513262823218e-05,3.17345048394607e-05,2.86954851657508e-05,3.16564898838773e-05,1059.88899039389,0.03241657371968358,0.07261911614100601,0.053289074300868634,0.38000156045974576,0.10297132146700876
1740560580.0,3.16564898838773e-05,3.31318893625062e-05,2.87275084883853e-05,2.87275084883853e-05,1040.69107412824,0.03142054406309393,-0.09252388392510115,-0.030725938688111774,0.40759693791253554,0.13913042444936563
1740560640.0,2.87275084883853e-05,3.04008496036976e-05,2.83494182117152e-05,3.01989539564722e-05,440.48941489401,0.012978241482054566,0.05122078264050691,-0.5869504533087128,0.3698844861408895,0.07141000037687936
1740560700.0,3.01989539564722e-05,3.36229433926664e-05,2.90969797475881e-05,3.36229433926664e-05,1357.47111986672,0.043318191233277015,0.11338106085162507,2.3377550643648046,0.38883025900760754,0.14987153699435674
1740560760.0,3.36229433926664e-05,4.56637082048801e-05,3.31871578104074e-05,3.73091079478134e-05,3390.29848319345,0.1202404130347143,0.10963241712951878,1.7757487007524375,0.4329162462651022,0.3710725217826706
1740560820.0,3.73091079478134e-05,5.09268596334734e-05,3.58804007796006e-05,4.92296198557812e-05,2249.49498735134,0.09733421720297404,0.31950675220221747,-0.1905033029546154,0.4803779007577834,0.4032918416307146
1740560880.0,4.92296198557812e-05,6.47158221486866e-05,4.89539107338325e-05,5.78778120371104e-05,3086.47655751913,0.16529228883674338,0.17567050500621764,0.6981930259125039,0.633861883658622,0.3201713005509453
1740560940.0,5.78778120371104e-05,5.78778120371104e-05,4.58846171551279e-05,5.57971801297708e-05,4325.99121812284,0.24587850891705534,-0.035948696643983855,0.48753768640656747,0.7452127208651244,0.2072157612712215
1740561000.0,5.57971801297708e-05,6.06759814163362e-05,5.08528300791159e-05,5.10493006437276e-05,1845.67298837587,0.09860183173333387,-0.08509174612410125,-0.5989814963185895,0.7184232948275062,0.1760510354532974
1740561060.0,5.10493006437276e-05,5.38282586927214e-05,4.48954281184566e-05,4.53354957364114e-05,1447.9408463202,0.06977974182152931,-0.11192719264055677,-0.2923078547846166,0.6572914022144037,0.17498438688919374
1740561120.0,4.53354957364114e-05,5.17433637398698e-05,4.53354957364114e-05,5.14789167033818e-05,889.4019692757,0.04305346453911095,0.1355101751327335,-0.38300911675446236,0.5837226208177705,0.14134328740364674
1740561180.0,5.14789167033818e-05,5.14789167033818e-05,4.83083702406954e-05,4.83083702406954e-05,351.67166769566,0.017546180807224494,-0.06158922265118522,-0.5924560080110379,0.6628229753937247,0.06158922265118522
1740561240.0,4.83083702406954e-05,4.83083702406954e-05,3.59304561649847e-05,4.27407477413115e-05,2877.61587697211,0.13100219374466496,-0.11525171459197112,6.466137228605663,0.6220002235838795,0.2562271095886285
1740561300.0,4.27407477413115e-05,4.38096466126144e-05,3.86715129180263e-05,3.95680416555961e-05,1880.54392441345,0.07739264691309039,-0.07423141272394712,-0.409226328958005,0.550313631339248,0.12021627992300621
1740561360.0,3.95680416555961e-05,4.32287300557212e-05,3.9378846370208e-05,4.05029752553015e-05,888.67253908509,0.035578456952666274,0.023628503220936414,-0.5402863402175686,0.5094630730436902,0.09729780712987887
1740561420.0,4.05029752553015e-05,4.17079961926275e-05,4.00942989604424e-05,4.11451143229994e-05,371.71671141462,0.015174979675666158,0.015854120929396417,-0.5734784199366764,0.5215009229060512,0.03984144922721154
1740561480.0,4.11451143229994e-05,4.2394769589535e-05,3.46780173811282e-05,3.53203217249462e-05,1303.52324943896,0.04983723683349251,-0.14156705343742945,2.2841715704838155,0.5297688616025956,0.1875496601571785
1740561540.0,3.53203217249462e-05,3.83847233383746e-05,3.49402061335759e-05,3.82113163694004e-05,762.88427500391,0.028048065208727747,0.0818507449328339,-0.43720665528795155,0.45477104486261477,0.09752224885216405
1740561600.0,3.82113163694004e-05,3.82123236576325e-05,3.78067907975879e-05,3.82123236576325e-05,159.73812246466,0.006103884384916636,2.6360992705977532e-05,-0.7823777027223509,0.49199439365850306,0.010612899490930718
1740561660.0,3.82123236576325e-05,3.82123236576325e-05,3.43929189101356e-05,3.43929189101356e-05,477.72800879408,0.017342778979955512,-0.09995217201961541,1.8412692453368562,0.49200736311912563,0.09995217201961541
1740561720.0,3.43929189101356e-05,3.43929189101356e-05,3.16736051376158e-05,3.21799870844751e-05,447.90438516927,0.014909148264223857,-0.06434265819201358,-0.14032530302925525,0.44283015852572544,0.07906609437905014
1740561780.0,3.21799870844751e-05,3.55917676006525e-05,3.21799870844751e-05,3.54114956326468e-05,477.03223692309,0.01612165809874852,0.10041982116676187,0.08132656628240892,0.41433728899858946,0.10602181123383282
1740561840.0,3.54114956326468e-05,3.54114956326468e-05,3.37800544722249e-05,3.40363972408985e-05,263.67138437076,0.009155711027799962,-0.03883197722043011,-0.4320862673231673,0.45594496546254876,0.04607094761955861
1740561900.0,3.40363972408985e-05,4.47451794609514e-05,3.40363972408985e-05,4.13019657776438e-05,2135.14098045237,0.08042901314054349,0.213464676808241,7.7845731365191275,0.4382397209499373,0.31462737211167335
1740561960.0,4.13019657776438e-05,4.14680430076735e-05,3.92311627247794e-05,3.95840310003909e-05,411.56606728389,0.01664496579613657,-0.04159450391542372,-0.7930477430196641,0.5317884213470494,0.05415917234876249
1740562020.0,3.95840310003909e-05,3.95840310003909e-05,3.60440585600515e-05,3.60440585600515e-05,463.45140511808,0.017524972186591513,-0.08942930648736719,0.05286922191568566,0.5096689457731525,0.08942930648736719
1740562080.0,3.60440585600515e-05,3.62394015036464e-05,3.59762941109976e-05,3.59762941109976e-05,43.48000004301,0.0015657224686174054,-0.0018800449161682276,-0.9106576346058141,0.46408960541451194,0.0072996050711227525
1740562140.0,3.59762941109976e-05,3.61320240062319e-05,3.54967494187611e-05,3.54967494187611e-05,125.10929086853,0.004470970896111843,-0.013329463305947156,1.8555321812938446,0.4632170961112059,0.017658144152112715
1740562200.0,3.54967494187611e-05,3.54967494187611e-05,3.5236221052371e-05,3.52842858620972e-05,38.05385884832,0.0013467457628578696,-0.005985436980649385,-0.6987800202347414,0.45704266082590417,0.007339499268414696
1740562260.0,3.52842858620972e-05,3.52842858620972e-05,3.22452855073278e-05,3.2422681998954e-05,413.31546142938,0.013992168331737288,-0.08110136830676719,9.389613776875843,0.4543070607820624,0.08612900277043523
1740562320.0,3.2422681998954e-05,3.3176327906829e-05,3.22781465596726e-05,3.2413013691614e-05,188.42218982388,0.00610824188038576,-0.00029819579207876696,-0.5634528019127003,0.41746213652121145,0.02770225323078994
1740562380.0,3.2413013691614e-05,3.39403797592407e-05,3.2413013691614e-05,3.38253079142571e-05,23.3210635779,0.0007723740547319535,0.04357182692359443,-0.8735521497254174,0.41733765106874865,0.04712200112456264
1740562440.0,3.38253079142571e-05,3.38253079142571e-05,3.32759758616922e-05,3.32759758616922e-05,92.01838185684,0.0030872757767897423,-0.01624026761138119,2.997125172545002,0.43552181496981557,0.01624026761138119
1740562500.0,3.32759758616922e-05,3.674290020819e-05,3.32499030841692e-05,3.65324530786649e-05,693.25094003221,0.024197379492537145,0.09786271123972079,6.837777134927165,0.42844882414411134,0.10497053906214644
1740562560.0,3.65324530786649e-05,3.67926019677809e-05,3.63790861207767e-05,3.67638534312629e-05,82.09655881635,0.0030086872692067523,0.006334103874703696,-0.8756606156408515,0.4703779877023244,0.01131913715495051
1740562620.0,3.67638534312629e-05,3.91825169626246e-05,3.67353917010104e-05,3.91200025093223e-05,336.56463671788,0.0127699112036975,0.06408874092767967,3.2443464744224872,0.47335741073680504,0.06656335049832508
1740562680.0,3.91200025093223e-05,4.07199897961275e-05,3.90990742179102e-05,4.06846557921037e-05,254.95472726919,0.010173287446025482,0.03999624699432327,-0.20333921796732396,0.5036942911997134,0.041434444638162725
1740562740.0,4.06846557921037e-05,4.61022206896552e-05,4.06846557921037e-05,4.56554627353291e-05,741.20549069583,0.03199788495993098,0.12217891110166809,2.1452846613934975,0.5238401724801677,0.13315990493406057
1740562800.0,4.56554627353291e-05,4.80914571567299e-05,4.54682127317046e-05,4.80914571567299e-05,583.64731575866,0.027357569077821185,0.053356033987051896,-0.1450194563772131,0.5878423943451047,0.057457405266760866
1740562860.0,4.80914571567299e-05,4.90569890108877e-05,4.62673611169453e-05,4.90569890108877e-05,951.46454477202,0.04621665105409069,0.02007699311358213,0.6893551807407692,0.619207333116812,0.05800672424732334
1740562920.0,4.90569890108877e-05,5.75026839488659e-05,4.90569890108877e-05,5.75026839488659e-05,659.67265594713,0.03514725123910911,0.1721608910017646,-0.23951107582473374,0.6316391544796778,0.1721608910017646
1740562980.0,5.75026839488659e-05,5.93093799809231e-05,5.64996573259942e-05,5.85661648495118e-05,650.83687826647,0.03777094360795953,0.018494456738603737,0.07464857923031488,0.7403827141065004,0.048862461053599454
1740563040.0,5.85661648495118e-05,5.86750189752661e-05,5.43061340524366e-05,5.53668412854576e-05,797.19769048685,0.04541356468051086,-0.05462750672295163,0.20234127989698375,0.754075690182553,0.07459742214733586
1740563100.0,5.53668412854576e-05,5.64868763833413e-05,5.35637689544315e-05,5.39659073825336e-05,568.12565689142,0.031057369828373513,-0.025302760106922784,-0.3161212944443949,0.7128824153474912,0.0527952717013236
1740563160.0,5.39659073825336e-05,5.39659073825336e-05,5.34473359866844e-05,5.34929643788619e-05,60.7091400603,0.0032618678482421878,-0.008763736711017918,-0.8949728239619893,0.69484452260751,0.009609240741072719
1740563220.0,5.34929643788619e-05,5.38197507174075e-05,4.68912698754538e-05,4.81220666902821e-05,1142.59461687144,0.05805239374641403,-0.10040381479965514,16.797285618943242,0.6887550881562848,0.12952134775861363
1740563280.0,4.81220666902821e-05,5.65205153934713e-05,4.81220666902821e-05,5.19664722121652e-05,1615.16186748837,0.08082959570392957,0.07988862046649071,0.39235594757748504,0.619601449842721,0.1745238573655277
1740563340.0,5.19664722121652e-05,5.85764394971942e-05,5.19664722121652e-05,5.70490152627222e-05,984.28356391229,0.05365107626670889,0.09780427329772043,-0.3362446539603239,0.6691005549096936,0.1271967675243044
1740563400.0,5.70490152627222e-05,5.94532297505652e-05,5.41782547750232e-05,5.44019547158426e-05,830.89336996848,0.046301936015872805,-0.04639975878092467,-0.13698029493951291,0.7345414484457377,0.09246390934619433
1740563460.0,5.44019547158426e-05,6.60928519399799e-05,5.44019547158426e-05,6.25519284128701e-05,1586.65554118721,0.09278276336476668,0.14981030993458258,1.003863582139627,0.7004589024232644,0.2148984771816066
1740563520.0,6.25519284128701e-05,7.06969554178173e-05,6.25519284128701e-05,7.06969554178173e-05,1015.89223695775,0.0676832533334402,0.130212244635952,-0.27051910420742825,0.8053948676917312,0.130212244635952
1740563580.0,7.06969554178173e-05,7.87282537374211e-05,6.44884152525044e-05,7.87282537374211e-05,2255.01352158711,0.1684779335555223,0.11360175656984114,1.4892115147822327,0.910267141232147,0.20142081650842802
1740563640.0,7.87282537374211e-05,7.87374241813543e-05,6.86673112702061e-05,7.09565388826837e-05,1186.96567170841,0.08883535520842836,-0.09871570225167262,-0.47271815760280284,1.0136750874239266,0.12790977105544094
1740563700.0,7.09565388826837e-05,7.49707089328859e-05,7.09565388826837e-05,7.44644490252178e-05,454.2269857925,0.033027068504186845,0.04943744717218967,-0.6282215743191697,0.9136094393138481,0.056572235813799235
1740563760.0,7.44644490252178e-05,9.05030381240749e-05,7.44644490252178e-05,9.05030381240749e-05,3799.12571162165,0.3133661110052461,0.21538585605361207,8.48816002139338,0.9587759577059403,0.21538585605361207
1740563820.0,9.05030381240749e-05,9.05030381240749e-05,7.3556033545871e-05,7.39100152037178e-05,605.00321931666,0.04973521328049814,-0.18334216468632727,-0.8412871987945579,1.165282738120056,0.18725343291758287
1740563880.0,7.39100152037178e-05,7.95744056460757e-05,7.35626342629063e-05,7.95744056460757e-05,543.31523408565,0.04169521202125299,0.07663901065025035,-0.16165611302199334,0.9516372784415142,0.08133906300247919
1740563940.0,7.95744056460757e-05,8.44714355520123e-05,7.92088046981315e-05,8.39852565701872e-05,576.29670262811,0.04712944700909989,0.05543052302180825,0.13033235051249895,1.0245698179591687,0.06613471770417598
1740564000.0,8.39852565701872e-05,8.84261287448416e-05,8.34171411243613e-05,8.65492374360956e-05,1143.55485192939,0.0975077740211041,0.030528940085640638,1.068935245564774,1.0813622588410043,0.05964127306432925
1740564060.0,8.65492374360956e-05,9.76333997341045e-05,8.45993946508858e-05,9.76333997341045e-05,1443.34343475386,0.1329194000776303,0.1280677060406568,0.36316720807165487,1.1143751024520343,0.15059641736118673
1740564120.0,9.76333997341045e-05,0.0001003687753997,9.72681658661467e-05,9.8906585502825e-05,729.40537994753,0.07167866130331225,0.01304047356937166,-0.4607358951255497,1.2570905654918882,0.031757672497296274
1740564180.0,9.8906585502825e-05,9.8906585502825e-05,8.92109971075552e-05,8.99519164258817e-05,1260.03385791279,0.11898405339242918,-0.09053663142266229,0.6599647821119526,1.2734836217854917,0.09802773340095611
1740564240.0,8.99519164258817e-05,9.27257199308237e-05,8.58252106528421e-05,8.80659253745738e-05,1382.69592741636,0.12307227243246985,-0.020966657812809503,0.03435938618225624,1.1581867044971017,0.07671331031248739
1740564300.0,8.80659253745738e-05,9.42136559162938e-05,8.67332988554294e-05,9.42136559162938e-05,1163.56160971472,0.1060467615124635,0.0698082773282817,-0.13833750351321655,1.1339034001805655,0.08494042422251219
1740564360.0,9.42136559162938e-05,0.0001109871949835,9.42136559162938e-05,0.0001054053589006,3253.55707013828,0.32473592849577143,0.11879066654891007,2.0621956188412764,1.2130592432038518,0.1780372378512624
1740564420.0,0.0001054053589006,0.0001333731916267,0.0001054053589006,0.0001198648349199,5669.54890371293,0.6385901902071075,0.13717970480927497,0.966490721138123,1.3571593592673539,0.26533596600600146
1740564480.0,0.0001198648349199,0.0001624534792595,0.0001180470960997,0.0001534090160138,7812.5787280071,1.067486737362604,0.2798500587458866,0.6716303409176969,1.5433340795507942,0.3704704819347115
1740564540.0,0.0001534090160138,0.0002170223574869,0.0001442852219808,0.0001905614033956,16762.03196149138,2.8828215819739786,0.24217864338858625,1.7005689917014317,1.9752362123776126,0.47413859625797283
1740564600.0,0.0001905614033956,0.0001905614033956,0.0001673646692809,0.0001786195517919,8915.19580647277,1.6456602517586056,-0.06266668586035266,-0.42914946174651614,2.4535962386632324,0.12172839673385619
1740564660.0,0.0001786195517919,0.0002766665000907,0.0001778160017139,0.0002316650330368,23965.294670171,4.916295487024283,0.2969746632591512,1.9874304138843795,2.2998374939467805,0.5534136514459814
1740564720.0,0.0002316650330368,0.0002316650330368,0.0002143381136442,0.000217863227763,4817.4560637253,1.0827913229029422,-0.059576557984940215,-0.7797546291184524,2.982830959262396,0.07479298522296905
1740564780.0,0.000217863227763,0.0002197283172614,0.0001916219663106,0.0002073161551378,5147.25689872681,1.094253755916275,-0.04841144021180811,0.010586003757956123,2.805124157658625,0.12900915514469086
1740564840.0,0.0002073161551378,0.0002073161551378,0.0001460237900116,0.0001626099276248,11248.36724501571,2.0805322162119,-0.2156427581983875,0.9013251770561787,2.669324057213436,0.2956468350739953
1740564900.0,0.0001626099276248,0.0001760010713421,0.0001551975815088,0.0001745383897055,5597.93400236537,0.9436670147117782,0.07335629659846656,-0.5464299916345701,2.0937036549906205,0.1279349307706549
1740564960.0,0.0001745383897055,0.0001782601979138,0.0001509882076263,0.0001524108742412,3567.69843736588,0.5832281890402832,-0.12677735540952298,-0.3819555203819251,2.2472900012954056,0.1562521020935064
1740565020.0,0.0001524108742412,0.0001524108742412,0.0001390046578456,0.0001417369164344,6055.30229860265,0.8905768965034259,-0.07003409605739674,0.5269784849886848,1.9623845180929107,0.08796102287546635
1740565080.0,0.0001417369164344,0.0001728509837748,0.0001411092914587,0.0001661010779113,5706.5842812455,0.8783517298516564,0.17189707586291728,-0.013727244328668028,1.8249506922512435,0.2239479531134784
1740565140.0,0.0001661010779113,0.0001855325058272,0.0001655623003239,0.0001825255881902,4479.07163749908,0.7807619061055453,0.09888262307166289,-0.1111056316386978,2.138654379843239,0.12022923483954946
1740565200.0,0.0001825255881902,0.0001865677892721,0.0001591834782412,0.0001594744312959,4359.21474129244,0.7454257632330543,-0.1262900019819667,-0.04525853860973868,2.350130134765839,0.1500299837541917
1740565260.0,0.0001594744312959,0.0001622292364606,0.0001413129437292,0.0001420627519404,1906.09500473491,0.28737925935427333,-0.10918163629123184,-0.614476352268998,2.0533321953883816,0.13115765681954647
1740565320.0,0.0001420627519404,0.0001592523727759,0.0001393044704994,0.0001585293884821,2159.98464987783,0.3246372045932607,0.11591100634604269,0.12964730065316496,1.8291460264464106,0.14041613304005818
1740565380.0,0.0001585293884821,0.0001741907883697,0.0001585293884821,0.0001740282595516,1543.8991190773,0.2567177299208241,0.09776654800664937,-0.2092165460749737,2.0411641831256793,0.0987917763233431
1740565440.0,0.0001740282595516,0.0001742655427433,0.0001583192304717,0.0001601868955888,1201.89917134875,0.20084645900772036,-0.0795351513510712,-0.21763697789917097,2.240721759224689,0.09163059098957362
1740565500.0,0.0001601868955888,0.0001604359411964,0.0001567633965047,0.0001567633965047,780.42567501338,0.12367807282637884,-0.02137190480854385,-0.38421581621399276,2.062505614969115,0.02292662379279408
1740565560.0,0.0001567633965047,0.0001770845060925,0.0001561984425131,0.0001770845060925,1312.13767145388,0.2190272047668259,0.12962917390725673,0.770946132660877,2.018425941298908,0.13323303810130072
1740565620.0,0.0001770845060925,0.0002252488853986,0.0001746027382393,0.0002248957506996,7884.27239444564,1.5846609208690616,0.2699911226684384,6.2349958652674,2.2800728286624623,0.28599987811946126
1740565680.0,0.0002248957506996,0.0002274188414707,0.0002155498869177,0.000219125268448,2804.68743302488,0.6226700862010868,-0.025658476132382816,-0.6070641498121874,2.8956722514388424,0.05277536154453049
1740565740.0,0.000219125268448,0.0002710949615267,0.000217374916633,0.0002285298961211,8471.59044081418,1.8961756064723432,0.042918955626205194,2.0452331796456127,2.8213737140880957,0.2451567784682402
1740565800.0,0.0002285298961211,0.0002434599659008,0.0002201977262125,0.0002434599659008,3967.69266293973,0.9363553562631141,0.06533092620752089,-0.506187426382351,2.942464127327985,0.10179079447869317
1740565860.0,0.0002434599659008,0.0002483109209897,0.0002240563629735,0.0002278512463336,3876.90446206502,0.9136142708664096,-0.06411205846286827,-0.02428681081877028,3.1346980340987263,0.09962442049335833
1740565920.0,0.0002278512463336,0.00026532985609,0.0001975703659623,0.0001975703659623,10800.39339994258,2.297360386816785,-0.13289758497509097,1.5145846119918036,2.933726090473151,0.29738476843129685
1740565980.0,0.0001975703659623,0.0002150727323121,0.0001975703659623,0.0002134737690507,3380.24341634114,0.6947146156016659,0.08049488095514605,-0.6976031189585103,2.5438409780708535,0.08858801401997585
1740566040.0,0.0002134737690507,0.0002134737690507,0.0002100266071125,0.0002118668345399,453.49974086349,0.09644592675352875,-0.007527550190104805,-0.861171876065972,2.7486071547694895,0.016147941517729518
1740566100.0,0.0002118668345399,0.0002118668345399,0.0001906853879783,0.0001939884655111,1928.40891848729,0.39132749011684176,-0.08438493484657719,3.057480738578977,2.727916876459081,0.09997528215116176
1740566160.0,0.0001939884655111,0.0002028651960852,0.0001892566183505,0.000202383112448,1986.85558377292,0.3937665414584606,0.043273948864860114,0.006232762591993134,2.497721788572203,0.07015147884615487
1740566220.0,0.000202383112448,0.0002067942888453,0.0001947881783448,0.0001948471607144,931.00575316854,0.18491183482345255,-0.03723606995883253,-0.5304023695396696,2.6058080735295235,0.059323677530578725
1740566280.0,0.0001948471607144,0.000216174493757,0.0001922054706907,0.000216174493757,1571.88715909938,0.32303983038768797,0.10945672990257639,0.7469938075954698,2.5087780218042877,0.12301448467823933
1740566340.0,0.000216174493757,0.0002349195865599,0.0002151225461889,0.0002337486648352,1254.41834650335,0.28219593232739604,0.08129622867513224,-0.126436105452613,2.783380660122439,0.09157898338022105
1740566400.0,0.0002337486648352,0.000238326522557,0.0002099328228563,0.0002147404836791,2735.1078383881,0.6133330927667333,-0.08131888654637393,1.1734299559469232,3.0096590107576935,0.1214710668859582
1740566460.0,0.0002147404836791,0.0002147404836791,0.0002030306115945,0.0002030306115945,639.03063636675,0.13348426443416136,-0.05453034231821322,-0.7823625269720625,2.7649168911186166,0.05453034231821322
1740566520.0,0.0002030306115945,0.0002049595261712,0.0002026549854548,0.0002040266188846,471.35512223418,0.09593425531439148,0.004905700092601201,-0.2813066339987267,2.614145026564509,0.011350705680790184
1740566580.0,0.0002040266188846,0.000215691888022,0.0002015788536213,0.000215691888022,1418.12753231612,0.29760718523343155,0.05717523135546348,2.102199357863638,2.626969238063399,0.06917251522303809
1740566640.0,0.000215691888022,0.0002167036474249,0.0001925990009168,0.0001941633825846,2051.39894945741,0.42038833577598084,-0.09981138203586096,0.41256110952510944,2.77716681201336,0.1117549979702592
1740566700.0,0.0001941633825846,0.0001955235826094,0.0001856427888174,0.0001864701730879,1034.64756427824,0.196910790629559,-0.03962234997295621,-0.5315978730330662,2.49997395436218,0.050889069094656805
1740566760.0,0.0001864701730879,0.0001864701730879,0.0001559146712548,0.0001668188533359,3066.93391953345,0.5417570492690508,-0.10538586105530447,1.7512816719538664,2.400919111419167,0.16386267748406314
1740566820.0,0.0001668188533359,0.0001687859417361,0.0001549592051169,0.0001596955806231,1617.18635085741,0.264017342978214,-0.04270064546275734,-0.5126646836724481,2.1478961835381214,0.08288473600378382
1740566880.0,0.0001596955806231,0.0001821070085438,0.0001588008862557,0.0001819868751212,2461.1074284337,0.4204586149988828,0.13958617020661346,0.5925416499384206,2.0561796301140505,0.14594093460297533
1740566940.0,0.0001819868751212,0.0001863197162032,0.0001780244157419,0.0001791687545505,840.91808001969,0.1518511493459141,-0.015485295677631686,-0.6388440052624024,2.3431938699385215,0.04558186108627605
1740567000.0,0.0001791687545505,0.000184260626201,0.0001771167404095,0.0001833819285347,659.02904733692,0.11946571564249446,0.023515115650438262,-0.21327091591283395,2.30690882003251,0.03987238628421925
1740567060.0,0.0001833819285347,0.0001867142030616,0.0001820721621078,0.0001867142030616,536.23567409484,0.09922937430321727,0.018171226322715138,-0.16939036635276342,2.3611560477305904,0.025313513664579068
1740567120.0,0.0001867142030616,0.0001919469009357,0.0001822751108738,0.0001822751108738,952.75674992741,0.17577852975151825,-0.023774796534013386,0.7714364419389378,2.40406114865715,0.051799969704014084
1740567180.0,0.0001822751108738,0.0001822751108738,0.0001565892873544,0.0001565892873544,2201.91984638631,0.37307612184621375,-0.14091788723246942,1.122421449158761,2.3469050839925,0.14091788723246942
1740567240.0,0.0001565892873544,0.0001569286714382,0.0001448778976458,0.0001467414872587,1138.87430469119,0.17272781251446717,-0.06288936019877268,-0.5370172401822394,2.0161841780211356,0.07695784300445878
1740567300.0,0.0001467414872587,0.0001610743749731,0.0001467414872587,0.0001506032754944,2342.38621364074,0.348248136485569,0.026316948995424805,1.0161671210674355,1.8893876450224982,0.09767440675540942
1740567360.0,0.0001506032754944,0.0001607259860922,0.0001476261070607,0.0001607259860922,1119.4467537792,0.17425826561979738,0.06721441193472848,-0.49961465012170014,1.939110563309141,0.08698269668103663
1740567420.0,0.0001607259860922,0.0001640308137622,0.0001607259860922,0.0001623702133254,365.77340097465,0.059089997851479635,0.010230002460565378,-0.6609056239524144,2.069446739498385,0.02056187521602265
1740567480.0,0.0001623702133254,0.0001631456940908,0.0001579350903913,0.0001597587151652,358.21463414308,0.05769564813308133,-0.01608360367776559,-0.023597051431664372,2.0906171847354624,0.03209088411467221
1740567540.0,0.0001597587151652,0.0001597587151652,0.0001555277053971,0.0001563021524677,388.03929280098,0.06132201777916733,-0.021636144819553216,0.06285343459044564,2.0569925264942515,0.02648374934490985
1740567600.0,0.0001563021524677,0.0001563021524677,0.0001470362914133,0.0001470362914133,609.829152099,0.09249231301549016,-0.059281723943723566,0.5083051139734704,2.012487138298283,0.059281723943723566
1740567660.0,0.0001470362914133,0.0001476666111974,0.0001275144424506,0.0001290684511458,2648.33782077126,0.3656093161067884,-0.12220003711189047,2.9528616399241514,1.89318343132539,0.13705574693906603
1740567720.0,0.0001290684511458,0.0001351048321609,0.0001289419833105,0.0001340325260271,926.67345554185,0.12190434583662432,0.038460792217088,-0.6665721017868754,1.6618363457578111,0.04774868525723779
1740567780.0,0.0001340325260271,0.0001345191802754,0.0001314755850621,0.0001314755850621,484.35841722819,0.06430054422420567,-0.019077018398377544,-0.4725327978841625,1.7257518881508072,0.022707885194110582
1740567840.0,0.0001314755850621,0.0001331176968435,0.0001281285971829,0.0001286046016766,1250.22986430586,0.1625800082874838,-0.02183662756962773,1.528439070757993,1.6928296876295195,0.03794696679420365
1740567900.0,0.0001286046016766,0.0001286046016766,8.64448879340603e-05,0.000113822252327,10418.35823181631,1.2628449050108683,-0.11494417117960477,6.76752885125845,1.6558639962019444,0.32782430171945226
1740567960.0,0.000113822252327,0.0001195650583273,0.000105985782902,0.000105985782902,2294.83111961586,0.25221115979256425,-0.06884830746879451,-0.8002833453325817,1.4655320815723636,0.11930246632519716
1740568020.0,0.000105985782902,0.0001150490437007,0.0001038360947123,0.0001150490437007,1043.54335465909,0.11532971222473591,0.08551392979830488,-0.5427255783622303,1.364632678214887,0.10579672746077728
1740568080.0,0.0001150490437007,0.0001292452942923,0.0001148329283012,0.0001281149404018,2444.90315737613,0.29725619624618066,0.11356806002743416,1.5774467872332483,1.4813277812602277,0.125271497506696
1740568140.0,0.0001281149404018,0.0001342910021236,0.0001150317503963,0.0001177126377185,4733.09237674081,0.581762317996924,-0.08119507881497519,0.9571074559371742,1.6495593036426952,0.15032791387872665
1740568200.0,0.0001177126377185,0.0001455289482137,0.0001177126377185,0.0001392726048909,2175.13219207685,0.2794884370441927,0.18315762513077719,-0.5195831211507403,1.515623205973451,0.23630691686410418
1740568260.0,0.0001392726048909,0.0001400987108943,0.0001354957621483,0.0001354957621483,690.73771457525,0.09489643694311524,-0.02711834639381243,-0.6604638175850179,1.793221152972643,0.03304992212650691
1740568320.0,0.0001354957621483,0.0001354957621483,0.0001220028921192,0.0001237193937932,1425.73127841559,0.18478557783258565,-0.08691318583241568,0.9472340984030159,1.744591960585619,0.09958149107521215
1740568380.0,0.0001237193937932,0.000142803785566,0.0001237193937932,0.0001420274004376,1385.77040500614,0.18413202133514955,0.14798008689730782,-0.0035368371552687364,1.5929639153135027,0.15425545815961575
1740568440.0,0.0001420274004376,0.000151152539486,0.0001420274004376,0.0001486190868673,953.55515241857,0.13857372775097293,0.04641137139305798,-0.24742189464836908,1.8286908539258706,0.06424914502613288
1740568500.0,0.0001486190868673,0.0001494045155738,0.0001404439113894,0.0001412636724804,807.25380704483,0.11700448054004557,-0.04949172102953067,-0.15565177873896027,1.9135629043105125,0.06029241851284413
1740568560.0,0.0001412636724804,0.0001414022474224,0.0001305839219725,0.0001305839219725,1013.28488469984,0.13772952920056783,-0.07560153520277334,0.17713038479264878,1.8188573828779182,0.07658250178509987
1740568620.0,0.0001305839219725,0.0001507804867023,0.0001260888891784,0.0001506716461281,1981.43780651288,0.27864520796339337,0.15382999570062172,1.0231333801890654,1.681348972417449,0.1890860463595195
1740568680.0,0.0001506716461281,0.0001535940637491,0.0001476905946448,0.0001484045419452,1126.17907003441,0.16840667167691264,-0.015046654371669499,-0.3956232985028157,1.93999087761567,0.03918102214985368
1740568740.0,0.0001484045419452,0.0001521908000457,0.0001484045419452,0.0001521908000457,374.35318654162,0.05626441206693072,0.02551308774564417,-0.6659015257134604,1.910800505395995,0.02551308774564417
1740568800.0,0.0001521908000457,0.0001567456459604,0.0001516940212209,0.0001544557617937,526.26908895645,0.08068930336542438,0.014882382820248381,0.4341090647039629,1.9595509263545845,0.033192707693126544
1740568860.0,0.0001544557617937,0.0001551850965752,0.0001441482977184,0.0001462319621539,1135.84180396503,0.17076684339939047,-0.05324372198418961,1.1163504489067706,1.9887137133963657,0.07145605141970275
1740568920.0,0.0001462319621539,0.0001462319621539,0.0001369127571685,0.0001374735220068,1205.72014254317,0.17103470840125912,-0.059894157324390566,0.001568600768957039,1.8828271933341443,0.06372891978015122
1740568980.0,0.0001374735220068,0.0001513690911264,0.0001367942827654,0.0001506100053209,1037.17383933191,0.1493963490433749,0.09555646150864028,-0.1265144341762442,1.7700568452019483,0.10601902205050867
1740569040.0,0.0001506100053209,0.0001513631530154,0.0001473978296744,0.0001491318702779,508.65605195014,0.07623275952310782,-0.009814321696958813,-0.4897280956914494,1.9391972139985936,0.02632841910171383
1740569100.0,0.0001491318702779,0.0001493808303308,0.0001450615073856,0.0001450615073856,306.07167945952,0.045022130593668136,-0.02729371585506899,-0.40941229367381166,1.920165308706565,0.028963111219293118
1740569160.0,0.0001450615073856,0.0001450615073856,0.00013828950919,0.00013828950919,658.4908446627,0.09329202512045077,-0.046683633154305966,1.0721370554944654,1.8677568623759673,0.046683633154305966
1740569220.0,0.00013828950919,0.000139019702393,0.0001293455348813,0.0001294565846762,1009.62888404811,0.135162094979186,-0.06387270130277337,0.4488065277249167,1.78056318619137,0.06995590315103643
1740569280.0,0.0001294565846762,0.0001305354480073,0.0001258880354868,0.0001304354801101,704.1280611928,0.09149864784868549,0.0075615731432159715,-0.323045060356784,1.6668338056490541,0.0358993907658249
1740569340.0,0.0001304354801101,0.000130957570715,0.000124730466008,0.000124730466008,695.44303194285,0.08872668960846868,-0.043738207558897665,-0.030295073264917465,1.6794376913880547,0.047740880792126114
1740569400.0,0.000124730466008,0.000124730466008,0.0001213865757526,0.0001214330994285,166.84012188422,0.020534979630439914,-0.026435935702256653,-0.7685591593571646,1.605982097059888,0.02680892938526763
1740569460.0,0.0001214330994285,0.0001243553559466,0.0001154623456006,0.0001223336763145,1206.76272302484,0.1470843290393041,0.007416238984579915,6.162623566534951,1.5635264576030374,0.07323382494437787
1740569520.0,0.0001223336763145,0.0001308029005639,0.0001223336763145,0.0001287293874012,761.1599887493,0.0955495793766035,0.05228087047966788,-0.3503755294619416,1.5751219434713353,0.06923052183625211
1740569580.0,0.0001287293874012,0.0001325603577082,0.0001286851068192,0.0001325603577082,291.1164274942,0.03803286856855933,0.029759873672515338,-0.6019567138160301,1.6574706897876428,0.03010385559376848
1740569640.0,0.0001325603577082,0.000133179265339,0.0001317635060541,0.000133179265339,122.84460826755,0.01632233994719984,0.004668874175508612,-0.5708359489693332,1.70679680813162,0.01068011062565505
1740569700.0,0.000133179265339,0.0001444647096484,0.0001302600407238,0.0001444647096484,1532.87138204996,0.21279625182839018,0.08473874878851137,12.037116768597642,1.7147656276719463,0.10665826161784916
1740569760.0,0.0001444647096484,0.0001610298453651,0.0001444647096484,0.0001607322317286,1537.87515474197,0.23467739672346488,0.11260550843034323,0.10282674016608516,1.8600727214264132,0.11466562150034028
1740569820.0,0.0001607322317286,0.0001627889055822,0.0001578616705602,0.000158448462291,883.24938460295,0.1409580757849771,-0.014208534362020228,-0.39935384594760587,2.0695271559400465,0.03065492819336783
1740569880.0,0.000158448462291,0.0001591801574449,0.0001491786338831,0.0001542791698644,1490.85777252838,0.23311621054163714,-0.02631324006756745,0.6537981895924971,2.0401222082317387,0.06312161959282131
1740569940.0,0.0001542791698644,0.0001701402203881,0.0001500993337102,0.0001700250564769,2271.7073991739,0.36836215528144917,0.10206100166561353,0.5801653365313932,1.986439982799361,0.12990014592063504
1740570000.0,0.0001700250564769,0.0001732339868562,0.0001643903823006,0.0001647783407111,838.19137978942,0.14031466072359747,-0.0308584856521593,-0.6190850262118016,2.189178037192488,0.052013536938901164
1740570060.0,0.0001647783407111,0.0002289734209525,0.0001646896273862,0.0001854401360202,8154.96014059686,1.4280088591221503,0.1253914514488623,9.177189267022861,2.1216233181417614,0.39012283585866725
1740570120.0,0.0001854401360202,0.000207748740812,0.0001854401360202,0.0002055024358747,3006.16388068766,0.5876187195267936,0.10818747378568909,-0.588504850111347,2.387656745431308,0.12030084355292921
1740570180.0,0.0002055024358747,0.0002059983619812,0.0001907363688374,0.000199115697635,2860.51724932117,0.5787085751463164,-0.031078649810234726,-0.015163139097495922,2.6459712969868816,0.07426672622559873
1740570240.0,0.000199115697635,0.0001996131753416,0.0001805004248349,0.0001859178013567,2352.95304463789,0.45298287187005015,-0.06628255047220391,-0.21725218646445432,2.5637380816398934,0.09598816534161804
1740570300.0,0.0001859178013567,0.0002048153665759,0.0001859178013567,0.0001997118183486,1864.51985693853,0.35950704168209285,0.07419417017219845,-0.2063562134304567,2.393806982846086,0.10164473267916559
1740570360.0,0.0001997118183486,0.0002005810465518,0.0001879130371702,0.0001879130371702,1781.14334310752,0.34520771551516244,-0.059079033358982534,-0.03977481525820881,2.5714135054907654,0.06343144580200961
1740570420.0,0.0001879130371702,0.0001924333935938,0.0001877897706781,0.0001921404933496,373.26629445648,0.07093058651611424,0.02249687537949293,-0.794527806511327,2.4194968812201383,0.0247115526715375
1740570480.0,0.0001921404933496,0.0001926585413005,0.0001862700120702,0.0001862700120702,529.45186214127,0.10017507337416613,-0.03055306654552332,0.4122972654597751,2.47392800103802,0.03324926005407965
1740570540.0,0.0001862700120702,0.0001893177775459,0.0001841967567152,0.0001874341188338,1318.30759577802,0.24632849717218333,0.006249566157548109,1.4589799525488374,2.3983419141934714,0.027492459863963693
1740570600.0,0.0001874341188338,0.0001948427574651,0.0001702500092944,0.0001715584431166,2106.24722481224,0.37806354366813305,-0.08470003122151487,0.5347941793509464,2.413330510654644,0.13120742543414238
1740570660.0,0.0001715584431166,0.000185759321129,0.0001707237702733,0.0001771887086712,1620.30124975253,0.28253772294470386,0.0328183530481993,-0.2526713361372988,2.2089213410543613,0.08764098450975716
1740570720.0,0.0001771887086712,0.0001981358697751,0.000169692978741,0.0001980121249718,2916.11144028302,0.5470637216950393,0.11752112454999009,0.9362501969413352,2.281414501480785,0.16052315775312764
1740570780.0,0.0001980121249718,0.0002020548563461,0.0001930614252043,0.0002009908814989,1314.37846952471,0.26222048049035834,0.015043303674076611,-0.5206765316517676,2.549528899259462,0.045418588094445225
1740570840.0,0.0002009908814989,0.0002073964370145,0.0001830735480569,0.0002065388301839,2513.09438934873,0.5120803159614752,0.027602986979438495,0.9528616338581685,2.587882236716857,0.12101488772132729
1740570900.0,0.0002065388301839,0.0002188168335499,0.0002045886086695,0.0002060012200412,2304.58839723926,0.4753675065726335,-0.002602949490036932,-0.07169345949162333,2.6593155164012723,0.06888886156531117
1740570960.0,0.0002060012200412,0.0002324981077174,0.0002060012200412,0.0002323628784847,1627.50924432682,0.3567208113659476,0.12796845784810254,-0.24958940938584612,2.652393452434008,0.1286249065461877
1740571020.0,0.0002323628784847,0.0002323628784847,0.0002156941427058,0.0002230229341029,1801.83541450636,0.4102651421920469,-0.040195509896883086,0.15010150549127912,2.9918161521483926,0.07173579483780393
1740571080.0,0.0002230229341029,0.0002418258097977,0.000221410565016,0.0002413456005554,2790.32908266062,0.6478705136647752,0.08215597434497987,0.5791507662659389,2.8715585763950573,0.09153876870923347
1740571140.0,0.0002413456005554,0.0002465189057862,0.0001744784317385,0.0001856916637412,10500.70385673798,2.242095924085072,-0.230598513857827,2.4607161103880544,3.1074742691274766,0.29849507876636583
1740571200.0,0.0001856916637412,0.0001874473927207,0.0001464945920136,0.0001675808982317,6150.97014092248,1.0864844901512472,-0.09753138694874922,-0.5154156972143791,2.3908953208152433,0.22054194508255492
1740571260.0,0.0001675808982317,0.0001783381926464,0.0001669904160795,0.0001669904160795,2425.376849827,0.4057307601732887,-0.0035235647882945705,-0.6265655296038255,2.157707984126858,0.0677152150790502
1740571320.0,0.0001669904160795,0.0001687393747732,0.0001663433277037,0.0001685254887909,356.92970814138,0.05987779700109144,0.009192579714689607,-0.8524198732787294,2.1501051602505665,0.014348410679803846
1740571380.0,0.0001685254887909,0.0001685254887909,0.0001609971583469,0.000163584569122,1119.42081986594,0.18588545665729167,-0.02931853041548215,2.1044137554677134,2.169870173331135,0.044671761512235425
1740571440.0,0.000163584569122,0.000163584569122,0.0001471460571864,0.0001476089250397,1402.63238216873,0.21824503601571804,-0.09765984755191362,0.17408343794257242,2.1062527686566788,0.1004893800425656
1740571500.0,0.0001476089250397,0.0001569629233787,0.0001465786193953,0.0001567928072314,1347.43369505578,0.20508057544771427,0.06221766190106696,-0.060319633419088005,1.9005564443638716,0.07035010911845001
1740571560.0,0.0001567928072314,0.0001636367234596,0.0001559716406297,0.0001636367234596,513.00917047034,0.08219164386699512,0.04364942722212712,-0.5992226777813482,2.018804622643197,0.04888669936617442
1740571620.0,0.0001636367234596,0.0001751840039639,0.0001636367234596,0.0001750451224553,1000.7203543925,0.1694629084351324,0.06971784055867265,1.0618021548438932,2.106924288094955,0.0705665590227422
1740571680.0,0.0001750451224553,0.0001846998862284,0.0001749401668254,0.0001804075868749,1743.46627491197,0.3098599055216455,0.030634754881384178,0.828482163931789,2.253814499681554,0.055755449029962253
1740571740.0,0.0001804075868749,0.0001927282221051,0.0001766838639433,0.0001780141576714,1912.09630768534,0.34266844717055917,-0.013266787971393218,0.10588185520059744,2.3228595544274078,0.08893394363134867
1740571800.0,0.0001780141576714,0.0002044264414728,0.0001692939472097,0.0001851554522677,4683.33019443803,0.8504215999650343,0.04011644180280458,1.4817622018806624,2.2920426692314946,0.197357865928573
1740571860.0,0.0001851554522677,0.0001870035970985,0.0001791308409803,0.0001812036541126,888.50279743878,0.16275554544303408,-0.02134313684366382,-0.8086178132708225,2.3839912655812645,0.04251970990742134
1740571920.0,0.0001812036541126,0.0001812036541126,0.0001797654035447,0.0001806684080003,70.65181440791,0.012783458885904144,-0.0029538372993703115,-0.9214560778798258,2.3331094137658646,0.007937205101869998
1740571980.0,0.0001806684080003,0.0001823966987734,0.0001694370950394,0.0001723100541476,1021.72609248198,0.18032365243033618,-0.04626350530905293,13.106014189099675,2.326217788155971,0.07173143261426464
1740572040.0,0.0001723100541476,0.0001789697423057,0.0001712624619298,0.000176781584459,677.70820187742,0.11829113334526052,0.02595048985110138,-0.34400655847984485,2.218598799163604,0.04472913907448468
1740572100.0,0.000176781584459,0.000178276888771,0.0001741331313924,0.0001741331313924,396.09012588773,0.06949692698871901,-0.014981498636891358,-0.41249250875062743,2.2761725247849647,0.023439983249844806
1740572160.0,0.0001741331313924,0.0001766423973162,0.0001741145807844,0.0001758625976681,335.86796715352,0.058776177015982145,0.00993186225889855,-0.1542622161477312,2.242072049207569,0.01451657425320006
1740572220.0,0.0001758625976681,0.0001771290870122,0.0001433809671785,0.0001484214274768,3005.23731307142,0.4872752261992221,-0.1560375574747785,7.290352502285483,2.264339999974825,0.19190049664449849
1740572280.0,0.0001484214274768,0.0001484214274768,0.000122665555755,0.0001230749285191,6489.83723796186,0.8809835805565708,-0.1707738524591536,0.8079794194100509,1.9110179170863133,0.17353203078326368
1740572340.0,0.0001230749285191,0.0001398895109011,0.0001230749285191,0.0001374457861519,2820.40524665606,0.3673869952603374,0.11676511053646302,-0.5829808825401301,1.5846660252670162,0.1366206958990071
1740572400.0,0.0001374457861519,0.0001479706094791,0.0001306502792202,0.0001322249277791,2621.17637778163,0.35342725256772234,-0.03798485584003343,-0.03799737843938361,1.7696997288706968,0.1260157240452481
1740572460.0,0.0001322249277791,0.0001703784189621,0.0001301417642805,0.0001381069700865,5840.62723680648,0.7894539228257054,0.04448512399437077,1.2337098146511305,1.7024779397893972,0.30430460698621736
1740572520.0,0.0001381069700865,0.000139471121393,0.0001272090009282,0.0001272090009282,850.31773608896,0.11280143791073191,-0.07890962455750292,-0.8571146020695167,1.7782128820386094,0.08878712245384801
1740572580.0,0.0001272090009282,0.0001449735042293,0.0001262916942158,0.0001395602183996,1918.19637867385,0.255857875228118,0.09709389572496802,1.2682146607971183,1.6378947711336276,0.14685918352620736
1740572640.0,0.0001395602183996,0.0001412310335641,0.0001386104917618,0.0001386104917618,336.7833061813,0.046841625725478224,-0.006805138661224026,-0.8169232599007744,1.7969243552505463,0.018777140307968315
1740572700.0,0.0001386104917618,0.00013933433739,0.0001342884490666,0.0001346489441163,407.68343633916,0.05570167291544207,-0.028580431359466477,0.18914901122111705,1.7846960358493358,0.036403364992538025
1740572760.0,0.0001346489441163,0.0001352250554196,0.0001237881543282,0.0001340186505088,1672.61263976351,0.22468840733240059,-0.004681014111448141,3.033782031528727,1.733688653299232,0.08493866154287588
1740572820.0,0.0001340186505088,0.0001458554870482,0.0001331163587197,0.0001458554870482,965.88080012987,0.13516252795960623,0.08832230808519265,-0.39844458570731306,1.7255732322482806,0.09505489183883029
1740572880.0,0.0001458554870482,0.0001590493301177,0.0001453957264472,0.0001573155842828,1473.96170958859,0.22343127529842258,0.07857158799115224,0.6530563512780387,1.877979842890475,0.0936104904026544
1740572940.0,0.0001573155842828,0.0001603120235602,0.0001562616749255,0.0001603120235602,584.46902469902,0.09282174908674051,0.01904731365974156,-0.5845624165069794,2.025535701361754,0.0257466458467259
1740573000.0,0.0001603120235602,0.0001603120235602,0.0001415615100538,0.0001576672052957,3249.31424329476,0.51660721869668,-0.016497940739341004,4.565583753586871,2.0641167151945963,0.11696261509267795
1740573060.0,0.0001576672052957,0.0001742234049688,0.0001576672052957,0.0001679675688992,1582.9991735807,0.2577397892198323,0.06532977853055746,-0.5010913903408669,2.0300630399482325,0.10500725018908885
1740573120.0,0.0001679675688992,0.0001696646221059,0.0001617396299436,0.0001696646221059,1015.70166978034,0.17146679008773738,0.010103457577089942,-0.3347290668361285,2.1626866087511205,0.04718168045318279
1740573180.0,0.0001696646221059,0.0001717352668204,0.0001524164272607,0.0001637230590205,2415.50102540777,0.402649142809569,-0.03501945786724733,1.3482631394892184,2.1845372211551783,0.11386486658156543
1740573240.0,0.0001637230590205,0.0001785656806814,0.0001637230590205,0.0001638654380627,2180.48493970515,0.357150892155281,0.0008696334105398299,-0.11299726192589005,2.108035911979501,0.09065687967045331
1740573300.0,0.0001638654380627,0.0001645996608465,0.0001625194201047,0.000163731865953,169.53873046086,0.027770215512611083,-0.000815132899769254,-0.9222451458961014,2.109869130439176,0.012694810854525928
1740573360.0,0.000163731865953,0.000163731865953,0.0001592692701382,0.0001592692701382,316.60746745354,0.05113228584122552,-0.027255511862797753,0.8412635587219405,2.1081493066967476,0.027255511862797753
1740573420.0,0.0001592692701382,0.0001592707995202,0.0001382186723335,0.0001382186723335,2305.78408246421,0.3429714812381372,-0.13216986419561114,5.707532737791583,2.0506906182595253,0.13217946668828706
1740573480.0,0.0001382186723335,0.0001611133235082,0.0001382186723335,0.0001597860276767,1785.8453602714,0.2660951554261431,0.1560379287334011,-0.2241478665644977,1.77965111773695,0.16564079793400696
1740573540.0,0.0001597860276767,0.0001607423181172,0.0001591595787821,0.0001597478686265,173.25330109909,0.027680151173791856,-0.00023881343540998234,-0.8959764933357657,2.057344192016706,0.009905367560062321
1740573600.0,0.0001597478686265,0.0001597478686265,0.000142482472456,0.0001428261091283,1159.23770424472,0.17537758166833364,-0.10592792031400491,5.335860688303783,2.05685287058239,0.10807903929452431
1740573660.0,0.0001428261091283,0.0001428261091283,0.0001376184681075,0.0001389582219226,808.87262023217,0.11396381509875535,-0.027081093431072168,-0.3501802567087583,1.838974723609706,0.036461407879717515
1740573720.0,0.0001389582219226,0.0001392494939711,0.0001360702713878,0.0001392494939711,496.04218741261,0.06900138197348844,0.0020961123744247384,-0.39453253724706133,1.7891732773022515,0.022878981461570816
1740573780.0,0.0001392494939711,0.0001427274214158,0.0001392494939711,0.0001427274214158,435.08810841933,0.061342401366801906,0.02497623040139601,-0.11099749581289912,1.7929235855487948,0.02497623040139601
1740573840.0,0.0001427274214158,0.0001433976348224,0.0001369254947785,0.0001369254947785,598.7196531431,0.08371684849215387,-0.040650399059600266,0.3647468411215617,1.8377040581135586,0.04534615688911707
1740573900.0,0.0001369254947785,0.0001369254947785,0.0001288759476491,0.0001296591024114,615.10606960169,0.08198890189691457,-0.053068220632356285,-0.020640368412832018,1.7630006547977954,0.05878778924568785
1740573960.0,0.0001296591024114,0.0001296591024114,0.0001061440396913,0.0001061440396913,1975.34210756875,0.23289593784624046,-0.18136067798378108,1.8405788156433995,1.6694413470739975,0.18136067798378108
1740574020.0,0.0001061440396913,0.0001273071175276,0.0001061440396913,0.0001244152135666,2401.71541627623,0.27686885645731707,0.17213565574137074,0.1888092983403937,1.3666703325145007,0.199380746180839
1740574080.0,0.0001244152135666,0.0001244152135666,0.0001165376185452,0.0001194881167128,1345.9023799964,0.16413503635604626,-0.0396020447383833,-0.40717407347203816,1.6019230263841613,0.06331697543711645
1740574140.0,0.0001194881167128,0.0001247010719666,0.0001144086280551,0.0001157185860838,2057.56245981143,0.24197624098515413,-0.031547326484862075,0.4742509969672324,1.5384835990258494,0.08613780344566636
1740574200.0,0.0001157185860838,0.0001234525889504,0.0001157185860838,0.0001217689314612,784.49511066352,0.09315389817883471,0.05228499225715151,-0.6150287408400978,1.4899485546357754,0.06683457799077551
1740574260.0,0.0001217689314612,0.0001258278196283,0.0001217689314612,0.0001237770044123,551.30946546586,0.0676858993268668,0.016490848092395705,-0.27339702739089916,1.5678505032784609,0.03333270743525666
1740574320.0,0.0001237770044123,0.0001344676251546,0.0001237770044123,0.0001344676251546,1217.45286003076,0.15720033142690326,0.08637000703854207,1.322497491948152,1.593705687759612,0.08637000703854207
1740574380.0,0.0001344676251546,0.0001409926124535,0.0001343518008689,0.0001407588815513,534.57424368618,0.07356450083234792,0.04678640222482416,-0.5320334240735698,1.7313540592287744,0.049385951279833466
1740574440.0,0.0001407588815513,0.0001407588815513,0.0001383595089731,0.0001389738570154,212.45257017241,0.029714969634931122,-0.012681434494415503,-0.596069173327894,1.812357886637434,0.017045976436844152
1740574500.0,0.0001389738570154,0.0001402091309887,0.0001377836549372,0.00013848763174,384.15001459787,0.05329341747786682,-0.00349868159265456,0.7934871929069144,1.7893745888176038,0.017452750492714785
1740574560.0,0.00013848763174,0.00013848763174,0.0001351138547464,0.0001357983069598,290.63748140512,0.0398588872042745,-0.01941924160598706,-0.2520861094931993,1.783114136881344,0.024361576201505225
1740574620.0,0.0001357983069598,0.0001358411037436,0.000134823975277,0.0001351232779242,156.47798677215,0.02119663208788423,-0.004970820702498283,-0.4682081318715018,1.748487412646194,0.0074899937220946336
1740574680.0,0.0001351232779242,0.0001360576936162,0.0001341396424988,0.0001345155036805,304.9753483742,0.041116590677544106,-0.004497924066354633,0.9397699836025323,1.7397959952173547,0.0141948237703051
1740574740.0,0.0001345155036805,0.0001378590813177,0.0001343111628262,0.000137045019446,385.43470892387,0.052334425593238205,0.01880464107325563,0.27282989009642616,1.731970524939919,0.026375535863337917
1740574800.0,0.000137045019446,0.0001391910371747,0.0001363448013181,0.0001374253460116,413.52445552681,0.056750104217049305,0.002775194364139987,0.08437426366597249,1.7645396090108725,0.020768619451518963
1740574860.0,0.0001374253460116,0.0001405179640714,0.0001372858843862,0.0001405179640714,253.30539488457,0.0352022699580494,0.022503985978968816,-0.37969682269810423,1.769436549389101,0.023518803328515355
1740574920.0,0.0001405179640714,0.0001611438273543,0.0001405179640714,0.0001611438273543,1747.54075202364,0.26358313692243307,0.1467845297873771,6.487674437942369,1.8092559246872284,0.1467845297873771
1740574980.0,0.0001611438273543,0.0001799913744825,0.0001541697919641,0.000179677331208,3475.44344428909,0.592252330600179,0.11501218605755965,1.2469279997015374,2.0748267048574696,0.160239352275202
1740575040.0,0.000179677331208,0.0001797176906959,0.0001530483548471,0.0001532822231653,2711.05843107753,0.4513364035457761,-0.1469028277815649,-0.23793224572303664,2.31345705987373,0.1484290515085999
1740575100.0,0.0001532822231653,0.0001792177067098,0.0001532822231653,0.0001769841647953,2193.46272629223,0.3622135058693725,0.15462942238539804,-0.19746445661426562,1.973603675827054,0.16920085714395663
1740575160.0,0.0001769841647953,0.0001774224267579,0.0001698598360716,0.0001698598360716,530.17193062892,0.09194347678333159,-0.04025404607208797,-0.7461622073902187,2.2787808722378897,0.04273032389675607
1740575220.0,0.0001698598360716,0.000173205818036,0.0001695245618999,0.000173205818036,261.47000854134,0.044850689754877285,0.019698488128703964,-0.5121928023173444,2.187050722018633,0.021672316547793304
1740575280.0,0.000173205818036,0.0001753723869255,0.0001673072895605,0.0001673072895605,662.35626976951,0.1127704958776208,-0.034055025070081714,1.5143536586381612,2.2301323147031904,0.046563663140482346
1740575340.0,0.0001673072895605,0.0001673072895605,0.0001556432887515,0.0001559916313175,918.00733915972,0.14839539105421082,-0.06763398219363388,0.3159061676491196,2.154185102816374,0.06971603472652156
1740575400.0,0.0001559916313175,0.0001565101725829,0.0001550056117106,0.0001563413390583,439.7918473204,0.06868074701032043,0.00224183655139937,-0.5371773575822821,2.0084889859307,0.00964513839359531
1740575460.0,0.0001563413390583,0.0001571760010865,0.0001558283671985,0.0001564137221693,70.75140975263,0.011063930744561405,0.00046298126545412944,-0.8389078275036982,2.0129916899524423,0.008619817996425475
1740575520.0,0.0001564137221693,0.0001564137221693,0.0001476200213131,0.0001476200213131,754.97417137308,0.11476881177754025,-0.05622077612015284,9.373240254956956,2.0139236673924055,0.05622077612015284
1740575580.0,0.0001476200213131,0.0001687259532864,0.0001456655690449,0.0001683958632637,1622.72234209114,0.2564030181792341,0.14073864619308474,1.2340827112179882,1.9006993157648597,0.1562144757626695
1740575640.0,0.0001683958632637,0.0001771302522109,0.0001663293435271,0.0001663293435271,1397.22129180939,0.2338425929167034,-0.012271796328891608,-0.08798814235002585,2.1682011642857284,0.06413998820675483
1740575700.0,0.0001663293435271,0.0001780133749618,0.000165455861537,0.0001780133749618,876.97010874654,0.1509891356396449,0.0702463629503614,-0.354312942922984,2.1415934411975486,0.07549788364765599
1740575760.0,0.0001780133749618,0.0001785817081722,0.0001740776870965,0.0001752928194592,447.38286631791,0.07903156897396987,-0.015282871318988294,-0.4765744658437615,2.292032591360025,0.025301588022060287
1740575820.0,0.0001752928194592,0.0001752928194592,0.0001564451187126,0.0001583590122997,1832.21566208933,0.3056610559167253,-0.09660297102723824,2.8675817763076292,2.2570037522073423,0.10752123677825183
1740575880.0,0.0001583590122997,0.0001583963934497,0.0001579176854658,0.0001579444694979,38.50277412435,0.006089280757199222,-0.0026177405111333834,-0.9800783232298387,2.0389704841244884,0.0030229285782235153
1740575940.0,0.0001579444694979,0.0001599955312442,0.0001579444694979,0.0001590760525924,214.70243070509,0.03403253833809205,0.007164436324343914,4.5889258017633905,2.0336329884871907,0.012985967491107857
1740576000.0,0.0001590760525924,0.0001722616420285,0.0001403552833535,0.0001476131821384,4338.37869838335,0.6652670214897968,-0.07205905770978147,18.54796950144546,2.048202822540292,0.2005729847769956
1740576060.0,0.0001476131821384,0.0001525950215353,0.0001476131821384,0.0001518184383073,376.61843852105,0.05638573466804362,0.0284883511620067,-0.91524345436247,1.900611257149524,0.03374928529234659
1740576120.0,0.0001518184383073,0.0001581179411224,0.0001516724798348,0.0001553399332333,1364.26375897495,0.20952251727930163,0.023195436372965637,2.715878111951739,1.9547565380656626,0.04245506250402571
1740576180.0,0.0001553399332333,0.0001611674594016,0.0001551839349905,0.0001591892522153,343.13485325003,0.053962962945878414,0.02477997062235665,-0.7424479065706161,2.0000979689690035,0.038518906803658444
1740576240.0,0.0001591892522153,0.0001591892522153,0.0001431147945475,0.0001431147945475,1555.62631789898,0.2351360655757878,-0.10097702856257947,3.3573601733399085,2.0496603378818903,0.10097702856257947
1740576300.0,0.0001431147945475,0.0001445893978946,0.0001404769053076,0.0001405272027086,410.37781584894,0.058200191658494674,-0.01808053351214615,-0.7524829229579165,1.8426917274000045,0.02873562163857961
1740576360.0,0.0001405272027086,0.0001467535093892,0.0001405272027086,0.000144996179547,699.09026252105,0.09980330812848276,0.031801507126466906,0.7148278258962719,1.8093748778701944,0.044306771646988374
1740576420.0,0.000144996179547,0.0001597858508722,0.000144996179547,0.0001597858508722,1331.3002439201,0.20287819571977214,0.10200042077940384,1.032780270756105,1.8669157259432334,0.10200042077940384
1740576480.0,0.0001597858508722,0.000160497466345,0.0001535395818707,0.0001537835857249,452.76080792582,0.07098597572727361,-0.037564434613805237,-0.6501054463963993,2.0573419155491295,0.0435450600683353
1740576540.0,0.0001537835857249,0.0001696464900634,0.0001537835857249,0.0001696464900634,1219.75815112561,0.19725323563097638,0.10315082889845473,1.7787634615155326,1.9800590296842433,0.10315082889845473
1740576600.0,0.0001696464900634,0.000178401022992,0.0001696464900634,0.000178401022992,516.62104781611,0.089904335442236,0.05160456267222659,-0.5442187036646128,2.184303759864043,0.05160456267222659
1740576660.0,0.000178401022992,0.0001804675067871,0.000178401022992,0.0001800693389115,256.8704042671,0.04604021338996285,0.009351493010075486,-0.487897739708627,2.2970238001351273,0.011583362922715154
1740576720.0,0.0001800693389115,0.0002090106636347,0.0001775531674634,0.0001956735499675,3192.23778573683,0.5997303238007294,0.08665667986746546,12.02622815235421,2.318504402146068,0.1746965716732077
1740576780.0,0.0001956735499675,0.0001966553309973,0.0001857721517786,0.0001895801538079,1139.62210449029,0.21952181832960005,-0.031140622534890784,-0.6339657849241255,2.519418295894149,0.055619061546681246
1740576840.0,0.0001895801538079,0.0001945065238877,0.0001895801538079,0.0001945065238877,409.11001666536,0.07856685355649483,0.025985684581688158,-0.6421000237956712,2.4409620417342115,0.025985684581688158
1740576900.0,0.0001945065238877,0.0001992270983988,0.0001945065238877,0.0001992270983988,242.98831862533,0.0478363354328287,0.024269491926273114,-0.3911384602104351,2.5043921114265904,0.024269491926273114
1740576960.0,0.0001992270983988,0.0002211210127439,0.0001842011841283,0.0001895899611681,4362.48518272544,0.848104330575738,-0.048372622540579314,16.729291403741357,2.56517243555508,0.18531529552117582
1740577020.0,0.0001895899611681,0.0001896152778199,0.0001844933283642,0.0001883983240149,1202.37418469591,0.22724167811075735,-0.006285338874791069,-0.7320592880872407,2.4410883175784757,0.027015931772667177
1740577080.0,0.0001883983240149,0.0001883983240149,0.0001844080721795,0.0001844080721795,329.59240755669,0.061437078837122766,-0.02117986906871005,-0.7296399175190987,2.4257452502792014,0.02117986906871005
1740577140.0,0.0001844080721795,0.0001848235141019,0.000173047088126,0.0001817817821956,1425.30730087833,0.26096653647420126,-0.01424173005476466,3.2477041782220075,2.3743682834842423,0.06386068590553348
1740577200.0,0.0001817817821956,0.0002002003548184,0.0001817817821956,0.0001996130999726,1109.75235583614,0.21162693449500347,0.09809188556537103,-0.18906486113431414,2.340553171340265,0.10132243396635483
1740577260.0,0.0001996130999726,0.000208168276257,0.0001996130999726,0.000208168276257,1304.30206662076,0.26593504587286243,0.042858791760532346,0.25662192531140776,2.5701424451830404,0.042858791760532346
1740577320.0,0.000208168276257,0.0002117785828984,0.0001893860036801,0.0001931675190843,1923.97654795672,0.3860803290461095,-0.07206072626638078,0.451784317403152,2.680295645036046,0.10756960484533484
1740577380.0,0.0001931675190843,0.0001931675190843,0.0001908983842327,0.0001908983842327,134.8936358108,0.02590402304469466,-0.01174697931803806,-0.932905094883503,2.487151594246131,0.01174697931803806
1740577440.0,0.0001908983842327,0.0001919136514438,0.0001885402610399,0.0001895127390539,203.0764934043,0.03862627848451679,-0.00725854849096538,0.4911304864835558,2.457935075907696,0.01767113125372464
1740577500.0,0.0001895127390539,0.0001991263020601,0.0001895127390539,0.0001943790774433,1582.8205817091,0.3038159341507306,0.025678159756933078,6.865524354682893,2.4400940349715756,0.05072779304543631
1740577560.0,0.0001943790774433,0.0001944712460995,0.0001860652538153,0.0001904530789172,931.23478828128,0.17918454582609933,-0.020197639466856855,-0.41022005206217577,2.5027511594235152,0.043245355388889566
1740577620.0,0.0001904530789172,0.0001905508385231,0.0001785632185576,0.0001785632185576,826.86498835928,0.15256332825794255,-0.062429341794832074,-0.14856871414565503,2.452201493830221,0.06294264200743982
1740577680.0,0.0001785632185576,0.0001880306782918,0.0001782897171271,0.0001857592163595,1574.7814502806,0.2868641062142551,0.04029944050083732,0.8802952812437793,2.2991121686220963,0.054551890604266885
1740577740.0,0.0001857592163595,0.0001857592163595,0.0001810358992603,0.0001810358992603,326.78016214878,0.05993068367880938,-0.025427094233962284,-0.7910833653268285,2.3917651026662337,0.025427094233962284
1740577800.0,0.0001810358992603,0.0002003654483584,0.0001810358992603,0.0001939444596467,1918.09934643411,0.35962479067257236,0.07130387088496519,5.000678927674747,2.3309494660152366,0.10677191196375517
1740577860.0,0.0001939444596467,0.0002293882533222,0.0001939444596467,0.0002109689476335,3150.49779081077,0.6378393975529658,0.08778022335782502,0.7736246613034515,2.497155185779366,0.18275228763980353
1740577920.0,0.0002109689476335,0.0002281787811866,0.0002104662554964,0.0002281787811866,1281.29917084244,0.2813398104072674,0.08157519742193196,-0.5589174775239482,2.7163560257462294,0.08395797527971081
1740577980.0,0.0002281787811866,0.0002325831403984,0.0002196428902689,0.0002196428902689,1017.33193860087,0.22779164458465284,-0.03740878478406593,-0.19033270032100422,2.9379433048147328,0.05671101432923218
1740578040.0,0.0002196428902689,0.0002240927237821,0.0002144707249358,0.0002194810440061,1407.9313200388,0.309128170222216,-0.0007368609227544831,0.357065448058331,2.828038416017131,0.04380746781523482
1740578100.0,0.0002194810440061,0.0002222651402405,0.0002150184204994,0.0002198072277246,1106.32622573916,0.24299806783765196,0.0014861589527109173,-0.21392454248678336,2.8259545450203194,0.03301751991346732
1740578160.0,0.0002198072277246,0.0002262747999631,0.0002166208415175,0.0002166208415175,1474.27638890371,0.32170779896923074,-0.014496275850820911,0.32391093407444327,2.8301543626673555,0.043920113753928035
1740578220.0,0.0002166208415175,0.0002167884374437,0.000212755474739,0.0002167884374437,276.30557106963,0.05987669916512547,0.0007736832939340053,-0.8138786210437744,2.7891276643257252,0.01861761165937581
1740578280.0,0.0002167884374437,0.0002267727948701,0.0002167884374437,0.0002267727948701,585.5647384302,0.12986690848880375,0.04605576544640639,1.1689056060131537,2.7912855658042632,0.04605576544640639
1740578340.0,0.0002267727948701,0.0002523915898123,0.0002203438710087,0.0002378074289473,4473.19595677657,1.0390791893891738,0.04865942620463295,7.001108222875392,2.919840359116884,0.14132082652135403
1740578400.0,0.0002378074289473,0.0002406384590514,0.0002326266101181,0.000235367590182,1203.4960043607,0.2847321224427051,-0.010259724753345204,-0.7259764940436486,3.061918115600641,0.033690490531628814
1740578460.0,0.000235367590182,0.0002383426024117,0.000235367590182,0.0002381525957568,225.539535909,0.053398761490090166,0.011832578872250307,-0.8124596514366402,3.030503678517297,0.012639855076901416
1740578520.0,0.0002381525957568,0.0002465693294337,0.0002381525957568,0.0002437830160673,1340.72153121845,0.323070725716754,0.02364206987796067,5.050153911841383,3.0663623523159975,0.03534176753418693
1740578580.0,0.0002437830160673,0.0002648806222656,0.0002431640161014,0.000243281247926,2915.33648248994,0.7099781090683893,-0.0020582571722776517,1.1975934448819385,3.1388575053206003,0.08908170271469934
1740578640.0,0.000243281247926,0.0002447103762561,0.0002277044596026,0.0002291037480026,2001.75899040762,0.472800456266871,-0.0582761723078321,-0.33406333205503375,3.1323969293475167,0.06990229127184007
1740578700.0,0.0002291037480026,0.0002374555325584,0.0002287164097546,0.0002374555325584,752.30577640657,0.17549762090106688,0.036454159430448135,-0.6288124967417382,2.9498528261563366,0.0381448268742457
1740578760.0,0.0002374555325584,0.0002423685804805,0.0002365443115134,0.0002414109701936,801.35087614345,0.1918700457680325,0.01665759307683095,0.0932914348519586,3.0573872313773975,0.024527830134543533
1740578820.0,0.0002414109701936,0.0002556696417449,0.0002400372961977,0.0002529344266023,1970.8014273812,0.48712830681234265,0.04773377282506564,1.5388450024204,3.108315943755981,0.06475408112010644
1740578880.0,0.0002529344266023,0.0002630197374429,0.0002526201981472,0.0002613842640122,774.58674903499,0.1991922212655092,0.03340722543549222,-0.5910887984133422,3.2566875908837587,0.04111555487087441
1740578940.0,0.0002613842640122,0.0002727798975179,0.0002566054090675,0.0002604759720506,2793.4759118554,0.7289019993983024,-0.003474929774493293,2.6592894781103293,3.3654844874053826,0.06188011551317058
1740579000.0,0.0002604759720506,0.0002606344951635,0.0002369609885905,0.0002564131132675,3162.81856474805,0.8174131974798627,-0.015597825592568327,0.12143086197407202,3.353789665154502,0.0908855676269486
1740579060.0,0.0002564131132675,0.0002712033705204,0.0002563200987016,0.0002630230555608,2015.70475912855,0.5235149787853527,0.025778487726578397,-0.3595467012284816,3.3014778388832644,0.05804411338071148
1740579120.0,0.0002630230555608,0.0002677242178243,0.0002435664515082,0.0002663950978151,2544.85146425984,0.6736452814121999,0.01282032956050305,0.28677365254223686,3.386584944832487,0.09184657316292082
1740579180.0,0.0002663950978151,0.0002793923649616,0.0002663950978151,0.0002667453823325,1724.81500010371,0.4597843486605373,0.0013149060184401162,-0.3174681670794667,3.4300020799098774,0.048789438143194294
1740579240.0,0.0002667453823325,0.0002947550840345,0.0002662017055182,0.0002871816902925,2780.9733389439,0.7702282103446834,0.07661353977826682,0.6751944962644855,3.434512210288013,0.10704357191348876
1740579300.0,0.0002871816902925,0.0003407301440084,0.0002860687303386,0.0002875607869986,6511.9144108001,1.8713369101854314,0.0013200587604101208,1.4295876015083802,3.697642348129857,0.19033739098800606
1740579360.0,0.0002875607869986,0.0003110113815332,0.0002875607869986,0.000293421288973,2263.78828666416,0.6576102091731675,0.02038004567858054,-0.6485880198301627,3.7025234533043694,0.08155004296435649
1740579420.0,0.000293421288973,0.0002939517741779,0.0002737538695304,0.0002757158356098,1871.05403292706,0.5324431561195793,-0.0603414068051117,-0.19033623764899332,3.777981050408728,0.06883585277058255
1740579480.0,0.0002757158356098,0.0002757158356098,0.0002371083375219,0.0002443102920751,3432.6244569118,0.8925272020621631,-0.11390547614082598,0.6762863637253964,3.5500123589440116,0.14002640799543445
1740579540.0,0.0002443102920751,0.0002705285271178,0.0002443102920751,0.0002580284525352,3675.71290871984,0.9232265040570994,0.05615056305480193,0.034395928688790996,3.145646510892677,0.1073153112789886
1740579600.0,0.0002580284525352,0.0002689734172344,0.0002488597198907,0.0002675380050699,2000.90330353979,0.5258038306258748,0.036854666379874224,-0.43047147334349595,3.322276333650674,0.07795147064626966
1740579660.0,0.0002675380050699,0.0002886003175696,0.0002661400975588,0.0002871229676036,1333.68911496336,0.3698726508748183,0.07320441269113526,-0.29655770967938455,3.4447177195491214,0.08395151187933751
1740579720.0,0.0002871229676036,0.0002976822805945,0.0002621510700115,0.0002621510700115,2825.24576604814,0.7759170745861141,-0.08697283188635768,1.0977952080288296,3.696886257095462,0.12374910610444156
1740579780.0,0.0002621510700115,0.0002773566899769,0.0002486423436733,0.0002626918660594,4857.94584983958,1.2748292815516242,0.002062917568393993,0.6429968141010911,3.375357590154112,0.10953358421287528
1740579840.0,0.0002626918660594,0.000290154301051,0.0002626918660594,0.0002768731057069,2296.62918823334,0.6195903315533913,0.05398431196302575,-0.5139817224787357,3.382320674626453,0.10454238802121942
1740579900.0,0.0002768731057069,0.000301556369653,0.0002731062229157,0.0002976271166282,3131.03094320146,0.8993889865036584,0.07495856583221322,0.4515865414632545,3.564912929084479,0.10275518333448229
1740579960.0,0.0002976271166282,0.0003072130806376,0.000292390179692,0.0002939000621794,1755.47772968441,0.5192063944498948,-0.01252256343784655,-0.4227120831573771,3.832133689565366,0.04980359690853354
1740580020.0,0.0002939000621794,0.0002981673557657,0.0002552678165983,0.0002565839003516,2670.11692352763,0.7349282722422865,-0.1269688803434884,0.41548386171351287,3.784145552335475,0.14596641745932545
1740580080.0,0.0002565839003516,0.000265684498064,0.0002553236226173,0.0002630075722131,1032.95589637716,0.26835753764649906,0.025035366025294534,-0.6348520695390684,3.303676828498648,0.04038006840063764
1740580140.0,0.0002630075722131,0.0002924509260219,0.0002630075722131,0.0002884928906936,2585.32925226303,0.7129051396946468,0.0968995617352443,1.656549713292345,3.386385587129396,0.11194869243134847
1740580200.0,0.0002884928906936,0.0002884928906936,0.0002692160422064,0.0002813587216433,1564.21548520207,0.44568535814237303,-0.02472909829128844,-0.3748321714537364,3.7145248663887824,0.06681914566717471
1740580260.0,0.0002813587216433,0.0002836585265059,0.0002581435772329,0.0002616262188925,1463.45399414038,0.39731673999259665,-0.07013289879748758,-0.10852637912849082,3.622668015862419,0.09068476400510263
1740580320.0,0.0002616262188925,0.0002784617535094,0.0002584531610634,0.0002767777361159,1817.07013145419,0.48915887265128455,0.05791283949880277,0.2311559605074763,3.368599806529045,0.0764777801349541
1740580380.0,0.0002767777361159,0.0002866397930031,0.0002698709356228,0.0002820633874508,2532.2821401526,0.7075716981953832,0.01909709721986696,0.44650692802582065,3.5636849864602596,0.06058600527492609
1740580440.0,0.0002820633874508,0.0002822590294266,0.000270693959085,0.0002744167481177,762.72545829693,0.21222078321731097,-0.027109648658083307,-0.7000716906024271,3.6317410251076714,0.04100167145449614
1740580500.0,0.0002744167481177,0.0002744167481177,0.0002717840453325,0.0002731569698388,184.9781869728,0.050644596790774356,-0.004590748514954476,-0.7613589205402421,3.533285801899855,0.009593812342936237
1740580560.0,0.0002731569698388,0.0002731569698388,0.0002295973058927,0.0002329106735193,3539.68276996001,0.8956594588144668,-0.1473376144978136,16.685192805753054,3.5170653753518737,0.15946751778585833
1740580620.0,0.0002329106735193,0.0002453631248516,0.0002246584009138,0.0002380192610506,3372.61470011524,0.7941326100273765,0.021933677208128,-0.11335429753790092,2.9988693529146713,0.08889555650219834
1740580680.0,0.0002380192610506,0.0002380545944499,0.0002106770026609,0.000211202271884,2196.43818792784,0.49334366488851966,-0.11266730704158873,-0.37876412747801347,3.064645585290849,0.11502258963479368
1740580740.0,0.000211202271884,0.000235411540414,0.0002021353039124,0.0002260444445488,4866.75175045099,1.0639856112891384,0.07027468280716163,1.1566824244709133,2.7193602201592357,0.1575562431443754
1740580800.0,0.0002260444445488,0.0002266681437341,0.0001952025005567,0.0001968081187006,5309.42531358512,1.1225520516153589,-0.129338838238461,0.05504439130080026,2.9104623970693395,0.1392011347158191
1740580860.0,0.0001968081187006,0.0001974975882562,0.0001866437319142,0.0001934148902249,2091.69355127554,0.40811347566440287,-0.017241303347155346,-0.6364413791974053,2.5340265718956645,0.05514943394439815
1740580920.0,0.0001934148902249,0.0001948278115423,0.0001766776482819,0.000182467899483,3358.81944873797,0.6312612122583895,-0.0565984900602585,0.5467786532427171,2.490336651079859,0.09384056852755884
1740580980.0,0.000182467899483,0.0001958817950013,0.000172829235682,0.0001887514690314,5333.47119277818,0.9899439040864298,0.03443657523434922,0.568200112509405,2.3493873568870183,0.1263376154634132
1740581040.0,0.0001887514690314,0.0001979757224776,0.000176262539224,0.0001774278636753,2565.85767105775,0.46978202490414706,-0.0599921442424178,-0.5254458126718953,2.430292211357087,0.11503583715148653
1740581100.0,0.0001774278636753,0.0001941549348367,0.0001774278636753,0.0001929138780563,1835.43524400552,0.3398691425502843,0.08728062244687797,-0.27653864019248037,2.284493770462128,0.094275334295921
1740581160.0,0.0001929138780563,0.0002069161622543,0.0001856374253156,0.0001978367138516,3103.033332855,0.6062560557615175,0.02551830819482732,0.7837925832640744,2.483885808724078,0.11030174269002047
1740581220.0,0.0001978367138516,0.0002156232010709,0.0001930459563275,0.0002086434569216,2889.64512509504,0.5872917219612884,0.05462455809949562,-0.03128106287764504,2.5472703723118566,0.11412060129716618
1740581280.0,0.0002086434569216,0.0002168049544898,0.0002061691378628,0.0002071654198472,1344.14493124028,0.2794536970367483,-0.007084032714025651,-0.5241654418293187,2.68641389075933,0.05097603722601522
1740581340.0,0.0002071654198472,0.0002171358897314,0.0002060927426386,0.0002171358897314,983.96290427224,0.20874837442973704,0.048128060617230295,-0.2530126577560128,2.6673832468737775,0.05330593832187405
1740581400.0,0.0002171358897314,0.0002193842443905,0.0001991889385835,0.0002001989529223,1689.82961543848,0.3526123883352902,-0.07800155391193604,0.6891742956014087,2.7957592294687035,0.09300768211087478
1740581460.0,0.0002001989529223,0.0002096220478125,0.0002001989529223,0.0002096220478125,675.73077860834,0.13846433195828775,0.04706865222145906,-0.6073185839783215,2.5776856652065074,0.04706865222145906
1740581520.0,0.0002096220478125,0.0002148267530905,0.0002086649740469,0.0002093307744674,751.19571995561,0.1573577834799921,-0.0013895167428215154,0.13644995252204,2.699013855318353,0.029394708752733433
1740581580.0,0.0002093307744674,0.0002231182221586,0.0002057429880794,0.0002178554549882,1163.17298529408,0.24844574089619606,0.040723493917649484,0.5788589251944166,2.695263530377281,0.08300372519715635
1740581640.0,0.0002178554549882,0.0002229588976845,0.0002178554549882,0.0002229347396867,708.00901732654,0.1560417162894751,0.023314930070376785,-0.371928390776192,2.8050240783630627,0.023425820099737264
1740581700.0,0.0002229347396867,0.0002606970214663,0.0002193481493851,0.0002353792051392,5122.0083494656,1.173743926037388,0.05582111370344858,6.521988055168271,2.8704230185958206,0.18547522983322098
1740581760.0,0.0002353792051392,0.0002376185102717,0.0002272868978017,0.0002303767116139,1511.2416432175,0.351934868486114,-0.021252911965360683,-0.7001604347600231,3.0306532282938536,0.043893480156371574
1740581820.0,0.0002303767116139,0.0002359104880874,0.0002289230902116,0.0002289230902116,722.60887781034,0.16594705718781805,-0.006309758447877334,-0.5284722485678748,2.9662430220353886,0.030330313454211093
1740581880.0,0.0002289230902116,0.0002300467753177,0.0002114742904856,0.0002114742904856,1339.19029777709,0.2948879496980669,-0.07622123093774243,0.7770001752083752,2.9475267450686435,0.08112980134477882
1740581940.0,0.0002114742904856,0.0002114742904856,0.0001954350345484,0.0001975153109,1654.28333895455,0.33829234168893035,-0.0660079272688257,0.1471894393626623,2.722862628337594,0.07584494503029046
1740582000.0,0.0001975153109,0.000210807834398,0.000195810097944,0.000210807834398,1219.07591219866,0.24888845541299268,0.0672986992118797,-0.26427995924940906,2.5431321100032824,0.07593201957691872
1740582060.0,0.000210807834398,0.0002239713719782,0.000210807834398,0.0002118719790525,3346.45632628357,0.7072397678568925,0.005047936940004408,1.8415933020410098,2.7142815929304662,0.06244330348438367
1740582120.0,0.0002118719790525,0.0002181347035053,0.0002087715463609,0.0002168396800276,875.81098347819,0.18773518988375443,0.023446710590592272,-0.7345522714981971,2.727983115248994,0.044192522230983154
1740582180.0,0.0002168396800276,0.0002183146089981,0.00021650277967,0.0002167745952222,190.11924982837,0.041219210362682154,-0.0003001517314161153,-0.780439616098585,2.7919453458482595,0.008355617052512561
1740582240.0,0.0002167745952222,0.0002167745952222,0.0002118377839515,0.0002160433509636,642.27813469526,0.1389947515694245,-0.0033732931566563154,2.372086712637841,2.791107338618684,0.022773938365054345
1740582300.0,0.0002160433509636,0.0002208916161042,0.0002160433509636,0.000220168238024,765.40425491693,0.16693910312759203,0.01909286743610538,0.20104609161598444,2.7816921153338283,0.022441168029359304
1740582360.0,0.000220168238024,0.0002343531888918,0.000220168238024,0.0002274526048554,1168.97949151745,0.2616297926508867,0.03308545727020787,0.5672169536631709,2.8348025941399566,0.06442778029705512
1740582420.0,0.0002274526048554,0.0002281895018873,0.0002244012710177,0.0002261727895911,265.49368843642,0.060217339570013594,-0.005626733820496903,-0.7698376054199364,2.9285933342378487,0.01665503401030876
1740582480.0,0.0002261727895911,0.0002366326192594,0.0002251056682123,0.0002366326192594,930.95315109993,0.2154250768577322,0.046247073696223176,2.5774592234726916,2.9121149190776108,0.050965242405771646
1740582540.0,0.0002366326192594,0.0002413653777441,0.0002340178628601,0.0002407049857384,724.28991659521,0.17286540705580694,0.017209658126362673,-0.19756135368600514,3.0467917123520643,0.03105030450576021
1740582600.0,0.0002407049857384,0.0002432657411208,0.0002363508632285,0.0002432657411208,802.01248548628,0.19407528277547426,0.01063856394392697,0.12269589434293254,3.0992259561038784,0.028727605583604973
1740582660.0,0.0002432657411208,0.0002563185974486,0.0002432657411208,0.0002547364549262,686.88857967548,0.1710360105589969,0.04715301773505337,-0.1187130678723859,3.1321972696145677,0.0536567798970026
1740582720.0,0.0002547364549262,0.0002583823496404,0.0002547364549262,0.0002578415911762,161.75399948458,0.04145577450252731,0.01218960297967396,-0.7576196125772728,3.279889823018389,0.014312418359030183
1740582780.0,0.0002578415911762,0.0002668727638058,0.0002578415911762,0.0002585350052374,1211.58460084987,0.31281696622699295,0.002689302598687992,6.545799589582445,3.3198703777780563,0.03502605063986138
1740582840.0,0.0002585350052374,0.0002585350052374,0.0002262282458324,0.0002454208163827,2664.4473776204,0.6713818836761047,-0.05072500276184218,1.1462451086777763,3.328798513812322,0.12496087087059743
1740582900.0,0.0002454208163827,0.000253548511567,0.0002446443543993,0.0002446443543993,1009.91716737926,0.2474626145536954,-0.0031637983885978755,-0.631413029498605,3.159945200005576,0.036281181437417966
1740582960.0,0.0002446443543993,0.0002446443543993,0.0002372984690842,0.0002397096374369,994.29864655824,0.24079625926890727,-0.02017098238182003,-0.02693883800108978,3.149947770473741,0.030026792701336288
1740583020.0,0.0002397096374369,0.0002397096374369,0.000235185569509,0.0002364634270605,189.33884575001,0.04507902920459139,-0.01354226059123107,-0.8127918210130924,3.0864102294918614,0.018873116559991902
1740583080.0,0.0002364634270605,0.0002367121049769,0.0002069388778253,0.0002076265263008,1664.26955818029,0.36954269523645816,-0.12195078587067062,7.197663120900116,3.0446132578726415,0.12591049500429696
1740583140.0,0.0002076265263008,0.000220026074435,0.0001991536523832,0.000220026074435,1752.08546681583,0.374641953297594,0.05972044302391343,0.013798833333379699,2.67332027840281,0.10052868688638072
1740583200.0,0.000220026074435,0.0002216305698708,0.0002178807733156,0.0002178807733156,723.17569398928,0.1583417942623491,-0.009750213127734405,-0.577351674395709,2.8329721497738376,0.017042509915377136
1740583260.0,0.0002178807733156,0.0002178807733156,0.0001997052576337,0.000201773219064,1217.08251086951,0.25537676737088894,-0.07392829576691577,0.6128197142175056,2.8053500675286065,0.08341954824794384
1740583320.0,0.000201773219064,0.0002028471683241,0.0001837596207374,0.0001849370450979,1475.82713645062,0.2853587508970598,-0.08344107332083432,0.11740294089723292,2.5979553180066146,0.09459901405768646
1740583380.0,0.0001849370450979,0.00018945372221,0.0001828496865196,0.0001883426726259,946.18677761175,0.176596166630453,0.018415064035424374,-0.38114332896642716,2.3811791378325733,0.0357096420941733
1740583440.0,0.0001883426726259,0.000198506883096,0.0001883426726259,0.0001911140626599,1544.26943393284,0.2929917189009029,0.014714615627785671,0.659105769345608,2.4250287041355767,0.05396658297553689
1740583500.0,0.0001911140626599,0.0001919931696131,0.0001802117237934,0.0001802117237934,858.48729008794,0.1593892340760333,-0.05704624094513347,-0.4559940646993415,2.460712069403279,0.0616461481469621
1740583560.0,0.0001802117237934,0.0001811075019167,0.0001596502787601,0.0001605039329794,4995.99604602526,0.8511070370279041,-0.10935909384338162,4.3398025403767315,2.3203376957955015,0.11906674385512896
1740583620.0,0.0001605039329794,0.0002120301269664,0.0001599676100164,0.0001685122332977,7958.54630174318,1.3092451966691667,0.04989472949131932,0.5382850096517792,2.0665876679726654,0.32436910413081277
1740583680.0,0.0001685122332977,0.0001685122332977,0.0001466823986588,0.0001600742845165,4572.33418021934,0.7512036832805589,-0.050073211992230936,-0.4262314765853744,2.169699500636258,0.12954450968752276
1740583740.0,0.0001600742845165,0.0001634580556586,0.0001540551390096,0.0001634138702643,1568.1631700644,0.2536411051396713,0.020862724814839098,-0.6623537520050449,2.0610556775814612,0.058740956908857944
1740583800.0,0.0001634138702643,0.0001639035319454,0.000156703307636,0.000156703307636,567.71185251439,0.09086715804372893,-0.04106482893677615,-0.6417490848193098,2.104054915010905,0.044061280096693196
1740583860.0,0.000156703307636,0.0001686459879968,0.0001548154001862,0.0001686459879968,1216.02796537968,0.1978169210030329,0.0762120502812946,1.1769902928826654,2.0176522598523987,0.08825970567721855
1740583920.0,0.0001686459879968,0.000174943847831,0.0001686459879968,0.000173410553021,851.75536464707,0.14567424691226585,0.028251872936878863,-0.2635905655915431,2.171421675330438,0.03734366829004857
1740583980.0,0.000173410553021,0.0001741597297871,0.000171295163887,0.000171295163887,442.94079975616,0.076342112963875,-0.012198733566946311,-0.4759395391976662,2.2327684045942577,0.016518982554384224
1740584040.0,0.000171295163887,0.0001757543841402,0.0001696249842136,0.0001740919821834,608.92786118716,0.10515792806909294,0.016327479614339988,0.3774563473092964,2.2055314577099168,0.03578267936766419
1740584100.0,0.0001740919821834,0.0001796180460104,0.000167532479519,0.0001742676121527,2120.56918837524,0.3693603111120157,0.0010088343362934212,2.5124342776070225,2.241542227624461,0.0694205806598737
1740584160.0,0.0001742676121527,0.0001857305267941,0.0001742676121527,0.0001776937939874,1214.08243977527,0.21365508133665362,0.01966046239101414,-0.42155376495809116,2.24380357238994,0.0657776536890616
1740584220.0,0.0001776937939874,0.0001815170913548,0.0001760906755177,0.0001768066100428,849.24162217608,0.15052824909034143,-0.0049927683161682,-0.29546141309339624,2.2879177881377357,0.030538015511587167
1740584280.0,0.0001768066100428,0.0001832046263933,0.0001717356176735,0.0001728030649847,1622.08648084949,0.2835485637181457,-0.02264363904228939,0.883690041116272,2.276494744695124,0.06486753361214086
1740584340.0,0.0001728030649847,0.000181938565007,0.0001716013202328,0.0001818642263161,726.25196561675,0.12878890872358723,0.052436346150470596,-0.5457959404385959,2.224946619414579,0.059820957314126726
1740584400.0,0.0001818642263161,0.0002041626197588,0.000180844340773,0.000192336500554,2493.37310188086,0.46651101354108687,0.05758292573547716,2.622291843021472,2.341614690516521,0.12821806387183735
1740584460.0,0.000192336500554,0.0001966257970394,0.0001888233022435,0.0001951389465523,821.05646881734,0.15906961117725935,0.014570536482820052,-0.6590228171253032,2.476451715341636,0.04056689590080896
1740584520.0,0.0001951389465523,0.0001956592434573,0.0001939410936772,0.0001946956316761,105.15344484496,0.020496224410199153,-0.0022717908650858585,-0.8711493398487082,2.512534945407964,0.008804750719710937
1740584580.0,0.0001946956316761,0.0001975955821834,0.0001933213030044,0.00019648907971,376.9066513659,0.07372005981703551,0.009211547369915314,2.596762913092988,2.506826991470777,0.021953647044895146
1740584640.0,0.00019648907971,0.0001989384259824,0.0001928333395073,0.000195107012286,736.99870711535,0.14430290675623783,-0.007033812902171481,0.9574442440006236,2.5299187470508926,0.031070869099242386
1740584700.0,0.000195107012286,0.000213235303718,0.000195107012286,0.0002132157330196,1618.9354233293,0.3305240782631518,0.09281429981130117,1.290488013671728,2.5121237719264404,0.09291460732034809
1740584760.0,0.0002132157330196,0.0002266897854071,0.0002121180081529,0.000212827070648,1667.75163568332,0.35526679134387373,-0.001822859720977008,0.07485903360124543,2.7452847808571175,0.06834287999216493
1740584820.0,0.000212827070648,0.0002153828566053,0.000211094164048,0.0002137681223702,312.70141726748,0.06669846072814266,0.004421673048145403,-0.8122581047447714,2.740280511807482,0.020151066987118257
1740584880.0,0.0002137681223702,0.0002358735876763,0.0002137681223702,0.000232606135055,1997.99923061031,0.445927711449899,0.08812358211284965,5.685727175436072,2.752397136290899,0.10340861425455262
1740584940.0,0.000232606135055,0.0002342518770643,0.0002198916177856,0.0002198916177856,1139.4828247048,0.25780670878969064,-0.05466114325141791,-0.421864346686479,2.9949482313380025,0.061736373700136966
1740585000.0,0.0002198916177856,0.0002210883572638,0.0002117054877999,0.0002117054877999,595.61556843789,0.12853297768972782,-0.037228022005284835,-0.5014366449455729,2.8312409370342553,0.04267042808811627
1740585060.0,0.0002117054877999,0.0002117054877999,0.0002048411218929,0.0002048411218929,357.34380904947,0.07442517607713402,-0.03242412834138745,-0.4209643516017137,2.725839437128081,0.03242412834138745
1740585120.0,0.0002048411218929,0.0002108952471889,0.0002035316114521,0.0002085411283694,746.67043623668,0.15433015256792598,0.018062811032808813,1.0736283164178033,2.6374564693806244,0.03594803459751612
1740585180.0,0.0002085411283694,0.0002085411283694,0.0002041443716808,0.0002052817985484,269.53678645797,0.05577025094202759,-0.01562919432960293,-0.6386302351545905,2.685096347194306,0.021083403177965917
1740585240.0,0.0002052817985484,0.0002052817985484,0.0001952942632377,0.0001979743089736,733.80580237174,0.14795583577074292,-0.035597357517681116,1.652952663321185,2.643130454590299,0.04865280497990765
1740585300.0,0.0001979743089736,0.0002024304453699,0.000197759141527,0.0002001561565402,999.73204322464,0.19901189187904417,0.011020862140708076,0.3450763252583861,2.5490419948323773,0.023595505230544513
1740585360.0,0.0002001561565402,0.0002166746227365,0.0001974514566207,0.0002166746227365,1180.05008035927,0.24594059729084347,0.08252789462902368,0.23580854876914453,2.5771346352483,0.09604084354976679
1740585420.0,0.0002166746227365,0.0002270471628209,0.0002166746227365,0.0002270471628209,990.6065773769,0.21977685964929136,0.04787150407094117,-0.10638234569549938,2.7898201308708797,0.04787150407094117
1740585480.0,0.0002270471628209,0.0002284624399974,0.0002211650494381,0.0002269132075973,845.72387608688,0.19196256202995796,-0.0005899885377808224,-0.12655698904660861,2.9233730166230583,0.03214041729760067
1740585540.0,0.0002269132075973,0.0002284969240753,0.0002234736278953,0.0002235014493581,651.7920677018,0.14678835029007856,-0.0150355207408412,-0.235328239330487,2.921648260051593,0.02213752224116792
1740585600.0,0.0002235014493581,0.0002855623615448,0.0002175853333498,0.0002244174004985,7580.64355484803,1.6977565711301885,0.004098188817256637,10.566017110861557,2.8777197570401447,0.30414580482690917
1740585660.0,0.0002244174004985,0.0002244174004985,0.0002185312183817,0.0002185312183817,397.42972194974,0.08802047321978962,-0.026228724259905776,-0.9481548328443843,2.889513195967645,0.026228724259905776
1740585720.0,0.0002185312183817,0.000228054213332,0.0002185312183817,0.0002240470854244,1038.05272061516,0.22970980617558248,0.025240636479981756,1.6097315519082769,2.8137249511052507,0.04357727477484042
1740585780.0,0.0002240470854244,0.0002277845734451,0.000222099784461,0.0002277845734451,482.19955063252,0.10893651143420949,0.016681707836637437,-0.525764645193501,2.8847451597507527,0.02537318873544647
1740585840.0,0.0002277845734451,0.0002348459315834,0.0002266028078687,0.0002346863215291,650.05551937054,0.150315878913106,0.030299453468755,0.3798484726021994,2.932867635688869,0.03618824396238905
1740585900.0,0.0002346863215291,0.0002615983739325,0.0002346863215291,0.0002576332624396,3429.35618499314,0.8441696051381553,0.09777707009504889,4.615970922314531,3.0217319221464414,0.11467243692795721
1740585960.0,0.0002576332624396,0.0002591488478421,0.000251649876316,0.000251649876316,585.34286044266,0.14905262460720953,-0.023224431763746892,-0.8234328460773996,3.3171880161066007,0.02910715586601721
1740586020.0,0.000251649876316,0.0002533955379194,0.0002433597189535,0.0002533955379194,949.02796138917,0.2396511099403853,0.006936866526443017,0.6078288495216045,3.240148209379014,0.039880087019386834
1740586080.0,0.0002533955379194,0.0002742107788685,0.0002531980371185,0.0002586051573127,2862.5481766788,0.7328133282974629,0.020559238872458235,2.0578340675315663,3.2626246850333693,0.08292467153341801
1740586140.0,0.0002586051573127,0.0002586051573127,0.0002360090313738,0.0002529920402367,2120.96852160829,0.5425407758726475,-0.021705356282638793,-0.2596466863762884,3.3297017652841494,0.08737693468184479
1740586200.0,0.0002529920402367,0.0002577970883661,0.0002529920402367,0.000256806821523,602.29423728022,0.1535244583049414,0.015078661299900587,-0.7170268758914836,3.2574294021537256,0.018992882641305258
1740586260.0,0.000256806821523,0.000256806821523,0.0002240034109091,0.000224626949658,1722.28954519345,0.414584175404046,-0.12530769889271778,1.700443824921817,3.3065470768171394,0.12773574478808028
1740586320.0,0.000224626949658,0.0002365184665049,0.000224626949658,0.0002362569976923,935.85454599808,0.21566016865265902,0.051774945312692916,-0.4798157251359615,2.892211271340741,0.05293895886048002
1740586380.0,0.0002362569976923,0.0002579749466108,0.0002362569976923,0.0002579749466108,1413.83405499225,0.3493809769603779,0.09192510330121682,0.6200533419923677,3.041955351747162,0.09192510330121682
1740586440.0,0.0002579749466108,0.0002613701973257,0.000249293139933,0.0002613701973257,939.15567727925,0.2438729701976866,0.013161164522004309,-0.30198555078932243,3.321587411694209,0.04681484598161521
1740586500.0,0.0002613701973257,0.000262446339577,0.0002549851769577,0.0002601061013029,860.38581034974,0.22433540388687553,-0.004836419896889749,-0.08011370138713475,3.365303370093735,0.0285463403847931
1740586560.0,0.0002601061013029,0.0002936438593087,0.0002601061013029,0.0002867553892062,3071.5193246532,0.8398478180036765,0.10245545094794316,2.743715006424854,3.3490273499155436,0.12893875936706473
1740586620.0,0.0002867553892062,0.0003041962009881,0.0002817256216809,0.0003015723594712,2353.09613534964,0.6921958758658722,0.05167111350903119,-0.1758079725548063,3.6921534572881356,0.07836148910541262
1740586680.0,0.0003015723594712,0.0003022370924699,0.0002631853223541,0.0002631986376009,2209.53051329354,0.6239393755270108,-0.12724548741001135,-0.09860864925477754,3.8829311376724327,0.12949386404071112
1740586740.0,0.0002631986376009,0.0002631986376009,0.0002502775163122,0.0002585722205507,1708.14764961995,0.4456308324959199,-0.017577663366233922,-0.28577863495228606,3.3888456724797944,0.04909266022984845
1740586800.0,0.0002585722205507,0.0002610359266308,0.0002166704511192,0.0002214456091176,4124.61385902601,0.9899440964147284,-0.1435831403467424,1.2214443530986874,3.329277684048826,0.17157866153259477
1740586860.0,0.0002214456091176,0.0002292116065061,0.0002092809819388,0.0002261562226499,2111.17303217526,0.4724824581898967,0.02127210176381686,-0.5227180404417964,2.8512495390867656,0.09000234706264028
1740586920.0,0.0002261562226499,0.0002715710946801,0.0002261562226499,0.0002709787050309,2671.74878228153,0.664109818830397,0.19819256731391033,0.4055756088271172,2.9119016094362555,0.2008119498020811
1740586980.0,0.0002709787050309,0.0002709787050309,0.0002557558510906,0.0002593392487582,1673.28877561148,0.4436875397902743,-0.04295339839111243,-0.33190636968494364,3.489018865175934,0.05617730713771075
1740587040.0,0.0002593392487582,0.0002721611240134,0.0002463418675705,0.0002463418675705,3538.95488493576,0.8947913284256105,-0.05011729327487319,1.0167150261838938,3.3391536478659254,0.09955784389185572
1740587100.0,0.0002463418675705,0.000290989685716,0.0002457988733775,0.0002902377733972,2949.20668676272,0.7912421325613402,0.1781910085346639,-0.11572440699270693,3.171804305205966,0.1834475510971229
1740587160.0,0.0002902377733972,0.0002902377733972,0.0002616710944957,0.0002618287959629,2078.26344121944,0.5736698841102661,-0.09788173710739359,-0.2749755599424012,3.736991313225206,0.09842508977081203
1740587220.0,0.0002618287959629,0.0002652610644423,0.0002583819229328,0.0002597940185259,526.62823423688,0.13735065086595416,-0.007771404323641841,-0.7605754552045585,3.371208111931483,0.026273433692429963
1740587280.0,0.0002597940185259,0.0002660304912187,0.0002583779894884,0.0002652339726235,482.33291167602,0.12661913984125087,0.02093948940189968,-0.07813221820970177,3.3450090906345222,0.029456035107047918
1740587340.0,0.0002652339726235,0.0002666556588564,0.0002621533868975,0.0002621533868975,252.78932668758,0.06665894775842714,-0.011614597087730199,-0.4735476181405039,3.4150518730371218,0.016974718262396278
1740587400.0,0.0002621533868975,0.0002621533868975,0.0002418804342591,0.0002424293217019,1111.65866206099,0.2804618693703597,-0.07523864341036325,3.2074151903320924,3.3753874214980972,0.07733240786367016
1740587460.0,0.0002424293217019,0.000252223844955,0.0002352223209012,0.0002418354386813,2433.98178407892,0.5893458027220259,-0.0024497161334726884,1.101340207298462,3.1214278509201767,0.0701298173605654
1740587520.0,0.0002418354386813,0.0002525582248999,0.0002418354386813,0.0002525582248999,851.05104443278,0.21037712187586435,0.04433918484846578,-0.6430327985637797,3.1137812387543065,0.04433918484846578
1740587580.0,0.0002525582248999,0.0002546446604099,0.000241837857238,0.0002455739021365,1115.69736400239,0.27788235052970756,-0.027654307303466994,0.3208772325237699,3.2518437606771182,0.05070831954483329
1740587640.0,0.0002455739021365,0.000250307139014,0.0002406530759207,0.0002406530759207,764.60632910404,0.18588611240183314,-0.020038066638957495,-0.33106182509435544,3.1619162740164914,0.03931225186923103
1740587700.0,0.0002406530759207,0.0002426021781064,0.0002338778694482,0.0002359400510031,776.77225075888,0.18510215794840634,-0.01958431197926189,-0.004217391193442746,3.098557585010945,0.03625263722402969
1740587760.0,0.0002359400510031,0.0002397807698225,0.0002348654906276,0.0002348654906276,488.63421245568,0.11502584752724347,-0.0045543788387410996,-0.3785818123238482,3.0378744665803823,0.020832746174304344
1740587820.0,0.0002348654906276,0.0002454019980304,0.0002346332223454,0.000243652520732,599.79162793027,0.14350554851366495,0.037413031948284846,0.24759392431058735,3.0240388353950367,0.04585082149030924
1740587880.0,0.000243652520732,0.0002448164474089,0.0002427881690104,0.0002428511542906,125.23373252362,0.030463335554769218,-0.0032889725047475942,-0.7877201552811847,3.137177296956525,0.00832447122815101
1740587940.0,0.0002428511542906,0.0002444273818855,0.0002424677542565,0.0002424677542565,124.47446678413,0.030204906180828113,-0.0015787449527260844,-0.008483292102943931,3.126859207084317,0.008069253921087352
1740588000.0,0.0002424677542565,0.0002424677542565,0.0002073237268087,0.0002107339518197,3282.31643191078,0.7437757034119554,-0.13087844416305228,23.624334171382078,3.1219226938932474,0.14494309792065008
1740588060.0,0.0002107339518197,0.0002119274443589,0.0002068373325411,0.000209332577426,736.78211703766,0.15474875335715446,-0.006649969696857267,-0.791941639600126,2.7133303089191743,0.024154208535675473
1740588120.0,0.000209332577426,0.0002104013144419,0.000121982618257,0.0001590588256863,11173.39967111844,2.058092191188917,-0.24016210165602153,12.299572025881949,2.6952867445872974,0.4223838318531973
1740588180.0,0.0001590588256863,0.0001602192579584,0.0001588497287293,0.0001594051815521,230.87662061563,0.03676294688945666,0.002177533150427685,-0.9821373663206897,2.0479810154415956,0.008610205835424845
