0,1,2,3,4,5
1736103480.0,9.72765397930594e-05,0.0002671290581687,6.921712643212e-05,0.0002595799014357,36608.4160019536
1736103540.0,0.0002595799014357,0.0002730907605049,5.09276031138206e-06,5.84179742022974e-06,44451.23256795736
1736103600.0,5.84179742022974e-06,6.44472012437132e-06,5.78203078632266e-06,6.36696465878984e-06,963.49357875031
1736103660.0,6.36696465878984e-06,6.50215747742192e-06,5.43220102693507e-06,5.74591058334427e-06,628.90587373894
1736103720.0,5.74591058334427e-06,5.84670493341786e-06,5.67895572810588e-06,5.8466775228e-06,137.1487890759
1736103780.0,5.8466775228e-06,5.8466775228e-06,5.6625812530705e-06,5.70566348779772e-06,146.09705791417
1736103840.0,5.70566348779772e-06,5.70566348779772e-06,5.64813325487972e-06,5.64813325487972e-06,12.48091825196
1736103900.0,5.64813325487972e-06,5.64813325487972e-06,5.29263556897054e-06,5.29263556897054e-06,169.24068874902
1736103960.0,5.29263556897054e-06,5.29263556897054e-06,5.08261485436424e-06,5.08261485436424e-06,82.82548457985
1736104020.0,5.08261485436424e-06,5.12090591242487e-06,5.07423113614763e-06,5.09857740589234e-06,45.34243471557
1736104080.0,5.09857740589234e-06,5.11525242518755e-06,5.09857740589234e-06,5.11525242518755e-06,10.636
1736104140.0,5.11525242518755e-06,5.11525242518755e-06,5.11525242518755e-06,5.11525242518755e-06,0.0
1736104200.0,5.11525242518755e-06,5.11525242518755e-06,5.09312150932139e-06,5.09312150932139e-06,10.58998381124
1736104260.0,5.09312150932139e-06,5.09312150932139e-06,5.09312150932139e-06,5.09312150932139e-06,0.0
1736104320.0,5.09312150932139e-06,5.09312150932139e-06,5.06601541987502e-06,5.06601541987502e-06,12.58758173107
1736104380.0,5.06601541987502e-06,5.06601541987502e-06,5.00958593124399e-06,5.00958593124399e-06,35.1798358166
1736104440.0,5.00958593124399e-06,5.00958593124399e-06,5.00958593124399e-06,5.00958593124399e-06,0.0
1736104500.0,5.00958593124399e-06,5.00958593124399e-06,4.96616575938038e-06,4.96616575938038e-06,1.9489158446
1736104560.0,4.96616575938038e-06,4.96616575938038e-06,4.96616575938038e-06,4.96616575938038e-06,0.0
1736104620.0,4.96616575938038e-06,4.96616575938038e-06,4.96616575938038e-06,4.96616575938038e-06,0.0
1736104680.0,4.96616575938038e-06,4.96616575938038e-06,4.96616575938038e-06,4.96616575938038e-06,0.0
1736104740.0,4.96616575938038e-06,4.96616575938038e-06,4.96616575938038e-06,4.96616575938038e-06,0.0
1736104800.0,4.96616575938038e-06,4.96616575938038e-06,4.96616575938038e-06,4.96616575938038e-06,0.0
1736104860.0,4.96616575938038e-06,4.96616575938038e-06,4.95964731835639e-06,4.95964731835639e-06,3.74439539408
1736104920.0,4.95964731835639e-06,4.95964731835639e-06,4.95253549535835e-06,4.95253549535835e-06,1.86011415954
1736104980.0,4.95253549535835e-06,4.95253549535835e-06,4.95253549535835e-06,4.95253549535835e-06,0.0
1736105040.0,4.95253549535835e-06,4.95253549535835e-06,4.95253549535835e-06,4.95253549535835e-06,0.0
1736105100.0,4.95253549535835e-06,4.95253549535835e-06,4.94527897862705e-06,4.94527897862705e-06,3.28547154791
1736105160.0,4.94527897862705e-06,4.94527897862705e-06,4.94527897862705e-06,4.94527897862705e-06,0.0
1736105220.0,4.94527897862705e-06,4.94527897862705e-06,4.94527897862705e-06,4.94527897862705e-06,0.0
1736105280.0,4.94527897862705e-06,4.94527897862705e-06,4.94527897862705e-06,4.94527897862705e-06,0.0
1736105340.0,4.94527897862705e-06,4.94527897862705e-06,4.94527897862705e-06,4.94527897862705e-06,0.0
1736105400.0,4.94527897862705e-06,4.94527897862705e-06,4.90896990469349e-06,4.90896990469349e-06,30.162725973
1736105460.0,4.90896990469349e-06,4.90896990469349e-06,4.90896990469349e-06,4.90896990469349e-06,0.0
1736105520.0,4.90896990469349e-06,4.90896990469349e-06,4.90896990469349e-06,4.90896990469349e-06,0.0
1736105580.0,4.90896990469349e-06,4.90896990469349e-06,4.85051651567359e-06,4.85051651567359e-06,18.77844822532
1736105640.0,4.85051651567359e-06,4.85051651567359e-06,4.82146229166443e-06,4.82146229166443e-06,3.90423282432
1736105700.0,4.82146229166443e-06,4.82146229166443e-06,4.82146229166443e-06,4.82146229166443e-06,0.0
1736105760.0,4.82146229166443e-06,4.82146229166443e-06,4.82146229166443e-06,4.82146229166443e-06,0.0
1736105820.0,4.82146229166443e-06,4.82146229166443e-06,4.82146229166443e-06,4.82146229166443e-06,0.0
1736105880.0,4.82146229166443e-06,4.88017607957143e-06,4.82146229166443e-06,4.88017607957143e-06,33.60989018212
1736105940.0,4.88017607957143e-06,4.88017607957143e-06,4.85600158734242e-06,4.85600158734242e-06,33.44339987198
1736106000.0,4.85600158734242e-06,4.85600158734242e-06,4.85600158734242e-06,4.85600158734242e-06,0.0
1736106060.0,4.85600158734242e-06,4.85600158734242e-06,4.85600158734242e-06,4.85600158734242e-06,0.0
1736106120.0,4.85600158734242e-06,4.85600158734242e-06,4.85600158734242e-06,4.85600158734242e-06,0.0
1736106180.0,4.85600158734242e-06,4.85600158734242e-06,4.85600158734242e-06,4.85600158734242e-06,0.0
1736106240.0,4.85600158734242e-06,4.85600158734242e-06,4.85600158734242e-06,4.85600158734242e-06,0.0
1736106300.0,4.85600158734242e-06,4.85600158734242e-06,4.85600158734242e-06,4.85600158734242e-06,0.0
1736106360.0,4.85600158734242e-06,4.85600158734242e-06,4.85600158734242e-06,4.85600158734242e-06,0.0
1736106420.0,4.85600158734242e-06,4.85600158734242e-06,4.85600158734242e-06,4.85600158734242e-06,0.0
1736106480.0,4.85600158734242e-06,4.85600158734242e-06,4.85600158734242e-06,4.85600158734242e-06,0.0
1736106540.0,4.85600158734242e-06,4.85600158734242e-06,4.85600158734242e-06,4.85600158734242e-06,0.0
1736106600.0,4.85600158734242e-06,4.85600158734242e-06,4.85600158734242e-06,4.85600158734242e-06,0.0
1736106660.0,4.85600158734242e-06,4.85600158734242e-06,4.85600158734242e-06,4.85600158734242e-06,0.0
1736106720.0,4.85600158734242e-06,4.85600158734242e-06,4.85600158734242e-06,4.85600158734242e-06,0.0
1736106780.0,4.85600158734242e-06,4.85600158734242e-06,4.85600158734242e-06,4.85600158734242e-06,0.0
1736106840.0,4.85600158734242e-06,4.85600158734242e-06,4.80071905701997e-06,4.80071905701997e-06,10.5321714612
1736106900.0,4.80071905701997e-06,4.80071905701997e-06,4.80071905701997e-06,4.80071905701997e-06,0.0
1736106960.0,4.80071905701997e-06,4.80071905701997e-06,4.70912679942802e-06,4.70912679942802e-06,68.29335093219
1736107020.0,4.70912679942802e-06,4.70912679942802e-06,4.70912679942802e-06,4.70912679942802e-06,0.0
1736107080.0,4.70912679942802e-06,4.70912679942802e-06,4.63062477637123e-06,4.63062477637123e-06,0.0100462933
1736107140.0,4.63062477637123e-06,4.63064000029638e-06,4.63062477637123e-06,4.63064000029638e-06,0.04961843628
1736107200.0,4.63064000029638e-06,4.63064000029638e-06,4.61311715423963e-06,4.61311715423963e-06,15.64447202031
1736107260.0,4.61311715423963e-06,4.61311715423963e-06,4.61311715423963e-06,4.61311715423963e-06,0.0
1736107320.0,4.61311715423963e-06,4.61311715423963e-06,4.61311715423963e-06,4.61311715423963e-06,0.0
1736107380.0,4.61311715423963e-06,4.61311715423963e-06,4.61311715423963e-06,4.61311715423963e-06,0.0
1736107440.0,4.61311715423963e-06,4.61311715423963e-06,4.61311715423963e-06,4.61311715423963e-06,0.0
1736107500.0,4.61311715423963e-06,4.61311715423963e-06,4.61311715423963e-06,4.61311715423963e-06,0.0
1736107560.0,4.61311715423963e-06,4.61311715423963e-06,4.61311715423963e-06,4.61311715423963e-06,0.0
1736107620.0,4.61311715423963e-06,4.61311715423963e-06,4.61311715423963e-06,4.61311715423963e-06,0.0
1736107680.0,4.61311715423963e-06,4.61311715423963e-06,4.61311715423963e-06,4.61311715423963e-06,0.0
1736107740.0,4.61311715423963e-06,4.61311715423963e-06,4.61311715423963e-06,4.61311715423963e-06,0.0
1736107800.0,4.61311715423963e-06,4.61311715423963e-06,4.61311715423963e-06,4.61311715423963e-06,0.0
1736107860.0,4.61311715423963e-06,4.61311715423963e-06,4.61311715423963e-06,4.61311715423963e-06,0.0
1736107920.0,4.61311715423963e-06,4.61311715423963e-06,4.61311715423963e-06,4.61311715423963e-06,0.0
1736107980.0,4.61311715423963e-06,4.61311715423963e-06,4.61311715423963e-06,4.61311715423963e-06,0.0
1736108040.0,4.61311715423963e-06,4.61311715423963e-06,4.58131678055009e-06,4.58131678055009e-06,16.93171043774
1736108100.0,4.58131678055009e-06,4.58131678055009e-06,4.58131678055009e-06,4.58131678055009e-06,0.0
1736108160.0,4.58131678055009e-06,4.58131678055009e-06,4.58131678055009e-06,4.58131678055009e-06,0.0
1736108220.0,4.58131678055009e-06,4.58131678055009e-06,4.58131678055009e-06,4.58131678055009e-06,0.0
1736108280.0,4.58131678055009e-06,4.61048293219594e-06,4.58131678055009e-06,4.61048293219594e-06,21.304
1736108340.0,4.61048293219594e-06,4.65388481765613e-06,4.61048293219594e-06,4.64012202471096e-06,14.7668521184
1736108400.0,4.64012202471096e-06,4.64106465192933e-06,4.64012202471096e-06,4.64106465192933e-06,10.6381139874
1736108460.0,4.64106465192933e-06,4.64106465192933e-06,4.62878364443521e-06,4.62878364443521e-06,0.0934784241
1736108520.0,4.62878364443521e-06,4.62878364443521e-06,4.62878364443521e-06,4.62878364443521e-06,0.0
1736108580.0,4.62878364443521e-06,4.62878364443521e-06,4.62878364443521e-06,4.62878364443521e-06,0.0
1736108640.0,4.62878364443521e-06,4.62878364443521e-06,4.62878364443521e-06,4.62878364443521e-06,0.0
1736108700.0,4.62878364443521e-06,4.62878364443521e-06,4.62878364443521e-06,4.62878364443521e-06,0.0
1736108760.0,4.62878364443521e-06,4.62878364443521e-06,4.62878364443521e-06,4.62878364443521e-06,0.0
1736108820.0,4.62878364443521e-06,4.62878364443521e-06,4.62878364443521e-06,4.62878364443521e-06,0.0
1736108880.0,4.62878364443521e-06,4.62878364443521e-06,4.62878364443521e-06,4.62878364443521e-06,0.0
1736108940.0,4.62878364443521e-06,4.62878364443521e-06,4.62878364443521e-06,4.62878364443521e-06,0.0
1736109000.0,4.62878364443521e-06,4.62878364443521e-06,4.62878364443521e-06,4.62878364443521e-06,0.0
1736109060.0,4.62878364443521e-06,4.62878364443521e-06,4.62878364443521e-06,4.62878364443521e-06,0.0
1736109120.0,4.62878364443521e-06,4.62878364443521e-06,4.62878364443521e-06,4.62878364443521e-06,0.0
1736109180.0,4.62878364443521e-06,4.62878364443521e-06,4.62878364443521e-06,4.62878364443521e-06,0.0
1736109240.0,4.62878364443521e-06,4.62878364443521e-06,4.62878364443521e-06,4.62878364443521e-06,0.0
1736109300.0,4.62878364443521e-06,4.62878364443521e-06,4.62878364443521e-06,4.62878364443521e-06,0.0
1736109360.0,4.62878364443521e-06,4.62878364443521e-06,4.62878364443521e-06,4.62878364443521e-06,0.0
1736109420.0,4.62878364443521e-06,4.62878364443521e-06,4.62878364443521e-06,4.62878364443521e-06,0.0
1736109480.0,4.62878364443521e-06,4.62878364443521e-06,4.62878364443521e-06,4.62878364443521e-06,0.0
1736109540.0,4.62878364443521e-06,4.62878364443521e-06,4.62878364443521e-06,4.62878364443521e-06,0.0
1736109600.0,4.62878364443521e-06,4.62878364443521e-06,4.62878364443521e-06,4.62878364443521e-06,0.0
1736109660.0,4.62878364443521e-06,4.62878364443521e-06,4.62878364443521e-06,4.62878364443521e-06,0.0
1736109720.0,4.62878364443521e-06,4.62878364443521e-06,4.62878364443521e-06,4.62878364443521e-06,0.0
1736109780.0,4.62878364443521e-06,4.62878364443521e-06,4.62878364443521e-06,4.62878364443521e-06,0.0
1736109840.0,4.62878364443521e-06,4.62878364443521e-06,4.62878364443521e-06,4.62878364443521e-06,0.0
1736109900.0,4.62878364443521e-06,4.62878364443521e-06,4.62878364443521e-06,4.62878364443521e-06,0.0
1736109960.0,4.62878364443521e-06,4.62878364443521e-06,4.62878364443521e-06,4.62878364443521e-06,0.0
1736110020.0,4.62878364443521e-06,4.62878364443521e-06,4.62878364443521e-06,4.62878364443521e-06,0.0
1736110080.0,4.62878364443521e-06,4.62878364443521e-06,4.62878364443521e-06,4.62878364443521e-06,0.0
1736110140.0,4.62878364443521e-06,4.62878364443521e-06,4.62878364443521e-06,4.62878364443521e-06,0.0
1736110200.0,4.62878364443521e-06,4.62878364443521e-06,4.62878364443521e-06,4.62878364443521e-06,0.0
1736110260.0,4.62878364443521e-06,4.62878364443521e-06,4.62878364443521e-06,4.62878364443521e-06,0.0
1736110320.0,4.62878364443521e-06,4.62878364443521e-06,4.62878364443521e-06,4.62878364443521e-06,0.0
1736110380.0,4.62878364443521e-06,4.62878364443521e-06,4.62878364443521e-06,4.62878364443521e-06,0.0
1736110440.0,4.62878364443521e-06,4.62878364443521e-06,4.62878364443521e-06,4.62878364443521e-06,0.0
1736110500.0,4.62878364443521e-06,4.62878364443521e-06,4.62878364443521e-06,4.62878364443521e-06,0.0
1736110560.0,4.62878364443521e-06,4.62878364443521e-06,4.62878364443521e-06,4.62878364443521e-06,0.0
1736110620.0,4.62878364443521e-06,4.62878364443521e-06,4.62878364443521e-06,4.62878364443521e-06,0.0
1736110680.0,4.62878364443521e-06,4.62878364443521e-06,4.62878364443521e-06,4.62878364443521e-06,0.0
1736110740.0,4.62878364443521e-06,4.62878364443521e-06,4.62878364443521e-06,4.62878364443521e-06,0.0
1736110800.0,4.62878364443521e-06,4.62878364443521e-06,4.62878364443521e-06,4.62878364443521e-06,0.0
1736110860.0,4.62878364443521e-06,4.62878364443521e-06,4.62878364443521e-06,4.62878364443521e-06,0.0
1736110920.0,4.62878364443521e-06,4.62878364443521e-06,4.62878364443521e-06,4.62878364443521e-06,0.0
1736110980.0,4.62878364443521e-06,4.62878364443521e-06,4.59907218015025e-06,4.59907218015025e-06,0.96203161782
1736111040.0,4.59907218015025e-06,4.59907218015025e-06,4.59907218015025e-06,4.59907218015025e-06,0.0
1736111100.0,4.59907218015025e-06,4.59907218015025e-06,4.59907218015025e-06,4.59907218015025e-06,0.0
1736111160.0,4.59907218015025e-06,4.59907218015025e-06,4.59907218015025e-06,4.59907218015025e-06,0.0
1736111220.0,4.59907218015025e-06,4.59907218015025e-06,4.59907218015025e-06,4.59907218015025e-06,0.0
1736111280.0,4.59907218015025e-06,4.59907218015025e-06,4.59907218015025e-06,4.59907218015025e-06,0.0
1736111340.0,4.59907218015025e-06,4.59907218015025e-06,4.59907218015025e-06,4.59907218015025e-06,0.0
1736111400.0,4.59907218015025e-06,4.59907218015025e-06,4.59907218015025e-06,4.59907218015025e-06,0.0
1736111460.0,4.59907218015025e-06,4.59907218015025e-06,4.59907218015025e-06,4.59907218015025e-06,0.0
1736111520.0,4.59907218015025e-06,4.59907218015025e-06,4.59907218015025e-06,4.59907218015025e-06,0.0
1736111580.0,4.59907218015025e-06,4.59907218015025e-06,4.59907218015025e-06,4.59907218015025e-06,0.0
1736111640.0,4.59907218015025e-06,4.59907218015025e-06,4.59907218015025e-06,4.59907218015025e-06,0.0
1736111700.0,4.59907218015025e-06,4.59907218015025e-06,4.59907218015025e-06,4.59907218015025e-06,0.0
1736111760.0,4.59907218015025e-06,4.59907218015025e-06,4.59907218015025e-06,4.59907218015025e-06,0.0
1736111820.0,4.59907218015025e-06,4.59907218015025e-06,4.59907218015025e-06,4.59907218015025e-06,0.0
1736111880.0,4.59907218015025e-06,4.59907218015025e-06,4.59907218015025e-06,4.59907218015025e-06,0.0
1736111940.0,4.59907218015025e-06,4.59907218015025e-06,4.59907218015025e-06,4.59907218015025e-06,0.0
1736112000.0,4.59907218015025e-06,4.59907218015025e-06,4.59907218015025e-06,4.59907218015025e-06,0.0
1736112060.0,4.59907218015025e-06,4.59907218015025e-06,4.59907218015025e-06,4.59907218015025e-06,0.0
1736112120.0,4.59907218015025e-06,4.59907218015025e-06,4.59907218015025e-06,4.59907218015025e-06,0.0
1736112180.0,4.59907218015025e-06,4.59907218015025e-06,4.59907218015025e-06,4.59907218015025e-06,0.0
1736112240.0,4.59907218015025e-06,4.59907218015025e-06,4.59907218015025e-06,4.59907218015025e-06,0.0
1736112300.0,4.59907218015025e-06,4.59907218015025e-06,4.59907218015025e-06,4.59907218015025e-06,0.0
1736112360.0,4.59907218015025e-06,4.59907218015025e-06,4.59907218015025e-06,4.59907218015025e-06,0.0
1736112420.0,4.59907218015025e-06,4.60479534173726e-06,4.59907218015025e-06,4.60479534173726e-06,3.29569962085
1736112480.0,4.60479534173726e-06,4.60479534173726e-06,4.60479534173726e-06,4.60479534173726e-06,0.0
1736112540.0,4.60479534173726e-06,4.60479534173726e-06,4.60479534173726e-06,4.60479534173726e-06,0.0
1736112600.0,4.60479534173726e-06,4.60479534173726e-06,4.60479534173726e-06,4.60479534173726e-06,0.0
1736112660.0,4.60479534173726e-06,4.60479534173726e-06,4.60479534173726e-06,4.60479534173726e-06,0.0
1736112720.0,4.60479534173726e-06,4.60479534173726e-06,4.60479534173726e-06,4.60479534173726e-06,0.0
1736112780.0,4.60479534173726e-06,4.60479534173726e-06,4.60479534173726e-06,4.60479534173726e-06,0.0
1736112840.0,4.60479534173726e-06,4.60479534173726e-06,4.60479534173726e-06,4.60479534173726e-06,0.0
1736112900.0,4.60479534173726e-06,4.60479534173726e-06,4.60479534173726e-06,4.60479534173726e-06,0.0
1736112960.0,4.60479534173726e-06,4.60479534173726e-06,4.60479534173726e-06,4.60479534173726e-06,0.0
1736113020.0,4.60479534173726e-06,4.60479534173726e-06,4.60479534173726e-06,4.60479534173726e-06,0.0
1736113080.0,4.60479534173726e-06,4.60479534173726e-06,4.60479534173726e-06,4.60479534173726e-06,0.0
1736113140.0,4.60479534173726e-06,4.60479534173726e-06,4.60479534173726e-06,4.60479534173726e-06,0.0
1736113200.0,4.60479534173726e-06,4.60479534173726e-06,4.60479534173726e-06,4.60479534173726e-06,0.0
1736113260.0,4.60479534173726e-06,4.60479534173726e-06,4.60479534173726e-06,4.60479534173726e-06,0.0
1736113320.0,4.60479534173726e-06,4.60479534173726e-06,4.60479534173726e-06,4.60479534173726e-06,0.0
1736113380.0,4.60479534173726e-06,4.60479534173726e-06,4.60479534173726e-06,4.60479534173726e-06,0.0
1736113440.0,4.60479534173726e-06,4.60479534173726e-06,4.60479534173726e-06,4.60479534173726e-06,0.0
1736113500.0,4.60479534173726e-06,4.60479534173726e-06,4.60479534173726e-06,4.60479534173726e-06,0.0
1736113560.0,4.60479534173726e-06,4.60479534173726e-06,4.60479534173726e-06,4.60479534173726e-06,0.0
1736113620.0,4.60479534173726e-06,4.60479534173726e-06,4.60479534173726e-06,4.60479534173726e-06,0.0
1736113680.0,4.60479534173726e-06,4.60479534173726e-06,4.58840562802717e-06,4.58840562802717e-06,12.02648716944
1736113740.0,4.58840562802717e-06,4.58840562802717e-06,4.58840562802717e-06,4.58840562802717e-06,0.0
1736113800.0,4.58840562802717e-06,4.58840562802717e-06,4.58840562802717e-06,4.58840562802717e-06,0.0
1736113860.0,4.58840562802717e-06,4.58840562802717e-06,4.58840562802717e-06,4.58840562802717e-06,0.0
1736113920.0,4.58840562802717e-06,4.58840562802717e-06,4.58840562802717e-06,4.58840562802717e-06,0.0
1736113980.0,4.58840562802717e-06,4.58840562802717e-06,4.58840562802717e-06,4.58840562802717e-06,0.0
1736114040.0,4.58840562802717e-06,4.58840562802717e-06,4.58840562802717e-06,4.58840562802717e-06,0.0
1736114100.0,4.58840562802717e-06,4.58840562802717e-06,4.58840562802717e-06,4.58840562802717e-06,0.0
1736114160.0,4.58840562802717e-06,4.58840562802717e-06,4.58840562802717e-06,4.58840562802717e-06,0.0
1736114220.0,4.58840562802717e-06,4.58840562802717e-06,4.58840562802717e-06,4.58840562802717e-06,0.0
1736114280.0,4.58840562802717e-06,4.58840562802717e-06,4.58840562802717e-06,4.58840562802717e-06,0.0
1736114340.0,4.58840562802717e-06,4.58840562802717e-06,4.58840562802717e-06,4.58840562802717e-06,0.0
1736114400.0,4.58840562802717e-06,4.58840562802717e-06,4.58840562802717e-06,4.58840562802717e-06,0.0
1736114460.0,4.58840562802717e-06,4.58840562802717e-06,4.58840562802717e-06,4.58840562802717e-06,0.0
1736114520.0,4.58840562802717e-06,4.58840562802717e-06,4.58840562802717e-06,4.58840562802717e-06,0.0
1736114580.0,4.58840562802717e-06,4.58840562802717e-06,4.58840562802717e-06,4.58840562802717e-06,0.0
1736114640.0,4.58840562802717e-06,4.58840562802717e-06,4.58840562802717e-06,4.58840562802717e-06,0.0
1736114700.0,4.58840562802717e-06,4.58840562802717e-06,4.55628602050341e-06,4.55628602050341e-06,15.0857026113
1736114760.0,4.55628602050341e-06,4.55628602050341e-06,4.52067258013015e-06,4.52067258013015e-06,16.90813758375
1736114820.0,4.52067258013015e-06,4.52067258013015e-06,4.52067258013015e-06,4.52067258013015e-06,0.0
1736114880.0,4.52067258013015e-06,4.52067258013015e-06,4.52067258013015e-06,4.52067258013015e-06,0.0
1736114940.0,4.52067258013015e-06,4.52067258013015e-06,4.52067258013015e-06,4.52067258013015e-06,0.0
1736115000.0,4.52067258013015e-06,4.52067258013015e-06,4.52067258013015e-06,4.52067258013015e-06,0.0
1736115060.0,4.52067258013015e-06,4.52067258013015e-06,4.52067258013015e-06,4.52067258013015e-06,0.0
1736115120.0,4.52067258013015e-06,4.52067258013015e-06,4.52067258013015e-06,4.52067258013015e-06,0.0
1736115180.0,4.52067258013015e-06,4.52067258013015e-06,4.52067258013015e-06,4.52067258013015e-06,0.0
1736115240.0,4.52067258013015e-06,4.52067258013015e-06,4.52067258013015e-06,4.52067258013015e-06,0.0
1736115300.0,4.52067258013015e-06,4.52067258013015e-06,4.52067258013015e-06,4.52067258013015e-06,0.0
1736115360.0,4.52067258013015e-06,4.52067258013015e-06,4.52067258013015e-06,4.52067258013015e-06,0.0
1736115420.0,4.52067258013015e-06,4.52067258013015e-06,4.52067258013015e-06,4.52067258013015e-06,0.0
1736115480.0,4.52067258013015e-06,4.52067258013015e-06,4.52067258013015e-06,4.52067258013015e-06,0.0
1736115540.0,4.52067258013015e-06,4.52067258013015e-06,4.52067258013015e-06,4.52067258013015e-06,0.0
1736115600.0,4.52067258013015e-06,4.52067258013015e-06,4.52067258013015e-06,4.52067258013015e-06,0.0
1736115660.0,4.52067258013015e-06,4.52067258013015e-06,4.52067258013015e-06,4.52067258013015e-06,0.0
1736115720.0,4.52067258013015e-06,4.52067258013015e-06,4.52067258013015e-06,4.52067258013015e-06,0.0
1736115780.0,4.52067258013015e-06,4.52067258013015e-06,4.52067258013015e-06,4.52067258013015e-06,0.0
1736115840.0,4.52067258013015e-06,4.52067258013015e-06,4.52067258013015e-06,4.52067258013015e-06,0.0
1736115900.0,4.52067258013015e-06,4.52067258013015e-06,4.52067258013015e-06,4.52067258013015e-06,0.0
1736115960.0,4.52067258013015e-06,4.52067258013015e-06,4.52067258013015e-06,4.52067258013015e-06,0.0
1736116020.0,4.52067258013015e-06,4.52067258013015e-06,4.52067258013015e-06,4.52067258013015e-06,0.0
1736116080.0,4.52067258013015e-06,4.52067258013015e-06,4.52067258013015e-06,4.52067258013015e-06,0.0
1736116140.0,4.52067258013015e-06,4.52067258013015e-06,4.52067258013015e-06,4.52067258013015e-06,0.0
1736116200.0,4.52067258013015e-06,4.52067258013015e-06,4.52067258013015e-06,4.52067258013015e-06,0.0
1736116260.0,4.52067258013015e-06,4.52067258013015e-06,4.52067258013015e-06,4.52067258013015e-06,0.0
1736116320.0,4.52067258013015e-06,4.52067258013015e-06,4.52067258013015e-06,4.52067258013015e-06,0.0
1736116380.0,4.52067258013015e-06,4.52067258013015e-06,4.52067258013015e-06,4.52067258013015e-06,0.0
1736116440.0,4.52067258013015e-06,4.52067258013015e-06,4.52067258013015e-06,4.52067258013015e-06,0.0
1736116500.0,4.52067258013015e-06,4.52067258013015e-06,4.52067258013015e-06,4.52067258013015e-06,0.0
1736116560.0,4.52067258013015e-06,4.52067258013015e-06,4.52067258013015e-06,4.52067258013015e-06,0.0
1736116620.0,4.52067258013015e-06,4.52067258013015e-06,4.52067258013015e-06,4.52067258013015e-06,0.0
1736116680.0,4.52067258013015e-06,4.52067258013015e-06,4.52067258013015e-06,4.52067258013015e-06,0.0
1736116740.0,4.52067258013015e-06,4.52067258013015e-06,4.52067258013015e-06,4.52067258013015e-06,0.0
1736116800.0,4.52067258013015e-06,4.52067258013015e-06,4.52067258013015e-06,4.52067258013015e-06,0.0
1736116860.0,4.52067258013015e-06,4.52067258013015e-06,4.52067258013015e-06,4.52067258013015e-06,0.0
1736116920.0,4.52067258013015e-06,4.52067258013015e-06,4.52067258013015e-06,4.52067258013015e-06,0.0
1736116980.0,4.52067258013015e-06,4.52067258013015e-06,4.52067258013015e-06,4.52067258013015e-06,0.0
1736117040.0,4.52067258013015e-06,4.52067258013015e-06,4.52067258013015e-06,4.52067258013015e-06,0.0
1736117100.0,4.52067258013015e-06,4.52067258013015e-06,4.52067258013015e-06,4.52067258013015e-06,0.0
1736117160.0,4.52067258013015e-06,4.52067258013015e-06,4.52067258013015e-06,4.52067258013015e-06,0.0
1736117220.0,4.52067258013015e-06,4.52067258013015e-06,4.52067258013015e-06,4.52067258013015e-06,0.0
1736117280.0,4.52067258013015e-06,4.52067258013015e-06,4.52067258013015e-06,4.52067258013015e-06,0.0
1736117340.0,4.52067258013015e-06,4.52067258013015e-06,4.52067258013015e-06,4.52067258013015e-06,0.0
1736117400.0,4.52067258013015e-06,4.52067258013015e-06,4.52067258013015e-06,4.52067258013015e-06,0.0
1736117460.0,4.52067258013015e-06,4.52067258013015e-06,4.52067258013015e-06,4.52067258013015e-06,0.0
1736117520.0,4.52067258013015e-06,4.52067258013015e-06,4.52067258013015e-06,4.52067258013015e-06,0.0
1736117580.0,4.52067258013015e-06,4.52067258013015e-06,4.52067258013015e-06,4.52067258013015e-06,0.0
1736117640.0,4.52067258013015e-06,4.52067258013015e-06,4.52067258013015e-06,4.52067258013015e-06,0.0
1736117700.0,4.52067258013015e-06,4.52067258013015e-06,4.52067258013015e-06,4.52067258013015e-06,0.0
1736117760.0,4.52067258013015e-06,4.52067258013015e-06,4.52067258013015e-06,4.52067258013015e-06,0.0
1736117820.0,4.52067258013015e-06,4.52067258013015e-06,4.52067258013015e-06,4.52067258013015e-06,0.0
1736117880.0,4.52067258013015e-06,4.52067258013015e-06,4.52067258013015e-06,4.52067258013015e-06,0.0
1736117940.0,4.52067258013015e-06,4.52067258013015e-06,4.52067258013015e-06,4.52067258013015e-06,0.0
1736118000.0,4.52067258013015e-06,4.52067258013015e-06,4.52067258013015e-06,4.52067258013015e-06,0.0
1736118060.0,4.52067258013015e-06,4.52067258013015e-06,4.52067258013015e-06,4.52067258013015e-06,0.0
1736118120.0,4.52067258013015e-06,4.52067258013015e-06,4.52067258013015e-06,4.52067258013015e-06,0.0
1736118180.0,4.52067258013015e-06,4.52067258013015e-06,4.52067258013015e-06,4.52067258013015e-06,0.0
1736118240.0,4.52067258013015e-06,4.52067258013015e-06,4.52067258013015e-06,4.52067258013015e-06,0.0
1736118300.0,4.52067258013015e-06,4.52067258013015e-06,4.52067258013015e-06,4.52067258013015e-06,0.0
1736118360.0,4.52067258013015e-06,4.52067258013015e-06,4.52067258013015e-06,4.52067258013015e-06,0.0
1736118420.0,4.52067258013015e-06,4.52067258013015e-06,4.52067258013015e-06,4.52067258013015e-06,0.0
1736118480.0,4.52067258013015e-06,4.52067258013015e-06,4.52067258013015e-06,4.52067258013015e-06,0.0
1736118540.0,4.52067258013015e-06,4.52067258013015e-06,4.52067258013015e-06,4.52067258013015e-06,0.0
1736118600.0,4.52067258013015e-06,4.52067258013015e-06,4.52067258013015e-06,4.52067258013015e-06,0.0
1736118660.0,4.52067258013015e-06,4.52067258013015e-06,4.52067258013015e-06,4.52067258013015e-06,0.0
1736118720.0,4.52067258013015e-06,4.52067258013015e-06,4.52067258013015e-06,4.52067258013015e-06,0.0
1736118780.0,4.52067258013015e-06,4.52067258013015e-06,4.52067258013015e-06,4.52067258013015e-06,0.0
1736118840.0,4.52067258013015e-06,4.52067258013015e-06,4.52067258013015e-06,4.52067258013015e-06,0.0
1736118900.0,4.52067258013015e-06,4.52067258013015e-06,4.52067258013015e-06,4.52067258013015e-06,0.0
1736118960.0,4.52067258013015e-06,4.52067258013015e-06,4.52067258013015e-06,4.52067258013015e-06,0.0
1736119020.0,4.52067258013015e-06,4.52067258013015e-06,4.52067258013015e-06,4.52067258013015e-06,0.0
1736119080.0,4.52067258013015e-06,4.52067258013015e-06,4.50510526086974e-06,4.50510526086974e-06,6.78123761224
1736119140.0,4.50510526086974e-06,4.50510526086974e-06,4.50510526086974e-06,4.50510526086974e-06,0.0
1736119200.0,4.50510526086974e-06,4.50510526086974e-06,4.50510526086974e-06,4.50510526086974e-06,0.0
1736119260.0,4.50510526086974e-06,4.50510526086974e-06,4.50510526086974e-06,4.50510526086974e-06,0.0
1736119320.0,4.50510526086974e-06,4.50510526086974e-06,4.50510526086974e-06,4.50510526086974e-06,0.0
1736119380.0,4.50510526086974e-06,4.50510526086974e-06,4.50510526086974e-06,4.50510526086974e-06,0.0
1736119440.0,4.50510526086974e-06,4.50510526086974e-06,4.50510526086974e-06,4.50510526086974e-06,0.0
1736119500.0,4.50510526086974e-06,4.50510526086974e-06,4.50510526086974e-06,4.50510526086974e-06,0.0
1736119560.0,4.50510526086974e-06,4.50510526086974e-06,4.50510526086974e-06,4.50510526086974e-06,0.0
1736119620.0,4.50510526086974e-06,4.50510526086974e-06,4.50510526086974e-06,4.50510526086974e-06,0.0
1736119680.0,4.50510526086974e-06,4.50510526086974e-06,4.50510526086974e-06,4.50510526086974e-06,0.0
1736119740.0,4.50510526086974e-06,4.50510526086974e-06,4.50510526086974e-06,4.50510526086974e-06,0.0
1736119800.0,4.50510526086974e-06,4.50510526086974e-06,4.50510526086974e-06,4.50510526086974e-06,0.0
1736119860.0,4.50510526086974e-06,4.50510526086974e-06,4.50510526086974e-06,4.50510526086974e-06,0.0
1736119920.0,4.50510526086974e-06,4.50510526086974e-06,4.50510526086974e-06,4.50510526086974e-06,0.0
1736119980.0,4.50510526086974e-06,4.50510526086974e-06,4.50510526086974e-06,4.50510526086974e-06,0.0
1736120040.0,4.50510526086974e-06,4.50510526086974e-06,4.50510526086974e-06,4.50510526086974e-06,0.0
1736120100.0,4.50510526086974e-06,4.50510526086974e-06,4.50510526086974e-06,4.50510526086974e-06,0.0
1736120160.0,4.50510526086974e-06,4.50510526086974e-06,4.50510526086974e-06,4.50510526086974e-06,0.0
1736120220.0,4.50510526086974e-06,4.50510526086974e-06,4.50510526086974e-06,4.50510526086974e-06,0.0
1736120280.0,4.50510526086974e-06,4.50510526086974e-06,4.50510526086974e-06,4.50510526086974e-06,0.0
1736120340.0,4.50510526086974e-06,4.50510526086974e-06,4.50510526086974e-06,4.50510526086974e-06,0.0
1736120400.0,4.50510526086974e-06,4.50510526086974e-06,4.50510526086974e-06,4.50510526086974e-06,0.0
1736120460.0,4.50510526086974e-06,4.50510526086974e-06,4.50510526086974e-06,4.50510526086974e-06,0.0
1736120520.0,4.50510526086974e-06,4.50510526086974e-06,4.50510526086974e-06,4.50510526086974e-06,0.0
1736120580.0,4.50510526086974e-06,4.50510526086974e-06,4.50510526086974e-06,4.50510526086974e-06,0.0
1736120640.0,4.50510526086974e-06,4.50510526086974e-06,4.50510526086974e-06,4.50510526086974e-06,0.0
1736120700.0,4.50510526086974e-06,4.50510526086974e-06,4.50510526086974e-06,4.50510526086974e-06,0.0
1736120760.0,4.50510526086974e-06,4.50510526086974e-06,4.50510526086974e-06,4.50510526086974e-06,0.0
1736120820.0,4.50510526086974e-06,4.50510526086974e-06,4.50510526086974e-06,4.50510526086974e-06,0.0
1736120880.0,4.50510526086974e-06,4.50510526086974e-06,4.50510526086974e-06,4.50510526086974e-06,0.0
1736120940.0,4.50510526086974e-06,4.50510526086974e-06,4.50510526086974e-06,4.50510526086974e-06,0.0
1736121000.0,4.50510526086974e-06,4.50510526086974e-06,4.50510526086974e-06,4.50510526086974e-06,0.0
1736121060.0,4.50510526086974e-06,4.50510526086974e-06,4.50510526086974e-06,4.50510526086974e-06,0.0
1736121120.0,4.50510526086974e-06,4.50510526086974e-06,4.50510526086974e-06,4.50510526086974e-06,0.0
1736121180.0,4.50510526086974e-06,4.50510526086974e-06,4.50510526086974e-06,4.50510526086974e-06,0.0
1736121240.0,4.50510526086974e-06,4.50510526086974e-06,4.50510526086974e-06,4.50510526086974e-06,0.0
1736121300.0,4.50510526086974e-06,4.50510526086974e-06,4.50510526086974e-06,4.50510526086974e-06,0.0
1736121360.0,4.50510526086974e-06,4.50510526086974e-06,4.50510526086974e-06,4.50510526086974e-06,0.0
1736121420.0,4.50510526086974e-06,4.50510526086974e-06,4.50510526086974e-06,4.50510526086974e-06,0.0
1736121480.0,4.50510526086974e-06,4.50510526086974e-06,4.50510526086974e-06,4.50510526086974e-06,0.0
1736121540.0,4.50510526086974e-06,4.50510526086974e-06,4.50510526086974e-06,4.50510526086974e-06,0.0
1736121600.0,4.50510526086974e-06,4.50510526086974e-06,4.50510526086974e-06,4.50510526086974e-06,0.0
1736121660.0,4.50510526086974e-06,4.50510526086974e-06,4.50510526086974e-06,4.50510526086974e-06,0.0
1736121720.0,4.50510526086974e-06,4.50510526086974e-06,4.50510526086974e-06,4.50510526086974e-06,0.0
1736121780.0,4.50510526086974e-06,4.50510526086974e-06,4.50510526086974e-06,4.50510526086974e-06,0.0
1736121840.0,4.50510526086974e-06,4.50510526086974e-06,4.50510526086974e-06,4.50510526086974e-06,0.0
1736121900.0,4.50510526086974e-06,4.50510526086974e-06,4.50510526086974e-06,4.50510526086974e-06,0.0
1736121960.0,4.50510526086974e-06,4.50510526086974e-06,4.50510526086974e-06,4.50510526086974e-06,0.0
1736122020.0,4.50510526086974e-06,4.50510526086974e-06,4.50510526086974e-06,4.50510526086974e-06,0.0
1736122080.0,4.50510526086974e-06,4.50510526086974e-06,4.50510526086974e-06,4.50510526086974e-06,0.0
1736122140.0,4.50510526086974e-06,4.50510526086974e-06,4.50510526086974e-06,4.50510526086974e-06,0.0
1736122200.0,4.50510526086974e-06,4.50510526086974e-06,4.50510526086974e-06,4.50510526086974e-06,0.0
1736122260.0,4.50510526086974e-06,4.50510526086974e-06,4.50510526086974e-06,4.50510526086974e-06,0.0
1736122320.0,4.50510526086974e-06,4.50510526086974e-06,4.50510526086974e-06,4.50510526086974e-06,0.0
1736122380.0,4.50510526086974e-06,4.50510526086974e-06,4.50510526086974e-06,4.50510526086974e-06,0.0
1736122440.0,4.50510526086974e-06,4.50510526086974e-06,4.50510526086974e-06,4.50510526086974e-06,0.0
1736122500.0,4.50510526086974e-06,4.50510526086974e-06,4.50510526086974e-06,4.50510526086974e-06,0.0
1736122560.0,4.50510526086974e-06,4.50510526086974e-06,4.50510526086974e-06,4.50510526086974e-06,0.0
1736122620.0,4.50510526086974e-06,4.50510526086974e-06,4.50510526086974e-06,4.50510526086974e-06,0.0
1736122680.0,4.50510526086974e-06,4.50510526086974e-06,4.50510526086974e-06,4.50510526086974e-06,0.0
1736122740.0,4.50510526086974e-06,4.50510526086974e-06,4.50510526086974e-06,4.50510526086974e-06,0.0
1736122800.0,4.50510526086974e-06,4.50510526086974e-06,4.50510526086974e-06,4.50510526086974e-06,0.0
1736122860.0,4.50510526086974e-06,4.50510526086974e-06,4.50510526086974e-06,4.50510526086974e-06,0.0
1736122920.0,4.50510526086974e-06,4.50510526086974e-06,4.50510526086974e-06,4.50510526086974e-06,0.0
1736122980.0,4.50510526086974e-06,4.50510526086974e-06,4.50510526086974e-06,4.50510526086974e-06,0.0
1736123040.0,4.50510526086974e-06,4.50510526086974e-06,4.50510526086974e-06,4.50510526086974e-06,0.0
1736123100.0,4.50510526086974e-06,4.50510526086974e-06,4.50510526086974e-06,4.50510526086974e-06,0.0
1736123160.0,4.50510526086974e-06,4.50510526086974e-06,4.50510526086974e-06,4.50510526086974e-06,0.0
1736123220.0,4.50510526086974e-06,4.50510526086974e-06,4.50510526086974e-06,4.50510526086974e-06,0.0
1736123280.0,4.50510526086974e-06,4.50510526086974e-06,4.50510526086974e-06,4.50510526086974e-06,0.0
1736123340.0,4.50510526086974e-06,4.50510526086974e-06,4.50510526086974e-06,4.50510526086974e-06,0.0
1736123400.0,4.50510526086974e-06,4.50510526086974e-06,4.50510526086974e-06,4.50510526086974e-06,0.0
1736123460.0,4.50510526086974e-06,4.50510526086974e-06,4.50510526086974e-06,4.50510526086974e-06,0.0
1736123520.0,4.50510526086974e-06,4.50510526086974e-06,4.50510526086974e-06,4.50510526086974e-06,0.0
1736123580.0,4.50510526086974e-06,4.50510526086974e-06,4.50510526086974e-06,4.50510526086974e-06,0.0
1736123640.0,4.50510526086974e-06,4.50510526086974e-06,4.50510526086974e-06,4.50510526086974e-06,0.0
1736123700.0,4.50510526086974e-06,4.50510526086974e-06,4.50510526086974e-06,4.50510526086974e-06,0.0
1736123760.0,4.50510526086974e-06,4.50510526086974e-06,4.50510526086974e-06,4.50510526086974e-06,0.0
1736123820.0,4.50510526086974e-06,4.50510526086974e-06,4.50510526086974e-06,4.50510526086974e-06,0.0
1736123880.0,4.50510526086974e-06,4.50510526086974e-06,4.50510526086974e-06,4.50510526086974e-06,0.0
1736123940.0,4.50510526086974e-06,4.50510526086974e-06,4.50510526086974e-06,4.50510526086974e-06,0.0
1736124000.0,4.50510526086974e-06,4.50510526086974e-06,4.50510526086974e-06,4.50510526086974e-06,0.0
1736124060.0,4.50510526086974e-06,4.50510526086974e-06,4.50510526086974e-06,4.50510526086974e-06,0.0
1736124120.0,4.50510526086974e-06,4.50510526086974e-06,4.50510526086974e-06,4.50510526086974e-06,0.0
1736124180.0,4.50510526086974e-06,4.50510526086974e-06,4.50510526086974e-06,4.50510526086974e-06,0.0
1736124240.0,4.50510526086974e-06,4.50510526086974e-06,4.50510526086974e-06,4.50510526086974e-06,0.0
1736124300.0,4.50510526086974e-06,4.50510526086974e-06,4.50510526086974e-06,4.50510526086974e-06,0.0
1736124360.0,4.50510526086974e-06,4.50510526086974e-06,4.50510526086974e-06,4.50510526086974e-06,0.0
1736124420.0,4.50510526086974e-06,4.50510526086974e-06,4.50510526086974e-06,4.50510526086974e-06,0.0
1736124480.0,4.50510526086974e-06,4.50510526086974e-06,4.50510526086974e-06,4.50510526086974e-06,0.0
1736124540.0,4.50510526086974e-06,4.50510526086974e-06,4.50510526086974e-06,4.50510526086974e-06,0.0
1736124600.0,4.50510526086974e-06,4.50510526086974e-06,4.50510526086974e-06,4.50510526086974e-06,0.0
1736124660.0,4.50510526086974e-06,4.50510526086974e-06,4.50510526086974e-06,4.50510526086974e-06,0.0
1736124720.0,4.50510526086974e-06,4.50510526086974e-06,4.50510526086974e-06,4.50510526086974e-06,0.0
1736124780.0,4.50510526086974e-06,4.50510526086974e-06,4.50510526086974e-06,4.50510526086974e-06,0.0
1736124840.0,4.50510526086974e-06,4.50510526086974e-06,4.50510526086974e-06,4.50510526086974e-06,0.0
1736124900.0,4.50510526086974e-06,4.50510526086974e-06,4.50510526086974e-06,4.50510526086974e-06,0.0
1736124960.0,4.50510526086974e-06,4.50510526086974e-06,4.50510526086974e-06,4.50510526086974e-06,0.0
1736125020.0,4.50510526086974e-06,4.50510526086974e-06,4.50510526086974e-06,4.50510526086974e-06,0.0
1736125080.0,4.50510526086974e-06,4.50510526086974e-06,4.50510526086974e-06,4.50510526086974e-06,0.0
1736125140.0,4.50510526086974e-06,4.50510526086974e-06,4.50510526086974e-06,4.50510526086974e-06,0.0
1736125200.0,4.50510526086974e-06,4.50510526086974e-06,4.50510526086974e-06,4.50510526086974e-06,0.0
1736125260.0,4.50510526086974e-06,4.50510526086974e-06,4.45957035257544e-06,4.45957035257544e-06,0.0097464883
1736125320.0,4.45957035257544e-06,4.45957035257544e-06,4.45957035257544e-06,4.45957035257544e-06,0.0
1736125380.0,4.45957035257544e-06,4.45957035257544e-06,4.45957035257544e-06,4.45957035257544e-06,0.0
1736125440.0,4.45957035257544e-06,4.45957035257544e-06,4.45957035257544e-06,4.45957035257544e-06,0.0
1736125500.0,4.45957035257544e-06,4.45957035257544e-06,4.45957035257544e-06,4.45957035257544e-06,0.0
1736125560.0,4.45957035257544e-06,4.45957035257544e-06,4.45957035257544e-06,4.45957035257544e-06,0.0
1736125620.0,4.45957035257544e-06,4.45957035257544e-06,4.45957035257544e-06,4.45957035257544e-06,0.0
1736125680.0,4.45957035257544e-06,4.45957035257544e-06,4.45957035257544e-06,4.45957035257544e-06,0.0
1736125740.0,4.45957035257544e-06,4.45957035257544e-06,4.45957035257544e-06,4.45957035257544e-06,0.0
1736125800.0,4.45957035257544e-06,4.45957035257544e-06,4.45957035257544e-06,4.45957035257544e-06,0.0
1736125860.0,4.45957035257544e-06,4.45957035257544e-06,4.45957035257544e-06,4.45957035257544e-06,0.0
1736125920.0,4.45957035257544e-06,4.45957035257544e-06,4.45957035257544e-06,4.45957035257544e-06,0.0
1736125980.0,4.45957035257544e-06,4.45957035257544e-06,4.45957035257544e-06,4.45957035257544e-06,0.0
1736126040.0,4.45957035257544e-06,4.45957035257544e-06,4.45957035257544e-06,4.45957035257544e-06,0.0
1736126100.0,4.45957035257544e-06,4.45957035257544e-06,4.45957035257544e-06,4.45957035257544e-06,0.0
1736126160.0,4.45957035257544e-06,4.45957035257544e-06,4.45957035257544e-06,4.45957035257544e-06,0.0
1736126220.0,4.45957035257544e-06,4.45957035257544e-06,4.45957035257544e-06,4.45957035257544e-06,0.0
1736126280.0,4.45957035257544e-06,4.45957035257544e-06,4.45957035257544e-06,4.45957035257544e-06,0.0
1736126340.0,4.45957035257544e-06,4.45957035257544e-06,4.45957035257544e-06,4.45957035257544e-06,0.0
1736126400.0,4.45957035257544e-06,4.45957035257544e-06,4.45957035257544e-06,4.45957035257544e-06,0.0
1736126460.0,4.45957035257544e-06,4.45957035257544e-06,4.45957035257544e-06,4.45957035257544e-06,0.0
1736126520.0,4.45957035257544e-06,4.45957035257544e-06,4.45957035257544e-06,4.45957035257544e-06,0.0
1736126580.0,4.45957035257544e-06,4.45957035257544e-06,4.45957035257544e-06,4.45957035257544e-06,0.0
1736126640.0,4.45957035257544e-06,4.45957035257544e-06,4.45957035257544e-06,4.45957035257544e-06,0.0
1736126700.0,4.45957035257544e-06,4.45957035257544e-06,4.45957035257544e-06,4.45957035257544e-06,0.0
1736126760.0,4.45957035257544e-06,4.45957035257544e-06,4.45957035257544e-06,4.45957035257544e-06,0.0
1736126820.0,4.45957035257544e-06,4.45957035257544e-06,4.45957035257544e-06,4.45957035257544e-06,0.0
1736126880.0,4.45957035257544e-06,4.45957035257544e-06,4.45957035257544e-06,4.45957035257544e-06,0.0
1736126940.0,4.45957035257544e-06,4.45957035257544e-06,4.45957035257544e-06,4.45957035257544e-06,0.0
1736127000.0,4.45957035257544e-06,4.45957035257544e-06,4.45957035257544e-06,4.45957035257544e-06,0.0
1736127060.0,4.45957035257544e-06,4.45957035257544e-06,4.45957035257544e-06,4.45957035257544e-06,0.0
1736127120.0,4.45957035257544e-06,4.45957035257544e-06,4.45957035257544e-06,4.45957035257544e-06,0.0
1736127180.0,4.45957035257544e-06,4.45957035257544e-06,4.45957035257544e-06,4.45957035257544e-06,0.0
1736127240.0,4.45957035257544e-06,4.45957035257544e-06,4.45957035257544e-06,4.45957035257544e-06,0.0
1736127300.0,4.45957035257544e-06,4.45957035257544e-06,4.45957035257544e-06,4.45957035257544e-06,0.0
1736127360.0,4.45957035257544e-06,4.45957035257544e-06,4.45957035257544e-06,4.45957035257544e-06,0.0
1736127420.0,4.45957035257544e-06,4.45957035257544e-06,4.45957035257544e-06,4.45957035257544e-06,0.0
1736127480.0,4.45957035257544e-06,4.45957035257544e-06,4.45957035257544e-06,4.45957035257544e-06,0.0
1736127540.0,4.45957035257544e-06,4.45957035257544e-06,4.45957035257544e-06,4.45957035257544e-06,0.0
1736127600.0,4.45957035257544e-06,4.45957035257544e-06,4.45957035257544e-06,4.45957035257544e-06,0.0
1736127660.0,4.45957035257544e-06,4.45957035257544e-06,4.45957035257544e-06,4.45957035257544e-06,0.0
1736127720.0,4.45957035257544e-06,4.45957035257544e-06,4.45957035257544e-06,4.45957035257544e-06,0.0
1736127780.0,4.45957035257544e-06,4.45957035257544e-06,4.45957035257544e-06,4.45957035257544e-06,0.0
1736127840.0,4.45957035257544e-06,4.45957035257544e-06,4.45957035257544e-06,4.45957035257544e-06,0.0
1736127900.0,4.45957035257544e-06,4.45957035257544e-06,4.45957035257544e-06,4.45957035257544e-06,0.0
1736127960.0,4.45957035257544e-06,4.45957035257544e-06,4.45957035257544e-06,4.45957035257544e-06,0.0
1736128020.0,4.45957035257544e-06,4.45957035257544e-06,4.45957035257544e-06,4.45957035257544e-06,0.0
1736128080.0,4.45957035257544e-06,4.45957035257544e-06,4.45957035257544e-06,4.45957035257544e-06,0.0
1736128140.0,4.45957035257544e-06,4.45957035257544e-06,4.45957035257544e-06,4.45957035257544e-06,0.0
1736128200.0,4.45957035257544e-06,4.45957035257544e-06,4.45957035257544e-06,4.45957035257544e-06,0.0
1736128260.0,4.45957035257544e-06,4.45957035257544e-06,4.45957035257544e-06,4.45957035257544e-06,0.0
1736128320.0,4.45957035257544e-06,4.45957035257544e-06,4.45957035257544e-06,4.45957035257544e-06,0.0
1736128380.0,4.45957035257544e-06,4.45957035257544e-06,4.45957035257544e-06,4.45957035257544e-06,0.0
1736128440.0,4.45957035257544e-06,4.45957035257544e-06,4.45957035257544e-06,4.45957035257544e-06,0.0
1736128500.0,4.45957035257544e-06,4.45957035257544e-06,4.45957035257544e-06,4.45957035257544e-06,0.0
1736128560.0,4.45957035257544e-06,4.45957035257544e-06,4.45957035257544e-06,4.45957035257544e-06,0.0
1736128620.0,4.45957035257544e-06,4.45957035257544e-06,4.45957035257544e-06,4.45957035257544e-06,0.0
1736128680.0,4.45957035257544e-06,4.45957035257544e-06,4.45957035257544e-06,4.45957035257544e-06,0.0
1736128740.0,4.45957035257544e-06,4.45957035257544e-06,4.45957035257544e-06,4.45957035257544e-06,0.0
1736128800.0,4.45957035257544e-06,4.45957035257544e-06,4.45957035257544e-06,4.45957035257544e-06,0.0
1736128860.0,4.45957035257544e-06,4.45957035257544e-06,4.45957035257544e-06,4.45957035257544e-06,0.0
1736128920.0,4.45957035257544e-06,4.45957035257544e-06,4.45957035257544e-06,4.45957035257544e-06,0.0
1736128980.0,4.45957035257544e-06,4.45957035257544e-06,4.45957035257544e-06,4.45957035257544e-06,0.0
1736129040.0,4.45957035257544e-06,4.45957035257544e-06,4.45957035257544e-06,4.45957035257544e-06,0.0
1736129100.0,4.45957035257544e-06,4.45957035257544e-06,4.45957035257544e-06,4.45957035257544e-06,0.0
1736129160.0,4.45957035257544e-06,4.45957035257544e-06,4.45957035257544e-06,4.45957035257544e-06,0.0
1736129220.0,4.45957035257544e-06,4.45957035257544e-06,4.45957035257544e-06,4.45957035257544e-06,0.0
1736129280.0,4.45957035257544e-06,4.45957035257544e-06,4.45957035257544e-06,4.45957035257544e-06,0.0
1736129340.0,4.45957035257544e-06,4.45957035257544e-06,4.45957035257544e-06,4.45957035257544e-06,0.0
1736129400.0,4.45957035257544e-06,4.45957035257544e-06,4.45957035257544e-06,4.45957035257544e-06,0.0
1736129460.0,4.45957035257544e-06,4.45957035257544e-06,4.45957035257544e-06,4.45957035257544e-06,0.0
1736129520.0,4.45957035257544e-06,4.45957035257544e-06,4.45957035257544e-06,4.45957035257544e-06,0.0
1736129580.0,4.45957035257544e-06,4.45957035257544e-06,4.45957035257544e-06,4.45957035257544e-06,0.0
1736129640.0,4.45957035257544e-06,4.45957035257544e-06,4.45957035257544e-06,4.45957035257544e-06,0.0
1736129700.0,4.45957035257544e-06,4.45957035257544e-06,4.45957035257544e-06,4.45957035257544e-06,0.0
1736129760.0,4.45957035257544e-06,4.45957035257544e-06,4.45957035257544e-06,4.45957035257544e-06,0.0
1736129820.0,4.45957035257544e-06,4.45957035257544e-06,4.45957035257544e-06,4.45957035257544e-06,0.0
1736129880.0,4.45957035257544e-06,4.45957035257544e-06,4.45957035257544e-06,4.45957035257544e-06,0.0
1736129940.0,4.45957035257544e-06,4.45957035257544e-06,4.45957035257544e-06,4.45957035257544e-06,0.0
1736130000.0,4.45957035257544e-06,4.45957035257544e-06,4.45957035257544e-06,4.45957035257544e-06,0.0
1736130060.0,4.45957035257544e-06,4.45957035257544e-06,4.45957035257544e-06,4.45957035257544e-06,0.0
1736130120.0,4.45957035257544e-06,4.45957035257544e-06,4.45957035257544e-06,4.45957035257544e-06,0.0
1736130180.0,4.45957035257544e-06,4.45957035257544e-06,4.45957035257544e-06,4.45957035257544e-06,0.0
1736130240.0,4.45957035257544e-06,4.45957035257544e-06,4.45957035257544e-06,4.45957035257544e-06,0.0
1736130300.0,4.45957035257544e-06,4.45957035257544e-06,4.45957035257544e-06,4.45957035257544e-06,0.0
1736130360.0,4.45957035257544e-06,4.45957035257544e-06,4.45957035257544e-06,4.45957035257544e-06,0.0
1736130420.0,4.45957035257544e-06,4.45957035257544e-06,4.45957035257544e-06,4.45957035257544e-06,0.0
1736130480.0,4.45957035257544e-06,4.45957035257544e-06,4.45957035257544e-06,4.45957035257544e-06,0.0
1736130540.0,4.45957035257544e-06,4.45957035257544e-06,4.45957035257544e-06,4.45957035257544e-06,0.0
1736130600.0,4.45957035257544e-06,4.45957035257544e-06,4.45957035257544e-06,4.45957035257544e-06,0.0
1736130660.0,4.45957035257544e-06,4.45957035257544e-06,4.45957035257544e-06,4.45957035257544e-06,0.0
1736130720.0,4.45957035257544e-06,4.45957035257544e-06,4.45957035257544e-06,4.45957035257544e-06,0.0
1736130780.0,4.45957035257544e-06,4.45957035257544e-06,4.44807486772746e-06,4.44807486772746e-06,63.1163618082
1736130840.0,4.44807486772746e-06,4.44807486772746e-06,4.44807486772746e-06,4.44807486772746e-06,0.0
1736130900.0,4.44807486772746e-06,4.44807486772746e-06,4.44807486772746e-06,4.44807486772746e-06,0.0
1736130960.0,4.44807486772746e-06,4.44807486772746e-06,4.44807486772746e-06,4.44807486772746e-06,0.0
1736131020.0,4.44807486772746e-06,4.44807486772746e-06,4.44807486772746e-06,4.44807486772746e-06,0.0
1736131080.0,4.44807486772746e-06,4.44807486772746e-06,4.44807486772746e-06,4.44807486772746e-06,0.0
1736131140.0,4.44807486772746e-06,4.44807486772746e-06,4.44807486772746e-06,4.44807486772746e-06,0.0
1736131200.0,4.44807486772746e-06,4.44807486772746e-06,4.44807486772746e-06,4.44807486772746e-06,0.0
1736131260.0,4.44807486772746e-06,4.44807486772746e-06,4.44807486772746e-06,4.44807486772746e-06,0.0
1736131320.0,4.44807486772746e-06,4.44807486772746e-06,4.44807486772746e-06,4.44807486772746e-06,0.0
1736131380.0,4.44807486772746e-06,4.44807486772746e-06,4.44807486772746e-06,4.44807486772746e-06,0.0
1736131440.0,4.44807486772746e-06,4.44807486772746e-06,4.44807486772746e-06,4.44807486772746e-06,0.0
1736131500.0,4.44807486772746e-06,4.44807486772746e-06,4.44807486772746e-06,4.44807486772746e-06,0.0
1736131560.0,4.44807486772746e-06,4.44807486772746e-06,4.44807486772746e-06,4.44807486772746e-06,0.0
1736131620.0,4.44807486772746e-06,4.44807486772746e-06,4.44807486772746e-06,4.44807486772746e-06,0.0
1736131680.0,4.44807486772746e-06,4.44807486772746e-06,4.44807486772746e-06,4.44807486772746e-06,0.0
1736131740.0,4.44807486772746e-06,4.44807486772746e-06,4.44807486772746e-06,4.44807486772746e-06,0.0
1736131800.0,4.44807486772746e-06,4.44807486772746e-06,4.44807486772746e-06,4.44807486772746e-06,0.0
1736131860.0,4.44807486772746e-06,4.44807486772746e-06,4.44807486772746e-06,4.44807486772746e-06,0.0
1736131920.0,4.44807486772746e-06,4.44807486772746e-06,4.44807486772746e-06,4.44807486772746e-06,0.0
1736131980.0,4.44807486772746e-06,4.44807486772746e-06,4.44807486772746e-06,4.44807486772746e-06,0.0
1736132040.0,4.44807486772746e-06,4.44807486772746e-06,4.44807486772746e-06,4.44807486772746e-06,0.0
1736132100.0,4.44807486772746e-06,4.44807486772746e-06,4.44807486772746e-06,4.44807486772746e-06,0.0
1736132160.0,4.44807486772746e-06,4.44807486772746e-06,4.44807486772746e-06,4.44807486772746e-06,0.0
1736132220.0,4.44807486772746e-06,4.44807486772746e-06,4.44807486772746e-06,4.44807486772746e-06,0.0
1736132280.0,4.44807486772746e-06,4.44807486772746e-06,4.44807486772746e-06,4.44807486772746e-06,0.0
1736132340.0,4.44807486772746e-06,4.44807486772746e-06,4.44807486772746e-06,4.44807486772746e-06,0.0
1736132400.0,4.44807486772746e-06,4.44807486772746e-06,4.44807486772746e-06,4.44807486772746e-06,0.0
1736132460.0,4.44807486772746e-06,4.44807486772746e-06,4.44807486772746e-06,4.44807486772746e-06,0.0
1736132520.0,4.44807486772746e-06,4.44807486772746e-06,4.44807486772746e-06,4.44807486772746e-06,0.0
1736132580.0,4.44807486772746e-06,4.44807486772746e-06,4.44807486772746e-06,4.44807486772746e-06,0.0
1736132640.0,4.44807486772746e-06,4.44807486772746e-06,4.44807486772746e-06,4.44807486772746e-06,0.0
1736132700.0,4.44807486772746e-06,4.44807486772746e-06,4.44807486772746e-06,4.44807486772746e-06,0.0
1736132760.0,4.44807486772746e-06,4.44807486772746e-06,4.44807486772746e-06,4.44807486772746e-06,0.0
1736132820.0,4.44807486772746e-06,4.44807486772746e-06,4.44807486772746e-06,4.44807486772746e-06,0.0
1736132880.0,4.44807486772746e-06,4.44807486772746e-06,4.44807486772746e-06,4.44807486772746e-06,0.0
1736132940.0,4.44807486772746e-06,4.44807486772746e-06,4.44807486772746e-06,4.44807486772746e-06,0.0
1736133000.0,4.44807486772746e-06,4.44807486772746e-06,4.44807486772746e-06,4.44807486772746e-06,0.0
1736133060.0,4.44807486772746e-06,4.44807486772746e-06,4.44807486772746e-06,4.44807486772746e-06,0.0
1736133120.0,4.44807486772746e-06,4.44807486772746e-06,4.44807486772746e-06,4.44807486772746e-06,0.0
1736133180.0,4.44807486772746e-06,4.44807486772746e-06,4.44807486772746e-06,4.44807486772746e-06,0.0
1736133240.0,4.44807486772746e-06,4.44807486772746e-06,4.44807486772746e-06,4.44807486772746e-06,0.0
1736133300.0,4.44807486772746e-06,4.44807486772746e-06,4.44807486772746e-06,4.44807486772746e-06,0.0
1736133360.0,4.44807486772746e-06,4.44807486772746e-06,4.3974944670509e-06,4.3974944670509e-06,0.04431833982
1736133420.0,4.3974944670509e-06,4.3974944670509e-06,4.3974944670509e-06,4.3974944670509e-06,0.0
1736133480.0,4.3974944670509e-06,4.3974944670509e-06,4.3974944670509e-06,4.3974944670509e-06,0.0
1736133540.0,4.3974944670509e-06,4.3974944670509e-06,4.3974944670509e-06,4.3974944670509e-06,0.0
1736133600.0,4.3974944670509e-06,4.3974944670509e-06,4.3974944670509e-06,4.3974944670509e-06,0.0
1736133660.0,4.3974944670509e-06,4.3974944670509e-06,4.3974944670509e-06,4.3974944670509e-06,0.0
1736133720.0,4.3974944670509e-06,4.3974944670509e-06,4.3974944670509e-06,4.3974944670509e-06,0.0
1736133780.0,4.3974944670509e-06,4.3974944670509e-06,4.3974944670509e-06,4.3974944670509e-06,0.0
1736133840.0,4.3974944670509e-06,4.3974944670509e-06,4.3974944670509e-06,4.3974944670509e-06,0.0
1736133900.0,4.3974944670509e-06,4.3974944670509e-06,4.3974944670509e-06,4.3974944670509e-06,0.0
1736133960.0,4.3974944670509e-06,4.3974944670509e-06,4.3974944670509e-06,4.3974944670509e-06,0.0
1736134020.0,4.3974944670509e-06,4.3974944670509e-06,4.3974944670509e-06,4.3974944670509e-06,0.0
1736134080.0,4.3974944670509e-06,4.3974944670509e-06,4.3974944670509e-06,4.3974944670509e-06,0.0
1736134140.0,4.3974944670509e-06,4.3974944670509e-06,4.3974944670509e-06,4.3974944670509e-06,0.0
1736134200.0,4.3974944670509e-06,4.3974944670509e-06,4.3974944670509e-06,4.3974944670509e-06,0.0
1736134260.0,4.3974944670509e-06,4.3974944670509e-06,4.3974944670509e-06,4.3974944670509e-06,0.0
1736134320.0,4.3974944670509e-06,4.3974944670509e-06,4.3974944670509e-06,4.3974944670509e-06,0.0
1736134380.0,4.3974944670509e-06,4.3974944670509e-06,4.3974944670509e-06,4.3974944670509e-06,0.0
1736134440.0,4.3974944670509e-06,4.3974944670509e-06,4.3974944670509e-06,4.3974944670509e-06,0.0
1736134500.0,4.3974944670509e-06,4.3974944670509e-06,4.3974944670509e-06,4.3974944670509e-06,0.0
1736134560.0,4.3974944670509e-06,4.3974944670509e-06,4.3974944670509e-06,4.3974944670509e-06,0.0
1736134620.0,4.3974944670509e-06,4.3974944670509e-06,4.3974944670509e-06,4.3974944670509e-06,0.0
1736134680.0,4.3974944670509e-06,4.3974944670509e-06,4.3974944670509e-06,4.3974944670509e-06,0.0
1736134740.0,4.3974944670509e-06,4.3974944670509e-06,4.3974944670509e-06,4.3974944670509e-06,0.0
1736134800.0,4.3974944670509e-06,4.3974944670509e-06,4.3974944670509e-06,4.3974944670509e-06,0.0
1736134860.0,4.3974944670509e-06,4.3974944670509e-06,4.3974944670509e-06,4.3974944670509e-06,0.0
1736134920.0,4.3974944670509e-06,4.3974944670509e-06,4.3974944670509e-06,4.3974944670509e-06,0.0
1736134980.0,4.3974944670509e-06,4.3974944670509e-06,4.3974944670509e-06,4.3974944670509e-06,0.0
1736135040.0,4.3974944670509e-06,4.3974944670509e-06,4.3974944670509e-06,4.3974944670509e-06,0.0
1736135100.0,4.3974944670509e-06,4.3974944670509e-06,4.3974944670509e-06,4.3974944670509e-06,0.0
1736135160.0,4.3974944670509e-06,4.3974944670509e-06,4.3974944670509e-06,4.3974944670509e-06,0.0
1736135220.0,4.3974944670509e-06,4.3974944670509e-06,4.3974944670509e-06,4.3974944670509e-06,0.0
1736135280.0,4.3974944670509e-06,4.3974944670509e-06,4.3974944670509e-06,4.3974944670509e-06,0.0
1736135340.0,4.3974944670509e-06,4.3974944670509e-06,4.3974944670509e-06,4.3974944670509e-06,0.0
1736135400.0,4.3974944670509e-06,4.3974944670509e-06,4.3974944670509e-06,4.3974944670509e-06,0.0
1736135460.0,4.3974944670509e-06,4.3974944670509e-06,4.3974944670509e-06,4.3974944670509e-06,0.0
1736135520.0,4.3974944670509e-06,4.3974944670509e-06,4.3974944670509e-06,4.3974944670509e-06,0.0
1736135580.0,4.3974944670509e-06,4.3974944670509e-06,4.3974944670509e-06,4.3974944670509e-06,0.0
1736135640.0,4.3974944670509e-06,4.3974944670509e-06,4.3974944670509e-06,4.3974944670509e-06,0.0
1736135700.0,4.3974944670509e-06,4.3974944670509e-06,4.3974944670509e-06,4.3974944670509e-06,0.0
1736135760.0,4.3974944670509e-06,4.3974944670509e-06,4.3974944670509e-06,4.3974944670509e-06,0.0
1736135820.0,4.3974944670509e-06,4.3974944670509e-06,4.3974944670509e-06,4.3974944670509e-06,0.0
1736135880.0,4.3974944670509e-06,4.3974944670509e-06,4.3974944670509e-06,4.3974944670509e-06,0.0
1736135940.0,4.3974944670509e-06,4.3974944670509e-06,4.3974944670509e-06,4.3974944670509e-06,0.0
1736136000.0,4.3974944670509e-06,4.3974944670509e-06,4.3974944670509e-06,4.3974944670509e-06,0.0
1736136060.0,4.3974944670509e-06,4.3974944670509e-06,4.3974944670509e-06,4.3974944670509e-06,0.0
1736136120.0,4.3974944670509e-06,4.3974944670509e-06,4.3974944670509e-06,4.3974944670509e-06,0.0
1736136180.0,4.3974944670509e-06,4.3974944670509e-06,4.3974944670509e-06,4.3974944670509e-06,0.0
1736136240.0,4.3974944670509e-06,4.3974944670509e-06,4.3974944670509e-06,4.3974944670509e-06,0.0
1736136300.0,4.3974944670509e-06,4.3974944670509e-06,4.3974944670509e-06,4.3974944670509e-06,0.0
1736136360.0,4.3974944670509e-06,4.3974944670509e-06,4.3974944670509e-06,4.3974944670509e-06,0.0
1736136420.0,4.3974944670509e-06,4.3974944670509e-06,4.3974944670509e-06,4.3974944670509e-06,0.0
1736136480.0,4.3974944670509e-06,4.3974944670509e-06,4.3974944670509e-06,4.3974944670509e-06,0.0
1736136540.0,4.3974944670509e-06,4.3974944670509e-06,4.3974944670509e-06,4.3974944670509e-06,0.0
1736136600.0,4.3974944670509e-06,4.3974944670509e-06,4.3974944670509e-06,4.3974944670509e-06,0.0
1736136660.0,4.3974944670509e-06,4.3974944670509e-06,4.3974944670509e-06,4.3974944670509e-06,0.0
1736136720.0,4.3974944670509e-06,4.3974944670509e-06,4.3974944670509e-06,4.3974944670509e-06,0.0
1736136780.0,4.3974944670509e-06,4.3974944670509e-06,4.3974944670509e-06,4.3974944670509e-06,0.0
1736136840.0,4.3974944670509e-06,4.3974944670509e-06,4.3974944670509e-06,4.3974944670509e-06,0.0
1736136900.0,4.3974944670509e-06,4.3974944670509e-06,4.3974944670509e-06,4.3974944670509e-06,0.0
1736136960.0,4.3974944670509e-06,4.3974944670509e-06,4.3974944670509e-06,4.3974944670509e-06,0.0
1736137020.0,4.3974944670509e-06,4.3974944670509e-06,4.3974944670509e-06,4.3974944670509e-06,0.0
1736137080.0,4.3974944670509e-06,4.3974944670509e-06,4.3974944670509e-06,4.3974944670509e-06,0.0
1736137140.0,4.3974944670509e-06,4.3974944670509e-06,4.3974944670509e-06,4.3974944670509e-06,0.0
1736137200.0,4.3974944670509e-06,4.3974944670509e-06,4.3974944670509e-06,4.3974944670509e-06,0.0
1736137260.0,4.3974944670509e-06,4.3974944670509e-06,4.3974944670509e-06,4.3974944670509e-06,0.0
1736137320.0,4.3974944670509e-06,4.3974944670509e-06,4.3974944670509e-06,4.3974944670509e-06,0.0
1736137380.0,4.3974944670509e-06,4.3974944670509e-06,4.3974944670509e-06,4.3974944670509e-06,0.0
1736137440.0,4.3974944670509e-06,4.3974944670509e-06,4.3974944670509e-06,4.3974944670509e-06,0.0
1736137500.0,4.3974944670509e-06,4.3974944670509e-06,4.3974944670509e-06,4.3974944670509e-06,0.0
1736137560.0,4.3974944670509e-06,4.3974944670509e-06,4.3974944670509e-06,4.3974944670509e-06,0.0
1736137620.0,4.3974944670509e-06,4.3974944670509e-06,4.3974944670509e-06,4.3974944670509e-06,0.0
1736137680.0,4.3974944670509e-06,4.3974944670509e-06,4.3974944670509e-06,4.3974944670509e-06,0.0
1736137740.0,4.3974944670509e-06,4.3974944670509e-06,4.3974944670509e-06,4.3974944670509e-06,0.0
1736137800.0,4.3974944670509e-06,4.3974944670509e-06,4.3974944670509e-06,4.3974944670509e-06,0.0
1736137860.0,4.3974944670509e-06,4.3974944670509e-06,4.3974944670509e-06,4.3974944670509e-06,0.0
1736137920.0,4.3974944670509e-06,4.3974944670509e-06,4.3974944670509e-06,4.3974944670509e-06,0.0
1736137980.0,4.3974944670509e-06,4.3974944670509e-06,4.3974944670509e-06,4.3974944670509e-06,0.0
1736138040.0,4.3974944670509e-06,4.3974944670509e-06,4.3974944670509e-06,4.3974944670509e-06,0.0
1736138100.0,4.3974944670509e-06,4.3974944670509e-06,4.3974944670509e-06,4.3974944670509e-06,0.0
1736138160.0,4.3974944670509e-06,4.3974944670509e-06,4.3974944670509e-06,4.3974944670509e-06,0.0
1736138220.0,4.3974944670509e-06,4.3974944670509e-06,4.3974944670509e-06,4.3974944670509e-06,0.0
1736138280.0,4.3974944670509e-06,4.3974944670509e-06,4.3974944670509e-06,4.3974944670509e-06,0.0
1736138340.0,4.3974944670509e-06,4.3974944670509e-06,4.3974944670509e-06,4.3974944670509e-06,0.0
1736138400.0,4.3974944670509e-06,4.3974944670509e-06,4.3974944670509e-06,4.3974944670509e-06,0.0
1736138460.0,4.3974944670509e-06,4.3974944670509e-06,4.3974944670509e-06,4.3974944670509e-06,0.0
1736138520.0,4.3974944670509e-06,4.3974944670509e-06,4.3974944670509e-06,4.3974944670509e-06,0.0
1736138580.0,4.3974944670509e-06,4.3974944670509e-06,4.3974944670509e-06,4.3974944670509e-06,0.0
1736138640.0,4.3974944670509e-06,4.3974944670509e-06,4.3974944670509e-06,4.3974944670509e-06,0.0
1736138700.0,4.3974944670509e-06,4.3974944670509e-06,4.3974944670509e-06,4.3974944670509e-06,0.0
1736138760.0,4.3974944670509e-06,4.3974944670509e-06,4.3974944670509e-06,4.3974944670509e-06,0.0
1736138820.0,4.3974944670509e-06,4.3974944670509e-06,4.3974944670509e-06,4.3974944670509e-06,0.0
1736138880.0,4.3974944670509e-06,4.3974944670509e-06,4.3974944670509e-06,4.3974944670509e-06,0.0
1736138940.0,4.3974944670509e-06,4.3974944670509e-06,4.3974944670509e-06,4.3974944670509e-06,0.0
1736139000.0,4.3974944670509e-06,4.3974944670509e-06,4.3974944670509e-06,4.3974944670509e-06,0.0
1736139060.0,4.3974944670509e-06,4.3974944670509e-06,4.3974944670509e-06,4.3974944670509e-06,0.0
1736139120.0,4.3974944670509e-06,4.3974944670509e-06,4.3974944670509e-06,4.3974944670509e-06,0.0
1736139180.0,4.3974944670509e-06,4.3974944670509e-06,4.3974944670509e-06,4.3974944670509e-06,0.0
1736139240.0,4.3974944670509e-06,4.3974944670509e-06,4.3974944670509e-06,4.3974944670509e-06,0.0
1736139300.0,4.3974944670509e-06,4.3974944670509e-06,4.3974944670509e-06,4.3974944670509e-06,0.0
1736139360.0,4.3974944670509e-06,4.3974944670509e-06,4.3974944670509e-06,4.3974944670509e-06,0.0
1736139420.0,4.3974944670509e-06,4.3974944670509e-06,4.3974944670509e-06,4.3974944670509e-06,0.0
