0,1,2,3,4,5
1728353400.0,6.149121297885928e-05,0.0001170793081754,5.1027627395507127e-05,9.51302084306523e-05,65414.81182081097
1728353460.0,9.51302084306523e-05,9.83936772163336e-05,4.871785085145362e-05,5.736304133857839e-05,33279.987501394884
1728353520.0,5.736304133857839e-05,0.000104859364897,5.736304133857839e-05,9.820959496668678e-05,23305.96197277895
1728353580.0,9.820959496668678e-05,0.0001134262854843,7.860862176600707e-05,8.365819307151955e-05,16935.326471696084
1728353640.0,8.365819307151955e-05,0.0001151147765869,6.6157852796051e-05,7.11999812513186e-05,31327.13710015324
1728353700.0,7.11999812513186e-05,8.586832717529445e-05,6.459833421957586e-05,7.222450170912194e-05,11814.140585937032
1728353760.0,7.222450170912194e-05,7.222450170912194e-05,4.01345809518394e-05,4.1662348266964226e-05,11664.941039472624
1728353820.0,4.1662348266964226e-05,4.345635129618025e-05,2.6571283681884742e-05,4.139419697104198e-05,20826.547027795194
1728353880.0,4.139419697104198e-05,4.4507457843609155e-05,2.6763269874097155e-05,3.166446393389724e-05,8132.476580908695
1728353940.0,3.166446393389724e-05,3.1800640607934626e-05,2.240757202785607e-05,2.7512479181105033e-05,5024.53915436443
1728354000.0,2.7512479181105033e-05,3.291284220009228e-05,1.956054737077426e-05,1.9664942835129655e-05,4571.984607634385
1728354060.0,1.9664942835129655e-05,2.509489961747457e-05,1.8254841692279088e-05,2.509489961747457e-05,4517.611740932557
1728354120.0,2.509489961747457e-05,5.2693443921060134e-05,2.5087234989574148e-05,4.616107258015497e-05,12143.4858456419
1728354180.0,4.616107258015497e-05,5.858888173189847e-05,2.9600702994427988e-05,5.160253368272305e-05,12457.327300578483
1728354240.0,5.160253368272305e-05,6.806479087360936e-05,5.017726449792346e-05,5.461401272430201e-05,16778.352935475927
1728354300.0,5.461401272430201e-05,6.443044649722424e-05,4.610253090025778e-05,4.7332276230497474e-05,9889.667290135889
1728354360.0,4.7332276230497474e-05,5.033529957283997e-05,3.62188996763206e-05,4.204715641641536e-05,6059.530509714764
1728354420.0,4.204715641641536e-05,5.364966172491788e-05,4.204715641641536e-05,4.823232342989049e-05,3938.568773448145
1728354480.0,4.823232342989049e-05,4.823232342989049e-05,3.606445735146605e-05,3.797836459354834e-05,3118.4381286624184
1728354540.0,3.797836459354834e-05,4.286894558388019e-05,3.797836459354834e-05,4.0056944111256205e-05,2150.8669915209407
1728354600.0,4.0056944111256205e-05,5.9887496589839424e-05,3.418888861371478e-05,5.455283354851718e-05,13260.332013140023
1728354660.0,5.455283354851718e-05,6.601486816993686e-05,5.455283354851718e-05,5.849545738195873e-05,5174.578417908745
1728354720.0,5.849545738195873e-05,8.454242977001259e-05,5.7613128699840416e-05,7.927735817323048e-05,7427.832385403782
1728354780.0,7.927735817323048e-05,8.094251773147412e-05,5.180990085535667e-05,6.299162371383911e-05,16661.881809924114
1728354840.0,6.299162371383911e-05,8.923236021111495e-05,5.907389290443237e-05,8.183799466869216e-05,9801.627268000528
1728354900.0,8.183799466869216e-05,0.0001010204113149,7.905364171050863e-05,8.652996712048433e-05,10614.637075145498
1728354960.0,8.652996712048433e-05,8.808204086219347e-05,7.089561972132469e-05,8.449869663091943e-05,6044.828837336319
1728355020.0,8.449869663091943e-05,9.38577478436324e-05,6.577355611223903e-05,6.646243329487336e-05,7582.456812346752
1728355080.0,6.646243329487336e-05,9.188311499412498e-05,6.626898785568161e-05,7.98241933139807e-05,11138.415435749055
1728355140.0,7.98241933139807e-05,7.98241933139807e-05,6.359619455251202e-05,6.400923173723818e-05,2861.477577734706
1728355200.0,6.400923173723818e-05,7.601624057055168e-05,5.6509970390840854e-05,7.599588702049339e-05,8594.850368511376
1728355260.0,7.599588702049339e-05,8.928276464684659e-05,7.518257758429278e-05,8.280921259456408e-05,6097.7855976753535
1728355320.0,8.280921259456408e-05,9.128261082424482e-05,7.964446906633028e-05,8.049841649258296e-05,3175.189546419014
1728355380.0,8.049841649258296e-05,8.147050935337567e-05,6.851291938019967e-05,6.876634171577305e-05,3727.9192152113815
1728355440.0,6.876634171577305e-05,6.942326418002457e-05,4.732936081638208e-05,4.965768212547398e-05,9061.990645074504
1728355500.0,4.965768212547398e-05,6.822896012876866e-05,4.8956831086202126e-05,6.200243878614435e-05,8074.846699025925
1728355560.0,6.200243878614435e-05,6.230884123539094e-05,4.188645203378932e-05,4.188645203378932e-05,2975.605933118321
1728355620.0,4.188645203378932e-05,4.2254038998458426e-05,2.4996049452842072e-05,2.5760804226357067e-05,6610.819009911216
1728355680.0,2.5760804226357067e-05,4.203478229264987e-05,2.554499314010082e-05,3.2403820433165064e-05,5795.380781701652
1728355740.0,3.2403820433165064e-05,3.546694014336731e-05,3.2228888824019685e-05,3.3021868141583904e-05,1326.1878118279103
1728355800.0,3.3021868141583904e-05,3.3021868141583904e-05,2.609609209792575e-05,2.695104794057147e-05,1947.7979177690052
1728355860.0,2.695104794057147e-05,3.179582295185425e-05,2.271506466439757e-05,2.3515292611013677e-05,2987.889147294291
1728355920.0,2.3515292611013677e-05,2.3515292611013677e-05,1.682586021139897e-05,1.7220908834059345e-05,3169.8310341016945
1728355980.0,1.7220908834059345e-05,2.0890323543041508e-05,1.7119323624458435e-05,1.8862481833079336e-05,1812.0494231710816
1728356040.0,1.8862481833079336e-05,2.1664586670866575e-05,1.862137206186259e-05,2.1664586670866575e-05,1276.8088569398956
1728356100.0,2.1664586670866575e-05,2.276758127868547e-05,2.048187843232314e-05,2.048187843232314e-05,748.964972333678
1728356160.0,2.048187843232314e-05,2.048187843232314e-05,1.3343266745013275e-05,1.842552056221807e-05,4853.060839818643
1728356220.0,1.842552056221807e-05,1.954608181182858e-05,1.5534185038686295e-05,1.743953922779e-05,2150.113108944811
1728356280.0,1.743953922779e-05,1.743953922779e-05,1.1399280702827692e-05,1.1399280702827692e-05,1456.1780866717932
1728356340.0,1.1399280702827692e-05,1.2229872362965229e-05,9.80007219807974e-06,1.2229872362965229e-05,1166.453974776015
1728356400.0,1.2229872362965229e-05,1.430429096060378e-05,1.2229872362965229e-05,1.2295176010449491e-05,902.5531953205448
1728356460.0,1.2295176010449491e-05,1.426839890057008e-05,1.2187998424460387e-05,1.3978572643509978e-05,1058.5301428122823
1728356520.0,1.3978572643509978e-05,1.561563511633854e-05,1.3978572643509978e-05,1.4672268396927124e-05,472.7178448347718
1728356580.0,1.4672268396927124e-05,1.9851508335688955e-05,1.4365464558764989e-05,1.960571762681358e-05,1167.8063703521218
1728356640.0,1.960571762681358e-05,2.0017246406606943e-05,1.613589637020343e-05,1.613589637020343e-05,1825.5822575027264
1728356700.0,1.613589637020343e-05,1.7387362686436058e-05,1.5255776419962208e-05,1.7387362686436058e-05,483.9558617633833
1728356760.0,1.7387362686436058e-05,2.129967240616546e-05,1.6912367538321504e-05,2.129967240616546e-05,993.1233834703872
1728356820.0,2.129967240616546e-05,2.164587089638114e-05,1.8952999426832113e-05,2.1241250761885383e-05,1361.3959267250502
1728356880.0,2.1241250761885383e-05,2.7070267335727147e-05,2.1241250761885383e-05,2.6287620925013552e-05,2268.1531045787224
1728356940.0,2.6287620925013552e-05,4.015163097376349e-05,2.5886357245110046e-05,3.905703868384885e-05,5328.687238452588
1728357000.0,3.905703868384885e-05,5.71190539446579e-05,3.808845457302481e-05,4.790739626615379e-05,6392.732332352646
1728357060.0,4.790739626615379e-05,5.077708302339588e-05,4.041041914377e-05,4.447710995103227e-05,2938.3483434375867
1728357120.0,4.447710995103227e-05,4.447710995103227e-05,2.9145129323740545e-05,4.085787247030697e-05,5063.161509932911
1728357180.0,4.085787247030697e-05,4.738133999073955e-05,3.2744906469855e-05,4.062671739821365e-05,5248.885320541491
1728357240.0,4.062671739821365e-05,6.946119032967428e-05,4.062671739821365e-05,6.946119032967428e-05,8991.48970402341
1728357300.0,6.946119032967428e-05,6.946119032967428e-05,4.962609749237466e-05,5.124377688183504e-05,5649.784704195752
1728357360.0,5.124377688183504e-05,6.792460616855175e-05,5.124377688183504e-05,6.131831829980575e-05,6445.654615842699
1728357420.0,6.131831829980575e-05,6.180307480609257e-05,3.5030738635591074e-05,4.684010901517054e-05,8650.643636700364
1728357480.0,4.684010901517054e-05,4.684010901517054e-05,3.624267228633698e-05,3.815405340357658e-05,4274.661149166904
1728357540.0,3.815405340357658e-05,3.815405340357658e-05,2.492490606849584e-05,3.190566587551283e-05,6630.55064338295
1728357600.0,3.190566587551283e-05,3.8223797725864406e-05,2.6890979273408388e-05,3.8223797725864406e-05,5086.609548315255
1728357660.0,3.8223797725864406e-05,3.8223797725864406e-05,3.066067241945731e-05,3.1336679952954495e-05,2548.52649214072
1728357720.0,3.1336679952954495e-05,3.138923769835528e-05,2.710263936389112e-05,2.7457978552592924e-05,1895.716505969178
1728357780.0,2.7457978552592924e-05,3.022760244833401e-05,2.7457978552592924e-05,2.8297387749921832e-05,1139.212125892309
1728357840.0,2.8297387749921832e-05,2.9868620658643843e-05,2.7947749389859813e-05,2.9508468915619407e-05,695.5297780182723
1728357900.0,2.9508468915619407e-05,2.987060404959521e-05,1.991945468904405e-05,1.991945468904405e-05,2656.8587521692366
1728357960.0,1.991945468904405e-05,3.081910326736141e-05,1.9642451153439117e-05,2.8907484699793796e-05,4355.747899080181
1728358020.0,2.8907484699793796e-05,3.657793046444098e-05,2.3863849977197775e-05,2.9532990111365235e-05,5159.723108410724
1728358080.0,2.9532990111365235e-05,3.079450961157997e-05,2.690454109143086e-05,3.079450961157997e-05,1549.0075509959834
1728358140.0,3.079450961157997e-05,3.1985721806009385e-05,3.007122365816987e-05,3.007122365816987e-05,764.3598235888145
1728358200.0,3.007122365816987e-05,3.007122365816987e-05,2.504478163674401e-05,2.6404633888763284e-05,1036.189495172738
1728358260.0,2.6404633888763284e-05,3.100945902989722e-05,2.6404633888763284e-05,3.0683176227827996e-05,1126.9497488774473
1728358320.0,3.0683176227827996e-05,3.774253647397742e-05,3.0683176227827996e-05,3.4029783096499656e-05,2138.5754248844273
1728358380.0,3.4029783096499656e-05,3.86276741045333e-05,3.328325399109806e-05,3.830968191124657e-05,1733.4635475342895
1728358440.0,3.830968191124657e-05,4.560176571087762e-05,3.830968191124657e-05,4.544258247101347e-05,3290.363770680608
1728358500.0,4.544258247101347e-05,4.73056655675986e-05,4.421027112881483e-05,4.421027112881483e-05,1027.8970122590097
1728358560.0,4.421027112881483e-05,4.8543654796413975e-05,4.392106678660238e-05,4.737618442702806e-05,1106.2762155712146
1728358620.0,4.737618442702806e-05,4.737618442702806e-05,3.8197810121375135e-05,3.89460981767354e-05,4675.33838830993
1728358680.0,3.89460981767354e-05,4.182188531778849e-05,3.841660982341324e-05,4.134796901224531e-05,1103.0544743271116
1728358740.0,4.134796901224531e-05,4.155466073512999e-05,3.0479375179858393e-05,3.2984859529098444e-05,2536.840274501495
1728358800.0,3.2984859529098444e-05,3.2984859529098444e-05,2.930627583568917e-05,3.023418474792576e-05,1363.8172790901176
1728358860.0,3.023418474792576e-05,3.151181576332641e-05,2.615848184367796e-05,2.7070535583058186e-05,1687.643571009538
1728358920.0,2.7070535583058186e-05,3.377242349036269e-05,2.7070535583058186e-05,3.377242349036269e-05,1870.317818159397
1728358980.0,3.377242349036269e-05,3.377242349036269e-05,3.117911000142119e-05,3.117911000142119e-05,383.3030838633523
1728359040.0,3.117911000142119e-05,3.2530276298159104e-05,3.083969898647473e-05,3.2530276298159104e-05,471.371150596427
1728359100.0,3.2530276298159104e-05,6.69881834803736e-05,3.213677072819069e-05,6.120738393889024e-05,12644.98061198785
1728359160.0,6.120738393889024e-05,6.201422714151299e-05,5.096851776237984e-05,5.4229412988301616e-05,2438.925602902053
1728359220.0,5.4229412988301616e-05,6.452517794036974e-05,5.380760030012137e-05,6.315574873127502e-05,2310.24267727942
1728359280.0,6.315574873127502e-05,7.960799101043624e-05,6.170672844649298e-05,6.21050560282534e-05,6393.169495746641
1728359340.0,6.21050560282534e-05,6.446475252402988e-05,5.114340094857306e-05,6.2038221972185e-05,4833.833880139834
1728359400.0,6.2038221972185e-05,6.2038221972185e-05,4.397058431286311e-05,4.760085913057048e-05,7367.247832541922
1728359460.0,4.760085913057048e-05,5.060259199747569e-05,4.032885617968475e-05,4.2419233580137215e-05,3715.9079959118376
1728359520.0,4.2419233580137215e-05,4.2419233580137215e-05,3.5750670040367125e-05,3.802105019030368e-05,2474.797035838557
1728359580.0,3.802105019030368e-05,4.0851395710102746e-05,3.2987074454715614e-05,3.2987074454715614e-05,2853.3602210065133
1728359640.0,3.2987074454715614e-05,3.730211268274229e-05,3.2632926904297865e-05,3.608118665441809e-05,1617.71659532201
1728359700.0,3.608118665441809e-05,4.2686232179110394e-05,3.536472817970719e-05,3.9219935564190976e-05,2221.158754958019
1728359760.0,3.9219935564190976e-05,4.353328107833604e-05,3.841604520305225e-05,4.223504374295543e-05,1878.778201536908
1728359820.0,4.223504374295543e-05,4.266185619298626e-05,3.821363623090448e-05,3.834188656396072e-05,930.487755189754
1728359880.0,3.834188656396072e-05,4.090400375334579e-05,3.834188656396072e-05,4.021709392647205e-05,716.2987099911857
1728359940.0,4.021709392647205e-05,4.0619029981718875e-05,3.052432152716675e-05,3.4021888437088985e-05,2659.555387550923
1728360000.0,3.4021888437088985e-05,3.478489342559033e-05,2.4993110908990385e-05,2.866448316035934e-05,3038.7550606162363
1728360060.0,2.866448316035934e-05,3.018474318707654e-05,2.6661062351776175e-05,2.6720749189651907e-05,2433.8344753403367
1728360120.0,2.6720749189651907e-05,3.218604649545039e-05,2.481422284605385e-05,2.6283952482865084e-05,3212.659495218452
1728360180.0,2.6283952482865084e-05,2.686241908718215e-05,2.4528645410845783e-05,2.5086545111484895e-05,877.739160223543
1728360240.0,2.5086545111484895e-05,2.5493308533671744e-05,1.925134728460654e-05,2.216267791426689e-05,2447.1835988591847
1728360300.0,2.216267791426689e-05,2.40512683274245e-05,1.967899813610804e-05,2.007924458844129e-05,1460.8632674136752
1728360360.0,2.007924458844129e-05,2.153572348124853e-05,1.991807952701727e-05,2.105369319558919e-05,845.866533383191
1728360420.0,2.105369319558919e-05,2.105369319558919e-05,1.885553345231356e-05,1.9412460654086246e-05,681.9212851159834
1728360480.0,1.9412460654086246e-05,1.9637152774706573e-05,1.7967384724761163e-05,1.8018015307867813e-05,1135.565296821445
1728360540.0,1.8018015307867813e-05,1.850805036873631e-05,1.726473791480216e-05,1.8411880862287053e-05,998.9602669215392
1728360600.0,1.8411880862287053e-05,2.0824517051760533e-05,1.8102494621942027e-05,1.8126381708002417e-05,1175.3646023794784
1728360660.0,1.8126381708002417e-05,1.8356518618949308e-05,1.710786688531776e-05,1.7649867162709898e-05,683.9383636860213
1728360720.0,1.7649867162709898e-05,1.965081476216411e-05,1.7649867162709898e-05,1.7746128714033812e-05,1497.0176677188265
1728360780.0,1.7746128714033812e-05,1.7746128714033812e-05,1.7323125639122363e-05,1.7559206723683174e-05,215.43624105030025
1728360840.0,1.7559206723683174e-05,2.135269046318905e-05,1.7559206723683174e-05,2.1038161016421043e-05,1035.118776669883
1728360900.0,2.1038161016421043e-05,2.1401450885556905e-05,2.011045065639848e-05,2.034773246858625e-05,745.0817874432358
1728360960.0,2.034773246858625e-05,2.034773246858625e-05,1.7233535988620545e-05,1.763009684177866e-05,800.9281813307834
1728361020.0,1.763009684177866e-05,1.9120794940283396e-05,1.763009684177866e-05,1.9120794940283396e-05,695.8804257877798
1728361080.0,1.9120794940283396e-05,1.9355100771204065e-05,1.8983327245487064e-05,1.9122363942800417e-05,115.09557381759303
1728361140.0,1.9122363942800417e-05,1.9866282354566173e-05,1.9052577269211755e-05,1.9052577269211755e-05,374.0561440850129
1728361200.0,1.9052577269211755e-05,1.9052577269211755e-05,1.7441953039673686e-05,1.8351831625988997e-05,788.835941514989
1728361260.0,1.8351831625988997e-05,2.1719306859680827e-05,1.8351831625988997e-05,2.141780587120629e-05,719.0267233616682
1728361320.0,2.141780587120629e-05,2.141780587120629e-05,2.037969619986173e-05,2.0441351389315523e-05,194.4912110045796
1728361380.0,2.0441351389315523e-05,2.0519441092865763e-05,2.019889540231752e-05,2.019889540231752e-05,78.91130742237732
1728361440.0,2.019889540231752e-05,2.027600244255842e-05,1.767534076860246e-05,1.839424808688949e-05,765.2439037695128
1728361500.0,1.839424808688949e-05,1.895861149495367e-05,1.7919320709007114e-05,1.895861149495367e-05,560.9314644795165
1728361560.0,1.895861149495367e-05,2.0862570888610603e-05,1.8930148353893328e-05,2.0862570888610603e-05,395.5765068720373
1728361620.0,2.0862570888610603e-05,2.1209620796920543e-05,2.079079676892357e-05,2.1208074024184336e-05,392.17321992264016
1728361680.0,2.1208074024184336e-05,2.1699974699374275e-05,2.1208074024184336e-05,2.147211154926904e-05,142.72976552960455
1728361740.0,2.147211154926904e-05,2.247923919930068e-05,2.147211154926904e-05,2.232547032185993e-05,224.41376684244196
1728361800.0,2.232547032185993e-05,2.232547032185993e-05,2.0198742382158062e-05,2.052386177318196e-05,577.456550935235
1728361860.0,2.052386177318196e-05,2.052386177318196e-05,2.052386177318196e-05,2.052386177318196e-05,0.0
1728361920.0,2.052386177318196e-05,2.1018703978831142e-05,2.0487015340090457e-05,2.1018703978831142e-05,233.24617252341775
1728361980.0,2.1018703978831142e-05,2.1115848421304613e-05,2.0515953638067625e-05,2.0515953638067625e-05,132.06169284354556
1728362040.0,2.0515953638067625e-05,2.0621395470244634e-05,2.0515953638067625e-05,2.0518746026036156e-05,57.99707939481969
1728362100.0,2.0518746026036156e-05,2.182314838255228e-05,2.0518746026036156e-05,2.182314838255228e-05,253.92086335414572
1728362160.0,2.182314838255228e-05,2.1994272520078084e-05,2.1531203624088275e-05,2.1531203624088275e-05,127.0345219910094
1728362220.0,2.1531203624088275e-05,2.1531203624088275e-05,2.0740923279956105e-05,2.115608879449195e-05,271.4196827240244
1728362280.0,2.115608879449195e-05,2.115608879449195e-05,1.8302112860446065e-05,1.8586669671903503e-05,747.1857474651031
1728362340.0,1.8586669671903503e-05,1.8874928294242164e-05,1.7936382146374934e-05,1.8874928294242164e-05,330.2739123927208
1728362400.0,1.8874928294242164e-05,1.9280465268161236e-05,1.883445394852293e-05,1.9280465268161236e-05,152.85045123518503
1728362460.0,1.9280465268161236e-05,2.0141232564731913e-05,1.9280465268161236e-05,2.0141232564731913e-05,172.91121998299326
1728362520.0,2.0141232564731913e-05,2.0141232564731913e-05,1.9869757525803488e-05,1.9869757525803488e-05,66.8474717074619
1728362580.0,1.9869757525803488e-05,1.9869757525803488e-05,1.8627412638163964e-05,1.8627412638163964e-05,239.7100654390684
1728362640.0,1.8627412638163964e-05,1.8627412638163964e-05,1.7146535354913813e-05,1.7146535354913813e-05,350.9881225518579
1728362700.0,1.7146535354913813e-05,1.8189234625240543e-05,1.7054815070907533e-05,1.8189234625240543e-05,248.811720588262
1728362760.0,1.8189234625240543e-05,1.8189234625240543e-05,1.7910695029035948e-05,1.7910695029035948e-05,65.50110098358769
1728362820.0,1.7910695029035948e-05,1.819823004929751e-05,1.7910695029035948e-05,1.819823004929751e-05,75.35821162759113
1728362880.0,1.819823004929751e-05,1.819823004929751e-05,1.819823004929751e-05,1.819823004929751e-05,0.0
1728362940.0,1.819823004929751e-05,1.830553162382665e-05,1.819823004929751e-05,1.830553162382665e-05,7.123207779859759
1728363000.0,1.830553162382665e-05,1.830553162382665e-05,1.7901897123576358e-05,1.7901897123576358e-05,128.36436234536643
1728363060.0,1.7901897123576358e-05,1.7901897123576358e-05,1.6358259148626615e-05,1.6358259148626615e-05,259.03688339870024
1728363120.0,1.6358259148626615e-05,1.6358259148626615e-05,1.5907560018453216e-05,1.5907560018453216e-05,88.12452592877467
1728363180.0,1.5907560018453216e-05,1.5907560018453216e-05,1.5056439449838402e-05,1.5056439449838402e-05,195.47423500511564
1728363240.0,1.5056439449838402e-05,1.5056439449838402e-05,1.372556341850161e-05,1.3846953376896837e-05,360.1394667166263
1728363300.0,1.3846953376896837e-05,1.3846953376896837e-05,1.3846953376896837e-05,1.3846953376896837e-05,0.0
1728363360.0,1.3846953376896837e-05,1.388804854908835e-05,1.3605433241734638e-05,1.3605433241734638e-05,96.59315648176396
1728363420.0,1.3605433241734638e-05,1.3605433241734638e-05,1.3498554874572618e-05,1.3498554874572618e-05,21.70195858364516
1728363480.0,1.3498554874572618e-05,1.3498554874572618e-05,1.2253062943152548e-05,1.2253062943152548e-05,371.4207628966544
1728363540.0,1.2253062943152548e-05,1.2253062943152548e-05,9.888843272709849e-06,1.0718387062271526e-05,975.4420268631676
1728363600.0,1.0718387062271526e-05,1.102908589406426e-05,1.0718387062271526e-05,1.0946858959504444e-05,251.81245949336903
1728363660.0,1.0946858959504444e-05,1.099990028779435e-05,1.085404272489145e-05,1.0890462711323002e-05,170.094551909725
1728363720.0,1.0890462711323002e-05,1.090258356328164e-05,9.41447105685185e-06,9.41447105685185e-06,437.58736453201226
1728363780.0,9.41447105685185e-06,9.448042997045474e-06,9.357905665092662e-06,9.401370586813642e-06,102.41430636222678
1728363840.0,9.401370586813642e-06,1.0205679882491644e-05,9.401370586813642e-06,1.0003459350537758e-05,259.7453302240032
1728363900.0,1.0003459350537758e-05,1.0867256693328432e-05,1.0003459350537758e-05,1.0867256693328432e-05,347.16676840532574
1728363960.0,1.0867256693328432e-05,1.0950098988984734e-05,1.0783306805429755e-05,1.0918538143085074e-05,128.8255116344307
1728364020.0,1.0918538143085074e-05,1.0978592302932868e-05,9.425511317241974e-06,9.425511317241974e-06,475.3496739562355
1728364080.0,9.425511317241974e-06,9.66107877374954e-06,9.425511317241974e-06,9.66107877374954e-06,63.42791722705539
1728364140.0,9.66107877374954e-06,1.0859494655031282e-05,9.66107877374954e-06,1.0859494655031282e-05,308.0151682587514
1728364200.0,1.0859494655031282e-05,1.177558388188821e-05,1.0859494655031282e-05,1.177558388188821e-05,237.2228009038763
1728364260.0,1.177558388188821e-05,1.177558388188821e-05,1.1274761851740308e-05,1.1306757122010677e-05,149.98061855741963
1728364320.0,1.1306757122010677e-05,1.1306757122010677e-05,1.0778063629763568e-05,1.0778063629763568e-05,190.9411636301942
1728364380.0,1.0778063629763568e-05,1.0778063629763568e-05,9.882723934382452e-06,9.961247846627997e-06,313.44389670577925
1728364440.0,9.961247846627997e-06,9.961247846627997e-06,9.90106715483916e-06,9.90106715483916e-06,3.070496411571627
1728364500.0,9.90106715483916e-06,9.962334721427334e-06,9.90106715483916e-06,9.962334721427334e-06,7.197675364201158
1728364560.0,9.962334721427334e-06,9.962334721427334e-06,9.962334721427334e-06,9.962334721427334e-06,0.0
1728364620.0,9.962334721427334e-06,1.0528164631563612e-05,9.962334721427334e-06,1.0528164631563612e-05,198.36039447928755
1728364680.0,1.0528164631563612e-05,1.0739992458653032e-05,1.0528164631563612e-05,1.0739992458653032e-05,71.96580982670447
1728364740.0,1.0739992458653032e-05,1.0739992458653032e-05,1.0739992458653032e-05,1.0739992458653032e-05,0.0
1728364800.0,1.0739992458653032e-05,1.0862700789501795e-05,1.0456781544507166e-05,1.0862700789501795e-05,244.57311350874625
1728364860.0,1.0862700789501795e-05,1.166667863052324e-05,1.0862700789501795e-05,1.166667863052324e-05,197.1379563719459
1728364920.0,1.166667863052324e-05,1.2999663182522906e-05,1.166667863052324e-05,1.2999663182522906e-05,328.4224275398909
1728364980.0,1.2999663182522906e-05,1.2999663182522906e-05,1.159463141460688e-05,1.159463141460688e-05,356.0480728148279
1728365040.0,1.159463141460688e-05,1.159463141460688e-05,1.159463141460688e-05,1.159463141460688e-05,0.0
1728365100.0,1.159463141460688e-05,1.1778345521229202e-05,1.159463141460688e-05,1.1778345521229202e-05,71.69826649981044
1728365160.0,1.1778345521229202e-05,1.1996917891765023e-05,1.1778345521229202e-05,1.1996917891765023e-05,71.67792873781896
1728365220.0,1.1996917891765023e-05,1.219768558806448e-05,1.1996917891765023e-05,1.219768558806448e-05,20.681862748012268
1728365280.0,1.219768558806448e-05,1.219768558806448e-05,1.19685805453498e-05,1.19685805453498e-05,69.18848612268243
1728365340.0,1.19685805453498e-05,1.19685805453498e-05,1.19685805453498e-05,1.19685805453498e-05,0.0
1728365400.0,1.19685805453498e-05,1.19685805453498e-05,1.19685805453498e-05,1.19685805453498e-05,0.0
1728365460.0,1.19685805453498e-05,1.223431192787602e-05,1.19685805453498e-05,1.223431192787602e-05,143.25820727518254
1728365520.0,1.223431192787602e-05,1.3152275958680756e-05,1.223431192787602e-05,1.3152275958680756e-05,178.3801244963074
1728365580.0,1.3152275958680756e-05,1.3152275958680756e-05,1.3048725960457262e-05,1.3138366200293524e-05,74.7137351153365
1728365640.0,1.3138366200293524e-05,1.3354914903096958e-05,1.3138366200293524e-05,1.3354914903096958e-05,42.96399377870938
1728365700.0,1.3354914903096958e-05,1.3475976771289491e-05,1.3350743527866964e-05,1.3475976771289491e-05,26.924163490435753
1728365760.0,1.3475976771289491e-05,1.444304483351393e-05,1.3475976771289491e-05,1.444304483351393e-05,386.19265905035854
1728365820.0,1.444304483351393e-05,1.5519271640946138e-05,1.444304483351393e-05,1.5519271640946138e-05,61.59639666017447
1728365880.0,1.5519271640946138e-05,1.5519271640946138e-05,1.4175428246810366e-05,1.4175428246810366e-05,368.11292982805304
1728365940.0,1.4175428246810366e-05,1.4175428246810366e-05,1.355511667369658e-05,1.355511667369658e-05,72.01915883052497
1728366000.0,1.355511667369658e-05,1.355511667369658e-05,1.355511667369658e-05,1.355511667369658e-05,0.0
1728366060.0,1.355511667369658e-05,1.4225477166758592e-05,1.355511667369658e-05,1.4225477166758592e-05,158.49842292325388
1728366120.0,1.4225477166758592e-05,1.5128481646917054e-05,1.4225477166758592e-05,1.5068079294546388e-05,244.07113179622823
1728366180.0,1.5068079294546388e-05,1.5152371739668877e-05,1.5068079294546388e-05,1.5152371739668877e-05,7.167018799365308
1728366240.0,1.5152371739668877e-05,1.561622231545752e-05,1.5152371739668877e-05,1.561622231545752e-05,108.69092929675053
1728366300.0,1.561622231545752e-05,1.561622231545752e-05,1.5251102620221784e-05,1.5251102620221784e-05,177.65400694165646
1728366360.0,1.5251102620221784e-05,1.5251102620221784e-05,1.4298221437660173e-05,1.4298221437660173e-05,194.8384739311197
1728366420.0,1.4298221437660173e-05,1.4298221437660173e-05,1.3754370754971162e-05,1.3754370754971162e-05,204.5715590353788
1728366480.0,1.3754370754971162e-05,1.3893655823886692e-05,1.3754370754971162e-05,1.3893655823886692e-05,29.21993903848917
1728366540.0,1.3893655823886692e-05,1.3893655823886692e-05,1.3812639522401564e-05,1.3812639522401564e-05,5.741187015566116
1728366600.0,1.3812639522401564e-05,1.3812639522401564e-05,1.3737402256947376e-05,1.3737402256947376e-05,27.878568613682702
1728366660.0,1.3737402256947376e-05,1.3737402256947376e-05,1.322107410594303e-05,1.322107410594303e-05,117.88775608711704
1728366720.0,1.322107410594303e-05,1.322107410594303e-05,1.3116368719136562e-05,1.3116368719136562e-05,17.30186144356609
1728366780.0,1.3116368719136562e-05,1.3116368719136562e-05,1.301878695994275e-05,1.301878695994275e-05,27.420764650064232
1728366840.0,1.301878695994275e-05,1.301878695994275e-05,1.2901733783128153e-05,1.2901733783128153e-05,26.427786136655214
1728366900.0,1.2901733783128153e-05,1.2911471339667738e-05,1.2768810225969225e-05,1.2905130863573664e-05,151.66365438968742
1728366960.0,1.2905130863573664e-05,1.2905130863573664e-05,1.278772877169344e-05,1.278772877169344e-05,9.335110095651766
1728367020.0,1.278772877169344e-05,1.278772877169344e-05,1.278772877169344e-05,1.278772877169344e-05,0.0
1728367080.0,1.278772877169344e-05,1.278772877169344e-05,1.278772877169344e-05,1.278772877169344e-05,0.0
1728367140.0,1.278772877169344e-05,1.278772877169344e-05,1.2650686445600866e-05,1.2650686445600866e-05,31.114104990340913
1728367200.0,1.2650686445600866e-05,1.2650686445600866e-05,1.2476742699829096e-05,1.2476742699829096e-05,71.6181596317707
1728367260.0,1.2476742699829096e-05,1.2476742699829096e-05,1.2138289765535044e-05,1.2138289765535044e-05,90.44478778955654
1728367320.0,1.2138289765535044e-05,1.2138289765535044e-05,1.2138289765535044e-05,1.2138289765535044e-05,0.0
1728367380.0,1.2138289765535044e-05,1.2138289765535044e-05,1.1928037758835733e-05,1.1928037758835733e-05,10.231665397521972
1728367440.0,1.1928037758835733e-05,1.1928037758835733e-05,1.1928037758835733e-05,1.1928037758835733e-05,0.0
1728367500.0,1.1928037758835733e-05,1.1928037758835733e-05,1.1928037758835733e-05,1.1928037758835733e-05,0.0
1728367560.0,1.1928037758835733e-05,1.1928037758835733e-05,1.1928037758835733e-05,1.1928037758835733e-05,0.0
1728367620.0,1.1928037758835733e-05,1.1928037758835733e-05,1.1928037758835733e-05,1.1928037758835733e-05,0.0
1728367680.0,1.1928037758835733e-05,1.1928037758835733e-05,1.147372084055596e-05,1.147372084055596e-05,202.70551221251552
1728367740.0,1.147372084055596e-05,1.147372084055596e-05,1.0787452399601012e-05,1.0787452399601012e-05,117.78897026860798
1728367800.0,1.0787452399601012e-05,1.0787452399601012e-05,9.18640297726133e-06,9.18640297726133e-06,491.7921890972093
1728367860.0,9.18640297726133e-06,9.374060426226094e-06,9.18640297726133e-06,9.374060426226094e-06,79.39667106832401
1728367920.0,9.374060426226094e-06,9.672282509422284e-06,9.374060426226094e-06,9.672282509422284e-06,97.17946591418826
1728367980.0,9.672282509422284e-06,9.672282509422284e-06,9.672282509422284e-06,9.672282509422284e-06,0.0
1728368040.0,9.672282509422284e-06,9.7528602182683e-06,9.672282509422284e-06,9.70260526547636e-06,27.527396250645552
1728368100.0,9.70260526547636e-06,9.70260526547636e-06,9.183987955472016e-06,9.183987955472016e-06,168.8812137846008
1728368160.0,9.183987955472016e-06,9.183987955472016e-06,9.183987955472016e-06,9.183987955472016e-06,0.0
1728368220.0,9.183987955472016e-06,9.183987955472016e-06,8.099184982533988e-06,8.11697009088353e-06,281.9773487943309
1728368280.0,8.11697009088353e-06,8.11697009088353e-06,7.806635710622326e-06,7.806635710622326e-06,158.07705794129006
1728368340.0,7.806635710622326e-06,7.806635710622326e-06,7.806635710622326e-06,7.806635710622326e-06,0.0
1728368400.0,7.806635710622326e-06,7.806635710622326e-06,7.806635710622326e-06,7.806635710622326e-06,0.0
1728368460.0,7.806635710622326e-06,7.806635710622326e-06,7.598084841266327e-06,7.599201789795781e-06,52.975044080132754
1728368520.0,7.599201789795781e-06,7.599201789795781e-06,7.599201789795781e-06,7.599201789795781e-06,0.0
1728368580.0,7.599201789795781e-06,7.599201789795781e-06,7.282450052588001e-06,7.282450052588001e-06,147.83022076053197
1728368640.0,7.282450052588001e-06,7.282450052588001e-06,6.5687212263005815e-06,6.5687212263005815e-06,267.7719801469655
1728368700.0,6.5687212263005815e-06,7.206655113925528e-06,6.5687212263005815e-06,7.206655113925528e-06,243.14379636480876
1728368760.0,7.206655113925528e-06,8.139561907541827e-06,7.206655113925528e-06,8.139561907541827e-06,305.2523725253477
1728368820.0,8.139561907541827e-06,8.139561907541827e-06,8.139561907541827e-06,8.139561907541827e-06,0.0
1728368880.0,8.139561907541827e-06,8.19852533347448e-06,8.139561907541827e-06,8.19852533347448e-06,15.575515595290025
1728368940.0,8.19852533347448e-06,8.19852533347448e-06,8.19852533347448e-06,8.19852533347448e-06,0.0
1728369000.0,8.19852533347448e-06,8.220825724327332e-06,8.135669616642753e-06,8.220825724327332e-06,19.971667952430263
1728369060.0,8.220825724327332e-06,8.220825724327332e-06,8.208558934382627e-06,8.208558934382627e-06,0.7195359706624262
1728369120.0,8.208558934382627e-06,8.264035976619193e-06,8.208558934382627e-06,8.264035976619193e-06,7.082879956518173
1728369180.0,8.264035976619193e-06,8.264035976619193e-06,8.264035976619193e-06,8.264035976619193e-06,0.0
1728369240.0,8.264035976619193e-06,8.264035976619193e-06,7.900926094155056e-06,7.900926094155056e-06,117.24316606281018
1728369300.0,7.900926094155056e-06,7.916074881550994e-06,7.889648744416e-06,7.916074881550994e-06,15.609162594769929
1728369360.0,7.916074881550994e-06,7.916074881550994e-06,7.827266385300945e-06,7.907093692466279e-06,125.20453393636258
1728369420.0,7.907093692466279e-06,7.907093692466279e-06,7.907093692466279e-06,7.907093692466279e-06,0.0
1728369480.0,7.907093692466279e-06,7.964196621135391e-06,7.769707863637983e-06,7.769707863637983e-06,68.2943873987415
1728369540.0,7.769707863637983e-06,7.769707863637983e-06,7.705576983626245e-06,7.705576983626245e-06,33.76813855135772
1728369600.0,7.705576983626245e-06,7.705576983626245e-06,7.319978517572243e-06,7.319978517572243e-06,198.001399267994
1728369660.0,7.319978517572243e-06,7.319978517572243e-06,7.319978517572243e-06,7.319978517572243e-06,0.0
1728369720.0,7.319978517572243e-06,7.319978517572243e-06,7.319978517572243e-06,7.319978517572243e-06,0.0
1728369780.0,7.319978517572243e-06,7.319978517572243e-06,7.319978517572243e-06,7.319978517572243e-06,0.0
1728369840.0,7.319978517572243e-06,7.319978517572243e-06,7.319978517572243e-06,7.319978517572243e-06,0.0
1728369900.0,7.319978517572243e-06,7.319978517572243e-06,7.319978517572243e-06,7.319978517572243e-06,0.0
1728369960.0,7.319978517572243e-06,7.319978517572243e-06,7.015650250654392e-06,7.118132107323188e-06,44.30715460766197
1728370020.0,7.118132107323188e-06,7.118132107323188e-06,7.118132107323188e-06,7.118132107323188e-06,0.0
1728370080.0,7.118132107323188e-06,7.121681561582837e-06,7.118132107323188e-06,7.121681561582837e-06,10.40311150401424
1728370140.0,7.121681561582837e-06,7.121681561582837e-06,7.121681561582837e-06,7.121681561582837e-06,0.0
1728370200.0,7.121681561582837e-06,7.121681561582837e-06,7.121681561582837e-06,7.121681561582837e-06,0.0
1728370260.0,7.121681561582837e-06,7.121681561582837e-06,7.121681561582837e-06,7.121681561582837e-06,0.0
1728370320.0,7.121681561582837e-06,7.121681561582837e-06,7.103252228449395e-06,7.103252228449395e-06,8.037307889762697
1728370380.0,7.103252228449395e-06,7.1496597568339e-06,7.103252228449395e-06,7.1496597568339e-06,14.4113091542395
1728370440.0,7.1496597568339e-06,7.1496597568339e-06,7.1496597568339e-06,7.1496597568339e-06,0.0
1728370500.0,7.1496597568339e-06,7.1496597568339e-06,7.1496597568339e-06,7.1496597568339e-06,0.0
1728370560.0,7.1496597568339e-06,7.1496597568339e-06,7.1496597568339e-06,7.1496597568339e-06,0.0
1728370620.0,7.1496597568339e-06,7.1496597568339e-06,7.135479735110552e-06,7.135479735110552e-06,0.7061234837348538
1728370680.0,7.135479735110552e-06,7.135479735110552e-06,7.135479735110552e-06,7.135479735110552e-06,0.0
1728370740.0,7.135479735110552e-06,7.135479735110552e-06,7.135479735110552e-06,7.135479735110552e-06,0.0
1728370800.0,7.135479735110552e-06,7.135479735110552e-06,7.135479735110552e-06,7.135479735110552e-06,0.0
1728370860.0,7.135479735110552e-06,7.135479735110552e-06,7.135479735110552e-06,7.135479735110552e-06,0.0
1728370920.0,7.135479735110552e-06,7.135479735110552e-06,7.135479735110552e-06,7.135479735110552e-06,0.0
1728370980.0,7.135479735110552e-06,7.135479735110552e-06,7.135479735110552e-06,7.135479735110552e-06,0.0
1728371040.0,7.135479735110552e-06,7.135479735110552e-06,7.135479735110552e-06,7.135479735110552e-06,0.0
1728371100.0,7.135479735110552e-06,7.135479735110552e-06,7.135479735110552e-06,7.135479735110552e-06,0.0
1728371160.0,7.135479735110552e-06,7.135479735110552e-06,7.135479735110552e-06,7.135479735110552e-06,0.0
1728371220.0,7.135479735110552e-06,7.135479735110552e-06,7.135479735110552e-06,7.135479735110552e-06,0.0
1728371280.0,7.135479735110552e-06,7.135479735110552e-06,7.135479735110552e-06,7.135479735110552e-06,0.0
1728371340.0,7.135479735110552e-06,7.135479735110552e-06,7.135479735110552e-06,7.135479735110552e-06,0.0
1728371400.0,7.135479735110552e-06,7.135479735110552e-06,7.135479735110552e-06,7.135479735110552e-06,0.0
1728371460.0,7.135479735110552e-06,7.135479735110552e-06,7.135479735110552e-06,7.135479735110552e-06,0.0
1728371520.0,7.135479735110552e-06,7.135479735110552e-06,7.135479735110552e-06,7.135479735110552e-06,0.0
1728371580.0,7.135479735110552e-06,7.135479735110552e-06,7.0548981444356655e-06,7.0548981444356655e-06,28.70876670728665
1728371640.0,7.0548981444356655e-06,7.0548981444356655e-06,7.0548981444356655e-06,7.0548981444356655e-06,0.0
1728371700.0,7.0548981444356655e-06,7.0548981444356655e-06,7.0548981444356655e-06,7.0548981444356655e-06,0.0
1728371760.0,7.0548981444356655e-06,7.0548981444356655e-06,6.90982326687464e-06,6.90982326687464e-06,54.39446218841034
1728371820.0,6.90982326687464e-06,6.90982326687464e-06,6.626674408771446e-06,6.626674408771446e-06,125.307989200826
1728371880.0,6.626674408771446e-06,6.626674408771446e-06,6.608147037323703e-06,6.608147037323703e-06,99.05755570806096
1728371940.0,6.608147037323703e-06,6.608147037323703e-06,6.608147037323703e-06,6.608147037323703e-06,0.0
1728372000.0,6.608147037323703e-06,6.686939969554508e-06,6.608147037323703e-06,6.686939969554508e-06,14.58394140149414
1728372060.0,6.686939969554508e-06,6.7198650719977005e-06,6.686939969554508e-06,6.7198650719977005e-06,14.250701292388763
1728372120.0,6.7198650719977005e-06,6.773671032276806e-06,6.7198650719977005e-06,6.773671032276806e-06,20.32101309683042
1728372180.0,6.773671032276806e-06,6.773671032276806e-06,6.766814152842793e-06,6.766814152842793e-06,3.1660348854211273
1728372240.0,6.766814152842793e-06,6.766814152842793e-06,6.727915335488163e-06,6.727915335488163e-06,21.776814386481323
1728372300.0,6.727915335488163e-06,6.727915335488163e-06,6.727915335488163e-06,6.727915335488163e-06,0.0
1728372360.0,6.727915335488163e-06,6.727915335488163e-06,6.687516883977429e-06,6.687516883977429e-06,2.3230023028413327
1728372420.0,6.687516883977429e-06,6.687516883977429e-06,6.687516883977429e-06,6.687516883977429e-06,0.0
1728372480.0,6.687516883977429e-06,6.687516883977429e-06,6.687516883977429e-06,6.687516883977429e-06,0.0
1728372540.0,6.687516883977429e-06,6.687516883977429e-06,6.687516883977429e-06,6.687516883977429e-06,0.0
1728372600.0,6.687516883977429e-06,6.687516883977429e-06,6.687516883977429e-06,6.687516883977429e-06,0.0
1728372660.0,6.687516883977429e-06,6.687516883977429e-06,6.687516883977429e-06,6.687516883977429e-06,0.0
1728372720.0,6.687516883977429e-06,6.687516883977429e-06,6.687516883977429e-06,6.687516883977429e-06,0.0
1728372780.0,6.687516883977429e-06,6.687516883977429e-06,6.687516883977429e-06,6.687516883977429e-06,0.0
1728372840.0,6.687516883977429e-06,6.687516883977429e-06,6.687516883977429e-06,6.687516883977429e-06,0.0
1728372900.0,6.687516883977429e-06,6.687516883977429e-06,6.687516883977429e-06,6.687516883977429e-06,0.0
1728372960.0,6.687516883977429e-06,6.687516883977429e-06,6.687516883977429e-06,6.687516883977429e-06,0.0
1728373020.0,6.687516883977429e-06,6.687516883977429e-06,6.687516883977429e-06,6.687516883977429e-06,0.0
1728373080.0,6.687516883977429e-06,6.687516883977429e-06,6.687516883977429e-06,6.687516883977429e-06,0.0
1728373140.0,6.687516883977429e-06,6.687516883977429e-06,6.687516883977429e-06,6.687516883977429e-06,0.0
1728373200.0,6.687516883977429e-06,6.687516883977429e-06,6.687516883977429e-06,6.687516883977429e-06,0.0
1728373260.0,6.687516883977429e-06,6.687516883977429e-06,6.687516883977429e-06,6.687516883977429e-06,0.0
1728373320.0,6.687516883977429e-06,6.687516883977429e-06,6.687516883977429e-06,6.687516883977429e-06,0.0
1728373380.0,6.687516883977429e-06,6.687516883977429e-06,6.687516883977429e-06,6.687516883977429e-06,0.0
1728373440.0,6.687516883977429e-06,6.687516883977429e-06,6.687516883977429e-06,6.687516883977429e-06,0.0
1728373500.0,6.687516883977429e-06,6.687516883977429e-06,6.687516883977429e-06,6.687516883977429e-06,0.0
1728373560.0,6.687516883977429e-06,6.687516883977429e-06,6.687516883977429e-06,6.687516883977429e-06,0.0
1728373620.0,6.687516883977429e-06,6.687516883977429e-06,6.687516883977429e-06,6.687516883977429e-06,0.0
1728373680.0,6.687516883977429e-06,6.687516883977429e-06,6.687516883977429e-06,6.687516883977429e-06,0.0
1728373740.0,6.687516883977429e-06,6.687516883977429e-06,6.687516883977429e-06,6.687516883977429e-06,0.0
1728373800.0,6.687516883977429e-06,6.687516883977429e-06,6.687516883977429e-06,6.687516883977429e-06,0.0
1728373860.0,6.687516883977429e-06,6.687516883977429e-06,6.687516883977429e-06,6.687516883977429e-06,0.0
1728373920.0,6.687516883977429e-06,6.868083643623886e-06,6.687516883977429e-06,6.868083643623886e-06,85.6777875632852
1728373980.0,6.868083643623886e-06,6.868083643623886e-06,6.868083643623886e-06,6.868083643623886e-06,0.0
1728374040.0,6.868083643623886e-06,6.868083643623886e-06,6.868083643623886e-06,6.868083643623886e-06,0.0
1728374100.0,6.868083643623886e-06,6.868083643623886e-06,6.868083643623886e-06,6.868083643623886e-06,0.0
1728374160.0,6.868083643623886e-06,6.868083643623886e-06,6.868083643623886e-06,6.868083643623886e-06,0.0
1728374220.0,6.868083643623886e-06,6.868083643623886e-06,6.868083643623886e-06,6.868083643623886e-06,0.0
1728374280.0,6.868083643623886e-06,6.868083643623886e-06,6.868083643623886e-06,6.868083643623886e-06,0.0
1728374340.0,6.868083643623886e-06,6.868083643623886e-06,6.868083643623886e-06,6.868083643623886e-06,0.0
1728374400.0,6.868083643623886e-06,6.868083643623886e-06,6.868083643623886e-06,6.868083643623886e-06,0.0
1728374460.0,6.868083643623886e-06,6.868083643623886e-06,6.868083643623886e-06,6.868083643623886e-06,0.0
1728374520.0,6.868083643623886e-06,6.868083643623886e-06,6.868083643623886e-06,6.868083643623886e-06,0.0
1728374580.0,6.868083643623886e-06,6.868083643623886e-06,6.868083643623886e-06,6.868083643623886e-06,0.0
1728374640.0,6.868083643623886e-06,6.868083643623886e-06,6.868083643623886e-06,6.868083643623886e-06,0.0
1728374700.0,6.868083643623886e-06,6.868083643623886e-06,6.868083643623886e-06,6.868083643623886e-06,0.0
1728374760.0,6.868083643623886e-06,6.868083643623886e-06,6.868083643623886e-06,6.868083643623886e-06,0.0
1728374820.0,6.868083643623886e-06,6.868083643623886e-06,6.868083643623886e-06,6.868083643623886e-06,0.0
1728374880.0,6.868083643623886e-06,6.868083643623886e-06,6.868083643623886e-06,6.868083643623886e-06,0.0
1728374940.0,6.868083643623886e-06,6.868083643623886e-06,6.868083643623886e-06,6.868083643623886e-06,0.0
1728375000.0,6.868083643623886e-06,6.868083643623886e-06,6.868083643623886e-06,6.868083643623886e-06,0.0
1728375060.0,6.868083643623886e-06,6.868083643623886e-06,6.868083643623886e-06,6.868083643623886e-06,0.0
1728375120.0,6.868083643623886e-06,6.962043929953259e-06,6.868083643623886e-06,6.962043929953259e-06,0.9216192782478464
1728375180.0,6.962043929953259e-06,6.962043929953259e-06,6.962043929953259e-06,6.962043929953259e-06,0.0
1728375240.0,6.962043929953259e-06,6.962043929953259e-06,6.962043929953259e-06,6.962043929953259e-06,0.0
1728375300.0,6.962043929953259e-06,6.962043929953259e-06,6.962043929953259e-06,6.962043929953259e-06,0.0
1728375360.0,6.962043929953259e-06,6.962043929953259e-06,6.962043929953259e-06,6.962043929953259e-06,0.0
1728375420.0,6.962043929953259e-06,6.962043929953259e-06,6.962043929953259e-06,6.962043929953259e-06,0.0
1728375480.0,6.962043929953259e-06,6.962043929953259e-06,6.962043929953259e-06,6.962043929953259e-06,0.0
1728375540.0,6.962043929953259e-06,6.962043929953259e-06,6.962043929953259e-06,6.962043929953259e-06,0.0
1728375600.0,6.962043929953259e-06,6.962043929953259e-06,6.962043929953259e-06,6.962043929953259e-06,0.0
1728375660.0,6.962043929953259e-06,6.962043929953259e-06,6.962043929953259e-06,6.962043929953259e-06,0.0
1728375720.0,6.962043929953259e-06,6.962043929953259e-06,6.962043929953259e-06,6.962043929953259e-06,0.0
1728375780.0,6.962043929953259e-06,6.962043929953259e-06,6.962043929953259e-06,6.962043929953259e-06,0.0
1728375840.0,6.962043929953259e-06,6.962043929953259e-06,6.962043929953259e-06,6.962043929953259e-06,0.0
1728375900.0,6.962043929953259e-06,6.962043929953259e-06,6.962043929953259e-06,6.962043929953259e-06,0.0
1728375960.0,6.962043929953259e-06,6.962043929953259e-06,6.962043929953259e-06,6.962043929953259e-06,0.0
1728376020.0,6.962043929953259e-06,6.962043929953259e-06,6.962043929953259e-06,6.962043929953259e-06,0.0
1728376080.0,6.962043929953259e-06,6.962043929953259e-06,6.962043929953259e-06,6.962043929953259e-06,0.0
1728376140.0,6.962043929953259e-06,6.962043929953259e-06,6.962043929953259e-06,6.962043929953259e-06,0.0
1728376200.0,6.962043929953259e-06,6.962043929953259e-06,6.77411795619902e-06,6.77411795619902e-06,70.80447322779179
1728376260.0,6.77411795619902e-06,6.77411795619902e-06,6.762108646825061e-06,6.762108646825061e-06,0.8494678958837021
1728376320.0,6.762108646825061e-06,6.762108646825061e-06,6.762108646825061e-06,6.762108646825061e-06,0.0
1728376380.0,6.762108646825061e-06,6.762108646825061e-06,6.762108646825061e-06,6.762108646825061e-06,0.0
1728376440.0,6.762108646825061e-06,6.762108646825061e-06,6.762108646825061e-06,6.762108646825061e-06,0.0
1728376500.0,6.762108646825061e-06,6.762108646825061e-06,6.762108646825061e-06,6.762108646825061e-06,0.0
1728376560.0,6.762108646825061e-06,6.762108646825061e-06,6.742742157725091e-06,6.742742157725091e-06,14.031627098736948
1728376620.0,6.742742157725091e-06,6.742742157725091e-06,6.742742157725091e-06,6.742742157725091e-06,0.0
1728376680.0,6.742742157725091e-06,6.742742157725091e-06,6.742742157725091e-06,6.742742157725091e-06,0.0
1728376740.0,6.742742157725091e-06,6.742742157725091e-06,6.742742157725091e-06,6.742742157725091e-06,0.0
1728376800.0,6.742742157725091e-06,6.742742157725091e-06,6.619594345470786e-06,6.619594345470786e-06,53.444791440983465
1728376860.0,6.619594345470786e-06,6.619594345470786e-06,6.619594345470786e-06,6.619594345470786e-06,0.0
1728376920.0,6.619594345470786e-06,6.619594345470786e-06,6.619594345470786e-06,6.619594345470786e-06,0.0
1728376980.0,6.619594345470786e-06,6.619594345470786e-06,6.451052860469395e-06,6.451052860469395e-06,38.0007307078528
1728377040.0,6.451052860469395e-06,6.451052860469395e-06,6.451052860469395e-06,6.451052860469395e-06,0.0
1728377100.0,6.451052860469395e-06,6.451052860469395e-06,6.451052860469395e-06,6.451052860469395e-06,0.0
1728377160.0,6.451052860469395e-06,6.451052860469395e-06,6.451052860469395e-06,6.451052860469395e-06,0.0
1728377220.0,6.451052860469395e-06,6.451052860469395e-06,6.369786067451271e-06,6.369786067451271e-06,45.92438493611521
1728377280.0,6.369786067451271e-06,6.369786067451271e-06,6.369786067451271e-06,6.369786067451271e-06,0.0
1728377340.0,6.369786067451271e-06,6.369786067451271e-06,6.369786067451271e-06,6.369786067451271e-06,0.0
1728377400.0,6.369786067451271e-06,6.369786067451271e-06,6.369786067451271e-06,6.369786067451271e-06,0.0
1728377460.0,6.369786067451271e-06,6.369786067451271e-06,6.369786067451271e-06,6.369786067451271e-06,0.0
1728377520.0,6.369786067451271e-06,6.369786067451271e-06,6.369786067451271e-06,6.369786067451271e-06,0.0
1728377580.0,6.369786067451271e-06,6.369786067451271e-06,6.369786067451271e-06,6.369786067451271e-06,0.0
1728377640.0,6.369786067451271e-06,6.369786067451271e-06,6.369786067451271e-06,6.369786067451271e-06,0.0
1728377700.0,6.369786067451271e-06,6.369786067451271e-06,6.369786067451271e-06,6.369786067451271e-06,0.0
1728377760.0,6.369786067451271e-06,6.369786067451271e-06,6.369786067451271e-06,6.369786067451271e-06,0.0
1728377820.0,6.369786067451271e-06,6.369786067451271e-06,6.369786067451271e-06,6.369786067451271e-06,0.0
1728377880.0,6.369786067451271e-06,6.369786067451271e-06,6.369786067451271e-06,6.369786067451271e-06,0.0
1728377940.0,6.369786067451271e-06,6.369786067451271e-06,6.297286086283747e-06,6.297286086283747e-06,1.3917356271831145
1728378000.0,6.297286086283747e-06,6.297286086283747e-06,6.297286086283747e-06,6.297286086283747e-06,0.0
1728378060.0,6.297286086283747e-06,6.297286086283747e-06,6.297286086283747e-06,6.297286086283747e-06,0.0
1728378120.0,6.297286086283747e-06,6.297286086283747e-06,6.297286086283747e-06,6.297286086283747e-06,0.0
1728378180.0,6.297286086283747e-06,6.297286086283747e-06,6.297286086283747e-06,6.297286086283747e-06,0.0
1728378240.0,6.297286086283747e-06,6.297286086283747e-06,6.297286086283747e-06,6.297286086283747e-06,0.0
1728378300.0,6.297286086283747e-06,6.297286086283747e-06,6.238390429705403e-06,6.238390429705403e-06,38.91125368496196
1728378360.0,6.238390429705403e-06,6.238390429705403e-06,6.238390429705403e-06,6.238390429705403e-06,0.0
1728378420.0,6.238390429705403e-06,6.238390429705403e-06,6.238390429705403e-06,6.238390429705403e-06,0.0
1728378480.0,6.238390429705403e-06,6.238390429705403e-06,6.238390429705403e-06,6.238390429705403e-06,0.0
1728378540.0,6.238390429705403e-06,6.238390429705403e-06,6.238390429705403e-06,6.238390429705403e-06,0.0
1728378600.0,6.238390429705403e-06,6.238390429705403e-06,6.238390429705403e-06,6.238390429705403e-06,0.0
1728378660.0,6.238390429705403e-06,6.238390429705403e-06,6.238390429705403e-06,6.238390429705403e-06,0.0
1728378720.0,6.238390429705403e-06,6.238390429705403e-06,6.238390429705403e-06,6.238390429705403e-06,0.0
1728378780.0,6.238390429705403e-06,6.238390429705403e-06,6.238390429705403e-06,6.238390429705403e-06,0.0
1728378840.0,6.238390429705403e-06,6.238390429705403e-06,6.238390429705403e-06,6.238390429705403e-06,0.0
1728378900.0,6.238390429705403e-06,6.238390429705403e-06,6.238390429705403e-06,6.238390429705403e-06,0.0
1728378960.0,6.238390429705403e-06,6.238390429705403e-06,6.238390429705403e-06,6.238390429705403e-06,0.0
1728379020.0,6.238390429705403e-06,6.238390429705403e-06,6.238390429705403e-06,6.238390429705403e-06,0.0
1728379080.0,6.238390429705403e-06,6.238390429705403e-06,6.238390429705403e-06,6.238390429705403e-06,0.0
1728379140.0,6.238390429705403e-06,6.238390429705403e-06,6.238390429705403e-06,6.238390429705403e-06,0.0
1728379200.0,6.238390429705403e-06,6.238390429705403e-06,6.238390429705403e-06,6.238390429705403e-06,0.0
1728379260.0,6.238390429705403e-06,6.238390429705403e-06,6.238390429705403e-06,6.238390429705403e-06,0.0
1728379320.0,6.238390429705403e-06,6.238390429705403e-06,6.238390429705403e-06,6.238390429705403e-06,0.0
1728379380.0,6.238390429705403e-06,6.238390429705403e-06,6.238390429705403e-06,6.238390429705403e-06,0.0
1728379440.0,6.238390429705403e-06,6.238390429705403e-06,6.153548006674958e-06,6.153548006674958e-06,13.734620242004612
1728379500.0,6.153548006674958e-06,6.153548006674958e-06,6.153548006674958e-06,6.153548006674958e-06,0.0
1728379560.0,6.153548006674958e-06,6.153548006674958e-06,6.153548006674958e-06,6.153548006674958e-06,0.0
1728379620.0,6.153548006674958e-06,6.153548006674958e-06,6.153548006674958e-06,6.153548006674958e-06,0.0
1728379680.0,6.153548006674958e-06,6.153548006674958e-06,6.153548006674958e-06,6.153548006674958e-06,0.0
1728379740.0,6.153548006674958e-06,6.153548006674958e-06,6.153548006674958e-06,6.153548006674958e-06,0.0
1728379800.0,6.153548006674958e-06,6.153548006674958e-06,6.153548006674958e-06,6.153548006674958e-06,0.0
1728379860.0,6.153548006674958e-06,6.153548006674958e-06,6.153548006674958e-06,6.153548006674958e-06,0.0
1728379920.0,6.153548006674958e-06,6.153548006674958e-06,6.153548006674958e-06,6.153548006674958e-06,0.0
1728379980.0,6.153548006674958e-06,6.153548006674958e-06,6.153548006674958e-06,6.153548006674958e-06,0.0
1728380040.0,6.153548006674958e-06,6.153548006674958e-06,5.751262489249705e-06,5.751262489249705e-06,140.19092953124658
1728380100.0,5.751262489249705e-06,5.751262489249705e-06,5.751262489249705e-06,5.751262489249705e-06,0.0
1728380160.0,5.751262489249705e-06,5.751262489249705e-06,5.751262489249705e-06,5.751262489249705e-06,0.0
1728380220.0,5.751262489249705e-06,5.751262489249705e-06,5.751262489249705e-06,5.751262489249705e-06,0.0
1728380280.0,5.751262489249705e-06,5.751262489249705e-06,5.751262489249705e-06,5.751262489249705e-06,0.0
1728380340.0,5.751262489249705e-06,5.751262489249705e-06,5.700007265609275e-06,5.700007265609275e-06,14.604878355298045
1728380400.0,5.700007265609275e-06,5.700007265609275e-06,5.700007265609275e-06,5.700007265609275e-06,0.0
1728380460.0,5.700007265609275e-06,5.700007265609275e-06,5.700007265609275e-06,5.700007265609275e-06,0.0
1728380520.0,5.700007265609275e-06,5.700007265609275e-06,5.700007265609275e-06,5.700007265609275e-06,0.0
1728380580.0,5.700007265609275e-06,5.700007265609275e-06,5.700007265609275e-06,5.700007265609275e-06,0.0
1728380640.0,5.700007265609275e-06,5.700007265609275e-06,5.700007265609275e-06,5.700007265609275e-06,0.0
1728380700.0,5.700007265609275e-06,5.700007265609275e-06,5.700007265609275e-06,5.700007265609275e-06,0.0
1728380760.0,5.700007265609275e-06,5.700007265609275e-06,5.700007265609275e-06,5.700007265609275e-06,0.0
1728380820.0,5.700007265609275e-06,5.700007265609275e-06,5.700007265609275e-06,5.700007265609275e-06,0.0
1728380880.0,5.700007265609275e-06,5.700007265609275e-06,5.668852807448163e-06,5.668852807448163e-06,4.996212810271702
1728380940.0,5.668852807448163e-06,5.668852807448163e-06,5.668852807448163e-06,5.668852807448163e-06,0.0
1728381000.0,5.668852807448163e-06,5.668852807448163e-06,5.668852807448163e-06,5.668852807448163e-06,0.0
1728381060.0,5.668852807448163e-06,5.668852807448163e-06,5.668852807448163e-06,5.668852807448163e-06,0.0
1728381120.0,5.668852807448163e-06,5.668852807448163e-06,5.668852807448163e-06,5.668852807448163e-06,0.0
1728381180.0,5.668852807448163e-06,5.668852807448163e-06,5.668852807448163e-06,5.668852807448163e-06,0.0
1728381240.0,5.668852807448163e-06,5.668852807448163e-06,5.570580742820556e-06,5.570580742820556e-06,39.361145106625195
1728381300.0,5.570580742820556e-06,5.570580742820556e-06,5.570580742820556e-06,5.570580742820556e-06,0.0
1728381360.0,5.570580742820556e-06,5.570580742820556e-06,5.570580742820556e-06,5.570580742820556e-06,0.0
1728381420.0,5.570580742820556e-06,5.570580742820556e-06,5.570580742820556e-06,5.570580742820556e-06,0.0
1728381480.0,5.570580742820556e-06,5.570580742820556e-06,5.570580742820556e-06,5.570580742820556e-06,0.0
1728381540.0,5.570580742820556e-06,5.570580742820556e-06,5.570580742820556e-06,5.570580742820556e-06,0.0
1728381600.0,5.570580742820556e-06,5.570580742820556e-06,5.570580742820556e-06,5.570580742820556e-06,0.0
1728381660.0,5.570580742820556e-06,5.570580742820556e-06,5.4764210183035525e-06,5.4764210183035525e-06,64.36780270739311
1728381720.0,5.4764210183035525e-06,5.4764210183035525e-06,5.4764210183035525e-06,5.4764210183035525e-06,0.0
1728381780.0,5.4764210183035525e-06,7.0156874711791885e-06,5.4764210183035525e-06,6.0640630476381804e-06,1096.4873979245344
1728381840.0,6.0640630476381804e-06,6.0640630476381804e-06,6.0640630476381804e-06,6.0640630476381804e-06,0.0
1728381900.0,6.0640630476381804e-06,6.0640630476381804e-06,6.0640630476381804e-06,6.0640630476381804e-06,0.0
1728381960.0,6.0640630476381804e-06,6.0640630476381804e-06,6.0640630476381804e-06,6.0640630476381804e-06,0.0
1728382020.0,6.0640630476381804e-06,6.0640630476381804e-06,6.0640630476381804e-06,6.0640630476381804e-06,0.0
1728382080.0,6.0640630476381804e-06,6.0640630476381804e-06,5.749002523885574e-06,5.749002523885574e-06,7.573234349033388
1728382140.0,5.749002523885574e-06,5.749002523885574e-06,5.749002523885574e-06,5.749002523885574e-06,0.0
1728382200.0,5.749002523885574e-06,5.749002523885574e-06,5.749002523885574e-06,5.749002523885574e-06,0.0
1728382260.0,5.749002523885574e-06,5.749002523885574e-06,5.749002523885574e-06,5.749002523885574e-06,0.0
1728382320.0,5.749002523885574e-06,5.749002523885574e-06,5.749002523885574e-06,5.749002523885574e-06,0.0
1728382380.0,5.749002523885574e-06,5.749002523885574e-06,5.749002523885574e-06,5.749002523885574e-06,0.0
1728382440.0,5.749002523885574e-06,5.749002523885574e-06,5.707514475781115e-06,5.707514475781115e-06,16.47551694094328
1728382500.0,5.707514475781115e-06,6.022022611300763e-06,5.707514475781115e-06,6.022022611300763e-06,215.39157611732057
1728382560.0,6.022022611300763e-06,6.022022611300763e-06,6.022022611300763e-06,6.022022611300763e-06,0.0
1728382620.0,6.022022611300763e-06,6.504408378417121e-06,6.022022611300763e-06,6.504408378417121e-06,62.61631424159932
1728382680.0,6.504408378417121e-06,6.504408378417121e-06,6.490640745838407e-06,6.490640745838407e-06,8.104733103496905
1728382740.0,6.490640745838407e-06,6.490640745838407e-06,6.490640745838407e-06,6.490640745838407e-06,0.0
1728382800.0,6.490640745838407e-06,6.490640745838407e-06,6.490640745838407e-06,6.490640745838407e-06,0.0
1728382860.0,6.490640745838407e-06,6.490640745838407e-06,6.490640745838407e-06,6.490640745838407e-06,0.0
1728382920.0,6.490640745838407e-06,6.490640745838407e-06,6.490640745838407e-06,6.490640745838407e-06,0.0
1728382980.0,6.490640745838407e-06,6.490640745838407e-06,6.267051480608349e-06,6.267051480608349e-06,76.48190767004493
1728383040.0,6.267051480608349e-06,6.267051480608349e-06,6.267051480608349e-06,6.267051480608349e-06,0.0
1728383100.0,6.267051480608349e-06,6.267051480608349e-06,6.267051480608349e-06,6.267051480608349e-06,0.0
1728383160.0,6.267051480608349e-06,6.267051480608349e-06,6.267051480608349e-06,6.267051480608349e-06,0.0
1728383220.0,6.267051480608349e-06,6.267051480608349e-06,6.267051480608349e-06,6.267051480608349e-06,0.0
1728383280.0,6.267051480608349e-06,6.267051480608349e-06,6.267051480608349e-06,6.267051480608349e-06,0.0
1728383340.0,6.267051480608349e-06,6.267051480608349e-06,6.267051480608349e-06,6.267051480608349e-06,0.0
1728383400.0,6.267051480608349e-06,6.267051480608349e-06,6.267051480608349e-06,6.267051480608349e-06,0.0
1728383460.0,6.267051480608349e-06,6.267051480608349e-06,6.267051480608349e-06,6.267051480608349e-06,0.0
1728383520.0,6.267051480608349e-06,6.267051480608349e-06,6.267051480608349e-06,6.267051480608349e-06,0.0
1728383580.0,6.267051480608349e-06,6.267051480608349e-06,6.267051480608349e-06,6.267051480608349e-06,0.0
1728383640.0,6.267051480608349e-06,6.267051480608349e-06,6.267051480608349e-06,6.267051480608349e-06,0.0
1728383700.0,6.267051480608349e-06,6.267051480608349e-06,6.267051480608349e-06,6.267051480608349e-06,0.0
1728383760.0,6.267051480608349e-06,6.267051480608349e-06,5.925220496813156e-06,5.925220496813156e-06,211.92922445297316
1728383820.0,5.925220496813156e-06,5.925220496813156e-06,5.925220496813156e-06,5.925220496813156e-06,0.0
1728383880.0,5.925220496813156e-06,5.925220496813156e-06,5.925220496813156e-06,5.925220496813156e-06,0.0
1728383940.0,5.925220496813156e-06,5.925220496813156e-06,5.925220496813156e-06,5.925220496813156e-06,0.0
1728384000.0,5.925220496813156e-06,5.925220496813156e-06,5.925220496813156e-06,5.925220496813156e-06,0.0
1728384060.0,5.925220496813156e-06,5.925220496813156e-06,5.925220496813156e-06,5.925220496813156e-06,0.0
1728384120.0,5.925220496813156e-06,5.925220496813156e-06,5.621719847979032e-06,5.621719847979032e-06,0.4216289885984274
1728384180.0,5.621719847979032e-06,5.621719847979032e-06,5.621719847979032e-06,5.621719847979032e-06,0.0
1728384240.0,5.621719847979032e-06,5.621719847979032e-06,5.621719847979032e-06,5.621719847979032e-06,0.0
1728384300.0,5.621719847979032e-06,5.621719847979032e-06,5.621719847979032e-06,5.621719847979032e-06,0.0
1728384360.0,5.621719847979032e-06,5.621719847979032e-06,5.621719847979032e-06,5.621719847979032e-06,0.0
1728384420.0,5.621719847979032e-06,5.621719847979032e-06,5.621719847979032e-06,5.621719847979032e-06,0.0
1728384480.0,5.621719847979032e-06,5.621719847979032e-06,5.621719847979032e-06,5.621719847979032e-06,0.0
1728384540.0,5.621719847979032e-06,5.621719847979032e-06,5.621719847979032e-06,5.621719847979032e-06,0.0
1728384600.0,5.621719847979032e-06,5.621719847979032e-06,5.621719847979032e-06,5.621719847979032e-06,0.0
1728384660.0,5.621719847979032e-06,5.621719847979032e-06,5.621719847979032e-06,5.621719847979032e-06,0.0
1728384720.0,5.621719847979032e-06,5.621719847979032e-06,5.621719847979032e-06,5.621719847979032e-06,0.0
1728384780.0,5.621719847979032e-06,5.621719847979032e-06,5.621719847979032e-06,5.621719847979032e-06,0.0
1728384840.0,5.621719847979032e-06,5.621719847979032e-06,5.621719847979032e-06,5.621719847979032e-06,0.0
1728384900.0,5.621719847979032e-06,5.621719847979032e-06,5.621719847979032e-06,5.621719847979032e-06,0.0
1728384960.0,5.621719847979032e-06,5.621719847979032e-06,5.621719847979032e-06,5.621719847979032e-06,0.0
1728385020.0,5.621719847979032e-06,5.621719847979032e-06,5.621719847979032e-06,5.621719847979032e-06,0.0
1728385080.0,5.621719847979032e-06,5.621719847979032e-06,5.621719847979032e-06,5.621719847979032e-06,0.0
1728385140.0,5.621719847979032e-06,5.621719847979032e-06,5.621719847979032e-06,5.621719847979032e-06,0.0
1728385200.0,5.621719847979032e-06,5.621719847979032e-06,5.621719847979032e-06,5.621719847979032e-06,0.0
1728385260.0,5.621719847979032e-06,5.621719847979032e-06,5.621719847979032e-06,5.621719847979032e-06,0.0
1728385320.0,5.621719847979032e-06,5.621719847979032e-06,5.621719847979032e-06,5.621719847979032e-06,0.0
1728385380.0,5.621719847979032e-06,5.621719847979032e-06,5.621719847979032e-06,5.621719847979032e-06,0.0
1728385440.0,5.621719847979032e-06,5.621719847979032e-06,5.621719847979032e-06,5.621719847979032e-06,0.0
1728385500.0,5.621719847979032e-06,5.621719847979032e-06,5.621719847979032e-06,5.621719847979032e-06,0.0
1728385560.0,5.621719847979032e-06,5.621719847979032e-06,5.621719847979032e-06,5.621719847979032e-06,0.0
1728385620.0,5.621719847979032e-06,5.621719847979032e-06,5.621719847979032e-06,5.621719847979032e-06,0.0
1728385680.0,5.621719847979032e-06,5.621719847979032e-06,5.621719847979032e-06,5.621719847979032e-06,0.0
1728385740.0,5.621719847979032e-06,5.621719847979032e-06,5.621719847979032e-06,5.621719847979032e-06,0.0
1728385800.0,5.621719847979032e-06,5.621719847979032e-06,5.621719847979032e-06,5.621719847979032e-06,0.0
1728385860.0,5.621719847979032e-06,5.621719847979032e-06,5.621719847979032e-06,5.621719847979032e-06,0.0
1728385920.0,5.621719847979032e-06,5.621719847979032e-06,5.621719847979032e-06,5.621719847979032e-06,0.0
1728385980.0,5.621719847979032e-06,5.621719847979032e-06,5.621719847979032e-06,5.621719847979032e-06,0.0
1728386040.0,5.621719847979032e-06,5.621719847979032e-06,5.621719847979032e-06,5.621719847979032e-06,0.0
1728386100.0,5.621719847979032e-06,5.621719847979032e-06,5.621719847979032e-06,5.621719847979032e-06,0.0
1728386160.0,5.621719847979032e-06,5.621719847979032e-06,5.621719847979032e-06,5.621719847979032e-06,0.0
1728386220.0,5.621719847979032e-06,5.621719847979032e-06,5.621719847979032e-06,5.621719847979032e-06,0.0
1728386280.0,5.621719847979032e-06,5.621719847979032e-06,5.621719847979032e-06,5.621719847979032e-06,0.0
1728386340.0,5.621719847979032e-06,5.621719847979032e-06,5.621719847979032e-06,5.621719847979032e-06,0.0
1728386400.0,5.621719847979032e-06,5.621719847979032e-06,5.621719847979032e-06,5.621719847979032e-06,0.0
1728386460.0,5.621719847979032e-06,5.621719847979032e-06,5.621719847979032e-06,5.621719847979032e-06,0.0
1728386520.0,5.621719847979032e-06,5.621719847979032e-06,5.621719847979032e-06,5.621719847979032e-06,0.0
1728386580.0,5.621719847979032e-06,5.621719847979032e-06,5.621719847979032e-06,5.621719847979032e-06,0.0
1728386640.0,5.621719847979032e-06,5.621719847979032e-06,5.621719847979032e-06,5.621719847979032e-06,0.0
1728386700.0,5.621719847979032e-06,5.621719847979032e-06,5.621719847979032e-06,5.621719847979032e-06,0.0
1728386760.0,5.621719847979032e-06,5.621719847979032e-06,5.621719847979032e-06,5.621719847979032e-06,0.0
1728386820.0,5.621719847979032e-06,5.621719847979032e-06,5.621719847979032e-06,5.621719847979032e-06,0.0
1728386880.0,5.621719847979032e-06,5.621719847979032e-06,5.395369718367161e-06,5.395369718367161e-06,176.55969734364518
1728386940.0,5.395369718367161e-06,5.395369718367161e-06,5.395369718367161e-06,5.395369718367161e-06,0.0
1728387000.0,5.395369718367161e-06,5.395369718367161e-06,5.395369718367161e-06,5.395369718367161e-06,0.0
1728387060.0,5.395369718367161e-06,5.395369718367161e-06,5.395369718367161e-06,5.395369718367161e-06,0.0
1728387120.0,5.395369718367161e-06,5.395369718367161e-06,5.395369718367161e-06,5.395369718367161e-06,0.0
1728387180.0,5.395369718367161e-06,5.395369718367161e-06,5.395369718367161e-06,5.395369718367161e-06,0.0
1728387240.0,5.395369718367161e-06,5.395369718367161e-06,5.395369718367161e-06,5.395369718367161e-06,0.0
1728387300.0,5.395369718367161e-06,5.395369718367161e-06,5.395369718367161e-06,5.395369718367161e-06,0.0
1728387360.0,5.395369718367161e-06,5.395369718367161e-06,5.395369718367161e-06,5.395369718367161e-06,0.0
1728387420.0,5.395369718367161e-06,5.395369718367161e-06,5.395369718367161e-06,5.395369718367161e-06,0.0
1728387480.0,5.395369718367161e-06,5.395369718367161e-06,5.395369718367161e-06,5.395369718367161e-06,0.0
1728387540.0,5.395369718367161e-06,5.395369718367161e-06,5.395369718367161e-06,5.395369718367161e-06,0.0
1728387600.0,5.395369718367161e-06,5.395369718367161e-06,5.395369718367161e-06,5.395369718367161e-06,0.0
1728387660.0,5.395369718367161e-06,5.395369718367161e-06,5.395369718367161e-06,5.395369718367161e-06,0.0
1728387720.0,5.395369718367161e-06,5.395369718367161e-06,5.395369718367161e-06,5.395369718367161e-06,0.0
1728387780.0,5.395369718367161e-06,5.395369718367161e-06,5.395369718367161e-06,5.395369718367161e-06,0.0
1728387840.0,5.395369718367161e-06,5.395369718367161e-06,5.395369718367161e-06,5.395369718367161e-06,0.0
1728387900.0,5.395369718367161e-06,5.395369718367161e-06,5.395369718367161e-06,5.395369718367161e-06,0.0
1728387960.0,5.395369718367161e-06,5.395369718367161e-06,5.395369718367161e-06,5.395369718367161e-06,0.0
1728388020.0,5.395369718367161e-06,5.395369718367161e-06,5.395369718367161e-06,5.395369718367161e-06,0.0
1728388080.0,5.395369718367161e-06,5.395369718367161e-06,5.395369718367161e-06,5.395369718367161e-06,0.0
1728388140.0,5.395369718367161e-06,5.395369718367161e-06,5.395369718367161e-06,5.395369718367161e-06,0.0
1728388200.0,5.395369718367161e-06,5.395369718367161e-06,5.395369718367161e-06,5.395369718367161e-06,0.0
1728388260.0,5.395369718367161e-06,5.395369718367161e-06,5.395369718367161e-06,5.395369718367161e-06,0.0
1728388320.0,5.395369718367161e-06,5.395369718367161e-06,5.395369718367161e-06,5.395369718367161e-06,0.0
1728388380.0,5.395369718367161e-06,5.395369718367161e-06,5.120102824162996e-06,5.120102824162996e-06,28.692498729743132
1728388440.0,5.120102824162996e-06,5.120102824162996e-06,5.120102824162996e-06,5.120102824162996e-06,0.0
1728388500.0,5.120102824162996e-06,5.120102824162996e-06,5.120102824162996e-06,5.120102824162996e-06,0.0
1728388560.0,5.120102824162996e-06,5.120102824162996e-06,5.120102824162996e-06,5.120102824162996e-06,0.0
1728388620.0,5.120102824162996e-06,5.120102824162996e-06,5.120102824162996e-06,5.120102824162996e-06,0.0
1728388680.0,5.120102824162996e-06,5.120102824162996e-06,4.980361753980468e-06,4.980361753980468e-06,74.65670166004962
1728388740.0,4.980361753980468e-06,4.980361753980468e-06,4.980361753980468e-06,4.980361753980468e-06,0.0
1728388800.0,4.980361753980468e-06,5.095481920406805e-06,4.980361753980468e-06,5.095481920406805e-06,142.91866577079543
1728388860.0,5.095481920406805e-06,5.095481920406805e-06,5.095481920406805e-06,5.095481920406805e-06,0.0
1728388920.0,5.095481920406805e-06,5.256300232843506e-06,5.095481920406805e-06,5.256300232843506e-06,7.684551409276728
1728388980.0,5.256300232843506e-06,5.256300232843506e-06,5.256300232843506e-06,5.256300232843506e-06,0.0
1728389040.0,5.256300232843506e-06,5.256300232843506e-06,5.256300232843506e-06,5.256300232843506e-06,0.0
1728389100.0,5.256300232843506e-06,5.273799083150502e-06,5.256300232843506e-06,5.273799083150502e-06,1.4867150199133063
1728389160.0,5.273799083150502e-06,5.273799083150502e-06,5.273799083150502e-06,5.273799083150502e-06,0.0
1728389220.0,5.273799083150502e-06,5.273799083150502e-06,5.273799083150502e-06,5.273799083150502e-06,0.0
1728389280.0,5.273799083150502e-06,5.273799083150502e-06,5.273799083150502e-06,5.273799083150502e-06,0.0
1728389340.0,5.273799083150502e-06,5.273799083150502e-06,5.273799083150502e-06,5.273799083150502e-06,0.0
