time,open,high,low,close,volume,usd_vol,price_change,vol_change,norm_open,mov_in_min
1731026040.0,8.038950532182534e-05,8.188331516868903e-05,7.946195923260776e-05,8.037368674305474e-05,749.30806452721,0.06023057814667571,-0.00019677417726690955,0.0,1.0,0.030120298991613254
1731026100.0,8.037368674305474e-05,8.946882849797407e-05,5.10722357690676e-05,6.114495522202527e-05,11910.57847368202,0.8427844453069975,-0.2392416262115918,12.992634160917696,0.9998032258227331,0.4777259111138684
1731026160.0,6.114495522202527e-05,7.91443196899833e-05,6.06003369031597e-05,7.078699889608633e-05,9723.27565950746,0.6414053790939448,0.15769156488952435,-0.23894492516374954,0.760608676185307,0.3032790312706581
1731026220.0,7.078699889608633e-05,7.361576897127184e-05,5.369302455653198e-05,5.386130437440013e-05,8467.048482841688,0.5277016135475815,-0.23910738957209812,-0.1772728593373855,0.8805502486015176,0.28144637751892804
1731026280.0,5.386130437440013e-05,5.44120602733869e-05,2.6583179310126608e-05,3.541835390821573e-05,15908.44137073119,0.7101501046939549,-0.3424155927970842,0.3457417723622755,0.6700041772713468,0.5166766992833384
1731026340.0,3.541835390821573e-05,4.175126787450269e-05,1.9209341752314255e-05,2.0718669165608105e-05,10854.727612784063,0.30467604722946584,-0.4150301502068917,-0.5709695102266182,0.44058429973445584,0.6364475938267576
1731026400.0,2.0718669165608105e-05,2.789489766626676e-05,1.979391404259088e-05,2.679065587176338e-05,3950.6344204708967,0.09384598739298977,0.29306837507857175,-0.6919810787675411,0.25772853163686643,0.39099922678060256
1731026460.0,2.679065587176338e-05,2.876352495204063e-05,2.1768208531136737e-05,2.2280989853562513e-05,4597.960915911205,0.1128147545622448,-0.1683298102064732,0.2021265660493437,0.33326061361506915,0.2611103085489133
1731026520.0,2.2280989853562513e-05,2.7726494704799673e-05,2.2280989853562513e-05,2.762188834350305e-05,2126.486898340014,0.053058908337758726,0.239706517755385,-0.5296811259870816,0.27716291777595176,0.24440138822497046
1731026580.0,2.762188834350305e-05,3.0514242464565172e-05,2.7049532825054302e-05,3.0210575868897626e-05,2087.533114176567,0.060363592058908816,0.09371870211051166,0.13767120263105379,0.3436006756469473,0.12543348218717296
1731026640.0,3.0210575868897626e-05,3.653688489354094e-05,3.0210575868897626e-05,3.5965375159116655e-05,3469.487115202769,0.1147983047139925,0.19048955952354774,0.9017805401964955,0.37580248501287405,0.2094070981002508
1731026700.0,3.5965375159116655e-05,4.543077916592847e-05,3.5965375159116655e-05,4.33627908988976e-05,3745.6821021576984,0.1485690459002489,0.20568159534145206,0.2941745635564264,0.4473889348508311,0.26318101687902135
1731026760.0,4.33627908988976e-05,5.139728820335615e-05,3.896337138559597e-05,4.315767118952499e-05,5652.88075294664,0.24454492743784678,-0.004730316133268526,0.6460018704167846,0.5394086047090629,0.2867416178711939
1731026820.0,4.315767118952499e-05,4.3618419441870886e-05,3.412296700306445e-05,3.6880445079379e-05,2803.2143575145005,0.1121819983367033,-0.14544867545284906,-0.5412622150372949,0.5368570314837838,0.22001772053704144
1731026880.0,3.6880445079379e-05,4.389320571843659e-05,3.6880445079379e-05,4.389320571843659e-05,3478.4620498077625,0.140484039462313,0.19014848177574312,0.25228683340676367,0.458771887346919,0.19014848177574312
1731026940.0,4.389320571843659e-05,4.5104710538530445e-05,3.90213986615649e-05,4.0878951264145936e-05,3940.639630652119,0.16702826069071375,-0.06867246091858287,0.1889483056580363,0.5460066652073279,0.1385934742608776
1731027000.0,4.0878951264145936e-05,4.4222342794567645e-05,4.0878951264145936e-05,4.351214160032345e-05,1421.446447948054,0.05997870959532718,0.06441433194219522,-0.6409068181199002,0.5085110438295919,0.08178760528414357
1731027060.0,4.351214160032345e-05,4.385172072547959e-05,3.994124909121296e-05,3.994124909121296e-05,595.6843302785403,0.024855938571780617,-0.08206657677092942,-0.5855873069046972,0.5412664430031034,0.08987081514364181
1731027120.0,3.994124909121296e-05,4.336380189998502e-05,3.772263392422568e-05,4.336380189998502e-05,1854.1345442144975,0.07722938637516516,0.08568967888200121,2.1070798695505726,0.49684655890486135,0.14123664392359697
1731027180.0,4.336380189998502e-05,4.368939409437139e-05,4.137409992931896e-05,4.137409992931896e-05,611.4418282363288,0.025906148807710087,-0.04588393737373725,-0.664555811930667,0.5394211809910462,0.053392324095393295
1731027240.0,4.137409992931896e-05,4.326103446078381e-05,4.0416351781364185e-05,4.0416351781364185e-05,623.6391845150183,0.02550386530298271,-0.02314849506311756,-0.015528495096409379,0.5146704133043857,0.06875515562342886
1731027300.0,4.0416351781364185e-05,4.0416351781364185e-05,3.0183971269339677e-05,3.0183971269339677e-05,1619.640598813128,0.05717357475112114,-0.2531742738032733,1.241761163333725,0.5027565677828764,0.2531742738032733
1731027360.0,3.0183971269339677e-05,3.0183971269339677e-05,2.4907714760747043e-05,2.647777433804257e-05,1369.0708273836835,0.03878697146985131,-0.12278692217885172,-0.32159268265640994,0.37547153883462053,0.17480325771288283
1731027420.0,2.647777433804257e-05,3.0238830696070823e-05,2.6290241047712112e-05,3.0238830696070823e-05,839.2855896967815,0.02380071465082765,0.14204578942364,-0.38637347158368146,0.32936854421536027,0.14912845762438126
1731027480.0,3.0238830696070823e-05,3.1062836852913926e-05,2.9015609507885107e-05,2.9015609507885107e-05,630.877039464918,0.018691132905511363,-0.04045200029327387,-0.21468186230024,0.3761539590897462,0.0677019348269585
1731027540.0,2.9015609507885107e-05,2.9109350410823268e-05,2.253334519333278e-05,2.253334519333278e-05,1209.7869037898367,0.03118162515079447,-0.22340610535135397,0.6682576336290508,0.3609377790263317,0.2266368113240369
1731027600.0,2.253334519333278e-05,2.2613995932531545e-05,2.032842746020927e-05,2.032842746020927e-05,488.42770559669987,0.01046743863748846,-0.09785132718669332,-0.6643074699645101,0.2803020755398913,0.10143050011937571
1731027660.0,2.032842746020927e-05,2.032842746020927e-05,1.631221831748907e-05,1.6764455720826053e-05,1230.5798088853392,0.022822876547962327,-0.1753195984470177,1.1803687930133795,0.25287414543512815,0.19756614969758496
1731027720.0,1.6764455720826053e-05,1.6764455720826053e-05,1.4936609506302592e-05,1.4936609506302592e-05,413.99103374569614,0.0065619783821093645,-0.10903105027458629,-0.712482413497731,0.20854035179980876,0.10903105027458629
1731027780.0,1.4936609506302592e-05,0.0001117407963872,1.3175722484135982e-05,1.527291390459502e-05,30895.160815185212,0.46666404196489214,0.022515444227856472,70.11636381448757,0.18580297821844388,6.59889206191498
1731027840.0,1.527291390459502e-05,2.542883993363034e-05,1.527291390459502e-05,2.17269027522987e-05,6164.748352503278,0.11404727938925445,0.4225774392509298,-0.7556115982087294,0.18998641481189088,0.664963221326076
1731027900.0,2.17269027522987e-05,2.515933857093144e-05,2.17269027522987e-05,2.241438315157532e-05,1684.7014069068616,0.03718244323246729,0.031641896091419805,-0.673973430742175,0.27027038747556464,0.1579809077144964
1731027960.0,2.241438315157532e-05,2.3878195839020633e-05,2.1242275345411637e-05,2.3878195839020633e-05,636.346351075174,0.014729056861262498,0.06530684683787223,-0.6038706555893764,0.27882225499265423,0.11759951080446038
1731028020.0,2.3878195839020633e-05,2.4041636908367777e-05,2.3878195839020633e-05,2.4041636908367777e-05,23.13762420789493,0.0005543755411071251,0.00684478301664888,-0.962361776023478,0.2970312572944497,0.00684478301664888
1731028080.0,2.4041636908367777e-05,2.5135990712069744e-05,2.3688658063853464e-05,2.4739903588054784e-05,758.0060740337318,0.018488351998505383,0.029044057288959882,32.34986958764975,0.29906437179979256,0.060201085879993885
1731028140.0,2.4739903588054784e-05,3.225939586694331e-05,2.467184580636179e-05,3.155872775088589e-05,1594.094858324569,0.04487267937405789,0.2756204824550511,1.4270783776555878,0.30775041454743257,0.3066927901952306
1731028200.0,3.155872775088589e-05,3.186238856183162e-05,3.155872775088589e-05,3.1725955753534114e-05,175.3389024791254,0.005548133474701908,0.005298946268311711,-0.8763583197594964,0.3925727322807379,0.009622086585452003
1731028260.0,3.1725955753534114e-05,3.1980638020387216e-05,3.1725955753534114e-05,3.1980638020387216e-05,34.493706443409025,0.0010987382720735756,0.00802756798980695,-0.8019625380168762,0.39465295409549783,0.00802756798980695
1731028320.0,3.1980638020387216e-05,3.329093170016908e-05,3.1980638020387216e-05,3.329093170016908e-05,226.2642960194439,0.007384312886452859,0.04097146776579525,5.7207205520537086,0.39782105751687763,0.04097146776579525
1731028380.0,3.329093170016908e-05,3.4039311591960334e-05,3.329093170016908e-05,3.4039311591960334e-05,106.9076885947354,0.0035990603414413716,0.02247999240548306,-0.5126072802191048,0.41412037015148495,0.02247999240548306
1731028440.0,3.4039311591960334e-05,3.9465903914945805e-05,3.4039311591960334e-05,3.8415638705817135e-05,1248.4537154931345,0.04522832595256533,0.1285668513604851,11.566703989867545,0.42342979292744615,0.15942132990336874
1731028500.0,3.8415638705817135e-05,3.968940823972623e-05,3.802561184291999e-05,3.858667734381054e-05,519.4944137087175,0.020001136515207348,0.004452317955799291,-0.5577741140323392,0.4778688281763501,0.04331039266449302
1731028560.0,3.858667734381054e-05,4.049187931899314e-05,3.858667734381054e-05,4.049187931899314e-05,611.9890284923864,0.024197604533324677,0.049374605597861776,0.2098114782090834,0.4799964521405564,0.049374605597861776
1731028620.0,4.049187931899314e-05,4.078840132875205e-05,3.789547446789865e-05,3.789547446789865e-05,468.8950478401317,0.018377721001982976,-0.06412161882238493,-0.24051486267273361,0.5036960876533694,0.07144461826686424
1731028680.0,3.789547446789865e-05,3.789547446789865e-05,2.621701397295074e-05,2.621701397295074e-05,1974.5752409105592,0.0632974661542328,-0.3081755977178953,2.4442500322756526,0.47139827911853344,0.3081755977178953
1731028740.0,2.621701397295074e-05,2.621701397295074e-05,1.920788203088876e-05,1.9809679244976603e-05,1528.4992394202964,0.035175882788316626,-0.24439605267727552,-0.44427660496542076,0.32612483268799214,0.26735050564086404
1731028800.0,1.9809679244976603e-05,2.5543678711231747e-05,1.9809679244976603e-05,2.5543678711231747e-05,1359.0709183015583,0.030819214922801683,0.2894544326208204,-0.12385383166451684,0.24642121089900992,0.2894544326208204
1731028860.0,2.5543678711231747e-05,2.732203126301421e-05,2.495273209693449e-05,2.5099212856879696e-05,1917.4370877416843,0.048552279261588754,-0.017400228814991137,0.5753898787884831,0.31774892268551835,0.09275481393515655
1731028920.0,2.5099212856879696e-05,2.661709571807953e-05,2.1024814302769813e-05,2.1024814302769813e-05,2901.2757855294544,0.06690926156469701,-0.16233172639089716,0.37808693190704734,0.31222001872507343,0.22280704367893636
1731028980.0,2.1024814302769813e-05,2.1024814302769813e-05,2.0641149409482952e-05,2.0641149409482952e-05,24.999410672873793,0.000520812268961832,-0.018248194146300592,-0.9922161408333846,0.26153680407163404,0.018248194146300592
1731029040.0,2.0641149409482952e-05,2.0641149409482952e-05,1.8261960300713182e-05,1.8261960300713182e-05,490.8162193841963,0.00954713861512354,-0.11526437126009675,17.33124752255636,0.2567642296945319,0.11526437126009675
1731029100.0,1.8261960300713182e-05,1.9223572034152653e-05,1.8261960300713182e-05,1.8722794592870107e-05,454.0931026583896,0.008397261050343647,0.025234656333084193,-0.1204421147670761,0.22716846219670858,0.05265654494944428
1731029160.0,1.8722794592870107e-05,1.990976287936648e-05,1.8641840064235283e-05,1.990976287936648e-05,484.3524362348966,0.009355886664831226,0.06339696142094026,0.11415932037129509,0.23290098026995776,0.06772080999136958
1731029220.0,1.990976287936648e-05,2.1531942582206227e-05,1.990976287936648e-05,2.142427616484659e-05,1168.423760878788,0.024147836676175052,0.07606887609142128,1.5810313379432823,0.24766619473103144,0.08147659581224317
1731029280.0,2.142427616484659e-05,2.2108303423433456e-05,2.142427616484659e-05,2.2108303423433456e-05,280.86852635601605,0.0061134657387181,0.031927671830016484,-0.7468317422922683,0.2665058838100601,0.031927671830016484
1731029340.0,2.2108303423433456e-05,2.4842207586258543e-05,2.2108303423433456e-05,2.3581465424644483e-05,1019.3480713607464,0.02328688887810328,0.06663387836669392,2.8091141544511515,0.2750147962091162,0.12365960926369936
1731029400.0,2.3581465424644483e-05,2.3581465424644483e-05,2.2656787082633892e-05,2.2656787082633892e-05,34.99256515228622,0.0008089975316944001,-0.03921208141052291,-0.9652595271129111,0.29334009868875555,0.03921208141052291
1731029460.0,2.2656787082633892e-05,2.2656787082633892e-05,2.2620120559742748e-05,2.2620120559742748e-05,5.835049764658277,0.00013209650464155218,-0.0016183460945902862,-0.8367158125131935,0.28183762285800124,0.0016183460945902862
1731029520.0,2.2620120559742748e-05,2.2700561904413498e-05,2.1916375033683113e-05,2.252826542174025e-05,514.4634438923267,0.011613597069106894,-0.004060771372101999,86.91751985126886,0.2813815120417404,0.034667669814545984
1731029580.0,2.252826542174025e-05,2.3744154224027312e-05,2.252826542174025e-05,2.3744154224027312e-05,399.45227790894495,0.009241811715930234,0.053971700862229056,-0.20422487012966895,0.2802388860530025,0.053971700862229056
1731029640.0,2.3744154224027312e-05,2.4897995623102506e-05,2.346488977861226e-05,2.4897995623102506e-05,277.0191903048849,0.006737404482670391,0.04859475676364973,-0.2709866106602197,0.29536385538101945,0.060356154654691734
1731029700.0,2.4897995623102506e-05,3.146885159084208e-05,2.4897995623102506e-05,3.146885159084208e-05,1344.374615315519,0.03788907926989769,0.2639110419652643,4.62369075025168,0.3097169900900339,0.2639110419652643
1731029760.0,3.146885159084208e-05,3.146885159084208e-05,2.837441606740068e-05,2.925499908379896e-05,876.0692485862915,0.02659914911589947,-0.07035059734074897,-0.2979731989150737,0.3914547236590402,0.09833328408914443
1731029820.0,2.925499908379896e-05,2.925499908379896e-05,2.8598334919528773e-05,2.8598334919528773e-05,224.16330843174663,0.0064842973769964046,-0.022446220640418298,-0.7562216239044859,0.3639156500177689,0.022446220640418298
1731029880.0,2.8598334919528773e-05,2.8598334919528773e-05,2.8598334919528773e-05,2.8598334919528773e-05,0.0,0.0,0.0,-1.0,0.3557471190429688,0.0
1731029940.0,2.8598334919528773e-05,2.8598334919528773e-05,2.8322598180975227e-05,2.8322598180975227e-05,166.32354723658202,0.004733645752646001,-0.009641706040908533,0.0,0.3557471190429688,0.009641706040908533
1731030000.0,2.8322598180975227e-05,2.898093592323412e-05,2.8322598180975227e-05,2.898093592323412e-05,177.40920713733215,0.005083087275797427,0.023244256690444092,0.07382080143113703,0.3523171098962564,0.023244256690444092
1731030060.0,2.898093592323412e-05,2.9156287151534247e-05,2.898093592323412e-05,2.9156287151534247e-05,0.2043122479606353,5.939073368297421e-06,0.006050571615927266,-0.9988316011419722,0.36050645923512037,0.006050571615927266
1731030120.0,2.9156287151534247e-05,3.2227942991978254e-05,2.9156287151534247e-05,3.2227942991978254e-05,991.8961014327851,0.03044338928440145,0.10535140583846156,5124.94935211733,0.3626877293847269,0.10535140583846156
1731030180.0,3.2227942991978254e-05,3.9922812991011766e-05,3.2227942991978254e-05,3.9922812991011766e-05,1214.1475837532514,0.043800833021358884,0.23876391989860526,0.4387633588419639,0.4008973915557673,0.23876391989860526
1731030240.0,3.9922812991011766e-05,5.6623441739119265e-05,3.9922812991011766e-05,5.464348593996526e-05,3029.040604230065,0.14322257962684382,0.3687283496848709,2.269859720635981,0.49661722424074833,0.41832294612775617
1731030300.0,5.464348593996526e-05,5.496118596156832e-05,5.0514584669750255e-05,5.0514584669750255e-05,818.9021455524597,0.043057084822226546,-0.07556072236590605,-0.6993694364784611,0.679734073760121,0.0813747735037142
1731030360.0,5.0514584669750255e-05,5.0514584669750255e-05,2.468659434714458e-05,2.549069140561433e-05,4321.949915727554,0.16424549826438573,-0.49537957062766924,2.8145986645988716,0.6283728761300862,0.5112976874196157
1731030420.0,2.549069140561433e-05,3.985135316626565e-05,2.549069140561433e-05,3.289417107648341e-05,7008.583756831751,0.20459759941844285,0.29043855865119705,0.2456816264705314,0.31708979055869047,0.563368860112142
1731030480.0,3.289417107648341e-05,4.0059049614302816e-05,3.279722222513719e-05,3.893747666969679e-05,2390.3342932010028,0.08585082547241453,0.1837196498784504,-0.5803918241639165,0.40918489229156646,0.22076334960017366
1731030540.0,3.893747666969679e-05,4.0983152704145285e-05,3.893747666969679e-05,4.002265921821964e-05,484.6358957591062,0.019133458092650567,0.027869873482772308,-0.7771313439636233,0.4843601974389245,0.05253745772490043
1731030600.0,4.002265921821964e-05,4.002265921821964e-05,3.7488308831974904e-05,3.833485338008899e-05,1111.1294625662997,0.043532670430695364,-0.042171256760527985,1.275211841994045,0.49785925486163796,0.06332288847741074
1731030660.0,3.833485338008899e-05,3.833485338008899e-05,3.525583166644812e-05,3.525583166644812e-05,539.1934781955819,0.01983980871651897,-0.08031912064753338,-0.544254728225225,0.4768639043942627,0.08031912064753338
1731030720.0,3.525583166644812e-05,3.6419304032724335e-05,3.471795207765229e-05,3.6419304032724335e-05,784.8221205006431,0.028126115993297937,0.033000848690330487,0.41766064356657046,0.43856261492476606,0.048257320127017944
1731030780.0,3.6419304032724335e-05,3.6419304032724335e-05,3.423298984820728e-05,3.423298984820728e-05,706.5373281497068,0.024959241473140655,-0.06003173983095769,-0.11259551517571442,0.45303555342113394,0.06003173983095769
1731030840.0,3.423298984820728e-05,3.423298984820728e-05,2.5115539803381515e-05,2.5115539803381515e-05,1651.5531986330698,0.04900862699012553,-0.26633519553078794,0.9635463298379919,0.4258390409439825,0.26633519553078794
1731030900.0,2.5115539803381515e-05,2.5115539803381515e-05,2.252916434340015e-05,2.4763943723164776e-05,852.6014532748719,0.0212636600716667,-0.013999144870834111,-0.5661241422668096,0.3124231167095237,0.10297909104199862
1731030960.0,2.4763943723164776e-05,3.246658799808281e-05,2.4763943723164776e-05,3.206288986711281e-05,4099.306812022453,0.11647531302114565,0.2947408629878458,4.477670007354289,0.30804946023770957,0.3110427144006469
1731031020.0,3.206288986711281e-05,3.206288986711281e-05,3.124897007943494e-05,3.124897007943494e-05,257.7948483679072,0.008160735667405229,-0.025385103808522,-0.9299359198466057,0.3988442239911122,0.025385103808522
1731031080.0,3.124897007943494e-05,3.219263868550164e-05,2.746794429131819e-05,2.746794429131819e-05,1459.4428132705252,0.04284698934790824,-0.12099681296712747,4.25038318776128,0.3887195219616684,0.151195203623456
1731031140.0,2.746794429131819e-05,3.0098745401409303e-05,2.746794429131819e-05,3.0098745401409303e-05,477.3202332500533,0.013738872875783063,0.09577713869627412,-0.6793503327800606,0.3416856986662012,0.09577713869627412
1731031200.0,3.0098745401409303e-05,3.0098745401409303e-05,2.9383792172209292e-05,2.9383792172209292e-05,238.75826342065463,0.007100973687465507,-0.023753589050477007,-0.48314728932516027,0.3744113772178873,0.023753589050477007
1731031260.0,2.9383792172209292e-05,2.9383792172209292e-05,2.8738324535936304e-05,2.8861156176674427e-05,12.50584415397785,0.0003642011234038147,-0.017786540024237088,-0.9487111008386505,0.36551776322763047,0.021966791504993734
1731031320.0,2.8861156176674427e-05,2.8861156176674427e-05,2.8861156176674427e-05,2.8861156176674427e-05,0.0,0.0,0.0,-1.0,0.35901646690241257,0.0
1731031380.0,2.8861156176674427e-05,2.8861156176674427e-05,2.7346318295018725e-05,2.7346318295018725e-05,415.0419573972832,0.011664230112544676,-0.05248708237405935,0.0,0.35901646690241257,0.05248708237405935
1731031440.0,2.7346318295018725e-05,2.7346318295018725e-05,2.6166235223153824e-05,2.6166235223153824e-05,124.69957237355686,0.0033364962701665966,-0.04315327054756978,-0.7139548656041813,0.3401727400304619,0.04315327054756978
1731031500.0,2.6166235223153824e-05,2.6166235223153824e-05,2.6007182178619185e-05,2.6007182178619185e-05,38.66692215152123,0.0010086927345265898,-0.006078560525738033,-0.6976790462660328,0.32549317374701925,0.006078560525738033
1731031560.0,2.6007182178619185e-05,2.6007182178619185e-05,2.5513385579941895e-05,2.5513385579941895e-05,137.43443638068422,0.003540350095955347,-0.018986931966941307,2.5098399887027454,0.3235146437896834,0.018986931966941307
1731031620.0,2.5513385579941895e-05,2.5513385579941895e-05,2.461425716952336e-05,2.461425716952336e-05,175.86450732496857,0.00440783659774837,-0.03524143856178035,0.24502845150373073,0.31737209325773946,0.03524143856178035
1731031680.0,2.461425716952336e-05,2.461425716952336e-05,2.3164752151736148e-05,2.3164752151736148e-05,236.62928946212443,0.005652956513446929,-0.058888838602935596,0.28247869177695845,0.30618744413197324,0.058888838602935596
1731031740.0,2.3164752151736148e-05,2.3164752151736148e-05,2.1897497832772345e-05,2.1897497832772345e-05,317.52718852235756,0.007154244773036316,-0.05470614624593881,0.2655757665954459,0.2881564211522401,0.05470614624593881
1731031800.0,2.1897497832772345e-05,2.1897497832772345e-05,2.12737294297613e-05,2.12737294297613e-05,7.002738089268772,0.00015115839875591138,-0.028485830106008584,-0.9788715086565652,0.2723924938349793,0.028485830106008584
1731031860.0,2.12737294297613e-05,2.12737294297613e-05,2.116683956232256e-05,2.116683956232256e-05,35.6836178831922,0.0007572165233293879,-0.005024500654276674,4.009424084679087,0.2646331675334441,0.005024500654276674
1731031920.0,2.116683956232256e-05,2.116683956232256e-05,2.010635764834332e-05,2.010635764834332e-05,227.54340732589188,0.0046957219622742056,-0.050101098506312676,5.2012935766743364,0.263303518010029,0.050101098506312676
1731031980.0,2.010635764834332e-05,2.010635764834332e-05,2.001756545344123e-05,2.001756545344123e-05,9.948735415005329,0.00019959114737583722,-0.004416125309966682,-0.9574951095956346,0.25011172251714986,0.004416125309966682
1731032040.0,2.001756545344123e-05,2.0129816661484565e-05,1.993166906692833e-05,2.0129816661484565e-05,80.75402874823124,0.001621031424737471,0.00560763536926703,7.1217601384144125,0.24900719780902253,0.009898685982423985
1731032100.0,2.0129816661484565e-05,2.192378927443553e-05,2.0129816661484565e-05,2.192378927443553e-05,350.4974458062008,0.007369840733740238,0.08912016652309934,3.5463897992809095,0.25040353937865845,0.08912016652309934
1731032160.0,2.192378927443553e-05,2.376574129016633e-05,2.192378927443553e-05,2.376574129016633e-05,471.78726285947954,0.01077786928320402,0.08401613392072821,0.4624290636107393,0.27271954450605795,0.08401613392072821
1731032220.0,2.376574129016633e-05,2.8281975823900704e-05,2.3455514622129736e-05,2.6869750289214397e-05,1388.433687946872,0.03515201115728118,0.130608549556686,2.2614991176466814,0.29563238628007893,0.20308481620003316
1731032280.0,2.6869750289214397e-05,2.6869750289214397e-05,2.5794841264415783e-05,2.5794841264415783e-05,29.28601360482177,0.0007711679723659975,-0.04000442926446124,-0.9780619103437482,0.33424450345410195,0.04000442926446124
1731032340.0,2.5794841264415783e-05,2.6569175411094225e-05,2.553838017857186e-05,2.6569175411094225e-05,460.157626821934,0.012047850822133431,0.030018953741213494,14.622862014315478,0.3208732428586374,0.03996129388647786
1731032400.0,2.6569175411094225e-05,2.6569175411094225e-05,2.6569175411094225e-05,2.6569175411094225e-05,0.0,0.0,0.0,-1.0,0.33050552189280397,0.0
1731032460.0,2.6569175411094225e-05,2.8028202607485927e-05,2.6569175411094225e-05,2.8028202607485927e-05,65.31939127010368,0.0017831337485586973,0.054914282201715243,0.0,0.33050552189280397,0.054914282201715243
1731032520.0,2.8028202607485927e-05,2.9051523376838007e-05,2.8028202607485927e-05,2.9051523376838007e-05,279.1416742282958,0.00796666513787827,0.036510395749699824,3.467788882532063,0.34865499539125056,0.036510395749699824
1731032580.0,2.9051523376838007e-05,2.9051523376838007e-05,2.9051523376838007e-05,2.9051523376838007e-05,0.0,0.0,0.0,-1.0,0.3613845272530949,0.0
1731032640.0,2.9051523376838007e-05,3.092529272091891e-05,2.9051523376838007e-05,3.092529272091891e-05,412.2817575358366,0.012363673576093439,0.06449814420316446,0.0,0.3613845272530949,0.06449814420316446
1731032700.0,3.092529272091891e-05,3.296248378843765e-05,3.092529272091891e-05,3.2349095338544925e-05,671.070366516941,0.021230783393099778,0.04604006922343241,0.7171905471648733,0.3846931586046574,0.0658745928746122
1731032760.0,3.2349095338544925e-05,3.2349095338544925e-05,2.8621154481393914e-05,2.8621154481393914e-05,588.0944664207126,0.017928133267697238,-0.11524096170655682,-0.1555595035874152,0.4024044582565967,0.11524096170655682
1731032820.0,2.8621154481393914e-05,2.8621154481393914e-05,2.8362819519693427e-05,2.8362819519693427e-05,4.322706020172892,0.0001231624837339379,-0.009026014721678174,-0.9931302115008342,0.35603098149210055,0.009026014721678174
1731032880.0,2.8362819519693427e-05,2.8362819519693427e-05,2.7169846178052324e-05,2.7169846178052324e-05,405.3809655027683,0.011255942818747316,-0.04206116887683802,90.39100217451767,0.3528174406117793,0.04206116887683802
1731032940.0,2.7169846178052324e-05,2.7169846178052324e-05,2.5916452353531217e-05,2.5916452353531217e-05,46.10922164954981,0.001223883952773478,-0.04613179685697273,-0.8912677531787883,0.33797752665951347,0.04613179685697273
1731033000.0,2.5916452353531217e-05,2.5916452353531217e-05,2.5224494059212495e-05,2.5502010613007913e-05,378.62725133820425,0.00973421565052798,-0.01599145341614762,6.953544638336828,0.3223860160574347,0.026699576195058982
1731033060.0,2.5502010613007913e-05,3.240178918627641e-05,2.5502010613007913e-05,3.240178918627641e-05,1095.65236608006,0.03172121762755598,0.2705582190350552,2.2587338072621637,0.31723059509963486,0.2705582190350552
1731033120.0,3.240178918627641e-05,3.2743854640248235e-05,3.123750430480144e-05,3.228931509059051e-05,586.4114999928192,0.018967803747594707,-0.0034712310187345933,-0.4020467949780869,0.40305993993322276,0.04648972705756624
1731033180.0,3.228931509059051e-05,3.228931509059051e-05,2.781145202979113e-05,2.8304906672443984e-05,947.8609384545796,0.02871744795261739,-0.123397117807173,0.5140101792891563,0.40166082576731726,0.13867940673985626
1731033240.0,2.8304906672443984e-05,2.8304906672443984e-05,2.627653775442435e-05,2.6396299596686123e-05,260.27357312659666,0.007118639205000741,-0.06743025503828882,-0.75211449092739,0.3520970375315812,0.0716613886593145
1731033300.0,2.6396299596686123e-05,2.690988616292899e-05,2.6396299596686123e-05,2.690988616292899e-05,177.21521686348598,0.00472333363477773,0.01945676379227579,-0.3364836313856647,0.3283550444926007,0.01945676379227579
1731033360.0,2.690988616292899e-05,3.000081001075897e-05,2.690988616292899e-05,2.8841106214259617e-05,772.0922601737453,0.021522454855716397,0.07176619178683383,3.556623884717218,0.3347437710332955,0.11486201870627136
1731033420.0,2.8841106214259617e-05,2.8841106214259617e-05,2.7221303107959185e-05,2.7221303107959185e-05,323.19199921468834,0.009059461074820037,-0.056163002010636086,-0.5790693424354504,0.358767056704719,0.056163002010636086
1731033480.0,2.7221303107959185e-05,2.7221303107959185e-05,2.629942859478349e-05,2.629942859478349e-05,384.5999192757632,0.010292034546227307,-0.03386592146303788,0.13605373004284965,0.33861762177766186,0.03386592146303788
1731033540.0,2.629942859478349e-05,2.629942859478349e-05,2.533508169764256e-05,2.53991604289354e-05,28.861508483979033,0.0007460496328589041,-0.0342314724673014,-0.9275119385279968,0.3271500239925389,0.03666797906522607
1731033600.0,2.53991604289354e-05,2.561142211835725e-05,2.53991604289354e-05,2.561142211835725e-05,88.56283712427,0.0022588209568750045,0.008357035659337557,2.0277086903978168,0.3159511969535613,0.008357035659337557
1731033660.0,2.561142211835725e-05,2.9837373031107352e-05,2.561142211835725e-05,2.9837373031107352e-05,949.5165443039796,0.026324774178069443,0.1650025872527051,10.654210174536718,0.31859161237311256,0.1650025872527051
1731033720.0,2.9837373031107352e-05,2.9837373031107352e-05,2.655194264849549e-05,2.655194264849549e-05,929.8437528385532,0.026216626455759888,-0.11011124803737224,-0.004108210827489289,0.3711600526916871,0.11011124803737224
1731033780.0,2.655194264849549e-05,2.655194264849549e-05,2.4445521193231416e-05,2.4445521193231416e-05,152.99966313102797,0.0039012973941604983,-0.07933210323439098,-0.8511899537973022,0.3302911560681886,0.07933210323439098
1731033840.0,2.4445521193231416e-05,2.4764228052558068e-05,2.4426207809398253e-05,2.4426207809398253e-05,275.76002175347037,0.006738434526447432,-0.0007900581738674945,0.7272291357571432,0.3040884639775807,0.013827491771924584
1731033900.0,2.4426207809398253e-05,2.4426207809398253e-05,2.4426207809398253e-05,2.4426207809398253e-05,0.0,0.0,0.0,-1.0,0.30384821640103643,0.0
1731033960.0,2.4426207809398253e-05,2.4426207809398253e-05,2.4426207809398253e-05,2.4426207809398253e-05,0.0,0.0,0.0,0.0,0.30384821640103643,0.0
1731034020.0,2.4426207809398253e-05,2.4426207809398253e-05,2.4426207809398253e-05,2.4426207809398253e-05,0.0,0.0,0.0,0.0,0.30384821640103643,0.0
1731034080.0,2.4426207809398253e-05,2.4426207809398253e-05,2.4426207809398253e-05,2.4426207809398253e-05,0.0,0.0,0.0,0.0,0.30384821640103643,0.0
1731034140.0,2.4426207809398253e-05,2.4426207809398253e-05,2.222687091182416e-05,2.222687091182416e-05,336.16335266064476,0.007841527677433556,-0.09004004693384589,0.0,0.30384821640103643,0.09004004693384589
1731034200.0,2.222687091182416e-05,2.222687091182416e-05,1.9039312997607997e-05,1.9039312997607997e-05,716.5778001834831,0.01478521564389397,-0.14341010603163487,0.8855019394298694,0.2764897087355217,0.14341010603163487
1731034260.0,1.9039312997607997e-05,1.9039312997607997e-05,1.7016344050717164e-05,1.7016344050717164e-05,398.72828640350895,0.007188205175015646,-0.10625220285758152,-0.5138247998442792,0.23683829028910472,0.10625220285758152
1731034320.0,1.7016344050717164e-05,1.7016344050717164e-05,1.6965422707571902e-05,1.6965422707571902e-05,14.19478863334606,0.00024118199826078928,-0.002992496096311336,-0.9664475355963578,0.21167370022486398,0.002992496096311336
1731034380.0,1.6965422707571902e-05,1.9088990179291737e-05,1.6965422707571902e-05,1.8800825368750328e-05,644.2852307312791,0.011521832697122716,0.10818490601824267,46.77235772242088,0.2110402675032493,0.12517032486152307
1731034440.0,1.8800825368750328e-05,1.8800825368750328e-05,1.873041873000033e-05,1.873041873000033e-05,28.248224407190353,0.0005300955027912736,-0.003744869566578855,-0.9539920847033605,0.23387163900915311,0.003744869566578855
1731034500.0,1.873041873000033e-05,1.873041873000033e-05,1.873041873000033e-05,1.873041873000033e-05,0.0,0.0,0.0,-1.0,0.2329958202257418,0.0
1731034560.0,1.873041873000033e-05,1.873041873000033e-05,1.8336474749980473e-05,1.8336474749980473e-05,132.22804402336527,0.0024506414114401466,-0.021032310366285726,0.0,0.2329958202257418,0.021032310366285726
1731034620.0,1.8336474749980473e-05,1.8336474749980473e-05,1.7899290446719748e-05,1.7899290446719748e-05,37.83434741759187,0.0006854782646971202,-0.023842331158075568,-0.7202861824267095,0.2280953798207067,0.023842331158075568
1731034680.0,1.7899290446719748e-05,1.7979234728670832e-05,1.7899290446719748e-05,1.7979234728670832e-05,19.4674344996654,0.0003492314193982561,0.0044663380478154515,-0.49052882143161075,0.2226570542393944,0.0044663380478154515
1731034740.0,1.7979234728670832e-05,1.7979234728670832e-05,1.7979234728670832e-05,1.7979234728670832e-05,0.0,0.0,0.0,-1.0,0.2236515159123583,0.0
1731034800.0,1.7979234728670832e-05,1.7979234728670832e-05,1.787487672346015e-05,1.787487672346015e-05,24.81440636800807,0.00044484924576851506,-0.005804363021317411,0.0,0.2236515159123583,0.005804363021317411
1731034860.0,1.787487672346015e-05,1.787487672346015e-05,1.787487672346015e-05,1.787487672346015e-05,0.0,0.0,0.0,-1.0,0.22235336132373504,0.0
1731034920.0,1.787487672346015e-05,1.787487672346015e-05,1.7176188255107154e-05,1.7176188255107154e-05,271.9059362540301,0.004765296319849094,-0.03908773633308423,0.0,0.22235336132373504,0.03908773633308423
1731034980.0,1.7176188255107154e-05,1.7176188255107154e-05,1.7176188255107154e-05,1.7176188255107154e-05,0.0,0.0,0.0,-1.0,0.21366207176353785,0.0
1731035040.0,1.7176188255107154e-05,1.7176188255107154e-05,1.7176188255107154e-05,1.7176188255107154e-05,0.0,0.0,0.0,0.0,0.21366207176353785,0.0
1731035100.0,1.7176188255107154e-05,1.7176188255107154e-05,1.628653168594263e-05,1.628653168594263e-05,73.5112642877213,0.0012299434246862563,-0.05179592561230768,0.0,0.21366207176353785,0.05179592561230768
1731035160.0,1.628653168594263e-05,1.628653168594263e-05,1.5943813656936664e-05,1.5943813656936664e-05,151.66300012440064,0.002444075434873289,-0.021043033324386506,0.987144600164632,0.2025952469883021,0.021043033324386506
1731035220.0,1.5943813656936664e-05,1.5943813656936664e-05,1.5017265334041526e-05,1.5017265334041526e-05,144.88333773374288,0.002242872232025492,-0.05811334369754284,-0.08232282849249618,0.19833202845456496,0.05811334369754284
1731035280.0,1.5017265334041526e-05,1.5017265334041526e-05,1.4447112649953922e-05,1.4447112649953922e-05,163.44499435149723,0.0024079025465822577,-0.037966478676724626,0.07357990000515105,0.18680629111875396,0.037966478676724626
1731035340.0,1.4447112649953922e-05,1.4447112649953922e-05,1.4236716040931311e-05,1.4236716040931311e-05,52.95962919203873,0.0007595424656386218,-0.014563228938571485,-0.6845626220559858,0.17971391405031578,0.014563228938571485
1731035400.0,1.4236716040931311e-05,1.4236716040931311e-05,1.3790562517628813e-05,1.3790562517628813e-05,110.45714182154666,0.0015479065413074346,-0.03133823291971151,1.0379460153106221,0.17709669917655427,0.03133823291971151
1731035460.0,1.3790562517628813e-05,1.3790562517628813e-05,1.3790562517628813e-05,1.3790562517628813e-05,0.0,0.0,0.0,-1.0,0.17154680156844734,0.0
1731035520.0,1.3790562517628813e-05,1.3790562517628813e-05,1.3790562517628813e-05,1.3790562517628813e-05,0.0,0.0,0.0,0.0,0.17154680156844734,0.0
1731035580.0,1.3790562517628813e-05,1.3790562517628813e-05,1.3790562517628813e-05,1.3790562517628813e-05,0.0,0.0,0.0,0.0,0.17154680156844734,0.0
1731035640.0,1.3790562517628813e-05,1.3790562517628813e-05,1.3790562517628813e-05,1.3790562517628813e-05,0.0,0.0,0.0,0.0,0.17154680156844734,0.0
1731035700.0,1.3790562517628813e-05,1.3790562517628813e-05,1.3492153120780345e-05,1.3492153120780345e-05,96.02788847876788,0.0013099507873615454,-0.021638667492134854,0.0,0.17154680156844734,0.021638667492134854
1731035760.0,1.3492153120780345e-05,1.3492153120780345e-05,1.2382682947588269e-05,1.2382682947588269e-05,466.1553414666574,0.006030846521422077,-0.08223077245419726,3.603872587892546,0.16783475736996847,0.08223077245419726
1731035820.0,1.2382682947588269e-05,1.2382682947588269e-05,1.1516568318991966e-05,1.2230997548368582e-05,397.38139198584673,0.004890509308689109,-0.012249800779178503,-0.18908410430980016,0.1540335756267732,0.06994563555105746
1731035880.0,1.2230997548368582e-05,1.2230997548368582e-05,1.1850911409462066e-05,1.1850911409462066e-05,117.95278651650293,0.001420264133106429,-0.031075645089734538,-0.709587684337293,0.1521466950120407,0.031075645089734538
1731035940.0,1.1850911409462066e-05,1.1865458428240433e-05,1.1794082603303256e-05,1.1865458428240433e-05,13.160359216172948,0.00015605797318388707,0.001227502111504396,-0.8901204574936677,0.14741863831627042,0.006022813138252703
1731036000.0,1.1865458428240433e-05,1.1866751748988388e-05,1.177947318782959e-05,1.1866751748988388e-05,63.56139992126585,0.0007542262510451883,0.00010899880150244552,3.8329876113184196,0.14759959500607875,0.007355683868991478
1731036060.0,1.1866751748988388e-05,1.1941973606956894e-05,1.1866751748988388e-05,1.1941973606956894e-05,0.2816072390503038,3.352354706397357e-06,0.006338875166485131,-0.9955552399538576,0.14761568318503665,0.006338875166485131
1731036120.0,1.1941973606956894e-05,1.1941973606956894e-05,1.185764191043542e-05,1.185764191043542e-05,13.474683104922017,0.00016034613855792304,-0.007061788888257632,46.830898756605826,0.14855140057336202,0.007061788888257632
1731036180.0,1.185764191043542e-05,1.1928683222245318e-05,1.185764191043542e-05,1.1928683222245318e-05,19.697742374438327,0.0002342684522490864,0.005991183773847741,0.4610171118306029,0.14750236194345795,0.005991183773847741
1731036240.0,1.1928683222245318e-05,1.2713897108317966e-05,1.1928683222245318e-05,1.2713897108317966e-05,394.2135081989252,0.004857219021592591,0.06582569688901908,19.733560046011416,0.14838607570093781,0.06582569688901908
1731036300.0,1.2713897108317966e-05,1.2713897108317966e-05,1.2713897108317966e-05,1.2713897108317966e-05,0.0,0.0,0.0,-1.0,0.1581536925425788,0.0
1731036360.0,1.2713897108317966e-05,1.5842015547189467e-05,1.2713897108317966e-05,1.3657257370478724e-05,1136.9498719970106,0.014991340354540646,0.07419914241272038,0.0,0.1581536925425788,0.24603930739890562
1731036420.0,1.3657257370478724e-05,1.3707081584231972e-05,1.3657257370478724e-05,1.3707081584231972e-05,29.56619736019465,0.0004045297230831195,0.0036481858986524836,-0.9730157735388487,0.16988856089864318,0.0036481858986524836
1731036480.0,1.3707081584231972e-05,1.3859898631391026e-05,1.3707081584231972e-05,1.3859898631391026e-05,37.88920331609583,0.0005222454591002656,0.011148766148357029,0.2909940340600356,0.17050834595085598,0.011148766148357029
1731036540.0,1.3859898631391026e-05,1.4484559257876977e-05,1.3859898631391026e-05,1.4025861132882612e-05,581.2821687590647,0.008104747456635622,0.01197429403384677,14.519038634818646,0.17240930362620524,0.04506963889845258
1731036600.0,1.4025861132882612e-05,1.493211141984969e-05,1.4025861132882612e-05,1.493211141984969e-05,216.82793131111265,0.003139448641786463,0.06461280903761697,-0.6126407813958357,0.17447378332199617,0.06461280903761697
1731036660.0,1.493211141984969e-05,1.568867296169551e-05,1.300280818763232e-05,1.300280818763232e-05,2081.8922985523755,0.02907874699574827,-0.12920498501321734,8.26237384765797,0.18574702456585088,0.17987173404645188
1731036720.0,1.300280818763232e-05,1.300280818763232e-05,1.2405380342472004e-05,1.2450585656153823e-05,394.3282851989515,0.0050184965734568696,-0.042469482246438546,-0.8274170281755728,0.1617475830405704,0.04594606307647929
1731036780.0,1.2450585656153823e-05,1.2516770462890592e-05,1.2350059302504886e-05,1.2377541089879429e-05,186.19571196966328,0.00231144536817535,-0.005866757459581165,-0.539414776050516,0.15487824693422456,0.013389824783327087
1731036840.0,1.2377541089879429e-05,1.3494353770768802e-05,1.2207425847720312e-05,1.3494353770768802e-05,364.54855740600834,0.004715780974404617,0.09022896169599806,1.0401870791898682,0.15396961382369634,0.10397282575783601
1731036900.0,1.3494353770768802e-05,1.3730610310947492e-05,1.3494353770768802e-05,1.3620301911971164e-05,118.49548054744272,0.0016064820775023604,0.009333395532818207,-0.6593391240556535,0.16786213221174223,0.017507806908876534
1731036960.0,1.3620301911971164e-05,1.3620301911971164e-05,1.3085357993725182e-05,1.3085357993725182e-05,198.93062267087583,0.002656286776938409,-0.03927548168193016,0.6534804926477656,0.16942885588665665,0.03927548168193016
1731037020.0,1.3085357993725182e-05,1.3085357993725182e-05,1.3085357993725182e-05,1.3085357993725182e-05,0.0,0.0,0.0,-1.0,0.16277445596088988,0.0
1731037080.0,1.3085357993725182e-05,1.3085357993725182e-05,1.296279023203816e-05,1.296279023203816e-05,97.7945065561598,0.0012736829012201176,-0.009366787041347762,0.0,0.16277445596088988,0.009366787041347762
1731037140.0,1.296279023203816e-05,1.296279023203816e-05,1.296279023203816e-05,1.296279023203816e-05,0.0,0.0,0.0,-1.0,0.161249782296133,0.0
1731037200.0,1.296279023203816e-05,1.3194668889770108e-05,1.296279023203816e-05,1.3194668889770108e-05,19.727186786962942,0.00025800654098412964,0.01788802052499842,0.0,0.161249782296133,0.01788802052499842
1731037260.0,1.3194668889770108e-05,1.3194668889770108e-05,1.3120594639029868e-05,1.3120594639029868e-05,30.861191599502536,0.0004060601948768486,-0.0056139529804851915,0.5738368233921092,0.16413422171149775,0.0056139529804851915
1731037320.0,1.3120594639029868e-05,1.3120594639029868e-05,1.3021931912439632e-05,1.3021931912439632e-05,19.468929861739483,0.00025448350791961095,-0.007519684077179254,-0.3732862488607345,0.16321277990832087,0.007519684077179254
1731037380.0,1.3021931912439632e-05,1.3021931912439632e-05,1.3021931912439632e-05,1.3021931912439632e-05,0.0,0.0,0.0,-1.0,0.1619854713660521,0.0
1731037440.0,1.3021931912439632e-05,1.3021931912439632e-05,1.3021931912439632e-05,1.3021931912439632e-05,0.0,0.0,0.0,0.0,0.1619854713660521,0.0
1731037500.0,1.3021931912439632e-05,1.3021931912439632e-05,1.2165523462563891e-05,1.2165523462563891e-05,267.53765490521556,0.0033692963720291045,-0.06576662016314397,0.0,0.1619854713660521,0.06576662016314397
1731037560.0,1.2165523462563891e-05,1.2165523462563891e-05,1.2165523462563891e-05,1.2165523462563891e-05,0.0,0.0,0.0,-1.0,0.15133223439877314,0.0
1731037620.0,1.2165523462563891e-05,1.2165523462563891e-05,1.2165523462563891e-05,1.2165523462563891e-05,0.0,0.0,0.0,0.0,0.15133223439877314,0.0
1731037680.0,1.2165523462563891e-05,1.2165523462563891e-05,1.2124926616649116e-05,1.2124926616649116e-05,49.536913584131,0.0006016369632468113,-0.003337040616435574,0.0,0.15133223439877314,0.003337040616435574
1731037740.0,1.2124926616649116e-05,1.2124926616649116e-05,1.2124926616649116e-05,1.2124926616649116e-05,0.0,0.0,0.0,-1.0,0.15082723258600847,0.0
1731037800.0,1.2124926616649116e-05,1.2267610501714726e-05,1.2124926616649116e-05,1.2267610501714726e-05,19.78605089725628,0.00024131599046858004,0.01176781431977385,0.0,0.15082723258600847,0.01176781431977385
1731037860.0,1.2267610501714726e-05,1.2267610501714726e-05,1.2267610501714726e-05,1.2267610501714726e-05,0.0,0.0,0.0,-1.0,0.15260213945344597,0.0
1731037920.0,1.2267610501714726e-05,1.2267610501714726e-05,1.2267610501714726e-05,1.2267610501714726e-05,0.0,0.0,0.0,0.0,0.15260213945344597,0.0
1731037980.0,1.2267610501714726e-05,1.2267610501714726e-05,1.2267610501714726e-05,1.2267610501714726e-05,0.0,0.0,0.0,0.0,0.15260213945344597,0.0
1731038040.0,1.2267610501714726e-05,1.2267610501714726e-05,1.2267610501714726e-05,1.2267610501714726e-05,0.0,0.0,0.0,0.0,0.15260213945344597,0.0
1731038100.0,1.2267610501714726e-05,1.2427940522004789e-05,1.2267610501714726e-05,1.2427940522004789e-05,62.70624137926069,0.0007742825917436022,0.013069376490853848,0.0,0.15260213945344597,0.013069376490853848
1731038160.0,1.2427940522004789e-05,1.3220767575281488e-05,1.2427940522004789e-05,1.3220767575281488e-05,396.4934522368229,0.005084772409453795,0.06379392079266293,5.567075721027678,0.15459655426727284,0.06379392079266293
1731038220.0,1.3220767575281488e-05,1.4089574325184272e-05,1.3220767575281488e-05,1.4089574325184272e-05,222.9029773404567,0.0030437782608998217,0.06571530321183228,-0.4013934123697026,0.16445887460501785,0.06571530321183228
1731038280.0,1.4089574325184272e-05,1.4089574325184272e-05,1.4089574325184272e-05,1.4089574325184272e-05,0.0,0.0,0.0,-1.0,0.1752663394155633,0.0
1731038340.0,1.4089574325184272e-05,1.4089574325184272e-05,1.3835873174783795e-05,1.3835873174783795e-05,92.1179811864222,0.0012862179237122396,-0.018006303423021137,0.0,0.1752663394155633,0.018006303423021137
1731038400.0,1.3835873174783795e-05,1.3835873174783795e-05,1.3835873174783795e-05,1.3835873174783795e-05,0.0,0.0,0.0,-1.0,0.17211044052820446,0.0
1731038460.0,1.3835873174783795e-05,1.3835873174783795e-05,1.3695980046270145e-05,1.3695980046270145e-05,58.33465288027623,0.0008030305504004483,-0.010110899886579565,0.0,0.17211044052820446,0.010110899886579565
1731038520.0,1.3695980046270145e-05,1.4663153586436697e-05,1.3695980046270145e-05,1.3987655412824436e-05,999.888156194336,0.013840269607975112,0.021296421692270504,16.235047410180552,0.17037024909458867,0.07061732982226011
1731038580.0,1.3987655412824436e-05,1.3987655412824436e-05,1.3918499605204109e-05,1.3918499605204109e-05,69.05443108427795,0.0009635218292598147,-0.004944059999999912,-0.9303827268867212,0.1739985257631242,0.004944059999999912
1731038640.0,1.3918499605204109e-05,1.3918499605204109e-05,1.3918499605204109e-05,1.3918499605204109e-05,0.0,0.0,0.0,-1.0,0.1731382666118398,0.0
1731038700.0,1.3918499605204109e-05,1.3918499605204109e-05,1.3918499605204109e-05,1.3918499605204109e-05,0.0,0.0,0.0,0.0,0.1731382666118398,0.0
1731038760.0,1.3918499605204109e-05,1.3918499605204109e-05,1.3748699660393488e-05,1.3748699660393488e-05,15.434246718953792,0.00021351118974384525,-0.012199586853969015,0.0,0.1731382666118398,0.012199586853969015
1731038820.0,1.3748699660393488e-05,1.3748699660393488e-05,1.3748699660393488e-05,1.3748699660393488e-05,0.0,0.0,0.0,-1.0,0.171026051290563,0.0
1731038880.0,1.3748699660393488e-05,1.3748699660393488e-05,1.3748699660393488e-05,1.3748699660393488e-05,0.0,0.0,0.0,0.0,0.171026051290563,0.0
1731038940.0,1.3748699660393488e-05,1.3748699660393488e-05,1.3748699660393488e-05,1.3748699660393488e-05,0.0,0.0,0.0,0.0,0.171026051290563,0.0
1731039000.0,1.3748699660393488e-05,1.3748699660393488e-05,1.3688891138026247e-05,1.3688891138026247e-05,24.73714523227451,0.0003393638342021139,-0.004350122109331812,0.0,0.171026051290563,0.004350122109331812
1731039060.0,1.3688891138026247e-05,1.3688891138026247e-05,1.3688891138026247e-05,1.3688891138026247e-05,0.0,0.0,0.0,-1.0,0.17028206708357221,0.0
1731039120.0,1.3688891138026247e-05,1.3688891138026247e-05,1.3688891138026247e-05,1.3688891138026247e-05,0.0,0.0,0.0,0.0,0.17028206708357221,0.0
1731039180.0,1.3688891138026247e-05,1.3688891138026247e-05,1.3688891138026247e-05,1.3688891138026247e-05,0.0,0.0,0.0,0.0,0.17028206708357221,0.0
1731039240.0,1.3688891138026247e-05,1.3688891138026247e-05,1.3688891138026247e-05,1.3688891138026247e-05,0.0,0.0,0.0,0.0,0.17028206708357221,0.0
1731039300.0,1.3688891138026247e-05,1.3688891138026247e-05,1.3688891138026247e-05,1.3688891138026247e-05,0.0,0.0,0.0,0.0,0.17028206708357221,0.0
1731039360.0,1.3688891138026247e-05,1.3688891138026247e-05,1.3688891138026247e-05,1.3688891138026247e-05,0.0,0.0,0.0,0.0,0.17028206708357221,0.0
1731039420.0,1.3688891138026247e-05,1.3688891138026247e-05,1.3688891138026247e-05,1.3688891138026247e-05,0.0,0.0,0.0,0.0,0.17028206708357221,0.0
1731039480.0,1.3688891138026247e-05,1.3688891138026247e-05,1.3688891138026247e-05,1.3688891138026247e-05,0.0,0.0,0.0,0.0,0.17028206708357221,0.0
1731039540.0,1.3688891138026247e-05,1.3688891138026247e-05,1.3688891138026247e-05,1.3688891138026247e-05,0.0,0.0,0.0,0.0,0.17028206708357221,0.0
1731039600.0,1.3688891138026247e-05,1.3688891138026247e-05,1.3688891138026247e-05,1.3688891138026247e-05,0.0,0.0,0.0,0.0,0.17028206708357221,0.0
1731039660.0,1.3688891138026247e-05,1.3688891138026247e-05,1.3688891138026247e-05,1.3688891138026247e-05,0.0,0.0,0.0,0.0,0.17028206708357221,0.0
1731039720.0,1.3688891138026247e-05,1.3688891138026247e-05,1.3688891138026247e-05,1.3688891138026247e-05,0.0,0.0,0.0,0.0,0.17028206708357221,0.0
1731039780.0,1.3688891138026247e-05,1.3688891138026247e-05,1.3688891138026247e-05,1.3688891138026247e-05,0.0,0.0,0.0,0.0,0.17028206708357221,0.0
1731039840.0,1.3688891138026247e-05,1.3688891138026247e-05,1.3688891138026247e-05,1.3688891138026247e-05,0.0,0.0,0.0,0.0,0.17028206708357221,0.0
1731039900.0,1.3688891138026247e-05,1.3688891138026247e-05,1.3688891138026247e-05,1.3688891138026247e-05,0.0,0.0,0.0,0.0,0.17028206708357221,0.0
1731039960.0,1.3688891138026247e-05,1.3688891138026247e-05,1.35528442326952e-05,1.35528442326952e-05,51.55923013459271,0.0007022814516223506,-0.009938489827939706,0.0,0.17028206708357221,0.009938489827939706
1731040020.0,1.35528442326952e-05,1.35528442326952e-05,1.35528442326952e-05,1.35528442326952e-05,0.0,0.0,0.0,-1.0,0.1685897204919816,0.0
1731040080.0,1.35528442326952e-05,1.35528442326952e-05,1.35528442326952e-05,1.35528442326952e-05,0.0,0.0,0.0,0.0,0.1685897204919816,0.0
1731040140.0,1.35528442326952e-05,1.35528442326952e-05,1.35528442326952e-05,1.35528442326952e-05,0.0,0.0,0.0,0.0,0.1685897204919816,0.0
1731040200.0,1.35528442326952e-05,1.35528442326952e-05,1.35528442326952e-05,1.35528442326952e-05,0.0,0.0,0.0,0.0,0.1685897204919816,0.0
1731040260.0,1.35528442326952e-05,1.35528442326952e-05,1.35528442326952e-05,1.35528442326952e-05,0.0,0.0,0.0,0.0,0.1685897204919816,0.0
1731040320.0,1.35528442326952e-05,1.35528442326952e-05,1.35528442326952e-05,1.35528442326952e-05,0.0,0.0,0.0,0.0,0.1685897204919816,0.0
1731040380.0,1.35528442326952e-05,1.35528442326952e-05,1.35528442326952e-05,1.35528442326952e-05,0.0,0.0,0.0,0.0,0.1685897204919816,0.0
1731040440.0,1.35528442326952e-05,1.35528442326952e-05,1.35528442326952e-05,1.35528442326952e-05,0.0,0.0,0.0,0.0,0.1685897204919816,0.0
1731040500.0,1.35528442326952e-05,1.35528442326952e-05,1.35528442326952e-05,1.35528442326952e-05,0.0,0.0,0.0,0.0,0.1685897204919816,0.0
1731040560.0,1.35528442326952e-05,1.35528442326952e-05,1.3397731091993094e-05,1.3397731091993094e-05,17.750371225894586,0.00023919135838232586,-0.011445061865900179,0.0,0.1685897204919816,0.011445061865900179
1731040620.0,1.3397731091993094e-05,1.3397731091993094e-05,1.3397731091993094e-05,1.3397731091993094e-05,0.0,0.0,0.0,-1.0,0.16666020071099602,0.0
1731040680.0,1.3397731091993094e-05,1.3397731091993094e-05,1.3397731091993094e-05,1.3397731091993094e-05,0.0,0.0,0.0,0.0,0.16666020071099602,0.0
1731040740.0,1.3397731091993094e-05,1.3397731091993094e-05,1.3397731091993094e-05,1.3397731091993094e-05,0.0,0.0,0.0,0.0,0.16666020071099602,0.0
1731040800.0,1.3397731091993094e-05,1.3397731091993094e-05,1.3397731091993094e-05,1.3397731091993094e-05,0.0,0.0,0.0,0.0,0.16666020071099602,0.0
1731040860.0,1.3397731091993094e-05,1.3397731091993094e-05,1.3286523337472544e-05,1.3286523337472544e-05,36.17654489931029,0.00048267206423609156,-0.008300491609882447,0.0,0.16666020071099602,0.008300491609882447
1731040920.0,1.3286523337472544e-05,1.3286523337472544e-05,1.3286523337472544e-05,1.3286523337472544e-05,0.0,0.0,0.0,-1.0,0.16527683911329308,0.0
1731040980.0,1.3286523337472544e-05,1.3286523337472544e-05,1.2398746453086476e-05,1.2398746453086476e-05,415.97064128951865,0.005342159073236569,-0.06681784706479485,0.0,0.16527683911329308,0.06681784706479485
1731041040.0,1.2398746453086476e-05,1.2398746453086476e-05,1.2398746453086476e-05,1.2398746453086476e-05,0.0,0.0,0.0,-1.0,0.15423339655406837,0.0
1731041100.0,1.2398746453086476e-05,1.2398746453086476e-05,1.2398746453086476e-05,1.2398746453086476e-05,0.0,0.0,0.0,0.0,0.15423339655406837,0.0
1731041160.0,1.2398746453086476e-05,1.2398746453086476e-05,1.2398746453086476e-05,1.2398746453086476e-05,0.0,0.0,0.0,0.0,0.15423339655406837,0.0
1731041220.0,1.2398746453086476e-05,1.2398746453086476e-05,1.2398746453086476e-05,1.2398746453086476e-05,0.0,0.0,0.0,0.0,0.15423339655406837,0.0
1731041280.0,1.2398746453086476e-05,1.2398746453086476e-05,1.1617309317726708e-05,1.1617309317726708e-05,0.7194609482787006,8.639307129391706e-06,-0.06302549522377253,0.0,0.15423339655406837,0.06302549522377253
1731041340.0,1.1617309317726708e-05,1.1617309317726708e-05,1.1617309317726708e-05,1.1617309317726708e-05,0.0,0.0,0.0,-1.0,0.14451276035620372,0.0
1731041400.0,1.1617309317726708e-05,1.1617309317726708e-05,1.1617309317726708e-05,1.1617309317726708e-05,0.0,0.0,0.0,0.0,0.14451276035620372,0.0
1731041460.0,1.1617309317726708e-05,1.1617309317726708e-05,1.1617309317726708e-05,1.1617309317726708e-05,0.0,0.0,0.0,0.0,0.14451276035620372,0.0
1731041520.0,1.1617309317726708e-05,1.1617309317726708e-05,1.1601708719466985e-05,1.1601708719466985e-05,6.946025009737093,8.063993999394203e-05,-0.0013428753451471397,0.0,0.14451276035620372,0.0013428753451471397
1731041580.0,1.1601708719466985e-05,1.1601708719466985e-05,1.1345680390860129e-05,1.1345680390860129e-05,132.93541432042625,0.001525260339476686,-0.0220681569239241,17.914452808264357,0.14431869773326222,0.0220681569239241
1731041640.0,1.1345680390860129e-05,1.1345680390860129e-05,1.1345680390860129e-05,1.1345680390860129e-05,0.0,0.0,0.0,-1.0,0.14113385006462822,0.0
1731041700.0,1.1345680390860129e-05,1.1345680390860129e-05,1.1345680390860129e-05,1.1345680390860129e-05,0.0,0.0,0.0,0.0,0.14113385006462822,0.0
1731041760.0,1.1345680390860129e-05,1.1345680390860129e-05,1.1345680390860129e-05,1.1345680390860129e-05,0.0,0.0,0.0,0.0,0.14113385006462822,0.0
1731041820.0,1.1345680390860129e-05,1.1345680390860129e-05,1.1102039592842278e-05,1.1102039592842278e-05,2.0605922210643057,2.3127798589523473e-05,-0.021474322352154695,0.0,0.14113385006462822,0.021474322352154695
1731041880.0,1.1102039592842278e-05,1.1102039592842278e-05,1.1102039592842278e-05,1.1102039592842278e-05,0.0,0.0,0.0,-1.0,0.13810309627353973,0.0
1731041940.0,1.1102039592842278e-05,1.1102039592842278e-05,1.1102039592842278e-05,1.1102039592842278e-05,0.0,0.0,0.0,0.0,0.13810309627353973,0.0
1731042000.0,1.1102039592842278e-05,1.1102039592842278e-05,1.1102039592842278e-05,1.1102039592842278e-05,0.0,0.0,0.0,0.0,0.13810309627353973,0.0
1731042060.0,1.1102039592842278e-05,1.1102039592842278e-05,1.1102039592842278e-05,1.1102039592842278e-05,0.0,0.0,0.0,0.0,0.13810309627353973,0.0
1731042120.0,1.1102039592842278e-05,1.1102039592842278e-05,1.1102039592842278e-05,1.1102039592842278e-05,0.0,0.0,0.0,0.0,0.13810309627353973,0.0
1731042180.0,1.1102039592842278e-05,1.1102039592842278e-05,1.1102039592842278e-05,1.1102039592842278e-05,0.0,0.0,0.0,0.0,0.13810309627353973,0.0
1731042240.0,1.1102039592842278e-05,1.1102039592842278e-05,1.1102039592842278e-05,1.1102039592842278e-05,0.0,0.0,0.0,0.0,0.13810309627353973,0.0
1731042300.0,1.1102039592842278e-05,1.1102039592842278e-05,1.1102039592842278e-05,1.1102039592842278e-05,0.0,0.0,0.0,0.0,0.13810309627353973,0.0
1731042360.0,1.1102039592842278e-05,1.1102039592842278e-05,1.1102039592842278e-05,1.1102039592842278e-05,0.0,0.0,0.0,0.0,0.13810309627353973,0.0
1731042420.0,1.1102039592842278e-05,1.1102039592842278e-05,1.1102039592842278e-05,1.1102039592842278e-05,0.0,0.0,0.0,0.0,0.13810309627353973,0.0
1731042480.0,1.1102039592842278e-05,1.1102039592842278e-05,1.1102039592842278e-05,1.1102039592842278e-05,0.0,0.0,0.0,0.0,0.13810309627353973,0.0
1731042540.0,1.1102039592842278e-05,1.1102039592842278e-05,1.1102039592842278e-05,1.1102039592842278e-05,0.0,0.0,0.0,0.0,0.13810309627353973,0.0
1731042600.0,1.1102039592842278e-05,1.1102039592842278e-05,1.0745877537569237e-05,1.0745877537569237e-05,207.12615596440335,0.0022626375455254877,-0.032080776896406184,0.0,0.13810309627353973,0.032080776896406184
1731042660.0,1.0745877537569237e-05,1.0745877537569237e-05,1.0745877537569237e-05,1.0745877537569237e-05,0.0,0.0,0.0,-1.0,0.13367264165328538,0.0
1731042720.0,1.0745877537569237e-05,1.0745877537569237e-05,1.0376324909067031e-05,1.0376324909067031e-05,13.608246004978351,0.000143718063530391,-0.03439017681061343,0.0,0.13367264165328538,0.03439017681061343
1731042780.0,1.0376324909067031e-05,1.0376324909067031e-05,1.0376324909067031e-05,1.0376324909067031e-05,0.0,0.0,0.0,-1.0,0.12907561587208713,0.0
1731042840.0,1.0376324909067031e-05,1.0376324909067031e-05,1.0376324909067031e-05,1.0376324909067031e-05,0.0,0.0,0.0,0.0,0.12907561587208713,0.0
1731042900.0,1.0376324909067031e-05,1.0376324909067031e-05,1.0376324909067031e-05,1.0376324909067031e-05,0.0,0.0,0.0,0.0,0.12907561587208713,0.0
1731042960.0,1.0376324909067031e-05,1.0376324909067031e-05,1.0376324909067031e-05,1.0376324909067031e-05,0.0,0.0,0.0,0.0,0.12907561587208713,0.0
1731043020.0,1.0376324909067031e-05,1.0376324909067031e-05,1.0262880157277106e-05,1.0262880157277106e-05,50.50974463120209,0.0005212404886460274,-0.010933037735816734,0.0,0.12907561587208713,0.010933037735816734
1731043080.0,1.0262880157277106e-05,1.0262880157277106e-05,1.0213294775268746e-05,1.0213294775268746e-05,3.3774575324849825,3.457870563120358e-05,-0.004831526944529379,-0.9336607451178147,0.12766442729298383,0.004831526944529379
1731043140.0,1.0213294775268746e-05,1.0213294775268746e-05,1.0213294775268746e-05,1.0213294775268746e-05,0.0,0.0,0.0,-1.0,0.12704761317265986,0.0
1731043200.0,1.0213294775268746e-05,1.0213294775268746e-05,1.0213294775268746e-05,1.0213294775268746e-05,0.0,0.0,0.0,0.0,0.12704761317265986,0.0
1731043260.0,1.0213294775268746e-05,1.0213294775268746e-05,1.0213294775268746e-05,1.0213294775268746e-05,0.0,0.0,0.0,0.0,0.12704761317265986,0.0
1731043320.0,1.0213294775268746e-05,1.0257617903425683e-05,1.0203208185147515e-05,1.0257617903425683e-05,9.974225440251905,0.00010209074901250463,0.004339748252862005,0.0,0.12704761317265986,0.0053273423978635924
1731043380.0,1.0257617903425683e-05,1.0257617903425683e-05,1.0257617903425683e-05,1.0257617903425683e-05,0.0,0.0,0.0,-1.0,0.1275989678299562,0.0
1731043440.0,1.0257617903425683e-05,1.0257617903425683e-05,1.0257617903425683e-05,1.0257617903425683e-05,0.0,0.0,0.0,0.0,0.1275989678299562,0.0
1731043500.0,1.0257617903425683e-05,1.0257617903425683e-05,1.0257617903425683e-05,1.0257617903425683e-05,0.0,0.0,0.0,0.0,0.1275989678299562,0.0
1731043560.0,1.0257617903425683e-05,1.0257617903425683e-05,1.0242112098643242e-05,1.0242112098643242e-05,0.6365780914581022,6.524839500061718e-06,-0.001511637977591539,0.0,0.1275989678299562,0.001511637977591539
1731043620.0,1.0242112098643242e-05,1.0242112098643242e-05,1.0242112098643242e-05,1.0242112098643242e-05,0.0,0.0,0.0,-1.0,0.12740608438428294,0.0
1731043680.0,1.0242112098643242e-05,1.0242112098643242e-05,1.0242112098643242e-05,1.0242112098643242e-05,0.0,0.0,0.0,0.0,0.12740608438428294,0.0
1731043740.0,1.0242112098643242e-05,1.0242112098643242e-05,1.0242112098643242e-05,1.0242112098643242e-05,0.0,0.0,0.0,0.0,0.12740608438428294,0.0
1731043800.0,1.0242112098643242e-05,1.0242112098643242e-05,1.0242112098643242e-05,1.0242112098643242e-05,0.0,0.0,0.0,0.0,0.12740608438428294,0.0
1731043860.0,1.0242112098643242e-05,1.0242112098643242e-05,1.0242112098643242e-05,1.0242112098643242e-05,0.0,0.0,0.0,0.0,0.12740608438428294,0.0
1731043920.0,1.0242112098643242e-05,1.0242112098643242e-05,1.0239118072888345e-05,1.0239118072888345e-05,1.660088691393533,1.700032929679381e-05,-0.0002923250327726857,0.0,0.12740608438428294,0.0002923250327726857
1731043980.0,1.0239118072888345e-05,1.0239118072888345e-05,1.0239118072888345e-05,1.0239118072888345e-05,0.0,0.0,0.0,-1.0,0.12736884039648988,0.0
1731044040.0,1.0239118072888345e-05,1.0239118072888345e-05,1.0196276647776688e-05,1.0196276647776688e-05,25.943709008726064,0.0002650849670556952,-0.0041840932789996895,0.0,0.12736884039648988,0.0041840932789996895
1731044100.0,1.0196276647776688e-05,1.0196276647776688e-05,1.0196276647776688e-05,1.0196276647776688e-05,0.0,0.0,0.0,-1.0,0.12683591728743293,0.0
1731044160.0,1.0196276647776688e-05,1.0196276647776688e-05,1.0196276647776688e-05,1.0196276647776688e-05,0.0,0.0,0.0,0.0,0.12683591728743293,0.0
1731044220.0,1.0196276647776688e-05,1.0196276647776688e-05,1.0142384195691896e-05,1.0142384195691896e-05,5.8584999353193385,5.957702161797133e-05,-0.00528550312496114,0.0,0.12683591728743293,0.00528550312496114
1731044280.0,1.0142384195691896e-05,1.0142384195691896e-05,1.012115163711173e-05,1.012115163711173e-05,6.5235691804336415,6.609528892274524e-05,-0.002093448460489711,0.10940908302820693,0.1261655256502529,0.002093448460489711
1731044340.0,1.012115163711173e-05,1.012115163711173e-05,1.012115163711173e-05,1.012115163711173e-05,0.0,0.0,0.0,-1.0,0.1259014046248135,0.0
1731044400.0,1.012115163711173e-05,1.012115163711173e-05,1.012115163711173e-05,1.012115163711173e-05,0.0,0.0,0.0,0.0,0.1259014046248135,0.0
1731044460.0,1.012115163711173e-05,1.012115163711173e-05,1.012115163711173e-05,1.012115163711173e-05,0.0,0.0,0.0,0.0,0.1259014046248135,0.0
1731044520.0,1.012115163711173e-05,1.012115163711173e-05,1.012115163711173e-05,1.012115163711173e-05,0.0,0.0,0.0,0.0,0.1259014046248135,0.0
1731044580.0,1.012115163711173e-05,1.012115163711173e-05,1.009104355577312e-05,1.009104355577312e-05,11.05825373566654,0.00011175579149887007,-0.0029747683285577756,0.0,0.1259014046248135,0.0029747683285577756
1731044640.0,1.009104355577312e-05,1.009104355577312e-05,1.009104355577312e-05,1.009104355577312e-05,0.0,0.0,0.0,-1.0,0.12552687711381466,0.0
1731044700.0,1.009104355577312e-05,1.009104355577312e-05,1.009104355577312e-05,1.009104355577312e-05,0.0,0.0,0.0,0.0,0.12552687711381466,0.0
1731044760.0,1.009104355577312e-05,1.009104355577312e-05,1.009104355577312e-05,1.009104355577312e-05,0.0,0.0,0.0,0.0,0.12552687711381466,0.0
1731044820.0,1.009104355577312e-05,1.009104355577312e-05,1.009104355577312e-05,1.009104355577312e-05,0.0,0.0,0.0,0.0,0.12552687711381466,0.0
1731044880.0,1.009104355577312e-05,1.009104355577312e-05,1.0049781583493248e-05,1.0049781583493248e-05,12.459176285593191,0.00012546904547371335,-0.004088969793046336,0.0,0.12552687711381466,0.004088969793046336
1731044940.0,1.0049781583493248e-05,1.0049781583493248e-05,1.0049781583493248e-05,1.0049781583493248e-05,0.0,0.0,0.0,-1.0,0.12501360150508084,0.0
1731045000.0,1.0049781583493248e-05,1.0049781583493248e-05,1.0049781583493248e-05,1.0049781583493248e-05,0.0,0.0,0.0,0.0,0.12501360150508084,0.0
1731045060.0,1.0049781583493248e-05,1.0049781583493248e-05,1.0049781583493248e-05,1.0049781583493248e-05,0.0,0.0,0.0,0.0,0.12501360150508084,0.0
1731045120.0,1.0049781583493248e-05,1.0049781583493248e-05,1.0049781583493248e-05,1.0049781583493248e-05,0.0,0.0,0.0,0.0,0.12501360150508084,0.0
1731045180.0,1.0049781583493248e-05,1.0049781583493248e-05,1.0049781583493248e-05,1.0049781583493248e-05,0.0,0.0,0.0,0.0,0.12501360150508084,0.0
1731045240.0,1.0049781583493248e-05,1.0049781583493248e-05,1.0049781583493248e-05,1.0049781583493248e-05,0.0,0.0,0.0,0.0,0.12501360150508084,0.0
1731045300.0,1.0049781583493248e-05,1.062237421162856e-05,1.0049781583493248e-05,1.062237421162856e-05,319.6303578118461,0.0033037242767685058,0.056975629109770366,0.0,0.12501360150508084,0.056975629109770366
1731045360.0,1.062237421162856e-05,1.062237421162856e-05,1.062237421162856e-05,1.062237421162856e-05,0.0,0.0,0.0,-1.0,0.13213633009811096,0.0
1731045420.0,1.062237421162856e-05,1.062237421162856e-05,1.062237421162856e-05,1.062237421162856e-05,0.0,0.0,0.0,0.0,0.13213633009811096,0.0
1731045480.0,1.062237421162856e-05,1.062237421162856e-05,1.062237421162856e-05,1.062237421162856e-05,0.0,0.0,0.0,0.0,0.13213633009811096,0.0
1731045540.0,1.062237421162856e-05,1.062237421162856e-05,1.062237421162856e-05,1.062237421162856e-05,0.0,0.0,0.0,0.0,0.13213633009811096,0.0
1731045600.0,1.062237421162856e-05,1.062237421162856e-05,1.062237421162856e-05,1.062237421162856e-05,0.0,0.0,0.0,0.0,0.13213633009811096,0.0
1731045660.0,1.062237421162856e-05,1.062237421162856e-05,1.062237421162856e-05,1.062237421162856e-05,0.0,0.0,0.0,0.0,0.13213633009811096,0.0
1731045720.0,1.062237421162856e-05,1.062237421162856e-05,1.062237421162856e-05,1.062237421162856e-05,0.0,0.0,0.0,0.0,0.13213633009811096,0.0
1731045780.0,1.062237421162856e-05,1.062237421162856e-05,1.062237421162856e-05,1.062237421162856e-05,0.0,0.0,0.0,0.0,0.13213633009811096,0.0
1731045840.0,1.062237421162856e-05,1.062237421162856e-05,1.062237421162856e-05,1.062237421162856e-05,0.0,0.0,0.0,0.0,0.13213633009811096,0.0
1731045900.0,1.062237421162856e-05,1.062237421162856e-05,1.062237421162856e-05,1.062237421162856e-05,0.0,0.0,0.0,0.0,0.13213633009811096,0.0
1731045960.0,1.062237421162856e-05,1.062237421162856e-05,1.062237421162856e-05,1.062237421162856e-05,0.0,0.0,0.0,0.0,0.13213633009811096,0.0
1731046020.0,1.062237421162856e-05,1.062237421162856e-05,1.062237421162856e-05,1.062237421162856e-05,0.0,0.0,0.0,0.0,0.13213633009811096,0.0
1731046080.0,1.062237421162856e-05,1.1121850531260033e-05,1.062237421162856e-05,1.1121850531260033e-05,44.02079105589218,0.0004785989870395298,0.04702115644586163,0.0,0.13213633009811096,0.04702115644586163
1731046140.0,1.1121850531260033e-05,1.1189363832747288e-05,1.1121850531260033e-05,1.1189363832747288e-05,19.922065726926142,0.00022224273950364627,0.0060703298697907,-0.5356389262786087,0.13834953314783624,0.0060703298697907
1731046200.0,1.1189363832747288e-05,1.1189363832747288e-05,1.1189363832747288e-05,1.1189363832747288e-05,0.0,0.0,0.0,-1.0,0.13918936045137514,0.0
1731046260.0,1.1189363832747288e-05,1.1189363832747288e-05,1.1189363832747288e-05,1.1189363832747288e-05,0.0,0.0,0.0,0.0,0.13918936045137514,0.0
1731046320.0,1.1189363832747288e-05,1.1189363832747288e-05,1.1189363832747288e-05,1.1189363832747288e-05,0.0,0.0,0.0,0.0,0.13918936045137514,0.0
1731046380.0,1.1189363832747288e-05,1.1189363832747288e-05,1.1189363832747288e-05,1.1189363832747288e-05,0.0,0.0,0.0,0.0,0.13918936045137514,0.0
1731046440.0,1.1189363832747288e-05,1.1189363832747288e-05,1.1189363832747288e-05,1.1189363832747288e-05,0.0,0.0,0.0,0.0,0.13918936045137514,0.0
1731046500.0,1.1189363832747288e-05,1.1189363832747288e-05,1.1189363832747288e-05,1.1189363832747288e-05,0.0,0.0,0.0,0.0,0.13918936045137514,0.0
1731046560.0,1.1189363832747288e-05,1.1189363832747288e-05,1.1164784602554702e-05,1.1164784602554702e-05,3.548075083075683,3.965709853333513e-05,-0.0021966601998097347,0.0,0.13918936045137514,0.0021966601998097347
1731046620.0,1.1164784602554702e-05,1.1164784602554702e-05,1.1164784602554702e-05,1.1164784602554702e-05,0.0,0.0,0.0,-1.0,0.13888360872303465,0.0
1731046680.0,1.1164784602554702e-05,1.1164784602554702e-05,1.1164784602554702e-05,1.1164784602554702e-05,0.0,0.0,0.0,0.0,0.13888360872303465,0.0
1731046740.0,1.1164784602554702e-05,1.1164784602554702e-05,1.1164784602554702e-05,1.1164784602554702e-05,0.0,0.0,0.0,0.0,0.13888360872303465,0.0
1731046800.0,1.1164784602554702e-05,1.1164784602554702e-05,1.1164784602554702e-05,1.1164784602554702e-05,0.0,0.0,0.0,0.0,0.13888360872303465,0.0
1731046860.0,1.1164784602554702e-05,1.1164784602554702e-05,1.1164784602554702e-05,1.1164784602554702e-05,0.0,0.0,0.0,0.0,0.13888360872303465,0.0
1731046920.0,1.1164784602554702e-05,1.1164784602554702e-05,1.1164784602554702e-05,1.1164784602554702e-05,0.0,0.0,0.0,0.0,0.13888360872303465,0.0
1731046980.0,1.1164784602554702e-05,1.1164784602554702e-05,1.1164784602554702e-05,1.1164784602554702e-05,0.0,0.0,0.0,0.0,0.13888360872303465,0.0
1731047040.0,1.1164784602554702e-05,1.1164784602554702e-05,1.1164784602554702e-05,1.1164784602554702e-05,0.0,0.0,0.0,0.0,0.13888360872303465,0.0
1731047100.0,1.1164784602554702e-05,1.1164784602554702e-05,1.1164784602554702e-05,1.1164784602554702e-05,0.0,0.0,0.0,0.0,0.13888360872303465,0.0
1731047160.0,1.1164784602554702e-05,1.1164784602554702e-05,1.1102175392779735e-05,1.1102175392779735e-05,37.732552318446416,0.000420094616498355,-0.005607740050859586,0.0,0.13888360872303465,0.005607740050859586
1731047220.0,1.1102175392779735e-05,1.1102175392779735e-05,1.1102175392779735e-05,1.1102175392779735e-05,0.0,0.0,0.0,-1.0,0.13810478554799058,0.0
1731047280.0,1.1102175392779735e-05,1.1102175392779735e-05,1.1102175392779735e-05,1.1102175392779735e-05,0.0,0.0,0.0,0.0,0.13810478554799058,0.0
1731047340.0,1.1102175392779735e-05,1.1102175392779735e-05,1.109328205145327e-05,1.109328205145327e-05,2.0814814249560065,2.309971619428626e-05,-0.0008010449314508559,0.0,0.13810478554799058,0.0008010449314508559
1731047400.0,1.109328205145327e-05,1.109328205145327e-05,1.109328205145327e-05,1.109328205145327e-05,0.0,0.0,0.0,-1.0,0.13799415740951826,0.0
1731047460.0,1.109328205145327e-05,1.109328205145327e-05,1.109328205145327e-05,1.109328205145327e-05,0.0,0.0,0.0,0.0,0.13799415740951826,0.0
1731047520.0,1.109328205145327e-05,1.109328205145327e-05,1.109328205145327e-05,1.109328205145327e-05,0.0,0.0,0.0,0.0,0.13799415740951826,0.0
1731047580.0,1.109328205145327e-05,1.109328205145327e-05,1.109328205145327e-05,1.109328205145327e-05,0.0,0.0,0.0,0.0,0.13799415740951826,0.0
1731047640.0,1.109328205145327e-05,1.109328205145327e-05,1.109328205145327e-05,1.109328205145327e-05,0.0,0.0,0.0,0.0,0.13799415740951826,0.0
1731047700.0,1.109328205145327e-05,1.109328205145327e-05,1.109328205145327e-05,1.109328205145327e-05,0.0,0.0,0.0,0.0,0.13799415740951826,0.0
1731047760.0,1.109328205145327e-05,1.109328205145327e-05,1.109328205145327e-05,1.109328205145327e-05,0.0,0.0,0.0,0.0,0.13799415740951826,0.0
1731047820.0,1.109328205145327e-05,1.109328205145327e-05,1.109328205145327e-05,1.109328205145327e-05,0.0,0.0,0.0,0.0,0.13799415740951826,0.0
1731047880.0,1.109328205145327e-05,1.109328205145327e-05,1.0472469300351353e-05,1.0472469300351353e-05,315.11967503277083,0.0033978962789091055,-0.05596294660339845,0.0,0.13799415740951826,0.05596294660339845
1731047940.0,1.0472469300351353e-05,1.0472469300351353e-05,1.0472469300351353e-05,1.0472469300351353e-05,0.0,0.0,0.0,-1.0,0.13027159774682842,0.0
1731048000.0,1.0472469300351353e-05,1.0472469300351353e-05,1.0472469300351353e-05,1.0472469300351353e-05,0.0,0.0,0.0,0.0,0.13027159774682842,0.0
1731048060.0,1.0472469300351353e-05,1.0472469300351353e-05,9.893307236036317e-06,9.893307236036317e-06,22.232638266495066,0.0002263924713748899,-0.055303295498379264,0.0,0.13027159774682842,0.055303295498379264
1731048120.0,9.893307236036317e-06,9.893307236036317e-06,9.893307236036317e-06,9.893307236036317e-06,0.0,0.0,0.0,-1.0,0.12306714908158957,0.0
1731048180.0,9.893307236036317e-06,9.893307236036317e-06,9.893307236036317e-06,9.893307236036317e-06,0.0,0.0,0.0,0.0,0.12306714908158957,0.0
1731048240.0,9.893307236036317e-06,9.907530776774368e-06,9.893307236036317e-06,9.907530776774368e-06,1.9853118849705125,1.9655419519604478e-05,0.0014376932201440222,0.0,0.12306714908158957,0.0014376932201440222
1731048300.0,9.907530776774368e-06,9.907530776774368e-06,9.907530776774368e-06,9.907530776774368e-06,0.0,0.0,0.0,-1.0,0.12324408188744662,0.0
1731048360.0,9.907530776774368e-06,9.907530776774368e-06,9.907530776774368e-06,9.907530776774368e-06,0.0,0.0,0.0,0.0,0.12324408188744662,0.0
1731048420.0,9.907530776774368e-06,9.907530776774368e-06,9.907530776774368e-06,9.907530776774368e-06,0.0,0.0,0.0,0.0,0.12324408188744662,0.0
1731048480.0,9.907530776774368e-06,9.907530776774368e-06,9.84936200254626e-06,9.84936200254626e-06,7.122780755333801,7.036200783686915e-05,-0.005871167654050618,0.0,0.12324408188744662,0.005871167654050618
1731048540.0,9.84936200254626e-06,9.888515875048978e-06,9.84936200254626e-06,9.888515875048978e-06,1.0910989898817571,1.0767989307326822e-05,0.003975269920284888,-0.8469630182769674,0.12252049522031588,0.003975269920284888
1731048600.0,9.888515875048978e-06,9.888515875048978e-06,9.888515875048978e-06,9.888515875048978e-06,0.0,0.0,0.0,-1.0,0.12300754725958361,0.0
1731048660.0,9.888515875048978e-06,9.888515875048978e-06,9.888515875048978e-06,9.888515875048978e-06,0.0,0.0,0.0,0.0,0.12300754725958361,0.0
1731048720.0,9.888515875048978e-06,9.888515875048978e-06,9.749902860210935e-06,9.749902860210935e-06,47.83375310416101,0.0004696896365692763,-0.01401757519425094,0.0,0.12300754725958361,0.01401757519425094
1731048780.0,9.749902860210935e-06,9.749902860210935e-06,9.749902860210935e-06,9.749902860210935e-06,0.0,0.0,0.0,-1.0,0.12128327971641202,0.0
1731048840.0,9.749902860210935e-06,9.749902860210935e-06,9.749902860210935e-06,9.749902860210935e-06,0.0,0.0,0.0,0.0,0.12128327971641202,0.0
1731048900.0,9.749902860210935e-06,9.749902860210935e-06,9.749902860210935e-06,9.749902860210935e-06,0.0,0.0,0.0,0.0,0.12128327971641202,0.0
1731048960.0,9.749902860210935e-06,9.749902860210935e-06,9.749902860210935e-06,9.749902860210935e-06,0.0,0.0,0.0,0.0,0.12128327971641202,0.0
1731049020.0,9.749902860210935e-06,9.749902860210935e-06,9.749902860210935e-06,9.749902860210935e-06,0.0,0.0,0.0,0.0,0.12128327971641202,0.0
1731049080.0,9.749902860210935e-06,9.749902860210935e-06,9.749902860210935e-06,9.749902860210935e-06,0.0,0.0,0.0,0.0,0.12128327971641202,0.0
1731049140.0,9.749902860210935e-06,9.749902860210935e-06,9.749902860210935e-06,9.749902860210935e-06,0.0,0.0,0.0,0.0,0.12128327971641202,0.0
1731049200.0,9.749902860210935e-06,9.749902860210935e-06,9.749902860210935e-06,9.749902860210935e-06,0.0,0.0,0.0,0.0,0.12128327971641202,0.0
1731049260.0,9.749902860210935e-06,9.749902860210935e-06,9.749902860210935e-06,9.749902860210935e-06,0.0,0.0,0.0,0.0,0.12128327971641202,0.0
1731049320.0,9.749902860210935e-06,9.749902860210935e-06,9.749902860210935e-06,9.749902860210935e-06,0.0,0.0,0.0,0.0,0.12128327971641202,0.0
1731049380.0,9.749902860210935e-06,9.749902860210935e-06,9.749902860210935e-06,9.749902860210935e-06,0.0,0.0,0.0,0.0,0.12128327971641202,0.0
1731049440.0,9.749902860210935e-06,9.749902860210935e-06,9.749902860210935e-06,9.749902860210935e-06,0.0,0.0,0.0,0.0,0.12128327971641202,0.0
1731049500.0,9.749902860210935e-06,9.749902860210935e-06,9.65552080838222e-06,9.65552080838222e-06,7.723697678425727,7.494081286899031e-05,-0.009680306889403576,0.0,0.12128327971641202,0.009680306889403576
1731049560.0,9.65552080838222e-06,9.65552080838222e-06,9.62582285508554e-06,9.62582285508554e-06,9.99747545645057,9.638238002145383e-05,-0.0030757484641219138,0.2861133517452918,0.12010922034820377,0.0030757484641219138
1731049620.0,9.62582285508554e-06,9.62582285508554e-06,9.62582285508554e-06,9.62582285508554e-06,0.0,0.0,0.0,-1.0,0.11973979459819091,0.0
1731049680.0,9.62582285508554e-06,9.62582285508554e-06,9.62582285508554e-06,9.62582285508554e-06,0.0,0.0,0.0,0.0,0.11973979459819091,0.0
1731049740.0,9.62582285508554e-06,9.62582285508554e-06,9.62582285508554e-06,9.62582285508554e-06,0.0,0.0,0.0,0.0,0.11973979459819091,0.0
1731049800.0,9.62582285508554e-06,9.62582285508554e-06,9.62582285508554e-06,9.62582285508554e-06,0.0,0.0,0.0,0.0,0.11973979459819091,0.0
1731049860.0,9.62582285508554e-06,9.62582285508554e-06,9.62582285508554e-06,9.62582285508554e-06,0.0,0.0,0.0,0.0,0.11973979459819091,0.0
1731049920.0,9.62582285508554e-06,9.62582285508554e-06,9.62582285508554e-06,9.62582285508554e-06,0.0,0.0,0.0,0.0,0.11973979459819091,0.0
1731049980.0,9.62582285508554e-06,9.62582285508554e-06,9.62582285508554e-06,9.62582285508554e-06,0.0,0.0,0.0,0.0,0.11973979459819091,0.0
1731050040.0,9.62582285508554e-06,9.62582285508554e-06,9.62582285508554e-06,9.62582285508554e-06,0.0,0.0,0.0,0.0,0.11973979459819091,0.0
1731050100.0,9.62582285508554e-06,9.62582285508554e-06,9.62582285508554e-06,9.62582285508554e-06,0.0,0.0,0.0,0.0,0.11973979459819091,0.0
1731050160.0,9.62582285508554e-06,9.62582285508554e-06,9.62582285508554e-06,9.62582285508554e-06,0.0,0.0,0.0,0.0,0.11973979459819091,0.0
1731050220.0,9.62582285508554e-06,9.62582285508554e-06,9.62582285508554e-06,9.62582285508554e-06,0.0,0.0,0.0,0.0,0.11973979459819091,0.0
1731050280.0,9.62582285508554e-06,9.62582285508554e-06,9.62582285508554e-06,9.62582285508554e-06,0.0,0.0,0.0,0.0,0.11973979459819091,0.0
1731050340.0,9.62582285508554e-06,9.62582285508554e-06,9.62582285508554e-06,9.62582285508554e-06,0.0,0.0,0.0,0.0,0.11973979459819091,0.0
1731050400.0,9.62582285508554e-06,9.62582285508554e-06,9.62582285508554e-06,9.62582285508554e-06,0.0,0.0,0.0,0.0,0.11973979459819091,0.0
1731050460.0,9.62582285508554e-06,9.62582285508554e-06,9.62582285508554e-06,9.62582285508554e-06,0.0,0.0,0.0,0.0,0.11973979459819091,0.0
1731050520.0,9.62582285508554e-06,9.62582285508554e-06,9.62582285508554e-06,9.62582285508554e-06,0.0,0.0,0.0,0.0,0.11973979459819091,0.0
1731050580.0,9.62582285508554e-06,9.62582285508554e-06,9.62582285508554e-06,9.62582285508554e-06,0.0,0.0,0.0,0.0,0.11973979459819091,0.0
1731050640.0,9.62582285508554e-06,9.62582285508554e-06,9.369348040704292e-06,9.369609456440226e-06,86.2996807684986,0.0008196498722721486,-0.026617298334131623,0.0,0.11973979459819091,0.026644456088836865
1731050700.0,9.369609456440226e-06,9.369609456440226e-06,9.112014371450356e-06,9.112014371450356e-06,127.93864705472868,0.0011822569739573785,-0.027492617081580854,0.4423926775954323,0.11655264476290322,0.027492617081580854
1731050760.0,9.112014371450356e-06,9.112014371450356e-06,9.112014371450356e-06,9.112014371450356e-06,0.0,0.0,0.0,-1.0,0.1133483075305912,0.0
1731050820.0,9.112014371450356e-06,9.112014371450356e-06,9.112014371450356e-06,9.112014371450356e-06,0.0,0.0,0.0,0.0,0.1133483075305912,0.0
1731050880.0,9.112014371450356e-06,9.112014371450356e-06,8.898562209676376e-06,8.898562209676376e-06,4.425943101600128,3.985689358753934e-05,-0.02342535394179858,0.0,0.1133483075305912,0.02342535394179858
1731050940.0,8.898562209676376e-06,8.898562209676376e-06,8.898562209676376e-06,8.898562209676376e-06,0.0,0.0,0.0,-1.0,0.11069308330798328,0.0
1731051000.0,8.898562209676376e-06,8.898562209676376e-06,8.898562209676376e-06,8.898562209676376e-06,0.0,0.0,0.0,0.0,0.11069308330798328,0.0
1731051060.0,8.898562209676376e-06,8.898562209676376e-06,8.898562209676376e-06,8.898562209676376e-06,0.0,0.0,0.0,0.0,0.11069308330798328,0.0
1731051120.0,8.898562209676376e-06,8.898562209676376e-06,8.898562209676376e-06,8.898562209676376e-06,0.0,0.0,0.0,0.0,0.11069308330798328,0.0
1731051180.0,8.898562209676376e-06,8.898562209676376e-06,8.898562209676376e-06,8.898562209676376e-06,0.0,0.0,0.0,0.0,0.11069308330798328,0.0
1731051240.0,8.898562209676376e-06,8.898562209676376e-06,8.898562209676376e-06,8.898562209676376e-06,0.0,0.0,0.0,0.0,0.11069308330798328,0.0
1731051300.0,8.898562209676376e-06,8.898562209676376e-06,8.898562209676376e-06,8.898562209676376e-06,0.0,0.0,0.0,0.0,0.11069308330798328,0.0
1731051360.0,8.898562209676376e-06,8.898562209676376e-06,8.898562209676376e-06,8.898562209676376e-06,0.0,0.0,0.0,0.0,0.11069308330798328,0.0
1731051420.0,8.898562209676376e-06,8.898562209676376e-06,8.898562209676376e-06,8.898562209676376e-06,0.0,0.0,0.0,0.0,0.11069308330798328,0.0
1731051480.0,8.898562209676376e-06,8.898562209676376e-06,8.898562209676376e-06,8.898562209676376e-06,0.0,0.0,0.0,0.0,0.11069308330798328,0.0
1731051540.0,8.898562209676376e-06,8.898562209676376e-06,8.898562209676376e-06,8.898562209676376e-06,0.0,0.0,0.0,0.0,0.11069308330798328,0.0
1731051600.0,8.898562209676376e-06,8.898562209676376e-06,8.898562209676376e-06,8.898562209676376e-06,0.0,0.0,0.0,0.0,0.11069308330798328,0.0
1731051660.0,8.898562209676376e-06,8.898562209676376e-06,8.898562209676376e-06,8.898562209676376e-06,0.0,0.0,0.0,0.0,0.11069308330798328,0.0
1731051720.0,8.898562209676376e-06,8.898562209676376e-06,8.883209786798294e-06,8.883209786798294e-06,5.113938272451282,4.546744218238714e-05,-0.0017252700510862,0.0,0.11069308330798328,0.0017252700510862
1731051780.0,8.883209786798294e-06,8.883209786798294e-06,8.883209786798294e-06,8.883209786798294e-06,0.0,0.0,0.0,-1.0,0.11050210784648962,0.0
1731051840.0,8.883209786798294e-06,8.883209786798294e-06,8.883209786798294e-06,8.883209786798294e-06,0.0,0.0,0.0,0.0,0.11050210784648962,0.0
1731051900.0,8.883209786798294e-06,8.883209786798294e-06,8.883209786798294e-06,8.883209786798294e-06,0.0,0.0,0.0,0.0,0.11050210784648962,0.0
1731051960.0,8.883209786798294e-06,8.883209786798294e-06,8.883209786798294e-06,8.883209786798294e-06,0.0,0.0,0.0,0.0,0.11050210784648962,0.0
1731052020.0,8.883209786798294e-06,8.883209786798294e-06,8.842239034555182e-06,8.842239034555182e-06,20.385353326621757,0.0001806697685481209,-0.004612156329348552,0.0,0.11050210784648962,0.004612156329348552
1731052080.0,8.842239034555182e-06,8.842239034555182e-06,8.842239034555182e-06,8.842239034555182e-06,0.0,0.0,0.0,-1.0,0.10999245485037908,0.0
1731052140.0,8.842239034555182e-06,8.842239034555182e-06,8.842239034555182e-06,8.842239034555182e-06,0.0,0.0,0.0,0.0,0.10999245485037908,0.0
1731052200.0,8.842239034555182e-06,8.842239034555182e-06,8.756242840964745e-06,8.756242840964745e-06,33.31146820552063,0.00029311563473090655,-0.009725612851492304,0.0,0.10999245485037908,0.009725612851492304
1731052260.0,8.756242840964745e-06,8.794406904208654e-06,8.750726902626212e-06,8.750726902626212e-06,59.55572333055557,0.0005213201232028552,-0.0006299435087304275,0.7785476495699409,0.10892271081791904,0.0049884410900633705
1731052320.0,8.750726902626212e-06,8.771423159363731e-06,8.750726902626212e-06,8.771423159363731e-06,15.286885751597389,0.00013392955305999268,0.0023650900054152588,-0.7430953705812,0.10885409566328597,0.0023650900054152588
1731052380.0,8.771423159363731e-06,8.771423159363731e-06,8.771423159363731e-06,8.771423159363731e-06,0.0,0.0,0.0,-1.0,0.10911154539698772,0.0
1731052440.0,8.771423159363731e-06,8.771423159363731e-06,8.771423159363731e-06,8.771423159363731e-06,0.0,0.0,0.0,0.0,0.10911154539698772,0.0
1731052500.0,8.771423159363731e-06,8.771423159363731e-06,8.771423159363731e-06,8.771423159363731e-06,0.0,0.0,0.0,0.0,0.10911154539698772,0.0
1731052560.0,8.771423159363731e-06,8.771423159363731e-06,8.771423159363731e-06,8.771423159363731e-06,0.0,0.0,0.0,0.0,0.10911154539698772,0.0
1731052620.0,8.771423159363731e-06,8.771423159363731e-06,8.771423159363731e-06,8.771423159363731e-06,0.0,0.0,0.0,0.0,0.10911154539698772,0.0
1731052680.0,8.771423159363731e-06,8.771423159363731e-06,8.771423159363731e-06,8.771423159363731e-06,0.0,0.0,0.0,0.0,0.10911154539698772,0.0
1731052740.0,8.771423159363731e-06,8.771423159363731e-06,8.771423159363731e-06,8.771423159363731e-06,0.0,0.0,0.0,0.0,0.10911154539698772,0.0
1731052800.0,8.771423159363731e-06,8.771423159363731e-06,8.771423159363731e-06,8.771423159363731e-06,0.0,0.0,0.0,0.0,0.10911154539698772,0.0
1731052860.0,8.771423159363731e-06,8.771423159363731e-06,8.771423159363731e-06,8.771423159363731e-06,0.0,0.0,0.0,0.0,0.10911154539698772,0.0
1731052920.0,8.771423159363731e-06,8.771423159363731e-06,8.771423159363731e-06,8.771423159363731e-06,0.0,0.0,0.0,0.0,0.10911154539698772,0.0
1731052980.0,8.771423159363731e-06,8.771423159363731e-06,8.771423159363731e-06,8.771423159363731e-06,0.0,0.0,0.0,0.0,0.10911154539698772,0.0
1731053040.0,8.771423159363731e-06,8.771423159363731e-06,8.771423159363731e-06,8.771423159363731e-06,0.0,0.0,0.0,0.0,0.10911154539698772,0.0
1731053100.0,8.771423159363731e-06,8.771423159363731e-06,8.771423159363731e-06,8.771423159363731e-06,0.0,0.0,0.0,0.0,0.10911154539698772,0.0
1731053160.0,8.771423159363731e-06,8.771423159363731e-06,8.771423159363731e-06,8.771423159363731e-06,0.0,0.0,0.0,0.0,0.10911154539698772,0.0
1731053220.0,8.771423159363731e-06,8.771423159363731e-06,8.200908227981796e-06,8.200908227981796e-06,176.41881755667245,0.0014971193172677482,-0.06504245901908123,0.0,0.10911154539698772,0.06504245901908123
1731053280.0,8.200908227981796e-06,8.200908227981796e-06,8.200908227981796e-06,8.200908227981796e-06,0.0,0.0,0.0,-1.0,0.10201466217699552,0.0
1731053340.0,8.200908227981796e-06,8.200908227981796e-06,8.200908227981796e-06,8.200908227981796e-06,0.0,0.0,0.0,0.0,0.10201466217699552,0.0
1731053400.0,8.200908227981796e-06,8.275797498849563e-06,8.200908227981796e-06,8.275797498849563e-06,23.881596810135193,0.00019674502146371605,0.00913182647407782,0.0,0.10201466217699552,0.00913182647407782
1731053460.0,8.275797498849563e-06,8.275797498849563e-06,8.275797498849563e-06,8.275797498849563e-06,0.0,0.0,0.0,-1.0,0.10294624236980753,0.0
1731053520.0,8.275797498849563e-06,8.275797498849563e-06,8.275797498849563e-06,8.275797498849563e-06,0.0,0.0,0.0,0.0,0.10294624236980753,0.0
1731053580.0,8.275797498849563e-06,8.275797498849563e-06,8.275797498849563e-06,8.275797498849563e-06,0.0,0.0,0.0,0.0,0.10294624236980753,0.0
1731053640.0,8.275797498849563e-06,8.275797498849563e-06,8.118825628155067e-06,8.118825628155067e-06,49.52936069460347,0.0004060076011547501,-0.018967582364879783,0.0,0.10294624236980753,0.018967582364879783
1731053700.0,8.118825628155067e-06,8.118825628155067e-06,8.118825628155067e-06,8.118825628155067e-06,0.0,0.0,0.0,-1.0,0.10099360103850331,0.0
1731053760.0,8.118825628155067e-06,8.118825628155067e-06,8.118825628155067e-06,8.118825628155067e-06,0.0,0.0,0.0,0.0,0.10099360103850331,0.0
1731053820.0,8.118825628155067e-06,8.118825628155067e-06,8.118825628155067e-06,8.118825628155067e-06,0.0,0.0,0.0,0.0,0.10099360103850331,0.0
1731053880.0,8.118825628155067e-06,8.118825628155067e-06,8.118825628155067e-06,8.118825628155067e-06,0.0,0.0,0.0,0.0,0.10099360103850331,0.0
1731053940.0,8.118825628155067e-06,8.118825628155067e-06,8.118825628155067e-06,8.118825628155067e-06,0.0,0.0,0.0,0.0,0.10099360103850331,0.0
1731054000.0,8.118825628155067e-06,8.118825628155067e-06,8.118825628155067e-06,8.118825628155067e-06,0.0,0.0,0.0,0.0,0.10099360103850331,0.0
1731054060.0,8.118825628155067e-06,8.118825628155067e-06,8.117903784423952e-06,8.117903784423952e-06,0.355237160444307,2.883944825713566e-06,-0.00011354397462593637,0.0,0.10099360103850331,0.00011354397462593637
1731054120.0,8.117903784423952e-06,8.117903784423952e-06,8.117903784423952e-06,8.117903784423952e-06,0.0,0.0,0.0,-1.0,0.10098213382362962,0.0
1731054180.0,8.117903784423952e-06,8.117903784423952e-06,8.117903784423952e-06,8.117903784423952e-06,0.0,0.0,0.0,0.0,0.10098213382362962,0.0
1731054240.0,8.117903784423952e-06,8.117903784423952e-06,8.117903784423952e-06,8.117903784423952e-06,0.0,0.0,0.0,0.0,0.10098213382362962,0.0
1731054300.0,8.117903784423952e-06,8.117903784423952e-06,8.111796797006753e-06,8.111796797006753e-06,3.6211028400626386,2.938470743439249e-05,-0.0007522862526304897,0.0,0.10098213382362962,0.0007522862526304897
1731054360.0,8.111796797006753e-06,8.111796797006753e-06,8.111796797006753e-06,8.111796797006753e-06,0.0,0.0,0.0,-1.0,0.10090616635259281,0.0
1731054420.0,8.111796797006753e-06,8.111796797006753e-06,8.111796797006753e-06,8.111796797006753e-06,0.0,0.0,0.0,0.0,0.10090616635259281,0.0
1731054480.0,8.111796797006753e-06,8.111796797006753e-06,7.935239248836423e-06,7.935239248836423e-06,111.4159539445714,0.0008939479145152701,-0.021765528968314313,0.0,0.10090616635259281,0.021765528968314313
1731054540.0,7.935239248836423e-06,7.935239248836423e-06,7.935239248836423e-06,7.935239248836423e-06,0.0,0.0,0.0,-1.0,0.0987098902657639,0.0
1731054600.0,7.935239248836423e-06,7.935239248836423e-06,7.935239248836423e-06,7.935239248836423e-06,0.0,0.0,0.0,0.0,0.0987098902657639,0.0
1731054660.0,7.935239248836423e-06,7.935239248836423e-06,7.935239248836423e-06,7.935239248836423e-06,0.0,0.0,0.0,0.0,0.0987098902657639,0.0
1731054720.0,7.935239248836423e-06,7.935239248836423e-06,7.935239248836423e-06,7.935239248836423e-06,0.0,0.0,0.0,0.0,0.0987098902657639,0.0
1731054780.0,7.935239248836423e-06,7.935239248836423e-06,7.935239248836423e-06,7.935239248836423e-06,0.0,0.0,0.0,0.0,0.0987098902657639,0.0
1731054840.0,7.935239248836423e-06,7.935239248836423e-06,7.935239248836423e-06,7.935239248836423e-06,0.0,0.0,0.0,0.0,0.0987098902657639,0.0
1731054900.0,7.935239248836423e-06,7.935239248836423e-06,7.935239248836423e-06,7.935239248836423e-06,0.0,0.0,0.0,0.0,0.0987098902657639,0.0
1731054960.0,7.935239248836423e-06,7.935239248836423e-06,7.935239248836423e-06,7.935239248836423e-06,0.0,0.0,0.0,0.0,0.0987098902657639,0.0
1731055020.0,7.935239248836423e-06,7.935239248836423e-06,7.935239248836423e-06,7.935239248836423e-06,0.0,0.0,0.0,0.0,0.0987098902657639,0.0
1731055080.0,7.935239248836423e-06,7.935239248836423e-06,7.935239248836423e-06,7.935239248836423e-06,0.0,0.0,0.0,0.0,0.0987098902657639,0.0
1731055140.0,7.935239248836423e-06,7.935239248836423e-06,7.935239248836423e-06,7.935239248836423e-06,0.0,0.0,0.0,0.0,0.0987098902657639,0.0
1731055200.0,7.935239248836423e-06,7.935239248836423e-06,7.935239248836423e-06,7.935239248836423e-06,0.0,0.0,0.0,0.0,0.0987098902657639,0.0
1731055260.0,7.935239248836423e-06,7.935239248836423e-06,7.935239248836423e-06,7.935239248836423e-06,0.0,0.0,0.0,0.0,0.0987098902657639,0.0
1731055320.0,7.935239248836423e-06,7.935239248836423e-06,7.935239248836423e-06,7.935239248836423e-06,0.0,0.0,0.0,0.0,0.0987098902657639,0.0
1731055380.0,7.935239248836423e-06,7.935239248836423e-06,7.935239248836423e-06,7.935239248836423e-06,0.0,0.0,0.0,0.0,0.0987098902657639,0.0
1731055440.0,7.935239248836423e-06,7.935239248836423e-06,7.935239248836423e-06,7.935239248836423e-06,0.0,0.0,0.0,0.0,0.0987098902657639,0.0
1731055500.0,7.935239248836423e-06,7.935239248836423e-06,7.935239248836423e-06,7.935239248836423e-06,0.0,0.0,0.0,0.0,0.0987098902657639,0.0
1731055560.0,7.935239248836423e-06,7.935239248836423e-06,7.935239248836423e-06,7.935239248836423e-06,0.0,0.0,0.0,0.0,0.0987098902657639,0.0
1731055620.0,7.935239248836423e-06,7.935239248836423e-06,7.935239248836423e-06,7.935239248836423e-06,0.0,0.0,0.0,0.0,0.0987098902657639,0.0
1731055680.0,7.935239248836423e-06,7.935239248836423e-06,7.935239248836423e-06,7.935239248836423e-06,0.0,0.0,0.0,0.0,0.0987098902657639,0.0
1731055740.0,7.935239248836423e-06,7.935239248836423e-06,7.935239248836423e-06,7.935239248836423e-06,0.0,0.0,0.0,0.0,0.0987098902657639,0.0
1731055800.0,7.935239248836423e-06,8.016995358050023e-06,7.836403151111984e-06,7.983811033061773e-06,214.4570307104951,0.0017069761275934783,0.006121023286408407,0.0,0.0987098902657639,0.02275825608717725
1731055860.0,7.983811033061773e-06,7.983811033061773e-06,7.983811033061773e-06,7.983811033061773e-06,0.0,0.0,0.0,-1.0,0.09931409580267947,0.0
1731055920.0,7.983811033061773e-06,7.983811033061773e-06,7.983811033061773e-06,7.983811033061773e-06,0.0,0.0,0.0,0.0,0.09931409580267947,0.0
1731055980.0,7.983811033061773e-06,7.983811033061773e-06,7.983811033061773e-06,7.983811033061773e-06,0.0,0.0,0.0,0.0,0.09931409580267947,0.0
1731056040.0,7.983811033061773e-06,7.983811033061773e-06,7.983811033061773e-06,7.983811033061773e-06,0.0,0.0,0.0,0.0,0.09931409580267947,0.0
1731056100.0,7.983811033061773e-06,7.983811033061773e-06,7.983811033061773e-06,7.983811033061773e-06,0.0,0.0,0.0,0.0,0.09931409580267947,0.0
1731056160.0,7.983811033061773e-06,7.983811033061773e-06,7.983811033061773e-06,7.983811033061773e-06,0.0,0.0,0.0,0.0,0.09931409580267947,0.0
1731056220.0,7.983811033061773e-06,7.983811033061773e-06,7.983811033061773e-06,7.983811033061773e-06,0.0,0.0,0.0,0.0,0.09931409580267947,0.0
1731056280.0,7.983811033061773e-06,7.983811033061773e-06,7.983811033061773e-06,7.983811033061773e-06,0.0,0.0,0.0,0.0,0.09931409580267947,0.0
1731056340.0,7.983811033061773e-06,7.983811033061773e-06,7.983811033061773e-06,7.983811033061773e-06,0.0,0.0,0.0,0.0,0.09931409580267947,0.0
1731056400.0,7.983811033061773e-06,7.983811033061773e-06,7.983811033061773e-06,7.983811033061773e-06,0.0,0.0,0.0,0.0,0.09931409580267947,0.0
1731056460.0,7.983811033061773e-06,7.983811033061773e-06,7.983811033061773e-06,7.983811033061773e-06,0.0,0.0,0.0,0.0,0.09931409580267947,0.0
1731056520.0,7.983811033061773e-06,7.983811033061773e-06,7.983811033061773e-06,7.983811033061773e-06,0.0,0.0,0.0,0.0,0.09931409580267947,0.0
1731056580.0,7.983811033061773e-06,7.983811033061773e-06,7.983811033061773e-06,7.983811033061773e-06,0.0,0.0,0.0,0.0,0.09931409580267947,0.0
1731056640.0,7.983811033061773e-06,7.983811033061773e-06,7.983811033061773e-06,7.983811033061773e-06,0.0,0.0,0.0,0.0,0.09931409580267947,0.0
1731056700.0,7.983811033061773e-06,7.983811033061773e-06,7.983811033061773e-06,7.983811033061773e-06,0.0,0.0,0.0,0.0,0.09931409580267947,0.0
1731056760.0,7.983811033061773e-06,7.983811033061773e-06,7.983811033061773e-06,7.983811033061773e-06,0.0,0.0,0.0,0.0,0.09931409580267947,0.0
1731056820.0,7.983811033061773e-06,7.983811033061773e-06,7.983811033061773e-06,7.983811033061773e-06,0.0,0.0,0.0,0.0,0.09931409580267947,0.0
1731056880.0,7.983811033061773e-06,7.983811033061773e-06,7.983811033061773e-06,7.983811033061773e-06,0.0,0.0,0.0,0.0,0.09931409580267947,0.0
1731056940.0,7.983811033061773e-06,7.983811033061773e-06,7.983811033061773e-06,7.983811033061773e-06,0.0,0.0,0.0,0.0,0.09931409580267947,0.0
1731057000.0,7.983811033061773e-06,7.983811033061773e-06,7.983811033061773e-06,7.983811033061773e-06,0.0,0.0,0.0,0.0,0.09931409580267947,0.0
1731057060.0,7.983811033061773e-06,7.983811033061773e-06,7.983811033061773e-06,7.983811033061773e-06,0.0,0.0,0.0,0.0,0.09931409580267947,0.0
1731057120.0,7.983811033061773e-06,7.983811033061773e-06,7.983811033061773e-06,7.983811033061773e-06,0.0,0.0,0.0,0.0,0.09931409580267947,0.0
1731057180.0,7.983811033061773e-06,7.983811033061773e-06,7.983811033061773e-06,7.983811033061773e-06,0.0,0.0,0.0,0.0,0.09931409580267947,0.0
1731057240.0,7.983811033061773e-06,7.983811033061773e-06,7.983811033061773e-06,7.983811033061773e-06,0.0,0.0,0.0,0.0,0.09931409580267947,0.0
1731057300.0,7.983811033061773e-06,7.983811033061773e-06,7.983811033061773e-06,7.983811033061773e-06,0.0,0.0,0.0,0.0,0.09931409580267947,0.0
1731057360.0,7.983811033061773e-06,7.983811033061773e-06,7.983811033061773e-06,7.983811033061773e-06,0.0,0.0,0.0,0.0,0.09931409580267947,0.0
1731057420.0,7.983811033061773e-06,7.983811033061773e-06,7.983811033061773e-06,7.983811033061773e-06,0.0,0.0,0.0,0.0,0.09931409580267947,0.0
1731057480.0,7.983811033061773e-06,7.983811033061773e-06,7.983811033061773e-06,7.983811033061773e-06,0.0,0.0,0.0,0.0,0.09931409580267947,0.0
1731057540.0,7.983811033061773e-06,7.983811033061773e-06,7.983811033061773e-06,7.983811033061773e-06,0.0,0.0,0.0,0.0,0.09931409580267947,0.0
1731057600.0,7.983811033061773e-06,7.983811033061773e-06,7.836024326889223e-06,7.836024326889223e-06,2.640329043971258,2.088478538586106e-05,-0.018510797106864086,0.0,0.09931409580267947,0.018510797106864086
1731057660.0,7.836024326889223e-06,7.836024326889223e-06,7.836024326889223e-06,7.836024326889223e-06,0.0,0.0,0.0,-1.0,0.09747571272542441,0.0
1731057720.0,7.836024326889223e-06,7.836024326889223e-06,7.836024326889223e-06,7.836024326889223e-06,0.0,0.0,0.0,0.0,0.09747571272542441,0.0
1731057780.0,7.836024326889223e-06,7.836024326889223e-06,7.836024326889223e-06,7.836024326889223e-06,0.0,0.0,0.0,0.0,0.09747571272542441,0.0
1731057840.0,7.836024326889223e-06,7.836024326889223e-06,7.836024326889223e-06,7.836024326889223e-06,0.0,0.0,0.0,0.0,0.09747571272542441,0.0
1731057900.0,7.836024326889223e-06,7.836024326889223e-06,7.830433329169074e-06,7.830433329169074e-06,1.059372509486284,8.298307280929542e-06,-0.0007134992806190645,0.0,0.09747571272542441,0.0007134992806190645
1731057960.0,7.830433329169074e-06,7.830433329169074e-06,7.8138119536889e-06,7.8138119536889e-06,9.443659236290468,7.386946073012765e-05,-0.00212266355914921,7.901750469024945,0.09740616387451699,0.00212266355914921
1731058020.0,7.8138119536889e-06,7.8138119536889e-06,7.8138119536889e-06,7.8138119536889e-06,0.0,0.0,0.0,-1.0,0.09719940336002403,0.0
1731058080.0,7.8138119536889e-06,7.8138119536889e-06,7.8138119536889e-06,7.8138119536889e-06,0.0,0.0,0.0,0.0,0.09719940336002403,0.0
1731058140.0,7.8138119536889e-06,7.8138119536889e-06,7.8138119536889e-06,7.8138119536889e-06,0.0,0.0,0.0,0.0,0.09719940336002403,0.0
1731058200.0,7.8138119536889e-06,7.8138119536889e-06,7.76070603275992e-06,7.76070603275992e-06,23.05123209694034,0.00017950591445180185,-0.006796416556186471,0.0,0.09719940336002403,0.006796416556186471
1731058260.0,7.76070603275992e-06,7.76070603275992e-06,7.76070603275992e-06,7.76070603275992e-06,0.0,0.0,0.0,-1.0,0.09653879572577652,0.0
1731058320.0,7.76070603275992e-06,7.76070603275992e-06,7.76070603275992e-06,7.76070603275992e-06,0.0,0.0,0.0,0.0,0.09653879572577652,0.0
1731058380.0,7.76070603275992e-06,7.76070603275992e-06,7.76070603275992e-06,7.76070603275992e-06,0.0,0.0,0.0,0.0,0.09653879572577652,0.0
1731058440.0,7.76070603275992e-06,7.76070603275992e-06,7.76070603275992e-06,7.76070603275992e-06,0.0,0.0,0.0,0.0,0.09653879572577652,0.0
1731058500.0,7.76070603275992e-06,7.76070603275992e-06,7.76070603275992e-06,7.76070603275992e-06,0.0,0.0,0.0,0.0,0.09653879572577652,0.0
1731058560.0,7.76070603275992e-06,7.76070603275992e-06,7.76070603275992e-06,7.76070603275992e-06,0.0,0.0,0.0,0.0,0.09653879572577652,0.0
1731058620.0,7.76070603275992e-06,7.76070603275992e-06,7.76070603275992e-06,7.76070603275992e-06,0.0,0.0,0.0,0.0,0.09653879572577652,0.0
1731058680.0,7.76070603275992e-06,7.76070603275992e-06,7.76070603275992e-06,7.76070603275992e-06,0.0,0.0,0.0,0.0,0.09653879572577652,0.0
1731058740.0,7.76070603275992e-06,7.76070603275992e-06,7.76070603275992e-06,7.76070603275992e-06,0.0,0.0,0.0,0.0,0.09653879572577652,0.0
1731058800.0,7.76070603275992e-06,7.76070603275992e-06,7.76070603275992e-06,7.76070603275992e-06,0.0,0.0,0.0,0.0,0.09653879572577652,0.0
1731058860.0,7.76070603275992e-06,7.76070603275992e-06,7.76070603275992e-06,7.76070603275992e-06,0.0,0.0,0.0,0.0,0.09653879572577652,0.0
1731058920.0,7.76070603275992e-06,7.76070603275992e-06,7.76070603275992e-06,7.76070603275992e-06,0.0,0.0,0.0,0.0,0.09653879572577652,0.0
1731058980.0,7.76070603275992e-06,7.76070603275992e-06,7.76070603275992e-06,7.76070603275992e-06,0.0,0.0,0.0,0.0,0.09653879572577652,0.0
1731059040.0,7.76070603275992e-06,7.76070603275992e-06,7.76070603275992e-06,7.76070603275992e-06,0.0,0.0,0.0,0.0,0.09653879572577652,0.0
1731059100.0,7.76070603275992e-06,7.76070603275992e-06,7.76070603275992e-06,7.76070603275992e-06,0.0,0.0,0.0,0.0,0.09653879572577652,0.0
1731059160.0,7.76070603275992e-06,7.76070603275992e-06,7.76070603275992e-06,7.76070603275992e-06,0.0,0.0,0.0,0.0,0.09653879572577652,0.0
1731059220.0,7.76070603275992e-06,7.76070603275992e-06,7.76070603275992e-06,7.76070603275992e-06,0.0,0.0,0.0,0.0,0.09653879572577652,0.0
1731059280.0,7.76070603275992e-06,7.76070603275992e-06,7.76070603275992e-06,7.76070603275992e-06,0.0,0.0,0.0,0.0,0.09653879572577652,0.0
1731059340.0,7.76070603275992e-06,7.76070603275992e-06,7.76070603275992e-06,7.76070603275992e-06,0.0,0.0,0.0,0.0,0.09653879572577652,0.0
1731059400.0,7.76070603275992e-06,7.76070603275992e-06,7.76070603275992e-06,7.76070603275992e-06,0.0,0.0,0.0,0.0,0.09653879572577652,0.0
1731059460.0,7.76070603275992e-06,7.76070603275992e-06,7.76070603275992e-06,7.76070603275992e-06,0.0,0.0,0.0,0.0,0.09653879572577652,0.0
1731059520.0,7.76070603275992e-06,7.76070603275992e-06,7.76070603275992e-06,7.76070603275992e-06,0.0,0.0,0.0,0.0,0.09653879572577652,0.0
1731059580.0,7.76070603275992e-06,7.76070603275992e-06,7.76070603275992e-06,7.76070603275992e-06,0.0,0.0,0.0,0.0,0.09653879572577652,0.0
1731059640.0,7.76070603275992e-06,7.76070603275992e-06,7.76070603275992e-06,7.76070603275992e-06,0.0,0.0,0.0,0.0,0.09653879572577652,0.0
1731059700.0,7.76070603275992e-06,7.76070603275992e-06,7.76070603275992e-06,7.76070603275992e-06,0.0,0.0,0.0,0.0,0.09653879572577652,0.0
1731059760.0,7.76070603275992e-06,7.76070603275992e-06,7.76070603275992e-06,7.76070603275992e-06,0.0,0.0,0.0,0.0,0.09653879572577652,0.0
1731059820.0,7.76070603275992e-06,7.76070603275992e-06,7.76070603275992e-06,7.76070603275992e-06,0.0,0.0,0.0,0.0,0.09653879572577652,0.0
1731059880.0,7.76070603275992e-06,7.76070603275992e-06,7.76070603275992e-06,7.76070603275992e-06,0.0,0.0,0.0,0.0,0.09653879572577652,0.0
1731059940.0,7.76070603275992e-06,7.76070603275992e-06,7.76070603275992e-06,7.76070603275992e-06,0.0,0.0,0.0,0.0,0.09653879572577652,0.0
1731060000.0,7.76070603275992e-06,7.76070603275992e-06,7.76070603275992e-06,7.76070603275992e-06,0.0,0.0,0.0,0.0,0.09653879572577652,0.0
1731060060.0,7.76070603275992e-06,7.76070603275992e-06,7.76070603275992e-06,7.76070603275992e-06,0.0,0.0,0.0,0.0,0.09653879572577652,0.0
1731060120.0,7.76070603275992e-06,7.76070603275992e-06,7.76070603275992e-06,7.76070603275992e-06,0.0,0.0,0.0,0.0,0.09653879572577652,0.0
1731060180.0,7.76070603275992e-06,7.76070603275992e-06,7.76070603275992e-06,7.76070603275992e-06,0.0,0.0,0.0,0.0,0.09653879572577652,0.0
1731060240.0,7.76070603275992e-06,7.76070603275992e-06,7.76070603275992e-06,7.76070603275992e-06,0.0,0.0,0.0,0.0,0.09653879572577652,0.0
1731060300.0,7.76070603275992e-06,7.76070603275992e-06,7.76070603275992e-06,7.76070603275992e-06,0.0,0.0,0.0,0.0,0.09653879572577652,0.0
1731060360.0,7.76070603275992e-06,7.76070603275992e-06,7.76070603275992e-06,7.76070603275992e-06,0.0,0.0,0.0,0.0,0.09653879572577652,0.0
1731060420.0,7.76070603275992e-06,7.76070603275992e-06,7.76070603275992e-06,7.76070603275992e-06,0.0,0.0,0.0,0.0,0.09653879572577652,0.0
1731060480.0,7.76070603275992e-06,7.76070603275992e-06,7.76070603275992e-06,7.76070603275992e-06,0.0,0.0,0.0,0.0,0.09653879572577652,0.0
1731060540.0,7.76070603275992e-06,7.76070603275992e-06,7.76070603275992e-06,7.76070603275992e-06,0.0,0.0,0.0,0.0,0.09653879572577652,0.0
1731060600.0,7.76070603275992e-06,7.76070603275992e-06,7.76070603275992e-06,7.76070603275992e-06,0.0,0.0,0.0,0.0,0.09653879572577652,0.0
1731060660.0,7.76070603275992e-06,7.76070603275992e-06,7.76070603275992e-06,7.76070603275992e-06,0.0,0.0,0.0,0.0,0.09653879572577652,0.0
1731060720.0,7.76070603275992e-06,7.76070603275992e-06,7.76070603275992e-06,7.76070603275992e-06,0.0,0.0,0.0,0.0,0.09653879572577652,0.0
1731060780.0,7.76070603275992e-06,7.76070603275992e-06,7.76070603275992e-06,7.76070603275992e-06,0.0,0.0,0.0,0.0,0.09653879572577652,0.0
1731060840.0,7.76070603275992e-06,7.76070603275992e-06,7.76070603275992e-06,7.76070603275992e-06,0.0,0.0,0.0,0.0,0.09653879572577652,0.0
1731060900.0,7.76070603275992e-06,7.76070603275992e-06,7.76070603275992e-06,7.76070603275992e-06,0.0,0.0,0.0,0.0,0.09653879572577652,0.0
1731060960.0,7.76070603275992e-06,7.76070603275992e-06,7.76070603275992e-06,7.76070603275992e-06,0.0,0.0,0.0,0.0,0.09653879572577652,0.0
1731061020.0,7.76070603275992e-06,7.76070603275992e-06,7.76070603275992e-06,7.76070603275992e-06,0.0,0.0,0.0,0.0,0.09653879572577652,0.0
1731061080.0,7.76070603275992e-06,7.76070603275992e-06,7.76070603275992e-06,7.76070603275992e-06,0.0,0.0,0.0,0.0,0.09653879572577652,0.0
1731061140.0,7.76070603275992e-06,7.76070603275992e-06,7.76070603275992e-06,7.76070603275992e-06,0.0,0.0,0.0,0.0,0.09653879572577652,0.0
1731061200.0,7.76070603275992e-06,7.76070603275992e-06,7.76070603275992e-06,7.76070603275992e-06,0.0,0.0,0.0,0.0,0.09653879572577652,0.0
1731061260.0,7.76070603275992e-06,7.76070603275992e-06,7.76070603275992e-06,7.76070603275992e-06,0.0,0.0,0.0,0.0,0.09653879572577652,0.0
1731061320.0,7.76070603275992e-06,7.76070603275992e-06,7.76070603275992e-06,7.76070603275992e-06,0.0,0.0,0.0,0.0,0.09653879572577652,0.0
1731061380.0,7.76070603275992e-06,7.76070603275992e-06,7.76070603275992e-06,7.76070603275992e-06,0.0,0.0,0.0,0.0,0.09653879572577652,0.0
1731061440.0,7.76070603275992e-06,7.812608077749185e-06,7.76070603275992e-06,7.812608077749185e-06,3.0923617832111003,2.4079160696640264e-05,0.006687799379357099,0.0,0.09653879572577652,0.006687799379357099
1731061500.0,7.812608077749185e-06,7.812608077749185e-06,7.812608077749185e-06,7.812608077749185e-06,0.0,0.0,0.0,-1.0,0.09718442782391525,0.0
1731061560.0,7.812608077749185e-06,7.812608077749185e-06,7.812608077749185e-06,7.812608077749185e-06,0.0,0.0,0.0,0.0,0.09718442782391525,0.0
1731061620.0,7.812608077749185e-06,7.812608077749185e-06,7.812608077749185e-06,7.812608077749185e-06,0.0,0.0,0.0,0.0,0.09718442782391525,0.0
1731061680.0,7.812608077749185e-06,7.812608077749185e-06,7.812608077749185e-06,7.812608077749185e-06,0.0,0.0,0.0,0.0,0.09718442782391525,0.0
1731061740.0,7.812608077749185e-06,7.812608077749185e-06,7.812608077749185e-06,7.812608077749185e-06,0.0,0.0,0.0,0.0,0.09718442782391525,0.0
1731061800.0,7.812608077749185e-06,7.812608077749185e-06,7.812608077749185e-06,7.812608077749185e-06,0.0,0.0,0.0,0.0,0.09718442782391525,0.0
1731061860.0,7.812608077749185e-06,7.812608077749185e-06,7.812608077749185e-06,7.812608077749185e-06,0.0,0.0,0.0,0.0,0.09718442782391525,0.0
1731061920.0,7.812608077749185e-06,7.812608077749185e-06,7.812608077749185e-06,7.812608077749185e-06,0.0,0.0,0.0,0.0,0.09718442782391525,0.0
1731061980.0,7.812608077749185e-06,7.812608077749185e-06,7.812608077749185e-06,7.812608077749185e-06,0.0,0.0,0.0,0.0,0.09718442782391525,0.0
