0,1,2,3,4,5
1735932000.0,0.0001099297681354,0.000259656187288,5.93394198453069e-05,0.0001736293007346,165698.22794842292
1735932060.0,0.0001736293007346,0.0006095199438017,4.69818580686368e-05,8.36520312278776e-05,533760.533893858
1735932120.0,8.36520312278776e-05,0.0001170612312953,3.90546006758765e-05,5.32806428520811e-05,84614.41669966019
1735932180.0,5.32806428520811e-05,5.32806428520811e-05,1.61533272512441e-05,1.61533272512441e-05,11437.18235924446
1735932240.0,1.61533272512441e-05,1.61690829186108e-05,9.67619326640821e-06,9.67619326640821e-06,1983.18053003555
1735932300.0,9.67619326640821e-06,9.97437133885046e-06,8.65958973782924e-06,8.6616538165068e-06,1112.46132299172
1735932360.0,8.6616538165068e-06,8.6616538165068e-06,8.47272333503863e-06,8.47683769269643e-06,59.96346620434
1735932420.0,8.47683769269643e-06,8.5134020164228e-06,8.27601572084222e-06,8.36157262954894e-06,163.66706802263
1735932480.0,8.36157262954894e-06,8.36157262954894e-06,7.77339370521824e-06,7.77339370521824e-06,185.83629995548
1735932540.0,7.77339370521824e-06,8.44431770636873e-06,7.77112490721752e-06,8.43244110761825e-06,415.11892935375
1735932600.0,8.43244110761825e-06,8.46821742367238e-06,8.41492615132889e-06,8.44198282526509e-06,35.78289349635
1735932660.0,8.44198282526509e-06,8.48365344688377e-06,8.42787440376624e-06,8.48365344688377e-06,12.91314816836
1735932720.0,8.48365344688377e-06,8.48365344688377e-06,8.48365344688377e-06,8.48365344688377e-06,0.0
1735932780.0,8.48365344688377e-06,8.48365344688377e-06,7.81688798161026e-06,7.81688798161026e-06,309.93235683416
1735932840.0,7.81688798161026e-06,7.81688798161026e-06,7.81688798161026e-06,7.81688798161026e-06,0.0
1735932900.0,7.81688798161026e-06,7.81688798161026e-06,7.50046563009295e-06,7.50046563009295e-06,0.1783338722
1735932960.0,7.50046563009295e-06,7.50046563009295e-06,7.49816200860299e-06,7.49816200860299e-06,0.2384803323
1735933020.0,7.49816200860299e-06,7.97759859199471e-06,7.48779799565945e-06,7.94003086763002e-06,652.43850124232
1735933080.0,7.94003086763002e-06,7.94003086763002e-06,7.94003086763002e-06,7.94003086763002e-06,0.0
1735933140.0,7.94003086763002e-06,7.94003086763002e-06,7.94003086763002e-06,7.94003086763002e-06,0.0
1735933200.0,7.94003086763002e-06,7.94003086763002e-06,7.94003086763002e-06,7.94003086763002e-06,0.0
1735933260.0,7.94003086763002e-06,7.94003086763002e-06,7.47508376292515e-06,7.47508376292515e-06,4.44046165814
1735933320.0,7.47508376292515e-06,7.47508376292515e-06,7.25913994184672e-06,7.25913994184672e-06,94.23917987565
1735933380.0,7.25913994184672e-06,7.25913994184672e-06,7.25913994184672e-06,7.25913994184672e-06,0.0
1735933440.0,7.25913994184672e-06,7.25913994184672e-06,7.25236786725859e-06,7.25236786725859e-06,3.45794266806
1735933500.0,7.25236786725859e-06,7.25236786725859e-06,7.25236786725859e-06,7.25236786725859e-06,0.0
1735933560.0,7.25236786725859e-06,7.25236786725859e-06,7.25236786725859e-06,7.25236786725859e-06,0.0
1735933620.0,7.25236786725859e-06,7.25236786725859e-06,6.83689737121918e-06,6.86054446740944e-06,145.63427982119
1735933680.0,6.86054446740944e-06,6.86054446740944e-06,6.86054446740944e-06,6.86054446740944e-06,0.0
1735933740.0,6.86054446740944e-06,6.86054446740944e-06,6.78009996614792e-06,6.78009996614792e-06,22.36771951689
1735933800.0,6.78009996614792e-06,6.79030180439154e-06,6.78009996614792e-06,6.79030180439154e-06,4.332
1735933860.0,6.79030180439154e-06,6.79030180439154e-06,6.79030180439154e-06,6.79030180439154e-06,0.0
1735933920.0,6.79030180439154e-06,6.79030180439154e-06,6.79030180439154e-06,6.79030180439154e-06,0.0
1735933980.0,6.79030180439154e-06,6.79030180439154e-06,6.76507622740197e-06,6.76507622740197e-06,1.78912593536
1735934040.0,6.76507622740197e-06,6.76507622740197e-06,6.76507622740197e-06,6.76507622740197e-06,0.0
1735934100.0,6.76507622740197e-06,6.76507622740197e-06,6.7598252490158e-06,6.7598252490158e-06,0.7647144666
1735934160.0,6.7598252490158e-06,6.7598252490158e-06,5.70073036657556e-06,5.70073036657556e-06,416.80202942512
1735934220.0,5.70073036657556e-06,5.70073036657556e-06,5.70073036657556e-06,5.70073036657556e-06,0.0
1735934280.0,5.70073036657556e-06,5.70073036657556e-06,5.70073036657556e-06,5.70073036657556e-06,0.0
1735934340.0,5.70073036657556e-06,5.70073036657556e-06,5.70073036657556e-06,5.70073036657556e-06,0.0
1735934400.0,5.70073036657556e-06,5.70073036657556e-06,5.70073036657556e-06,5.70073036657556e-06,0.0
1735934460.0,5.70073036657556e-06,5.74264434148013e-06,5.70073036657556e-06,5.70370577152705e-06,12.98003826912
1735934520.0,5.70370577152705e-06,5.70370577152705e-06,5.69537781537132e-06,5.69537781537132e-06,4.67193721976
1735934580.0,5.69537781537132e-06,5.69537781537132e-06,5.69537781537132e-06,5.69537781537132e-06,0.0
1735934640.0,5.69537781537132e-06,5.69537781537132e-06,5.69537781537132e-06,5.69537781537132e-06,0.0
1735934700.0,5.69537781537132e-06,5.69537781537132e-06,5.69537781537132e-06,5.69537781537132e-06,0.0
1735934760.0,5.69537781537132e-06,5.69537781537132e-06,5.69537781537132e-06,5.69537781537132e-06,0.0
1735934820.0,5.69537781537132e-06,5.69537781537132e-06,5.69537781537132e-06,5.69537781537132e-06,0.0
1735934880.0,5.69537781537132e-06,5.69537781537132e-06,5.69537781537132e-06,5.69537781537132e-06,0.0
1735934940.0,5.69537781537132e-06,5.69537781537132e-06,5.69537781537132e-06,5.69537781537132e-06,0.0
1735935000.0,5.69537781537132e-06,5.69537781537132e-06,5.69537781537132e-06,5.69537781537132e-06,0.0
1735935060.0,5.69537781537132e-06,5.69537781537132e-06,5.69537781537132e-06,5.69537781537132e-06,0.0
1735935120.0,5.69537781537132e-06,5.69537781537132e-06,5.69537781537132e-06,5.69537781537132e-06,0.0
1735935180.0,5.69537781537132e-06,5.69537781537132e-06,5.65679140588303e-06,5.65679140588303e-06,3.45102643662
1735935240.0,5.65679140588303e-06,5.65679140588303e-06,5.65679140588303e-06,5.65679140588303e-06,0.0
1735935300.0,5.65679140588303e-06,5.65679140588303e-06,5.65679140588303e-06,5.65679140588303e-06,0.0
1735935360.0,5.65679140588303e-06,5.65679140588303e-06,5.65679140588303e-06,5.65679140588303e-06,0.0
1735935420.0,5.65679140588303e-06,5.65679140588303e-06,5.62718071898808e-06,5.62718071898808e-06,33.88972964319
1735935480.0,5.62718071898808e-06,5.62718071898808e-06,5.62718071898808e-06,5.62718071898808e-06,0.0
1735935540.0,5.62718071898808e-06,5.62718071898808e-06,5.52493996059256e-06,5.52493996059256e-06,28.08003865806
1735935600.0,5.52493996059256e-06,5.52493996059256e-06,5.52493996059256e-06,5.52493996059256e-06,0.0
1735935660.0,5.52493996059256e-06,5.52493996059256e-06,5.51432982499519e-06,5.51432982499519e-06,6.04127268423
1735935720.0,5.51432982499519e-06,5.51432982499519e-06,5.51432982499519e-06,5.51432982499519e-06,0.0
1735935780.0,5.51432982499519e-06,5.51432982499519e-06,5.51432982499519e-06,5.51432982499519e-06,0.0
1735935840.0,5.51432982499519e-06,5.51432982499519e-06,5.49409462893041e-06,5.49409462893041e-06,14.64777529953
1735935900.0,5.49409462893041e-06,5.49409462893041e-06,5.49409462893041e-06,5.49409462893041e-06,0.0
1735935960.0,5.49409462893041e-06,5.49409462893041e-06,5.49409462893041e-06,5.49409462893041e-06,0.0
1735936020.0,5.49409462893041e-06,5.49409462893041e-06,5.49409462893041e-06,5.49409462893041e-06,0.0
1735936080.0,5.49409462893041e-06,5.49409462893041e-06,5.49409462893041e-06,5.49409462893041e-06,0.0
1735936140.0,5.49409462893041e-06,5.49409462893041e-06,5.49409462893041e-06,5.49409462893041e-06,0.0
1735936200.0,5.49409462893041e-06,5.49409462893041e-06,5.49409462893041e-06,5.49409462893041e-06,0.0
1735936260.0,5.49409462893041e-06,5.49409462893041e-06,5.49409462893041e-06,5.49409462893041e-06,0.0
1735936320.0,5.49409462893041e-06,5.49409462893041e-06,5.46841367629173e-06,5.46841367629173e-06,0.25125656116
1735936380.0,5.46841367629173e-06,5.46841367629173e-06,5.46841367629173e-06,5.46841367629173e-06,0.0
1735936440.0,5.46841367629173e-06,5.46841367629173e-06,5.45902364862802e-06,5.45902364862802e-06,3.2661092352
1735936500.0,5.45902364862802e-06,5.45902364862802e-06,5.45902364862802e-06,5.45902364862802e-06,0.0
1735936560.0,5.45902364862802e-06,5.45902364862802e-06,5.45902364862802e-06,5.45902364862802e-06,0.0
1735936620.0,5.45902364862802e-06,5.45902364862802e-06,5.45902364862802e-06,5.45902364862802e-06,0.0
1735936680.0,5.45902364862802e-06,5.45902364862802e-06,5.45902364862802e-06,5.45902364862802e-06,0.0
1735936740.0,5.45902364862802e-06,5.45902364862802e-06,5.45902364862802e-06,5.45902364862802e-06,0.0
1735936800.0,5.45902364862802e-06,5.45902364862802e-06,5.45902364862802e-06,5.45902364862802e-06,0.0
1735936860.0,5.45902364862802e-06,5.45902364862802e-06,5.45082765579151e-06,5.45082765579151e-06,1.17181934298
1735936920.0,5.45082765579151e-06,5.45082765579151e-06,5.45082765579151e-06,5.45082765579151e-06,0.0
1735936980.0,5.45082765579151e-06,5.45082765579151e-06,5.45082765579151e-06,5.45082765579151e-06,0.0
1735937040.0,5.45082765579151e-06,5.45082765579151e-06,5.45082765579151e-06,5.45082765579151e-06,0.0
1735937100.0,5.45082765579151e-06,5.45166112019847e-06,5.44279579957332e-06,5.44279579957332e-06,7.42848814551
1735937160.0,5.44279579957332e-06,5.44279579957332e-06,5.44279579957332e-06,5.44279579957332e-06,0.0
1735937220.0,5.44279579957332e-06,5.44279579957332e-06,5.44279579957332e-06,5.44279579957332e-06,0.0
1735937280.0,5.44279579957332e-06,5.44279579957332e-06,5.44279579957332e-06,5.44279579957332e-06,0.0
1735937340.0,5.44279579957332e-06,5.44279579957332e-06,5.44279579957332e-06,5.44279579957332e-06,0.0
1735937400.0,5.44279579957332e-06,5.44279579957332e-06,5.44279579957332e-06,5.44279579957332e-06,0.0
1735937460.0,5.44279579957332e-06,5.44279579957332e-06,5.44279579957332e-06,5.44279579957332e-06,0.0
1735937520.0,5.44279579957332e-06,5.44279579957332e-06,5.44279579957332e-06,5.44279579957332e-06,0.0
1735937580.0,5.44279579957332e-06,5.44279579957332e-06,5.44279579957332e-06,5.44279579957332e-06,0.0
1735937640.0,5.44279579957332e-06,5.44279579957332e-06,5.44279579957332e-06,5.44279579957332e-06,0.0
1735937700.0,5.44279579957332e-06,5.44279579957332e-06,5.44279579957332e-06,5.44279579957332e-06,0.0
1735937760.0,5.44279579957332e-06,5.44279579957332e-06,5.44279579957332e-06,5.44279579957332e-06,0.0
1735937820.0,5.44279579957332e-06,5.44279579957332e-06,5.44279579957332e-06,5.44279579957332e-06,0.0
1735937880.0,5.44279579957332e-06,5.44279579957332e-06,5.44279579957332e-06,5.44279579957332e-06,0.0
1735937940.0,5.44279579957332e-06,5.44279579957332e-06,5.44279579957332e-06,5.44279579957332e-06,0.0
1735938000.0,5.44279579957332e-06,5.44279579957332e-06,5.44279579957332e-06,5.44279579957332e-06,0.0
1735938060.0,5.44279579957332e-06,5.44279579957332e-06,5.44279579957332e-06,5.44279579957332e-06,0.0
1735938120.0,5.44279579957332e-06,5.44279579957332e-06,5.42939032009862e-06,5.42939032009862e-06,0.24616126118
1735938180.0,5.42939032009862e-06,5.42939032009862e-06,5.42939032009862e-06,5.42939032009862e-06,0.0
1735938240.0,5.42939032009862e-06,5.42939032009862e-06,5.42629815775911e-06,5.42629815775911e-06,0.01374552225
1735938300.0,5.42629815775911e-06,5.42629815775911e-06,5.42629815775911e-06,5.42629815775911e-06,0.0
1735938360.0,5.42629815775911e-06,5.42629815775911e-06,5.42629815775911e-06,5.42629815775911e-06,0.0
1735938420.0,5.42629815775911e-06,5.42629815775911e-06,5.42629815775911e-06,5.42629815775911e-06,0.0
1735938480.0,5.42629815775911e-06,5.42629815775911e-06,5.42629815775911e-06,5.42629815775911e-06,0.0
1735938540.0,5.42629815775911e-06,5.42629815775911e-06,5.42629815775911e-06,5.42629815775911e-06,0.0
1735938600.0,5.42629815775911e-06,5.42629815775911e-06,5.42629815775911e-06,5.42629815775911e-06,0.0
1735938660.0,5.42629815775911e-06,5.42629815775911e-06,5.42629815775911e-06,5.42629815775911e-06,0.0
1735938720.0,5.42629815775911e-06,5.42629815775911e-06,5.42629815775911e-06,5.42629815775911e-06,0.0
1735938780.0,5.42629815775911e-06,5.42629815775911e-06,5.42629815775911e-06,5.42629815775911e-06,0.0
1735938840.0,5.42629815775911e-06,5.42629815775911e-06,5.42629815775911e-06,5.42629815775911e-06,0.0
1735938900.0,5.42629815775911e-06,5.43170144612476e-06,5.42629815775911e-06,5.43170144612476e-06,1.16311504656
1735938960.0,5.43170144612476e-06,5.43170144612476e-06,5.43170144612476e-06,5.43170144612476e-06,0.0
1735939020.0,5.43170144612476e-06,5.43170144612476e-06,5.43170144612476e-06,5.43170144612476e-06,0.0
1735939080.0,5.43170144612476e-06,5.43170144612476e-06,5.43170144612476e-06,5.43170144612476e-06,0.0
1735939140.0,5.43170144612476e-06,5.43170144612476e-06,5.43170144612476e-06,5.43170144612476e-06,0.0
1735939200.0,5.43170144612476e-06,5.43170144612476e-06,5.43170144612476e-06,5.43170144612476e-06,0.0
1735939260.0,5.43170144612476e-06,5.43170144612476e-06,5.43170144612476e-06,5.43170144612476e-06,0.0
1735939320.0,5.43170144612476e-06,5.43170144612476e-06,5.43170144612476e-06,5.43170144612476e-06,0.0
1735939380.0,5.43170144612476e-06,5.43170144612476e-06,5.43170144612476e-06,5.43170144612476e-06,0.0
1735939440.0,5.43170144612476e-06,5.43170144612476e-06,5.43170144612476e-06,5.43170144612476e-06,0.0
1735939500.0,5.43170144612476e-06,5.43170144612476e-06,5.43170144612476e-06,5.43170144612476e-06,0.0
1735939560.0,5.43170144612476e-06,5.43170144612476e-06,5.43170144612476e-06,5.43170144612476e-06,0.0
1735939620.0,5.43170144612476e-06,5.43170144612476e-06,5.43170144612476e-06,5.43170144612476e-06,0.0
1735939680.0,5.43170144612476e-06,5.43170144612476e-06,5.43170144612476e-06,5.43170144612476e-06,0.0
1735939740.0,5.43170144612476e-06,5.43170144612476e-06,5.43170144612476e-06,5.43170144612476e-06,0.0
1735939800.0,5.43170144612476e-06,5.43170144612476e-06,5.43170144612476e-06,5.43170144612476e-06,0.0
1735939860.0,5.43170144612476e-06,5.43170144612476e-06,5.43170144612476e-06,5.43170144612476e-06,0.0
1735939920.0,5.43170144612476e-06,5.43170144612476e-06,5.43170144612476e-06,5.43170144612476e-06,0.0
1735939980.0,5.43170144612476e-06,5.43170144612476e-06,5.43170144612476e-06,5.43170144612476e-06,0.0
1735940040.0,5.43170144612476e-06,5.43170144612476e-06,5.43170144612476e-06,5.43170144612476e-06,0.0
1735940100.0,5.43170144612476e-06,5.43170144612476e-06,5.43170144612476e-06,5.43170144612476e-06,0.0
1735940160.0,5.43170144612476e-06,5.43170144612476e-06,5.43170144612476e-06,5.43170144612476e-06,0.0
1735940220.0,5.43170144612476e-06,5.43170144612476e-06,5.43170144612476e-06,5.43170144612476e-06,0.0
1735940280.0,5.43170144612476e-06,5.43170144612476e-06,5.43170144612476e-06,5.43170144612476e-06,0.0
1735940340.0,5.43170144612476e-06,5.43170144612476e-06,5.43170144612476e-06,5.43170144612476e-06,0.0
1735940400.0,5.43170144612476e-06,5.43170144612476e-06,5.43170144612476e-06,5.43170144612476e-06,0.0
1735940460.0,5.43170144612476e-06,5.43170144612476e-06,5.43170144612476e-06,5.43170144612476e-06,0.0
1735940520.0,5.43170144612476e-06,5.43170144612476e-06,5.43170144612476e-06,5.43170144612476e-06,0.0
1735940580.0,5.43170144612476e-06,5.43170144612476e-06,5.43170144612476e-06,5.43170144612476e-06,0.0
1735940640.0,5.43170144612476e-06,5.43170144612476e-06,5.43170144612476e-06,5.43170144612476e-06,0.0
1735940700.0,5.43170144612476e-06,5.43170144612476e-06,5.43170144612476e-06,5.43170144612476e-06,0.0
1735940760.0,5.43170144612476e-06,5.43170144612476e-06,5.43170144612476e-06,5.43170144612476e-06,0.0
1735940820.0,5.43170144612476e-06,5.43170144612476e-06,5.43170144612476e-06,5.43170144612476e-06,0.0
1735940880.0,5.43170144612476e-06,5.43170144612476e-06,5.43170144612476e-06,5.43170144612476e-06,0.0
1735940940.0,5.43170144612476e-06,5.43170144612476e-06,5.43170144612476e-06,5.43170144612476e-06,0.0
1735941000.0,5.43170144612476e-06,5.43170144612476e-06,5.43170144612476e-06,5.43170144612476e-06,0.0
1735941060.0,5.43170144612476e-06,5.43170144612476e-06,5.43170144612476e-06,5.43170144612476e-06,0.0
1735941120.0,5.43170144612476e-06,5.43170144612476e-06,5.43170144612476e-06,5.43170144612476e-06,0.0
1735941180.0,5.43170144612476e-06,5.43170144612476e-06,5.43170144612476e-06,5.43170144612476e-06,0.0
1735941240.0,5.43170144612476e-06,5.43170144612476e-06,5.43170144612476e-06,5.43170144612476e-06,0.0
1735941300.0,5.43170144612476e-06,5.43170144612476e-06,5.43170144612476e-06,5.43170144612476e-06,0.0
1735941360.0,5.43170144612476e-06,5.43170144612476e-06,5.43170144612476e-06,5.43170144612476e-06,0.0
1735941420.0,5.43170144612476e-06,5.43170144612476e-06,5.43170144612476e-06,5.43170144612476e-06,0.0
1735941480.0,5.43170144612476e-06,5.43170144612476e-06,5.43170144612476e-06,5.43170144612476e-06,0.0
1735941540.0,5.43170144612476e-06,5.43170144612476e-06,5.43170144612476e-06,5.43170144612476e-06,0.0
1735941600.0,5.43170144612476e-06,5.43170144612476e-06,5.43170144612476e-06,5.43170144612476e-06,0.0
1735941660.0,5.43170144612476e-06,5.43170144612476e-06,5.43170144612476e-06,5.43170144612476e-06,0.0
1735941720.0,5.43170144612476e-06,5.43170144612476e-06,5.43170144612476e-06,5.43170144612476e-06,0.0
1735941780.0,5.43170144612476e-06,5.43170144612476e-06,5.43170144612476e-06,5.43170144612476e-06,0.0
1735941840.0,5.43170144612476e-06,5.43170144612476e-06,5.43170144612476e-06,5.43170144612476e-06,0.0
1735941900.0,5.43170144612476e-06,5.43170144612476e-06,5.43170144612476e-06,5.43170144612476e-06,0.0
1735941960.0,5.43170144612476e-06,5.43170144612476e-06,5.43170144612476e-06,5.43170144612476e-06,0.0
1735942020.0,5.43170144612476e-06,5.43170144612476e-06,5.43170144612476e-06,5.43170144612476e-06,0.0
1735942080.0,5.43170144612476e-06,5.43170144612476e-06,5.43170144612476e-06,5.43170144612476e-06,0.0
1735942140.0,5.43170144612476e-06,5.43170144612476e-06,5.43170144612476e-06,5.43170144612476e-06,0.0
1735942200.0,5.43170144612476e-06,5.43170144612476e-06,5.43170144612476e-06,5.43170144612476e-06,0.0
1735942260.0,5.43170144612476e-06,5.43170144612476e-06,5.43170144612476e-06,5.43170144612476e-06,0.0
1735942320.0,5.43170144612476e-06,5.43170144612476e-06,5.43170144612476e-06,5.43170144612476e-06,0.0
1735942380.0,5.43170144612476e-06,5.43170144612476e-06,5.43170144612476e-06,5.43170144612476e-06,0.0
1735942440.0,5.43170144612476e-06,5.43170144612476e-06,5.43170144612476e-06,5.43170144612476e-06,0.0
1735942500.0,5.43170144612476e-06,5.43170144612476e-06,5.43170144612476e-06,5.43170144612476e-06,0.0
1735942560.0,5.43170144612476e-06,5.43170144612476e-06,5.43170144612476e-06,5.43170144612476e-06,0.0
1735942620.0,5.43170144612476e-06,5.43170144612476e-06,5.43170144612476e-06,5.43170144612476e-06,0.0
1735942680.0,5.43170144612476e-06,5.43170144612476e-06,5.43170144612476e-06,5.43170144612476e-06,0.0
1735942740.0,5.43170144612476e-06,5.43752538881284e-06,5.43170144612476e-06,5.43752538881284e-06,2.5926223538
1735942800.0,5.43752538881284e-06,5.43752538881284e-06,5.43752538881284e-06,5.43752538881284e-06,0.0
1735942860.0,5.43752538881284e-06,5.43752538881284e-06,5.43752538881284e-06,5.43752538881284e-06,0.0
1735942920.0,5.43752538881284e-06,5.43752538881284e-06,5.43752538881284e-06,5.43752538881284e-06,0.0
1735942980.0,5.43752538881284e-06,5.43752538881284e-06,5.43752538881284e-06,5.43752538881284e-06,0.0
1735943040.0,5.43752538881284e-06,5.43752538881284e-06,5.43752538881284e-06,5.43752538881284e-06,0.0
1735943100.0,5.43752538881284e-06,5.43752538881284e-06,5.43752538881284e-06,5.43752538881284e-06,0.0
1735943160.0,5.43752538881284e-06,5.43752538881284e-06,5.43752538881284e-06,5.43752538881284e-06,0.0
1735943220.0,5.43752538881284e-06,5.43752538881284e-06,5.43752538881284e-06,5.43752538881284e-06,0.0
1735943280.0,5.43752538881284e-06,5.43752538881284e-06,5.43752538881284e-06,5.43752538881284e-06,0.0
1735943340.0,5.43752538881284e-06,5.43752538881284e-06,5.43752538881284e-06,5.43752538881284e-06,0.0
1735943400.0,5.43752538881284e-06,5.43752538881284e-06,5.43752538881284e-06,5.43752538881284e-06,0.0
1735943460.0,5.43752538881284e-06,5.43752538881284e-06,5.43752538881284e-06,5.43752538881284e-06,0.0
1735943520.0,5.43752538881284e-06,5.43752538881284e-06,5.43752538881284e-06,5.43752538881284e-06,0.0
1735943580.0,5.43752538881284e-06,5.43752538881284e-06,5.43752538881284e-06,5.43752538881284e-06,0.0
1735943640.0,5.43752538881284e-06,5.43752538881284e-06,5.43752538881284e-06,5.43752538881284e-06,0.0
1735943700.0,5.43752538881284e-06,5.43752538881284e-06,5.43752538881284e-06,5.43752538881284e-06,0.0
1735943760.0,5.43752538881284e-06,5.43752538881284e-06,5.43752538881284e-06,5.43752538881284e-06,0.0
1735943820.0,5.43752538881284e-06,5.43752538881284e-06,5.43752538881284e-06,5.43752538881284e-06,0.0
1735943880.0,5.43752538881284e-06,5.43752538881284e-06,5.43752538881284e-06,5.43752538881284e-06,0.0
1735943940.0,5.43752538881284e-06,5.43989364566056e-06,5.43752538881284e-06,5.43989364566056e-06,2.57907846398
1735944000.0,5.43989364566056e-06,5.43989364566056e-06,5.43989364566056e-06,5.43989364566056e-06,0.0
1735944060.0,5.43989364566056e-06,5.43989364566056e-06,5.43989364566056e-06,5.43989364566056e-06,0.0
1735944120.0,5.43989364566056e-06,5.43989364566056e-06,5.43989364566056e-06,5.43989364566056e-06,0.0
1735944180.0,5.43989364566056e-06,5.43989364566056e-06,5.43989364566056e-06,5.43989364566056e-06,0.0
1735944240.0,5.43989364566056e-06,5.43989364566056e-06,5.43989364566056e-06,5.43989364566056e-06,0.0
1735944300.0,5.43989364566056e-06,5.43989364566056e-06,5.43989364566056e-06,5.43989364566056e-06,0.0
1735944360.0,5.43989364566056e-06,5.43989364566056e-06,5.43989364566056e-06,5.43989364566056e-06,0.0
1735944420.0,5.43989364566056e-06,5.43989364566056e-06,5.43989364566056e-06,5.43989364566056e-06,0.0
1735944480.0,5.43989364566056e-06,5.43989364566056e-06,5.43989364566056e-06,5.43989364566056e-06,0.0
1735944540.0,5.43989364566056e-06,5.43989364566056e-06,5.43989364566056e-06,5.43989364566056e-06,0.0
1735944600.0,5.43989364566056e-06,5.43989364566056e-06,5.43989364566056e-06,5.43989364566056e-06,0.0
1735944660.0,5.43989364566056e-06,5.43989364566056e-06,5.43989364566056e-06,5.43989364566056e-06,0.0
1735944720.0,5.43989364566056e-06,5.43989364566056e-06,5.43989364566056e-06,5.43989364566056e-06,0.0
1735944780.0,5.43989364566056e-06,5.43989364566056e-06,5.43989364566056e-06,5.43989364566056e-06,0.0
1735944840.0,5.43989364566056e-06,5.43989364566056e-06,5.43989364566056e-06,5.43989364566056e-06,0.0
1735944900.0,5.43989364566056e-06,5.43989364566056e-06,5.43989364566056e-06,5.43989364566056e-06,0.0
1735944960.0,5.43989364566056e-06,5.43989364566056e-06,5.43989364566056e-06,5.43989364566056e-06,0.0
1735945020.0,5.43989364566056e-06,5.43989364566056e-06,5.43989364566056e-06,5.43989364566056e-06,0.0
1735945080.0,5.43989364566056e-06,5.43989364566056e-06,5.43989364566056e-06,5.43989364566056e-06,0.0
1735945140.0,5.43989364566056e-06,5.43989364566056e-06,5.43989364566056e-06,5.43989364566056e-06,0.0
1735945200.0,5.43989364566056e-06,5.43989364566056e-06,5.43989364566056e-06,5.43989364566056e-06,0.0
1735945260.0,5.43989364566056e-06,5.43989364566056e-06,5.43989364566056e-06,5.43989364566056e-06,0.0
1735945320.0,5.43989364566056e-06,5.43989364566056e-06,5.43799334705731e-06,5.43799334705731e-06,0.01539319464
1735945380.0,5.43799334705731e-06,5.43799334705731e-06,5.43799334705731e-06,5.43799334705731e-06,0.0
1735945440.0,5.43799334705731e-06,5.43799334705731e-06,5.43799334705731e-06,5.43799334705731e-06,0.0
1735945500.0,5.43799334705731e-06,5.43799334705731e-06,5.43799334705731e-06,5.43799334705731e-06,0.0
1735945560.0,5.43799334705731e-06,5.43799334705731e-06,5.43799334705731e-06,5.43799334705731e-06,0.0
1735945620.0,5.43799334705731e-06,5.43799334705731e-06,5.43799334705731e-06,5.43799334705731e-06,0.0
1735945680.0,5.43799334705731e-06,5.43799334705731e-06,5.41717626585267e-06,5.41717626585267e-06,19.84881553125
1735945740.0,5.41717626585267e-06,5.41717626585267e-06,5.41717626585267e-06,5.41717626585267e-06,0.0
1735945800.0,5.41717626585267e-06,5.41717626585267e-06,5.41717626585267e-06,5.41717626585267e-06,0.0
1735945860.0,5.41717626585267e-06,5.41717626585267e-06,5.41717626585267e-06,5.41717626585267e-06,0.0
1735945920.0,5.41717626585267e-06,5.41717626585267e-06,5.41717626585267e-06,5.41717626585267e-06,0.0
1735945980.0,5.41717626585267e-06,5.41717626585267e-06,5.41717626585267e-06,5.41717626585267e-06,0.0
1735946040.0,5.41717626585267e-06,5.41717626585267e-06,5.41717626585267e-06,5.41717626585267e-06,0.0
1735946100.0,5.41717626585267e-06,5.41717626585267e-06,5.41717626585267e-06,5.41717626585267e-06,0.0
1735946160.0,5.41717626585267e-06,5.41717626585267e-06,5.41717626585267e-06,5.41717626585267e-06,0.0
1735946220.0,5.41717626585267e-06,5.41717626585267e-06,5.41717626585267e-06,5.41717626585267e-06,0.0
1735946280.0,5.41717626585267e-06,5.41717626585267e-06,5.41717626585267e-06,5.41717626585267e-06,0.0
1735946340.0,5.41717626585267e-06,5.41717626585267e-06,5.41717626585267e-06,5.41717626585267e-06,0.0
1735946400.0,5.41717626585267e-06,5.41717626585267e-06,5.41717626585267e-06,5.41717626585267e-06,0.0
1735946460.0,5.41717626585267e-06,5.41717626585267e-06,5.41717626585267e-06,5.41717626585267e-06,0.0
1735946520.0,5.41717626585267e-06,5.41717626585267e-06,5.41717626585267e-06,5.41717626585267e-06,0.0
1735946580.0,5.41717626585267e-06,5.41717626585267e-06,5.41717626585267e-06,5.41717626585267e-06,0.0
1735946640.0,5.41717626585267e-06,5.41717626585267e-06,5.41717626585267e-06,5.41717626585267e-06,0.0
1735946700.0,5.41717626585267e-06,5.41717626585267e-06,5.41717626585267e-06,5.41717626585267e-06,0.0
1735946760.0,5.41717626585267e-06,5.41717626585267e-06,5.41717626585267e-06,5.41717626585267e-06,0.0
1735946820.0,5.41717626585267e-06,5.41717626585267e-06,5.41717626585267e-06,5.41717626585267e-06,0.0
1735946880.0,5.41717626585267e-06,5.41717626585267e-06,5.41717626585267e-06,5.41717626585267e-06,0.0
1735946940.0,5.41717626585267e-06,5.41717626585267e-06,5.41717626585267e-06,5.41717626585267e-06,0.0
1735947000.0,5.41717626585267e-06,5.41717626585267e-06,5.41717626585267e-06,5.41717626585267e-06,0.0
1735947060.0,5.41717626585267e-06,5.41717626585267e-06,5.41717626585267e-06,5.41717626585267e-06,0.0
1735947120.0,5.41717626585267e-06,5.41717626585267e-06,5.41717626585267e-06,5.41717626585267e-06,0.0
1735947180.0,5.41717626585267e-06,5.41717626585267e-06,5.39379404411315e-06,5.39379404411315e-06,5.29434004556
1735947240.0,5.39379404411315e-06,5.39379404411315e-06,5.39379404411315e-06,5.39379404411315e-06,0.0
1735947300.0,5.39379404411315e-06,5.39379404411315e-06,5.39379404411315e-06,5.39379404411315e-06,0.0
1735947360.0,5.39379404411315e-06,5.39379404411315e-06,5.39379404411315e-06,5.39379404411315e-06,0.0
1735947420.0,5.39379404411315e-06,5.39379404411315e-06,5.39379404411315e-06,5.39379404411315e-06,0.0
1735947480.0,5.39379404411315e-06,5.39379404411315e-06,5.39379404411315e-06,5.39379404411315e-06,0.0
1735947540.0,5.39379404411315e-06,5.39379404411315e-06,5.39379404411315e-06,5.39379404411315e-06,0.0
1735947600.0,5.39379404411315e-06,5.39379404411315e-06,5.39379404411315e-06,5.39379404411315e-06,0.0
1735947660.0,5.39379404411315e-06,5.39379404411315e-06,5.39379404411315e-06,5.39379404411315e-06,0.0
1735947720.0,5.39379404411315e-06,5.39379404411315e-06,5.39379404411315e-06,5.39379404411315e-06,0.0
1735947780.0,5.39379404411315e-06,5.39379404411315e-06,5.39379404411315e-06,5.39379404411315e-06,0.0
1735947840.0,5.39379404411315e-06,5.39379404411315e-06,5.39379404411315e-06,5.39379404411315e-06,0.0
1735947900.0,5.39379404411315e-06,5.39379404411315e-06,5.39379404411315e-06,5.39379404411315e-06,0.0
1735947960.0,5.39379404411315e-06,5.39379404411315e-06,5.39379404411315e-06,5.39379404411315e-06,0.0
1735948020.0,5.39379404411315e-06,5.39379404411315e-06,5.39379404411315e-06,5.39379404411315e-06,0.0
1735948080.0,5.39379404411315e-06,5.39379404411315e-06,5.39379404411315e-06,5.39379404411315e-06,0.0
1735948140.0,5.39379404411315e-06,5.39379404411315e-06,5.39379404411315e-06,5.39379404411315e-06,0.0
1735948200.0,5.39379404411315e-06,5.39379404411315e-06,5.39379404411315e-06,5.39379404411315e-06,0.0
1735948260.0,5.39379404411315e-06,5.39379404411315e-06,5.39379404411315e-06,5.39379404411315e-06,0.0
1735948320.0,5.39379404411315e-06,5.39379404411315e-06,5.39379404411315e-06,5.39379404411315e-06,0.0
1735948380.0,5.39379404411315e-06,5.39379404411315e-06,5.39379404411315e-06,5.39379404411315e-06,0.0
1735948440.0,5.39379404411315e-06,5.39379404411315e-06,5.39379404411315e-06,5.39379404411315e-06,0.0
1735948500.0,5.39379404411315e-06,5.39379404411315e-06,5.39379404411315e-06,5.39379404411315e-06,0.0
1735948560.0,5.39379404411315e-06,5.39379404411315e-06,5.39379404411315e-06,5.39379404411315e-06,0.0
1735948620.0,5.39379404411315e-06,5.39379404411315e-06,5.39379404411315e-06,5.39379404411315e-06,0.0
1735948680.0,5.39379404411315e-06,5.39379404411315e-06,5.39379404411315e-06,5.39379404411315e-06,0.0
1735948740.0,5.39379404411315e-06,5.39379404411315e-06,5.39379404411315e-06,5.39379404411315e-06,0.0
1735948800.0,5.39379404411315e-06,5.39379404411315e-06,5.39379404411315e-06,5.39379404411315e-06,0.0
1735948860.0,5.39379404411315e-06,5.39379404411315e-06,5.39379404411315e-06,5.39379404411315e-06,0.0
1735948920.0,5.39379404411315e-06,5.39379404411315e-06,5.39379404411315e-06,5.39379404411315e-06,0.0
1735948980.0,5.39379404411315e-06,5.39379404411315e-06,5.39379404411315e-06,5.39379404411315e-06,0.0
1735949040.0,5.39379404411315e-06,5.39379404411315e-06,5.39379404411315e-06,5.39379404411315e-06,0.0
1735949100.0,5.39379404411315e-06,5.39379404411315e-06,5.39379404411315e-06,5.39379404411315e-06,0.0
1735949160.0,5.39379404411315e-06,5.39379404411315e-06,5.39379404411315e-06,5.39379404411315e-06,0.0
1735949220.0,5.39379404411315e-06,5.39379404411315e-06,5.39379404411315e-06,5.39379404411315e-06,0.0
1735949280.0,5.39379404411315e-06,5.39379404411315e-06,5.39379404411315e-06,5.39379404411315e-06,0.0
1735949340.0,5.39379404411315e-06,5.39379404411315e-06,5.39379404411315e-06,5.39379404411315e-06,0.0
1735949400.0,5.39379404411315e-06,5.39379404411315e-06,5.39379404411315e-06,5.39379404411315e-06,0.0
1735949460.0,5.39379404411315e-06,5.39379404411315e-06,5.39379404411315e-06,5.39379404411315e-06,0.0
1735949520.0,5.39379404411315e-06,5.39379404411315e-06,5.39379404411315e-06,5.39379404411315e-06,0.0
1735949580.0,5.39379404411315e-06,5.39379404411315e-06,5.39379404411315e-06,5.39379404411315e-06,0.0
1735949640.0,5.39379404411315e-06,5.39379404411315e-06,5.39379404411315e-06,5.39379404411315e-06,0.0
1735949700.0,5.39379404411315e-06,5.39379404411315e-06,5.35154159404153e-06,5.35154159404153e-06,29.77398182528
1735949760.0,5.35154159404153e-06,5.35154159404153e-06,5.35154159404153e-06,5.35154159404153e-06,0.0
1735949820.0,5.35154159404153e-06,5.35154159404153e-06,5.35154159404153e-06,5.35154159404153e-06,0.0
1735949880.0,5.35154159404153e-06,5.35154159404153e-06,5.35154159404153e-06,5.35154159404153e-06,0.0
1735949940.0,5.35154159404153e-06,5.35154159404153e-06,5.35154159404153e-06,5.35154159404153e-06,0.0
1735950000.0,5.35154159404153e-06,5.35154159404153e-06,5.35154159404153e-06,5.35154159404153e-06,0.0
1735950060.0,5.35154159404153e-06,5.35154159404153e-06,5.35154159404153e-06,5.35154159404153e-06,0.0
1735950120.0,5.35154159404153e-06,5.35154159404153e-06,5.35154159404153e-06,5.35154159404153e-06,0.0
1735950180.0,5.35154159404153e-06,5.35154159404153e-06,5.35154159404153e-06,5.35154159404153e-06,0.0
1735950240.0,5.35154159404153e-06,5.35154159404153e-06,5.35154159404153e-06,5.35154159404153e-06,0.0
1735950300.0,5.35154159404153e-06,5.35154159404153e-06,5.35154159404153e-06,5.35154159404153e-06,0.0
1735950360.0,5.35154159404153e-06,5.35154159404153e-06,5.35154159404153e-06,5.35154159404153e-06,0.0
1735950420.0,5.35154159404153e-06,5.35154159404153e-06,5.35154159404153e-06,5.35154159404153e-06,0.0
1735950480.0,5.35154159404153e-06,5.35154159404153e-06,5.35154159404153e-06,5.35154159404153e-06,0.0
1735950540.0,5.35154159404153e-06,5.35154159404153e-06,5.35154159404153e-06,5.35154159404153e-06,0.0
1735950600.0,5.35154159404153e-06,5.35154159404153e-06,5.35154159404153e-06,5.35154159404153e-06,0.0
1735950660.0,5.35154159404153e-06,5.35154159404153e-06,5.35154159404153e-06,5.35154159404153e-06,0.0
1735950720.0,5.35154159404153e-06,5.35154159404153e-06,5.35154159404153e-06,5.35154159404153e-06,0.0
1735950780.0,5.35154159404153e-06,5.35154159404153e-06,5.35154159404153e-06,5.35154159404153e-06,0.0
1735950840.0,5.35154159404153e-06,5.35154159404153e-06,5.35154159404153e-06,5.35154159404153e-06,0.0
1735950900.0,5.35154159404153e-06,5.35154159404153e-06,5.35154159404153e-06,5.35154159404153e-06,0.0
1735950960.0,5.35154159404153e-06,5.35154159404153e-06,5.35154159404153e-06,5.35154159404153e-06,0.0
1735951020.0,5.35154159404153e-06,5.35154159404153e-06,5.35154159404153e-06,5.35154159404153e-06,0.0
1735951080.0,5.35154159404153e-06,5.35154159404153e-06,5.35154159404153e-06,5.35154159404153e-06,0.0
1735951140.0,5.35154159404153e-06,5.35154159404153e-06,5.35154159404153e-06,5.35154159404153e-06,0.0
1735951200.0,5.35154159404153e-06,5.35154159404153e-06,5.35154159404153e-06,5.35154159404153e-06,0.0
1735951260.0,5.35154159404153e-06,5.35154159404153e-06,5.35154159404153e-06,5.35154159404153e-06,0.0
1735951320.0,5.35154159404153e-06,5.35154159404153e-06,5.35154159404153e-06,5.35154159404153e-06,0.0
1735951380.0,5.35154159404153e-06,5.35154159404153e-06,5.35154159404153e-06,5.35154159404153e-06,0.0
1735951440.0,5.35154159404153e-06,5.35154159404153e-06,5.35154159404153e-06,5.35154159404153e-06,0.0
1735951500.0,5.35154159404153e-06,5.35154159404153e-06,5.35154159404153e-06,5.35154159404153e-06,0.0
1735951560.0,5.35154159404153e-06,5.35154159404153e-06,5.35154159404153e-06,5.35154159404153e-06,0.0
1735951620.0,5.35154159404153e-06,5.35154159404153e-06,5.31137755285848e-06,5.31137755285848e-06,2.44694919881
1735951680.0,5.31137755285848e-06,5.31137755285848e-06,5.31137755285848e-06,5.31137755285848e-06,0.0
1735951740.0,5.31137755285848e-06,5.31137755285848e-06,5.31137755285848e-06,5.31137755285848e-06,0.0
1735951800.0,5.31137755285848e-06,5.31137755285848e-06,5.31137755285848e-06,5.31137755285848e-06,0.0
1735951860.0,5.31137755285848e-06,5.31137755285848e-06,5.31137755285848e-06,5.31137755285848e-06,0.0
1735951920.0,5.31137755285848e-06,5.31137755285848e-06,5.31137755285848e-06,5.31137755285848e-06,0.0
1735951980.0,5.31137755285848e-06,5.31137755285848e-06,5.31137755285848e-06,5.31137755285848e-06,0.0
1735952040.0,5.31137755285848e-06,5.31137755285848e-06,5.31137755285848e-06,5.31137755285848e-06,0.0
1735952100.0,5.31137755285848e-06,5.31137755285848e-06,5.31137755285848e-06,5.31137755285848e-06,0.0
1735952160.0,5.31137755285848e-06,5.31137755285848e-06,5.31137755285848e-06,5.31137755285848e-06,0.0
1735952220.0,5.31137755285848e-06,5.31137755285848e-06,5.31137755285848e-06,5.31137755285848e-06,0.0
1735952280.0,5.31137755285848e-06,5.31137755285848e-06,5.31137755285848e-06,5.31137755285848e-06,0.0
1735952340.0,5.31137755285848e-06,5.31137755285848e-06,5.31137755285848e-06,5.31137755285848e-06,0.0
1735952400.0,5.31137755285848e-06,5.31137755285848e-06,5.31137755285848e-06,5.31137755285848e-06,0.0
1735952460.0,5.31137755285848e-06,5.31137755285848e-06,5.31137755285848e-06,5.31137755285848e-06,0.0
1735952520.0,5.31137755285848e-06,5.31137755285848e-06,5.31137755285848e-06,5.31137755285848e-06,0.0
1735952580.0,5.31137755285848e-06,5.31137755285848e-06,5.31137755285848e-06,5.31137755285848e-06,0.0
1735952640.0,5.31137755285848e-06,5.31137755285848e-06,5.31137755285848e-06,5.31137755285848e-06,0.0
1735952700.0,5.31137755285848e-06,5.31137755285848e-06,5.31137755285848e-06,5.31137755285848e-06,0.0
1735952760.0,5.31137755285848e-06,5.31137755285848e-06,5.31137755285848e-06,5.31137755285848e-06,0.0
1735952820.0,5.31137755285848e-06,5.31137755285848e-06,5.31137755285848e-06,5.31137755285848e-06,0.0
1735952880.0,5.31137755285848e-06,5.31137755285848e-06,5.31137755285848e-06,5.31137755285848e-06,0.0
1735952940.0,5.31137755285848e-06,5.31137755285848e-06,5.31137755285848e-06,5.31137755285848e-06,0.0
1735953000.0,5.31137755285848e-06,5.31137755285848e-06,5.31137755285848e-06,5.31137755285848e-06,0.0
1735953060.0,5.31137755285848e-06,5.31137755285848e-06,5.31137755285848e-06,5.31137755285848e-06,0.0
1735953120.0,5.31137755285848e-06,5.31137755285848e-06,5.31137755285848e-06,5.31137755285848e-06,0.0
1735953180.0,5.31137755285848e-06,5.31137755285848e-06,5.31137755285848e-06,5.31137755285848e-06,0.0
1735953240.0,5.31137755285848e-06,5.31137755285848e-06,5.31137755285848e-06,5.31137755285848e-06,0.0
1735953300.0,5.31137755285848e-06,5.31137755285848e-06,5.31137755285848e-06,5.31137755285848e-06,0.0
1735953360.0,5.31137755285848e-06,5.31137755285848e-06,5.31137755285848e-06,5.31137755285848e-06,0.0
1735953420.0,5.31137755285848e-06,5.31137755285848e-06,5.31137755285848e-06,5.31137755285848e-06,0.0
1735953480.0,5.31137755285848e-06,5.31137755285848e-06,5.31137755285848e-06,5.31137755285848e-06,0.0
1735953540.0,5.31137755285848e-06,5.31137755285848e-06,5.31137755285848e-06,5.31137755285848e-06,0.0
1735953600.0,5.31137755285848e-06,5.31137755285848e-06,5.31137755285848e-06,5.31137755285848e-06,0.0
1735953660.0,5.31137755285848e-06,5.31137755285848e-06,5.31137755285848e-06,5.31137755285848e-06,0.0
1735953720.0,5.31137755285848e-06,5.31137755285848e-06,5.31137755285848e-06,5.31137755285848e-06,0.0
1735953780.0,5.31137755285848e-06,5.31137755285848e-06,5.31137755285848e-06,5.31137755285848e-06,0.0
1735953840.0,5.31137755285848e-06,5.31137755285848e-06,5.31137755285848e-06,5.31137755285848e-06,0.0
1735953900.0,5.31137755285848e-06,5.31137755285848e-06,5.31137755285848e-06,5.31137755285848e-06,0.0
1735953960.0,5.31137755285848e-06,5.31137755285848e-06,5.31137755285848e-06,5.31137755285848e-06,0.0
1735954020.0,5.31137755285848e-06,5.31137755285848e-06,5.31137755285848e-06,5.31137755285848e-06,0.0
1735954080.0,5.31137755285848e-06,5.31137755285848e-06,5.31137755285848e-06,5.31137755285848e-06,0.0
1735954140.0,5.31137755285848e-06,5.31137755285848e-06,5.31137755285848e-06,5.31137755285848e-06,0.0
1735954200.0,5.31137755285848e-06,5.31137755285848e-06,5.31137755285848e-06,5.31137755285848e-06,0.0
1735954260.0,5.31137755285848e-06,5.31137755285848e-06,5.31137755285848e-06,5.31137755285848e-06,0.0
1735954320.0,5.31137755285848e-06,5.31137755285848e-06,5.31137755285848e-06,5.31137755285848e-06,0.0
1735954380.0,5.31137755285848e-06,5.31137755285848e-06,5.31137755285848e-06,5.31137755285848e-06,0.0
1735954440.0,5.31137755285848e-06,5.31137755285848e-06,5.31137755285848e-06,5.31137755285848e-06,0.0
1735954500.0,5.31137755285848e-06,5.31137755285848e-06,5.31137755285848e-06,5.31137755285848e-06,0.0
1735954560.0,5.31137755285848e-06,5.31137755285848e-06,5.31137755285848e-06,5.31137755285848e-06,0.0
1735954620.0,5.31137755285848e-06,5.31137755285848e-06,5.31137755285848e-06,5.31137755285848e-06,0.0
1735954680.0,5.31137755285848e-06,5.31137755285848e-06,5.31137755285848e-06,5.31137755285848e-06,0.0
1735954740.0,5.31137755285848e-06,5.31137755285848e-06,5.31137755285848e-06,5.31137755285848e-06,0.0
1735954800.0,5.31137755285848e-06,5.31137755285848e-06,5.31137755285848e-06,5.31137755285848e-06,0.0
1735954860.0,5.31137755285848e-06,5.31137755285848e-06,5.31137755285848e-06,5.31137755285848e-06,0.0
1735954920.0,5.31137755285848e-06,5.31137755285848e-06,5.31137755285848e-06,5.31137755285848e-06,0.0
1735954980.0,5.31137755285848e-06,5.31137755285848e-06,5.31137755285848e-06,5.31137755285848e-06,0.0
1735955040.0,5.31137755285848e-06,5.31137755285848e-06,5.31137755285848e-06,5.31137755285848e-06,0.0
1735955100.0,5.31137755285848e-06,5.31137755285848e-06,5.31137755285848e-06,5.31137755285848e-06,0.0
1735955160.0,5.31137755285848e-06,5.31137755285848e-06,5.31137755285848e-06,5.31137755285848e-06,0.0
1735955220.0,5.31137755285848e-06,5.31137755285848e-06,5.31137755285848e-06,5.31137755285848e-06,0.0
1735955280.0,5.31137755285848e-06,5.31137755285848e-06,5.31137755285848e-06,5.31137755285848e-06,0.0
1735955340.0,5.31137755285848e-06,5.31137755285848e-06,5.31137755285848e-06,5.31137755285848e-06,0.0
1735955400.0,5.31137755285848e-06,5.31137755285848e-06,5.31137755285848e-06,5.31137755285848e-06,0.0
1735955460.0,5.31137755285848e-06,5.31137755285848e-06,5.31137755285848e-06,5.31137755285848e-06,0.0
1735955520.0,5.31137755285848e-06,5.31137755285848e-06,5.31137755285848e-06,5.31137755285848e-06,0.0
1735955580.0,5.31137755285848e-06,5.31293702688063e-06,5.31137755285848e-06,5.31293702688063e-06,0.16736064462
1735955640.0,5.31293702688063e-06,5.31293702688063e-06,5.31293702688063e-06,5.31293702688063e-06,0.0
1735955700.0,5.31293702688063e-06,5.31293702688063e-06,5.31206928002333e-06,5.31206928002333e-06,1.4075716445
1735955760.0,5.31206928002333e-06,5.31206928002333e-06,5.31206928002333e-06,5.31206928002333e-06,0.0
1735955820.0,5.31206928002333e-06,5.31206928002333e-06,5.31206928002333e-06,5.31206928002333e-06,0.0
1735955880.0,5.31206928002333e-06,5.31206928002333e-06,5.31206928002333e-06,5.31206928002333e-06,0.0
1735955940.0,5.31206928002333e-06,5.31206928002333e-06,5.31206928002333e-06,5.31206928002333e-06,0.0
1735956000.0,5.31206928002333e-06,5.31206928002333e-06,5.31206928002333e-06,5.31206928002333e-06,0.0
1735956060.0,5.31206928002333e-06,5.31206928002333e-06,5.31206928002333e-06,5.31206928002333e-06,0.0
1735956120.0,5.31206928002333e-06,5.31206928002333e-06,5.31206928002333e-06,5.31206928002333e-06,0.0
1735956180.0,5.31206928002333e-06,5.31206928002333e-06,5.31206928002333e-06,5.31206928002333e-06,0.0
1735956240.0,5.31206928002333e-06,5.31206928002333e-06,5.31206928002333e-06,5.31206928002333e-06,0.0
1735956300.0,5.31206928002333e-06,5.31206928002333e-06,5.31206928002333e-06,5.31206928002333e-06,0.0
1735956360.0,5.31206928002333e-06,5.31206928002333e-06,5.31206928002333e-06,5.31206928002333e-06,0.0
1735956420.0,5.31206928002333e-06,5.31206928002333e-06,5.31206928002333e-06,5.31206928002333e-06,0.0
1735956480.0,5.31206928002333e-06,5.31206928002333e-06,5.31206928002333e-06,5.31206928002333e-06,0.0
1735956540.0,5.31206928002333e-06,5.31206928002333e-06,5.31206928002333e-06,5.31206928002333e-06,0.0
1735956600.0,5.31206928002333e-06,5.31206928002333e-06,5.31206928002333e-06,5.31206928002333e-06,0.0
1735956660.0,5.31206928002333e-06,5.31206928002333e-06,5.31206928002333e-06,5.31206928002333e-06,0.0
1735956720.0,5.31206928002333e-06,5.31206928002333e-06,5.31206928002333e-06,5.31206928002333e-06,0.0
1735956780.0,5.31206928002333e-06,5.31206928002333e-06,5.31206928002333e-06,5.31206928002333e-06,0.0
1735956840.0,5.31206928002333e-06,5.31206928002333e-06,5.31206928002333e-06,5.31206928002333e-06,0.0
1735956900.0,5.31206928002333e-06,5.31206928002333e-06,5.31206928002333e-06,5.31206928002333e-06,0.0
1735956960.0,5.31206928002333e-06,5.31206928002333e-06,5.31206928002333e-06,5.31206928002333e-06,0.0
1735957020.0,5.31206928002333e-06,5.31206928002333e-06,5.31206928002333e-06,5.31206928002333e-06,0.0
1735957080.0,5.31206928002333e-06,5.31206928002333e-06,5.31206928002333e-06,5.31206928002333e-06,0.0
1735957140.0,5.31206928002333e-06,5.31206928002333e-06,5.31206928002333e-06,5.31206928002333e-06,0.0
1735957200.0,5.31206928002333e-06,5.31206928002333e-06,5.31206928002333e-06,5.31206928002333e-06,0.0
1735957260.0,5.31206928002333e-06,5.31206928002333e-06,5.31206928002333e-06,5.31206928002333e-06,0.0
1735957320.0,5.31206928002333e-06,5.31206928002333e-06,5.31206928002333e-06,5.31206928002333e-06,0.0
1735957380.0,5.31206928002333e-06,5.31206928002333e-06,5.31206928002333e-06,5.31206928002333e-06,0.0
1735957440.0,5.31206928002333e-06,5.31206928002333e-06,5.31206928002333e-06,5.31206928002333e-06,0.0
1735957500.0,5.31206928002333e-06,5.31206928002333e-06,5.31206928002333e-06,5.31206928002333e-06,0.0
1735957560.0,5.31206928002333e-06,5.31206928002333e-06,5.31206928002333e-06,5.31206928002333e-06,0.0
1735957620.0,5.31206928002333e-06,5.31206928002333e-06,5.31206928002333e-06,5.31206928002333e-06,0.0
1735957680.0,5.31206928002333e-06,5.31206928002333e-06,5.31206928002333e-06,5.31206928002333e-06,0.0
1735957740.0,5.31206928002333e-06,5.31206928002333e-06,5.31206928002333e-06,5.31206928002333e-06,0.0
1735957800.0,5.31206928002333e-06,5.31206928002333e-06,5.31206928002333e-06,5.31206928002333e-06,0.0
1735957860.0,5.31206928002333e-06,5.31206928002333e-06,5.31206928002333e-06,5.31206928002333e-06,0.0
1735957920.0,5.31206928002333e-06,5.31206928002333e-06,5.31206928002333e-06,5.31206928002333e-06,0.0
1735957980.0,5.31206928002333e-06,5.31206928002333e-06,5.31206928002333e-06,5.31206928002333e-06,0.0
1735958040.0,5.31206928002333e-06,5.31206928002333e-06,5.31206928002333e-06,5.31206928002333e-06,0.0
1735958100.0,5.31206928002333e-06,5.31206928002333e-06,5.31206928002333e-06,5.31206928002333e-06,0.0
1735958160.0,5.31206928002333e-06,5.31206928002333e-06,5.31206928002333e-06,5.31206928002333e-06,0.0
1735958220.0,5.31206928002333e-06,5.31206928002333e-06,5.31206928002333e-06,5.31206928002333e-06,0.0
1735958280.0,5.31206928002333e-06,5.31206928002333e-06,5.31206928002333e-06,5.31206928002333e-06,0.0
1735958340.0,5.31206928002333e-06,5.31206928002333e-06,5.31206928002333e-06,5.31206928002333e-06,0.0
1735958400.0,5.31206928002333e-06,5.31206928002333e-06,5.31206928002333e-06,5.31206928002333e-06,0.0
1735958460.0,5.31206928002333e-06,5.31206928002333e-06,5.31206928002333e-06,5.31206928002333e-06,0.0
1735958520.0,5.31206928002333e-06,5.31206928002333e-06,5.31206928002333e-06,5.31206928002333e-06,0.0
1735958580.0,5.31206928002333e-06,5.31206928002333e-06,5.31206928002333e-06,5.31206928002333e-06,0.0
1735958640.0,5.31206928002333e-06,5.31206928002333e-06,5.31206928002333e-06,5.31206928002333e-06,0.0
1735958700.0,5.31206928002333e-06,5.31206928002333e-06,5.31206928002333e-06,5.31206928002333e-06,0.0
1735958760.0,5.31206928002333e-06,5.31206928002333e-06,5.31206928002333e-06,5.31206928002333e-06,0.0
1735958820.0,5.31206928002333e-06,5.31206928002333e-06,5.31206928002333e-06,5.31206928002333e-06,0.0
1735958880.0,5.31206928002333e-06,5.31206928002333e-06,5.31206928002333e-06,5.31206928002333e-06,0.0
1735958940.0,5.31206928002333e-06,5.31206928002333e-06,5.31206928002333e-06,5.31206928002333e-06,0.0
1735959000.0,5.31206928002333e-06,5.31206928002333e-06,5.31206928002333e-06,5.31206928002333e-06,0.0
1735959060.0,5.31206928002333e-06,5.31206928002333e-06,5.31206928002333e-06,5.31206928002333e-06,0.0
1735959120.0,5.31206928002333e-06,5.31206928002333e-06,5.31206928002333e-06,5.31206928002333e-06,0.0
1735959180.0,5.31206928002333e-06,5.31206928002333e-06,5.31206928002333e-06,5.31206928002333e-06,0.0
1735959240.0,5.31206928002333e-06,5.31206928002333e-06,5.31206928002333e-06,5.31206928002333e-06,0.0
1735959300.0,5.31206928002333e-06,5.31206928002333e-06,5.31206928002333e-06,5.31206928002333e-06,0.0
1735959360.0,5.31206928002333e-06,5.31206928002333e-06,5.31206928002333e-06,5.31206928002333e-06,0.0
1735959420.0,5.31206928002333e-06,5.31206928002333e-06,5.31206928002333e-06,5.31206928002333e-06,0.0
1735959480.0,5.31206928002333e-06,5.31206928002333e-06,5.31206928002333e-06,5.31206928002333e-06,0.0
1735959540.0,5.31206928002333e-06,5.31206928002333e-06,5.31206928002333e-06,5.31206928002333e-06,0.0
1735959600.0,5.31206928002333e-06,5.31206928002333e-06,5.31206928002333e-06,5.31206928002333e-06,0.0
1735959660.0,5.31206928002333e-06,5.31206928002333e-06,5.31206928002333e-06,5.31206928002333e-06,0.0
1735959720.0,5.31206928002333e-06,5.31206928002333e-06,5.31206928002333e-06,5.31206928002333e-06,0.0
1735959780.0,5.31206928002333e-06,5.31206928002333e-06,5.31206928002333e-06,5.31206928002333e-06,0.0
1735959840.0,5.31206928002333e-06,5.31206928002333e-06,5.31206928002333e-06,5.31206928002333e-06,0.0
1735959900.0,5.31206928002333e-06,5.31206928002333e-06,5.31206928002333e-06,5.31206928002333e-06,0.0
1735959960.0,5.31206928002333e-06,5.31206928002333e-06,5.31206928002333e-06,5.31206928002333e-06,0.0
1735960020.0,5.31206928002333e-06,5.31206928002333e-06,5.31206928002333e-06,5.31206928002333e-06,0.0
1735960080.0,5.31206928002333e-06,5.31206928002333e-06,5.31206928002333e-06,5.31206928002333e-06,0.0
1735960140.0,5.31206928002333e-06,5.31206928002333e-06,5.31206928002333e-06,5.31206928002333e-06,0.0
1735960200.0,5.31206928002333e-06,5.31206928002333e-06,5.31206928002333e-06,5.31206928002333e-06,0.0
1735960260.0,5.31206928002333e-06,5.31206928002333e-06,5.31206928002333e-06,5.31206928002333e-06,0.0
1735960320.0,5.31206928002333e-06,5.31206928002333e-06,5.31206928002333e-06,5.31206928002333e-06,0.0
1735960380.0,5.31206928002333e-06,5.31206928002333e-06,5.31206928002333e-06,5.31206928002333e-06,0.0
1735960440.0,5.31206928002333e-06,5.31206928002333e-06,5.31206928002333e-06,5.31206928002333e-06,0.0
1735960500.0,5.31206928002333e-06,5.31206928002333e-06,5.31206928002333e-06,5.31206928002333e-06,0.0
1735960560.0,5.31206928002333e-06,5.31206928002333e-06,5.31206928002333e-06,5.31206928002333e-06,0.0
1735960620.0,5.31206928002333e-06,5.31206928002333e-06,5.31206928002333e-06,5.31206928002333e-06,0.0
1735960680.0,5.31206928002333e-06,5.31206928002333e-06,5.31206928002333e-06,5.31206928002333e-06,0.0
1735960740.0,5.31206928002333e-06,5.31658520257958e-06,5.31206928002333e-06,5.31658520257958e-06,3.24645
1735960800.0,5.31658520257958e-06,5.31658520257958e-06,5.31658520257958e-06,5.31658520257958e-06,0.0
1735960860.0,5.31658520257958e-06,5.31658520257958e-06,5.31658520257958e-06,5.31658520257958e-06,0.0
1735960920.0,5.31658520257958e-06,5.31658520257958e-06,5.31658520257958e-06,5.31658520257958e-06,0.0
1735960980.0,5.31658520257958e-06,5.31658520257958e-06,5.31658520257958e-06,5.31658520257958e-06,0.0
1735961040.0,5.31658520257958e-06,5.31658520257958e-06,5.31658520257958e-06,5.31658520257958e-06,0.0
1735961100.0,5.31658520257958e-06,5.31658520257958e-06,5.31658520257958e-06,5.31658520257958e-06,0.0
1735961160.0,5.31658520257958e-06,5.31658520257958e-06,5.31658520257958e-06,5.31658520257958e-06,0.0
1735961220.0,5.31658520257958e-06,5.31658520257958e-06,5.31658520257958e-06,5.31658520257958e-06,0.0
1735961280.0,5.31658520257958e-06,5.31658520257958e-06,5.31658520257958e-06,5.31658520257958e-06,0.0
1735961340.0,5.31658520257958e-06,5.31658520257958e-06,5.31658520257958e-06,5.31658520257958e-06,0.0
1735961400.0,5.31658520257958e-06,5.31658520257958e-06,5.31658520257958e-06,5.31658520257958e-06,0.0
1735961460.0,5.31658520257958e-06,5.31658520257958e-06,5.31658520257958e-06,5.31658520257958e-06,0.0
1735961520.0,5.31658520257958e-06,5.31658520257958e-06,5.31658520257958e-06,5.31658520257958e-06,0.0
1735961580.0,5.31658520257958e-06,5.31658520257958e-06,5.31658520257958e-06,5.31658520257958e-06,0.0
1735961640.0,5.31658520257958e-06,5.31658520257958e-06,5.31658520257958e-06,5.31658520257958e-06,0.0
1735961700.0,5.31658520257958e-06,5.31658520257958e-06,5.31658520257958e-06,5.31658520257958e-06,0.0
1735961760.0,5.31658520257958e-06,5.31658520257958e-06,5.31658520257958e-06,5.31658520257958e-06,0.0
1735961820.0,5.31658520257958e-06,5.31658520257958e-06,5.31658520257958e-06,5.31658520257958e-06,0.0
1735961880.0,5.31658520257958e-06,5.31658520257958e-06,5.31658520257958e-06,5.31658520257958e-06,0.0
1735961940.0,5.31658520257958e-06,5.31658520257958e-06,5.31658520257958e-06,5.31658520257958e-06,0.0
1735962000.0,5.31658520257958e-06,5.31658520257958e-06,5.31658520257958e-06,5.31658520257958e-06,0.0
1735962060.0,5.31658520257958e-06,5.31658520257958e-06,5.31658520257958e-06,5.31658520257958e-06,0.0
1735962120.0,5.31658520257958e-06,5.31658520257958e-06,5.31658520257958e-06,5.31658520257958e-06,0.0
1735962180.0,5.31658520257958e-06,5.31658520257958e-06,5.31658520257958e-06,5.31658520257958e-06,0.0
1735962240.0,5.31658520257958e-06,5.31658520257958e-06,5.31658520257958e-06,5.31658520257958e-06,0.0
1735962300.0,5.31658520257958e-06,5.31658520257958e-06,5.31658520257958e-06,5.31658520257958e-06,0.0
1735962360.0,5.31658520257958e-06,5.31658520257958e-06,5.31658520257958e-06,5.31658520257958e-06,0.0
1735962420.0,5.31658520257958e-06,5.31658520257958e-06,5.31658520257958e-06,5.31658520257958e-06,0.0
1735962480.0,5.31658520257958e-06,5.31658520257958e-06,5.31658520257958e-06,5.31658520257958e-06,0.0
1735962540.0,5.31658520257958e-06,5.31658520257958e-06,5.31658520257958e-06,5.31658520257958e-06,0.0
1735962600.0,5.31658520257958e-06,5.31658520257958e-06,5.31658520257958e-06,5.31658520257958e-06,0.0
1735962660.0,5.31658520257958e-06,5.31658520257958e-06,5.31658520257958e-06,5.31658520257958e-06,0.0
1735962720.0,5.31658520257958e-06,5.31658520257958e-06,5.31658520257958e-06,5.31658520257958e-06,0.0
1735962780.0,5.31658520257958e-06,5.31658520257958e-06,5.31658520257958e-06,5.31658520257958e-06,0.0
1735962840.0,5.31658520257958e-06,5.31658520257958e-06,5.31658520257958e-06,5.31658520257958e-06,0.0
1735962900.0,5.31658520257958e-06,5.31658520257958e-06,5.31658520257958e-06,5.31658520257958e-06,0.0
1735962960.0,5.31658520257958e-06,5.31658520257958e-06,5.31658520257958e-06,5.31658520257958e-06,0.0
1735963020.0,5.31658520257958e-06,5.31658520257958e-06,5.31658520257958e-06,5.31658520257958e-06,0.0
1735963080.0,5.31658520257958e-06,5.31658520257958e-06,5.31658520257958e-06,5.31658520257958e-06,0.0
1735963140.0,5.31658520257958e-06,5.31658520257958e-06,5.31658520257958e-06,5.31658520257958e-06,0.0
1735963200.0,5.31658520257958e-06,5.31658520257958e-06,5.31658520257958e-06,5.31658520257958e-06,0.0
1735963260.0,5.31658520257958e-06,5.31658520257958e-06,5.31658520257958e-06,5.31658520257958e-06,0.0
1735963320.0,5.31658520257958e-06,5.31658520257958e-06,5.31658520257958e-06,5.31658520257958e-06,0.0
1735963380.0,5.31658520257958e-06,5.31658520257958e-06,5.31658520257958e-06,5.31658520257958e-06,0.0
1735963440.0,5.31658520257958e-06,5.31658520257958e-06,5.31658520257958e-06,5.31658520257958e-06,0.0
1735963500.0,5.31658520257958e-06,5.31658520257958e-06,5.31658520257958e-06,5.31658520257958e-06,0.0
1735963560.0,5.31658520257958e-06,5.31658520257958e-06,5.31658520257958e-06,5.31658520257958e-06,0.0
1735963620.0,5.31658520257958e-06,5.31658520257958e-06,5.31658520257958e-06,5.31658520257958e-06,0.0
1735963680.0,5.31658520257958e-06,5.31658520257958e-06,5.31658520257958e-06,5.31658520257958e-06,0.0
1735963740.0,5.31658520257958e-06,5.31658520257958e-06,5.31658520257958e-06,5.31658520257958e-06,0.0
1735963800.0,5.31658520257958e-06,5.31658520257958e-06,5.31658520257958e-06,5.31658520257958e-06,0.0
1735963860.0,5.31658520257958e-06,5.31658520257958e-06,5.31658520257958e-06,5.31658520257958e-06,0.0
1735963920.0,5.31658520257958e-06,5.31658520257958e-06,5.31658520257958e-06,5.31658520257958e-06,0.0
1735963980.0,5.31658520257958e-06,5.31658520257958e-06,5.31658520257958e-06,5.31658520257958e-06,0.0
1735964040.0,5.31658520257958e-06,5.31658520257958e-06,5.31658520257958e-06,5.31658520257958e-06,0.0
1735964100.0,5.31658520257958e-06,5.31658520257958e-06,5.31658520257958e-06,5.31658520257958e-06,0.0
1735964160.0,5.31658520257958e-06,5.31658520257958e-06,5.31658520257958e-06,5.31658520257958e-06,0.0
1735964220.0,5.31658520257958e-06,5.31658520257958e-06,5.31658520257958e-06,5.31658520257958e-06,0.0
1735964280.0,5.31658520257958e-06,5.31658520257958e-06,5.31658520257958e-06,5.31658520257958e-06,0.0
1735964340.0,5.31658520257958e-06,5.33578460616808e-06,5.31658520257958e-06,5.33578460616808e-06,21.38697
1735964400.0,5.33578460616808e-06,5.33578460616808e-06,5.33578460616808e-06,5.33578460616808e-06,0.0
1735964460.0,5.33578460616808e-06,5.33578460616808e-06,5.33578460616808e-06,5.33578460616808e-06,0.0
1735964520.0,5.33578460616808e-06,5.33578460616808e-06,5.33578460616808e-06,5.33578460616808e-06,0.0
1735964580.0,5.33578460616808e-06,5.33578460616808e-06,5.33578460616808e-06,5.33578460616808e-06,0.0
1735964640.0,5.33578460616808e-06,5.33578460616808e-06,5.33578460616808e-06,5.33578460616808e-06,0.0
1735964700.0,5.33578460616808e-06,5.33578460616808e-06,5.33578460616808e-06,5.33578460616808e-06,0.0
1735964760.0,5.33578460616808e-06,5.33578460616808e-06,5.33578460616808e-06,5.33578460616808e-06,0.0
1735964820.0,5.33578460616808e-06,5.33578460616808e-06,5.33578460616808e-06,5.33578460616808e-06,0.0
1735964880.0,5.33578460616808e-06,5.33578460616808e-06,5.33578460616808e-06,5.33578460616808e-06,0.0
1735964940.0,5.33578460616808e-06,5.33578460616808e-06,5.33578460616808e-06,5.33578460616808e-06,0.0
1735965000.0,5.33578460616808e-06,5.33578460616808e-06,5.33578460616808e-06,5.33578460616808e-06,0.0
1735965060.0,5.33578460616808e-06,5.33578460616808e-06,5.33578460616808e-06,5.33578460616808e-06,0.0
1735965120.0,5.33578460616808e-06,5.33578460616808e-06,5.33578460616808e-06,5.33578460616808e-06,0.0
1735965180.0,5.33578460616808e-06,5.33578460616808e-06,5.33578460616808e-06,5.33578460616808e-06,0.0
1735965240.0,5.33578460616808e-06,5.33578460616808e-06,5.33578460616808e-06,5.33578460616808e-06,0.0
1735965300.0,5.33578460616808e-06,5.33578460616808e-06,5.33578460616808e-06,5.33578460616808e-06,0.0
1735965360.0,5.33578460616808e-06,5.33578460616808e-06,5.33578460616808e-06,5.33578460616808e-06,0.0
1735965420.0,5.33578460616808e-06,5.33578460616808e-06,5.33578460616808e-06,5.33578460616808e-06,0.0
1735965480.0,5.33578460616808e-06,5.33578460616808e-06,5.33578460616808e-06,5.33578460616808e-06,0.0
1735965540.0,5.33578460616808e-06,5.33578460616808e-06,5.33578460616808e-06,5.33578460616808e-06,0.0
1735965600.0,5.33578460616808e-06,5.33578460616808e-06,5.33578460616808e-06,5.33578460616808e-06,0.0
1735965660.0,5.33578460616808e-06,5.33578460616808e-06,5.33578460616808e-06,5.33578460616808e-06,0.0
1735965720.0,5.33578460616808e-06,5.33578460616808e-06,5.33578460616808e-06,5.33578460616808e-06,0.0
1735965780.0,5.33578460616808e-06,5.33578460616808e-06,5.33578460616808e-06,5.33578460616808e-06,0.0
1735965840.0,5.33578460616808e-06,5.33578460616808e-06,5.33578460616808e-06,5.33578460616808e-06,0.0
1735965900.0,5.33578460616808e-06,5.33578460616808e-06,5.33578460616808e-06,5.33578460616808e-06,0.0
1735965960.0,5.33578460616808e-06,5.33578460616808e-06,5.33578460616808e-06,5.33578460616808e-06,0.0
1735966020.0,5.33578460616808e-06,5.33578460616808e-06,5.33578460616808e-06,5.33578460616808e-06,0.0
1735966080.0,5.33578460616808e-06,5.33578460616808e-06,5.33578460616808e-06,5.33578460616808e-06,0.0
1735966140.0,5.33578460616808e-06,5.33578460616808e-06,5.33578460616808e-06,5.33578460616808e-06,0.0
1735966200.0,5.33578460616808e-06,5.33578460616808e-06,5.33578460616808e-06,5.33578460616808e-06,0.0
1735966260.0,5.33578460616808e-06,5.33578460616808e-06,5.33578460616808e-06,5.33578460616808e-06,0.0
1735966320.0,5.33578460616808e-06,5.33578460616808e-06,5.33578460616808e-06,5.33578460616808e-06,0.0
1735966380.0,5.33578460616808e-06,5.33578460616808e-06,5.33578460616808e-06,5.33578460616808e-06,0.0
1735966440.0,5.33578460616808e-06,5.33578460616808e-06,5.33578460616808e-06,5.33578460616808e-06,0.0
1735966500.0,5.33578460616808e-06,5.33578460616808e-06,5.33578460616808e-06,5.33578460616808e-06,0.0
1735966560.0,5.33578460616808e-06,5.33578460616808e-06,5.33578460616808e-06,5.33578460616808e-06,0.0
1735966620.0,5.33578460616808e-06,5.33578460616808e-06,5.33578460616808e-06,5.33578460616808e-06,0.0
1735966680.0,5.33578460616808e-06,5.33578460616808e-06,5.33578460616808e-06,5.33578460616808e-06,0.0
1735966740.0,5.33578460616808e-06,5.33578460616808e-06,5.33578460616808e-06,5.33578460616808e-06,0.0
1735966800.0,5.33578460616808e-06,5.33578460616808e-06,5.33578460616808e-06,5.33578460616808e-06,0.0
1735966860.0,5.33578460616808e-06,5.33578460616808e-06,5.33578460616808e-06,5.33578460616808e-06,0.0
1735966920.0,5.33578460616808e-06,5.33578460616808e-06,5.33578460616808e-06,5.33578460616808e-06,0.0
1735966980.0,5.33578460616808e-06,5.33578460616808e-06,5.33578460616808e-06,5.33578460616808e-06,0.0
1735967040.0,5.33578460616808e-06,5.33578460616808e-06,5.33578460616808e-06,5.33578460616808e-06,0.0
1735967100.0,5.33578460616808e-06,5.33578460616808e-06,5.33578460616808e-06,5.33578460616808e-06,0.0
1735967160.0,5.33578460616808e-06,5.33578460616808e-06,5.33578460616808e-06,5.33578460616808e-06,0.0
1735967220.0,5.33578460616808e-06,5.33578460616808e-06,5.33578460616808e-06,5.33578460616808e-06,0.0
1735967280.0,5.33578460616808e-06,5.33578460616808e-06,5.33578460616808e-06,5.33578460616808e-06,0.0
1735967340.0,5.33578460616808e-06,5.33578460616808e-06,5.33578460616808e-06,5.33578460616808e-06,0.0
1735967400.0,5.33578460616808e-06,5.33578460616808e-06,5.33578460616808e-06,5.33578460616808e-06,0.0
1735967460.0,5.33578460616808e-06,5.33578460616808e-06,5.33578460616808e-06,5.33578460616808e-06,0.0
1735967520.0,5.33578460616808e-06,5.33578460616808e-06,5.33578460616808e-06,5.33578460616808e-06,0.0
1735967580.0,5.33578460616808e-06,5.33578460616808e-06,5.33578460616808e-06,5.33578460616808e-06,0.0
1735967640.0,5.33578460616808e-06,5.33578460616808e-06,5.33578460616808e-06,5.33578460616808e-06,0.0
1735967700.0,5.33578460616808e-06,5.33578460616808e-06,5.33578460616808e-06,5.33578460616808e-06,0.0
1735967760.0,5.33578460616808e-06,5.33578460616808e-06,5.33578460616808e-06,5.33578460616808e-06,0.0
1735967820.0,5.33578460616808e-06,5.33578460616808e-06,5.33578460616808e-06,5.33578460616808e-06,0.0
1735967880.0,5.33578460616808e-06,5.33578460616808e-06,5.33578460616808e-06,5.33578460616808e-06,0.0
1735967940.0,5.33578460616808e-06,5.33578460616808e-06,5.33578460616808e-06,5.33578460616808e-06,0.0
