0,1,2,3,4,5
1731260220.0,9.183709648130592e-05,0.0001059883197697,8.474393375835159e-05,9.078748452878122e-05,5815.432637764809
1731260280.0,9.078748452878122e-05,0.0001323108938573,9.02760006022295e-05,0.0001323108938573,14024.755402156512
1731260340.0,0.0001323108938573,0.0001713419630436,0.0001323022503391,0.000149294047812,12226.629639356395
1731260400.0,0.000149294047812,0.0001681134670647,0.0001425595808016,0.000149528085178,11096.09747711466
1731260460.0,0.000149528085178,0.0001847814909333,0.0001376593843416,0.0001809515426783,11798.639002565322
1731260520.0,0.0001809515426783,0.000219101125112,0.000180505346613,0.0002122590881754,9418.20627920439
1731260580.0,0.0002122590881754,0.0002754741888131,0.0002094174442084,0.000250457078989,25596.706977291084
1731260640.0,0.000250457078989,0.0002553572733752,0.0002117497398772,0.0002406464661575,10092.49965994737
1731260700.0,0.0002406464661575,0.0002462912702104,4.9682144454675545e-06,5.2343353073277665e-06,56708.43797003568
1731260760.0,5.2343353073277665e-06,6.818463238567024e-06,4.88711897532778e-06,6.818463238567024e-06,1233.863209174627
1731260820.0,6.818463238567024e-06,7.962307248179445e-06,6.648483941146469e-06,6.942313778425415e-06,1485.206948896936
1731260880.0,6.942313778425415e-06,7.479088037527594e-06,6.559443902166937e-06,6.652694552838393e-06,688.4771780652279
1731260940.0,6.652694552838393e-06,6.7538417145131046e-06,5.927690112897189e-06,5.927690112897189e-06,483.0776467824164
1731261000.0,5.927690112897189e-06,5.927690112897189e-06,5.622808958985275e-06,5.639533800290442e-06,98.74571725687863
1731261060.0,5.639533800290442e-06,5.639533800290442e-06,5.184506028925915e-06,5.184506028925915e-06,191.2686994292123
1731261120.0,5.184506028925915e-06,6.583502692499887e-06,5.072291430962588e-06,5.089694513027144e-06,1393.6274901866575
1731261180.0,5.089694513027144e-06,5.089694513027144e-06,4.981864766656061e-06,4.981864766656061e-06,38.86074219973361
1731261240.0,4.981864766656061e-06,5.023283576308097e-06,4.981864766656061e-06,4.983112254427159e-06,10.919914943616856
1731261300.0,4.983112254427159e-06,4.983112254427159e-06,4.975111616913448e-06,4.975111616913448e-06,0.1139495599325141
1731261360.0,4.975111616913448e-06,4.975111616913448e-06,4.894686125752894e-06,4.894686125752894e-06,36.65783620498641
1731261420.0,4.894686125752894e-06,9.016712033510764e-06,4.894686125752894e-06,8.938203659323592e-06,1540.499777024943
1731261480.0,8.938203659323592e-06,8.938203659323592e-06,8.582865672451787e-06,8.582865672451787e-06,113.22472066670905
1731261540.0,8.582865672451787e-06,8.582865672451787e-06,4.697362482050089e-06,4.697362482050089e-06,1432.6775587004909
1731261600.0,4.697362482050089e-06,5.141607519728358e-06,4.697362482050089e-06,5.108719643162484e-06,257.32245600095257
1731261660.0,5.108719643162484e-06,5.234212760417609e-06,5.104959641273968e-06,5.234212760417609e-06,89.27934947143713
1731261720.0,5.234212760417609e-06,5.348267243812187e-06,5.234212760417609e-06,5.348267243812187e-06,1.2766112979467406
1731261780.0,5.348267243812187e-06,5.348267243812187e-06,5.319364988350886e-06,5.319364988350886e-06,1.140311332200756
1731261840.0,5.319364988350886e-06,5.319364988350886e-06,4.819857213267245e-06,4.819857213267245e-06,225.1431085079858
1731261900.0,4.819857213267245e-06,4.819857213267245e-06,4.819857213267245e-06,4.819857213267245e-06,0.0
1731261960.0,4.819857213267245e-06,4.819857213267245e-06,4.806200222128139e-06,4.806200222128139e-06,4.120098832602305
1731262020.0,4.806200222128139e-06,4.806200222128139e-06,4.797669190767707e-06,4.797669190767707e-06,6.307880971441235
1731262080.0,4.797669190767707e-06,4.846882758717755e-06,4.787541712624913e-06,4.787541712624913e-06,73.13898717275606
1731262140.0,4.787541712624913e-06,4.787541712624913e-06,4.758102561957212e-06,4.758102561957212e-06,5.438821796936935
1731262200.0,4.758102561957212e-06,4.758102561957212e-06,4.73649045453289e-06,4.73649045453289e-06,1.755082654150363
1731262260.0,4.73649045453289e-06,4.73649045453289e-06,4.73649045453289e-06,4.73649045453289e-06,0.0
1731262320.0,4.73649045453289e-06,4.73649045453289e-06,4.731000381708271e-06,4.731000381708271e-06,1.8944158317373112
1731262380.0,4.731000381708271e-06,4.731000381708271e-06,4.713191438849431e-06,4.713191438849431e-06,11.092120671887455
1731262440.0,4.713191438849431e-06,4.713191438849431e-06,4.7040138214304285e-06,4.7040138214304285e-06,0.4493878235863316
1731262500.0,4.7040138214304285e-06,4.7040138214304285e-06,4.7040138214304285e-06,4.7040138214304285e-06,0.0
1731262560.0,4.7040138214304285e-06,4.7040138214304285e-06,4.683607005095596e-06,4.683607005095596e-06,7.4848132089941215
1731262620.0,4.683607005095596e-06,4.683607005095596e-06,4.67158707451303e-06,4.67158707451303e-06,4.957606622253965
1731262680.0,4.67158707451303e-06,4.67158707451303e-06,4.657784844176717e-06,4.657784844176717e-06,7.012072802827493
1731262740.0,4.657784844176717e-06,4.657784844176717e-06,4.657784844176717e-06,4.657784844176717e-06,0.0
1731262800.0,4.657784844176717e-06,4.657784844176717e-06,4.657784844176717e-06,4.657784844176717e-06,0.0
1731262860.0,4.657784844176717e-06,4.657784844176717e-06,4.6082520024790655e-06,4.6082520024790655e-06,30.91895070910194
1731262920.0,4.6082520024790655e-06,4.6082520024790655e-06,4.6082520024790655e-06,4.6082520024790655e-06,0.0
1731262980.0,4.6082520024790655e-06,4.6082520024790655e-06,4.6082520024790655e-06,4.6082520024790655e-06,0.0
1731263040.0,4.6082520024790655e-06,4.6082520024790655e-06,4.6082520024790655e-06,4.6082520024790655e-06,0.0
1731263100.0,4.6082520024790655e-06,4.6082520024790655e-06,4.6082520024790655e-06,4.6082520024790655e-06,0.0
1731263160.0,4.6082520024790655e-06,4.6082520024790655e-06,4.506972344586596e-06,4.506972344586596e-06,61.12781369811704
1731263220.0,4.506972344586596e-06,4.506972344586596e-06,4.461964641556546e-06,4.461964641556546e-06,0.3894168684965874
1731263280.0,4.461964641556546e-06,4.461964641556546e-06,4.451062128209263e-06,4.451062128209263e-06,1.951162523876287
1731263340.0,4.451062128209263e-06,4.451062128209263e-06,4.451062128209263e-06,4.451062128209263e-06,0.0
1731263400.0,4.451062128209263e-06,4.451062128209263e-06,4.417059481280999e-06,4.417059481280999e-06,29.494702929727936
1731263460.0,4.417059481280999e-06,4.417059481280999e-06,4.417059481280999e-06,4.417059481280999e-06,0.0
1731263520.0,4.417059481280999e-06,4.417059481280999e-06,4.417059481280999e-06,4.417059481280999e-06,0.0
1731263580.0,4.417059481280999e-06,4.417059481280999e-06,4.368233364745482e-06,4.3816882465959e-06,8.487261757200798
1731263640.0,4.3816882465959e-06,4.3816882465959e-06,4.357515114465886e-06,4.357515114465886e-06,0.0248378361524555
1731263700.0,4.357515114465886e-06,4.357515114465886e-06,4.357515114465886e-06,4.357515114465886e-06,0.0
1731263760.0,4.357515114465886e-06,4.357515114465886e-06,4.357515114465886e-06,4.357515114465886e-06,0.0
1731263820.0,4.357515114465886e-06,4.362906630653404e-06,4.357515114465886e-06,4.362906630653404e-06,0.0965436272462111
1731263880.0,4.362906630653404e-06,4.362906630653404e-06,4.362906630653404e-06,4.362906630653404e-06,0.0
1731263940.0,4.362906630653404e-06,4.362906630653404e-06,4.362906630653404e-06,4.362906630653404e-06,0.0
1731264000.0,4.362906630653404e-06,4.362906630653404e-06,4.362906630653404e-06,4.362906630653404e-06,0.0
1731264060.0,4.362906630653404e-06,4.362906630653404e-06,4.362906630653404e-06,4.362906630653404e-06,0.0
1731264120.0,4.362906630653404e-06,4.362906630653404e-06,4.362906630653404e-06,4.362906630653404e-06,0.0
1731264180.0,4.362906630653404e-06,4.362906630653404e-06,4.362906630653404e-06,4.362906630653404e-06,0.0
1731264240.0,4.362906630653404e-06,4.362906630653404e-06,4.362498221807883e-06,4.362498221807883e-06,0.009706044571432
1731264300.0,4.362498221807883e-06,4.362498221807883e-06,4.35868459562673e-06,4.35868459562673e-06,2.718383671074589
1731264360.0,4.35868459562673e-06,4.35868459562673e-06,4.35868459562673e-06,4.35868459562673e-06,0.0
1731264420.0,4.35868459562673e-06,4.35868459562673e-06,4.35868459562673e-06,4.35868459562673e-06,0.0
1731264480.0,4.35868459562673e-06,4.35868459562673e-06,4.35868459562673e-06,4.35868459562673e-06,0.0
1731264540.0,4.35868459562673e-06,4.35868459562673e-06,4.355351068907011e-06,4.355351068907011e-06,0.6873257217646729
1731264600.0,4.355351068907011e-06,4.355351068907011e-06,4.355351068907011e-06,4.355351068907011e-06,0.0
1731264660.0,4.355351068907011e-06,4.355351068907011e-06,4.355351068907011e-06,4.355351068907011e-06,0.0
1731264720.0,4.355351068907011e-06,4.42582395949624e-06,4.355351068907011e-06,4.42582395949624e-06,42.8750197053872
1731264780.0,4.42582395949624e-06,4.42582395949624e-06,4.42582395949624e-06,4.42582395949624e-06,0.0
1731264840.0,4.42582395949624e-06,4.42582395949624e-06,4.42582395949624e-06,4.42582395949624e-06,0.0
1731264900.0,4.42582395949624e-06,4.42582395949624e-06,4.42582395949624e-06,4.42582395949624e-06,0.0
1731264960.0,4.42582395949624e-06,4.42582395949624e-06,4.42582395949624e-06,4.42582395949624e-06,0.0
1731265020.0,4.42582395949624e-06,4.42582395949624e-06,4.42582395949624e-06,4.42582395949624e-06,0.0
1731265080.0,4.42582395949624e-06,4.42582395949624e-06,4.42582395949624e-06,4.42582395949624e-06,0.0
1731265140.0,4.42582395949624e-06,4.42582395949624e-06,4.42582395949624e-06,4.42582395949624e-06,0.0
1731265200.0,4.42582395949624e-06,4.464575269825791e-06,4.42582395949624e-06,4.464575269825791e-06,21.279891943717377
1731265260.0,4.464575269825791e-06,4.821217572307396e-06,4.464575269825791e-06,4.821217572307396e-06,296.8625766330079
1731265320.0,4.821217572307396e-06,5.0946147957955874e-06,4.821217572307396e-06,5.0946147957955874e-06,49.35390828015571
1731265380.0,5.0946147957955874e-06,5.0946147957955874e-06,5.056564316678158e-06,5.056564316678158e-06,2.1250938454878714
1731265440.0,5.056564316678158e-06,5.056564316678158e-06,5.056564316678158e-06,5.056564316678158e-06,0.0
1731265500.0,5.056564316678158e-06,5.056564316678158e-06,5.056564316678158e-06,5.056564316678158e-06,0.0
1731265560.0,5.056564316678158e-06,5.056564316678158e-06,4.671024217072024e-06,4.671024217072024e-06,309.87171232920184
1731265620.0,4.671024217072024e-06,4.671024217072024e-06,4.323730233388189e-06,4.323730233388189e-06,2.611093156579607
1731265680.0,4.323730233388189e-06,4.323730233388189e-06,4.323730233388189e-06,4.323730233388189e-06,0.0
1731265740.0,4.323730233388189e-06,4.323730233388189e-06,4.323730233388189e-06,4.323730233388189e-06,0.0
1731265800.0,4.323730233388189e-06,4.3919902169502944e-06,4.323730233388189e-06,4.3919902169502944e-06,42.54622245993709
1731265860.0,4.3919902169502944e-06,4.3919902169502944e-06,4.3919902169502944e-06,4.3919902169502944e-06,0.0
1731265920.0,4.3919902169502944e-06,4.3919902169502944e-06,4.3919902169502944e-06,4.3919902169502944e-06,0.0
1731265980.0,4.3919902169502944e-06,4.3919902169502944e-06,4.3919902169502944e-06,4.3919902169502944e-06,0.0
1731266040.0,4.3919902169502944e-06,4.3919902169502944e-06,4.3919902169502944e-06,4.3919902169502944e-06,0.0
1731266100.0,4.3919902169502944e-06,4.3919902169502944e-06,4.3919902169502944e-06,4.3919902169502944e-06,0.0
1731266160.0,4.3919902169502944e-06,4.3919902169502944e-06,4.357433696591213e-06,4.357433696591213e-06,18.156690706552947
1731266220.0,4.357433696591213e-06,4.357433696591213e-06,4.357433696591213e-06,4.357433696591213e-06,0.0
1731266280.0,4.357433696591213e-06,4.357433696591213e-06,4.357433696591213e-06,4.357433696591213e-06,0.0
1731266340.0,4.357433696591213e-06,4.357433696591213e-06,4.357433696591213e-06,4.357433696591213e-06,0.0
1731266400.0,4.357433696591213e-06,4.357433696591213e-06,4.357433696591213e-06,4.357433696591213e-06,0.0
1731266460.0,4.357433696591213e-06,4.357433696591213e-06,4.357433696591213e-06,4.357433696591213e-06,0.0
1731266520.0,4.357433696591213e-06,4.357433696591213e-06,4.357433696591213e-06,4.357433696591213e-06,0.0
1731266580.0,4.357433696591213e-06,4.357433696591213e-06,4.357433696591213e-06,4.357433696591213e-06,0.0
1731266640.0,4.357433696591213e-06,4.357433696591213e-06,4.357433696591213e-06,4.357433696591213e-06,0.0
1731266700.0,4.357433696591213e-06,4.357433696591213e-06,4.329025593414293e-06,4.329025593414293e-06,0.4131056482061465
1731266760.0,4.329025593414293e-06,4.329025593414293e-06,4.329025593414293e-06,4.329025593414293e-06,0.0
1731266820.0,4.329025593414293e-06,4.329025593414293e-06,4.329025593414293e-06,4.329025593414293e-06,0.0
1731266880.0,4.329025593414293e-06,4.329025593414293e-06,4.329025593414293e-06,4.329025593414293e-06,0.0
1731266940.0,4.329025593414293e-06,4.329025593414293e-06,4.329025593414293e-06,4.329025593414293e-06,0.0
1731267000.0,4.329025593414293e-06,4.329025593414293e-06,4.329025593414293e-06,4.329025593414293e-06,0.0
1731267060.0,4.329025593414293e-06,4.329025593414293e-06,4.329025593414293e-06,4.329025593414293e-06,0.0
1731267120.0,4.329025593414293e-06,4.420450322441274e-06,4.329025593414293e-06,4.420450322441274e-06,41.110366383554926
1731267180.0,4.420450322441274e-06,4.420450322441274e-06,4.420450322441274e-06,4.420450322441274e-06,0.0
1731267240.0,4.420450322441274e-06,4.444303024619122e-06,4.420450322441274e-06,4.444303024619122e-06,2.376206894647728
1731267300.0,4.444303024619122e-06,4.492246646973854e-06,4.444303024619122e-06,4.492246646973854e-06,40.380307531118696
1731267360.0,4.492246646973854e-06,4.492246646973854e-06,4.492246646973854e-06,4.492246646973854e-06,0.0
1731267420.0,4.492246646973854e-06,4.492246646973854e-06,4.456491328263385e-06,4.456491328263385e-06,38.63397253150068
1731267480.0,4.456491328263385e-06,4.456491328263385e-06,4.456491328263385e-06,4.456491328263385e-06,0.0
1731267540.0,4.456491328263385e-06,4.456491328263385e-06,4.456491328263385e-06,4.456491328263385e-06,0.0
1731267600.0,4.456491328263385e-06,4.456491328263385e-06,4.423350732967026e-06,4.423350732967026e-06,0.1891143950183457
1731267660.0,4.423350732967026e-06,4.423350732967026e-06,4.379053200198078e-06,4.379053200198078e-06,39.4114788017827
1731267720.0,4.379053200198078e-06,4.379053200198078e-06,4.379053200198078e-06,4.379053200198078e-06,0.0
1731267780.0,4.379053200198078e-06,4.379053200198078e-06,4.379053200198078e-06,4.379053200198078e-06,0.0
1731267840.0,4.379053200198078e-06,4.379053200198078e-06,4.315291747607224e-06,4.315291747607224e-06,8.973722864293526
1731267900.0,4.315291747607224e-06,4.315291747607224e-06,4.315291747607224e-06,4.315291747607224e-06,0.0
1731267960.0,4.315291747607224e-06,4.315291747607224e-06,4.315291747607224e-06,4.315291747607224e-06,0.0
1731268020.0,4.315291747607224e-06,4.315291747607224e-06,4.315291747607224e-06,4.315291747607224e-06,0.0
1731268080.0,4.315291747607224e-06,4.315291747607224e-06,4.253275391382523e-06,4.253275391382523e-06,1.2731280866774677
1731268140.0,4.253275391382523e-06,4.253275391382523e-06,4.253275391382523e-06,4.253275391382523e-06,0.0
1731268200.0,4.253275391382523e-06,4.253275391382523e-06,4.2381552282837435e-06,4.2381552282837435e-06,26.784681356141498
1731268260.0,4.2381552282837435e-06,4.2381552282837435e-06,4.1923052599133186e-06,4.1923052599133186e-06,1.417226772221458
1731268320.0,4.1923052599133186e-06,4.1923052599133186e-06,4.1923052599133186e-06,4.1923052599133186e-06,0.0
1731268380.0,4.1923052599133186e-06,4.1923052599133186e-06,4.1923052599133186e-06,4.1923052599133186e-06,0.0
1731268440.0,4.1923052599133186e-06,4.1923052599133186e-06,4.1923052599133186e-06,4.1923052599133186e-06,0.0
1731268500.0,4.1923052599133186e-06,4.1923052599133186e-06,4.1923052599133186e-06,4.1923052599133186e-06,0.0
1731268560.0,4.1923052599133186e-06,4.1923052599133186e-06,4.1923052599133186e-06,4.1923052599133186e-06,0.0
1731268620.0,4.1923052599133186e-06,4.1923052599133186e-06,4.1923052599133186e-06,4.1923052599133186e-06,0.0
1731268680.0,4.1923052599133186e-06,4.1923052599133186e-06,4.1923052599133186e-06,4.1923052599133186e-06,0.0
1731268740.0,4.1923052599133186e-06,4.1923052599133186e-06,4.1923052599133186e-06,4.1923052599133186e-06,0.0
1731268800.0,4.1923052599133186e-06,4.1923052599133186e-06,4.1923052599133186e-06,4.1923052599133186e-06,0.0
1731268860.0,4.1923052599133186e-06,4.1923052599133186e-06,4.1923052599133186e-06,4.1923052599133186e-06,0.0
1731268920.0,4.1923052599133186e-06,4.1923052599133186e-06,4.1923052599133186e-06,4.1923052599133186e-06,0.0
1731268980.0,4.1923052599133186e-06,4.1923052599133186e-06,4.1923052599133186e-06,4.1923052599133186e-06,0.0
1731269040.0,4.1923052599133186e-06,4.1923052599133186e-06,4.1837011412758685e-06,4.1837011412758685e-06,34.542932591120824
1731269100.0,4.1837011412758685e-06,4.1837011412758685e-06,4.1837011412758685e-06,4.1837011412758685e-06,0.0
1731269160.0,4.1837011412758685e-06,4.1837011412758685e-06,4.1837011412758685e-06,4.1837011412758685e-06,0.0
1731269220.0,4.1837011412758685e-06,4.1837011412758685e-06,4.1837011412758685e-06,4.1837011412758685e-06,0.0
1731269280.0,4.1837011412758685e-06,4.1837011412758685e-06,4.1837011412758685e-06,4.1837011412758685e-06,0.0
1731269340.0,4.1837011412758685e-06,4.1837011412758685e-06,4.1837011412758685e-06,4.1837011412758685e-06,0.0
1731269400.0,4.1837011412758685e-06,4.1837011412758685e-06,4.1837011412758685e-06,4.1837011412758685e-06,0.0
1731269460.0,4.1837011412758685e-06,4.1837011412758685e-06,4.1837011412758685e-06,4.1837011412758685e-06,0.0
1731269520.0,4.1837011412758685e-06,4.1837011412758685e-06,4.1837011412758685e-06,4.1837011412758685e-06,0.0
1731269580.0,4.1837011412758685e-06,4.1837011412758685e-06,4.111894903695189e-06,4.111894903695189e-06,0.5566415976112431
1731269640.0,4.111894903695189e-06,4.111894903695189e-06,4.111894903695189e-06,4.111894903695189e-06,0.0
1731269700.0,4.111894903695189e-06,4.111894903695189e-06,4.111894903695189e-06,4.111894903695189e-06,0.0
1731269760.0,4.111894903695189e-06,4.111894903695189e-06,4.111894903695189e-06,4.111894903695189e-06,0.0
1731269820.0,4.111894903695189e-06,4.111894903695189e-06,4.111894903695189e-06,4.111894903695189e-06,0.0
1731269880.0,4.111894903695189e-06,4.111894903695189e-06,4.111894903695189e-06,4.111894903695189e-06,0.0
1731269940.0,4.111894903695189e-06,4.111894903695189e-06,4.092326021909773e-06,4.092326021909773e-06,4.271429760820096
1731270000.0,4.092326021909773e-06,4.092326021909773e-06,4.092326021909773e-06,4.092326021909773e-06,0.0
1731270060.0,4.092326021909773e-06,4.092326021909773e-06,4.092326021909773e-06,4.092326021909773e-06,0.0
1731270120.0,4.092326021909773e-06,4.092326021909773e-06,4.092326021909773e-06,4.092326021909773e-06,0.0
1731270180.0,4.092326021909773e-06,4.092326021909773e-06,4.092326021909773e-06,4.092326021909773e-06,0.0
1731270240.0,4.092326021909773e-06,4.092326021909773e-06,4.092326021909773e-06,4.092326021909773e-06,0.0
1731270300.0,4.092326021909773e-06,4.092326021909773e-06,4.092326021909773e-06,4.092326021909773e-06,0.0
1731270360.0,4.092326021909773e-06,4.092326021909773e-06,4.043257806314931e-06,4.043257806314931e-06,37.165503056361814
1731270420.0,4.043257806314931e-06,4.043257806314931e-06,4.043257806314931e-06,4.043257806314931e-06,0.0
1731270480.0,4.043257806314931e-06,4.043257806314931e-06,4.043257806314931e-06,4.043257806314931e-06,0.0
1731270540.0,4.043257806314931e-06,4.043257806314931e-06,4.000030875773526e-06,4.000030875773526e-06,0.3327523158164599
1731270600.0,4.000030875773526e-06,4.000030875773526e-06,4.000030875773526e-06,4.000030875773526e-06,0.0
1731270660.0,4.000030875773526e-06,4.000030875773526e-06,4.000030875773526e-06,4.000030875773526e-06,0.0
1731270720.0,4.000030875773526e-06,4.000030875773526e-06,4.000030875773526e-06,4.000030875773526e-06,0.0
1731270780.0,4.000030875773526e-06,4.000030875773526e-06,4.000030875773526e-06,4.000030875773526e-06,0.0
1731270840.0,4.000030875773526e-06,4.000030875773526e-06,4.000030875773526e-06,4.000030875773526e-06,0.0
1731270900.0,4.000030875773526e-06,4.000030875773526e-06,4.000030875773526e-06,4.000030875773526e-06,0.0
1731270960.0,4.000030875773526e-06,4.000030875773526e-06,4.000030875773526e-06,4.000030875773526e-06,0.0
1731271020.0,4.000030875773526e-06,4.000030875773526e-06,3.997268733524652e-06,3.997268733524652e-06,0.0007966260388301
1731271080.0,3.997268733524652e-06,3.997268733524652e-06,3.997268733524652e-06,3.997268733524652e-06,0.0
1731271140.0,3.997268733524652e-06,3.997268733524652e-06,3.997268733524652e-06,3.997268733524652e-06,0.0
1731271200.0,3.997268733524652e-06,3.997268733524652e-06,3.997268733524652e-06,3.997268733524652e-06,0.0
1731271260.0,3.997268733524652e-06,3.997268733524652e-06,3.997268733524652e-06,3.997268733524652e-06,0.0
1731271320.0,3.997268733524652e-06,3.997268733524652e-06,3.997268733524652e-06,3.997268733524652e-06,0.0
1731271380.0,3.997268733524652e-06,3.997268733524652e-06,3.997268733524652e-06,3.997268733524652e-06,0.0
1731271440.0,3.997268733524652e-06,3.997268733524652e-06,3.997268733524652e-06,3.997268733524652e-06,0.0
1731271500.0,3.997268733524652e-06,3.997268733524652e-06,3.997268733524652e-06,3.997268733524652e-06,0.0
1731271560.0,3.997268733524652e-06,3.997268733524652e-06,3.997268733524652e-06,3.997268733524652e-06,0.0
1731271620.0,3.997268733524652e-06,3.997268733524652e-06,3.997268733524652e-06,3.997268733524652e-06,0.0
1731271680.0,3.997268733524652e-06,3.997268733524652e-06,3.997268733524652e-06,3.997268733524652e-06,0.0
1731271740.0,3.997268733524652e-06,3.997268733524652e-06,3.997268733524652e-06,3.997268733524652e-06,0.0
1731271800.0,3.997268733524652e-06,3.997268733524652e-06,3.997268733524652e-06,3.997268733524652e-06,0.0
1731271860.0,3.997268733524652e-06,3.997268733524652e-06,3.997268733524652e-06,3.997268733524652e-06,0.0
1731271920.0,3.997268733524652e-06,3.997268733524652e-06,3.997268733524652e-06,3.997268733524652e-06,0.0
1731271980.0,3.997268733524652e-06,3.997268733524652e-06,3.963741650032155e-06,3.968744844897973e-06,4.197669916272594
1731272040.0,3.968744844897973e-06,3.968744844897973e-06,3.968744844897973e-06,3.968744844897973e-06,0.0
1731272100.0,3.968744844897973e-06,3.968744844897973e-06,3.968744844897973e-06,3.968744844897973e-06,0.0
1731272160.0,3.968744844897973e-06,3.968744844897973e-06,3.968744844897973e-06,3.968744844897973e-06,0.0
1731272220.0,3.968744844897973e-06,3.968744844897973e-06,3.968744844897973e-06,3.968744844897973e-06,0.0
1731272280.0,3.968744844897973e-06,3.968744844897973e-06,3.968744844897973e-06,3.968744844897973e-06,0.0
1731272340.0,3.968744844897973e-06,3.968744844897973e-06,3.968744844897973e-06,3.968744844897973e-06,0.0
1731272400.0,3.968744844897973e-06,3.968744844897973e-06,3.9222285095629545e-06,3.9222285095629545e-06,2.6355044362054434
1731272460.0,3.9222285095629545e-06,3.9222285095629545e-06,3.9222285095629545e-06,3.9222285095629545e-06,0.0
1731272520.0,3.9222285095629545e-06,3.9222285095629545e-06,3.9222285095629545e-06,3.9222285095629545e-06,0.0
1731272580.0,3.9222285095629545e-06,3.9222285095629545e-06,3.9222285095629545e-06,3.9222285095629545e-06,0.0
1731272640.0,3.9222285095629545e-06,3.9222285095629545e-06,3.9222285095629545e-06,3.9222285095629545e-06,0.0
1731272700.0,3.9222285095629545e-06,3.9222285095629545e-06,3.9222285095629545e-06,3.9222285095629545e-06,0.0
1731272760.0,3.9222285095629545e-06,3.9222285095629545e-06,3.9222285095629545e-06,3.9222285095629545e-06,0.0
1731272820.0,3.9222285095629545e-06,3.9222285095629545e-06,3.9222285095629545e-06,3.9222285095629545e-06,0.0
1731272880.0,3.9222285095629545e-06,3.9222285095629545e-06,3.9222285095629545e-06,3.9222285095629545e-06,0.0
1731272940.0,3.9222285095629545e-06,3.9222285095629545e-06,3.9222285095629545e-06,3.9222285095629545e-06,0.0
1731273000.0,3.9222285095629545e-06,3.9222285095629545e-06,3.9222285095629545e-06,3.9222285095629545e-06,0.0
1731273060.0,3.9222285095629545e-06,3.9222285095629545e-06,3.9222285095629545e-06,3.9222285095629545e-06,0.0
1731273120.0,3.9222285095629545e-06,3.9222285095629545e-06,3.9222285095629545e-06,3.9222285095629545e-06,0.0
1731273180.0,3.9222285095629545e-06,3.9222285095629545e-06,3.9222285095629545e-06,3.9222285095629545e-06,0.0
1731273240.0,3.9222285095629545e-06,3.9222285095629545e-06,3.9222285095629545e-06,3.9222285095629545e-06,0.0
1731273300.0,3.9222285095629545e-06,3.9222285095629545e-06,3.9222285095629545e-06,3.9222285095629545e-06,0.0
1731273360.0,3.9222285095629545e-06,3.9222285095629545e-06,3.9222285095629545e-06,3.9222285095629545e-06,0.0
1731273420.0,3.9222285095629545e-06,3.9222285095629545e-06,3.9222285095629545e-06,3.9222285095629545e-06,0.0
1731273480.0,3.9222285095629545e-06,3.9222285095629545e-06,3.9222285095629545e-06,3.9222285095629545e-06,0.0
1731273540.0,3.9222285095629545e-06,3.9222285095629545e-06,3.9222285095629545e-06,3.9222285095629545e-06,0.0
1731273600.0,3.9222285095629545e-06,3.9222285095629545e-06,3.9222285095629545e-06,3.9222285095629545e-06,0.0
1731273660.0,3.9222285095629545e-06,3.9222285095629545e-06,3.9222285095629545e-06,3.9222285095629545e-06,0.0
1731273720.0,3.9222285095629545e-06,3.9222285095629545e-06,3.9222285095629545e-06,3.9222285095629545e-06,0.0
1731273780.0,3.9222285095629545e-06,3.9222285095629545e-06,3.9222285095629545e-06,3.9222285095629545e-06,0.0
1731273840.0,3.9222285095629545e-06,3.9222285095629545e-06,3.9222285095629545e-06,3.9222285095629545e-06,0.0
1731273900.0,3.9222285095629545e-06,3.9222285095629545e-06,3.9222285095629545e-06,3.9222285095629545e-06,0.0
1731273960.0,3.9222285095629545e-06,3.9222285095629545e-06,3.9222285095629545e-06,3.9222285095629545e-06,0.0
1731274020.0,3.9222285095629545e-06,3.9222285095629545e-06,3.9222285095629545e-06,3.9222285095629545e-06,0.0
1731274080.0,3.9222285095629545e-06,3.9222285095629545e-06,3.9222285095629545e-06,3.9222285095629545e-06,0.0
1731274140.0,3.9222285095629545e-06,3.9222285095629545e-06,3.9222285095629545e-06,3.9222285095629545e-06,0.0
1731274200.0,3.9222285095629545e-06,3.9222285095629545e-06,3.9222285095629545e-06,3.9222285095629545e-06,0.0
1731274260.0,3.9222285095629545e-06,3.9222285095629545e-06,3.9222285095629545e-06,3.9222285095629545e-06,0.0
1731274320.0,3.9222285095629545e-06,3.9222285095629545e-06,3.9222285095629545e-06,3.9222285095629545e-06,0.0
1731274380.0,3.9222285095629545e-06,3.9222285095629545e-06,3.9222285095629545e-06,3.9222285095629545e-06,0.0
1731274440.0,3.9222285095629545e-06,3.9222285095629545e-06,3.9222285095629545e-06,3.9222285095629545e-06,0.0
1731274500.0,3.9222285095629545e-06,3.9222285095629545e-06,3.9222285095629545e-06,3.9222285095629545e-06,0.0
1731274560.0,3.9222285095629545e-06,3.976093539552579e-06,3.9222285095629545e-06,3.976093539552579e-06,1.140744145292362
1731274620.0,3.976093539552579e-06,3.976093539552579e-06,3.976093539552579e-06,3.976093539552579e-06,0.0
1731274680.0,3.976093539552579e-06,3.976093539552579e-06,3.976093539552579e-06,3.976093539552579e-06,0.0
1731274740.0,3.976093539552579e-06,3.976093539552579e-06,3.976093539552579e-06,3.976093539552579e-06,0.0
1731274800.0,3.976093539552579e-06,3.976093539552579e-06,3.976093539552579e-06,3.976093539552579e-06,0.0
1731274860.0,3.976093539552579e-06,3.976093539552579e-06,3.976093539552579e-06,3.976093539552579e-06,0.0
1731274920.0,3.976093539552579e-06,3.976093539552579e-06,3.976093539552579e-06,3.976093539552579e-06,0.0
1731274980.0,3.976093539552579e-06,3.976093539552579e-06,3.972701106439424e-06,3.972701106439424e-06,17.567859597721302
1731275040.0,3.972701106439424e-06,3.972701106439424e-06,3.972701106439424e-06,3.972701106439424e-06,0.0
1731275100.0,3.972701106439424e-06,3.972701106439424e-06,3.957448947288868e-06,3.957448947288868e-06,4.52362245548699
1731275160.0,3.957448947288868e-06,3.957448947288868e-06,3.957448947288868e-06,3.957448947288868e-06,0.0
1731275220.0,3.957448947288868e-06,3.960557916325329e-06,3.957448947288868e-06,3.960557916325329e-06,0.7896005125647514
1731275280.0,3.960557916325329e-06,3.960557916325329e-06,3.960557916325329e-06,3.960557916325329e-06,0.0
1731275340.0,3.960557916325329e-06,3.960557916325329e-06,3.960557916325329e-06,3.960557916325329e-06,0.0
1731275400.0,3.960557916325329e-06,3.960557916325329e-06,3.960557916325329e-06,3.960557916325329e-06,0.0
1731275460.0,3.960557916325329e-06,3.960557916325329e-06,3.960557916325329e-06,3.960557916325329e-06,0.0
1731275520.0,3.960557916325329e-06,3.960557916325329e-06,3.960557916325329e-06,3.960557916325329e-06,0.0
1731275580.0,3.960557916325329e-06,3.960557916325329e-06,3.960557916325329e-06,3.960557916325329e-06,0.0
1731275640.0,3.960557916325329e-06,3.960557916325329e-06,3.960557916325329e-06,3.960557916325329e-06,0.0
1731275700.0,3.960557916325329e-06,3.969658706493596e-06,3.960557916325329e-06,3.969658706493596e-06,3.0534041827364016
1731275760.0,3.969658706493596e-06,3.988529683354939e-06,3.969658706493596e-06,3.988529683354939e-06,2.0829455013387292
1731275820.0,3.988529683354939e-06,3.988529683354939e-06,3.988529683354939e-06,3.988529683354939e-06,0.0
1731275880.0,3.988529683354939e-06,3.988529683354939e-06,3.988529683354939e-06,3.988529683354939e-06,0.0
1731275940.0,3.988529683354939e-06,3.988529683354939e-06,3.988529683354939e-06,3.988529683354939e-06,0.0
1731276000.0,3.988529683354939e-06,3.988529683354939e-06,3.988529683354939e-06,3.988529683354939e-06,0.0
1731276060.0,3.988529683354939e-06,3.988529683354939e-06,3.988529683354939e-06,3.988529683354939e-06,0.0
1731276120.0,3.988529683354939e-06,3.988529683354939e-06,3.988529683354939e-06,3.988529683354939e-06,0.0
1731276180.0,3.988529683354939e-06,3.988529683354939e-06,3.988529683354939e-06,3.988529683354939e-06,0.0
1731276240.0,3.988529683354939e-06,3.988529683354939e-06,3.988529683354939e-06,3.988529683354939e-06,0.0
1731276300.0,3.988529683354939e-06,3.988529683354939e-06,3.988529683354939e-06,3.988529683354939e-06,0.0
1731276360.0,3.988529683354939e-06,3.988529683354939e-06,3.988529683354939e-06,3.988529683354939e-06,0.0
1731276420.0,3.988529683354939e-06,3.988529683354939e-06,3.988529683354939e-06,3.988529683354939e-06,0.0
1731276480.0,3.988529683354939e-06,3.988529683354939e-06,3.988529683354939e-06,3.988529683354939e-06,0.0
1731276540.0,3.988529683354939e-06,3.988529683354939e-06,3.988529683354939e-06,3.988529683354939e-06,0.0
1731276600.0,3.988529683354939e-06,3.988529683354939e-06,3.988529683354939e-06,3.988529683354939e-06,0.0
1731276660.0,3.988529683354939e-06,3.988529683354939e-06,3.988529683354939e-06,3.988529683354939e-06,0.0
1731276720.0,3.988529683354939e-06,3.988529683354939e-06,3.988529683354939e-06,3.988529683354939e-06,0.0
1731276780.0,3.988529683354939e-06,3.988529683354939e-06,3.988529683354939e-06,3.988529683354939e-06,0.0
1731276840.0,3.988529683354939e-06,3.988529683354939e-06,3.988529683354939e-06,3.988529683354939e-06,0.0
1731276900.0,3.988529683354939e-06,3.988529683354939e-06,3.988529683354939e-06,3.988529683354939e-06,0.0
1731276960.0,3.988529683354939e-06,3.988529683354939e-06,3.988529683354939e-06,3.988529683354939e-06,0.0
1731277020.0,3.988529683354939e-06,3.988529683354939e-06,3.988529683354939e-06,3.988529683354939e-06,0.0
1731277080.0,3.988529683354939e-06,3.988529683354939e-06,3.988529683354939e-06,3.988529683354939e-06,0.0
1731277140.0,3.988529683354939e-06,3.988529683354939e-06,3.988529683354939e-06,3.988529683354939e-06,0.0
1731277200.0,3.988529683354939e-06,3.988529683354939e-06,3.988529683354939e-06,3.988529683354939e-06,0.0
1731277260.0,3.988529683354939e-06,3.988529683354939e-06,3.988529683354939e-06,3.988529683354939e-06,0.0
1731277320.0,3.988529683354939e-06,3.988529683354939e-06,3.988529683354939e-06,3.988529683354939e-06,0.0
1731277380.0,3.988529683354939e-06,3.988529683354939e-06,3.988529683354939e-06,3.988529683354939e-06,0.0
1731277440.0,3.988529683354939e-06,3.988529683354939e-06,3.988529683354939e-06,3.988529683354939e-06,0.0
1731277500.0,3.988529683354939e-06,3.988529683354939e-06,3.988529683354939e-06,3.988529683354939e-06,0.0
1731277560.0,3.988529683354939e-06,3.988529683354939e-06,3.988529683354939e-06,3.988529683354939e-06,0.0
1731277620.0,3.988529683354939e-06,3.988529683354939e-06,3.988529683354939e-06,3.988529683354939e-06,0.0
1731277680.0,3.988529683354939e-06,3.988529683354939e-06,3.988529683354939e-06,3.988529683354939e-06,0.0
1731277740.0,3.988529683354939e-06,3.988529683354939e-06,3.988529683354939e-06,3.988529683354939e-06,0.0
1731277800.0,3.988529683354939e-06,3.988529683354939e-06,3.988529683354939e-06,3.988529683354939e-06,0.0
1731277860.0,3.988529683354939e-06,3.988529683354939e-06,3.988529683354939e-06,3.988529683354939e-06,0.0
1731277920.0,3.988529683354939e-06,3.988529683354939e-06,3.988529683354939e-06,3.988529683354939e-06,0.0
1731277980.0,3.988529683354939e-06,3.988529683354939e-06,3.988529683354939e-06,3.988529683354939e-06,0.0
1731278040.0,3.988529683354939e-06,3.988529683354939e-06,3.988529683354939e-06,3.988529683354939e-06,0.0
1731278100.0,3.988529683354939e-06,3.988529683354939e-06,3.988529683354939e-06,3.988529683354939e-06,0.0
1731278160.0,3.988529683354939e-06,3.988529683354939e-06,3.988529683354939e-06,3.988529683354939e-06,0.0
1731278220.0,3.988529683354939e-06,3.988529683354939e-06,3.988529683354939e-06,3.988529683354939e-06,0.0
1731278280.0,3.988529683354939e-06,3.988529683354939e-06,3.988529683354939e-06,3.988529683354939e-06,0.0
1731278340.0,3.988529683354939e-06,3.988529683354939e-06,3.988529683354939e-06,3.988529683354939e-06,0.0
1731278400.0,3.988529683354939e-06,3.988529683354939e-06,3.988529683354939e-06,3.988529683354939e-06,0.0
1731278460.0,3.988529683354939e-06,3.988529683354939e-06,3.988529683354939e-06,3.988529683354939e-06,0.0
1731278520.0,3.988529683354939e-06,3.988529683354939e-06,3.988529683354939e-06,3.988529683354939e-06,0.0
1731278580.0,3.988529683354939e-06,3.988529683354939e-06,3.988529683354939e-06,3.988529683354939e-06,0.0
1731278640.0,3.988529683354939e-06,3.988529683354939e-06,3.988529683354939e-06,3.988529683354939e-06,0.0
1731278700.0,3.988529683354939e-06,3.988529683354939e-06,3.988529683354939e-06,3.988529683354939e-06,0.0
1731278760.0,3.988529683354939e-06,3.988529683354939e-06,3.988529683354939e-06,3.988529683354939e-06,0.0
1731278820.0,3.988529683354939e-06,3.988529683354939e-06,3.988529683354939e-06,3.988529683354939e-06,0.0
1731278880.0,3.988529683354939e-06,3.988529683354939e-06,3.988529683354939e-06,3.988529683354939e-06,0.0
1731278940.0,3.988529683354939e-06,3.988529683354939e-06,3.988529683354939e-06,3.988529683354939e-06,0.0
1731279000.0,3.988529683354939e-06,3.988529683354939e-06,3.988529683354939e-06,3.988529683354939e-06,0.0
1731279060.0,3.988529683354939e-06,3.988529683354939e-06,3.988529683354939e-06,3.988529683354939e-06,0.0
1731279120.0,3.988529683354939e-06,3.988529683354939e-06,3.988529683354939e-06,3.988529683354939e-06,0.0
1731279180.0,3.988529683354939e-06,3.988529683354939e-06,3.988529683354939e-06,3.988529683354939e-06,0.0
1731279240.0,3.988529683354939e-06,3.988529683354939e-06,3.988529683354939e-06,3.988529683354939e-06,0.0
1731279300.0,3.988529683354939e-06,3.988529683354939e-06,3.988529683354939e-06,3.988529683354939e-06,0.0
1731279360.0,3.988529683354939e-06,3.988529683354939e-06,3.988529683354939e-06,3.988529683354939e-06,0.0
1731279420.0,3.988529683354939e-06,3.988529683354939e-06,3.988529683354939e-06,3.988529683354939e-06,0.0
1731279480.0,3.988529683354939e-06,3.988529683354939e-06,3.988529683354939e-06,3.988529683354939e-06,0.0
1731279540.0,3.988529683354939e-06,3.988529683354939e-06,3.988529683354939e-06,3.988529683354939e-06,0.0
1731279600.0,3.988529683354939e-06,3.988529683354939e-06,3.988529683354939e-06,3.988529683354939e-06,0.0
1731279660.0,3.988529683354939e-06,3.999156958898888e-06,3.988529683354939e-06,3.999156958898888e-06,5.85158631226038
1731279720.0,3.999156958898888e-06,3.999156958898888e-06,3.999156958898888e-06,3.999156958898888e-06,0.0
1731279780.0,3.999156958898888e-06,3.999156958898888e-06,3.999156958898888e-06,3.999156958898888e-06,0.0
1731279840.0,3.999156958898888e-06,3.999156958898888e-06,3.999156958898888e-06,3.999156958898888e-06,0.0
1731279900.0,3.999156958898888e-06,3.999156958898888e-06,3.999156958898888e-06,3.999156958898888e-06,0.0
1731279960.0,3.999156958898888e-06,3.999156958898888e-06,3.999156958898888e-06,3.999156958898888e-06,0.0
1731280020.0,3.999156958898888e-06,3.999156958898888e-06,3.999156958898888e-06,3.999156958898888e-06,0.0
1731280080.0,3.999156958898888e-06,3.999156958898888e-06,3.999156958898888e-06,3.999156958898888e-06,0.0
1731280140.0,3.999156958898888e-06,3.999156958898888e-06,3.999156958898888e-06,3.999156958898888e-06,0.0
1731280200.0,3.999156958898888e-06,3.999156958898888e-06,3.999156958898888e-06,3.999156958898888e-06,0.0
1731280260.0,3.999156958898888e-06,3.999156958898888e-06,3.999156958898888e-06,3.999156958898888e-06,0.0
1731280320.0,3.999156958898888e-06,3.999156958898888e-06,3.999156958898888e-06,3.999156958898888e-06,0.0
1731280380.0,3.999156958898888e-06,3.999156958898888e-06,3.999156958898888e-06,3.999156958898888e-06,0.0
1731280440.0,3.999156958898888e-06,3.999156958898888e-06,3.999156958898888e-06,3.999156958898888e-06,0.0
1731280500.0,3.999156958898888e-06,3.999156958898888e-06,3.999156958898888e-06,3.999156958898888e-06,0.0
1731280560.0,3.999156958898888e-06,3.999156958898888e-06,3.999156958898888e-06,3.999156958898888e-06,0.0
1731280620.0,3.999156958898888e-06,3.999156958898888e-06,3.999156958898888e-06,3.999156958898888e-06,0.0
1731280680.0,3.999156958898888e-06,3.999156958898888e-06,3.999156958898888e-06,3.999156958898888e-06,0.0
1731280740.0,3.999156958898888e-06,3.999156958898888e-06,3.999156958898888e-06,3.999156958898888e-06,0.0
1731280800.0,3.999156958898888e-06,3.999156958898888e-06,3.999156958898888e-06,3.999156958898888e-06,0.0
1731280860.0,3.999156958898888e-06,3.999156958898888e-06,3.999156958898888e-06,3.999156958898888e-06,0.0
1731280920.0,3.999156958898888e-06,3.999156958898888e-06,3.999156958898888e-06,3.999156958898888e-06,0.0
1731280980.0,3.999156958898888e-06,3.999156958898888e-06,3.999156958898888e-06,3.999156958898888e-06,0.0
1731281040.0,3.999156958898888e-06,3.999156958898888e-06,3.999156958898888e-06,3.999156958898888e-06,0.0
1731281100.0,3.999156958898888e-06,3.999156958898888e-06,3.999156958898888e-06,3.999156958898888e-06,0.0
1731281160.0,3.999156958898888e-06,3.999156958898888e-06,3.999156958898888e-06,3.999156958898888e-06,0.0
1731281220.0,3.999156958898888e-06,3.999156958898888e-06,3.999156958898888e-06,3.999156958898888e-06,0.0
1731281280.0,3.999156958898888e-06,3.999156958898888e-06,3.999156958898888e-06,3.999156958898888e-06,0.0
1731281340.0,3.999156958898888e-06,3.999156958898888e-06,3.999156958898888e-06,3.999156958898888e-06,0.0
1731281400.0,3.999156958898888e-06,3.999156958898888e-06,3.999156958898888e-06,3.999156958898888e-06,0.0
1731281460.0,3.999156958898888e-06,3.999156958898888e-06,3.98307004143959e-06,3.98307004143959e-06,3.46600928840472
1731281520.0,3.98307004143959e-06,3.98307004143959e-06,3.98307004143959e-06,3.98307004143959e-06,0.0
1731281580.0,3.98307004143959e-06,3.98307004143959e-06,3.98307004143959e-06,3.98307004143959e-06,0.0
1731281640.0,3.98307004143959e-06,3.98307004143959e-06,3.98307004143959e-06,3.98307004143959e-06,0.0
1731281700.0,3.98307004143959e-06,3.98307004143959e-06,3.98307004143959e-06,3.98307004143959e-06,0.0
1731281760.0,3.98307004143959e-06,3.98307004143959e-06,3.977162782930949e-06,3.977162782930949e-06,1.351035644071211
1731281820.0,3.977162782930949e-06,3.977162782930949e-06,3.977162782930949e-06,3.977162782930949e-06,0.0
1731281880.0,3.977162782930949e-06,3.977162782930949e-06,3.977162782930949e-06,3.977162782930949e-06,0.0
1731281940.0,3.977162782930949e-06,3.977162782930949e-06,3.977162782930949e-06,3.977162782930949e-06,0.0
1731282000.0,3.977162782930949e-06,3.977162782930949e-06,3.977162782930949e-06,3.977162782930949e-06,0.0
1731282060.0,3.977162782930949e-06,3.977162782930949e-06,3.977162782930949e-06,3.977162782930949e-06,0.0
1731282120.0,3.977162782930949e-06,3.977162782930949e-06,3.977162782930949e-06,3.977162782930949e-06,0.0
1731282180.0,3.977162782930949e-06,3.977162782930949e-06,3.977162782930949e-06,3.977162782930949e-06,0.0
1731282240.0,3.977162782930949e-06,3.977162782930949e-06,3.977162782930949e-06,3.977162782930949e-06,0.0
1731282300.0,3.977162782930949e-06,3.977162782930949e-06,3.977162782930949e-06,3.977162782930949e-06,0.0
1731282360.0,3.977162782930949e-06,3.977162782930949e-06,3.9682369974772165e-06,3.9682369974772165e-06,3.968236997477217
1731282420.0,3.9682369974772165e-06,3.9682369974772165e-06,3.9682369974772165e-06,3.9682369974772165e-06,0.0
1731282480.0,3.9682369974772165e-06,3.9682369974772165e-06,3.9682369974772165e-06,3.9682369974772165e-06,0.0
1731282540.0,3.9682369974772165e-06,3.9682369974772165e-06,3.9682369974772165e-06,3.9682369974772165e-06,0.0
1731282600.0,3.9682369974772165e-06,3.9682369974772165e-06,3.9682369974772165e-06,3.9682369974772165e-06,0.0
1731282660.0,3.9682369974772165e-06,3.9682369974772165e-06,3.9682369974772165e-06,3.9682369974772165e-06,0.0
1731282720.0,3.9682369974772165e-06,3.9682369974772165e-06,3.9682369974772165e-06,3.9682369974772165e-06,0.0
1731282780.0,3.9682369974772165e-06,3.9682369974772165e-06,3.9682369974772165e-06,3.9682369974772165e-06,0.0
1731282840.0,3.9682369974772165e-06,3.9682369974772165e-06,3.9682369974772165e-06,3.9682369974772165e-06,0.0
1731282900.0,3.9682369974772165e-06,3.9682369974772165e-06,3.9682369974772165e-06,3.9682369974772165e-06,0.0
1731282960.0,3.9682369974772165e-06,3.9682369974772165e-06,3.9682369974772165e-06,3.9682369974772165e-06,0.0
1731283020.0,3.9682369974772165e-06,3.9682369974772165e-06,3.9682369974772165e-06,3.9682369974772165e-06,0.0
1731283080.0,3.9682369974772165e-06,3.9682369974772165e-06,3.9682369974772165e-06,3.9682369974772165e-06,0.0
1731283140.0,3.9682369974772165e-06,3.9682369974772165e-06,3.9682369974772165e-06,3.9682369974772165e-06,0.0
1731283200.0,3.9682369974772165e-06,3.9682369974772165e-06,3.9682369974772165e-06,3.9682369974772165e-06,0.0
1731283260.0,3.9682369974772165e-06,4.229131823204236e-06,3.9682369974772165e-06,4.229131823204236e-06,210.68032057910895
1731283320.0,4.229131823204236e-06,4.229131823204236e-06,4.229131823204236e-06,4.229131823204236e-06,0.0
1731283380.0,4.229131823204236e-06,4.229131823204236e-06,4.229131823204236e-06,4.229131823204236e-06,0.0
1731283440.0,4.229131823204236e-06,4.229131823204236e-06,4.229131823204236e-06,4.229131823204236e-06,0.0
1731283500.0,4.229131823204236e-06,4.229131823204236e-06,4.229131823204236e-06,4.229131823204236e-06,0.0
1731283560.0,4.229131823204236e-06,4.229131823204236e-06,4.229131823204236e-06,4.229131823204236e-06,0.0
1731283620.0,4.229131823204236e-06,4.229131823204236e-06,4.229131823204236e-06,4.229131823204236e-06,0.0
1731283680.0,4.229131823204236e-06,4.229131823204236e-06,4.229131823204236e-06,4.229131823204236e-06,0.0
1731283740.0,4.229131823204236e-06,4.229131823204236e-06,4.229131823204236e-06,4.229131823204236e-06,0.0
1731283800.0,4.229131823204236e-06,4.229131823204236e-06,4.229131823204236e-06,4.229131823204236e-06,0.0
1731283860.0,4.229131823204236e-06,4.229131823204236e-06,4.229131823204236e-06,4.229131823204236e-06,0.0
1731283920.0,4.229131823204236e-06,4.229131823204236e-06,4.229131823204236e-06,4.229131823204236e-06,0.0
1731283980.0,4.229131823204236e-06,4.229131823204236e-06,4.229131823204236e-06,4.229131823204236e-06,0.0
1731284040.0,4.229131823204236e-06,4.229131823204236e-06,4.229131823204236e-06,4.229131823204236e-06,0.0
1731284100.0,4.229131823204236e-06,4.229131823204236e-06,4.229131823204236e-06,4.229131823204236e-06,0.0
1731284160.0,4.229131823204236e-06,4.229131823204236e-06,4.229131823204236e-06,4.229131823204236e-06,0.0
1731284220.0,4.229131823204236e-06,4.229131823204236e-06,4.229131823204236e-06,4.229131823204236e-06,0.0
1731284280.0,4.229131823204236e-06,4.229131823204236e-06,4.229131823204236e-06,4.229131823204236e-06,0.0
1731284340.0,4.229131823204236e-06,4.229131823204236e-06,4.229131823204236e-06,4.229131823204236e-06,0.0
1731284400.0,4.229131823204236e-06,4.229131823204236e-06,4.229131823204236e-06,4.229131823204236e-06,0.0
1731284460.0,4.229131823204236e-06,4.229131823204236e-06,4.229131823204236e-06,4.229131823204236e-06,0.0
1731284520.0,4.229131823204236e-06,4.229131823204236e-06,4.229131823204236e-06,4.229131823204236e-06,0.0
1731284580.0,4.229131823204236e-06,4.229131823204236e-06,4.229131823204236e-06,4.229131823204236e-06,0.0
1731284640.0,4.229131823204236e-06,4.229131823204236e-06,4.229131823204236e-06,4.229131823204236e-06,0.0
1731284700.0,4.229131823204236e-06,4.229131823204236e-06,4.229131823204236e-06,4.229131823204236e-06,0.0
1731284760.0,4.229131823204236e-06,4.229131823204236e-06,4.229131823204236e-06,4.229131823204236e-06,0.0
1731284820.0,4.229131823204236e-06,4.229131823204236e-06,4.229131823204236e-06,4.229131823204236e-06,0.0
1731284880.0,4.229131823204236e-06,4.229131823204236e-06,4.229131823204236e-06,4.229131823204236e-06,0.0
1731284940.0,4.229131823204236e-06,4.229131823204236e-06,4.229131823204236e-06,4.229131823204236e-06,0.0
1731285000.0,4.229131823204236e-06,4.229131823204236e-06,4.229131823204236e-06,4.229131823204236e-06,0.0
1731285060.0,4.229131823204236e-06,4.229131823204236e-06,4.229131823204236e-06,4.229131823204236e-06,0.0
1731285120.0,4.229131823204236e-06,4.229131823204236e-06,4.229131823204236e-06,4.229131823204236e-06,0.0
1731285180.0,4.229131823204236e-06,4.229131823204236e-06,4.229131823204236e-06,4.229131823204236e-06,0.0
1731285240.0,4.229131823204236e-06,4.229131823204236e-06,4.229131823204236e-06,4.229131823204236e-06,0.0
1731285300.0,4.229131823204236e-06,4.229131823204236e-06,4.229131823204236e-06,4.229131823204236e-06,0.0
1731285360.0,4.229131823204236e-06,4.229131823204236e-06,4.229131823204236e-06,4.229131823204236e-06,0.0
1731285420.0,4.229131823204236e-06,4.229131823204236e-06,4.229131823204236e-06,4.229131823204236e-06,0.0
1731285480.0,4.229131823204236e-06,4.229131823204236e-06,4.229131823204236e-06,4.229131823204236e-06,0.0
1731285540.0,4.229131823204236e-06,4.229131823204236e-06,4.229131823204236e-06,4.229131823204236e-06,0.0
1731285600.0,4.229131823204236e-06,4.229131823204236e-06,4.229131823204236e-06,4.229131823204236e-06,0.0
1731285660.0,4.229131823204236e-06,4.229131823204236e-06,4.229131823204236e-06,4.229131823204236e-06,0.0
1731285720.0,4.229131823204236e-06,4.229131823204236e-06,4.229131823204236e-06,4.229131823204236e-06,0.0
1731285780.0,4.229131823204236e-06,4.229131823204236e-06,4.229131823204236e-06,4.229131823204236e-06,0.0
1731285840.0,4.229131823204236e-06,4.229131823204236e-06,4.229131823204236e-06,4.229131823204236e-06,0.0
1731285900.0,4.229131823204236e-06,4.229131823204236e-06,4.229131823204236e-06,4.229131823204236e-06,0.0
1731285960.0,4.229131823204236e-06,4.229131823204236e-06,4.229131823204236e-06,4.229131823204236e-06,0.0
1731286020.0,4.229131823204236e-06,4.229131823204236e-06,4.229131823204236e-06,4.229131823204236e-06,0.0
1731286080.0,4.229131823204236e-06,4.229131823204236e-06,4.229131823204236e-06,4.229131823204236e-06,0.0
1731286140.0,4.229131823204236e-06,4.229131823204236e-06,4.229131823204236e-06,4.229131823204236e-06,0.0
1731286200.0,4.229131823204236e-06,4.229131823204236e-06,4.229131823204236e-06,4.229131823204236e-06,0.0
1731286260.0,4.229131823204236e-06,4.229131823204236e-06,4.229131823204236e-06,4.229131823204236e-06,0.0
1731286320.0,4.229131823204236e-06,4.229131823204236e-06,4.229131823204236e-06,4.229131823204236e-06,0.0
1731286380.0,4.229131823204236e-06,4.229131823204236e-06,4.229131823204236e-06,4.229131823204236e-06,0.0
1731286440.0,4.229131823204236e-06,4.229131823204236e-06,4.229131823204236e-06,4.229131823204236e-06,0.0
1731286500.0,4.229131823204236e-06,4.229131823204236e-06,4.229131823204236e-06,4.229131823204236e-06,0.0
1731286560.0,4.229131823204236e-06,4.229131823204236e-06,4.229131823204236e-06,4.229131823204236e-06,0.0
1731286620.0,4.229131823204236e-06,4.229131823204236e-06,4.229131823204236e-06,4.229131823204236e-06,0.0
1731286680.0,4.229131823204236e-06,4.229131823204236e-06,4.229131823204236e-06,4.229131823204236e-06,0.0
1731286740.0,4.229131823204236e-06,4.229131823204236e-06,4.229131823204236e-06,4.229131823204236e-06,0.0
1731286800.0,4.229131823204236e-06,4.229131823204236e-06,4.229131823204236e-06,4.229131823204236e-06,0.0
1731286860.0,4.229131823204236e-06,4.229131823204236e-06,4.229131823204236e-06,4.229131823204236e-06,0.0
1731286920.0,4.229131823204236e-06,4.229131823204236e-06,4.229131823204236e-06,4.229131823204236e-06,0.0
1731286980.0,4.229131823204236e-06,4.229131823204236e-06,4.229131823204236e-06,4.229131823204236e-06,0.0
1731287040.0,4.229131823204236e-06,4.229131823204236e-06,4.229131823204236e-06,4.229131823204236e-06,0.0
1731287100.0,4.229131823204236e-06,4.229131823204236e-06,4.229131823204236e-06,4.229131823204236e-06,0.0
1731287160.0,4.229131823204236e-06,4.229131823204236e-06,4.229131823204236e-06,4.229131823204236e-06,0.0
1731287220.0,4.229131823204236e-06,4.229131823204236e-06,4.229131823204236e-06,4.229131823204236e-06,0.0
1731287280.0,4.229131823204236e-06,4.229131823204236e-06,4.229131823204236e-06,4.229131823204236e-06,0.0
1731287340.0,4.229131823204236e-06,4.229131823204236e-06,4.229131823204236e-06,4.229131823204236e-06,0.0
1731287400.0,4.229131823204236e-06,4.229131823204236e-06,4.229131823204236e-06,4.229131823204236e-06,0.0
1731287460.0,4.229131823204236e-06,4.229131823204236e-06,4.229131823204236e-06,4.229131823204236e-06,0.0
1731287520.0,4.229131823204236e-06,4.229131823204236e-06,4.229131823204236e-06,4.229131823204236e-06,0.0
1731287580.0,4.229131823204236e-06,4.229131823204236e-06,4.229131823204236e-06,4.229131823204236e-06,0.0
1731287640.0,4.229131823204236e-06,4.229131823204236e-06,4.229131823204236e-06,4.229131823204236e-06,0.0
1731287700.0,4.229131823204236e-06,4.229131823204236e-06,4.229131823204236e-06,4.229131823204236e-06,0.0
1731287760.0,4.229131823204236e-06,4.229131823204236e-06,4.229131823204236e-06,4.229131823204236e-06,0.0
1731287820.0,4.229131823204236e-06,4.430892277788287e-06,4.229131823204236e-06,4.430892277788287e-06,1.5659484854376815
1731287880.0,4.430892277788287e-06,4.430892277788287e-06,4.430892277788287e-06,4.430892277788287e-06,0.0
1731287940.0,4.430892277788287e-06,4.430892277788287e-06,4.430892277788287e-06,4.430892277788287e-06,0.0
1731288000.0,4.430892277788287e-06,4.430892277788287e-06,4.430892277788287e-06,4.430892277788287e-06,0.0
1731288060.0,4.430892277788287e-06,4.430892277788287e-06,4.430892277788287e-06,4.430892277788287e-06,0.0
1731288120.0,4.430892277788287e-06,4.430892277788287e-06,4.430892277788287e-06,4.430892277788287e-06,0.0
1731288180.0,4.430892277788287e-06,4.430892277788287e-06,4.430892277788287e-06,4.430892277788287e-06,0.0
1731288240.0,4.430892277788287e-06,4.430892277788287e-06,4.430892277788287e-06,4.430892277788287e-06,0.0
1731288300.0,4.430892277788287e-06,4.430892277788287e-06,4.430892277788287e-06,4.430892277788287e-06,0.0
1731288360.0,4.430892277788287e-06,4.430892277788287e-06,4.430892277788287e-06,4.430892277788287e-06,0.0
1731288420.0,4.430892277788287e-06,4.430892277788287e-06,4.430892277788287e-06,4.430892277788287e-06,0.0
1731288480.0,4.430892277788287e-06,4.430892277788287e-06,4.430892277788287e-06,4.430892277788287e-06,0.0
1731288540.0,4.430892277788287e-06,4.430892277788287e-06,4.430892277788287e-06,4.430892277788287e-06,0.0
1731288600.0,4.430892277788287e-06,4.430892277788287e-06,4.430892277788287e-06,4.430892277788287e-06,0.0
1731288660.0,4.430892277788287e-06,4.430892277788287e-06,4.430892277788287e-06,4.430892277788287e-06,0.0
1731288720.0,4.430892277788287e-06,4.430892277788287e-06,4.430892277788287e-06,4.430892277788287e-06,0.0
1731288780.0,4.430892277788287e-06,4.430892277788287e-06,4.430892277788287e-06,4.430892277788287e-06,0.0
1731288840.0,4.430892277788287e-06,4.430892277788287e-06,4.430892277788287e-06,4.430892277788287e-06,0.0
1731288900.0,4.430892277788287e-06,4.430892277788287e-06,4.430892277788287e-06,4.430892277788287e-06,0.0
1731288960.0,4.430892277788287e-06,4.430892277788287e-06,4.430892277788287e-06,4.430892277788287e-06,0.0
1731289020.0,4.430892277788287e-06,4.430892277788287e-06,4.430892277788287e-06,4.430892277788287e-06,0.0
1731289080.0,4.430892277788287e-06,4.430892277788287e-06,4.430892277788287e-06,4.430892277788287e-06,0.0
1731289140.0,4.430892277788287e-06,4.430892277788287e-06,4.430892277788287e-06,4.430892277788287e-06,0.0
1731289200.0,4.430892277788287e-06,4.430892277788287e-06,4.430892277788287e-06,4.430892277788287e-06,0.0
1731289260.0,4.430892277788287e-06,4.430892277788287e-06,4.430892277788287e-06,4.430892277788287e-06,0.0
1731289320.0,4.430892277788287e-06,4.430892277788287e-06,4.430892277788287e-06,4.430892277788287e-06,0.0
1731289380.0,4.430892277788287e-06,4.430892277788287e-06,4.430892277788287e-06,4.430892277788287e-06,0.0
1731289440.0,4.430892277788287e-06,4.430892277788287e-06,4.430892277788287e-06,4.430892277788287e-06,0.0
1731289500.0,4.430892277788287e-06,4.430892277788287e-06,4.430892277788287e-06,4.430892277788287e-06,0.0
1731289560.0,4.430892277788287e-06,4.430892277788287e-06,4.430892277788287e-06,4.430892277788287e-06,0.0
1731289620.0,4.430892277788287e-06,4.430892277788287e-06,4.430892277788287e-06,4.430892277788287e-06,0.0
1731289680.0,4.430892277788287e-06,4.430892277788287e-06,4.430892277788287e-06,4.430892277788287e-06,0.0
1731289740.0,4.430892277788287e-06,4.430892277788287e-06,4.430892277788287e-06,4.430892277788287e-06,0.0
1731289800.0,4.430892277788287e-06,4.430892277788287e-06,4.430892277788287e-06,4.430892277788287e-06,0.0
1731289860.0,4.430892277788287e-06,4.430892277788287e-06,4.430892277788287e-06,4.430892277788287e-06,0.0
1731289920.0,4.430892277788287e-06,4.430892277788287e-06,4.430892277788287e-06,4.430892277788287e-06,0.0
1731289980.0,4.430892277788287e-06,4.430892277788287e-06,4.430892277788287e-06,4.430892277788287e-06,0.0
1731290040.0,4.430892277788287e-06,4.430892277788287e-06,4.430892277788287e-06,4.430892277788287e-06,0.0
1731290100.0,4.430892277788287e-06,4.430892277788287e-06,4.430892277788287e-06,4.430892277788287e-06,0.0
1731290160.0,4.430892277788287e-06,4.430892277788287e-06,4.430892277788287e-06,4.430892277788287e-06,0.0
1731290220.0,4.430892277788287e-06,4.430892277788287e-06,4.430892277788287e-06,4.430892277788287e-06,0.0
1731290280.0,4.430892277788287e-06,4.430892277788287e-06,4.430892277788287e-06,4.430892277788287e-06,0.0
1731290340.0,4.430892277788287e-06,4.430892277788287e-06,4.430892277788287e-06,4.430892277788287e-06,0.0
1731290400.0,4.430892277788287e-06,4.430892277788287e-06,4.430892277788287e-06,4.430892277788287e-06,0.0
1731290460.0,4.430892277788287e-06,4.430892277788287e-06,4.430892277788287e-06,4.430892277788287e-06,0.0
1731290520.0,4.430892277788287e-06,4.430892277788287e-06,4.430892277788287e-06,4.430892277788287e-06,0.0
1731290580.0,4.430892277788287e-06,4.430892277788287e-06,4.430892277788287e-06,4.430892277788287e-06,0.0
1731290640.0,4.430892277788287e-06,4.430892277788287e-06,4.430892277788287e-06,4.430892277788287e-06,0.0
1731290700.0,4.430892277788287e-06,4.430892277788287e-06,4.430892277788287e-06,4.430892277788287e-06,0.0
1731290760.0,4.430892277788287e-06,4.430892277788287e-06,4.430892277788287e-06,4.430892277788287e-06,0.0
1731290820.0,4.430892277788287e-06,4.430892277788287e-06,4.430892277788287e-06,4.430892277788287e-06,0.0
1731290880.0,4.430892277788287e-06,4.430892277788287e-06,4.430892277788287e-06,4.430892277788287e-06,0.0
1731290940.0,4.430892277788287e-06,4.430892277788287e-06,4.430892277788287e-06,4.430892277788287e-06,0.0
1731291000.0,4.430892277788287e-06,4.430892277788287e-06,4.430892277788287e-06,4.430892277788287e-06,0.0
1731291060.0,4.430892277788287e-06,4.430892277788287e-06,4.430892277788287e-06,4.430892277788287e-06,0.0
1731291120.0,4.430892277788287e-06,4.430892277788287e-06,4.430892277788287e-06,4.430892277788287e-06,0.0
1731291180.0,4.430892277788287e-06,4.430892277788287e-06,4.430892277788287e-06,4.430892277788287e-06,0.0
1731291240.0,4.430892277788287e-06,4.430892277788287e-06,4.430892277788287e-06,4.430892277788287e-06,0.0
1731291300.0,4.430892277788287e-06,4.430892277788287e-06,4.430892277788287e-06,4.430892277788287e-06,0.0
1731291360.0,4.430892277788287e-06,4.430892277788287e-06,4.430892277788287e-06,4.430892277788287e-06,0.0
1731291420.0,4.430892277788287e-06,4.430892277788287e-06,4.430892277788287e-06,4.430892277788287e-06,0.0
1731291480.0,4.430892277788287e-06,4.430892277788287e-06,4.430892277788287e-06,4.430892277788287e-06,0.0
1731291540.0,4.430892277788287e-06,4.430892277788287e-06,4.430892277788287e-06,4.430892277788287e-06,0.0
1731291600.0,4.430892277788287e-06,4.430892277788287e-06,4.430892277788287e-06,4.430892277788287e-06,0.0
1731291660.0,4.430892277788287e-06,4.430892277788287e-06,4.430892277788287e-06,4.430892277788287e-06,0.0
1731291720.0,4.430892277788287e-06,4.430892277788287e-06,4.430892277788287e-06,4.430892277788287e-06,0.0
1731291780.0,4.430892277788287e-06,4.430892277788287e-06,4.430892277788287e-06,4.430892277788287e-06,0.0
1731291840.0,4.430892277788287e-06,4.430892277788287e-06,4.430892277788287e-06,4.430892277788287e-06,0.0
1731291900.0,4.430892277788287e-06,4.430892277788287e-06,4.430892277788287e-06,4.430892277788287e-06,0.0
1731291960.0,4.430892277788287e-06,4.430892277788287e-06,4.430892277788287e-06,4.430892277788287e-06,0.0
1731292020.0,4.430892277788287e-06,4.430892277788287e-06,4.430892277788287e-06,4.430892277788287e-06,0.0
1731292080.0,4.430892277788287e-06,4.430892277788287e-06,4.430892277788287e-06,4.430892277788287e-06,0.0
1731292140.0,4.430892277788287e-06,4.430892277788287e-06,4.430892277788287e-06,4.430892277788287e-06,0.0
1731292200.0,4.430892277788287e-06,4.430892277788287e-06,4.430892277788287e-06,4.430892277788287e-06,0.0
1731292260.0,4.430892277788287e-06,4.430892277788287e-06,4.430892277788287e-06,4.430892277788287e-06,0.0
1731292320.0,4.430892277788287e-06,4.430892277788287e-06,4.430892277788287e-06,4.430892277788287e-06,0.0
1731292380.0,4.430892277788287e-06,4.430892277788287e-06,4.430892277788287e-06,4.430892277788287e-06,0.0
1731292440.0,4.430892277788287e-06,4.430892277788287e-06,4.430892277788287e-06,4.430892277788287e-06,0.0
1731292500.0,4.430892277788287e-06,4.430892277788287e-06,4.430892277788287e-06,4.430892277788287e-06,0.0
1731292560.0,4.430892277788287e-06,4.430892277788287e-06,4.430892277788287e-06,4.430892277788287e-06,0.0
1731292620.0,4.430892277788287e-06,4.430892277788287e-06,4.430892277788287e-06,4.430892277788287e-06,0.0
1731292680.0,4.430892277788287e-06,4.430892277788287e-06,4.430892277788287e-06,4.430892277788287e-06,0.0
1731292740.0,4.430892277788287e-06,4.430892277788287e-06,4.430892277788287e-06,4.430892277788287e-06,0.0
1731292800.0,4.430892277788287e-06,4.430892277788287e-06,4.430892277788287e-06,4.430892277788287e-06,0.0
1731292860.0,4.430892277788287e-06,4.430892277788287e-06,4.430892277788287e-06,4.430892277788287e-06,0.0
1731292920.0,4.430892277788287e-06,4.430892277788287e-06,4.430892277788287e-06,4.430892277788287e-06,0.0
1731292980.0,4.430892277788287e-06,4.430892277788287e-06,4.430892277788287e-06,4.430892277788287e-06,0.0
1731293040.0,4.430892277788287e-06,4.430892277788287e-06,4.430892277788287e-06,4.430892277788287e-06,0.0
1731293100.0,4.430892277788287e-06,4.430892277788287e-06,4.430892277788287e-06,4.430892277788287e-06,0.0
1731293160.0,4.430892277788287e-06,4.430892277788287e-06,4.430892277788287e-06,4.430892277788287e-06,0.0
1731293220.0,4.430892277788287e-06,4.430892277788287e-06,4.430892277788287e-06,4.430892277788287e-06,0.0
1731293280.0,4.430892277788287e-06,4.430892277788287e-06,4.430892277788287e-06,4.430892277788287e-06,0.0
1731293340.0,4.430892277788287e-06,4.430892277788287e-06,4.430892277788287e-06,4.430892277788287e-06,0.0
1731293400.0,4.430892277788287e-06,4.430892277788287e-06,4.430892277788287e-06,4.430892277788287e-06,0.0
1731293460.0,4.430892277788287e-06,4.430892277788287e-06,4.430892277788287e-06,4.430892277788287e-06,0.0
1731293520.0,4.430892277788287e-06,4.430892277788287e-06,4.430892277788287e-06,4.430892277788287e-06,0.0
1731293580.0,4.430892277788287e-06,4.430892277788287e-06,4.430892277788287e-06,4.430892277788287e-06,0.0
1731293640.0,4.430892277788287e-06,4.430892277788287e-06,4.430892277788287e-06,4.430892277788287e-06,0.0
1731293700.0,4.430892277788287e-06,4.430892277788287e-06,4.430892277788287e-06,4.430892277788287e-06,0.0
1731293760.0,4.430892277788287e-06,4.430892277788287e-06,4.430892277788287e-06,4.430892277788287e-06,0.0
1731293820.0,4.430892277788287e-06,4.430892277788287e-06,4.430892277788287e-06,4.430892277788287e-06,0.0
1731293880.0,4.430892277788287e-06,4.430892277788287e-06,4.430892277788287e-06,4.430892277788287e-06,0.0
1731293940.0,4.430892277788287e-06,4.430892277788287e-06,4.430892277788287e-06,4.430892277788287e-06,0.0
1731294000.0,4.430892277788287e-06,4.430892277788287e-06,4.430892277788287e-06,4.430892277788287e-06,0.0
1731294060.0,4.430892277788287e-06,4.430892277788287e-06,4.430892277788287e-06,4.430892277788287e-06,0.0
1731294120.0,4.430892277788287e-06,4.430892277788287e-06,4.430892277788287e-06,4.430892277788287e-06,0.0
1731294180.0,4.430892277788287e-06,4.430892277788287e-06,4.430892277788287e-06,4.430892277788287e-06,0.0
1731294240.0,4.430892277788287e-06,4.430892277788287e-06,4.430892277788287e-06,4.430892277788287e-06,0.0
1731294300.0,4.430892277788287e-06,4.430892277788287e-06,4.430892277788287e-06,4.430892277788287e-06,0.0
1731294360.0,4.430892277788287e-06,4.430892277788287e-06,4.430892277788287e-06,4.430892277788287e-06,0.0
1731294420.0,4.430892277788287e-06,4.430892277788287e-06,4.430892277788287e-06,4.430892277788287e-06,0.0
1731294480.0,4.430892277788287e-06,4.430892277788287e-06,4.430892277788287e-06,4.430892277788287e-06,0.0
1731294540.0,4.430892277788287e-06,4.430892277788287e-06,4.430892277788287e-06,4.430892277788287e-06,0.0
1731294600.0,4.430892277788287e-06,4.430892277788287e-06,4.430892277788287e-06,4.430892277788287e-06,0.0
1731294660.0,4.430892277788287e-06,4.430892277788287e-06,4.430892277788287e-06,4.430892277788287e-06,0.0
1731294720.0,4.430892277788287e-06,4.430892277788287e-06,4.430892277788287e-06,4.430892277788287e-06,0.0
1731294780.0,4.430892277788287e-06,4.430892277788287e-06,4.430892277788287e-06,4.430892277788287e-06,0.0
1731294840.0,4.430892277788287e-06,4.430892277788287e-06,4.430892277788287e-06,4.430892277788287e-06,0.0
1731294900.0,4.430892277788287e-06,4.430892277788287e-06,4.430892277788287e-06,4.430892277788287e-06,0.0
1731294960.0,4.430892277788287e-06,4.430892277788287e-06,4.430892277788287e-06,4.430892277788287e-06,0.0
1731295020.0,4.430892277788287e-06,4.430892277788287e-06,4.430892277788287e-06,4.430892277788287e-06,0.0
1731295080.0,4.430892277788287e-06,4.430892277788287e-06,4.430892277788287e-06,4.430892277788287e-06,0.0
1731295140.0,4.430892277788287e-06,4.430892277788287e-06,4.430892277788287e-06,4.430892277788287e-06,0.0
1731295200.0,4.430892277788287e-06,4.430892277788287e-06,4.430892277788287e-06,4.430892277788287e-06,0.0
1731295260.0,4.430892277788287e-06,4.430892277788287e-06,4.430892277788287e-06,4.430892277788287e-06,0.0
1731295320.0,4.430892277788287e-06,4.430892277788287e-06,4.430892277788287e-06,4.430892277788287e-06,0.0
1731295380.0,4.430892277788287e-06,4.430892277788287e-06,4.430892277788287e-06,4.430892277788287e-06,0.0
1731295440.0,4.430892277788287e-06,4.430892277788287e-06,4.430892277788287e-06,4.430892277788287e-06,0.0
1731295500.0,4.430892277788287e-06,4.430892277788287e-06,4.430892277788287e-06,4.430892277788287e-06,0.0
1731295560.0,4.430892277788287e-06,4.430892277788287e-06,4.430892277788287e-06,4.430892277788287e-06,0.0
1731295620.0,4.430892277788287e-06,4.430892277788287e-06,4.430892277788287e-06,4.430892277788287e-06,0.0
1731295680.0,4.430892277788287e-06,4.430892277788287e-06,4.430892277788287e-06,4.430892277788287e-06,0.0
1731295740.0,4.430892277788287e-06,4.430892277788287e-06,4.430892277788287e-06,4.430892277788287e-06,0.0
1731295800.0,4.430892277788287e-06,4.430892277788287e-06,4.430892277788287e-06,4.430892277788287e-06,0.0
1731295860.0,4.430892277788287e-06,4.430892277788287e-06,4.430892277788287e-06,4.430892277788287e-06,0.0
1731295920.0,4.430892277788287e-06,4.430892277788287e-06,4.430892277788287e-06,4.430892277788287e-06,0.0
1731295980.0,4.430892277788287e-06,4.430892277788287e-06,4.430892277788287e-06,4.430892277788287e-06,0.0
1731296040.0,4.430892277788287e-06,4.430892277788287e-06,4.430892277788287e-06,4.430892277788287e-06,0.0
1731296100.0,4.430892277788287e-06,4.430892277788287e-06,4.411733899314643e-06,4.411733899314643e-06,0.4246879443119066
1731296160.0,4.411733899314643e-06,4.411733899314643e-06,4.411733899314643e-06,4.411733899314643e-06,0.0
