0,1,2,3,4,5
1737290700.0,0.0001078548795263,0.0004323652071262,0.0001049230310225,0.0001079125414272,76716.46700148871
1737290760.0,0.0001079125414272,0.0001163078339481,0.0001029680048042,0.0001117631214376,3155.29739845974
1737290820.0,0.0001117631214376,0.0001278745043902,0.0001117631214376,0.0001278745043902,1961.19104868652
1737290880.0,0.0001278745043902,0.0001373277083891,0.0001278745043902,0.0001373277083891,841.89393805456
1737290940.0,0.0001373277083891,0.0001389644321763,0.0001366428170703,0.0001366428170703,589.20652456147
1737291000.0,0.0001366428170703,0.0001370921677661,0.0001349945031198,0.0001367612712355,830.99746709715
1737291060.0,0.0001367612712355,0.0001367612712355,0.0001349706296235,0.0001349706296235,124.45992063912
1737291120.0,0.0001349706296235,0.0001355815370079,0.0001315168570702,0.0001315168570702,1141.18415053681
1737291180.0,0.0001315168570702,0.0001334609352693,0.0001303233402521,0.0001324007342551,773.49041337949
1737291240.0,0.0001324007342551,0.0001324007342551,0.0001289694932325,0.0001289694932325,310.42274867042
1737291300.0,0.0001289694932325,0.0001300103720532,0.0001267004026578,0.0001286153603279,662.21012455249
1737291360.0,0.0001286153603279,0.0001286153603279,0.0001248227778162,0.0001248227778162,364.85726542991
1737291420.0,0.0001248227778162,0.0001440866868111,0.0001177816592355,0.0001440866868111,3362.54394756162
1737291480.0,0.0001440866868111,0.000163063152354,0.0001440866868111,0.000163063152354,1393.83400606576
1737291540.0,0.000163063152354,0.0001685370357632,0.000163063152354,0.0001685370357632,468.2352146
1737291600.0,0.0001685370357632,0.0001723280652574,0.0001685370357632,0.000172168223733,454.4908099229
1737291660.0,0.000172168223733,0.0002170973342333,0.0001714975489218,0.0001714975489218,7317.73200544378
1737291720.0,0.0001714975489218,0.0001833047585302,0.0001714975489218,0.0001833047585302,1336.2213152629
1737291780.0,0.0001833047585302,0.0002271663410424,0.0001833047585302,0.0002267974736028,3150.00881150654
1737291840.0,0.0002267974736028,0.0002336912609475,0.0002259737688645,0.000230225302425,1032.31715817889
1737291900.0,0.000230225302425,0.0002327687130785,0.0002111085213509,0.0002289551492808,33135.07807392052
1737291960.0,0.0002289551492808,0.0002338305388497,0.0002175922531137,0.0002267758244349,34169.90883141822
1737292020.0,0.0002267758244349,0.0002354232761071,0.0002223485727236,0.0002246202370861,28554.96636115663
1737292080.0,0.0002246202370861,0.0002473566757432,0.0002246202370861,0.0002390392935683,34322.54875095846
1737292140.0,0.0002390392935683,0.0002612177285216,0.0002390392935683,0.0002580260443939,29000.50629488244
1737292200.0,0.0002580260443939,0.000268203701279,0.0002476224658935,0.0002566453210886,34800.93617368318
1737292260.0,0.0002566453210886,0.0002686372720795,0.0002485050350965,0.0002498548065539,32216.23086822396
1737292320.0,0.0002498548065539,0.0003872741989306,0.0002498548065539,0.0003218024615095,49850.98662426145
1737292380.0,0.0003218024615095,0.0003574449085498,0.0003193746223535,0.0003302935442434,47032.11808172471
1737292440.0,0.0003302935442434,0.0003376651455939,0.0002838440810959,0.0002982565618098,33662.18541385521
1737292500.0,0.0002982565618098,0.0003884315122315,0.0002982565618098,0.000367604146549,19502.60122576773
1737292560.0,0.000367604146549,0.0003866777147919,0.0003367945714709,0.0003794557545031,45034.4426989609
1737292620.0,0.0003794557545031,0.0004206475963451,0.0003695122821357,0.0003856924567493,49319.97318629415
1737292680.0,0.0003856924567493,0.0004289783173787,0.0003856924567493,0.0004124481923849,30840.21138366212
1737292740.0,0.0004124481923849,0.0005092813068102,0.0004054564301723,0.0005091634483142,24705.98400817995
1737292800.0,0.0005091634483142,0.0005783501666519,0.0004335687018036,0.0005099666015168,83903.07399608022
1737292860.0,0.0005099666015168,0.0007004854860037,0.0004883742076439,0.0005361088550344,51073.73830850011
1737292920.0,0.0005361088550344,0.000665837597285,0.0005261378333345,0.0006616279207097,55869.71716336297
1737292980.0,0.0006616279207097,0.0006808430972468,0.000541900703746,0.0006470753108902,49999.12076602308
1737293040.0,0.0006470753108902,0.0006810514884711,0.0005491950586384,0.0005560154434764,54179.8050823785
1737293100.0,0.0005560154434764,0.0006462118688749,0.0005477441143984,0.0006207265880541,39132.78620950972
1737293160.0,0.0006207265880541,0.0006849030985086,0.000491490446258,0.0004934155246639,50303.60997095261
1737293220.0,0.0004934155246639,0.0005600358482764,0.0004476667426449,0.0005560123455388,37199.75206060539
1737293280.0,0.0005560123455388,0.0005972768271038,0.0005412038548079,0.0005543052404013,38580.80074662332
1737293340.0,0.0005543052404013,0.0005764268458357,0.0005362951937154,0.0005474805599735,35501.38021262937
1737293400.0,0.0005474805599735,0.000607099168406,0.0005457499030853,0.0005919973514339,29283.69091738359
1737293460.0,0.0005919973514339,0.000616557358835,0.0005874018812839,0.0005978538682169,37212.75463576913
1737293520.0,0.0005978538682169,0.0006513393231596,0.0005912519672788,0.0006241585277491,24695.84192322305
1737293580.0,0.0006241585277491,0.0006570128716669,0.0005768652628265,0.0006104689356385,39445.06650760884
1737293640.0,0.0006104689356385,0.0006507066124083,0.0005844522318362,0.0005844522318362,33323.98534735843
1737293700.0,0.0005844522318362,0.0006300476027067,0.000584161061729,0.0006082952200964,20761.91764611894
1737293760.0,0.0006082952200964,0.000635720755875,0.000511275902009,0.000554674332695,42150.44601835546
1737293820.0,0.000554674332695,0.0006293432512204,0.0004963094608267,0.0005549204294488,34455.16990617984
1737293880.0,0.0005549204294488,0.0006232894343867,0.0005425797213135,0.0005791254917606,26912.67133359834
1737293940.0,0.0005791254917606,0.0005963295943438,0.000575625357728,0.0005800488488466,22217.99875590529
1737294000.0,0.0005800488488466,0.0006148258883054,0.000541218163309,0.0005810023379198,36705.49588801701
1737294060.0,0.0005810023379198,0.0006207556109624,0.0005689412984556,0.0006131033119323,21430.53421191017
1737294120.0,0.0006131033119323,0.0006383157848338,0.0006007212367053,0.0006383157848338,15626.2657514328
1737294180.0,0.0006383157848338,0.0006687820036822,0.0005808256817072,0.0005861129667638,27333.26325321339
1737294240.0,0.0005861129667638,0.0005900248032381,0.0005619511674789,0.0005826867719292,17968.23864346234
1737294300.0,0.0005826867719292,0.0007795874143848,0.0005818446472265,0.0006353554524231,32931.89737006003
1737294360.0,0.0006353554524231,0.0008982034160963,0.0006180134616365,0.0008927137172313,27266.77943213223
1737294420.0,0.0008927137172313,0.0009539443408131,0.000719820667378,0.000784226885243,47368.79027868286
1737294480.0,0.000784226885243,0.000784226885243,0.0006798741600759,0.000754998068282,33143.44906226577
1737294540.0,0.000754998068282,0.0008455414611532,0.0007194929934551,0.0008238994500642,23570.28026643008
1737294600.0,0.0008238994500642,0.0009250782358048,0.0007163803658509,0.0007379204181532,39384.17181378791
1737294660.0,0.0007379204181532,0.0009414700832346,0.0007204536058577,0.0008505844548336,64006.70997392238
1737294720.0,0.0008505844548336,0.0008731797516272,0.0007004609899237,0.0008731797516272,50632.84511416845
1737294780.0,0.0008731797516272,0.0009193895486159,0.0008647658348777,0.0008977744745677,35624.80270836189
1737294840.0,0.0008977744745677,0.0009517455936189,0.0007776509991421,0.0008252875972703,47397.02429656649
1737294900.0,0.0008252875972703,0.0008847061273988,0.0007756428540283,0.000857339450168,33131.49029229248
1737294960.0,0.000857339450168,0.0008811182355355,0.0008194117483084,0.0008291936934298,35664.8361561245
1737295020.0,0.0008291936934298,0.0008845689313635,0.0007987059193784,0.0008428318750464,36875.80764418867
1737295080.0,0.0008428318750464,0.0008866612629045,0.0008372356120961,0.0008820116033459,20581.49198602979
1737295140.0,0.0008820116033459,0.0009543206705424,0.0008626502139098,0.0008874573475947,41763.34230294843
1737295200.0,0.0008874573475947,0.0009425081778502,0.000873038514118,0.0009079170972523,27714.57488571753
1737295260.0,0.0009079170972523,0.0009713848057195,0.0008769072661833,0.0009034639044618,46804.80721133147
1737295320.0,0.0009034639044618,0.0010676579786365,0.0009034639044618,0.0010018880251689,45849.21349997952
1737295380.0,0.0010018880251689,0.0011085800372589,0.0009504353398043,0.0010844538096352,27655.35295273
1737295440.0,0.0010844538096352,0.0011660455279638,0.0010681503854807,0.0011269470114597,42753.03618371965
1737295500.0,0.0011269470114597,0.0012009900997639,0.0009604196551316,0.0010269889444074,71852.38220711041
1737295560.0,0.0010269889444074,0.0010852359094628,0.0009797804262893,0.0010195892644132,37977.78124217359
1737295620.0,0.0010195892644132,0.0010263869592536,0.0009729764960505,0.0010093055003846,24280.1557317329
1737295680.0,0.0010093055003846,0.0010193805663315,0.0009830209188358,0.0010039925286162,27017.80843154784
1737295740.0,0.0010039925286162,0.0011297754282135,0.0009539245937647,0.0009718024325038,58228.27035808133
1737295800.0,0.0009718024325038,0.0010608582890192,0.0009282018112484,0.0009605934444453,41490.81843283473
1737295860.0,0.0009605934444453,0.0009738418696472,0.000708284105715,0.0007158840091601,31124.62611967591
1737295920.0,0.0007158840091601,0.0007408464232047,0.0006109746768553,0.0006361214236278,32125.78506879916
1737295980.0,0.0006361214236278,0.0007060412545245,0.0006194364105056,0.0006310532613771,24826.39020742555
1737296040.0,0.0006310532613771,0.000882564522047,0.0006310532613771,0.0007453079598256,43651.86231836098
1737296100.0,0.0007453079598256,0.0008089799505449,0.0007314484609493,0.0008089799505449,23568.12916796152
1737296160.0,0.0008089799505449,0.0008341184727844,0.0007647116485312,0.0008047528867969,31527.74927525111
1737296220.0,0.0008047528867969,0.0008047528867969,0.0007444994805581,0.0007612168023824,25883.17801111333
1737296280.0,0.0007612168023824,0.0007808252761383,0.0007180774357256,0.0007230714698289,32823.8472719592
1737296340.0,0.0007230714698289,0.000753907886785,0.0006570783293,0.0006709927465388,30020.98026147773
1737296400.0,0.0006709927465388,0.0013723,0.0006339694627706,0.0006511306547267,50205.11708797526
1737296460.0,0.0006511306547267,0.0007318143486664,0.0006186101147455,0.000694818438649,37765.72482867545
1737296520.0,0.000694818438649,0.000713259439177,0.000666975989589,0.0006921715908202,21421.49480054506
1737296580.0,0.0006921715908202,0.0007685557909298,0.0006705235281258,0.000716003216008,32844.52790089566
1737296640.0,0.000716003216008,0.0007567536166036,0.0007069525177012,0.0007371935258711,23488.1172453708
1737296700.0,0.0007371935258711,0.0007690734491622,0.000733450663165,0.0007390078444774,31529.24471142165
1737296760.0,0.0007390078444774,0.0008459217855755,0.0007228668969752,0.0007276120055967,42450.23132627083
1737296820.0,0.0007276120055967,0.0007806646410525,0.0006242065703619,0.0006834068075708,53001.0951561211
1737296880.0,0.0006834068075708,0.0007491052878687,0.0006790108210418,0.0007373246300742,25197.94126602788
1737296940.0,0.0007373246300742,0.0008209144359446,0.0007069266661558,0.0007599411238593,47925.96421946887
1737297000.0,0.0007599411238593,0.0008382876366435,0.0007579509739471,0.0007851238163642,30786.45859480069
1737297060.0,0.0007851238163642,0.0008826894993047,0.0007791697741949,0.0008424042293876,41460.44661433829
1737297120.0,0.0008424042293876,0.0008697440927001,0.0007937276986315,0.0008387328443256,32181.60632820493
1737297180.0,0.0008387328443256,0.0008719507563306,0.0008280154237597,0.0008655069322861,31068.1965277938
1737297240.0,0.0008655069322861,0.0008842500499351,0.0008447633355786,0.0008643394564196,30149.80683000523
1737297300.0,0.0008643394564196,0.0008717823274449,0.0006917041318165,0.0007162908231475,27207.82184233565
1737297360.0,0.0007162908231475,0.0007952256197914,0.0007053236893594,0.0007205967905905,35496.9559570939
1737297420.0,0.0007205967905905,0.0007397524492643,0.0006824754653475,0.0006824754653475,28071.61790931296
1737297480.0,0.0006824754653475,0.000788270068077,0.0006824754653475,0.0007221530701297,44260.24791354975
1737297540.0,0.0007221530701297,0.0008013143833821,0.0007014207485373,0.0007145351320023,21855.44721704778
1737297600.0,0.0007145351320023,0.0008072948001357,0.0006954630363888,0.0007361608658487,36846.94102415827
1737297660.0,0.0007361608658487,0.000768368274406,0.000684591193483,0.0007338396557955,31844.0116952861
1737297720.0,0.0007338396557955,0.0007803363647764,0.0007120498838202,0.0007137338677903,29227.86062589857
1737297780.0,0.0007137338677903,0.0008263223779474,0.0006950358471881,0.0007142862193319,35762.61052135141
1737297840.0,0.0007142862193319,0.0007654573783494,0.0007142862193319,0.00073173990654,29285.59336867489
1737297900.0,0.00073173990654,0.0007508718478073,0.0006458806848589,0.0006620672714065,26229.74625267393
1737297960.0,0.0006620672714065,0.0007901932850702,0.0006588483500668,0.0007765734350784,30813.14552691913
1737298020.0,0.0007765734350784,0.0008630148793023,0.0007695592654792,0.0007816610094604,36529.3669684787
1737298080.0,0.0007816610094604,0.0008238717779346,0.0007763725481098,0.000801474196743,29475.44353685056
1737298140.0,0.000801474196743,0.0009097152861519,0.0007839845274685,0.0008794193094789,41785.77644706005
1737298200.0,0.0008794193094789,0.0009471122429306,0.0008794193094789,0.0009249581584432,39245.63956376332
1737298260.0,0.0009249581584432,0.0009815837907739,0.0009249581584432,0.0009755090064838,19520.7465047307
1737298320.0,0.0009755090064838,0.0013497728818144,0.0008595908419976,0.0009085306473217,77633.01576564045
1737298380.0,0.0009085306473217,0.0009379696384883,0.0008466292560055,0.0009147092993873,33012.01914969755
1737298440.0,0.0009147092993873,0.000950201886343,0.0009146035483811,0.0009200610152098,26076.2520509095
1737298500.0,0.0009200610152098,0.0009600537531306,0.0009128254126326,0.0009223667927849,27069.81404051175
1737298560.0,0.0009223667927849,0.0011416534011979,0.0009223667927849,0.0010194682453506,51009.67409704011
1737298620.0,0.0010194682453506,0.0011481210604543,0.0009994492429126,0.0010813955213047,56583.03653150853
1737298680.0,0.0010813955213047,0.0011040599856712,0.0010340659656198,0.0010542316957642,29423.22540444639
1737298740.0,0.0010542316957642,0.0011803806126896,0.0010498852392133,0.0011074843943914,34673.35677845736
1737298800.0,0.0011074843943914,0.001256905019219,0.0011032546197953,0.0012245967706763,34342.17642192538
1737298860.0,0.0012245967706763,0.0013004369725186,0.0011572420172353,0.0012886352183271,43294.02265727666
1737298920.0,0.0012886352183271,0.0013358536461774,0.0010845493705638,0.0010845493705638,52648.6053178702
1737298980.0,0.0010845493705638,0.0012968560653501,0.0010532320990365,0.0011298393231392,51955.40222364539
1737299040.0,0.0011298393231392,0.0013065817544477,0.0011298393231392,0.0011804904795088,47039.67204807451
1737299100.0,0.0011804904795088,0.0012583013421502,0.0010680181617363,0.0011743629980752,55580.45113352343
1737299160.0,0.0011743629980752,0.0012055333071101,0.0011258415502235,0.0011952405882273,27906.98885291897
1737299220.0,0.0011952405882273,0.0012670594347026,0.0011952405882273,0.0012519080249212,37171.47271046437
1737299280.0,0.0012519080249212,0.0016394101545283,0.0011879090725442,0.0012759762823466,61133.67564890642
1737299340.0,0.0012759762823466,0.0014167206419119,0.0012075904488614,0.0013852245075778,55524.62368185831
1737299400.0,0.0013852245075778,0.0014518026942767,0.0013178468369407,0.0013807961119431,48225.05294545169
1737299460.0,0.0013807961119431,0.0014109390037538,0.0011477218745058,0.0012192805473717,48162.26051826682
1737299520.0,0.0012192805473717,0.0013224651695859,0.0012192805473717,0.0013110399795488,32202.0070538709
1737299580.0,0.0013110399795488,0.0013908132700304,0.0013015498199578,0.001363025408271,37474.88341117967
1737299640.0,0.001363025408271,0.0014311039674705,0.0013580824299876,0.0014060466147917,31918.59031896542
1737299700.0,0.0014060466147917,0.0015535008829621,0.0013191953781678,0.0015014432530421,51681.21548442911
1737299760.0,0.0015014432530421,0.001525246274925,0.0012727236457603,0.0014374798085419,51585.73468794969
1737299820.0,0.0014374798085419,0.001733088877614,0.0014234306598896,0.0016436297866916,38830.51887949468
1737299880.0,0.0016436297866916,0.0017276054993393,0.0013997764333309,0.0016696370456161,55934.11944270964
1737299940.0,0.0016696370456161,0.0019860080688862,0.0014904106539881,0.0014929755181747,72390.69815499421
1737300000.0,0.0014929755181747,0.0020144631711688,0.0014929755181747,0.0019305219905704,54122.58230508039
1737300060.0,0.0019305219905704,0.0021096530459388,0.0017295459934881,0.0019183543958644,93327.43190710236
1737300120.0,0.0019183543958644,0.0021148339059353,0.0018007399457786,0.0019198042852776,72304.55395637853
1737300180.0,0.0019198042852776,0.0021942451229178,0.001669720263254,0.0019917188378302,88877.48487922935
1737300240.0,0.0019917188378302,0.0025494049315964,0.0016427972683999,0.0018754798111164,115195.70439455812
1737300300.0,0.0018754798111164,0.0019417439874452,0.0015837168761013,0.0016539056647913,61576.94308043808
1737300360.0,0.0016539056647913,0.0017119111897309,0.0013976736491283,0.0014225508012526,78755.2510603651
1737300420.0,0.0014225508012526,0.0017353210238095,0.0011694990286888,0.0012226198534501,98111.30559698625
1737300480.0,0.0012226198534501,0.0013993052463107,0.0011519730025615,0.0013631704746093,54578.82668503434
1737300540.0,0.0013631704746093,0.0014041757825223,0.0012858092211726,0.001364988796246,39451.00832551533
1737300600.0,0.001364988796246,0.0016780394263858,0.0013565358038813,0.0014698873143072,42623.27430534996
1737300660.0,0.0014698873143072,0.0015678931681081,0.0013602020120655,0.0014097663158313,60623.72498723921
1737300720.0,0.0014097663158313,0.0014635150827851,0.0013404951532895,0.0013954280982486,35262.44174252309
1737300780.0,0.0013954280982486,0.0015221894197809,0.0013291341513547,0.0014567732975138,48629.6364466465
1737300840.0,0.0014567732975138,0.0014970482623586,0.0013787919153429,0.001467472477011,44689.12826752438
1737300900.0,0.001467472477011,0.0017004793543577,0.0014613282547982,0.0015962590998095,48920.96053203478
1737300960.0,0.0015962590998095,0.0016959758407022,0.0015631193644217,0.0016458612133314,47555.52270583782
1737301020.0,0.0016458612133314,0.0017167620377827,0.0016285993188234,0.0016925457156092,32967.68918970528
1737301080.0,0.0016925457156092,0.0017669075627834,0.0015119066671625,0.0015629949997003,43343.70515107575
1737301140.0,0.0015629949997003,0.001780132068903,0.001457500664366,0.0016762870494297,37548.74515284519
1737301200.0,0.0016762870494297,0.0016762870494297,0.0015125834453656,0.0015823152724881,30565.63040228199
1737301260.0,0.0015823152724881,0.0017818962668654,0.0014530391494415,0.0017406121226693,36291.25661467959
1737301320.0,0.0017406121226693,0.0021538500524622,0.0016223707793711,0.0016483644488374,56718.79942509453
1737301380.0,0.0016483644488374,0.0017603272608502,0.001593276462056,0.0016188980556029,40289.63645720805
1737301440.0,0.0016188980556029,0.0016729805023627,0.001611369298382,0.0016308928948626,30079.34494785247
1737301500.0,0.0016308928948626,0.0017729140529489,0.0014664677313524,0.0015647046867914,51733.5556455607
1737301560.0,0.0015647046867914,0.0015775104296362,0.0013741049623859,0.0014889363425392,36720.58723334131
1737301620.0,0.0014889363425392,0.0015013029822105,0.0014264369741582,0.0014291716021862,21960.90341837714
1737301680.0,0.0014291716021862,0.0014568439223455,0.0012632111677607,0.0014120044037921,40033.66785287105
1737301740.0,0.0014120044037921,0.0014965565857123,0.0014060436851219,0.0014412525799254,27510.9808232897
1737301800.0,0.0014412525799254,0.0014553143394612,0.0013711578636792,0.0013791098051247,37187.89884565746
1737301860.0,0.0013791098051247,0.0014454724680377,0.001335979106218,0.0013492399216276,31096.29334894331
1737301920.0,0.0013492399216276,0.0013764357708868,0.0012310061718049,0.0012490680559451,40327.589959163
1737301980.0,0.0012490680559451,0.0013435727125704,0.00118243542988,0.001272208053444,52658.29530336687
1737302040.0,0.001272208053444,0.0012832060180505,0.0012429811104371,0.0012804257364963,25562.1811196867
1737302100.0,0.0012804257364963,0.0012957134967537,0.0012233113162904,0.0012233113162904,28072.18141831227
1737302160.0,0.0012233113162904,0.0014058845749121,0.0011586000364366,0.001189138413308,41616.44511143133
1737302220.0,0.001189138413308,0.0013421448595101,0.0011728717602107,0.001193637539897,45233.53127798971
1737302280.0,0.001193637539897,0.0013396024985386,0.0011622589626163,0.0012297299958858,33423.27608845571
1737302340.0,0.0012297299958858,0.0012861341216193,0.0012198339708752,0.0012415096583493,14705.69191007823
1737302400.0,0.0012415096583493,0.0013298627948029,0.0012415096583493,0.0013036499437132,12449.08768132605
1737302460.0,0.0013036499437132,0.0014248977929978,0.0012972401455429,0.0014248977929978,10001.99026344927
1737302520.0,0.0014248977929978,0.0019760973645051,0.0014248977929978,0.0015934948145114,28196.7140725174
1737302580.0,0.0015934948145114,0.0016257197402277,0.0014927748168998,0.001538681519414,13723.5940304149
1737302640.0,0.001538681519414,0.00168123174101,0.0014620750843016,0.0016501930718215,28156.22341207703
1737302700.0,0.0016501930718215,0.001809507456578,0.001650160935605,0.0017863228892764,38587.39054093433
1737302760.0,0.0017863228892764,0.0019151585761484,0.0017747546254559,0.0018421294910215,45025.50876187431
1737302820.0,0.0018421294910215,0.0019168710241921,0.0018258722942154,0.0018508373797949,33196.45613455929
1737302880.0,0.0018508373797949,0.0018808361444502,0.0015692113902715,0.001643457108119,62208.81917915263
1737302940.0,0.001643457108119,0.0017807886907565,0.001643457108119,0.001752225417866,40258.6530253997
1737303000.0,0.001752225417866,0.0018092271844543,0.0015781114940986,0.0017412019876913,42025.43899699463
1737303060.0,0.0017412019876913,0.0018527463757171,0.0017165133051125,0.00180222487224,34680.88983375603
1737303120.0,0.00180222487224,0.0018404175525667,0.001743307875425,0.0018329798998099,36995.84567146553
1737303180.0,0.0018329798998099,0.0019246253027987,0.0017971678124809,0.0018498788640976,32341.54096912045
1737303240.0,0.0018498788640976,0.0020144398169302,0.0018163967488153,0.001980301199767,45231.85457206816
1737303300.0,0.001980301199767,0.002025629502336,0.0017365225589083,0.00190014689309,49066.18391800973
1737303360.0,0.00190014689309,0.0019756439070681,0.001890331507182,0.0019220107248174,29795.24986443
1737303420.0,0.0019220107248174,0.0019696325350305,0.0018402692741368,0.0019549376183705,37251.36973698802
1737303480.0,0.0019549376183705,0.0019755540548313,0.0016695962804841,0.001893716889124,53526.91941268087
1737303540.0,0.001893716889124,0.0019970194930696,0.0018817601438832,0.001956005780578,34885.75353686731
1737303600.0,0.001956005780578,0.0021117829358305,0.0019085877181147,0.002085878323469,37094.6992195982
1737303660.0,0.002085878323469,0.0026342995817032,0.0020315652656547,0.0024092258342125,58177.86986741457
1737303720.0,0.0024092258342125,0.0024572762502925,0.0020407073592221,0.0022998214231259,80763.57237460966
1737303780.0,0.0022998214231259,0.0025493779502523,0.0022307877263658,0.0024963616354155,53005.85128833176
1737303840.0,0.0024963616354155,0.0028174884941543,0.0022606567289329,0.00253297929763,96086.1224860211
1737303900.0,0.00253297929763,0.002820318190242,0.0021159571317192,0.0023601018225182,89934.23579108936
1737303960.0,0.0023601018225182,0.0032401945921423,0.0022476413091922,0.0025868844624689,156398.6627697645
1737304020.0,0.0025868844624689,0.0027437608732198,0.002208261853733,0.0025563988881173,86931.67493854139
1737304080.0,0.0025563988881173,0.0026431229659114,0.0023395029651693,0.0025908652922597,51708.93362276637
1737304140.0,0.0025908652922597,0.0026389564616114,0.0020885396472803,0.0021651042301435,44642.1625753042
1737304200.0,0.0021651042301435,0.0024541843531783,0.002137106761723,0.0022890166959418,40898.78451656074
1737304260.0,0.0022890166959418,0.0030056767197589,0.002181844980328,0.0024582340500271,103889.9448347862
1737304320.0,0.0024582340500271,0.0025661054059627,0.0023607452360174,0.0024902943575295,46232.93783412273
1737304380.0,0.0024902943575295,0.0029398699269388,0.0024719594851375,0.0029331343570665,59688.03896220749
1737304440.0,0.0029331343570665,0.0029759597586013,0.0024029156532934,0.0026034208379293,86256.39713038801
1737304500.0,0.0026034208379293,0.0028006310249719,0.0024249423010802,0.0025306826100328,46302.43075631659
1737304560.0,0.0025306826100328,0.0027593546420734,0.0024507493027375,0.0027040940759653,36007.56708665507
1737304620.0,0.0027040940759653,0.002765153240705,0.0026495306224633,0.0027212307489915,28217.02264934433
1737304680.0,0.0027212307489915,0.0028239963135861,0.0025320352360536,0.0026957575449078,44121.82074626788
1737304740.0,0.0026957575449078,0.0027517677322453,0.0024558421291243,0.0026336778000532,38666.66856967728
1737304800.0,0.0026336778000532,0.0028462529383545,0.0020317353063658,0.0021928736071606,112548.50344923323
1737304860.0,0.0021928736071606,0.0024668209606582,0.0021211073213848,0.0022785936796688,65076.47615328543
1737304920.0,0.0022785936796688,0.0023172082842483,0.0021164168193367,0.002162712825492,50965.42694458153
1737304980.0,0.002162712825492,0.002162712825492,0.002089901305279,0.0021279256591541,27965.48535133768
1737305040.0,0.0021279256591541,0.0021279256591541,0.0016973860878809,0.001927394334123,70402.3251565609
1737305100.0,0.001927394334123,0.0019668713430448,0.0014486388918866,0.001662162699548,82732.20021613444
1737305160.0,0.001662162699548,0.0017581795791918,0.0014582947583252,0.0016533900217195,65360.6325074281
1737305220.0,0.0016533900217195,0.0018802153067766,0.0016365752966647,0.0018466019266046,40780.84739634501
1737305280.0,0.0018466019266046,0.0018917124576426,0.0015729299947653,0.0017354452140802,58808.13535763364
1737305340.0,0.0017354452140802,0.0018310704499454,0.0017102909285111,0.0017347003967844,38925.03621277042
1737305400.0,0.0017347003967844,0.0017645604604649,0.0016873327590052,0.0016995646713515,31028.94542545989
1737305460.0,0.0016995646713515,0.0019250081621332,0.0016417131417881,0.0016747186274414,59799.39686362909
1737305520.0,0.0016747186274414,0.0019359890647579,0.0016560160222788,0.001746835612124,70689.04272206395
1737305580.0,0.001746835612124,0.0017985995033564,0.0017282673665686,0.0017953165185064,43073.42227414653
1737305640.0,0.0017953165185064,0.0019199132131451,0.0017794755992845,0.0018647308730049,42092.57940044343
1737305700.0,0.0018647308730049,0.001960469875089,0.0018642375031236,0.0019433521293005,36367.21443992593
1737305760.0,0.0019433521293005,0.0019771504520191,0.0019182982559792,0.0019356666796423,38060.39471941504
1737305820.0,0.0019356666796423,0.00196625975757,0.0016861336157785,0.0018461905742853,53176.51353094524
1737305880.0,0.0018461905742853,0.0020600703310639,0.0018213773105202,0.0018823747473214,34243.48868525966
1737305940.0,0.0018823747473214,0.0020961089692292,0.0018715643148774,0.001944963653949,41810.55083297876
1737306000.0,0.001944963653949,0.0019853692935373,0.0019054551746794,0.0019295161786283,35567.75390924671
1737306060.0,0.0019295161786283,0.0021488954019593,0.0018763143446648,0.0019882132467763,45395.70002197032
1737306120.0,0.0019882132467763,0.0020432337276224,0.0019291605118402,0.0019815735386129,37100.728361058
1737306180.0,0.0019815735386129,0.0021092329269099,0.0019815735386129,0.0021092329269099,11540.76514546507
1737306240.0,0.0021092329269099,0.0021847323426733,0.0020999904743492,0.002137334281193,7445.19282715146
1737306300.0,0.002137334281193,0.0022920242097433,0.0021333146128379,0.0022920242097433,8279.74802645901
1737306360.0,0.0022920242097433,0.0023441274712325,0.0020447127326474,0.0022078324573375,19497.11156878543
1737306420.0,0.0022078324573375,0.0023139590646165,0.0022078324573375,0.0022630023717268,18542.16448116311
1737306480.0,0.0022630023717268,0.0022933883114448,0.0022058227924173,0.0022384013305871,10895.3125147921
1737306540.0,0.0022384013305871,0.0033431358254394,0.0018737050895023,0.0018799611771566,88623.65923925376
1737306600.0,0.0018799611771566,0.0020916301748464,0.0018699226839291,0.0020054687743204,31165.05133686141
1737306660.0,0.0020054687743204,0.0020667444239118,0.0019760723020041,0.0020452939098802,26350.02965405613
1737306720.0,0.0020452939098802,0.0023124930789342,0.0020388012431423,0.0023124930789342,25453.69553787856
1737306780.0,0.0023124930789342,0.0023690765062201,0.0022930317738794,0.0023496028115739,18505.06972883042
1737306840.0,0.0023496028115739,0.0023496028115739,0.0020495964833346,0.0021325286459419,34488.70121747942
1737306900.0,0.0021325286459419,0.0021535181713522,0.002068074574817,0.0020730742646592,31606.77749549784
1737306960.0,0.0020730742646592,0.0021129520301587,0.0019012985728891,0.0019100982678146,29848.41991091712
1737307020.0,0.0019100982678146,0.0021535047500903,0.0018773838444037,0.0020244415509557,49506.66372795015
1737307080.0,0.0020244415509557,0.0021859706882653,0.0020244051974065,0.0021403698581709,25209.6063350065
1737307140.0,0.0021403698581709,0.0021673040514226,0.0020741075614599,0.002104282782912,38012.20401822438
1737307200.0,0.002104282782912,0.0021352645109684,0.0018814956697228,0.0019447155916079,32800.68039372168
1737307260.0,0.0019447155916079,0.0019689184797577,0.0017143693072387,0.0017389906733564,33644.95511879144
1737307320.0,0.0017389906733564,0.0019244090637515,0.0016362114152118,0.0017155518926285,49421.50205825456
1737307380.0,0.0017155518926285,0.0018242066254979,0.001701382455414,0.0017137502813724,44406.87775073767
1737307440.0,0.0017137502813724,0.0020256569378492,0.0017113304964763,0.001805183710907,56167.70673153811
1737307500.0,0.001805183710907,0.0019825098912361,0.0017371991214013,0.0018092182281042,48142.26665999975
1737307560.0,0.0018092182281042,0.0018190789876443,0.0017424348121755,0.0017713561930052,29456.98518886848
1737307620.0,0.0017713561930052,0.0019816514165706,0.0017482854321196,0.0017870749066855,39149.21220090339
1737307680.0,0.0017870749066855,0.0019826037754926,0.0017267802471532,0.0018440018396892,51393.39775186807
1737307740.0,0.0018440018396892,0.0018954154007592,0.0018153093944659,0.0018632031217269,20274.5992730036
1737307800.0,0.0018632031217269,0.0019790912436165,0.0018534120553061,0.0019623371366687,30731.0954290393
1737307860.0,0.0019623371366687,0.0019840790385849,0.0019238181003286,0.0019677636318093,30554.21226333664
1737307920.0,0.0019677636318093,0.0021922194482979,0.001931762530639,0.0020499502038601,41564.30889686106
1737307980.0,0.0020499502038601,0.002104622092444,0.0020294528667414,0.0020737619254222,27449.00618211978
1737308040.0,0.0020737619254222,0.0021930241495885,0.0020616341165654,0.0021718670171233,38053.50961143887
1737308100.0,0.0021718670171233,0.0024234896573088,0.002145571168026,0.0022105301091769,50141.04318837744
1737308160.0,0.0022105301091769,0.0023288987068616,0.0021827061297736,0.0022812109554188,29270.74128634549
1737308220.0,0.0022812109554188,0.0025178527601813,0.0022047561557349,0.0022533867686334,57076.27825719479
1737308280.0,0.0022533867686334,0.0025148545809597,0.0022423996134559,0.0023284648809804,38508.14395876096
1737308340.0,0.0023284648809804,0.0023406806250278,0.0022772667486755,0.002303123353299,23050.53878434977
1737308400.0,0.002303123353299,0.0023439133020845,0.0022877013603529,0.0023165374616935,8552.67476477808
1737308460.0,0.0023165374616935,0.0023165374616935,0.0019471479120232,0.0021433530617972,48683.98617992574
1737308520.0,0.0021433530617972,0.0022079499652786,0.0021320320693657,0.0021656265418214,23310.35406601531
1737308580.0,0.0021656265418214,0.002184088078538,0.0018023809844803,0.0018702458158672,42658.64323797635
1737308640.0,0.0018702458158672,0.0018764456627865,0.00180654056281,0.0018157746750525,17723.69529413189
1737308700.0,0.0018157746750525,0.0018296885089917,0.0017678448575409,0.0017860118083037,21227.92540424572
1737308760.0,0.0017860118083037,0.0017860118083037,0.0015111032001392,0.0015275024512355,22876.43392800133
1737308820.0,0.0015275024512355,0.0015366009204413,0.0013383539222144,0.0013658596352587,28330.79270409406
1737308880.0,0.0013658596352587,0.0013734795498839,0.0012567629156792,0.0012568077694659,17417.61059106077
1737308940.0,0.0012568077694659,0.0013019762761524,0.0011708703206472,0.0011708703206472,34023.14838964895
1737309000.0,0.0011708703206472,0.0011793628059231,0.0009495305697012,0.0009495305697012,37175.02492001891
1737309060.0,0.0009495305697012,0.0009563441815564,0.0006007231017867,0.0006425615523094,43489.16803054325
1737309120.0,0.0006425615523094,0.0007544906713685,0.0006070592184564,0.0007544906713685,31875.18840867383
1737309180.0,0.0007544906713685,0.0009188342773897,0.0007392809191013,0.0009080441931109,41813.52615446947
1737309240.0,0.0009080441931109,0.0013389445344669,0.0009064038086216,0.000953857843972,65683.73992915334
1737309300.0,0.000953857843972,0.0010066469516879,0.0008764965119071,0.0008816992682643,20801.91883983362
1737309360.0,0.0008816992682643,0.0012245756416663,0.0007977799263166,0.0008258589963739,52135.69220434955
1737309420.0,0.0008258589963739,0.0008756171930206,0.0007198387798605,0.0007263931231556,28883.0419888369
1737309480.0,0.0007263931231556,0.0008101277620746,0.0007077113558167,0.000786338570936,25980.73340735015
1737309540.0,0.000786338570936,0.0008325239805518,0.0007818846808339,0.0008021375830478,15419.5507881759
1737309600.0,0.0008021375830478,0.0008094556785252,0.000696406711523,0.000696406711523,13971.67798423326
1737309660.0,0.000696406711523,0.000786210991145,0.0006030379672834,0.0006438139839522,40013.46025944044
1737309720.0,0.0006438139839522,0.0007190795845802,0.0005706801533438,0.000687924277818,39164.72169282941
1737309780.0,0.000687924277818,0.0007621048203584,0.000636117867284,0.0007417794795706,20735.03031888426
1737309840.0,0.0007417794795706,0.0011551130960419,0.0007083424299969,0.0007653851156708,48856.8868798333
1737309900.0,0.0007653851156708,0.000814690890371,0.000751879321781,0.0007885368927817,15437.17205522806
1737309960.0,0.0007885368927817,0.0007885368927817,0.0007085182870398,0.0007225904811198,23294.12452516031
1737310020.0,0.0007225904811198,0.0007264113207674,0.0006817903153166,0.0006827635526209,8078.40283283054
1737310080.0,0.0006827635526209,0.0007204109680593,0.0006802142816779,0.0007110110589167,6784.71733030546
1737310140.0,0.0007110110589167,0.000731493977557,0.0007024332235293,0.000727821884233,9456.65570533175
1737310200.0,0.000727821884233,0.0007747233500863,0.0007240407188081,0.0007676535681833,5581.1014645062
1737310260.0,0.0007676535681833,0.0007826794383081,0.0007481899563548,0.0007515496791071,6629.27065156452
1737310320.0,0.0007515496791071,0.0009236282452831,0.0007511570816806,0.0008305778646006,17309.9747015459
1737310380.0,0.0008305778646006,0.0009413476051658,0.0008225625610364,0.0009189106355499,26083.8733568081
1737310440.0,0.0009189106355499,0.0009406469218733,0.0009008370134792,0.0009225081556555,4402.37207268799
1737310500.0,0.0009225081556555,0.001014549623951,0.000897848932142,0.0009991697790877,17647.4030461516
1737310560.0,0.0009991697790877,0.0010620495960197,0.0008945816105207,0.0010419224479697,22439.01119999994
1737310620.0,0.0010419224479697,0.0010680236762602,0.0009185391078685,0.0010425409115343,20045.13498694359
1737310680.0,0.0010425409115343,0.0011097705316552,0.0010093012806681,0.0010408309582864,39479.31006792876
1737310740.0,0.0010408309582864,0.0011085975390845,0.0009567233958918,0.0010120742856847,51606.61763574002
1737310800.0,0.0010120742856847,0.0010179098353918,0.0008526176230823,0.0009255322906106,56876.77487093877
1737310860.0,0.0009255322906106,0.0012380248230711,0.0009207846387522,0.0011731274201789,48000.42983613764
1737310920.0,0.0011731274201789,0.0012449697593037,0.0010332426414838,0.0011255945614285,23886.19491367723
1737310980.0,0.0011255945614285,0.0012389621282748,0.0011070118963065,0.0012297158654484,29172.25779088055
1737311040.0,0.0012297158654484,0.0012581359092827,0.0011296717785437,0.0012392977784831,39312.25083594429
1737311100.0,0.0012392977784831,0.0012621168546056,0.0011400923992992,0.0012177772230204,45981.06165137921
1737311160.0,0.0012177772230204,0.0012265501988874,0.0010640463904379,0.0011242566101979,44576.52135455739
1737311220.0,0.0011242566101979,0.001165008008583,0.0010135830594431,0.001140819566769,34854.96765624458
1737311280.0,0.001140819566769,0.0011490538283972,0.0010276584018223,0.0010341627415523,19821.91879447192
1737311340.0,0.0010341627415523,0.0010468333376909,0.0008234483316594,0.0008689732987871,34419.81777530318
1737311400.0,0.0008689732987871,0.0009161654802122,0.000855284797494,0.0009108623540399,20662.54284829576
1737311460.0,0.0009108623540399,0.0009219759493938,0.0008455785199808,0.0008531481339687,25820.71755185732
1737311520.0,0.0008531481339687,0.0008741944402711,0.0008419807017369,0.0008563556895957,17879.39949935551
1737311580.0,0.0008563556895957,0.0008563556895957,0.0007614363246333,0.0007614363246333,26226.48725892142
1737311640.0,0.0007614363246333,0.0007722190788427,0.0007028384337374,0.000712859236068,19418.77546642521
1737311700.0,0.000712859236068,0.0007811969205235,0.0006947376986992,0.0007811969205235,25322.9667443882
1737311760.0,0.0007811969205235,0.000806932280998,0.0007683484606355,0.000806932280998,13381.68721595865
1737311820.0,0.000806932280998,0.0008356807376785,0.0008028712653295,0.0008246779645679,14429.82610168385
1737311880.0,0.0008246779645679,0.0008480098300488,0.0007526784799756,0.0008000140706793,21104.07272260232
1737311940.0,0.0008000140706793,0.0008094461207962,0.0007671103261804,0.0007953945371425,14068.53890653292
1737312000.0,0.0007953945371425,0.0008290756549126,0.0007906094788414,0.0007906232695548,12509.21505447771
1737312060.0,0.0007906232695548,0.0007960979483156,0.0007749125257159,0.000778856437813,10496.50492209468
1737312120.0,0.000778856437813,0.0007913469639899,0.000711431178569,0.0007225250453169,24157.36620599742
1737312180.0,0.0007225250453169,0.000749608134312,0.0007137162185442,0.0007278522703306,29557.55298040974
1737312240.0,0.0007278522703306,0.0007485567307769,0.0007054786154549,0.0007327493561067,36714.68027617246
1737312300.0,0.0007327493561067,0.0007531798117726,0.0007128822498819,0.0007202804688183,31799.41057584904
1737312360.0,0.0007202804688183,0.000752377885431,0.0006591871864937,0.0006969340854651,41767.38635154347
1737312420.0,0.0006969340854651,0.0007876530169512,0.0006852808139709,0.0007275959482302,40972.25377041552
1737312480.0,0.0007275959482302,0.000734531672686,0.0007106884835933,0.0007106884835933,8263.31182498085
1737312540.0,0.0007106884835933,0.0007299631848523,0.000686217759251,0.0006971359579436,5113.69448618639
1737312600.0,0.0006971359579436,0.0007960740843764,0.0006971359579436,0.0007347410643909,11784.0110941006
1737312660.0,0.0007347410643909,0.0007408904925974,0.0007299916420658,0.0007408904925974,638.2755834957
1737312720.0,0.0007408904925974,0.0007446439047597,0.0007342004493289,0.0007366201679654,1316.95289964129
1737312780.0,0.0007366201679654,0.0007412562482486,0.0007115316593057,0.0007160664228114,9469.21481456185
1737312840.0,0.0007160664228114,0.0007260437495446,0.0007046788322841,0.000707560850561,5767.62351360502
1737312900.0,0.000707560850561,0.0007812802476702,0.0006724069814891,0.0006991104412908,32136.69889343725
1737312960.0,0.0006991104412908,0.000782341079671,0.0006991104412908,0.0007149078808597,28083.92515757909
1737313020.0,0.0007149078808597,0.000732566361296,0.0007149078808597,0.0007219255526369,28675.94582510583
1737313080.0,0.0007219255526369,0.0007423326145247,0.000713522979418,0.0007385927424507,22132.76828261145
1737313140.0,0.0007385927424507,0.0007776793837375,0.0007330847021578,0.000769694621846,20091.76687923641
1737313200.0,0.000769694621846,0.0008061442936411,0.0007635466660355,0.0008037130360596,16151.90260713878
1737313260.0,0.0008037130360596,0.000829909602179,0.0007738548960653,0.0008178274466822,16407.96670327396
1737313320.0,0.0008178274466822,0.0008459055218388,0.0007777715402139,0.0008165770506695,19018.12697179673
1737313380.0,0.0008165770506695,0.0008217731884374,0.0007689529449541,0.0007759337141094,14331.56184778203
1737313440.0,0.0007759337141094,0.0008464972898445,0.00077574804432,0.0008345350134227,14639.49839229766
1737313500.0,0.0008345350134227,0.0008501430776303,0.0007721920747219,0.0007848230023236,16958.3579696201
1737313560.0,0.0007848230023236,0.0007962858938871,0.0007781690035445,0.0007828309588688,9425.49115521134
1737313620.0,0.0007828309588688,0.0008616671263248,0.0007568329263773,0.0007804081925577,27547.09477692086
1737313680.0,0.0007804081925577,0.0007918083471638,0.000759782399333,0.0007857211991831,11415.77038597693
1737313740.0,0.0007857211991831,0.0007916369793162,0.0007591865386979,0.0007663470638036,9778.28569668309
1737313800.0,0.0007663470638036,0.0007667824724838,0.0007562261823553,0.00076559706446,8087.49174906271
1737313860.0,0.00076559706446,0.0007661192072345,0.0007126302799887,0.0007217472034902,13571.09944940288
1737313920.0,0.0007217472034902,0.0007282218474514,0.0005898188255663,0.0006419654558125,17089.3074366817
1737313980.0,0.0006419654558125,0.000659800666379,0.000638340903566,0.0006443101526996,7139.09949294623
1737314040.0,0.0006443101526996,0.0006500684729726,0.0006293724440026,0.0006340038164729,5323.16430958904
1737314100.0,0.0006340038164729,0.0006340038164729,0.0006162801479272,0.0006162801479272,3435.14905156721
1737314160.0,0.0006162801479272,0.0006215061623038,0.0003998668664157,0.0004118742787979,29718.07566026804
1737314220.0,0.0004118742787979,0.0004491761382436,0.0004091077692529,0.0004491761382436,10382.92664066896
1737314280.0,0.0004491761382436,0.0004632755502716,0.0004461500082225,0.0004525344007037,6155.435351264
1737314340.0,0.0004525344007037,0.0004525344007037,0.0004224392966474,0.0004224438788334,5993.54908731066
1737314400.0,0.0004224438788334,0.0004597309285715,0.0003965526004723,0.0004339703454023,18291.41089000346
1737314460.0,0.0004339703454023,0.0004420008354795,0.0004196428056783,0.0004352714607196,7548.27232629203
1737314520.0,0.0004352714607196,0.0004521013874767,0.0004294836790798,0.0004369912175915,11895.43624456131
1737314580.0,0.0004369912175915,0.0004615911827259,0.0004369912175915,0.000449536013424,1666.65988709982
1737314640.0,0.000449536013424,0.0004528596559485,0.0004469670414816,0.0004481019228487,917.73852721214
1737314700.0,0.0004481019228487,0.0004504379071944,0.0004337332246477,0.0004376018054107,2817.28691004926
1737314760.0,0.0004376018054107,0.0004376018054107,0.0004177678387127,0.0004186792320234,1787.79621348637
1737314820.0,0.0004186792320234,0.0004210045677083,0.000360357297088,0.0003679395196902,6771.47594841678
1737314880.0,0.0003679395196902,0.0003709969045276,0.0003024649963173,0.000331685156487,15748.96484084106
1737314940.0,0.000331685156487,0.000368749507631,0.0003294875031961,0.0003627798552156,10928.10647467126
1737315000.0,0.0003627798552156,0.0003627798552156,0.0003335615611269,0.0003335615611269,8759.97628221789
1737315060.0,0.0003335615611269,0.0003354755365329,0.0003207584836414,0.0003207584836414,1153.80672315924
1737315120.0,0.0003207584836414,0.0003207584836414,0.0003085147530784,0.0003085147530784,4128.45886370951
1737315180.0,0.0003085147530784,0.0003210036817057,0.0003039935601104,0.0003039935601104,4432.93903708412
1737315240.0,0.0003039935601104,0.0003214861687844,0.0003035884131109,0.0003214861687844,3394.5645460165
1737315300.0,0.0003214861687844,0.0003375761641903,0.0003214861687844,0.000337295187079,4390.87490618766
1737315360.0,0.000337295187079,0.0003423703127274,0.000333476229407,0.0003419261815814,1350.25822177102
1737315420.0,0.0003419261815814,0.000342516996093,0.0003375900543665,0.000337792298002,644.94864832992
1737315480.0,0.000337792298002,0.0003477042191747,0.0003359409775115,0.0003386117498053,2307.80043886113
1737315540.0,0.0003386117498053,0.0003544722725535,0.0003366693029959,0.0003432314676774,8986.2209780426
1737315600.0,0.0003432314676774,0.0003509739852642,0.0003428783860069,0.0003472656140716,2453.26341404219
1737315660.0,0.0003472656140716,0.0003521326603232,0.0003458375345599,0.0003521326603232,744.82122608432
1737315720.0,0.0003521326603232,0.0003797219746895,0.0003521326603232,0.0003628059415935,3336.99680383029
1737315780.0,0.0003628059415935,0.0003646493225731,0.0003317115107098,0.0003317115107098,2923.59771478344
1737315840.0,0.0003317115107098,0.0003406354529281,0.0003297576049212,0.0003406354529281,1420.66414432428
1737315900.0,0.0003406354529281,0.0003472326767779,0.0003366843187404,0.000337237113613,1865.8816224011
1737315960.0,0.000337237113613,0.0003460187181975,0.0003304087680185,0.0003304087680185,3322.40539291526
1737316020.0,0.0003304087680185,0.000336370848581,0.0003186708096728,0.0003186708096728,8098.09249014214
1737316080.0,0.0003186708096728,0.0003238063900669,0.0003141223631237,0.0003197501338785,15288.10859704438
1737316140.0,0.0003197501338785,0.0003252909728566,0.0003162335847655,0.0003202045802266,14661.52331408844
1737316200.0,0.0003202045802266,0.0003322941951337,0.0003182761936266,0.0003283029334239,17258.33368807322
1737316260.0,0.0003283029334239,0.0003314940760749,0.0003225482881824,0.0003299760778119,11666.12592508932
1737316320.0,0.0003299760778119,0.0003339174307329,0.0003235823493866,0.0003256684346662,11132.77464265572
1737316380.0,0.0003256684346662,0.0003329298216494,0.0003241876071736,0.0003271546340012,11448.99721830921
1737316440.0,0.0003271546340012,0.000344975322174,0.0003260859092083,0.000344975322174,14901.46580578876
1737316500.0,0.000344975322174,0.0003774692088607,0.0003418507640689,0.0003760234209249,12997.94171609126
1737316560.0,0.0003760234209249,0.00040020104037,0.0003760234209249,0.0003845116910718,10018.46369996138
1737316620.0,0.0003845116910718,0.0004226310133734,0.0003841946682846,0.0004147478832719,12047.42906721925
1737316680.0,0.0004147478832719,0.0004251156433469,0.0003483786045273,0.0003748830187002,16142.74035881888
1737316740.0,0.0003748830187002,0.0004017027947352,0.0003730164050541,0.0003969531680701,12781.55100500104
1737316800.0,0.0003969531680701,0.0004011215372823,0.0003726391403188,0.0003771781126351,10721.1272629004
1737316860.0,0.0003771781126351,0.0003811549319734,0.0003738085892082,0.0003798253105266,8666.764352389
1737316920.0,0.0003798253105266,0.0003810979538876,0.0003642515296843,0.0003683845328837,9183.93160861663
1737316980.0,0.0003683845328837,0.0003733284766794,0.0003637347931036,0.0003713023208358,7502.41884540341
1737317040.0,0.0003713023208358,0.0003748922314708,0.0003529336640532,0.0003529336640532,10352.76450767268
1737317100.0,0.0003529336640532,0.0003547181031267,0.0003463905430003,0.0003483954739072,5778.80838865497
1737317160.0,0.0003483954739072,0.0003589537427613,0.000336771864093,0.0003367862579898,7622.941689932
1737317220.0,0.0003367862579898,0.000339902903982,0.0003191721062135,0.0003239154283843,7757.65216278716
1737317280.0,0.0003239154283843,0.0003307648462087,0.000320944262352,0.0003295189150661,5004.11347579359
1737317340.0,0.0003295189150661,0.0003433969159675,0.0003288419100654,0.0003421412761587,7347.21270113893
1737317400.0,0.0003421412761587,0.0003479995977497,0.0003403478506968,0.0003449920896293,4527.2178212702
1737317460.0,0.0003449920896293,0.0003491091896831,0.0003436440158014,0.0003462165124486,3951.28292414277
1737317520.0,0.0003462165124486,0.0003462165124486,0.0003316365660493,0.0003333344031134,6087.69508487145
1737317580.0,0.0003333344031134,0.0003351262284936,0.0003297409067126,0.0003307561030125,3450.80849140214
1737317640.0,0.0003307561030125,0.0003307561030125,0.0002873718389355,0.0002993894268937,8475.78906691387
1737317700.0,0.0002993894268937,0.0002993894268937,0.0002756183144879,0.0002756183144879,3303.78649679878
1737317760.0,0.0002756183144879,0.0002782605727837,0.0002538999146102,0.0002561085832742,3885.2498183691
1737317820.0,0.0002561085832742,0.000257984086527,0.0002538313596418,0.0002556356105212,2679.45077431886
1737317880.0,0.0002556356105212,0.0002592075648939,0.00025515442201,0.0002583572652396,1699.23658102221
1737317940.0,0.0002583572652396,0.0002614386884344,0.0002529684614983,0.0002587684685374,3864.17066673325
1737318000.0,0.0002587684685374,0.0002637580658788,0.0002505003708928,0.0002637580658788,4597.58601677072
1737318060.0,0.0002637580658788,0.0002712755755619,0.0002569131282235,0.0002695549552436,6052.79591412053
1737318120.0,0.0002695549552436,0.0002762694676401,0.0002627849289358,0.0002689861841476,5360.13468949776
1737318180.0,0.0002689861841476,0.0002696798505063,0.0002501789476666,0.0002535177192328,5054.26564559034
1737318240.0,0.0002535177192328,0.0002603992114811,0.0002506970938069,0.0002528507212803,5478.3795868453
1737318300.0,0.0002528507212803,0.0002554766441978,0.0002484866444596,0.0002538094772482,3055.94645803742
1737318360.0,0.0002538094772482,0.0002601034473434,0.0002436072301761,0.0002521190920062,8385.46537941493
1737318420.0,0.0002521190920062,0.0002593599658951,0.0002436764794118,0.000254122244776,4307.84582051838
1737318480.0,0.000254122244776,0.0002546825712323,0.0002419527364434,0.0002430434192716,2375.89872516165
1737318540.0,0.0002430434192716,0.0002440555716855,0.0002342229418955,0.0002410714455768,3743.60474128156
1737318600.0,0.0002410714455768,0.0002430432782304,0.0002378708976528,0.0002378708976528,2405.38759247718
1737318660.0,0.0002378708976528,0.0002458941341904,0.0002357214282861,0.0002452662035562,3798.47798037297
1737318720.0,0.0002452662035562,0.0002538507766313,0.0002435846362442,0.0002504000601026,2939.21992311498
1737318780.0,0.0002504000601026,0.0002504000601026,0.0002428679876373,0.0002470050271932,2584.16512081238
1737318840.0,0.0002470050271932,0.0002685364559876,0.0002470050271932,0.0002685364559876,2941.41387638513
1737318900.0,0.0002685364559876,0.0002735245577548,0.0002649312093238,0.0002649312093238,1553.61494895413
1737318960.0,0.0002649312093238,0.0002649312093238,0.0002416133655895,0.0002416133655895,3151.2858352389
1737319020.0,0.0002416133655895,0.0002416133655895,0.0002355074719217,0.0002393072197834,2360.97474380293
1737319080.0,0.0002393072197834,0.000247208687161,0.0002393072197834,0.000247208687161,1041.74393752056
1737319140.0,0.000247208687161,0.000253450945568,0.000244230491692,0.0002450383201564,2770.74777777307
1737319200.0,0.0002450383201564,0.0002551721550283,0.0002450383201564,0.0002494925396755,2229.54447241
1737319260.0,0.0002494925396755,0.000254889831801,0.0002493092522945,0.0002542072724703,1722.65848051742
1737319320.0,0.0002542072724703,0.0002542072724703,0.0002447640317746,0.0002452481684324,1761.31977111754
1737319380.0,0.0002452481684324,0.0002622381015449,0.0002452481684324,0.0002522274012711,3870.15425005334
1737319440.0,0.0002522274012711,0.000271610670046,0.0002522274012711,0.0002656936284838,3466.78145358164
1737319500.0,0.0002656936284838,0.0002724753708333,0.0002630107082296,0.0002685836709911,2468.35631708731
1737319560.0,0.0002685836709911,0.0002948106709982,0.0002685836709911,0.0002936079192338,6036.23506682268
1737319620.0,0.0002936079192338,0.000300858043005,0.0002723298554173,0.0002855232693334,8979.97142722695
1737319680.0,0.0002855232693334,0.0002879000592343,0.0002626032563491,0.0002626032563491,4928.5301484341
1737319740.0,0.0002626032563491,0.0002736862786997,0.0002626032563491,0.0002729798261452,2845.49658211385
1737319800.0,0.0002729798261452,0.000280426619377,0.0002729798261452,0.0002777250287825,1715.11887347233
1737319860.0,0.0002777250287825,0.0002811749239877,0.0002762411756994,0.0002762411756994,1596.6035893486
1737319920.0,0.0002762411756994,0.0002762411756994,0.0002596611965815,0.0002624129000011,3097.36374585804
1737319980.0,0.0002624129000011,0.000284901887307,0.0002543318580437,0.0002732687331055,4219.86384167585
1737320040.0,0.0002732687331055,0.000287956676526,0.0002732687331055,0.0002745337968527,2833.22064807224
1737320100.0,0.0002745337968527,0.0002792722517089,0.0002699555249192,0.0002792722517089,1313.38641898425
1737320160.0,0.0002792722517089,0.0002916325148284,0.0002792722517089,0.0002871199079894,2267.20402698317
1737320220.0,0.0002871199079894,0.0002871199079894,0.0002793610212422,0.0002839643416697,1363.18039352154
1737320280.0,0.0002839643416697,0.0002839643416697,0.0002629587257649,0.0002733665747449,6251.50060296911
1737320340.0,0.0002733665747449,0.0002733665747449,0.0002635678499432,0.0002635678499432,1664.33644192301
1737320400.0,0.0002635678499432,0.0002730253628544,0.0002635678499432,0.0002682779100486,1870.55328908775
1737320460.0,0.0002682779100486,0.0002700984784775,0.0002650385937197,0.0002668234779032,1432.25619222777
1737320520.0,0.0002668234779032,0.0002746272542344,0.000265781836406,0.0002746272542344,2941.62864453822
1737320580.0,0.0002746272542344,0.0002746272542344,0.0002663479482829,0.0002663479482829,1621.19763881753
1737320640.0,0.0002663479482829,0.0002701294045317,0.0002548832561967,0.0002627509015741,5417.7305216484
1737320700.0,0.0002627509015741,0.0002627509015741,0.0002521746849674,0.0002539123929359,1703.98675251188
1737320760.0,0.0002539123929359,0.0002607310630133,0.0002401739607139,0.0002514378106142,6132.93514364292
1737320820.0,0.0002514378106142,0.0002599873768084,0.0002465498266788,0.0002599873768084,5450.28206645395
1737320880.0,0.0002599873768084,0.0002599873768084,0.0002478805016906,0.0002518702127612,2122.93895643946
1737320940.0,0.0002518702127612,0.0002533576012207,0.0002463240519286,0.0002533576012207,1969.81552038446
1737321000.0,0.0002533576012207,0.0002533576012207,0.0002484640946602,0.0002492488699281,1188.89149898351
1737321060.0,0.0002492488699281,0.0002504991284073,0.0002430170710829,0.0002480586935804,884.31914515269
1737321120.0,0.0002480586935804,0.0002524351194488,0.0002359805364077,0.0002418084740556,4428.67110286493
1737321180.0,0.0002418084740556,0.0002490397695003,0.0002403455695389,0.0002408434683842,1975.43266338278
1737321240.0,0.0002408434683842,0.0002439846062482,0.0002369249343257,0.0002415254179886,1623.88553746893
1737321300.0,0.0002415254179886,0.0002428532378942,0.0002340806599487,0.0002368733191978,1943.0940005375
1737321360.0,0.0002368733191978,0.0002417931934571,0.0002350658148486,0.0002350658148486,2178.54772087012
1737321420.0,0.0002350658148486,0.0002350658148486,0.0002301742209384,0.0002302271676496,800.58060425976
1737321480.0,0.0002302271676496,0.0002305069868672,0.0002243657965982,0.0002248801940864,1598.05829986803
1737321540.0,0.0002248801940864,0.0002248801940864,0.0002143894273506,0.0002143894273506,885.58887866621
1737321600.0,0.0002143894273506,0.000218867286559,0.0002115242516777,0.000218867286559,1122.36073157851
1737321660.0,0.000218867286559,0.0002238066821601,0.0002175407488181,0.0002238066821601,1493.51546113221
1737321720.0,0.0002238066821601,0.0002298904976492,0.0002234237785131,0.0002298904976492,574.11963371816
1737321780.0,0.0002298904976492,0.0002352658359051,0.0002298904976492,0.0002324128407929,1219.47204442506
1737321840.0,0.0002324128407929,0.0002327085278225,0.000230182167361,0.0002309380246531,1880.98345249123
1737321900.0,0.0002309380246531,0.0002367651577148,0.0002309380246531,0.0002343928031604,1629.14055050644
1737321960.0,0.0002343928031604,0.0002343928031604,0.000225233358635,0.0002283355966744,1750.56459512722
1737322020.0,0.0002283355966744,0.0002427736562395,0.0002204720413145,0.0002204720413145,4543.06321703523
1737322080.0,0.0002204720413145,0.0002240102841008,0.0002197652126195,0.0002240102841008,1282.79251807217
1737322140.0,0.0002240102841008,0.0002240102841008,0.0002161553459608,0.000216982079547,1041.81043367238
1737322200.0,0.000216982079547,0.0002215293640716,0.0002165354577586,0.0002179976707841,1532.62142312908
1737322260.0,0.0002179976707841,0.0002187693964313,0.0002165878557626,0.0002187693964313,397.04247887784
1737322320.0,0.0002187693964313,0.0002194758204846,0.0002154385212508,0.0002154385212508,1130.47811153996
1737322380.0,0.0002154385212508,0.0002154385212508,0.0002109839808018,0.0002116096918039,1285.74668318127
1737322440.0,0.0002116096918039,0.0002181358415087,0.0002116096918039,0.0002160013065008,640.11432673124
1737322500.0,0.0002160013065008,0.0002185058246718,0.0002147472830514,0.0002147472830514,1093.60471570099
1737322560.0,0.0002147472830514,0.0002147472830514,0.0002095334723556,0.0002095334723556,550.8236875932
1737322620.0,0.0002095334723556,0.0002330032877038,0.0002095334723556,0.0002270717004559,3223.16507436296
1737322680.0,0.0002270717004559,0.0002328460275794,0.0002270717004559,0.0002308426638871,1060.1656050601
1737322740.0,0.0002308426638871,0.0002365665112587,0.0002308426638871,0.000236422241932,406.36257046471
1737322800.0,0.000236422241932,0.000236422241932,0.0002226709089396,0.0002226709089396,1196.65567566223
1737322860.0,0.0002226709089396,0.0002242599724222,0.0002206656599722,0.0002208412605486,1232.33633086084
1737322920.0,0.0002208412605486,0.0002233674167339,0.0002208412605486,0.0002220073209627,569.5943948418
1737322980.0,0.0002220073209627,0.0002269776537652,0.0002220073209627,0.0002269776537652,382.46222641147
1737323040.0,0.0002269776537652,0.0002269776537652,0.0002227262722023,0.00022471988922,464.41768123972
1737323100.0,0.00022471988922,0.0002276187884441,0.00022471988922,0.0002276187884441,343.91180375675
1737323160.0,0.0002276187884441,0.0002276187884441,0.0002202450272517,0.0002202450272517,669.91555325058
1737323220.0,0.0002202450272517,0.0002212281256709,0.0002194446277283,0.0002212281256709,813.88670662504
1737323280.0,0.0002212281256709,0.0002246387675507,0.0002212281256709,0.0002246387675507,438.70903334682
1737323340.0,0.0002246387675507,0.0002246387675507,0.0002224949915241,0.0002224949915241,178.53481893633
1737323400.0,0.0002224949915241,0.0002224949915241,0.0002170426450598,0.0002170426450598,483.99635093783
1737323460.0,0.0002170426450598,0.0002193876782442,0.0002168556174501,0.0002191609126417,743.79427072052
1737323520.0,0.0002191609126417,0.0002193091084746,0.0002178163337453,0.0002178163337453,328.65048602692
1737323580.0,0.0002178163337453,0.0002178163337453,0.000215714082533,0.000215714082533,121.74708600615
1737323640.0,0.000215714082533,0.000215714082533,0.0002148546115315,0.0002149252281182,49.21393464897
1737323700.0,0.0002149252281182,0.0002154886008046,0.0002149252281182,0.0002154886008046,117.07105363572
1737323760.0,0.0002154886008046,0.0002154886008046,0.0002122921931504,0.0002122921931504,170.7291636846
1737323820.0,0.0002122921931504,0.0002122921931504,0.0002090939826034,0.0002090939826034,600.0699959299
1737323880.0,0.0002090939826034,0.0002137216257514,0.0002090939826034,0.0002137216257514,668.16065020212
1737323940.0,0.0002137216257514,0.0002165512425107,0.0002137216257514,0.0002165512425107,77.39015530917
1737324000.0,0.0002165512425107,0.0002165512425107,0.0002145507209895,0.0002145507209895,36.08861277085
1737324060.0,0.0002145507209895,0.0002145507209895,0.000213382167786,0.000213382167786,207.50866056302
1737324120.0,0.000213382167786,0.000213382167786,0.0002133193554804,0.0002133193554804,264.6880794129
1737324180.0,0.0002133193554804,0.0002133193554804,0.0002131894200163,0.0002131894200163,8.19973264658
1737324240.0,0.0002131894200163,0.0002131894200163,0.0002119366743729,0.0002119366743729,262.9724394702
1737324300.0,0.0002119366743729,0.0002119366743729,0.0002104307234188,0.0002104307234188,1.25912043785
1737324360.0,0.0002104307234188,0.0002104472592618,0.0002101213791067,0.0002101213791067,220.6044793126
1737324420.0,0.0002101213791067,0.0002101213791067,0.0002101213791067,0.0002101213791067,0.0
1737324480.0,0.0002101213791067,0.0002101213791067,0.0002083114311491,0.0002083114311491,62.97975317817
1737324540.0,0.0002083114311491,0.0002083114311491,0.0002069786351758,0.0002069786351758,170.90746713855
1737324600.0,0.0002069786351758,0.0002077505710884,0.0002069786351758,0.0002073535360575,223.57212335998
1737324660.0,0.0002073535360575,0.0002073535360575,0.0002067452088812,0.0002067452088812,1.77085812775
1737324720.0,0.0002067452088812,0.00020714021145,0.0002054830131119,0.0002054830131119,105.36568249833
1737324780.0,0.0002054830131119,0.0002054830131119,0.0002033047256609,0.0002033047256609,169.55939784372
1737324840.0,0.0002033047256609,0.0002033047256609,0.0002033047256609,0.0002033047256609,0.0
1737324900.0,0.0002033047256609,0.000205157827007,0.0002033047256609,0.000205157827007,19.6999267872
1737324960.0,0.000205157827007,0.0002066562142764,0.000205157827007,0.0002066562142764,46.01471026495
1737325020.0,0.0002066562142764,0.0002066562142764,0.0002056457298872,0.0002056457298872,109.92521685824
1737325080.0,0.0002056457298872,0.0002059661755324,0.0002056457298872,0.0002059661755324,26.36765061084
1737325140.0,0.0002059661755324,0.0002457882585969,0.0002059661755324,0.000226817773404,6520.47932515518
1737325200.0,0.000226817773404,0.000226817773404,0.000226817773404,0.000226817773404,0.0
1737325260.0,0.000226817773404,0.000226817773404,0.0002081793120149,0.0002081793120149,123.2368198363
1737325320.0,0.0002081793120149,0.0002085218321104,0.0002074990499956,0.0002085218321104,17.11456333507
1737325380.0,0.0002085218321104,0.0002085218321104,0.0002062947637726,0.0002071162869784,88.14821571626
1737325440.0,0.0002071162869784,0.0002071162869784,0.0002071162869784,0.0002071162869784,0.0
1737325500.0,0.0002071162869784,0.0002071162869784,0.0002071162869784,0.0002071162869784,0.0
1737325560.0,0.0002071162869784,0.0002071162869784,0.0002071162869784,0.0002071162869784,0.0
1737325620.0,0.0002071162869784,0.0002081738670347,0.0002071162869784,0.0002081738670347,49.6681458712
1737325680.0,0.0002081738670347,0.0002081738670347,0.0002081738670347,0.0002081738670347,0.0
1737325740.0,0.0002081738670347,0.0002096970701922,0.0002081738670347,0.0002096970701922,50.986896
1737325800.0,0.0002096970701922,0.0002096970701922,0.0002096970701922,0.0002096970701922,0.0
1737325860.0,0.0002096970701922,0.0002096970701922,0.0002096970701922,0.0002096970701922,0.0
1737325920.0,0.0002096970701922,0.0002096970701922,0.0002096970701922,0.0002096970701922,0.0
1737325980.0,0.0002096970701922,0.0002096970701922,0.000207760883752,0.000207760883752,175.19676329619
1737326040.0,0.000207760883752,0.000207760883752,0.000207760883752,0.000207760883752,0.0
1737326100.0,0.000207760883752,0.000207760883752,0.000207760883752,0.000207760883752,0.0
1737326160.0,0.000207760883752,0.000207760883752,0.000207760883752,0.000207760883752,0.0
1737326220.0,0.000207760883752,0.000207760883752,0.000207760883752,0.000207760883752,0.0
1737326280.0,0.000207760883752,0.000207760883752,0.0002053989739425,0.0002053989739425,5.2657743299
1737326340.0,0.0002053989739425,0.0002053989739425,0.0002018303127928,0.0002018303127928,224.53465949285
1737326400.0,0.0002018303127928,0.0002021812725149,0.000201539718079,0.0002021812725149,19.09423403955
1737326460.0,0.0002021812725149,0.0002021812725149,0.0002021812725149,0.0002021812725149,0.0
1737326520.0,0.0002021812725149,0.0002021812725149,0.0002013478767715,0.0002013478767715,9.413823384
1737326580.0,0.0002013478767715,0.0002013478767715,0.0002006037622671,0.0002006037622671,56.648887042
1737326640.0,0.0002006037622671,0.0002006037622671,0.0001993405466754,0.0001993405466754,59.1143255852
