time,open,high,low,close,volume,usd_vol,price_change,vol_change,norm_open,mov_in_min
1735501020.0,9.29046885721712e-05,0.0001184168525569,8.13523879996826e-05,9.90241778350391e-05,16612.42838228201,1.5942022738411765,0.06586846538013094,0.0,1.0,0.39895149670971225
1735501080.0,9.90241778350391e-05,0.0001349118449893,9.25707860621255e-05,0.0001249915737251,9466.17739204963,1.0602864214407977,0.26223288552134283,-0.3349109841086393,1.065868465380131,0.4275830393432702
1735501140.0,0.0001249915737251,0.0001458173444753,0.0001075386743886,0.0001434204124286,9555.03927027508,1.2823435341555673,0.1474406486314945,0.20943125199417495,1.3453742286429682,0.30625000506744654
1735501200.0,0.0001434204124286,0.0001651891613284,0.0001434204124286,0.00016050557927,10059.05522171063,1.5286041669046921,0.11912646569682406,0.19203951686104864,1.543737077566184,0.15178277994868591
1735501260.0,0.00016050557927,0.0001631194019357,0.0001312022664201,0.0001345523165786,8870.12545292049,1.308600276025915,-0.16169695040782237,-0.14392469655782006,1.7276370195817874,0.19885374490259614
1735501320.0,0.0001345523165786,0.0001490552964125,0.000111343280439,0.0001189136539485,7673.56551579908,0.9724938654326503,-0.1162273755499745,-0.2568442149607254,1.448283382103753,0.2802777160025347
1735501380.0,0.0001189136539485,0.0001246896841593,7.04938184135825e-05,7.72187471939774e-05,26019.71412860679,2.5516545045422467,-0.3506317850814687,1.6238258103633876,1.279953205549193,0.4557581400129967
1735501440.0,7.72187471939774e-05,9.21352743679931e-05,7.53628812822204e-05,8.75693e-05,6917.69513212677,0.569976735953227,0.13404196755512593,-0.7766246429763117,0.8311609282667314,0.2172062315857002
1735501500.0,8.75693e-05,9.64566040103241e-05,6.65854354964436e-05,9.19392650825198e-05,9492.92502620345,0.8520306749448614,0.049902934961451234,0.4948516688491303,0.9425713744465489,0.3411146202365498
1735501560.0,9.19392650825198e-05,0.0001087329235942,8.95721132827905e-05,9.10217422276102e-05,6156.27596457639,0.5631792258790194,-0.009979662705440174,-0.33901531665457335,0.9896084524420808,0.20840725988196415
1735501620.0,9.10217422276102e-05,0.0001035296565907,8.97618985152645e-05,0.0001018582760525,2721.54179571696,0.2624655156539856,0.11905434415649632,-0.5339573911940286,0.9797324938762562,0.1512579054025099
1735501680.0,0.0001018582760525,0.0001073044322012,9.50665273458319e-05,9.6068962306589e-05,4447.23417979069,0.4401143897710598,-0.05683695002777252,0.6768465322936855,1.0963739033835025,0.12014639683338454
1735501740.0,9.6068962306589e-05,0.0001065645997444,8.88759812422348e-05,9.34412464472038e-05,5799.50072429465,0.5495322964644259,-0.027352391410237736,0.24861242721530524,1.0340593546251404,0.18412417577401066
1735501800.0,9.34412464472038e-05,0.0001298411055036,8.74113433420532e-05,9.13119490676852e-05,26088.01909815564,2.409922446518854,-0.022787553253815974,3.3854063938075756,1.0057753584160158,0.45407958235574775
1735501860.0,9.13119490676852e-05,0.0001030190428949,9.13119490676852e-05,0.0001029300212256,3262.61818330357,0.31686869211979213,0.12723495967984294,-0.8685149837176251,0.982856198874735,0.12820987775145273
1735501920.0,0.0001029300212256,0.0001231436329698,0.0001029300212256,0.0001122589682281,3970.22464173378,0.4271743142794352,0.09063387815740356,0.34811145721503484,1.1079098677096455,0.1963820807915332
1735501980.0,0.0001122589682281,0.0001188006037688,9.61305062372599e-05,9.62265125926509e-05,6171.36104817248,0.6433195877233464,-0.1428167022065677,0.5059884600236526,1.2083240356690266,0.20194464539774248
1735502040.0,9.62265125926509e-05,9.62265125926509e-05,7.60694733597235e-05,7.6470267940684e-05,2523.2090941563,0.21787504358661264,-0.20530978541849126,-0.6613268929714172,1.0357551816978452,0.2094749013534016
1735502100.0,7.6470267940684e-05,8.58726380383289e-05,7.54496344241599e-05,8.14562499536719e-05,2883.79738270012,0.2277140394813436,0.06520157634147952,0.04515889352338623,0.8231045075973702,0.13630138738697573
1735502160.0,8.14562499536719e-05,8.14562499536719e-05,3.52636621048485e-05,3.69306674129254e-05,7286.49450425715,0.43131281138382827,-0.5466195972202298,0.8940984594810866,0.876772218986496,0.5670846359253631
1735502220.0,3.69306674129254e-05,5.97260180049973e-05,3.69306674129254e-05,4.37944829286874e-05,9598.50591322536,0.3874204164499883,0.1858567958985686,-0.10176464453493779,0.39751134179021047,0.6172471874714544
1735502280.0,4.37944829286874e-05,4.6853690899301e-05,3.78396997046437e-05,3.88873203011967e-05,3500.27421535507,0.14470449196231241,-0.11204979027795028,-0.6264923431545788,0.47139152610867974,0.20582481152557966
1735502340.0,3.88873203011967e-05,6.06018261434163e-05,3.56608099065786e-05,4.36820588518251e-05,11044.26412603337,0.4559590160442831,0.1232982502649031,2.1509665654542047,0.41857220446939924,0.6413662870997614
1735502400.0,4.36820588518251e-05,4.79399714590149e-05,4.3338614842445e-05,4.48274433400817e-05,2794.55664757479,0.12367240886196429,0.02622093642934466,-0.7287641991710213,0.4701814248899994,0.10533744831438152
1735502460.0,4.48274433400817e-05,5.46022658078783e-05,4.48274433400817e-05,5.46022658078783e-05,2011.89656575661,0.10002114518447966,0.21805442691969484,-0.19124123072497723,0.48251002214229877,0.21805442691969484
1735502520.0,5.46022658078783e-05,6.04800577116332e-05,5.41861942327322e-05,6.01228618834398e-05,2444.15481083617,0.14020298638526452,0.1011056225209789,0.40173346472561583,0.5877234685035471,0.11526744148395557
1735502580.0,6.01228618834398e-05,6.7249340358041e-05,5.68539120038522e-05,5.70947019156564e-05,5565.88475797677,0.32620972585827956,-0.050366198030527734,1.3266959875011946,0.6471456156567871,0.17290308592332856
1735502640.0,5.70947019156564e-05,6.07480272000513e-05,5.68472574965078e-05,5.87378066172368e-05,1228.2634979505,0.07113642105349628,0.028778584464941893,-0.7819304103630522,0.6145513514240295,0.06832104508236063
1735502700.0,5.87378066172368e-05,5.88565474679032e-05,5.02678959007102e-05,5.02678959007102e-05,1352.86700628331,0.07373510921663201,-0.14419862102990205,0.036531050123838164,0.6322372693990301,0.14622016145683986
1735502760.0,5.02678959007102e-05,6.04863290311897e-05,4.52859971602189e-05,4.96602229503408e-05,4974.07347447959,0.24852490266582833,-0.012088688803877515,2.3705097246912326,0.5410695269879793,0.3023864754752157
1735502820.0,4.96602229503408e-05,6.12139768159489e-05,4.96602229503408e-05,6.09745215385727e-05,2038.00577549858,0.1127371241196077,0.22783422860477215,-0.5463749390490805,0.5345287058549605,0.23265610138644793
1735502880.0,6.09745215385727e-05,6.09745215385727e-05,5.74891729981575e-05,5.74891729981575e-05,529.18013962716,0.03134431720784806,-0.05716073619717309,-0.7219698705938825,0.6563126412205326,0.05716073619717309
1735502940.0,5.74891729981575e-05,5.74891729981575e-05,5.41478121200654e-05,5.41478121200654e-05,593.40408224841,0.033122921349529225,-0.05812156800723483,0.0567440703808291,0.6187973274728558,0.05812156800723483
1735503000.0,5.41478121200654e-05,5.41478121200654e-05,4.57045207921964e-05,4.57045207921964e-05,1287.54660573102,0.06428226615775325,-0.1559304244675141,0.9407184976051904,0.582831856521447,0.1559304244675141
1735503060.0,4.57045207921964e-05,4.62319631968967e-05,4.14132256040318e-05,4.14132256040318e-05,1377.76213871523,0.06001376629745919,-0.09389213832206497,-0.0664024483800688,0.4919506377408685,0.10543240601458513
1735503120.0,4.14132256040318e-05,4.14132256040318e-05,3.83196675686064e-05,3.83196675686064e-05,1222.90609142149,0.04875292037373909,-0.07469976053070887,-0.18763771411888291,0.4457603404144748,0.07469976053070887
1735503180.0,3.83196675686064e-05,4.03162805900489e-05,3.81841135891441e-05,3.81841135891441e-05,516.8795661261,0.01977162060591209,-0.0035374518638402073,-0.5944525896224643,0.41246214973142625,0.055641583974794004
1735503240.0,3.81841135891441e-05,3.81841135891441e-05,3.67135613031414e-05,3.67135613031414e-05,256.22714345247,0.009595408644441049,-0.038512149367290256,-0.5146878024974929,0.4110030847310953,0.038512149367290256
1735503300.0,3.67135613031414e-05,3.69360167070558e-05,3.38217354631267e-05,3.38217354631267e-05,664.37750289342,0.02343103216570976,-0.07876723851813482,1.4419003956943683,0.3951744725415143,0.08482645467746082
1735503360.0,3.38217354631267e-05,3.38217354631267e-05,2.93506091722209e-05,2.93506091722209e-05,823.98859763884,0.026026645832818784,-0.1321968322938464,0.11077675318578521,0.36404767060655874,0.1321968322938464
1735503420.0,2.93506091722209e-05,3.61006915790845e-05,2.9300174689475e-05,3.61006915790845e-05,1154.70933097244,0.03778861385090791,0.22998099859720345,0.45192023949769417,0.31592172174841804,0.2316993439456753
1735503480.0,3.61006915790845e-05,4.09985007464999e-05,3.46127434526754e-05,3.61040571128197e-05,2078.79587400162,0.07504946683202718,9.322629534187166e-05,0.9860338653365036,0.3885777147946671,0.1768873950748408
1735503540.0,3.61040571128197e-05,3.61040571128197e-05,3.25380543023463e-05,3.25380543023463e-05,587.15607504649,0.020151816360716366,-0.09877014096588037,-0.7314862155407529,0.38861394045546976,0.09877014096588037
1735503600.0,3.25380543023463e-05,3.25380543023463e-05,3.04876084398116e-05,3.17726724001865e-05,730.83579740824,0.023500290615774473,-0.023522669642376585,0.1661624041783931,0.35023048677537677,0.06301685538667402
1735503660.0,3.17726724001865e-05,3.56188885296867e-05,3.17726724001865e-05,3.55913730421255e-05,1568.99752491931,0.05284701028376974,0.12018821060568344,1.2487811384041523,0.3419921307362709,0.1210542217241261
1735503720.0,3.55913730421255e-05,3.82667586873331e-05,3.55913730421255e-05,3.82667586873331e-05,755.20826219158,0.027889135656060618,0.07516949801405655,-0.4722665387066206,0.3830955529706882,0.07516949801405655
1735503780.0,3.82667586873331e-05,4.46900182707584e-05,3.82667586873331e-05,4.3887278243092e-05,2220.0994991073,0.0911950681194397,0.14687733554029442,2.2699137486400374,0.41189265337891223,0.1678548119507049
1735503840.0,4.3887278243092e-05,4.96908980822203e-05,4.365723572001e-05,4.96908980822203e-05,1451.5340185014,0.06791595316275656,0.13223922903083668,-0.25526725772268843,0.4723903488358289,0.13748089660037233
1735503900.0,4.96908980822203e-05,5.58717410866287e-05,4.92074678280161e-05,4.92074678280161e-05,1759.80536227966,0.08702093732476497,-0.00972874858096347,0.2813033355539375,0.534858884367487,0.13411456656681187
1735503960.0,4.92074678280161e-05,4.92074678280161e-05,4.81162510781969e-05,4.81162510781969e-05,225.86379738634,0.010990952363959,-0.022175836270077624,-0.8736976100022871,0.529655376755181,0.022175836270077624
1735504020.0,4.81162510781969e-05,4.81162510781969e-05,4.07948711920156e-05,4.12260945507903e-05,1178.87761541034,0.05266184568513342,-0.1431981164993289,3.791381487360422,0.5179098258406919,0.15216023115106878
1735504080.0,4.12260945507903e-05,4.16619028953628e-05,4.12260945507903e-05,4.16619028953628e-05,45.39464060426,0.00188133542723747,0.010571177049904242,-0.9642751710890266,0.44374611426380933,0.010571177049904242
1735504140.0,4.16619028953628e-05,4.46623669040123e-05,4.16619028953628e-05,4.35343580757833e-05,1751.3624619699,0.07460476668252826,0.04494406280777241,38.65521809796406,0.4484370330028991,0.07201937021900817
1735504200.0,4.35343580757833e-05,5.00237391404495e-05,4.35343580757833e-05,5.00237391404495e-05,1100.54138137266,0.05148227877447523,0.14906343751226753,-0.30993311736297,0.46859161517951253,0.14906343751226753
1735504260.0,5.00237391404495e-05,5.17656614324409e-05,5.00237391404495e-05,5.17656614324409e-05,399.62029940158,0.020338555366422907,0.03482191299416218,-0.6049406543265388,0.5384414921275963,0.03482191299416218
1735504320.0,5.17656614324409e-05,5.21383853064755e-05,4.48593144314364e-05,4.73427072850652e-05,1667.64067549046,0.08263857347740972,-0.08544185517938516,3.063148635120783,0.5571910549189103,0.14061581893508657
1735504380.0,4.73427072850652e-05,5.24957618561808e-05,4.73427072850652e-05,5.24957618561808e-05,563.61194963483,0.028135077120627235,0.10884579413862948,-0.6595406244721986,0.50958361749728,0.10884579413862948
1735504440.0,5.24957618561808e-05,5.68648938430694e-05,4.70894652108125e-05,4.73644817175337e-05,2466.35834132888,0.12314557235258224,-0.0977465600500272,3.37694099165266,0.565049651023807,0.18621367300160346
1735504500.0,4.73644817175337e-05,5.48664157522497e-05,4.69211318084327e-05,5.48664157522497e-05,1519.76303558129,0.07768336953443881,0.15838733503841732,-0.36917448146636617,0.5098179913787615,0.16774772267540217
1735504560.0,5.48664157522497e-05,6.29063491561835e-05,5.48664157522497e-05,5.95973866294591e-05,1515.51366739912,0.08673572846597581,0.08622708103573207,0.1165289171387433,0.5905667043878824,0.14653651589413574
1735504620.0,5.95973866294591e-05,6.36171569468668e-05,5.95973866294591e-05,6.23941802941114e-05,902.0425693081,0.055020793230829285,0.04692812592674728,-0.36565018586991493,0.6414895474641416,0.06744876822200652
1735504680.0,6.23941802941114e-05,6.23941802941114e-05,5.33246872332579e-05,5.38184607822344e-05,1463.70199376401,0.08505033722201431,-0.13744422110288307,0.5457853700000613,0.6715934497282309,0.14535799682121087
1735504740.0,5.38184607822344e-05,5.4095522360553e-05,4.64098141885174e-05,4.64098141885174e-05,1059.46743269127,0.05309429658316854,-0.13765994950495902,-0.37573091045398366,0.5792868111325359,0.14280802647133073
1735504800.0,4.64098141885174e-05,5.24267209509111e-05,4.36395777155297e-05,4.87721512097966e-05,3278.28359450076,0.1560167378288159,0.050901669454726885,1.9384839402557386,0.4995422179631423,0.18933803957257594
1735504860.0,4.87721512097966e-05,6.14221896743211e-05,4.82938174519843e-05,5.04457398559011e-05,3404.24133210313,0.168880822824977,0.03431443158833506,0.08245323658975474,0.5249697508205833,0.26917763306900794
1735504920.0,5.04457398559011e-05,5.04457398559011e-05,4.11841102503384e-05,4.47903312240868e-05,2846.83526527381,0.1355607028383164,-0.11210874591133058,-0.19729960707967753,0.5429837894210615,0.18359587215924808
1735504980.0,4.47903312240868e-05,4.47903312240868e-05,4.41264814403122e-05,4.41297998781401e-05,279.85613523353,0.012442422117364014,-0.014747186008561846,-0.9082151253508612,0.4821105577388843,0.014821274271300868
1735505040.0,4.41297998781401e-05,4.47011288592557e-05,3.96315835891717e-05,3.96315835891717e-05,882.83875165182,0.036973897608455465,-0.10193149077017713,1.9715996820953827,0.47500078366721743,0.11487804803291723
1735505100.0,3.96315835891717e-05,4.04154262975363e-05,2.94511471882242e-05,3.58272112134074e-05,3318.2819949016,0.1251967800751863,-0.09599344843751696,2.386085540696564,0.4265832456710156,0.2766550845651245
1735505160.0,3.58272112134074e-05,3.67895775060585e-05,3.29666454066808e-05,3.32348171574152e-05,1078.78444037823,0.03725152081370166,-0.07235824302791574,-0.7024562389597365,0.3856340488733863,0.10670470767613273
1735505220.0,3.32348171574152e-05,3.39700725801172e-05,3.23600849372756e-05,3.23600849372756e-05,545.52160627581,0.01789171817710011,-0.02631975425038364,-0.5197050271698096,0.35773024664516667,0.048442801271208015
1735505280.0,3.23600849372756e-05,3.25671285565793e-05,2.95030232619964e-05,2.95030232619964e-05,609.92022978727,0.018865780584127363,-0.08828968406038232,0.05444208305683974,0.3483148744655368,0.09468780136152712
1735505340.0,2.95030232619964e-05,2.95030232619964e-05,2.80084445364402e-05,2.80084445364402e-05,191.64282338015,0.005510830032814484,-0.05065849395446209,-0.7078928164016178,0.3175622642454428,0.05065849395446209
1735505400.0,2.80084445364402e-05,3.68281235777395e-05,2.80084445364402e-05,3.00005939096097e-05,3460.28494219572,0.10036390112305953,0.07112674074340787,17.212120592621833,0.3014750382019997,0.3148935682531215
1735505460.0,3.00005939096097e-05,3.01763911387068e-05,2.96525248936113e-05,3.01051163283187e-05,244.9298354175,0.007360840858113874,0.0034840116506999496,-0.9266584820264359,0.32291797508480236,0.01746186247758568
1735505520.0,3.01051163283187e-05,3.02154805179503e-05,2.99596856430304e-05,2.99901145101244e-05,69.88870640453,0.0020999889721902035,-0.003820009095467964,-0.7147080051492513,0.32404302507221827,0.008496724348455137
1735505580.0,2.99901145101244e-05,3.16415145976698e-05,2.99901145101244e-05,3.14413921794706e-05,323.6397574742,0.00994083896314761,0.04839186822231906,3.7337576981557756,0.32280517776911943,0.05506481434033536
1735505640.0,3.14413921794706e-05,3.16806379584943e-05,3.14278871054377e-05,3.15913748087114e-05,65.29343941704,0.0020578130763156304,0.004770228633156106,-0.7929940235482845,0.33842632339320494,0.008038793308320231
1735505700.0,3.15913748087114e-05,3.1672291936536e-05,3.12406653793396e-05,3.12406653793396e-05,136.70067231918,0.004294591068446154,-0.011101429788838898,1.0869684996536795,0.34004069433126893,0.013662797513876456
1735505760.0,3.12406653793396e-05,3.20702011779562e-05,3.12406653793396e-05,3.20702011779562e-05,192.5028562627,0.006093761322373046,0.026553077168618846,0.41893866616219155,0.3362657564378023,0.026553077168618846
1735505820.0,3.20702011779562e-05,3.40731106287841e-05,3.20702011779562e-05,3.40731106287841e-05,306.29843904908,0.010129796579970568,0.06245390977480426,0.6623225039647269,0.3451946470176593,0.06245390977480426
1735505880.0,3.40731106287841e-05,3.50421447177713e-05,3.40731106287841e-05,3.4635369246983e-05,428.81551122222,0.014731630961614341,0.016501534724097718,0.45428694893467875,0.3667534023572456,0.028439848053338258
1735505940.0,3.4635369246983e-05,3.6808891704057e-05,3.40500197667013e-05,3.62652756399457e-05,1010.86635189613,0.03583553812196631,0.0470590159250194,1.4325574144058886,0.3728053963614247,0.07965475747298463
1735506000.0,3.62652756399457e-05,3.62652756399457e-05,3.54879384460359e-05,3.54879384460359e-05,66.17874330822,0.0023742687682679667,-0.02143475212011278,-0.9337454132769782,0.3903492514457301,0.02143475212011278
1735506060.0,3.54879384460359e-05,3.57630189294996e-05,3.46250961140066e-05,3.46250961140066e-05,221.11378353636,0.007751479173393283,-0.024313678669764586,2.2647858898670514,0.3819822120007193,0.03206505830772225
1735506120.0,3.46250961140066e-05,3.46250961140066e-05,3.41848842595415e-05,3.41848842595415e-05,38.35747101417,0.001319688413831989,-0.012713664476645984,-0.82975011809852,0.3726948192405679,0.012713664476645984
1735506180.0,3.41848842595415e-05,3.41848842595415e-05,3.3239590723316e-05,3.33068319230639e-05,170.63656578969,0.005758277334326116,-0.0256853973765473,3.3633612858703246,0.36795650235655913,0.027652383698261552
1735506240.0,3.33068319230639e-05,3.38353688762228e-05,3.33068319230639e-05,3.38353688762228e-05,80.08530252165,0.0026885517314901223,0.015868724902439662,-0.5330979083860399,0.35850539337624643,0.015868724902439662
1735506300.0,3.38353688762228e-05,3.40195636726205e-05,3.38353688762228e-05,3.40195636726205e-05,37.48351219795,0.0012717205959428212,0.005443853651234892,-0.5269867486470221,0.364194416839775,0.005443853651234892
1735506360.0,3.40195636726205e-05,3.40195636726205e-05,3.40195636726205e-05,3.40195636726205e-05,0.0,0.0,0.0,-1.0,0.3661770379456476,0.0
1735506420.0,3.40195636726205e-05,3.40337797706202e-05,3.31857847755454e-05,3.31857847755454e-05,279.55657101405,0.009393848382986833,-0.024508806317999374,inf,0.3661770379456476,0.02492668639831157
1735506480.0,3.31857847755454e-05,3.31857847755454e-05,3.2439980383856e-05,3.2439980383856e-05,9.8976793822,0.00032477139137965314,-0.022473610213942667,-0.9654272266127006,0.357202475844539,0.022473610213942667
1735506540.0,3.2439980383856e-05,3.25548142511745e-05,3.23473071495925e-05,3.23997909542272e-05,55.32921508947,0.0017937668273584288,-0.0012388857561947248,4.523167603335913,0.3491748466349536,0.006396646950047869
1735506600.0,3.23997909542272e-05,3.23997909542272e-05,3.23997909542272e-05,3.23997909542272e-05,0.0,0.0,0.0,-1.0,0.34874225889103605,0.0
1735506660.0,3.23997909542272e-05,3.23997909542272e-05,3.23020605782518e-05,3.23020605782518e-05,24.94708450456,0.0008070612788911244,-0.003016389090703364,inf,0.34874225889103605,0.003016389090703364
1735506720.0,3.23020605782518e-05,3.23020605782518e-05,3.13239593195083e-05,3.13239593195083e-05,185.95672374153,0.005915843102450432,-0.030279841014292385,6.330103992324606,0.34769031654584986,0.030279841014292385
1735506780.0,3.13239593195083e-05,3.13239593195083e-05,2.45577489058621e-05,2.45577489058621e-05,1195.51757413483,0.0334037821280526,-0.21600750864952942,4.646495613485126,0.33716230903863253,0.21600750864952942
1735506840.0,2.45577489058621e-05,2.45577489058621e-05,2.43548119899752e-05,2.44506856232899e-05,26.7093305163,0.0006544912379627851,-0.004359653768861667,-0.9804066726500068,0.2643327186526748,0.008263661163114888
1735506900.0,2.44506856232899e-05,2.45841395140949e-05,2.38114785737473e-05,2.39817105636319e-05,445.17861734903,0.01078053358469714,-0.019180446179852324,15.471624002566296,0.2631803195195672,0.031600788307204794
1735506960.0,2.39817105636319e-05,2.49963127192734e-05,2.39817105636319e-05,2.49963127192734e-05,191.64,0.0046930741909679856,0.04230733053630194,-0.5646714372626456,0.2581324035654258,0.04230733053630194
1735507020.0,2.49963127192734e-05,2.56107952922227e-05,2.49963127192734e-05,2.52813168948386e-05,403.56334412936,0.010145104170984192,0.011401848695285769,1.1617182593253828,0.2690532964851984,0.02458292868433768
1735507080.0,2.52813168948386e-05,2.56905701973363e-05,2.52813168948386e-05,2.55722371570466e-05,105.6494120169,0.0026863240422756573,0.011507322320990053,-0.735209811846116,0.27212100146269047,0.01618797407587783
1735507140.0,2.55722371570466e-05,2.57389429507706e-05,2.55722371570466e-05,2.57389429507706e-05,19.162,0.0004916124166129966,0.0065190148480248795,-0.8169943726533682,0.27525238553683223,0.0065190148480248795
1735507200.0,2.57389429507706e-05,2.59416644023584e-05,2.57389429507706e-05,2.58123913088228e-05,85.33649205852,0.002199605013324951,0.0028535887504269643,3.4742665949719234,0.27704675992510114,0.007876059711369442
1735507260.0,2.58123913088228e-05,2.59592672753706e-05,2.57238300816209e-05,2.59592672753706e-05,113.65525236996,0.0029420604609989537,0.005690134044171162,0.33754035073401556,0.27783733744256567,0.009121091917943632
1735507320.0,2.59592672753706e-05,2.63062805696576e-05,2.59592672753706e-05,2.63062805696576e-05,21.0925,0.0005512055339606287,0.013367607436910787,-0.8126464288318972,0.27941826913508944,0.013367607436910787
1735507380.0,2.63062805696576e-05,2.6358230467821e-05,2.57533142857143e-05,2.57533142857143e-05,164.53285448581,0.004282756872464564,-0.021020314235571033,6.769800208084397,0.28315342286758843,0.02299512394026641
1735507440.0,2.57533142857143e-05,2.59739685638834e-05,2.44645714285714e-05,2.44645714285714e-05,288.94378241997,0.007255072921709743,-0.05004182540721692,0.6940193286140767,0.2772014489420342,0.05860982080078456
1735507500.0,2.44645714285714e-05,2.47848258477196e-05,2.35969515130772e-05,2.35969515130772e-05,359.06046669673,0.00862849642879197,-0.03546434148774555,0.18930526569518807,0.26332978243144933,0.04855488019116163
1735507560.0,2.35969515130772e-05,2.4360123155096e-05,2.35969515130772e-05,2.37510286547952e-05,489.38723382253,0.011585748520719542,0.006529535886557721,0.34273087047468376,0.2539909651034067,0.032341959155014366
1735507620.0,2.37510286547952e-05,2.37510286547952e-05,2.37510286547952e-05,2.37510286547952e-05,0.0,0.0,0.0,-1.0,0.25564940822491083,0.0
1735507680.0,2.37510286547952e-05,2.37510286547952e-05,2.16335675035002e-05,2.16335675035002e-05,335.09442402891,0.007604062554724339,-0.0891523976527853,inf,0.25564940822491083,0.0891523976527853
1735507740.0,2.16335675035002e-05,2.17459584289559e-05,2.12256586990948e-05,2.12256586990948e-05,133.02433297653,0.0028506599887452083,-0.018855364670639977,-0.6251135536787349,0.23285765052314433,0.024050574634854778
1735507800.0,2.12256586990948e-05,2.12256586990948e-05,1.9109011692995e-05,1.91336290633386e-05,514.88614827842,0.010390219111629854,-0.09856135281424339,2.6448468609556546,0.228467034606182,0.09972114581254739
1735507860.0,1.91336290633386e-05,1.91336290633386e-05,1.85465051910211e-05,1.85465051910211e-05,180.03465905349,0.0033918650617866895,-0.030685442389100738,-0.6735521142195983,0.20594901460193815,0.030685442389100738
1735507920.0,1.85465051910211e-05,1.85465051910211e-05,1.8200275286285e-05,1.8200275286285e-05,102.59166236364,0.001884956647839293,-0.01866820196959374,-0.44427133346915093,0.1996293779792783,0.01866820196959374
1735507980.0,1.8200275286285e-05,1.8200275286285e-05,1.79644091814666e-05,1.80213399309451e-05,72.33311723848,0.001310011170037508,-0.009831464223771376,-0.3050178785070942,0.19590265643209678,0.012959480068751555
1735508040.0,1.80213399309451e-05,1.80213399309451e-05,1.47730698146715e-05,1.49697354259403e-05,811.42065318926,0.013384819957750024,-0.16933283078273098,9.217332694473736,0.19397664647404284,0.18024576023317088
1735508100.0,1.49697354259403e-05,1.65178119651833e-05,1.49697354259403e-05,1.65178119651833e-05,502.40498755551,0.00790975042759549,0.10341375416431313,-0.40905066690750524,0.16113003182085212,0.10341375416431313
1735508160.0,1.65178119651833e-05,1.67527302903731e-05,1.65178119651833e-05,1.67527302903731e-05,78.71364634714,0.001309422848440722,0.01422212128851988,-0.8344545936781501,0.17779309332006166,0.01422212128851988
1735508220.0,1.67527302903731e-05,1.68344153521426e-05,1.67527302903731e-05,1.67889504192528e-05,19.36173902907,0.00032471263424808407,0.0021620433357368396,-0.7520185059892942,0.1803216882575207,0.0048759253180623435
1735508280.0,1.67889504192528e-05,1.67889504192528e-05,1.61582274197669e-05,1.61582274197669e-05,276.50566096056,0.0045550405925816285,-0.03756774448286025,13.02791302879064,0.18071155156190669,0.03756774448286025
1735508340.0,1.61582274197669e-05,1.61582274197669e-05,1.61582274197669e-05,1.61582274197669e-05,0.0,0.0,0.0,-1.0,0.17392262616772777,0.0
1735508400.0,1.61582274197669e-05,1.61582274197669e-05,1.55516966582651e-05,1.56831887794061e-05,50.31542192668,0.0008010571454022065,-0.029399180245456197,inf,0.17392262616772777,0.03753696155803642
1735508460.0,1.56831887794061e-05,1.56831887794061e-05,1.53094347752331e-05,1.53094347752331e-05,130.1457141621,0.0020167785631378205,-0.023831505788145805,1.5176463061511134,0.16880944353225963,0.023831505788145805
1735508520.0,1.53094347752331e-05,1.54810677788555e-05,1.52417880761256e-05,1.54810677788555e-05,113.06562371808,0.0017406736879355816,0.011210930131794142,-0.13690391213433914,0.1647864603016269,0.015629558258871506
1735508580.0,1.54810677788555e-05,1.54810677788555e-05,1.54810677788555e-05,1.54810677788555e-05,0.0,0.0,0.0,-1.0,0.16663386979473413,0.0
1735508640.0,1.54810677788555e-05,1.55357227712999e-05,1.52199809117102e-05,1.52199809117102e-05,71.13849340009,0.001092013174824825,-0.01686491338161436,inf,0.16663386979473413,0.020395354125440142
1735508700.0,1.52199809117102e-05,1.53197232769392e-05,1.51521973248198e-05,1.53197232769392e-05,89.75671552444,0.001370571770530576,0.00655338306976835,0.2550872115168721,0.16382360401420273,0.011006975178957322
1735508760.0,1.53197232769392e-05,1.55378867278194e-05,1.53197232769392e-05,1.54571155994274e-05,42.39243134028,0.0006523525144686155,0.008968329257945485,-0.5240289282945929,0.16489720284717785,0.014240691358218127
1735508820.0,1.54571155994274e-05,1.54571155994274e-05,1.54571155994274e-05,1.54571155994274e-05,0.0,0.0,0.0,-1.0,0.16637605525602556,0.0
1735508880.0,1.54571155994274e-05,1.58858279041454e-05,1.54571155994274e-05,1.55051520199127e-05,294.66476877275,0.004561744714366428,0.003107722147531846,inf,0.16637605525602556,0.027735595425959103
1735508940.0,1.55051520199127e-05,1.55051520199127e-05,1.51322647033409e-05,1.51322647033409e-05,2.19909206818,3.368725005281614e-05,-0.024049252538312187,-0.9926152706558251,0.1668931058077637,0.024049252538312187
1735509000.0,1.51322647033409e-05,1.51322647033409e-05,1.51322647033409e-05,1.51322647033409e-05,0.0,0.0,0.0,-1.0,0.16287945135928952,0.0
1735509060.0,1.51322647033409e-05,1.54901404124368e-05,1.51322647033409e-05,1.54901404124368e-05,95.6823135462,0.0014650112839133006,0.02364984462747924,inf,0.16287945135928952,0.02364984462747924
1735509120.0,1.54901404124368e-05,1.57663374296399e-05,1.54901404124368e-05,1.57663374296399e-05,95.07,0.0014857766742231158,0.01783050442727729,0.014174218682020763,0.16673152507694577,0.01783050442727729
1735509180.0,1.57663374296399e-05,1.57663374296399e-05,1.49186203090407e-05,1.49186203090407e-05,316.0279337749,0.0048486518960626805,-0.0537675363338055,2.263378662609539,0.16970443227299697,0.0537675363338055
1735509240.0,1.49186203090407e-05,1.49186203090407e-05,1.45434275310978e-05,1.45434275310978e-05,3.78043435602,5.568966892678221e-05,-0.025149294651297793,-0.9885144015036417,0.16057984304475076,0.025149294651297793
1735509300.0,1.45434275310978e-05,1.46327122353066e-05,1.45434275310978e-05,1.46327122353066e-05,11.7996287421,0.00017213380868559607,0.006139178953371559,2.0909468848146386,0.1565413732569592,0.006139178953371559
1735509360.0,1.46327122353066e-05,1.46327122353066e-05,1.45689003461826e-05,1.45689003461826e-05,7.32962477997,0.00010701843159618347,-0.0043609064469970335,-0.3782834853108166,0.15750240876099017,0.0043609064469970335
1735509420.0,1.45689003461826e-05,1.45805474283087e-05,1.45280605076187e-05,1.45280605076187e-05,14.17672913108,0.00020624986628098963,-0.0028032203936792593,0.9272368619570106,0.15681555549120682,0.0036026686601472566
1735509480.0,1.45280605076187e-05,1.46492958472976e-05,1.41530689877332e-05,1.41530689877332e-05,356.07655428477,0.005106338881850094,-0.02581153345891214,23.758022751361914,0.15637596692800773,0.03415644223839597
1735509540.0,1.41530689877332e-05,1.41530689877332e-05,1.36178422456462e-05,1.36178422456462e-05,2.85640155029,3.9662436949995453e-05,-0.037817009339168255,-0.9922327056884197,0.15233966342547572,0.037817009339168255
1735509600.0,1.36178422456462e-05,1.36992798583733e-05,1.35634793024227e-05,1.35634793024227e-05,52.2442894616,0.0007100344154530686,-0.003992037963347815,16.901936190866103,0.14657863295098875,0.0099722521013943
1735509660.0,1.35634793024227e-05,1.35634793024227e-05,1.33928457597587e-05,1.33928457597587e-05,42.72099857004,0.0005758005622174925,-0.012580366649250569,-0.18905260127415408,0.14599348548363278,0.012580366649250569
1735509720.0,1.33928457597587e-05,1.33928457597587e-05,1.32682996334179e-05,1.32682996334179e-05,23.88282469456,0.00031837173079070634,-0.009299452004070955,-0.4470798542387488,0.14415683390784664,0.009299452004070955
1735509780.0,1.32682996334179e-05,1.33991574845255e-05,1.32682996334179e-05,1.33668825870253e-05,96.5294943608,0.0012855403359735762,0.007429961361371922,3.0378595573822302,0.14281625434986178,0.009862443170790217
1735509840.0,1.33668825870253e-05,2.02762794319591e-05,1.33668825870253e-05,1.96683941258897e-05,1647.2595029978,0.027208836749755577,0.4714271632026622,20.165292125314412,0.14387737360145714,0.5169041322799136
1735509900.0,1.96683941258897e-05,2.04181254974218e-05,1.96683941258897e-05,2.03544239631931e-05,47.9942093004,0.0009604317540796375,0.03487980934856156,-0.9647014768432441,0.21170507568744165,0.03811858592691222
1735509960.0,2.03544239631931e-05,2.03570491032122e-05,2.02824598156738e-05,2.03570491032122e-05,48.3631550965,0.000984467643058771,0.00012897147194376732,0.02502612900608096,0.2190893083655424,0.0036645246101427004
1735510020.0,2.03570491032122e-05,2.03570491032122e-05,2.03570491032122e-05,2.03570491032122e-05,0.0,0.0,0.0,-1.0,0.21911756463612947,0.0
1735510080.0,2.03570491032122e-05,2.03570491032122e-05,2.02962340524297e-05,2.02962340524297e-05,4.21638486759,8.570494395764998e-05,-0.002987419761781896,inf,0.21911756463612947,0.002987419761781896
1735510140.0,2.02962340524297e-05,2.04122470803115e-05,2.02962340524297e-05,2.04122470803115e-05,10.57345522272,0.0002152146512209905,0.005715987881402632,1.5111112764665724,0.21846296849338198,0.005715987881402632
1735510200.0,2.04122470803115e-05,2.06204880996613e-05,2.04122470803115e-05,2.06204880996613e-05,62.3736722397,0.0012796811876070156,0.01020176850351077,4.946069100532522,0.21971170017382538,0.01020176850351077
1735510260.0,2.06204880996613e-05,2.09794650378121e-05,2.06204880996613e-05,2.09794650378121e-05,63.9268892208,0.0013296777979048668,0.01740875077329978,0.03906958294147003,0.2219531480765115,0.01740875077329978
1735510320.0,2.09794650378121e-05,2.11324366537076e-05,2.09794650378121e-05,2.11324366537076e-05,38.23412834485,0.000805055927059635,0.007291492686767529,-0.3945481165977673,0.22581707511472482,0.007291492686767529
1735510380.0,2.11324366537076e-05,2.11324366537076e-05,2.11324366537076e-05,2.11324366537076e-05,0.0,0.0,0.0,-1.0,0.22746361866647105,0.0
1735510440.0,2.11324366537076e-05,2.12258312150199e-05,2.11324366537076e-05,2.12258312150199e-05,14.66051302401,0.0003104969688819919,0.004419488525754762,inf,0.22746361866647105,0.004419488525754762
1735510500.0,2.12258312150199e-05,2.12258312150199e-05,2.12258312150199e-05,2.12258312150199e-05,0.0,0.0,0.0,-1.0,0.2284688915191942,0.0
1735510560.0,2.12258312150199e-05,2.12258312150199e-05,2.09852571627452e-05,2.09852571627452e-05,66.3929817817,0.0014012600108253435,-0.01133402267443193,inf,0.2284688915191942,0.01133402267443193
1735510620.0,2.09852571627452e-05,2.09852571627452e-05,2.09852571627452e-05,2.09852571627452e-05,0.0,0.0,0.0,-1.0,0.2258794199223133,0.0
1735510680.0,2.09852571627452e-05,2.09852571627452e-05,2.07349878707534e-05,2.07349878707534e-05,23.72191103436,0.0004948419705081767,-0.011925957830819471,inf,0.2258794199223133,0.011925957830819471
1735510740.0,2.07349878707534e-05,2.12466911670923e-05,1.80480312731793e-05,1.80480312731793e-05,1626.19989106961,0.03153447075360697,-0.12958563633229994,62.72634625398231,0.22318559148546985,0.15426389028298854
1735510800.0,1.80480312731793e-05,1.80480312731793e-05,1.7636333911956e-05,1.7636333911956e-05,17.22464050027,0.0003073251808971531,-0.02281120610839762,-0.9902543098535433,0.1942639445926245,0.02281120610839762
1735510860.0,1.7636333911956e-05,1.7636333911956e-05,1.7636333911956e-05,1.7636333911956e-05,0.0,0.0,0.0,-1.0,0.1898325497130918,0.0
1735510920.0,1.7636333911956e-05,1.7636333911956e-05,1.7636333911956e-05,1.7636333911956e-05,0.0,0.0,0.0,0.0,0.1898325497130918,0.0
1735510980.0,1.7636333911956e-05,1.77019409532751e-05,1.7636333911956e-05,1.77019409532751e-05,18.7542225,0.0003313709347943508,0.00371999314861152,inf,0.1898325497130918,0.00371999314861152
1735511040.0,1.77019409532751e-05,1.77019409532751e-05,1.77019409532751e-05,1.77019409532751e-05,0.0,0.0,0.0,-1.0,0.19053872549740794,0.0
1735511100.0,1.77019409532751e-05,1.77019409532751e-05,1.77019409532751e-05,1.77019409532751e-05,0.0,0.0,0.0,0.0,0.19053872549740794,0.0
1735511160.0,1.77019409532751e-05,1.77019409532751e-05,1.77019409532751e-05,1.77019409532751e-05,0.0,0.0,0.0,0.0,0.19053872549740794,0.0
1735511220.0,1.77019409532751e-05,1.77019409532751e-05,1.77019409532751e-05,1.77019409532751e-05,0.0,0.0,0.0,0.0,0.19053872549740794,0.0
1735511280.0,1.77019409532751e-05,1.77019409532751e-05,1.77019409532751e-05,1.77019409532751e-05,0.0,0.0,0.0,0.0,0.19053872549740794,0.0
1735511340.0,1.77019409532751e-05,1.77019409532751e-05,1.76320851830367e-05,1.76320851830367e-05,2.98728273486,5.277636311504812e-05,-0.003946220949600215,inf,0.19053872549740794,0.003946220949600215
1735511400.0,1.76320851830367e-05,1.776722450048e-05,1.76320851830367e-05,1.7682852247961e-05,27.4527556241,0.0004847461735867809,0.0028792434018603936,8.184910535234765,0.18978681758713994,0.007664397945020793
1735511460.0,1.7682852247961e-05,1.7682852247961e-05,1.76274968675632e-05,1.76274968675632e-05,10.64861873973,0.0001880032226489898,-0.0031304554051331513,-0.6121615127812188,0.19033326002943782,0.0031304554051331513
1735511520.0,1.76274968675632e-05,1.80529441260594e-05,1.76274968675632e-05,1.80529441260594e-05,73.64443083505,0.001313832884459461,0.024135432369815142,5.988352997078374,0.18973743024680204,0.024135432369815142
1735511580.0,1.80529441260594e-05,1.80529441260594e-05,1.80529441260594e-05,1.80529441260594e-05,0.0,0.0,0.0,-1.0,0.19431682516254625,0.0
1735511640.0,1.80529441260594e-05,1.80529441260594e-05,1.80529441260594e-05,1.80529441260594e-05,0.0,0.0,0.0,0.0,0.19431682516254625,0.0
1735511700.0,1.80529441260594e-05,1.80529441260594e-05,1.75489794001648e-05,1.75489794001648e-05,196.9257405624,0.0035054675779238155,-0.027915930076309707,inf,0.19431682516254625,0.027915930076309707
1735511760.0,1.75489794001648e-05,1.75489794001648e-05,1.75489794001648e-05,1.75489794001648e-05,0.0,0.0,0.0,-1.0,0.1888922902586581,0.0
1735511820.0,1.75489794001648e-05,1.75489794001648e-05,1.70165762838614e-05,1.70165762838614e-05,29.35212224583,0.0005072862079662905,-0.030338124181648843,inf,0.1888922902586581,0.030338124181648843
1735511880.0,1.70165762838614e-05,1.70165762838614e-05,1.68440801707836e-05,1.68440801707836e-05,47.61733130402,0.0008061770482862171,-0.010136945893246341,0.5891956761808673,0.18316165249983488,0.010136945893246341
1735511940.0,1.68440801707836e-05,1.68440801707836e-05,1.66945540295932e-05,1.66945540295932e-05,14.40660866526,0.0002415889890460669,-0.00887707370627202,-0.7003276270893096,0.18130495273872646,0.00887707370627202
1735512000.0,1.66945540295932e-05,1.68055165237266e-05,1.66945540295932e-05,1.68055165237266e-05,25.32229886446,0.0004241493992658299,0.006646628231979578,0.7556652765534435,0.17969549530995263,0.006646628231979578
1735512060.0,1.68055165237266e-05,1.68868535630229e-05,1.68055165237266e-05,1.68868535630229e-05,10.02954217256,0.00016895952333927653,0.004839901182535116,-0.6016509191531745,0.1808898644622393,0.004839901182535116
1735512120.0,1.68868535630229e-05,1.68868535630229e-05,1.68868535630229e-05,1.68868535630229e-05,0.0,0.0,0.0,-1.0,0.18176535353115872,0.0
1735512180.0,1.68868535630229e-05,1.69448250725769e-05,1.68868535630229e-05,1.69448250725769e-05,4.75,8.035023675954952e-05,0.0034329373046107464,inf,0.18176535353115872,0.0034329373046107464
1735512240.0,1.69448250725769e-05,1.69448250725769e-05,1.69448250725769e-05,1.69448250725769e-05,0.0,0.0,0.0,-1.0,0.1823893425939816,0.0
1735512300.0,1.69448250725769e-05,1.69448250725769e-05,1.69448250725769e-05,1.69448250725769e-05,0.0,0.0,0.0,0.0,0.1823893425939816,0.0
1735512360.0,1.69448250725769e-05,1.72458744325275e-05,1.69448250725769e-05,1.72458744325275e-05,114.27,0.00195348561622414,0.017766448379441382,inf,0.1823893425939816,0.017766448379441382
1735512420.0,1.72458744325275e-05,1.72458744325275e-05,1.72458744325275e-05,1.72458744325275e-05,0.0,0.0,0.0,-1.0,0.18562975343413782,0.0
1735512480.0,1.72458744325275e-05,1.72458744325275e-05,1.72458744325275e-05,1.72458744325275e-05,0.0,0.0,0.0,0.0,0.18562975343413782,0.0
1735512540.0,1.72458744325275e-05,1.72458744325275e-05,1.67863920461163e-05,1.67863920461163e-05,194.94837005948,0.003317267439720744,-0.026643032118137778,inf,0.18562975343413782,0.026643032118137778
1735512600.0,1.67863920461163e-05,1.67863920461163e-05,1.65013845263667e-05,1.65602717318361e-05,116.81246364357,0.0019476529750982086,-0.013470453547075082,-0.4128742977496662,0.1806840139513101,0.01697848584535697
1735512660.0,1.65602717318361e-05,1.6593155629035e-05,1.65602717318361e-05,1.6593155629035e-05,16.97695875,0.000281422184363315,0.001985710001103687,-0.8555070189805632,0.1782501183346799,0.001985710001103687
1735512720.0,1.6593155629035e-05,1.6593155629035e-05,1.63768505703452e-05,1.63768505703452e-05,74.46377314986,0.0012275355311900625,-0.013035800032593406,3.3619003738714452,0.17860407137735498,0.013035800032593406
1735512780.0,1.63768505703452e-05,1.63768505703452e-05,1.63768505703452e-05,1.63768505703452e-05,0.0,0.0,0.0,-1.0,0.17627582441787276,0.0
1735512840.0,1.63768505703452e-05,1.63768505703452e-05,1.63768505703452e-05,1.63768505703452e-05,0.0,0.0,0.0,0.0,0.17627582441787276,0.0
1735512900.0,1.63768505703452e-05,1.64055186435226e-05,1.63768505703452e-05,1.64055186435226e-05,50.85710779492,0.0008336082424412706,0.001750524195983777,inf,0.17627582441787276,0.001750524195983777
1735512960.0,1.64055186435226e-05,2.00777463830139e-05,1.64055186435226e-05,1.99908162532511e-05,853.1591050296,0.015525932253444525,0.2185421678908083,17.624974493985235,0.17658439951368324,0.22384100248736788
1735513020.0,1.99908162532511e-05,2.00660942522412e-05,1.99908162532511e-05,2.00660942522412e-05,23.9539021956,0.0004797596582532324,0.003765629078695375,-0.9690994620856473,0.21517553699910016,0.003765629078695375
1735513080.0,2.00660942522412e-05,2.01998738695786e-05,2.00660942522412e-05,2.01998738695786e-05,29.1920426139,0.0005877229286510512,0.006666948518018543,0.22503615829414383,0.21598580825824787,0.006666948518018543
1735513140.0,2.01998738695786e-05,2.34387771157757e-05,2.01998738695786e-05,2.20167525659031e-05,924.2370817636,0.019509085809316828,0.08994505154117599,32.19435886922826,0.21742577452252823,0.16034274605421928
1735513200.0,2.20167525659031e-05,2.34088591718915e-05,2.20167525659031e-05,2.34088591718915e-05,73.4582588523,0.0016684431727794964,0.06322942503992744,-0.9144786593750739,0.2369821470183371,0.06322942503992744
1735513260.0,2.34088591718915e-05,2.39778305705133e-05,2.34088591718915e-05,2.39778305705133e-05,188.88,0.0044751989792727095,0.02430581492433432,1.6822603564120058,0.25196639191903414,0.02430581492433432
1735513320.0,2.39778305705133e-05,3.1610046898164e-05,2.39778305705133e-05,2.98915089897925e-05,1805.4359556983,0.04862882127594847,0.24663108707388798,9.866292538315562,0.2580906404081705,0.3183030385174381
1735513380.0,2.98915089897925e-05,2.98915089897925e-05,2.25235027171457e-05,2.45682268439562e-05,1525.9384726112,0.04155110305847996,-0.17808676529693165,-0.1455457490385255,0.3217438156156335,0.24649161322577798
1735513440.0,2.45682268439562e-05,4.06716836013584e-05,2.45682268439562e-05,4.06716836013584e-05,3855.22721638054,0.12575733917150297,0.6554586482647876,2.026570413654464,0.2644455002383529,0.6554586482647876
1735513500.0,4.06716836013584e-05,4.46662418496268e-05,3.55842835539699e-05,3.57627264791843e-05,2719.79207375605,0.10394285134963976,-0.12069717030376743,-0.173464928294272,0.43777859036428923,0.22329929551658817
1735513560.0,3.57627264791843e-05,3.635493146784e-05,3.51962234280189e-05,3.635493146784e-05,374.11942630752,0.013490308408891344,0.01655927964553799,-0.8702141779475236,0.3849399532877474,0.03239987981608525
1735513620.0,3.635493146784e-05,3.68765592410821e-05,3.635493146784e-05,3.66973410432936e-05,79.07541598299,0.0028883194186603172,0.009418517973455704,-0.7858967096143887,0.39131428162097953,0.014348198502410522
1735513680.0,3.66973410432936e-05,3.66973410432936e-05,2.35519167501971e-05,2.35519167501971e-05,2395.76077306504,0.07217140421396408,-0.3582119009000739,23.987334762108542,0.39499988221569665,0.3582119009000739
1735513740.0,2.35519167501971e-05,2.367025136974e-05,2.34016787418474e-05,2.367025136974e-05,84.15844329898,0.0019870720790883135,0.005024415668500141,-0.9724673213618332,0.25350622355190666,0.011403429739549897
1735513800.0,2.367025136974e-05,2.367025136974e-05,2.20587324737636e-05,2.20587324737636e-05,422.54383345882,0.009661250066705228,-0.06808203558144561,3.862053152665653,0.2547799441935832,0.06808203558144561
1735513860.0,2.20587324737636e-05,2.73491908639726e-05,2.20587324737636e-05,2.73491908639726e-05,1131.19486085334,0.027944994482541497,0.23983510369425856,1.8924822657107319,0.2374340069675569,0.23983510369425856
1735513920.0,2.73491908639726e-05,3.49793847411961e-05,2.52444092773903e-05,2.52444092773903e-05,3188.42327037615,0.08384532928178992,-0.0769595560267545,2.0003702213708396,0.2943790166491642,0.35595113260296835
1735513980.0,2.52444092773903e-05,2.74010567906926e-05,2.52444092773903e-05,2.74010567906926e-05,638.00400332096,0.016794009054067326,0.08543069832233553,-0.7997025093952995,0.271723738224252,0.08543069832233553
1735514040.0,2.74010567906926e-05,3.04651350802726e-05,2.74010567906926e-05,3.03492153151662e-05,413.18448439398,0.011930758201835655,0.10759287669061766,-0.28958248364489503,0.29493728693150534,0.11182336188656734
1735514100.0,3.03492153151662e-05,3.25106010220015e-05,2.91785956820673e-05,2.91785956820673e-05,1539.93163093076,0.045834379537353906,-0.038571660616013186,2.8416988058899615,0.3266704380757921,0.1097888464440503
1735514160.0,2.91785956820673e-05,3.22410334479815e-05,2.82202711158123e-05,3.10409687599279e-05,1748.74277664546,0.05265426416533745,0.06382668645719605,0.14879408637844665,0.31407021680504826,0.13779834972113805
1735514220.0,3.10409687599279e-05,3.65951222627023e-05,3.10409687599279e-05,3.58263161708786e-05,1951.16050604182,0.0652344027516175,0.1541623087849083,0.23891965419510341,0.33411627805860766,0.1789297732854423
1735514280.0,3.58263161708786e-05,4.84195699876606e-05,3.58263161708786e-05,4.11375545739586e-05,4885.04334736317,0.18798592238469294,0.14824963799647478,1.8816991411794874,0.38562441488674304,0.35150847652649303
1735514340.0,4.11375545739586e-05,6.58853299146206e-05,4.11375545739586e-05,5.61745449334962e-05,14855.70728285036,0.7228200326811777,0.3655295147042235,2.8450753307048404,0.4427930947963051,0.6015859619504009
1735514400.0,5.61745449334962e-05,6.91184612286161e-05,5.44035492141508e-05,5.47342069008421e-05,9542.03744914393,0.5291477317205333,-0.025640404107577276,-0.2679398635954374,0.6046470398515797,0.26194982143399576
1735514460.0,5.47342069008421e-05,6.071366539404e-05,5.09655587239967e-05,5.39936343948725e-05,3762.72334075001,0.20455639311637405,-0.013530341406266156,-0.6134229046938265,0.5891436454073349,0.1780989845655975
1735514520.0,5.39936343948725e-05,5.99151978727964e-05,5.35332465812679e-05,5.76559354788218e-05,2066.9748914947,0.1153884287875546,0.06782838616059328,-0.4359089587490475,0.5811723307476414,0.11819821656855463
1735514580.0,5.76559354788218e-05,6.40320963171442e-05,5.6162991179537e-05,6.40320963171442e-05,1431.68443313823,0.08710943041075725,0.11058984275200065,-0.24507655294330025,0.6205923120234444,0.13648386887240224
1735514640.0,6.40320963171442e-05,7.97403063922141e-05,6.35215774744663e-05,7.8922980045458e-05,3436.76534797919,0.24565152638035512,0.23255343155658723,1.8200336659533398,0.6892235182232177,0.25329061284231824
1735514700.0,7.8922980045458e-05,0.0001023034830716,6.97243019860415e-05,9.56116902136722e-05,6631.2674573964,0.5786930395383907,0.21145565155550203,1.3557477865713317,0.849504812495531,0.41279714814105556
1735514760.0,9.56116902136722e-05,9.56116902136722e-05,6.59917601775355e-05,6.90750200764654e-05,4450.00344781663,0.36642821430034545,-0.2775462924868588,-0.3668003772904608,1.029137406121308,0.3097940217346052
1735514820.0,6.90750200764654e-05,7.66659937421672e-05,6.90750200764654e-05,7.33663394785385e-05,2550.25851214657,0.18163114484343945,0.06212548903094994,-0.5043199793164284,0.7435041345927964,0.1098946284387417
1735514880.0,7.33663394785385e-05,8.7981500391897e-05,7.33663394785385e-05,8.1678131583361e-05,5488.32639298438,0.425467331307663,0.11329162888457732,1.3424800392818257,0.7896946925509071,0.19920798853040492
1735514940.0,8.1678131583361e-05,9.19697065809187e-05,7.58760149117187e-05,9.04195977727956e-05,4863.67970084401,0.41851411641544256,0.10702333684644856,-0.016342535326625243,0.8791604905915048,0.19703795076133354
1735515000.0,9.04195977727956e-05,9.98298458630837e-05,8.84896234936903e-05,9.08063404913568e-05,2563.95818180814,0.2323278635841152,0.004277200165532752,-0.444874486973117,0.9732511799181685,0.12541774846078024
1735515060.0,9.08063404913568e-05,9.08063404913568e-05,6.7718728248958e-05,8.00624311790728e-05,5720.12316016015,0.4886952090900705,-0.11831673046340455,1.1034722290774068,0.9774139700260194,0.25425110314401833
1735515120.0,8.00624311790728e-05,8.00624311790728e-05,5.71411612296844e-05,6.53012015180338e-05,7285.89411153727,0.5295520177497577,-0.18437148914480347,0.08360386576279473,0.8617695447832847,0.28629245467354353
1735515180.0,6.53012015180338e-05,6.53012015180338e-05,5.08252401005525e-05,5.09397344985874e-05,6316.93308257746,0.36714310713658216,-0.21992653558572411,-0.3066911373566376,0.702883810511951,0.22167986317194444
1735515240.0,5.09397344985874e-05,5.2690052941745e-05,3.70064135306639e-05,4.24143149859816e-05,16021.62462753598,0.7478417691510917,-0.16736285723755037,1.0369217196630756,0.548301009146765,0.30788616323699175
1735515300.0,4.24143149859816e-05,4.24143149859816e-05,2.99748157704756e-05,3.82000173004774e-05,4076.45600255264,0.16431038937045442,-0.09936026756289867,-0.7802872263246671,0.45653578562973024,0.2932853971499337
1735515360.0,3.82000173004774e-05,4.23312585081206e-05,3.79535426830199e-05,4.23312585081206e-05,2293.80429887,0.09236149332162386,0.10814762661355048,-0.43788403353250227,0.4111742678175221,0.11459983880808322
1735515420.0,4.23312585081206e-05,4.23312585081206e-05,3.7618328001356e-05,4.16319179756306e-05,1640.43803410202,0.06886819408398288,-0.0165206648027213,-0.2543624880103652,0.4556417890065515,0.11133452377421046
1735515480.0,4.16319179756306e-05,4.72215896151262e-05,4.08615352521619e-05,4.72215896151262e-05,1137.2138409326,0.05052271932380924,0.13426409138218276,-0.26638530317495823,0.44811428374026196,0.15276870901521233
1735515540.0,4.72215896151262e-05,6.23204811404659e-05,4.71863877690529e-05,5.56519349469637e-05,5085.59703876138,0.26158664593995523,0.17852735158955893,4.17760424302182,0.5082799408820259,0.3204909765800258
1735515600.0,5.56519349469637e-05,5.56519349469637e-05,4.40333164700335e-05,4.69103168749721e-05,3206.35887607586,0.1644256932397957,-0.15707662420583154,-0.3714293302360011,0.5990218125937915,0.20877294721203757
1735515660.0,4.69103168749721e-05,4.69103168749721e-05,4.41445515241074e-05,4.47146472197328e-05,530.32604411787,0.02429555237539336,-0.046805687991648394,-0.8522399273697382,0.5049294884459005,0.05895857319054498
1735515720.0,4.47146472197328e-05,4.47146472197328e-05,4.38913193506993e-05,4.38913193506993e-05,142.85531719032,0.006328916729686984,-0.018412934468376194,-0.7395030731593105,0.48129591635191904,0.018412934468376194
1735515780.0,4.38913193506993e-05,4.40410274906762e-05,3.78110086544386e-05,3.82732455804762e-05,980.34560219528,0.04027483494328321,-0.1279996558165342,5.3636221905664305,0.4724338461842341,0.14194193586341447
1735515840.0,3.82732455804762e-05,3.82732455804762e-05,3.60760013773407e-05,3.60760013773407e-05,222.61293412524,0.008275552007640847,-0.05740940361369176,-0.7945230062570129,0.4119624764765707,0.05740940361369176
1735515900.0,3.60760013773407e-05,4.295066432712e-05,3.60760013773407e-05,4.295066432712e-05,1153.19626826226,0.0455666279917966,0.19056055791419482,4.50617384190502,0.3883119563908312,0.19056055791419482
1735515960.0,4.295066432712e-05,4.34096336619275e-05,3.67736086176427e-05,3.82696710372568e-05,2350.18412829112,0.09544137153392016,-0.10898535245489824,1.0945454105382242,0.46230889944542053,0.15450343197822586
1735516020.0,3.82696710372568e-05,3.82696710372568e-05,3.3821393493949e-05,3.3821393493949e-05,1828.37462968495,0.06590473670791862,-0.11623506089135849,-0.3094741237609324,0.41192400109632527,0.11623506089135849
1735516080.0,3.3821393493949e-05,3.3821393493949e-05,3.28458271734267e-05,3.28458271734267e-05,87.15107086326,0.0029050598363195256,-0.028844651853178055,-0.955920318000899,0.3640439897462819,0.028844651853178055
1735516140.0,3.28458271734267e-05,3.32352870201143e-05,3.2772737724388e-05,3.32018805873425e-05,132.34170235848,0.004370433040967793,0.010840141489992992,0.5044210058353829,0.3535432676028084,0.01408243711702052
1735516200.0,3.32018805873425e-05,4.30262148565949e-05,3.32018805873425e-05,4.30262148565949e-05,1915.10572188945,0.07299243087670983,0.295896921965249,15.701418416090482,0.35737572664645734,0.295896921965249
1735516260.0,4.30262148565949e-05,4.37095518972517e-05,4.16199307053718e-05,4.16199307053718e-05,288.01331930346,0.012189608674772935,-0.03268435663955574,-0.8330017437648819,0.4631221041462383,0.04856623337294582
1735516320.0,4.16199307053718e-05,4.184067250048e-05,4.16199307053718e-05,4.184067250048e-05,10.46016812512,0.0004365059706785695,0.0053037521054715596,-0.9641903212543695,0.4479852561266612,0.0053037521054715596
1735516380.0,4.184067250048e-05,4.19085314515031e-05,4.07197848854427e-05,4.09969512647009e-05,299.61962308319,0.012409888804815302,-0.020165097388657415,27.43005511590949,0.45036125887206313,0.028411268151743066
1735516440.0,4.09969512647009e-05,4.10355188369138e-05,3.70516068140018e-05,3.70516068140018e-05,678.85392630979,0.026491785047272506,-0.0962350694134691,1.1347318629473238,0.4412796802268296,0.0971758118595081
1735516500.0,3.70516068140018e-05,3.7131759617086e-05,3.42075332276474e-05,3.42075332276474e-05,607.93361769834,0.02166041339979622,-0.07675979075972553,-0.18237244635856295,0.39881309956944727,0.07892306544539758
1735516560.0,3.42075332276474e-05,3.97567091965238e-05,3.42075332276474e-05,3.97567091965238e-05,1500.46201971866,0.05549026828736625,0.16222087491510234,1.5618286808823465,0.36820028949425887,0.16222087491510234
1735516620.0,3.97567091965238e-05,4.38427091676517e-05,3.97567091965238e-05,4.38427091676517e-05,994.01095291654,0.04154936875572129,0.10277510522639453,-0.2512314314187405,0.42793006260001154,0.10277510522639453
1735516680.0,4.38427091676517e-05,4.90423864312473e-05,4.38427091676517e-05,4.71144606415631e-05,950.0889875807,0.04320870268862135,0.0746247559976377,0.039936441457286254,0.4719106198132653,0.11859844800448742
1735516740.0,4.71144606415631e-05,4.77328435187118e-05,3.86552091158511e-05,3.94966678812922e-05,2125.18167144667,0.09203219144004199,-0.1616869355297403,1.1299457218899076,0.5071268346695242,0.19267193721947554
1735516800.0,3.94966678812922e-05,4.11904151479493e-05,3.85083328154065e-05,4.11904151479493e-05,621.957627524,0.02509197336634952,0.04288329516170029,-0.7273565588982341,0.4251310508469116,0.06790654696755274
1735516860.0,4.11904151479493e-05,5.03564690639582e-05,4.11904151479493e-05,4.51737747108401e-05,2687.67088954849,0.1160592594914536,0.09670598241321961,3.6253540045239716,0.44336207118278353,0.22252880635181552
1735516920.0,4.51737747108401e-05,4.51737747108401e-05,3.77436849280308e-05,3.80927689761615e-05,1259.06812659313,0.05241912558393906,-0.15675036633543504,-0.5483417194489414,0.4862378358412744,0.16447794833107768
1735516980.0,3.80927689761615e-05,4.32509610361668e-05,3.78449311047043e-05,4.32509610361668e-05,1739.27786590821,0.070739674570428,0.1354113181751975,0.34950123227737045,0.4100198769470055,0.1419174839940251
1735517040.0,4.32509610361668e-05,4.84670571086183e-05,4.03878978036413e-05,4.20001576572159e-05,2570.79722343391,0.10958166961579148,-0.028919666730756965,0.5490835981538567,0.4655412089624318,0.1867972204876822
1735517100.0,4.20001576572159e-05,4.56600484768047e-05,4.20001576572159e-05,4.39832618086821e-05,998.8894154343,0.04294396380366653,0.04721658827215108,-0.6081099699043278,0.45207791234980454,0.08713993050833252
1735517160.0,4.39832618086821e-05,4.95412562134132e-05,4.30891045393563e-05,4.95412562134132e-05,947.1967417392,0.044293059371628876,0.12636612602555963,0.03141525486865188,0.4734234890041589,0.1466956157577035
1735517220.0,4.95412562134132e-05,5.34155730327395e-05,4.95412562134132e-05,5.34155730327395e-05,1000.50191732423,0.051504252531199564,0.07820384696416588,0.1628063913821606,0.5332481812791185,0.07820384696416588
1735517280.0,5.34155730327395e-05,5.616926216274e-05,5.24461107272335e-05,5.24461107272335e-05,891.27296639472,0.047175828456145444,-0.01814943190653029,-0.0840401299374669,0.5749502404417905,0.0697016099260885
1735517340.0,5.24461107272335e-05,5.24461107272335e-05,4.16382806527467e-05,4.29400236237738e-05,1692.82181271748,0.08073586443009263,-0.1812543765714072,0.7113820164312437,0.5645152202032491,0.20607495817367938
1735517400.0,4.29400236237738e-05,4.30485570016e-05,4.0095181282108e-05,4.23291195858561e-05,970.09462221984,0.04135956863447768,-0.014226914341506679,-0.4877175227337784,0.4621943659002385,0.06877908930298912
1735517460.0,4.23291195858561e-05,4.31847635125982e-05,4.1963210007327e-05,4.31847635125982e-05,493.80106452882,0.0211134232530049,0.020214073316753112,-0.48951539026921626,0.4556187662474488,0.02885846710781524
1735517520.0,4.31847635125982e-05,4.44389419011186e-05,4.31847635125982e-05,4.44389419011186e-05,156.37142176344,0.006850921697861866,0.029042150205465852,-0.6755181944791057,0.4648286773928633,0.029042150205465852
1735517580.0,4.44389419011186e-05,4.54466282231834e-05,4.42273669675518e-05,4.54466282231834e-05,189.71771917965,0.008526442675572532,0.022675749668095352,0.244568694783592,0.4783283016615149,0.027436775122697255
1735517640.0,4.54466282231834e-05,4.54466282231834e-05,4.4385459086e-05,4.48469550698093e-05,223.3766738557,0.010084740153250657,-0.013195107686078927,0.18276056463060525,0.48917475448915665,0.023349788062870486
1735517700.0,4.48469550698093e-05,4.66786402627829e-05,4.48469550698093e-05,4.66786402627829e-05,437.414,0.020017288378405242,0.04084302245542367,0.9849086911726709,0.482720040926361,0.04084302245542367
1735517760.0,4.66786402627829e-05,4.84498440078979e-05,4.66786402627829e-05,4.82770957785631e-05,257.5774991244,0.012229230508523278,0.034243832013561376,-0.3890665769837119,0.5024357863975993,0.03794463024509293
1735517820.0,4.82770957785631e-05,5.02878982981362e-05,4.82770957785631e-05,5.02878982981362e-05,306.09656627378,0.015085203120836561,0.04165127348994298,0.2335365753652927,0.5196411130646004,0.04165127348994298
1735517880.0,5.02878982981362e-05,5.1217926606172e-05,5.02878982981362e-05,5.0727389200401e-05,247.27006648612,0.012489028427938908,0.008739496322937081,-0.17210074482269755,0.5412848271814724,0.01849407788971504
1735517940.0,5.0727389200401e-05,5.08184595379966e-05,4.41009525782518e-05,4.41009525782518e-05,1086.06067467249,0.05149466642509857,-0.13062837899997454,3.1231923461637,0.5460153839382865,0.13242366827133487
1735518000.0,4.41009525782518e-05,4.68891826615804e-05,4.41009525782518e-05,4.68891826615804e-05,561.5382,0.025547218380165968,0.06322380629718193,-0.5038861273657222,0.47469027942537945,0.06322380629718193
1735518060.0,4.68891826615804e-05,5.00705324254386e-05,4.68891826615804e-05,5.00705324254386e-05,313.0880817861,0.01517846560356078,0.0678482665569025,-0.4058662129985608,0.5047020057029248,0.0678482665569025
1735518120.0,5.00705324254386e-05,5.00705324254386e-05,4.665898563806e-05,4.665898563806e-05,472.660217575,0.022860097526909068,-0.06813482146327933,0.5060875139807427,0.5389451619176602,0.06813482146327933
1735518180.0,4.665898563806e-05,4.68261405752e-05,4.66159265033684e-05,4.66159265033684e-05,20.10175666316,0.000937494793322311,-0.0009228476380866424,-0.958989904036115,0.5022242295319023,0.004505328801235907
1735518240.0,4.66159265033684e-05,4.70105844957938e-05,4.40882042398519e-05,4.46217238989043e-05,943.9902288577,0.043063725241840115,-0.042779426561863995,44.93489537070399,0.5017607530878888,0.06269059686565986
1735518300.0,4.46217238989043e-05,4.46217238989043e-05,3.96960217066399e-05,3.96960217066399e-05,874.5954894931,0.036871959995417806,-0.11038798508601219,-0.14378145902729464,0.4802957157995399,0.11038798508601219
1735518360.0,3.96960217066399e-05,3.96960217066399e-05,3.22162077539884e-05,3.43449892651086e-05,1650.1102123878,0.06108791416999967,-0.1348002195554079,0.6567579856777686,0.42727683948698475,0.1884272939975836
1735518420.0,3.43449892651086e-05,3.43449892651086e-05,3.21582710314985e-05,3.24964925951001e-05,487.21665985636,0.016283141765890182,-0.053821436825615916,-0.7334474095714526,0.3696798277131984,0.06366920707794801
1735518480.0,3.24964925951001e-05,3.39693692995911e-05,3.24964925951001e-05,3.35489086291846e-05,292.84503214544,0.009670533822292068,0.032385526868926894,-0.40610147836765514,0.34978312822022795,0.04532417460686448
1735518540.0,3.35489086291846e-05,3.69152428317514e-05,3.34642645453335e-05,3.66156073227078e-05,711.54671907509,0.024962665560530426,0.09140979002981456,1.5813120577674462,0.3611110391175014,0.10286409982993762
1735518600.0,3.66156073227078e-05,3.66156073227078e-05,3.64167676485e-05,3.64167676485e-05,39.27368029455,0.0014341250728854551,-0.005430462274060991,-0.9425492013499946,0.39412012338068036,0.005430462274060991
1735518660.0,3.64167676485e-05,3.64167676485e-05,3.61698986580954e-05,3.62507148373025e-05,78.32083508595,0.002845688955940849,-0.0045597899517131925,0.9842683248088897,0.3919798689192133,0.006778992380307272
1735518720.0,3.62507148373025e-05,3.62507148373025e-05,3.52662929895198e-05,3.52662929895198e-05,287.36670832695,0.010275803564293324,-0.027155929261006198,2.61100728976049,0.39019252305164165,0.027155929261006198
1735518780.0,3.52662929895198e-05,3.52662929895198e-05,3.35420507233674e-05,3.35420507233674e-05,147.88030804166,0.005087699532049089,-0.04889207569008747,-0.5048854816835948,0.37959648249747774,0.04889207569008747
1735518840.0,3.35420507233674e-05,3.35420507233674e-05,3.05579220547236e-05,3.05579220547236e-05,594.78970029788,0.019063001798891508,-0.08896679255704766,2.7468804277468437,0.3610372225435201,0.08896679255704766
1735518900.0,3.05579220547236e-05,3.05579220547236e-05,3.05579220547236e-05,3.05579220547236e-05,0.0,0.0,0.0,-1.0,0.3289168988601181,0.0
1735518960.0,3.05579220547236e-05,3.05579220547236e-05,2.96910407866469e-05,2.99408773084743e-05,109.44550393728,0.003310660791952794,-0.020192627795315707,inf,0.3289168988601181,0.028368462571645926
1735519020.0,2.99408773084743e-05,2.99408773084743e-05,2.99054712783029e-05,2.99054712783029e-05,7.3254014835,0.0002191992653598179,-0.001182531487191145,-0.9337898748513818,0.3222752023458462,0.001182531487191145
1735519080.0,2.99054712783029e-05,2.99054712783029e-05,2.93638762620734e-05,2.93638762620734e-05,121.94215845525,0.003613716084653924,-0.018110231776298443,15.485986295264132,0.3218941017715314,0.018110231776298443
1735519140.0,2.93638762620734e-05,2.93638762620734e-05,2.87302264491667e-05,2.87302264491667e-05,115.30104402851,0.0033491553472527386,-0.021579229092622408,-0.07321016128651446,0.31606452498102555,0.021579229092622408
1735519200.0,2.87302264491667e-05,2.93452470836623e-05,2.87302264491667e-05,2.93452470836623e-05,114.455,0.0033235141615999713,0.021406745108110314,-0.007656015620117591,0.3092440961884091,0.021406745108110314
1735519260.0,2.93452470836623e-05,2.93452470836623e-05,2.90976852325187e-05,2.90976852325187e-05,29.74457503149,0.0008691800926694687,-0.008436182201424712,-0.7384755862598651,0.3158640057317023,0.008436182201424712
1735519320.0,2.90976852325187e-05,2.94799021984027e-05,2.84975654102144e-05,2.84975654102144e-05,259.15292682417,0.00746298888761797,-0.020624314872772838,7.5862400100504725,0.31319931942847784,0.033759963390162344
1735519380.0,2.84975654102144e-05,2.84975654102144e-05,2.54642502651412e-05,2.54642502651412e-05,631.61753229993,0.01704161442764589,-0.10644120300837936,1.2834838272263889,0.30673979804664675,0.10644120300837936
1735519440.0,2.54642502651412e-05,2.57899972631359e-05,2.53096756597343e-05,2.57899972631359e-05,181.311,0.004646479436799725,0.012792326285004615,-0.7273451141306226,0.27409004493201433,0.018862585719208468
1735519500.0,2.57899972631359e-05,2.61327765229724e-05,2.57899972631359e-05,2.61327765229724e-05,1.1178366,2.9020588455816217e-05,0.013291170849655996,-0.9937542845393922,0.2775962942182562,0.013291170849655996
1735519560.0,2.61327765229724e-05,2.90521659586213e-05,2.61327765229724e-05,2.90521659586213e-05,685.29657414267,0.018909026013448228,0.111713710676038,650.572797782415,0.28128587399194244,0.111713710676038
1735519620.0,2.90521659586213e-05,3.18873562651293e-05,2.90521659586213e-05,3.08662095680544e-05,873.69524541693,0.026175199905381346,0.062440907573529006,0.38427013040044294,0.31270936273633476,0.09758963619256929
1735519680.0,3.08662095680544e-05,3.08662095680544e-05,2.97608818614357e-05,2.97608818614357e-05,2.00171929496,6.067920935585718e-05,-0.035810283221904875,-0.9976818053128457,0.3322352191523314,0.035810283221904875
1735519740.0,2.97608818614357e-05,3.08176188156926e-05,2.97608818614357e-05,3.08176188156926e-05,173.1572083605,0.005244802031958097,0.03550758203930206,85.43491053417677,0.3203377818581948,0.03550758203930206
1735519800.0,3.08176188156926e-05,3.39593681562633e-05,3.08176188156926e-05,3.36930353413333e-05,676.21630954216,0.02181157824010733,0.09330430565831087,3.15870381898174,0.3317122019278127,0.10194653128005104
1735519860.0,3.36930353413333e-05,3.42563147566663e-05,3.36930353413333e-05,3.39776589795356e-05,139.889885982,0.004733222856434563,0.008447551113126893,-0.7829949394615073,0.3626623786070767,0.016717977754945462
1735519920.0,3.39776589795356e-05,3.65348890292155e-05,3.39776589795356e-05,3.6486015825e-05,502.20788059375,0.01769370639121652,0.07382371007299689,2.7381942342230676,0.3657259875871681,0.07526210240735216
1735519980.0,3.6486015825e-05,3.66295109033099e-05,3.6486015825e-05,3.66295109033099e-05,26.11604838207,0.0009547443167585369,0.003932878804804372,-0.9460404566658521,0.39272523686096367,0.003932878804804372
1735520040.0,3.66295109033099e-05,3.66295109033099e-05,3.6505770238e-05,3.6505770238e-05,10.9517310714,0.000400478965445429,-0.0033781686475840237,-0.5805379949208814,0.3942697776211259,0.0033781686475840237
1735520100.0,3.6505770238e-05,3.82754300051655e-05,3.6505770238e-05,3.82223297923807e-05,405.21213246582,0.015140366384214836,0.04702159530368936,36.80564696419225,0.3929378678196763,0.0484761657027965
1735520160.0,3.82223297923807e-05,3.90230395931872e-05,3.82223297923807e-05,3.90230395931872e-05,191.75,0.007405899789841323,0.020948743971282203,-0.5108506886885759,0.4114144332197877,0.020948743971282203
1735520220.0,3.90230395931872e-05,4.7474879091411e-05,3.90230395931872e-05,4.7474879091411e-05,1371.18534871312,0.05930233939724994,0.21658588327136258,7.0074455609830135,0.4200330488473992,0.21658588327136258
1735520280.0,4.7474879091411e-05,4.76302926512979e-05,4.7344797997e-05,4.75381144385087e-05,52.86792646112,0.0025115699773953326,0.0013319748951007289,-0.9576480455421662,0.5110062777351766,0.006013594131502451
1735520340.0,4.75381144385087e-05,4.75381144385087e-05,4.33421049682895e-05,4.33421049682895e-05,949.14756553162,0.043129369502470996,-0.0882662158518468,16.172274669089276,0.5116869252683587,0.0882662158518468
1735520400.0,4.33421049682895e-05,4.49078943418333e-05,4.33421049682895e-05,4.49078943418333e-05,1.98300003202,8.749987572886925e-05,0.036126288159963243,-0.99797122293374,0.46652225667405395,0.036126288159963243
1735520460.0,4.49078943418333e-05,4.79949705362791e-05,4.49078943418333e-05,4.79949705362791e-05,479.35,0.02226649413966159,0.06874239462102942,253.47458015434756,0.4833759741516972,0.06874239462102942
1735520520.0,4.79949705362791e-05,4.84910850510467e-05,4.77791786542e-05,4.84910850510467e-05,197.28681033536,0.009517713074331873,0.010336802152896193,-0.5725544841215616,0.5166043961171577,0.014832937470157891
1735520580.0,4.84910850510467e-05,4.94431637716408e-05,4.84910850510467e-05,4.94431637716408e-05,107.50830249894,0.005264372423717973,0.019634098094357913,-0.44688683272924545,0.5219444335511372,0.019634098094357913
1735520640.0,4.94431637716408e-05,4.94431637716408e-05,4.94431637716408e-05,4.94431637716408e-05,0.0,0.0,0.0,-1.0,0.5321923417592842,0.0
1735520700.0,4.94431637716408e-05,5.09040539049752e-05,4.83275386836258e-05,4.85401947080614e-05,941.19740644335,0.046110841437852365,-0.018262768696393945,inf,0.5321923417592842,0.052110646342320356
1735520760.0,4.85401947080614e-05,4.86091327716156e-05,4.68367611215565e-05,4.68367611215565e-05,438.2494915356,0.02089945119827171,-0.035093258211055384,-0.5467562389543522,0.5224730361197422,0.03651348456096645
1735520820.0,4.68367611215565e-05,4.68367611215565e-05,4.26806860228521e-05,4.26806860228521e-05,483.17036256552,0.02162608869635184,-0.08873532240878142,0.034768257366500493,0.504137754954878,0.08873532240878142
1735520880.0,4.26806860228521e-05,4.26806860228521e-05,4.13167410596249e-05,4.13167410596249e-05,169.1882801796,0.0071056901137978214,-0.03195695970062239,-0.671429715582527,0.4594029287305177,0.03195695970062239
1735520940.0,4.13167410596249e-05,4.14124236659914e-05,4.13167410596249e-05,4.13182185270648e-05,157.5539396474,0.0065097317177433235,3.575953480367248e-05,-0.0838705863202881,0.4447218078507286,0.002315831401813979
1735521000.0,4.13182185270648e-05,4.13182185270648e-05,4.09641928136188e-05,4.09641928136188e-05,44.4004017058,0.0018266860584241127,-0.008568271480874688,-0.7193914991235069,0.4447377108956944,0.008568271480874688
1735521060.0,4.09641928136188e-05,4.09641928136188e-05,4.04259599131231e-05,4.04259599131231e-05,78.97661888308,0.0032139595363677846,-0.0131391067058145,0.7594482212999845,0.4409270774509573,0.0131391067058145
1735521120.0,4.04259599131231e-05,4.0688461300666e-05,4.04259599131231e-05,4.05804600654387e-05,105.13454549508,0.004258286573314832,0.0038218054103755523,0.3249347184150553,0.4351336895308463,0.0064933866284690315
1735521180.0,4.05804600654387e-05,4.06457234483298e-05,4.04363426660982e-05,4.06457234483298e-05,7.35228948093,0.0002985992073121849,0.0016082465005536613,-0.929878085429149,0.43679668581973197,0.005159645353797441
1735521240.0,4.06457234483298e-05,4.06457234483298e-05,4.02881005955008e-05,4.03787349809333e-05,55.85547717357,0.0022628298941482885,-0.00656867302991687,6.578151042385401,0.43749916256115495,0.0087985357988184
1735521300.0,4.03787349809333e-05,4.03787349809333e-05,3.88346262949216e-05,3.88346262949216e-05,256.05499240858,0.010141488310073565,-0.03824064044455137,3.4817722871257817,0.4346253736114283,0.03824064044455137
1735521360.0,3.88346262949216e-05,3.88346262949216e-05,3.76559355239824e-05,3.76559355239824e-05,260.12713831956,0.009948635477203448,-0.030351541482281058,-0.0190162259200709,0.41800502097107484,0.030351541482281058
1735521420.0,3.76559355239824e-05,3.76559355239824e-05,3.76559355239824e-05,3.76559355239824e-05,0.0,0.0,0.0,-1.0,0.40531792423726953,0.0
1735521480.0,3.76559355239824e-05,3.86940407785509e-05,3.68453416212037e-05,3.86940407785509e-05,486.37909920758,0.018567516349273113,0.027568170598426475,inf,0.40531792423726953,0.04909449550575614
1735521540.0,3.86940407785509e-05,3.97785240495159e-05,3.86940407785509e-05,3.97785240495159e-05,0.89882337776,3.526648789012678e-05,0.028027139299603886,-0.9981006351508339,0.4164917979192427,0.028027139299603886
1735521600.0,3.97785240495159e-05,4.01030411980592e-05,3.72687900541986e-05,3.72863424553282e-05,571.62719450416,0.02202618671750082,-0.0626514345048462,623.5642261322903,0.4281648715566677,0.07125078699080316
1735521660.0,3.72863424553282e-05,3.77568252331575e-05,3.72863424553282e-05,3.77568252331575e-05,62.8295659514,0.002357464826742841,0.012618099466124107,-0.8929699063674182,0.40133972814905927,0.012618099466124107
1735521720.0,3.77568252331575e-05,3.82268648746946e-05,3.77568252331575e-05,3.82268648746946e-05,96.41,0.0036627937816490104,0.012449130419056384,0.5537002885891025,0.40640387275855133,0.012449130419056384
1735521780.0,3.82268648746946e-05,3.82268648746946e-05,3.82268648746946e-05,3.82268648746946e-05,0.0,0.0,0.0,-1.0,0.41146324757333214,0.0
1735521840.0,3.82268648746946e-05,3.82268648746946e-05,3.82268648746946e-05,3.82268648746946e-05,0.0,0.0,0.0,0.0,0.41146324757333214,0.0
1735521900.0,3.82268648746946e-05,3.82268648746946e-05,3.82268648746946e-05,3.82268648746946e-05,0.0,0.0,0.0,0.0,0.41146324757333214,0.0
1735521960.0,3.82268648746946e-05,3.85380421316845e-05,3.79233409156143e-05,3.82922877718653e-05,336.58897793841,0.012877751691009388,0.0017114376861706577,inf,0.41146324757333214,0.01608034606251808
1735522020.0,3.82922877718653e-05,3.98433343966888e-05,3.82922877718653e-05,3.98433343966888e-05,175.64485949464,0.0068620601886609815,0.0405054572363029,-0.467138336465073,0.4121674412817033,0.0405054572363029
1735522080.0,3.98433343966888e-05,3.98433343966888e-05,3.51115454864772e-05,3.51115454864772e-05,786.9628079078,0.02949335136962409,-0.1187598623925621,3.298031576341978,0.4288624719487357,0.1187598623925621
1735522140.0,3.51115454864772e-05,3.58824306442271e-05,3.51115454864772e-05,3.58824306442271e-05,130.4500577247,0.004630584142178176,0.021955318316785506,-0.8429956608136665,0.37793082379476983,0.021955318316785506
1735522200.0,3.58824306442271e-05,3.59803395756507e-05,3.5197996548313e-05,3.5197996548313e-05,182.76908729813,0.006495652401370868,-0.01907435153154017,0.4027717026464365,0.38622841533290897,0.021802955187027215
1735522260.0,3.5197996548313e-05,3.5197996548313e-05,3.5197996548313e-05,3.5197996548313e-05,0.0,0.0,0.0,-1.0,0.37886135876737936,0.0
1735522320.0,3.5197996548313e-05,3.5197996548313e-05,3.47001152948514e-05,3.47001152948514e-05,12.4145618976,0.0004338772180011661,-0.01414515888079613,inf,0.37886135876737936,0.01414515888079613
1735522380.0,3.47001152948514e-05,3.47001152948514e-05,3.47001152948514e-05,3.47001152948514e-05,0.0,0.0,0.0,-1.0,0.3735023046538205,0.0
1735522440.0,3.47001152948514e-05,3.5126698361815e-05,3.47001152948514e-05,3.5126698361815e-05,95.68845,0.00334080978362262,0.012293419296704569,inf,0.3735023046538205,0.012293419296704569
1735522500.0,3.5126698361815e-05,3.54689498522385e-05,3.5126698361815e-05,3.54689498522385e-05,19.324,0.000682095153044185,0.00974334356443678,-0.7958293954992695,0.3780939250932154,0.00974334356443678
1735522560.0,3.54689498522385e-05,3.76421058209049e-05,3.4680568380274e-05,3.76421058209049e-05,1107.99385584632,0.04050330024014056,0.0612692503646043,58.38071845163342,0.38177782410502503,0.08349662036706712
1735522620.0,3.76421058209049e-05,4.06548599472691e-05,3.76421058209049e-05,4.06548599472691e-05,0.66677135644,2.6103087035190812e-05,0.08003681145519341,-0.9993555318485055,0.40516906519376966,0.08003681145519341
1735522680.0,4.06548599472691e-05,4.36378863514617e-05,4.06548599472691e-05,4.36378863514617e-05,419.8516,0.0176952222009581,0.07337441103134272,676.8976822588965,0.43759750527216035,0.07337441103134272
1735522740.0,4.36378863514617e-05,4.36378863514617e-05,4.36378863514617e-05,4.36378863514617e-05,0.0,0.0,0.0,-1.0,0.46970596449029,0.0
1735522800.0,4.36378863514617e-05,5.16259225324725e-05,4.36378863514617e-05,5.01273590201893e-05,1499.84235193784,0.07031654307412286,0.14871189260774612,inf,0.46970596449029,0.18305277475345078
1735522860.0,5.01273590201893e-05,5.04283670973123e-05,4.99487122740339e-05,5.0399382827811e-05,64.25891401694,0.0032298696304068875,0.00542665348701374,-0.9540667176001217,0.5395568274387879,0.009568723201340263
1735522920.0,5.0399382827811e-05,5.0399382827811e-05,5.0399382827811e-05,5.0399382827811e-05,0.0,0.0,0.0,-1.0,0.5424848153778506,0.0
1735522980.0,5.0399382827811e-05,5.25836302496359e-05,5.0399382827811e-05,5.25836302496359e-05,313.87225543936,0.016161755293279685,0.043338773200603704,inf,0.5424848153778506,0.043338773200603704
1735523040.0,5.25836302496359e-05,5.62204585010136e-05,4.6288229845328e-05,4.64848794980264e-05,2555.8828655817,0.12660375329138185,-0.11598192674519141,6.833539797748683,0.5659954417562827,0.1888844229379612
1735523100.0,4.64848794980264e-05,4.93399135092826e-05,4.64848794980264e-05,4.93399135092826e-05,547.25368535916,0.02622023556101426,0.06141855248602752,-0.7928952745921545,0.5003501998923933,0.06141855248602752
1735523160.0,4.93399135092826e-05,5.06525890242485e-05,4.93399135092826e-05,5.00910854807422e-05,366.1195597211,0.01820181678642851,0.015224428217092016,-0.3058103256138549,0.5310809849058785,0.02660473887371003
1735523220.0,5.00910854807422e-05,5.41219840742245e-05,5.00568032952128e-05,5.3976820568341e-05,651.63294474394,0.033907038036049886,0.07757338556962774,0.862838113024595,0.5391663892380406,0.08115577332766284
1735523280.0,5.3976820568341e-05,5.3976820568341e-05,5.34558971839765e-05,5.34558971839765e-05,65.79708592572,0.0035343798805914295,-0.009650871964660208,-0.8957626473644296,0.5809913514365872,0.009650871964660208
1735523340.0,5.34558971839765e-05,5.40655097764875e-05,5.34558971839765e-05,5.40655097764875e-05,219.62550927668,0.011807221880918536,0.011404028827968716,2.340677086171835,0.5753842782912978,0.011404028827968716
1735523400.0,5.40655097764875e-05,5.40655097764875e-05,5.40655097764875e-05,5.40655097764875e-05,0.0,0.0,0.0,-1.0,0.5819459771880917,0.0
1735523460.0,5.40655097764875e-05,5.41466230886718e-05,5.3911814136418e-05,5.41466230886718e-05,47.72396757457,0.0025821561600159614,0.0015002783201273325,inf,0.5819459771880917,0.004343045191370968
1735523520.0,5.41466230886718e-05,5.45416888992207e-05,5.41466230886718e-05,5.45416888992207e-05,45.795582,0.002488722252041557,0.007296222516073339,-0.036184452908466565,0.5828190581211523,0.007296222516073339
1735523580.0,5.45416888992207e-05,5.45416888992207e-05,5.45416888992207e-05,5.45416888992207e-05,0.0,0.0,0.0,-1.0,0.5870714356558125,0.0
1735523640.0,5.45416888992207e-05,5.45416888992207e-05,5.45416888992207e-05,5.45416888992207e-05,0.0,0.0,0.0,0.0,0.5870714356558125,0.0
1735523700.0,5.45416888992207e-05,5.53887913385913e-05,5.45416888992207e-05,5.53887913385913e-05,183.98681060793,0.010112879223776555,0.015531283619321557,inf,0.5870714356558125,0.015531283619321557
1735523760.0,5.53887913385913e-05,5.56936497967853e-05,5.53887913385913e-05,5.56936497967853e-05,91.66757077008,0.00509132876704519,0.00550397383344946,-0.4965500275060257,0.5961894086277852,0.00550397383344946
1735523820.0,5.56936497967853e-05,5.58934547693968e-05,5.51441625471673e-05,5.51441625471673e-05,113.33889893458,0.006281117805690593,-0.009866246001527345,0.23368929666192237,0.5994708195326522,0.01345381789420356
1735523880.0,5.51441625471673e-05,5.54870237098573e-05,5.51441625471673e-05,5.54870237098573e-05,50.99626864651,0.002820888847522656,0.006217542290115162,-0.5508938162301342,0.5935562929564059,0.006217542290115162
1735523940.0,5.54870237098573e-05,5.55556018104995e-05,5.533723641975e-05,5.55556018104995e-05,28.99982944812,0.0016101086007809023,0.0012359304222334152,-0.4292194099760711,0.5972467543094263,0.00393543167662655
1735524000.0,5.55556018104995e-05,5.55556018104995e-05,5.52848234859381e-05,5.52848234859381e-05,20.77637979564,0.0011514313863345254,-0.004874005784061636,-0.28487346395387153,0.5979849097426575,0.004874005784061636
1735524060.0,5.52848234859381e-05,5.57181149836392e-05,5.49444806595262e-05,5.57181149836392e-05,265.03841206804,0.014710021273431557,0.007837440193895331,11.775421486693654,0.5950703278337902,0.013993611181733723
1735524120.0,5.57181149836392e-05,5.58837751711737e-05,5.5464406639003e-05,5.5464406639003e-05,108.4765534772,0.006030348376264246,-0.004553426559938336,-0.5900516889696187,0.5997341559393492,0.0075266101930017
1735524180.0,5.5464406639003e-05,5.5464406639003e-05,5.43824155404214e-05,5.43824155404214e-05,204.47631335772,0.011230536616654865,-0.019507845916821472,0.862336289037433,0.5970033105047928,0.019507845916821472
1735524240.0,5.43824155404214e-05,5.43824155404214e-05,5.01348301075081e-05,5.01348301075081e-05,485.86460502294,0.02539061513740843,-0.0781058618066744,1.2608550244833532,0.585357061911633,0.0781058618066744
1735524300.0,5.01348301075081e-05,5.05747913671924e-05,4.99005560373345e-05,5.05747913671924e-05,149.01269007336,0.007503505806107473,0.008775560997032496,-0.7044771949990125,0.539637244126402,0.013448441500890293
1735524360.0,5.05747913671924e-05,5.05747913671924e-05,5.02707708573651e-05,5.02707708573651e-05,62.2121606745,0.0031369101602122295,-0.006011305269061673,-0.5819407299373389,0.5443728636785038,0.006011305269061673
1735524420.0,5.02707708573651e-05,5.02707708573651e-05,4.76345461031584e-05,4.76345461031584e-05,327.56364628333,0.016035111307057114,-0.052440507858662985,4.111753441473201,0.541100472214739,0.052440507858662985
1735524480.0,4.76345461031584e-05,4.76345461031584e-05,4.71162391454565e-05,4.71162391454565e-05,85.88585123498,0.004068875923130038,-0.010880904723631584,-0.7462520935954271,0.5127248886492357,0.010880904723631584
1735524540.0,4.71162391454565e-05,4.71162391454565e-05,4.25118641036925e-05,4.28151539239752e-05,665.09488544484,0.02990645478570428,-0.09128668373133639,6.350053270412417,0.5071459779864088,0.09772373867849345
1735524600.0,4.28151539239752e-05,4.29243278448333e-05,4.28151539239752e-05,4.29243278448333e-05,12.87729835345,0.000552046443703567,0.0025498897201668216,-0.9815408931730867,0.4608503034883442,0.0025498897201668216
1735524660.0,4.29243278448333e-05,4.31203586992537e-05,4.29243278448333e-05,4.31203586992537e-05,48.045,0.0020670084825053303,0.004566893979773521,2.7442655524382915,0.4620254209397449,0.004566893979773521
1735524720.0,4.31203586992537e-05,4.33514761580227e-05,4.31203586992537e-05,4.33514761580227e-05,28.806,0.0012454538374493522,0.005359822268199284,-0.3974607032382411,0.46413544205313695,0.005359822268199284
1735524780.0,4.33514761580227e-05,4.33514761580227e-05,4.26155808825026e-05,4.26155808825026e-05,179.07835230376,0.00769741946361031,-0.016975091524857183,5.1804133016879765,0.46662312553091384,0.016975091524857183
1735524840.0,4.26155808825026e-05,4.26155808825026e-05,4.26155808825026e-05,4.26155808825026e-05,0.0,0.0,0.0,-1.0,0.45870215526741165,0.0
1735524900.0,4.26155808825026e-05,4.26155808825026e-05,4.26155808825026e-05,4.26155808825026e-05,0.0,0.0,0.0,0.0,0.45870215526741165,0.0
1735524960.0,4.26155808825026e-05,4.26155808825026e-05,4.14116010997902e-05,4.14116010997902e-05,143.24466409554,0.006018222728974172,-0.028252103051978675,inf,0.45870215526741165,0.028252103051978675
1735525020.0,4.14116010997902e-05,4.14116010997902e-05,4.14116010997902e-05,4.14116010997902e-05,0.0,0.0,0.0,-1.0,0.44574285470663205,0.0
1735525080.0,4.14116010997902e-05,4.14116010997902e-05,4.14116010997902e-05,4.14116010997902e-05,0.0,0.0,0.0,0.0,0.44574285470663205,0.0
1735525140.0,4.14116010997902e-05,4.19135143239304e-05,4.14116010997902e-05,4.19135143239304e-05,120.82529634875,0.005033890882182421,0.012120111534222697,inf,0.44574285470663205,0.012120111534222697
1735525200.0,4.19135143239304e-05,4.19135143239304e-05,4.16757987181457e-05,4.16757987181457e-05,15.1302019638,0.0006323615941709564,-0.0056715741836272935,-0.8743791613741142,0.4511453078212592,0.0056715741836272935
1735525260.0,4.16757987181457e-05,4.16757987181457e-05,4.16757987181457e-05,4.16757987181457e-05,0.0,0.0,0.0,-1.0,0.4485866037403556,0.0
1735525320.0,4.16757987181457e-05,4.16757987181457e-05,3.56957615193837e-05,3.56957615193837e-05,915.86215965242,0.03543084212741049,-0.14348944429847926,inf,0.4485866037403556,0.14348944429847926
1735525380.0,3.56957615193837e-05,3.70519756793274e-05,3.56957615193837e-05,3.65290497557802e-05,315.0611603625,0.011377616423657855,0.023344178718361346,-0.6788781823829203,0.38421916124990985,0.03799370295566432
1735525440.0,3.65290497557802e-05,3.65431485196771e-05,3.65290497557802e-05,3.65431485196771e-05,59.2348,0.002164208525203529,0.00038596032448580115,-0.8097836625337959,0.39318844201714664,0.00038596032448580115
1735525500.0,3.65431485196771e-05,3.65431485196771e-05,3.61304258650167e-05,3.61304258650167e-05,72.2527019308,0.0026254310541315514,-0.011294118634527693,0.21311371966093123,0.39334019715581164,0.011294118634527693
1735525560.0,3.61304258650167e-05,3.63041564951075e-05,3.61304258650167e-05,3.63041564951075e-05,7.6444,0.00027685946069686674,0.004808430178483241,-0.8945470458037043,0.3888977663054054,0.004808430178483241
1735525620.0,3.63041564951075e-05,3.63041564951075e-05,3.63041564951075e-05,3.63041564951075e-05,0.0,0.0,0.0,-1.0,0.390767754061253,0.0
1735525680.0,3.63041564951075e-05,3.63041564951075e-05,3.5999612054437e-05,3.5999612054437e-05,44.18861676655,0.0015975017596065763,-0.00838869347402528,inf,0.390767754061253,0.00838869347402528
1735525740.0,3.5999612054437e-05,3.5999612054437e-05,3.32666133601711e-05,3.32666133601711e-05,559.18691465184,0.019366383439586785,-0.07591744850286661,11.122918377477236,0.38748972315289987,0.07591744850286661
1735525800.0,3.32666133601711e-05,3.32666133601711e-05,3.17702927591852e-05,3.17702927591852e-05,336.18206805578,0.01093212079957741,-0.044979649259319784,-0.43551046411530386,0.35807249205004954,0.044979649259319784
1735525860.0,3.17702927591852e-05,3.17702927591852e-05,3.09676918135833e-05,3.112278376584e-05,31.15808744828,0.0009798139891290508,-0.02038095771585231,-0.9103729269834883,0.34196651694822777,0.025262623535940276
1735525920.0,3.112278376584e-05,3.28002018483368e-05,3.112278376584e-05,3.21949805239248e-05,534.68246712214,0.016927449211554788,0.03445054164022533,16.276186500053416,0.33499691182606867,0.053896788125293485
1735525980.0,3.21949805239248e-05,3.21949805239248e-05,3.17477720394388e-05,3.19340027553215e-05,12.008349683,0.0003850416280162248,-0.008106163270058886,-0.977253417026743,0.34653773688627953,0.013890627582572056
1735526040.0,3.19340027553215e-05,3.20140882111325e-05,3.19340027553215e-05,3.20140882111325e-05,18.89613,0.0006041857200769701,0.002507842703735396,0.5691438954011255,0.3437286454118426,0.002507842703735396
1735526100.0,3.20140882111325e-05,3.20140882111325e-05,3.20140882111325e-05,3.20140882111325e-05,0.0,0.0,0.0,-1.0,0.34459066278730355,0.0
1735526160.0,3.20140882111325e-05,3.20140882111325e-05,3.20140882111325e-05,3.20140882111325e-05,0.0,0.0,0.0,0.0,0.34459066278730355,0.0
1735526220.0,3.20140882111325e-05,3.45921729339713e-05,3.20140882111325e-05,3.45921729339713e-05,549.62760417184,0.018304319868013657,0.08052969385966464,inf,0.34459066278730355,0.08052969385966464
1735526280.0,3.45921729339713e-05,3.56624398557022e-05,3.25752979377742e-05,3.25752979377742e-05,641.58316577604,0.021546759299532217,-0.05830437423075035,0.17714066706103854,0.37234044336846406,0.08924394324174602
1735526340.0,3.25752979377742e-05,3.25752979377742e-05,3.23318502644044e-05,3.23318502644044e-05,51.48773019258,0.0016709608671017881,-0.007473382863138748,-0.9224495505856388,0.35063136681706564,0.007473382863138748
1735526400.0,3.23318502644044e-05,3.2630183175274e-05,3.23318502644044e-05,3.2630183175274e-05,95.45,0.003100313045908652,0.009227214292713856,0.8554073329592783,0.348010964369016,0.009227214292713856
1735526460.0,3.2630183175274e-05,3.3257524498509e-05,3.2630183175274e-05,3.3257524498509e-05,114.54,0.003773389018477553,0.019225798392403105,0.21709935822678628,0.351222136113463,0.019225798392403105
1735526520.0,3.3257524498509e-05,3.3992496536461e-05,3.3257524498509e-05,3.3992496536461e-05,106.55461651608,0.0035829001010397707,0.022099421079429655,-0.050482183656388235,0.35797466209332957,0.022099421079429655
1735526580.0,3.3992496536461e-05,3.3992496536461e-05,3.3992496536461e-05,3.3992496536461e-05,0.0,0.0,0.0,-1.0,0.3658856948866966,0.0
1735526640.0,3.3992496536461e-05,3.3992496536461e-05,3.3992496536461e-05,3.3992496536461e-05,0.0,0.0,0.0,0.0,0.3658856948866966,0.0
1735526700.0,3.3992496536461e-05,3.3992496536461e-05,3.391283530416e-05,3.391283530416e-05,16.95641765208,0.0005757155837463279,-0.0023434946066863325,inf,0.3658856948866966,0.0023434946066863325
1735526760.0,3.391283530416e-05,3.391283530416e-05,3.1542719999842e-05,3.18655906788898e-05,500.05370564101,0.016446372832028475,-0.06036784028550593,27.566836292684208,0.36502824373406595,0.06988844439165086
1735526820.0,3.18655906788898e-05,3.18655906788898e-05,3.18655906788898e-05,3.18655906788898e-05,0.0,0.0,0.0,-1.0,0.3429922770166291,0.0
1735526880.0,3.18655906788898e-05,3.18655906788898e-05,3.14923040234873e-05,3.14923040234873e-05,77.38725032068,0.0024515466285620706,-0.0117144119236362,inf,0.3429922770166291,0.0117144119236362
1735526940.0,3.14923040234873e-05,3.14923040234873e-05,3.12907248267116e-05,3.12907248267116e-05,16.13397352416,0.0005064698626178414,-0.0064009034278776624,-0.793408023850272,0.3389743241970304,0.0064009034278776624
1735527000.0,3.12907248267116e-05,3.12907248267116e-05,3.12521132177919e-05,3.12521132177919e-05,16.24758939104,0.000508085175948704,-0.0012339633911816357,0.0031893572551649663,0.3368045822833151,0.0012339633911816357
1735527060.0,3.12521132177919e-05,3.12521132177919e-05,3.12521132177919e-05,3.12521132177919e-05,0.0,0.0,0.0,-1.0,0.3363889777587953,0.0
1735527120.0,3.12521132177919e-05,3.12521132177919e-05,3.12521132177919e-05,3.12521132177919e-05,0.0,0.0,0.0,0.0,0.3363889777587953,0.0
1735527180.0,3.12521132177919e-05,3.12521132177919e-05,3.12521132177919e-05,3.12521132177919e-05,0.0,0.0,0.0,0.0,0.3363889777587953,0.0
1735527240.0,3.12521132177919e-05,3.12521132177919e-05,3.12521132177919e-05,3.12521132177919e-05,0.0,0.0,0.0,0.0,0.3363889777587953,0.0
1735527300.0,3.12521132177919e-05,3.12521132177919e-05,3.09567705657869e-05,3.09957733404786e-05,135.03474025542,0.004202813596422453,-0.00820232140869637,inf,0.3363889777587953,0.009450325805067787
1735527360.0,3.09957733404786e-05,3.09957733404786e-05,2.81522098933968e-05,2.82518933669333e-05,577.75659605914,0.017115365120660368,-0.0885243269591844,3.0723588443773533,0.33362980724487484,0.09174036136624729
1735527420.0,2.82518933669333e-05,2.82518933669333e-05,2.76097857477966e-05,2.76097857477966e-05,132.75750972301,0.00370802870410871,-0.022727949974787855,-0.7833508851276179,0.30409545310499986,0.022727949974787855
1735527480.0,2.76097857477966e-05,2.76097857477966e-05,2.70977824442732e-05,2.70977824442732e-05,141.35426538321,0.003866574056345946,-0.018544269347119467,0.04275731524450133,0.29718398685926894,0.018544269347119467
1735527540.0,2.70977824442732e-05,2.70977824442732e-05,2.66507241683805e-05,2.66507241683805e-05,24.5670614645,0.000660221432789074,-0.016497965352407596,-0.829248988078866,0.29167292696129987,0.016497965352407596
1735527600.0,2.66507241683805e-05,2.71409874451922e-05,2.66507241683805e-05,2.71409874451922e-05,118.83260188242,0.0031961045253748165,0.0183958707356015,3.840958452186299,0.28686091711805706,0.0183958707356015
1735527660.0,2.71409874451922e-05,2.72138480461882e-05,2.71409874451922e-05,2.72138480461882e-05,2.97073363833,8.073686910006856e-05,0.002684522851024951,-0.9747389772583861,0.2921379734684569,0.002684522851024951
1735527720.0,2.72138480461882e-05,2.79557001444699e-05,2.72138480461882e-05,2.77649448295416e-05,188.05895579016,0.0051696271894066175,0.020250601179886887,63.03056307520634,0.2929222245338851,0.027260095559532956
1735527780.0,2.77649448295416e-05,2.9044763865567e-05,2.75774793713678e-05,2.9044763865567e-05,327.44439181856,0.009301010256529697,0.046094780446445716,0.7991646042849929,0.29885407567964606,0.052846656213702416
1735527840.0,2.9044763865567e-05,2.9044763865567e-05,2.9044763865567e-05,2.9044763865567e-05,0.0,0.0,0.0,-1.0,0.31262968868362484,0.0
1735527900.0,2.9044763865567e-05,2.9044763865567e-05,2.87692280333983e-05,2.87692280333983e-05,77.19474967776,0.0022314683162563357,-0.00948659226303265,inf,0.31262968868362484,0.00948659226303265
1735527960.0,2.87692280333983e-05,2.87692280333983e-05,2.82968789755064e-05,2.82968789755064e-05,98.3992818921,0.0028076319750269785,-0.016418551701962637,0.2581993455041542,0.3096638982977645,0.016418551701962637
1735528020.0,2.82968789755064e-05,2.82968789755064e-05,2.82968789755064e-05,2.82968789755064e-05,0.0,0.0,0.0,-1.0,0.3045796655733313,0.0
1735528080.0,2.82968789755064e-05,2.82968789755064e-05,2.79662539840613e-05,2.79662539840613e-05,63.81131047201,0.0017951121227054766,-0.011684150458122414,inf,0.3045796655733313,0.011684150458122414
1735528140.0,2.79662539840613e-05,2.81760406254913e-05,2.79662539840613e-05,2.81760406254913e-05,95.3469,0.0026764968749537757,0.007501420874943104,0.4909914768554585,0.3010209109342879,0.007501420874943104
1735528200.0,2.81760406254913e-05,2.81760406254913e-05,2.81760406254913e-05,2.81760406254913e-05,0.0,0.0,0.0,-1.0,0.30327899547936477,0.0
1735528260.0,2.81760406254913e-05,2.81760406254913e-05,2.81760406254913e-05,2.81760406254913e-05,0.0,0.0,0.0,0.0,0.30327899547936477,0.0
1735528320.0,2.81760406254913e-05,2.81760406254913e-05,2.81760406254913e-05,2.81760406254913e-05,0.0,0.0,0.0,0.0,0.30327899547936477,0.0
1735528380.0,2.81760406254913e-05,2.81760406254913e-05,2.81760406254913e-05,2.81760406254913e-05,0.0,0.0,0.0,0.0,0.30327899547936477,0.0
1735528440.0,2.81760406254913e-05,2.81760406254913e-05,2.81760406254913e-05,2.81760406254913e-05,0.0,0.0,0.0,0.0,0.30327899547936477,0.0
1735528500.0,2.81760406254913e-05,2.81760406254913e-05,2.81760406254913e-05,2.81760406254913e-05,0.0,0.0,0.0,0.0,0.30327899547936477,0.0
1735528560.0,2.81760406254913e-05,2.81760406254913e-05,2.81103580067028e-05,2.81103580067028e-05,46.22669682558,0.0013009671424870888,-0.0023311514794265766,inf,0.30327899547936477,0.0023311514794265766
1735528620.0,2.81103580067028e-05,2.81103580067028e-05,2.81103580067028e-05,2.81103580067028e-05,0.0,0.0,0.0,-1.0,0.30257200620037406,0.0
1735528680.0,2.81103580067028e-05,2.81103580067028e-05,2.81103580067028e-05,2.81103580067028e-05,0.0,0.0,0.0,0.0,0.30257200620037406,0.0
1735528740.0,2.81103580067028e-05,2.81103580067028e-05,2.79711995917127e-05,2.79711995917127e-05,3.36241671006,9.428478319755232e-05,-0.004950431970909847,inf,0.30257200620037406,0.004950431970909847
1735528800.0,2.79711995917127e-05,2.79711995917127e-05,2.79711995917127e-05,2.79711995917127e-05,0.0,0.0,0.0,-1.0,0.30107414406737737,0.0
1735528860.0,2.79711995917127e-05,2.79711995917127e-05,2.79711995917127e-05,2.79711995917127e-05,0.0,0.0,0.0,0.0,0.30107414406737737,0.0
1735528920.0,2.79711995917127e-05,2.79711995917127e-05,2.79711995917127e-05,2.79711995917127e-05,0.0,0.0,0.0,0.0,0.30107414406737737,0.0
1735528980.0,2.79711995917127e-05,2.79711995917127e-05,2.79711995917127e-05,2.79711995917127e-05,0.0,0.0,0.0,0.0,0.30107414406737737,0.0
1735529040.0,2.79711995917127e-05,2.79711995917127e-05,2.79711995917127e-05,2.79711995917127e-05,0.0,0.0,0.0,0.0,0.30107414406737737,0.0
1735529100.0,2.79711995917127e-05,2.79711995917127e-05,2.79711995917127e-05,2.79711995917127e-05,0.0,0.0,0.0,0.0,0.30107414406737737,0.0
1735529160.0,2.79711995917127e-05,2.79711995917127e-05,2.79711995917127e-05,2.79711995917127e-05,0.0,0.0,0.0,0.0,0.30107414406737737,0.0
1735529220.0,2.79711995917127e-05,2.79711995917127e-05,2.79219539579287e-05,2.79219539579287e-05,6.10529063463,0.0001706219734532811,-0.0017605835467489183,inf,0.30107414406737737,0.0017605835467489183
1735529280.0,2.79219539579287e-05,2.79219539579287e-05,2.79219539579287e-05,2.79219539579287e-05,0.0,0.0,0.0,-1.0,0.3005440778829808,0.0
1735529340.0,2.79219539579287e-05,2.79219539579287e-05,2.54794359628995e-05,2.54794359628995e-05,552.89874168519,0.014762780645733048,-0.08747661423371209,inf,0.3005440778829808,0.08747661423371209
1735529400.0,2.54794359628995e-05,2.54794359628995e-05,2.48059687214573e-05,2.48059687214573e-05,56.60040749636,0.0014230871981269822,-0.026431795524156563,-0.903603038460217,0.27425349952178457,0.026431795524156563
1735529460.0,2.48059687214573e-05,2.48059687214573e-05,2.46614133179777e-05,2.46614133179777e-05,0.90597001644,2.2407982459755342e-05,-0.005827444398676458,-0.9842539638546057,0.2670044871006404,0.005827444398676458
1735529520.0,2.46614133179777e-05,2.46614133179777e-05,2.46614133179777e-05,2.46614133179777e-05,0.0,0.0,0.0,-1.0,0.26544853329786433,0.0
1735529580.0,2.46614133179777e-05,2.46614133179777e-05,2.46614133179777e-05,2.46614133179777e-05,0.0,0.0,0.0,0.0,0.26544853329786433,0.0
1735529640.0,2.46614133179777e-05,2.46614133179777e-05,2.46614133179777e-05,2.46614133179777e-05,0.0,0.0,0.0,0.0,0.26544853329786433,0.0
1735529700.0,2.46614133179777e-05,2.46614133179777e-05,2.46614133179777e-05,2.46614133179777e-05,0.0,0.0,0.0,0.0,0.26544853329786433,0.0
1735529760.0,2.46614133179777e-05,2.46614133179777e-05,2.36126976370378e-05,2.36126976370378e-05,393.5361491627,0.009498803864744854,-0.04252455718648558,inf,0.26544853329786433,0.04252455718648558
1735529820.0,2.36126976370378e-05,2.36126976370378e-05,2.25996714174e-05,2.25996714174e-05,13.55980285044,0.0003133153068149755,-0.04290175714818854,-0.967015288316684,0.25416045196357057,0.04290175714818854
1735529880.0,2.25996714174e-05,2.28995254391696e-05,2.25996714174e-05,2.28443660245138e-05,165.40396611444,0.003758312014572826,0.010827352424487227,10.995302919535467,0.24325652197675562,0.013268069974625265
1735529940.0,2.28443660245138e-05,2.56125740635168e-05,2.28443660245138e-05,2.56125740635168e-05,620.0102896722,0.015021900730304145,0.12117683791410523,2.996980738176298,0.24589034606975296,0.12117683791410523
1735530000.0,2.56125740635168e-05,2.5747723260833e-05,2.56125740635168e-05,2.5747723260833e-05,2.68142,6.885926422572902e-05,0.00527667375333073,-0.9954160751384266,0.2756865606800907,0.00527667375333073
1735530060.0,2.5747723260833e-05,2.5779405056e-05,2.5747723260833e-05,2.5779405056e-05,15.4676430336,0.0003985016136756376,0.0012304697718728344,4.787189540238201,0.2771412687189773,0.0012304697718728344
1735530120.0,2.5779405056e-05,2.5779405056e-05,2.56401505197e-05,2.56401505197e-05,15.38409031182,0.00039552154338510825,-0.005401774633568933,-0.007478188765767416,0.2774822826726745,0.005401774633568933
1735530180.0,2.56401505197e-05,2.56401505197e-05,2.56401505197e-05,2.56401505197e-05,0.0,0.0,0.0,-1.0,0.27598338591686844,0.0
1735530240.0,2.56401505197e-05,2.56401505197e-05,2.56401505197e-05,2.56401505197e-05,0.0,0.0,0.0,0.0,0.27598338591686844,0.0
1735530300.0,2.56401505197e-05,2.56401505197e-05,2.56401505197e-05,2.56401505197e-05,0.0,0.0,0.0,0.0,0.27598338591686844,0.0
1735530360.0,2.56401505197e-05,2.56401505197e-05,2.56401505197e-05,2.56401505197e-05,0.0,0.0,0.0,0.0,0.27598338591686844,0.0
1735530420.0,2.56401505197e-05,2.56401505197e-05,2.56401505197e-05,2.56401505197e-05,0.0,0.0,0.0,0.0,0.27598338591686844,0.0
1735530480.0,2.56401505197e-05,2.56401505197e-05,2.56401505197e-05,2.56401505197e-05,0.0,0.0,0.0,0.0,0.27598338591686844,0.0
1735530540.0,2.56401505197e-05,2.56401505197e-05,2.56401505197e-05,2.56401505197e-05,0.0,0.0,0.0,0.0,0.27598338591686844,0.0
1735530600.0,2.56401505197e-05,2.56401505197e-05,2.49992290825412e-05,2.49992290825412e-05,223.95427572644,0.005670452791028093,-0.024996789182901366,inf,0.27598338591686844,0.024996789182901366
1735530660.0,2.49992290825412e-05,2.49992290825412e-05,2.44113537975801e-05,2.44113537975801e-05,2.54224778,6.280697231774719e-05,-0.023515736546118427,-0.9889238170861555,0.2690846874011212,0.023515736546118427
1735530720.0,2.44113537975801e-05,2.44113537975801e-05,2.44113537975801e-05,2.44113537975801e-05,0.0,0.0,0.0,-1.0,0.2627569627836018,0.0
1735530780.0,2.44113537975801e-05,2.44113537975801e-05,2.37154392792355e-05,2.37154392792355e-05,179.0997931662,0.00430974934290509,-0.028507821570042793,inf,0.2627569627836018,0.028507821570042793
1735530840.0,2.37154392792355e-05,2.37154392792355e-05,2.34721915259256e-05,2.34721915259256e-05,0.38968453824,9.1941450604744e-06,-0.010256936438992309,-0.9978666636203308,0.2552663341722805,0.010256936438992309
1735530900.0,2.34721915259256e-05,2.34721915259256e-05,2.34721915259256e-05,2.34721915259256e-05,0.0,0.0,0.0,-1.0,0.25264808360766083,0.0
1735530960.0,2.34721915259256e-05,2.34721915259256e-05,2.34721915259256e-05,2.34721915259256e-05,0.0,0.0,0.0,0.0,0.25264808360766083,0.0
1735531020.0,2.34721915259256e-05,2.40547559612404e-05,2.34721915259256e-05,2.40547559612404e-05,190.91,0.004536684772387431,0.02481934567853812,inf,0.25264808360766083,0.02481934567853812
1735531080.0,2.40547559612404e-05,2.44024400241641e-05,2.40547559612404e-05,2.44024400241641e-05,6.30781211034,0.00015282944383492665,0.014453859498052054,-0.9663125274285919,0.25891864372973955,0.014453859498052054
1735531140.0,2.44024400241641e-05,2.44024400241641e-05,2.44024400241641e-05,2.44024400241641e-05,0.0,0.0,0.0,-1.0,0.2626610174276354,0.0
1735531200.0,2.44024400241641e-05,2.45242754567309e-05,2.44024400241641e-05,2.45242754567309e-05,2.10034,5.13813687965715e-05,0.004992756152505793,inf,0.2626610174276354,0.004992756152505793
1735531260.0,2.45242754567309e-05,2.45242754567309e-05,2.45242754567309e-05,2.45242754567309e-05,0.0,0.0,0.0,-1.0,0.2639724198384207,0.0
1735531320.0,2.45242754567309e-05,2.45242754567309e-05,2.43983604187449e-05,2.43983604187449e-05,4.93593360468,0.00012073944122364217,-0.005134302059530966,inf,0.2639724198384207,0.005134302059530966
1735531380.0,2.43983604187449e-05,2.43983604187449e-05,2.43983604187449e-05,2.43983604187449e-05,0.0,0.0,0.0,-1.0,0.2626171056995849,0.0
1735531440.0,2.43983604187449e-05,2.43983604187449e-05,2.43983604187449e-05,2.43983604187449e-05,0.0,0.0,0.0,0.0,0.2626171056995849,0.0
1735531500.0,2.43983604187449e-05,2.43983604187449e-05,2.43582726203157e-05,2.43582726203157e-05,22.1170508224,0.0005391764654270051,-0.0016430529650837819,inf,0.2626171056995849,0.0016430529650837819
1735531560.0,2.43582726203157e-05,2.43582726203157e-05,2.43582726203157e-05,2.43582726203157e-05,0.0,0.0,0.0,-1.0,0.2621856118853835,0.0
1735531620.0,2.43582726203157e-05,2.43582726203157e-05,2.43582726203157e-05,2.43582726203157e-05,0.0,0.0,0.0,0.0,0.2621856118853835,0.0
1735531680.0,2.43582726203157e-05,2.43582726203157e-05,2.43582726203157e-05,2.43582726203157e-05,0.0,0.0,0.0,0.0,0.2621856118853835,0.0
1735531740.0,2.43582726203157e-05,2.43582726203157e-05,2.43582726203157e-05,2.43582726203157e-05,0.0,0.0,0.0,0.0,0.2621856118853835,0.0
1735531800.0,2.43582726203157e-05,2.43582726203157e-05,2.43582726203157e-05,2.43582726203157e-05,0.0,0.0,0.0,0.0,0.2621856118853835,0.0
1735531860.0,2.43582726203157e-05,2.43582726203157e-05,2.43582726203157e-05,2.43582726203157e-05,0.0,0.0,0.0,0.0,0.2621856118853835,0.0
1735531920.0,2.43582726203157e-05,2.43582726203157e-05,2.43582726203157e-05,2.43582726203157e-05,0.0,0.0,0.0,0.0,0.2621856118853835,0.0
1735531980.0,2.43582726203157e-05,2.43582726203157e-05,2.43582726203157e-05,2.43582726203157e-05,0.0,0.0,0.0,0.0,0.2621856118853835,0.0
1735532040.0,2.43582726203157e-05,2.47462625251739e-05,2.43582726203157e-05,2.47462625251739e-05,95.9,0.002354562460226226,0.015928465491210637,inf,0.2621856118853835,0.015928465491210637
1735532100.0,2.47462625251739e-05,2.48522162109794e-05,2.47462625251739e-05,2.48522162109794e-05,2.12842593,5.278334411529115e-05,0.0042816035632741115,-0.9775825254131421,0.2663618263565918,0.0042816035632741115
1735532160.0,2.48522162109794e-05,2.48522162109794e-05,2.48522162109794e-05,2.48522162109794e-05,0.0,0.0,0.0,-1.0,0.26750228210144034,0.0
1735532220.0,2.48522162109794e-05,2.50526682975743e-05,2.48522162109794e-05,2.50526682975743e-05,42.91219685283,0.0010707641139744012,0.008065763024640953,inf,0.26750228210144034,0.008065763024640953
1735532280.0,2.50526682975743e-05,2.50526682975743e-05,2.50526682975743e-05,2.50526682975743e-05,0.0,0.0,0.0,-1.0,0.2696598921174212,0.0
1735532340.0,2.50526682975743e-05,2.51473087669816e-05,2.50059623445856e-05,2.51108871497188e-05,10.0106092462,0.00025108387599146934,0.0023238583392787017,inf,0.2696598921174212,0.005641970776010494
1735532400.0,2.51108871497188e-05,2.51108871497188e-05,2.51108871497188e-05,2.51108871497188e-05,0.0,0.0,0.0,-1.0,0.2702865435064873,0.0
1735532460.0,2.51108871497188e-05,2.51108871497188e-05,2.48285919399555e-05,2.48285919399555e-05,59.34329726735,0.0014817866764975758,-0.011241944901435362,inf,0.2702865435064873,0.011241944901435362
1735532520.0,2.48285919399555e-05,2.48285919399555e-05,2.48285919399555e-05,2.48285919399555e-05,0.0,0.0,0.0,-1.0,0.2672479970767879,0.0
1735532580.0,2.48285919399555e-05,2.48285919399555e-05,2.46357850821217e-05,2.46357850821217e-05,15.35211689351,0.00037969144905378963,-0.007765517202911818,inf,0.2672479970767879,0.007765517202911818
1735532640.0,2.46357850821217e-05,2.46357850821217e-05,2.46357850821217e-05,2.46357850821217e-05,0.0,0.0,0.0,-1.0,0.2651726781580444,0.0
1735532700.0,2.46357850821217e-05,2.48008329644426e-05,2.45882293513101e-05,2.48008329644426e-05,42.2243179125,0.0010437137384584827,0.006699517866823578,inf,0.2651726781580444,0.008629869615431402
1735532760.0,2.48008329644426e-05,2.48008329644426e-05,2.48008329644426e-05,2.48008329644426e-05,0.0,0.0,0.0,-1.0,0.2669492072531577,0.0
1735532820.0,2.48008329644426e-05,2.48008329644426e-05,2.46173239435576e-05,2.46173239435576e-05,42.16650452192,0.0010418954683630713,-0.007399308771124635,inf,0.2669492072531577,0.007399308771124635
1735532880.0,2.46173239435576e-05,2.46173239435576e-05,2.43643138557645e-05,2.43643138557645e-05,58.51502074506,0.001433080775977174,-0.010277725083896233,0.3754554266645352,0.26497396764248465,0.010277725083896233
1735532940.0,2.43643138557645e-05,2.43643138557645e-05,2.43643138557645e-05,2.43643138557645e-05,0.0,0.0,0.0,-1.0,0.26225063804866594,0.0
1735533000.0,2.43643138557645e-05,2.43643138557645e-05,2.42947412923092e-05,2.42947412923092e-05,1.9045,4.633558526475318e-05,-0.002855510886420529,inf,0.26225063804866594,0.002855510886420529
1735533060.0,2.42947412923092e-05,2.42947412923092e-05,2.40861423841534e-05,2.40861423841534e-05,38.99085279099,0.0009432059566634821,-0.008586175322716138,19.35597373539523,0.2615017784967473,0.008586175322716138
1735533120.0,2.40861423841534e-05,2.51042835549741e-05,2.40861423841534e-05,2.51042835549741e-05,381.51033966604,0.009383328054176859,0.04227082753984499,8.948334176524558,0.2592564783793721,0.04227082753984499
1735533180.0,2.51042835549741e-05,2.81517562168423e-05,2.51042835549741e-05,2.62240619868273e-05,462.60080816133,0.011872267064610663,0.04460507424563929,0.265251198302279,0.2702154642655341,0.12139253666390265
1735533240.0,2.62240619868273e-05,2.62240619868273e-05,2.62240619868273e-05,2.62240619868273e-05,0.0,0.0,0.0,-1.0,0.28226844511141813,0.0
1735533300.0,2.62240619868273e-05,2.62240619868273e-05,2.62240619868273e-05,2.62240619868273e-05,0.0,0.0,0.0,0.0,0.28226844511141813,0.0
1735533360.0,2.62240619868273e-05,2.81777448352286e-05,2.62240619868273e-05,2.81777448352286e-05,1.94499789,5.290569974054317e-05,0.07449962745598533,inf,0.28226844511141813,0.07449962745598533
1735533420.0,2.81777448352286e-05,2.81777448352286e-05,2.81777448352286e-05,2.81777448352286e-05,0.0,0.0,0.0,-1.0,0.30329733911479906,0.0
1735533480.0,2.81777448352286e-05,2.81777448352286e-05,2.81777448352286e-05,2.81777448352286e-05,0.0,0.0,0.0,0.0,0.30329733911479906,0.0
1735533540.0,2.81777448352286e-05,2.81777448352286e-05,2.81777448352286e-05,2.81777448352286e-05,0.0,0.0,0.0,0.0,0.30329733911479906,0.0
1735533600.0,2.81777448352286e-05,2.81777448352286e-05,2.80488210162832e-05,2.80488210162832e-05,1.93609879047,5.4430093068696906e-05,-0.004575377472515684,inf,0.30329733911479906,0.004575377472515684
1735533660.0,2.80488210162832e-05,2.82282968261685e-05,2.80488210162832e-05,2.82282968261685e-05,9.5415,0.00026848405994687644,0.006398693541561284,3.9326401042162344,0.3019096393019392,0.006398693541561284
1735533720.0,2.82282968261685e-05,2.82282968261685e-05,2.82282968261685e-05,2.82282968261685e-05,0.0,0.0,0.0,-1.0,0.30384146656107563,0.0
1735533780.0,2.82282968261685e-05,2.82282968261685e-05,2.82282968261685e-05,2.82282968261685e-05,0.0,0.0,0.0,0.0,0.30384146656107563,0.0
1735533840.0,2.82282968261685e-05,2.82845053561e-05,2.82282968261685e-05,2.82845053561e-05,11.31380214244,0.0003196873312025187,0.0019912122320958577,inf,0.30384146656107563,0.0019912122320958577
1735533900.0,2.82845053561e-05,2.82845053561e-05,2.82845053561e-05,2.82845053561e-05,0.0,0.0,0.0,-1.0,0.30444647940591,0.0
1735533960.0,2.82845053561e-05,2.8578286854818e-05,2.82845053561e-05,2.8578286854818e-05,95.405,0.002712497345441316,0.01038665852626056,inf,0.30444647940591,0.01038665852626056
1735534020.0,2.8578286854818e-05,2.88505404498212e-05,2.8578286854818e-05,2.88505404498212e-05,5.664978,0.0001626665216232902,0.00952658906344846,-0.9400307167501302,0.3076086610270214,0.00952658906344846
1735534080.0,2.88505404498212e-05,2.88505404498212e-05,2.88505404498212e-05,2.88505404498212e-05,0.0,0.0,0.0,-1.0,0.3105391223329835,0.0
1735534140.0,2.88505404498212e-05,2.88505404498212e-05,2.88505404498212e-05,2.88505404498212e-05,0.0,0.0,0.0,0.0,0.3105391223329835,0.0
1735534200.0,2.88505404498212e-05,2.88505404498212e-05,2.88505404498212e-05,2.88505404498212e-05,0.0,0.0,0.0,0.0,0.3105391223329835,0.0
1735534260.0,2.88505404498212e-05,2.88505404498212e-05,2.88505404498212e-05,2.88505404498212e-05,0.0,0.0,0.0,0.0,0.3105391223329835,0.0
1735534320.0,2.88505404498212e-05,2.88505404498212e-05,2.88505404498212e-05,2.88505404498212e-05,0.0,0.0,0.0,0.0,0.3105391223329835,0.0
1735534380.0,2.88505404498212e-05,2.88505404498212e-05,2.86304767717639e-05,2.86304767717639e-05,6.45624809025,0.00018555585383124308,-0.007627714234333006,inf,0.3105391223329835,0.007627714234333006
1735534440.0,2.86304767717639e-05,2.86304767717639e-05,2.86304767717639e-05,2.86304767717639e-05,0.0,0.0,0.0,-1.0,0.3081704186492469,0.0
1735534500.0,2.86304767717639e-05,2.86304767717639e-05,2.86304767717639e-05,2.86304767717639e-05,0.0,0.0,0.0,0.0,0.3081704186492469,0.0
1735534560.0,2.86304767717639e-05,2.86304767717639e-05,2.84671437816004e-05,2.84671437816004e-05,34.90063558215,0.0009963716237704227,-0.005704864486384788,inf,0.3081704186492469,0.005704864486384788
1735534620.0,2.84671437816004e-05,2.84671437816004e-05,2.84671437816004e-05,2.84671437816004e-05,0.0,0.0,0.0,-1.0,0.30641234817214047,0.0
1735534680.0,2.84671437816004e-05,2.84671437816004e-05,2.84671437816004e-05,2.84671437816004e-05,0.0,0.0,0.0,0.0,0.30641234817214047,0.0
1735534740.0,2.84671437816004e-05,2.84671437816004e-05,2.84671437816004e-05,2.84671437816004e-05,0.0,0.0,0.0,0.0,0.30641234817214047,0.0
1735534800.0,2.84671437816004e-05,2.84671437816004e-05,2.83058264770204e-05,2.83058264770204e-05,4.30284057558,0.00012214252001249508,-0.005666789257735951,inf,0.30641234817214047,0.005666789257735951
1735534860.0,2.83058264770204e-05,2.89995811675708e-05,2.83058264770204e-05,2.87453124158799e-05,165.26094203898,0.004714162478918697,0.015526341872274502,37.59558881244993,0.3046759739690809,0.02450925399099759
1735534920.0,2.87453124158799e-05,2.89433527787637e-05,2.87453124158799e-05,2.89433527787637e-05,19.32594,0.0005574438411158852,0.006889483753684918,-0.8817512456117661,0.3094064773011931,0.006889483753684918
1735534980.0,2.89433527787637e-05,2.89433527787637e-05,2.89433527787637e-05,2.89433527787637e-05,0.0,0.0,0.0,-1.0,0.31153812819984456,0.0
1735535040.0,2.89433527787637e-05,2.89433527787637e-05,2.89433527787637e-05,2.89433527787637e-05,0.0,0.0,0.0,0.0,0.31153812819984456,0.0
1735535100.0,2.89433527787637e-05,2.89433527787637e-05,2.89433527787637e-05,2.89433527787637e-05,0.0,0.0,0.0,0.0,0.31153812819984456,0.0
1735535160.0,2.89433527787637e-05,2.89433527787637e-05,2.89433527787637e-05,2.89433527787637e-05,0.0,0.0,0.0,0.0,0.31153812819984456,0.0
1735535220.0,2.89433527787637e-05,2.89433527787637e-05,2.89433527787637e-05,2.89433527787637e-05,0.0,0.0,0.0,0.0,0.31153812819984456,0.0
1735535280.0,2.89433527787637e-05,2.89433527787637e-05,2.89433527787637e-05,2.89433527787637e-05,0.0,0.0,0.0,0.0,0.31153812819984456,0.0
1735535340.0,2.89433527787637e-05,2.89433527787637e-05,2.89433527787637e-05,2.89433527787637e-05,0.0,0.0,0.0,0.0,0.31153812819984456,0.0
1735535400.0,2.89433527787637e-05,2.89433527787637e-05,2.89433527787637e-05,2.89433527787637e-05,0.0,0.0,0.0,0.0,0.31153812819984456,0.0
1735535460.0,2.89433527787637e-05,2.89433527787637e-05,2.89433527787637e-05,2.89433527787637e-05,0.0,0.0,0.0,0.0,0.31153812819984456,0.0
1735535520.0,2.89433527787637e-05,2.89433527787637e-05,2.89433527787637e-05,2.89433527787637e-05,0.0,0.0,0.0,0.0,0.31153812819984456,0.0
1735535580.0,2.89433527787637e-05,2.89433527787637e-05,2.89433527787637e-05,2.89433527787637e-05,0.0,0.0,0.0,0.0,0.31153812819984456,0.0
1735535640.0,2.89433527787637e-05,2.89433527787637e-05,2.89433527787637e-05,2.89433527787637e-05,0.0,0.0,0.0,0.0,0.31153812819984456,0.0
1735535700.0,2.89433527787637e-05,2.89433527787637e-05,2.89433527787637e-05,2.89433527787637e-05,0.0,0.0,0.0,0.0,0.31153812819984456,0.0
1735535760.0,2.89433527787637e-05,2.89433527787637e-05,2.89433527787637e-05,2.89433527787637e-05,0.0,0.0,0.0,0.0,0.31153812819984456,0.0
1735535820.0,2.89433527787637e-05,2.89433527787637e-05,2.89433527787637e-05,2.89433527787637e-05,0.0,0.0,0.0,0.0,0.31153812819984456,0.0
1735535880.0,2.89433527787637e-05,2.98337226034764e-05,2.89433527787637e-05,2.98337226034764e-05,275.80335690138,0.008105457349633643,0.03076249774925805,inf,0.31153812819984456,0.03076249774925805
1735535940.0,2.98337226034764e-05,2.98337226034764e-05,2.98337226034764e-05,2.98337226034764e-05,0.0,0.0,0.0,-1.0,0.3211218191674003,0.0
1735536000.0,2.98337226034764e-05,2.98337226034764e-05,2.98337226034764e-05,2.98337226034764e-05,0.0,0.0,0.0,0.0,0.3211218191674003,0.0
1735536060.0,2.98337226034764e-05,2.9957137650225e-05,2.98337226034764e-05,2.9957137650225e-05,11.98285506009,0.00035823260616909994,0.004136763232296673,inf,0.3211218191674003,0.004136763232296673
1735536120.0,2.9957137650225e-05,2.9957137650225e-05,2.99088630554653e-05,2.99088630554653e-05,4.92099299109,0.0001473000849386455,-0.0016114555176582003,-0.5888144116364604,0.32245022410202023,0.0016114555176582003
1735536180.0,2.99088630554653e-05,3.00707194977678e-05,2.99088630554653e-05,3.00707194977678e-05,1.85501710008,5.563157564595371e-05,0.005411654799526886,-0.6223248909250407,0.3219306099092209,0.005411654799526886
1735536240.0,3.00707194977678e-05,3.00707194977678e-05,3.00707194977678e-05,3.00707194977678e-05,0.0,0.0,0.0,-1.0,0.32367278723945075,0.0
1735536300.0,3.00707194977678e-05,3.00707194977678e-05,3.00707194977678e-05,3.00707194977678e-05,0.0,0.0,0.0,0.0,0.32367278723945075,0.0
1735536360.0,3.00707194977678e-05,3.00707194977678e-05,3.00707194977678e-05,3.00707194977678e-05,0.0,0.0,0.0,0.0,0.32367278723945075,0.0
1735536420.0,3.00707194977678e-05,3.00707194977678e-05,3.00707194977678e-05,3.00707194977678e-05,0.0,0.0,0.0,0.0,0.32367278723945075,0.0
1735536480.0,3.00707194977678e-05,3.00707194977678e-05,3.00707194977678e-05,3.00707194977678e-05,0.0,0.0,0.0,0.0,0.32367278723945075,0.0
1735536540.0,3.00707194977678e-05,3.00707194977678e-05,3.00707194977678e-05,3.00707194977678e-05,0.0,0.0,0.0,0.0,0.32367278723945075,0.0
1735536600.0,3.00707194977678e-05,3.00985002455331e-05,2.98599821730269e-05,3.00985002455331e-05,44.12892381744,0.001327601457103466,0.0009238471253526626,inf,0.32367278723945075,0.007931904407006486
1735536660.0,3.00985002455331e-05,3.29548547386314e-05,3.00985002455331e-05,3.17038644201467e-05,517.8574178809,0.016002406492351358,0.05333701551630805,11.053622272504192,0.32397181141349685,0.09490022658262544
1735536720.0,3.17038644201467e-05,3.290870091004e-05,3.17038644201467e-05,3.290870091004e-05,1.39468216234,4.505699616451965e-05,0.038002827476377565,-0.9971843612280405,0.34125150094570494,0.038002827476377565
1735536780.0,3.290870091004e-05,3.290870091004e-05,3.290870091004e-05,3.290870091004e-05,0.0,0.0,0.0,-1.0,0.35422002286219945,0.0
1735536840.0,3.290870091004e-05,3.290870091004e-05,3.290870091004e-05,3.290870091004e-05,0.0,0.0,0.0,0.0,0.35422002286219945,0.0
1735536900.0,3.290870091004e-05,3.31218929676152e-05,3.290870091004e-05,3.31218929676152e-05,15.09905128092,0.000498499661534159,0.006478288467174257,inf,0.35422002286219945,0.006478288467174257
1735536960.0,3.31218929676152e-05,3.33416498555654e-05,3.31218929676152e-05,3.33416498555654e-05,58.08159624396,0.0019301543295995604,0.0066347925272588985,2.87192706141346,0.3565147623511498,0.0066347925272588985
