0,1,2,3,4,5
1738800360,2.37145818991485e-05,2.37145818991485e-05,2.35595946455836e-05,2.35595946455836e-05,37.14765885144
1738800300,2.37509805481571e-05,2.37682882715271e-05,2.37145818991485e-05,2.37145818991485e-05,22.43667828556
1738800240,2.30093729472865e-05,2.37509805481571e-05,2.30093729472865e-05,2.37509805481571e-05,58.968
1738800180,2.22877619378016e-05,2.30093729472865e-05,2.22877619378016e-05,2.30093729472865e-05,257.31604788648
1738800060,2.20789889973365e-05,2.22877619378016e-05,2.20789889973365e-05,2.22877619378016e-05,21.74921775598
1738800000,2.16143846401553e-05,2.20789889973365e-05,2.16143846401553e-05,2.20789889973365e-05,157.6174316968
1738799940,2.16270888007766e-05,2.16270888007766e-05,2.16143846401553e-05,2.16143846401553e-05,1.65871701045
1738799880,2.16413704831183e-05,2.16413704831183e-05,2.16270888007766e-05,2.16270888007766e-05,0.05109788169
1738799820,2.17252442883299e-05,2.17252442883299e-05,2.16413704831183e-05,2.16413704831183e-05,3.28571974625
1738799340,2.16262577924241e-05,2.17252442883299e-05,2.16262577924241e-05,2.17252442883299e-05,3.9208
1738799280,2.15111448156882e-05,2.16262577924241e-05,2.15111448156882e-05,2.16262577924241e-05,49.4059996026
1738799220,2.16265324241539e-05,2.16265324241539e-05,2.15111448156882e-05,2.15111448156882e-05,39.93966993555
1738799040,2.16219968557162e-05,2.16435676733475e-05,2.16219968557162e-05,2.16265324241539e-05,7.41108882338
1738798920,2.1641678585122e-05,2.1641678585122e-05,2.16163730856877e-05,2.16219968557162e-05,2.3609455019
1738798800,2.1611810731202e-05,2.1641678585122e-05,2.1611810731202e-05,2.1641678585122e-05,0.0830178219
1738798680,2.15590677317457e-05,2.1611810731202e-05,2.15590677317457e-05,2.1611810731202e-05,2.2764752629
1738798560,2.16641849514188e-05,2.16641849514188e-05,2.15590677317457e-05,2.15590677317457e-05,4.55546640912
1738798260,2.1800945368349e-05,2.1800945368349e-05,2.16641849514188e-05,2.16641849514188e-05,18.66868755053
1738798140,2.16286001423303e-05,2.1800945368349e-05,2.16286001423303e-05,2.1800945368349e-05,33.10050058884
1738798080,2.17134784802885e-05,2.17134784802885e-05,2.16286001423303e-05,2.16286001423303e-05,1.84481932035
1738798020,2.17743934034749e-05,2.17743934034749e-05,2.17134784802885e-05,2.17134784802885e-05,26.08852395664
1738797720,2.18141771220173e-05,2.18141771220173e-05,2.17743934034749e-05,2.17743934034749e-05,3.74557331602
1738797600,2.1813360276773e-05,2.18141771220173e-05,2.1813360276773e-05,2.18141771220173e-05,1.185369309
1738797540,2.18588738179551e-05,2.18588738179551e-05,2.1813360276773e-05,2.1813360276773e-05,0.87334643786
1738797420,2.1969346592843e-05,2.1969346592843e-05,2.18588738179551e-05,2.18588738179551e-05,16.04213048984
1738797360,2.21318077773264e-05,2.21318077773264e-05,2.1969346592843e-05,2.1969346592843e-05,37.39920354336
1738797300,2.20782134124311e-05,2.21318077773264e-05,2.20782134124311e-05,2.21318077773264e-05,25.6035
1738797240,2.23166342649924e-05,2.23180102382508e-05,2.20782134124311e-05,2.20782134124311e-05,77.05188856665
1738797120,2.34975775835913e-05,2.34975775835913e-05,2.23166342649924e-05,2.23166342649924e-05,0.6726422898
1738797060,2.46733845489344e-05,2.46733845489344e-05,2.34975775835913e-05,2.34975775835913e-05,518.3876206992
1738796820,2.46784794850293e-05,2.46784794850293e-05,2.46733845489344e-05,2.46733845489344e-05,2.1601424894
1738796760,2.47361295174754e-05,2.47361295174754e-05,2.46784794850293e-05,2.46784794850293e-05,4.55318445125
1738796520,2.52839599457703e-05,2.52839599457703e-05,2.47361295174754e-05,2.47361295174754e-05,112.64418063259
1738796400,2.53727415058971e-05,2.53727415058971e-05,2.52839599457703e-05,2.52839599457703e-05,0.31384462272
1738796220,2.54899554924106e-05,2.54899554924106e-05,2.53727415058971e-05,2.53727415058971e-05,25.11256031852
1738796160,2.55342281529711e-05,2.55342281529711e-05,2.54899554924106e-05,2.54899554924106e-05,16.40424575358
1738795740,2.5923970966556e-05,2.5923970966556e-05,2.55342281529711e-05,2.55342281529711e-05,60.99479639522
1738795680,2.59544777573442e-05,2.59544777573442e-05,2.59135580644584e-05,2.5923970966556e-05,50.96590722003
1738795620,2.57331191055538e-05,2.59544777573442e-05,2.57329645256974e-05,2.59544777573442e-05,88.2943
1738795500,2.49479678476164e-05,2.57331191055538e-05,2.49479678476164e-05,2.57331191055538e-05,139.15048836987
1738795380,2.50291514756591e-05,2.50291514756591e-05,2.49479678476164e-05,2.49479678476164e-05,0.2856286665
1738795080,2.52397031391813e-05,2.52397031391813e-05,2.50291514756591e-05,2.50291514756591e-05,14.13846000192
1738794960,2.53102575305669e-05,2.53102575305669e-05,2.52397031391813e-05,2.52397031391813e-05,31.069146348
1738794780,2.52867552017535e-05,2.53102575305669e-05,2.52867552017535e-05,2.53102575305669e-05,0.1753670527
1738794540,2.57308046664159e-05,2.57308046664159e-05,2.52867552017535e-05,2.52867552017535e-05,15.19131875149
1738794420,2.61823799650998e-05,2.61823799650998e-05,2.57308046664159e-05,2.57308046664159e-05,165.36396411559
1738794360,2.62412016409997e-05,2.62412016409997e-05,2.61823799650998e-05,2.61823799650998e-05,11.6009175435
1738794300,2.65169082548216e-05,2.65169082548216e-05,2.62412016409997e-05,2.62412016409997e-05,0.19842691635
1738794180,2.67569488320396e-05,2.67569488320396e-05,2.65169082548216e-05,2.65169082548216e-05,94.0265605685
1738794120,2.68757571459742e-05,2.68757571459742e-05,2.67569488320396e-05,2.67569488320396e-05,0.2116729428
1738794000,2.68987825807664e-05,2.68987825807664e-05,2.68757571459742e-05,2.68757571459742e-05,2.3253649725
1738793940,2.69391901062039e-05,2.69391901062039e-05,2.68987825807664e-05,2.68987825807664e-05,3.01345920171
1738793880,2.69772764084087e-05,2.69772764084087e-05,2.69391901062039e-05,2.69391901062039e-05,0.10888187508
1738793820,2.70029791213054e-05,2.70029791213054e-05,2.69772764084087e-05,2.69772764084087e-05,8.03470446087
1738793760,2.69664016202344e-05,2.70029791213054e-05,2.69664016202344e-05,2.70029791213054e-05,0.39918853675
1738793520,2.71044668056121e-05,2.71044668056121e-05,2.69664016202344e-05,2.69664016202344e-05,2.82824764248
1738793460,2.72399580684961e-05,2.72399580684961e-05,2.71044668056121e-05,2.71044668056121e-05,53.5981096116
1738793340,2.73374047646661e-05,2.73374047646661e-05,2.72399580684961e-05,2.72399580684961e-05,8.12600469076
1738793280,2.73487645055268e-05,2.73487645055268e-05,2.72364586300232e-05,2.73374047646661e-05,54.78856135055
1738793100,2.74301337108634e-05,2.74301337108634e-05,2.73487645055268e-05,2.73487645055268e-05,10.40604120248
1738793040,2.85918913492529e-05,2.85918913492529e-05,2.74301337108634e-05,2.74301337108634e-05,105.88110746869
1738792980,2.87568153516642e-05,2.92897596146107e-05,2.85189757381739e-05,2.85918913492529e-05,477.31728738168
1738792920,2.89375576124553e-05,2.89375576124553e-05,2.87568153516642e-05,2.87568153516642e-05,6.72611369172
1738792680,2.78505559862888e-05,2.89375576124553e-05,2.78505559862888e-05,2.89375576124553e-05,91.78653068784
1738792620,2.6143148550416e-05,2.78505559862888e-05,2.6143148550416e-05,2.78505559862888e-05,316.46774
1738792560,2.30913874561436e-05,2.65372318388564e-05,2.30913874561436e-05,2.6143148550416e-05,765.009534
1738792380,2.31940524158416e-05,2.31940524158416e-05,2.30913874561436e-05,2.30913874561436e-05,0.9107743861
1738792320,2.3294540049025e-05,2.3294540049025e-05,2.31940524158416e-05,2.31940524158416e-05,9.9885
1738792140,2.35433055789357e-05,2.35433055789357e-05,2.3294540049025e-05,2.3294540049025e-05,108.0787881492
1738792080,2.35539133343587e-05,2.35539133343587e-05,2.35433055789357e-05,2.35433055789357e-05,0.09625726725
1738792020,2.36722493865595e-05,2.36722493865595e-05,2.35539133343587e-05,2.35539133343587e-05,0.39767195682
1738791960,2.57146496869653e-05,2.57146496869653e-05,2.36722493865595e-05,2.36722493865595e-05,48.5407446873
1738791900,2.78129759069973e-05,2.78129759069973e-05,2.57146496869653e-05,2.57146496869653e-05,808.93798175658
1738791840,2.78375728163273e-05,2.78375728163273e-05,2.78129759069973e-05,2.78129759069973e-05,0.95507609469
1738791720,2.78581909422273e-05,2.78581909422273e-05,2.78375728163273e-05,2.78375728163273e-05,1.03086494706
1738791660,2.78436360850295e-05,2.78581909422273e-05,2.78436360850295e-05,2.78581909422273e-05,3.73145463425
1738791600,2.78590271302298e-05,2.78590271302298e-05,2.78436360850295e-05,2.78436360850295e-05,2.52391959638
1738791480,2.80169030705132e-05,2.80169030705132e-05,2.78590271302298e-05,2.78590271302298e-05,15.53032173357
1738791420,2.82213881840257e-05,2.82213881840257e-05,2.80169030705132e-05,2.80169030705132e-05,38.44463423974
1738791360,2.83374140170758e-05,2.83374140170758e-05,2.82213881840257e-05,2.82213881840257e-05,40.06907342627
1738791300,2.83648854775948e-05,2.83648854775948e-05,2.83374140170758e-05,2.83374140170758e-05,12.83628527378
1738791240,2.83496110313102e-05,2.83648854775948e-05,2.83496110313102e-05,2.83648854775948e-05,0.48206328282
1738791180,2.8499778387005e-05,2.8499778387005e-05,2.83496110313102e-05,2.83496110313102e-05,36.44484261465
1738791060,2.8711387533837e-05,2.8711387533837e-05,2.8499778387005e-05,2.8499778387005e-05,4.19335456492
1738791000,2.89689690738023e-05,2.89689690738023e-05,2.8711387533837e-05,2.8711387533837e-05,69.67453504918
1738790940,2.90467774387261e-05,2.90467774387261e-05,2.89689690738023e-05,2.89689690738023e-05,28.45161777263
1738790880,2.90778274919281e-05,2.90778274919281e-05,2.90467774387261e-05,2.90467774387261e-05,0.768112212
1738790820,2.88502741742739e-05,2.90778274919281e-05,2.88398973317275e-05,2.90778274919281e-05,35.52656982199
1738790700,2.90064591831794e-05,2.90064591831794e-05,2.88502741742739e-05,2.88502741742739e-05,30.06845329274
1738790640,2.90153699316973e-05,2.90153699316973e-05,2.90064591831794e-05,2.90064591831794e-05,1.0459850583
1738790580,2.90967513644423e-05,2.90967513644423e-05,2.90153699316973e-05,2.90153699316973e-05,19.8601278255
1738790520,2.89294063616224e-05,2.91657900786596e-05,2.89294063616224e-05,2.90967513644423e-05,30.34851960157
1738790460,2.89400873675646e-05,2.89400873675646e-05,2.89294063616224e-05,2.89294063616224e-05,0.64148571387
1738790340,2.89243861941971e-05,2.89400873675646e-05,2.89243861941971e-05,2.89400873675646e-05,0.65481893504
1738790280,2.89751635330394e-05,2.89751635330394e-05,2.89044815854374e-05,2.89243861941971e-05,0.7073958815
1738790220,2.90429516278016e-05,2.90429516278016e-05,2.89751635330394e-05,2.89751635330394e-05,26.71664599674
1738790160,2.89829928171482e-05,2.90877569602897e-05,2.89829928171482e-05,2.90429516278016e-05,40.05869041435
1738790100,2.95605867247471e-05,2.95605867247471e-05,2.88403818923738e-05,2.89829928171482e-05,52.12705382123
1738790040,3.05699209829805e-05,3.05699209829805e-05,2.95605867247471e-05,2.95605867247471e-05,374.452621131
1738789980,3.05758889260566e-05,3.05758889260566e-05,3.05674987913039e-05,3.05699209829805e-05,2.51735800956
1738789920,3.05911107945879e-05,3.05911107945879e-05,3.05758889260566e-05,3.05758889260566e-05,0.76536765536
1738789860,3.060166035271e-05,3.060166035271e-05,3.05911107945879e-05,3.05911107945879e-05,1.9951600278
1738789800,3.06386358463482e-05,3.06386358463482e-05,3.060166035271e-05,3.060166035271e-05,0.78164567243
1738789740,2.98215045659515e-05,3.06386358463482e-05,2.98215045659515e-05,3.06386358463482e-05,72.8980960341
1738789680,2.91521075404232e-05,2.98215045659515e-05,2.91513285484045e-05,2.98215045659515e-05,198.52134300116
1738789620,2.91665115588402e-05,2.93286262283484e-05,2.91521075404232e-05,2.91521075404232e-05,5.74434785202
1738789560,2.91476241784676e-05,2.93060613418936e-05,2.91476241784676e-05,2.91665115588402e-05,7.9995214032
1738789440,2.91512720177256e-05,2.91512720177256e-05,2.91476241784676e-05,2.91476241784676e-05,0.80716773892
1738789380,2.92944026030939e-05,2.93213386096544e-05,2.91512720177256e-05,2.91512720177256e-05,11.30392747478
1738789320,2.93820158472911e-05,2.93820158472911e-05,2.92944026030939e-05,2.92944026030939e-05,47.285950998
1738789260,2.90434003701252e-05,2.93820158472911e-05,2.89132350502008e-05,2.93820158472911e-05,144.10077209372
1738789200,2.90219531541835e-05,2.91778417294684e-05,2.90219531541835e-05,2.90434003701252e-05,5.9864351589
1738789140,3.22535831679732e-05,3.22535831679732e-05,2.79116331332879e-05,2.90219531541835e-05,1027.25156985189
1738789080,3.22769426712506e-05,3.23967980108155e-05,3.22535831679732e-05,3.22535831679732e-05,3.94720433395
1738789020,3.23337604050077e-05,3.23337604050077e-05,3.22769426712506e-05,3.22769426712506e-05,19.60799151735
1738788900,3.50635550187552e-05,3.50635550187552e-05,3.23337604050077e-05,3.23337604050077e-05,482.53244529922
1738788840,3.54538838076668e-05,3.54654464542063e-05,3.50635550187552e-05,3.50635550187552e-05,75.06362405878
1738788720,3.54816392333081e-05,3.56258553041883e-05,3.54486573649546e-05,3.54538838076668e-05,21.84909419659
1738788660,3.56069731653415e-05,3.56069731653415e-05,3.54816392333081e-05,3.54816392333081e-05,24.7577446374
1738788600,3.55911951949397e-05,3.56069731653415e-05,3.55911951949397e-05,3.56069731653415e-05,0.72696934322
1738788540,3.55839182404848e-05,3.55911951949397e-05,3.55839182404848e-05,3.55911951949397e-05,1.20626423052
1738788480,3.55911989927972e-05,3.55911989927972e-05,3.55839182404848e-05,3.55839182404848e-05,1.2306302025
1738788360,3.61891419268677e-05,3.61891419268677e-05,3.55911989927972e-05,3.55911989927972e-05,66.22865065
1738788300,3.62934767420127e-05,3.64215114999558e-05,3.61891419268677e-05,3.61891419268677e-05,67.34433628496
1738788240,3.57451432542986e-05,3.62934767420127e-05,3.57451432542986e-05,3.62934767420127e-05,145.68506951328
1738788180,3.50873434352767e-05,3.57451432542986e-05,3.49040778652758e-05,3.57451432542986e-05,231.0502283146
1738788120,3.61186075315623e-05,3.61186075315623e-05,3.50873434352767e-05,3.50873434352767e-05,219.40035906441
1738788060,3.78783022813307e-05,3.78783022813307e-05,3.61186075315623e-05,3.61186075315623e-05,358.73350291737
1738788000,3.80001798054431e-05,3.80001798054431e-05,3.78783022813307e-05,3.78783022813307e-05,2.05323072273
1738787940,3.91989867813613e-05,3.91989867813613e-05,3.80001798054431e-05,3.80001798054431e-05,27.09561346455
1738787880,4.03346947030094e-05,4.03346947030094e-05,3.91989867813613e-05,3.91989867813613e-05,363.35551865952
1738787820,4.03483863037987e-05,4.03483863037987e-05,4.03346947030094e-05,4.03346947030094e-05,1.60683042345
1738787760,4.11311839041811e-05,4.11311839041811e-05,4.03483863037987e-05,4.03483863037987e-05,232.16290319566
1738787700,4.28123125677289e-05,4.28123125677289e-05,4.11311839041811e-05,4.11311839041811e-05,299.06319087972
1738787640,4.30848633902474e-05,4.30848633902474e-05,4.28123125677289e-05,4.28123125677289e-05,33.3501839694
1738787580,4.33727381329768e-05,4.33727381329768e-05,4.30848633902474e-05,4.30848633902474e-05,26.93167794372
1738787520,4.28682931595427e-05,4.33727381329768e-05,4.28682931595427e-05,4.33727381329768e-05,50.94744134262
1738787460,3.95708636991326e-05,4.28842331721959e-05,3.95708636991326e-05,4.28682931595427e-05,495.97222208553
1738787400,3.66203548192066e-05,4.7428949019319e-05,3.66203548192066e-05,3.95708636991326e-05,3513.27194960868
1738787340,3.68754036557412e-05,3.68754036557412e-05,3.66203548192066e-05,3.66203548192066e-05,1.7948601432
1738787280,3.76241359038594e-05,3.76241359038594e-05,3.68754036557412e-05,3.68754036557412e-05,82.92770724096
1738787220,4.06252971499232e-05,4.06252971499232e-05,3.76241359038594e-05,3.76241359038594e-05,567.78896139158
1738787160,4.20595466891568e-05,4.20595466891568e-05,4.06252971499232e-05,4.06252971499232e-05,94.826181387
1738787100,4.30562348761766e-05,4.31161940434697e-05,4.18465440397022e-05,4.20595466891568e-05,658.17887944561
1738787040,4.29113598664686e-05,4.30562348761766e-05,4.28244758854747e-05,4.30562348761766e-05,17.18130210067
1738786980,4.29996603659868e-05,4.29996603659868e-05,4.29113598664686e-05,4.29113598664686e-05,11.10805557523
1738786920,4.31407586793485e-05,4.3187326304276e-05,4.29996603659868e-05,4.29996603659868e-05,10.38537257052
1738786860,4.30992429903754e-05,4.31407586793485e-05,4.29945225067038e-05,4.31407586793485e-05,41.58146613084
1738786800,4.31683428432028e-05,4.32887899728421e-05,4.30398634039361e-05,4.30992429903754e-05,13.88323356688
1738786740,4.33640432312905e-05,4.33640432312905e-05,4.30599279755872e-05,4.31683428432028e-05,96.23661364247
1738786680,4.33923291856783e-05,4.36389698301281e-05,4.33640432312905e-05,4.33640432312905e-05,34.6802049589
1738786620,4.34116963445678e-05,4.36015385198413e-05,4.33923291856783e-05,4.33923291856783e-05,2.99738412057
1738786560,4.49316915433487e-05,4.49316915433487e-05,4.34116963445678e-05,4.34116963445678e-05,236.5299117598
1738786500,4.49451678052874e-05,4.49451678052874e-05,4.49316915433487e-05,4.49316915433487e-05,3.57804813
1738786440,4.47079292425178e-05,4.51585525708451e-05,4.47079292425178e-05,4.49451678052874e-05,26.86500689267
1738786380,4.35776961729984e-05,4.47079292425178e-05,4.33104570095156e-05,4.47079292425178e-05,271.00450845413
1738786320,4.74451571496222e-05,4.77000275363272e-05,4.35776961729984e-05,4.35776961729984e-05,672.57114255907
1738786260,4.76244947108176e-05,4.7730286391094e-05,4.74451571496222e-05,4.74451571496222e-05,37.00144341114
1738786200,4.74070665737121e-05,4.76244947108176e-05,4.73688048586999e-05,4.76244947108176e-05,7.27770790149
1738786140,4.8668585140133e-05,4.8668585140133e-05,4.65137699641133e-05,4.74070665737121e-05,610.33512044676
1738786080,4.27364009086445e-05,4.8668585140133e-05,4.27364009086445e-05,4.8668585140133e-05,605.66174253017
1738786020,4.12262773144876e-05,4.27364009086445e-05,4.04124808184603e-05,4.27364009086445e-05,875.87462338971
1738785960,4.07826349228447e-05,4.12262773144876e-05,3.99750041724929e-05,4.12262773144876e-05,851.32769895936
1738785900,4.08670533381145e-05,4.08670533381145e-05,4.05697219271619e-05,4.07826349228447e-05,108.44598366369
1738785840,4.07923178485246e-05,4.17185708392181e-05,4.06562131210206e-05,4.08670533381145e-05,487.75265549619
1738785780,3.97735228389922e-05,4.07923178485246e-05,3.97735228389922e-05,4.07923178485246e-05,160.55952467285
1738785720,3.91411206739087e-05,3.98871706007627e-05,3.91411206739087e-05,3.97735228389922e-05,120.35933743916
1738785660,3.75179369473935e-05,4.03232543159834e-05,3.75179369473935e-05,3.91411206739087e-05,926.2138578286
1738785600,3.90967877531809e-05,3.90967877531809e-05,3.75179369473935e-05,3.75179369473935e-05,362.65715541144
1738785540,3.9460076206169e-05,3.96503882660302e-05,3.87219552144085e-05,3.90967877531809e-05,187.395810777
1738785480,3.99160961049845e-05,3.99160961049845e-05,3.9460076206169e-05,3.9460076206169e-05,48.68375479353
1738785420,4.06457109326171e-05,4.06457109326171e-05,3.98671114459905e-05,3.99160961049845e-05,159.76978783295
1738785360,3.82928444995625e-05,4.09047337129194e-05,3.82141726257811e-05,4.06457109326171e-05,699.055571025
1738785300,3.62956407576396e-05,3.84958825601024e-05,3.62956407576396e-05,3.82928444995625e-05,376.91598109287
1738785240,3.61398888443828e-05,3.62956407576396e-05,3.58121019125502e-05,3.62956407576396e-05,279.38191629279
1738785180,3.74521025931942e-05,3.74521025931942e-05,3.61398888443828e-05,3.61398888443828e-05,345.76921184343
1738785120,3.74395053301151e-05,3.76189640142458e-05,3.74395053301151e-05,3.74521025931942e-05,2.60915246525
1738785060,3.79681904947116e-05,3.79681904947116e-05,3.74395053301151e-05,3.74395053301151e-05,100.20796541594
1738785000,4.08072932055117e-05,4.12065786640442e-05,3.79681904947116e-05,3.79681904947116e-05,529.30355735018
1738784940,3.56674370137196e-05,4.22554884525465e-05,3.56674370137196e-05,4.08072932055117e-05,2156.80024928253
1738784880,3.491790137306e-05,3.56674370137196e-05,3.491790137306e-05,3.56674370137196e-05,131.6979005183
1738784820,3.56406377310856e-05,3.56406377310856e-05,3.48108948556942e-05,3.491790137306e-05,184.7404051936
1738784760,3.30904793222716e-05,3.56406377310856e-05,3.26007727318632e-05,3.56406377310856e-05,540.9085254363
1738784700,3.39982625487839e-05,3.39982625487839e-05,3.30904793222716e-05,3.30904793222716e-05,275.36794156927
1738784640,3.60703037123394e-05,3.60703037123394e-05,3.39982625487839e-05,3.39982625487839e-05,137.77435302376
1738784580,3.70696822635239e-05,3.70696822635239e-05,3.49288783858303e-05,3.60703037123394e-05,399.68135940502
1738784520,3.60482824834637e-05,3.93122297805393e-05,3.60482824834637e-05,3.70696822635239e-05,1316.37922261502
1738784460,3.30521762965269e-05,3.78745684394095e-05,3.30521762965269e-05,3.60482824834637e-05,2284.58219691818
1738784400,3.25754025339808e-05,3.30603361229283e-05,3.21338361086334e-05,3.30521762965269e-05,412.03553265618
1738784340,3.33096923709517e-05,3.34034874837021e-05,3.25754025339808e-05,3.25754025339808e-05,173.90315490972
1738784280,3.34029965232563e-05,3.35659307301107e-05,3.30524384660861e-05,3.33096923709517e-05,101.2702901765
1738784220,3.32208725376996e-05,3.35344790716711e-05,3.31975847834205e-05,3.34029965232563e-05,65.58677313584
1738784160,3.44139995776365e-05,3.44139995776365e-05,3.32208725376996e-05,3.32208725376996e-05,426.95072801737
1738784100,3.55553994574304e-05,3.55553994574304e-05,3.44139995776365e-05,3.44139995776365e-05,210.72235601865
1738784040,3.79957533384742e-05,3.83655450835413e-05,3.45367725680252e-05,3.55553994574304e-05,938.48762865169
1738783980,3.64266951531214e-05,3.80024607548888e-05,3.64266951531214e-05,3.79957533384742e-05,477.00882216745
1738783920,3.32911867760565e-05,3.64266951531214e-05,3.32390797947362e-05,3.64266951531214e-05,560.90375639373
1738783860,3.47135872759475e-05,3.47135872759475e-05,3.30772262116904e-05,3.32911867760565e-05,481.2188553516
1738783800,3.85508392660818e-05,3.85508392660818e-05,3.47135872759475e-05,3.47135872759475e-05,639.69039205104
1738783740,4.03990051820934e-05,4.03990051820934e-05,3.85508392660818e-05,3.85508392660818e-05,323.75848053352
1738783680,3.98455965532804e-05,4.08415527636004e-05,3.98455965532804e-05,4.03990051820934e-05,291.57011792784
1738783620,3.92734651442689e-05,4.03268127873589e-05,3.91192838834375e-05,3.98455965532804e-05,283.83327816324
1738783560,3.9329407610039e-05,3.9329407610039e-05,3.92734651442689e-05,3.92734651442689e-05,13.06270363212
1738783500,3.72872909517351e-05,3.94466303949911e-05,3.72872909517351e-05,3.9329407610039e-05,341.52027810966
1738783440,3.611921510868e-05,3.7396941595356e-05,3.57461957564593e-05,3.72872909517351e-05,439.60444138353
1738783380,3.87929617785624e-05,3.95766496400161e-05,3.611921510868e-05,3.611921510868e-05,2204.25501791213
1738783320,4.07553924841018e-05,4.07553924841018e-05,3.87929617785624e-05,3.87929617785624e-05,482.10153506615
1738783260,4.47697649085922e-05,4.47697649085922e-05,4.07553924841018e-05,4.07553924841018e-05,620.33255733447
1738783200,4.29265055745552e-05,4.49616077365836e-05,4.29265055745552e-05,4.47697649085922e-05,299.59018027836
1738783140,4.17402028284225e-05,4.29265055745552e-05,4.01980000926946e-05,4.29265055745552e-05,745.59475700747
1738783080,4.31373486682133e-05,4.32187199640857e-05,4.17402028284225e-05,4.17402028284225e-05,393.74760344419
1738783020,4.67845113923152e-05,4.67845113923152e-05,4.31373486682133e-05,4.31373486682133e-05,652.66114344207
1738782960,4.58236978710728e-05,4.91602504154734e-05,4.58236978710728e-05,4.67845113923152e-05,1285.02992126649
1738782900,4.73874837624446e-05,4.7860529877995e-05,4.57471487931088e-05,4.58236978710728e-05,458.02724616918
1738782840,4.52910418823818e-05,4.75623102032612e-05,4.52910418823818e-05,4.73874837624446e-05,375.95550596062
1738782780,4.49609826631748e-05,4.74262639506497e-05,4.41700870102717e-05,4.52910418823818e-05,1459.65754688812
1738782720,4.23716622821353e-05,4.80345626385154e-05,4.20598595701357e-05,4.49609826631748e-05,1529.92365084115
1738782660,4.80479216111414e-05,4.80479216111414e-05,4.23716622821353e-05,4.23716622821353e-05,716.57732692072
1738782600,5.14309336580183e-05,5.21464748070961e-05,4.80479216111414e-05,4.80479216111414e-05,986.62737117199
1738782540,5.03792654441716e-05,5.16154753501686e-05,4.93612339037755e-05,5.14309336580183e-05,596.41745026445
1738782480,4.85205225104666e-05,5.04044043684923e-05,4.61279321434074e-05,5.03792654441716e-05,2047.3977933316
1738782420,4.47384928492482e-05,4.98168876992843e-05,4.47384928492482e-05,4.85205225104666e-05,947.65666672056
1738782360,5.10224972359464e-05,5.11771977978623e-05,4.15143933432951e-05,4.47384928492482e-05,10193.00917177026
1738782300,5.82590913533798e-05,5.82590913533798e-05,4.90424970523246e-05,5.10224972359464e-05,2190.88598580636
1738782240,6.27737853648411e-05,6.35420115116441e-05,5.82590913533798e-05,5.82590913533798e-05,1100.4955788895
1738782180,6.12631971476806e-05,6.27737853648411e-05,6.11639374933877e-05,6.27737853648411e-05,228.71466079997
1738782120,6.03428409868022e-05,6.15921255720157e-05,6.03428409868022e-05,6.12631971476806e-05,192.39012136895
1738782060,5.83809095534666e-05,6.03428409868022e-05,5.83809095534666e-05,6.03428409868022e-05,320.03270281344
1738782000,5.66976434321759e-05,5.89417136881717e-05,5.66976434321759e-05,5.83809095534666e-05,661.68866176041
1738781940,5.27855278393547e-05,5.70385197791541e-05,5.27855278393547e-05,5.66976434321759e-05,756.78158470465
1738781880,5.15070478976822e-05,5.27855278393547e-05,5.15070478976822e-05,5.27855278393547e-05,342.42702588446
1738781820,5.59312643821683e-05,5.61206497128229e-05,5.14426494625906e-05,5.15070478976822e-05,774.35855631997
1738781760,5.44488485830373e-05,5.86221639546575e-05,5.29836691118317e-05,5.59312643821683e-05,2703.38933021735
1738781700,5.96329914675165e-05,6.1030311203321e-05,5.44353122336676e-05,5.44488485830373e-05,1162.45407190764
1738781640,5.78053763521106e-05,6.20692305951963e-05,5.78053763521106e-05,5.96329914675165e-05,1405.9031903081
1738781580,5.72663882422288e-05,5.85545065023475e-05,5.34504368826825e-05,5.78053763521106e-05,4377.33999557351
1738781520,5.87879985878895e-05,5.97896143866567e-05,5.65473338609847e-05,5.72663882422288e-05,825.05296217893
1738781460,5.84742638367649e-05,6.0840704654823e-05,5.42951362287408e-05,5.87879985878895e-05,1535.79274929177
1738781400,6.5088721954013e-05,6.58221650979081e-05,5.46068305609607e-05,5.84742638367649e-05,6386.88552548188
1738781340,6.71979349604921e-05,6.99189479223353e-05,6.01290880447497e-05,6.5088721954013e-05,7784.21424511766
1738781280,7.04219300531323e-05,7.16626839517391e-05,6.71979349604921e-05,6.71979349604921e-05,828.23567170296
1738781220,8.07428257812312e-05,8.43241612729689e-05,6.85026362611422e-05,7.04219300531323e-05,3503.99831388357
1738781160,7.47760028706428e-05,8.68518254891362e-05,7.47543743235326e-05,8.07428257812312e-05,3421.15912162998
1738781100,6.8051435910181e-05,7.47760028706428e-05,6.78007002539652e-05,7.47760028706428e-05,2009.40250206102
1738781040,6.53545427177553e-05,6.8051435910181e-05,5.59926399774663e-05,6.8051435910181e-05,5640.57081719513
1738780980,6.30872022914898e-05,6.53545427177553e-05,6.18430612295944e-05,6.53545427177553e-05,1208.7738377689
1738780920,7.79035479387843e-05,7.99698967796986e-05,5.8788317990056e-05,6.30872022914898e-05,7181.87757842801
1738780860,9.44219371996108e-05,9.44219371996108e-05,7.14568317752788e-05,7.79035479387843e-05,9762.92017078451
1738780800,9.40347725346926e-05,9.5340596326794e-05,9.14633261713455e-05,9.44219371996108e-05,1681.37890209287
1738780740,9.78879366963005e-05,9.78879366963005e-05,8.42923679955728e-05,9.40347725346926e-05,4612.73098350645
1738780680,0.000108795973288606,0.000112498253917523,9.5027462475703e-05,9.78879366963005e-05,3569.82894669563
1738780620,0.000110264427145052,0.000118981959487239,0.00010388899484363,0.000108795973288606,5487.35090236302
1738780560,0.000111697151699991,0.000111829893917413,0.000105228194849791,0.000110264427145052,2641.55171214766
1738780500,0.000119220323480987,0.000122889459762323,0.000111697151699991,0.000111697151699991,2497.73561903586
1738780440,0.000144758064307758,0.000150952080889734,0.0001070697831053,0.000119220323480987,25528.57054913231
1738780380,0.000154213697394023,0.000155024934619843,0.000144457980129816,0.000144758064307758,1576.05609750105
1738780320,0.000154165438239574,0.000158450798553101,0.000149874903573497,0.000154213697394023,1309.13894427332
1738780260,0.000169475353091177,0.000169475353091177,0.000151738623687644,0.000154165438239574,2413.515576777
1738780200,0.000200842183570787,0.000200842183570787,0.000169475353091177,0.000169475353091177,3414.60976435587
1738780140,0.000204663965510721,0.000204663965510721,0.000200842183570787,0.000200842183570787,281.68109537178
1738780080,0.000208558863306165,0.000209466659357638,0.000204663965510721,0.000204663965510721,462.91227771421
1738780020,0.000215098499408842,0.000217606613326202,0.000206101265563656,0.000208558863306165,1089.24540312348
1738779960,0.000209283867454992,0.000215098499408842,0.000208814480302359,0.000215098499408842,600.75762834464
1738779900,0.000204933185150513,0.000210829558703128,0.000204933185150513,0.000209283867454992,645.62390361682
1738779840,0.000203092666437556,0.000205535255370888,0.000203092666437556,0.000204933185150513,240.0702013743
1738779780,0.000200779073874243,0.000203092666437556,0.000200779073874243,0.000203092666437556,165.669397347
1738779720,0.000207546479159917,0.000207546479159917,0.000200779073874243,0.000200779073874243,421.57202462909
1738779660,0.000201761273523349,0.000209847996213877,0.000200670074839969,0.000207546479159917,1994.01802279121
1738779600,0.000201490421804656,0.000202176332463054,0.000200093088065767,0.000201761273523349,489.48083978031
1738779540,0.000200087041037015,0.000201753431084063,0.000198936789368623,0.000201490421804656,349.1539918295
1738779480,0.000196401172764826,0.000209077251659289,0.000196401172764826,0.000200087041037015,1679.00595042339
1738779420,0.000183587592000644,0.000197321507060527,0.000183587592000644,0.000196401172764826,1025.16887091302
1738779360,0.000188722362681624,0.000188722362681624,0.000183587592000644,0.000183587592000644,480.94090938492
1738779300,0.000183201113410922,0.000209986659560726,0.000176214469047577,0.000188722362681624,5447.38076195166
1738779240,0.000182646415522351,0.00018419010066554,0.0001796441070042,0.000183201113410922,752.66659448218
1738779180,0.000180924012143666,0.000183668616326804,0.000176529814620597,0.000182646415522351,1509.47051188055
1738779120,0.000202480642166886,0.000202480642166886,0.000180924012143666,0.000180924012143666,1692.43491080778
1738779060,0.000202398746523767,0.000205976162311752,0.000201778260513669,0.000202480642166886,615.80667873124
1738779000,0.000204664621162506,0.000205520629433066,0.000202398746523767,0.000202398746523767,357.45261179918
1738778940,0.000209356811477029,0.000210143716017025,0.0002031542592118,0.000204664621162506,666.3586841394
1738778880,0.000212726096546424,0.000212808059817469,0.000209356811477029,0.000209356811477029,490.52724795073
1738778820,0.000220400875828943,0.000220400875828943,0.00021103142890543,0.000212726096546424,939.44141467113
1738778760,0.000234372607613488,0.000234372607613488,0.000218720116729109,0.000220400875828943,1690.28727587738
1738778700,0.00023770785225814,0.00023770785225814,0.000223426703858196,0.000234372607613488,2417.78846445954
1738778640,0.000226585176942151,0.000243158397436072,0.000226585176942151,0.00023770785225814,2495.09899879682
1738778580,0.000232861624944955,0.000235799868405164,0.000221338614064275,0.000226585176942151,3399.92890726422
1738778520,0.000246739056259026,0.000252129531891865,0.000232861624944955,0.000232861624944955,1732.93414832572
1738778460,0.000253154526488245,0.000253154526488245,0.000241045565233433,0.000246739056259026,1743.95076153117
1738778400,0.000235261833371117,0.000254123579834422,0.000235261833371117,0.000253154526488245,1697.18201193186
1738778340,0.000224665108027196,0.000235725730568968,0.000210128059014007,0.000235261833371117,4413.48772838462
1738778280,0.000212005971813246,0.000224665108027196,0.000212005971813246,0.000224665108027196,1711.15695424028
1738778220,0.000224340996102209,0.000224542529181696,0.000207801328860384,0.000212005971813246,6933.00039537878
1738778160,0.000204895486927348,0.000243538857823802,0.000204895486927348,0.000224340996102209,8278.30981532349
1738778100,0.000197033509853728,0.00020642771638227,0.000192118969772002,0.000204895486927348,1494.54616789865
1738778040,0.000195387252487773,0.000226218989158415,0.000195387252487773,0.000197033509853728,6213.09274122034
1738777980,0.000160573690905892,0.000195387252487773,0.000160573690905892,0.000195387252487773,2816.24385491471
1738777920,0.0001596137393044,0.000163704078574419,0.000159612685210352,0.000160573690905892,427.36098263712
1738777860,0.000157086810236779,0.0001596137393044,0.000148841100200184,0.0001596137393044,2038.7958300298
1738777800,0.000162476724691398,0.000162476724691398,0.000157086810236779,0.000157086810236779,981.15386165461
1738777740,0.000153635113483866,0.000162476724691398,0.000153198826767713,0.000162476724691398,1454.85240807195
1738777680,0.000143942450514607,0.000154235308534983,0.000143183099739745,0.000153635113483866,3259.96037047644
1738777620,0.00016681123754119,0.000167500754727559,0.000143942450514607,0.000143942450514607,4038.93146895024
1738777560,0.000170556716343023,0.000170556716343023,0.00016681123754119,0.00016681123754119,151.57044407923
1738777500,0.000161626538318485,0.000171450895169006,0.000158977432464949,0.000170556716343023,2064.22502820043
1738777440,0.000183667630019776,0.000183667630019776,0.000161626538318485,0.000161626538318485,1874.81199870207
1738777380,0.000189058315909203,0.000189058315909203,0.000183589724923945,0.000183667630019776,651.5452436149
1738777320,0.000188352279917679,0.000193294465406133,0.000183413892982656,0.000189058315909203,1899.36969736565
1738777260,0.000190479520813343,0.000209176850345473,0.000185344961625332,0.000188352279917679,4943.92721262163
1738777200,0.000175535359734857,0.000199740649461024,0.000174297900235656,0.000190479520813343,4440.35200616827
1738777140,0.000156532641599097,0.000187906814365071,0.000155498841621465,0.000175535359734857,5289.82647677649
1738777080,0.00014690775938126,0.000157330209519752,0.000145833196668716,0.000156532641599097,1272.62860146305
1738777020,0.000138059955733525,0.000148590713406505,0.000138059955733525,0.00014690775938126,1769.52158993505
1738776960,0.00016747367195471,0.000179665757084902,0.000131871620190269,0.000138059955733525,6218.90578697324
1738776900,0.000136926285285929,0.00016750440045049,0.000136926285285929,0.00016747367195471,3611.24766056102
1738776840,0.000134049552487346,0.000148276055749622,0.000123088485478236,0.000136926285285929,9345.98136533893
1738776780,0.000143445902142323,0.000146052077707124,0.000134049552487346,0.000134049552487346,2375.40107489435
1738776720,0.000144053464904455,0.000182551388729659,0.000140269274418358,0.000143445902142323,7685.40880394997
1738776660,0.000144906640210495,0.000145750308267673,0.000126731447381442,0.000144053464904455,8415.3926626305
1738776600,0.0001582269351202,0.00015965438519193,0.000144906640210495,0.000144906640210495,2168.4121216059
1738776540,0.000160545700980839,0.00016562093381443,0.0001582269351202,0.0001582269351202,1556.72712194361
1738776480,0.000151994153638352,0.000160545700980839,0.000151994153638352,0.000160545700980839,1571.01503026241
1738776420,0.000180691554788586,0.000180691554788586,0.000140574661951362,0.000151994153638352,12352.1141931162
1738776360,0.000184970778055766,0.00018519123824482,0.000176009493072525,0.000180691554788586,1943.53467404319
1738776300,0.000175048376355063,0.000184970778055766,0.000168712723436211,0.000184970778055766,3229.51510279651
1738776240,0.000175896880622552,0.000176121832834874,0.000156228461377952,0.000175048376355063,3585.4762657749
1738776180,0.000182920123308254,0.000189934727480718,0.000175896880622552,0.000175896880622552,3500.9830310083
1738776120,0.000212016826928482,0.000212016826928482,0.000175045481905488,0.000182920123308254,4141.8544739369
1738776060,0.000234429500049632,0.000234429500049632,0.000210835785360572,0.000212016826928482,2153.85099341439
1738776000,0.000239185498342092,0.000240637484628797,0.000231697507419419,0.000234429500049632,1358.41228812534
1738775940,0.000231415717213844,0.000240609563059508,0.000231237220715782,0.000239185498342092,1189.67598712804
1738775880,0.000250758138129464,0.000252237796436329,0.000226933489524761,0.000231415717213844,2562.4976464625
1738775820,0.000255175711295589,0.000258910031545075,0.000249632478292625,0.000250758138129464,3194.0536659218
1738775760,0.000241491201987193,0.000257114049579525,0.000240513049346633,0.000255175711295589,1408.79512306668
1738775700,0.000242067482095665,0.000261979138229925,0.000241491201987193,0.000241491201987193,2671.2552628269
1738775640,0.000269837425185567,0.000269837425185567,0.000242067482095665,0.000242067482095665,2500.96445939757
1738775580,0.000229985741458627,0.0002718146979305,0.00022989663498882,0.000269837425185567,4598.68822942966
1738775520,0.00023290783594344,0.00023290783594344,0.000226587505760204,0.000229985741458627,757.6140332835
1738775460,0.000220231775642588,0.000234970100679605,0.000219257356407563,0.00023290783594344,4867.68576628215
1738775400,0.000211605212042684,0.000223065579885364,0.000209810810239666,0.000220231775642588,1791.52421091149
1738775340,0.000204644424844216,0.000211786377797508,0.000204644424844216,0.000211605212042684,621.7929428703
1738775280,0.0002433868154745,0.000252342412315153,0.000202221332608335,0.000204644424844216,5512.38283100582
1738775220,0.000232228139698505,0.0002433868154745,0.000232228139698505,0.0002433868154745,1729.70097656158
1738775160,0.000228282054455967,0.000232947382203504,0.000223918944822008,0.000232228139698505,1004.36592372629
1738775100,0.000227475845746281,0.000231191930650292,0.000218836877194422,0.000228282054455967,2142.54342042405
1738775040,0.000226051257565248,0.000233763574842,0.000224786114206658,0.000227475845746281,1914.90021508863
1738774980,0.000252875439078723,0.000252875439078723,0.000220403653427303,0.000226051257565248,5128.55879941154
1738774920,0.000243568256231657,0.000254416807953754,0.00023719433827362,0.000252875439078723,3862.96509328494
1738774860,0.000200162930906502,0.00027546532439511,0.000200162930906502,0.000243568256231657,10401.18181986162
1738774800,0.000185332655899276,0.000200162930906502,0.000184531413037141,0.000200162930906502,1276.66171498731
1738774740,0.000169771468017302,0.000186558579167847,0.000168571641803478,0.000185332655899276,2104.37884963333
1738774680,0.000200047068300762,0.000201244325532381,0.000169771468017302,0.000169771468017302,2627.26455808311
1738774620,0.000208487869953429,0.000211640440105376,0.000200047068300762,0.000200047068300762,1465.40654000555
1738774560,0.000198913681395609,0.000214507207263896,0.000198335274421872,0.000208487869953429,1954.78818699084
1738774500,0.000202101025511295,0.000205133789627327,0.000196026262999504,0.000198913681395609,985.19722878001
1738774440,0.000188654688756501,0.000210387256247242,0.000188654688756501,0.000202101025511295,7049.8109708409
1738774380,0.000177651160018875,0.000192583880658137,0.000177105874842193,0.000188654688756501,2261.33322048276
1738774320,0.000175840155924906,0.00018375884945935,0.000168939035264396,0.000177651160018875,3277.85710742302
1738774260,0.000183149227365938,0.000183149227365938,0.000164139939193661,0.000175840155924906,2776.63045663617
1738774200,0.000185691488356019,0.000187421744152803,0.000181699129747688,0.000183149227365938,748.5078052037
1738774140,0.00018979348761849,0.000190341973000119,0.000184561042564261,0.000185691488356019,1206.55862431036
1738774080,0.000162935866494433,0.00018979348761849,0.000161973157355099,0.00018979348761849,4303.99499688526
1738774020,0.000172161098835927,0.000175479616413389,0.000151775252122716,0.000162935866494433,7600.72662088696
1738773960,0.000218555715551042,0.000218555715551042,0.000155344966873732,0.000172161098835927,20541.11216264159
1738773900,0.000216666145858561,0.00022093403467555,0.000207415129709061,0.000218555715551042,2237.84445943115
1738773840,0.000223530691384201,0.000231689987676857,0.000206825338698486,0.000216666145858561,4116.60985648523
1738773780,0.0002527518152558,0.000255175884039511,0.000222306482159251,0.000223530691384201,2900.64166924652
1738773720,0.000254625350448512,0.000254625350448512,0.000248240603928237,0.0002527518152558,1061.05703217639
1738773660,0.000258152485642969,0.000259306151437791,0.00025128697719374,0.000254625350448512,1416.66908560936
1738773600,0.000280956702964587,0.000281072038855377,0.000258152485642969,0.000258152485642969,2327.0868724348
1738773540,0.000273974158093345,0.00028211241252649,0.000271171923708486,0.000280956702964587,957.00900378725
1738773480,0.000287910423406387,0.00028931837338639,0.000272980075781166,0.000273974158093345,1665.96070095786
1738773420,0.000281237643095354,0.00029189098514689,0.000281237643095354,0.000287910423406387,1029.23297879603
1738773360,0.000283117065793999,0.000283193371297762,0.000278579979082178,0.000281237643095354,1039.14959240836
1738773300,0.000296041219151929,0.000306113942097872,0.000283117065793999,0.000283117065793999,2115.62861295879
1738773240,0.0002515581131732,0.000296041219151929,0.000246839529780112,0.000296041219151929,7030.77683677106
1738773180,0.000253335241040707,0.00025646975192526,0.000246123694908285,0.0002515581131732,2424.80723508492
1738773120,0.000277386443006303,0.000309360615241135,0.000236763012017464,0.000253335241040707,13881.28791325335
1738773060,0.000277839691445447,0.000281301828066429,0.000272186105226318,0.000277386443006303,1784.81503211706
1738773000,0.00030615560094414,0.000311197703361136,0.000277025869915047,0.000277839691445447,3051.26870199525
1738772940,0.000295119918336135,0.000332930566159914,0.000292927712766117,0.00030615560094414,7052.97241980537
1738772880,0.000284881902798147,0.000297457927729712,0.000282620419083805,0.000295119918336135,1812.72455619422
1738772820,0.000277644444163317,0.000286350680869273,0.000275997164135584,0.000284881902798147,1334.98187157566
1738772760,0.000277298225786376,0.000286513957536388,0.000274855004000718,0.000277644444163317,2261.5295684041
1738772700,0.000243336825352249,0.000277896592356048,0.000241658099044095,0.000277298225786376,3617.80679029572
1738772640,0.000253165042681977,0.000253539002728369,0.00023573238782311,0.000243336825352249,5444.22531149773
1738772580,0.000272359696974926,0.000292844900923854,0.000253165042681977,0.000253165042681977,4971.87369564625
1738772520,0.000243002883386014,0.000281089148849226,0.000242157860144731,0.000272359696974926,4817.71349529396
1738772460,0.000260570404807719,0.000266543059436212,0.000228000780346329,0.000243002883386014,13505.9647216552
1738772400,0.000275050004050696,0.000284737721613325,0.000256914381260257,0.000260570404807719,4963.92592829461
1738772340,0.00027770322311812,0.000288645267468461,0.000264282194382097,0.000275050004050696,7035.89155385158
1738772280,0.000271317462297498,0.000302568845028571,0.000271317462297498,0.00027770322311812,9963.58657460977
1738772220,0.000350400104990226,0.00035247515497546,0.000267709103635106,0.000271317462297498,14074.47124567164
1738772160,0.000379190091467125,0.000380488973568169,0.000344998694844844,0.000350400104990226,2495.43419345724
1738772100,0.000404892323970083,0.000411444987819582,0.000379190091467125,0.000379190091467125,2673.66109694279
1738772040,0.000400717253909702,0.000410384955765388,0.000398497127173333,0.000404892323970083,1553.33615111308
1738771980,0.000389100188038973,0.000400952768030347,0.00038762909107547,0.000400717253909702,1634.9301725575
1738771920,0.000382376250279109,0.000390256287245647,0.000380086428567983,0.000389100188038973,1426.94812847772
1738771860,0.000393412412479178,0.000393412412479178,0.000367072794042203,0.000382376250279109,2636.32237464416
1738771800,0.00041780421326225,0.000431178158276856,0.00034722913705803,0.000393412412479178,10340.71876102276
1738771740,0.00046554706485664,0.00047243347083491,0.000415024209363294,0.00041780421326225,6336.49826921814
1738771680,0.000415561069393033,0.000468339863303569,0.000411217359479624,0.00046554706485664,3165.75430331765
1738771620,0.0004422200762769,0.000457173217822269,0.000413387802789748,0.000415561069393033,4265.56883014246
1738771560,0.000398830308182258,0.0004422200762769,0.000393259350517526,0.0004422200762769,7162.07716735157
1738771500,0.000448228483049677,0.000449667985148095,0.000380399032952002,0.000398830308182258,7744.17397256741
1738771440,0.000404105580041322,0.00052548433761388,0.00040228540441729,0.000448228483049677,17660.97888632662
1738771380,0.00053284972100502,0.000549396283610482,0.000393588958316492,0.000404105580041322,10720.92689887736
1738771320,0.000557646647155705,0.000567549669437703,0.000520790248753598,0.00053284972100502,6048.73132211037
1738771260,0.000535546191685622,0.000630650648548872,0.000489604521718361,0.000557646647155705,31297.89115650945
1738771200,0.000542877849855473,0.000676202952201814,0.000533107941084892,0.000535546191685622,41740.14817693632
1738771140,0.000482611713930286,0.000616884908799515,0.000424047464339552,0.000542877849855473,46928.43543331006
1738771080,0.000299038814516521,0.000556737671017838,0.000232978039129496,0.000482611713930286,50317.84473449457
1738771020,0.000328476537184919,0.000328571587495334,0.000298646743720192,0.000299038814516521,2492.70674870313
1738770960,0.000342924626869492,0.000349723443684725,0.000326673532343282,0.000328476537184919,2023.36766422268
1738770900,0.000356800914904948,0.000359623895146095,0.000337874291987218,0.000342924626869492,4050.82001746782
1738770840,0.000373720976744935,0.000373720976744935,0.000330748315820646,0.000356800914904948,5099.51955214551
1738770780,0.000341525048702181,0.00038291704177778,0.00032549133484837,0.000373720976744935,9765.73840580205
1738770720,0.000429625677338761,0.000440465613669268,0.000301798717961945,0.000341525048702181,12563.33421934206
1738770660,0.000386208574986843,0.000450888272694042,0.000368087562954412,0.000429625677338761,14309.40512888852
1738770600,0.000335218347297156,0.00039316966428418,0.000334265454750921,0.000386208574986843,7084.14282063912
1738770540,0.000299232260915864,0.00034059404370546,0.000299232260915864,0.000335218347297156,5372.24727708569
1738770480,0.000281145285492431,0.000299987717584916,0.000281145285492431,0.000299232260915864,2096.29956696045
1738770420,0.00026226553936161,0.000282273503316121,0.00026226553936161,0.000281145285492431,1605.52472231142
1738770360,0.000280917039503808,0.000284199721702375,0.000258218424697811,0.00026226553936161,2750.18113583348
1738770300,0.000286606817951184,0.00030218789602252,0.00027952054191569,0.000280917039503808,3633.03993844897
1738770240,0.000314881883093729,0.000319244454596534,0.00028650693580952,0.000286606817951184,4286.39369865878
1738770180,0.000287095281350189,0.000314881883093729,0.000276489985605989,0.000314881883093729,3941.5812929496
1738770120,0.000232881068446175,0.000306063288353245,0.000231342264852558,0.000287095281350189,8040.47468375602
1738770060,0.000231089071753034,0.000232881068446175,0.000214697548982674,0.000232881068446175,3894.92426183632
1738770000,0.000231905596519307,0.000238615630103239,0.000218773465069997,0.000231089071753034,3800.7928979339
1738769940,0.000205587999912281,0.000231905596519307,0.000204237666405976,0.000231905596519307,3557.78522383143
1738769880,0.000211342535221502,0.000212317886631735,0.000202274387249552,0.000205587999912281,1131.77084993838
1738769820,0.000233259856980878,0.000235109037512676,0.000211342535221502,0.000211342535221502,2033.72853205444
1738769760,0.000248147441521011,0.000248308392920339,0.000232531287222167,0.000233259856980878,3829.97455009423
1738769700,0.000226844047900562,0.000252650838649124,0.00021521399776381,0.000248147441521011,4318.98836031244
1738769640,0.000227919939835837,0.000228016567527978,0.000208185050471081,0.000226844047900562,2925.20119123875
1738769580,0.000217655370334399,0.000228994671203096,0.000210817640313564,0.000227919939835837,6173.30635547275
1738769520,0.000203571301921045,0.000217655370334399,0.000197354060447478,0.000217655370334399,2480.01049163039
1738769460,0.000248971189945821,0.000251704648026141,0.000203571301921045,0.000203571301921045,5914.25840728184
1738769400,0.000207103822978222,0.000280277221981499,0.000202163144929068,0.000248971189945821,15141.01091610156
1738769340,0.00018694781886163,0.000223266129843292,0.00018694781886163,0.000207103822978222,8507.45395617456
1738769280,0.000165388881592053,0.00018694781886163,0.000149968338459124,0.00018694781886163,6575.7005786898
1738769220,0.000204645144821049,0.000206526131403061,0.000165388881592053,0.000165388881592053,7432.35697296797
1738769160,0.000230693322964249,0.000236932272723546,0.000204077760088836,0.000204645144821049,3535.72163981767
1738769100,0.00025090026543623,0.00025090026543623,0.000227740585661799,0.000230693322964249,3317.10716308883
1738769040,0.000224747831285783,0.000258407960964593,0.000218594873258121,0.00025090026543623,4364.68212253103
1738768980,0.000239180890049948,0.000239911420283781,0.000212465164683931,0.000224747831285783,6693.29848917859
1738768920,0.000265112647784142,0.000269904006466396,0.000239180890049948,0.000239180890049948,3935.67838023315
1738768860,0.000249436249587079,0.000305712899321349,0.000249436249587079,0.000265112647784142,9526.85140976247
1738768800,0.000233266742862839,0.000254345419475907,0.000219142834203525,0.000249436249587079,10521.7233013898
1738768740,0.000201267902015832,0.000237834516803371,0.000183967333014749,0.000233266742862839,10271.56736625964
1738768680,0.000172453633271652,0.000218432397546044,0.000169544361668942,0.000201267902015832,11127.57688991492
1738768620,0.000170064541314981,0.000194061292405693,0.000164283218338383,0.000172453633271652,12415.01561244904
1738768560,0.000239491285044717,0.000250722797560961,0.000156867967462023,0.000170064541314981,44689.94182387537
1738768500,0.000274933379787501,0.000299752602005035,0.000234288614559639,0.000239491285044717,19056.84403477568
1738768440,0.00031623300672664,0.000365163335675244,0.000235292425566192,0.000274933379787501,29788.16052594896
1738768380,0.000280032681909903,0.000451669352754489,0.000275392041566444,0.00031623300672664,44500.95705177543
1738768320,0.000372661195565022,0.000412276257690412,0.000245474075104846,0.000280032681909903,49325.46224718432
1738768260,0.000383442980200819,0.000528489248208174,0.000358844808168653,0.000372661195565022,30297.3338464533
1738768200,0.000557894148921947,0.000557922873761285,0.000359406043768467,0.000383442980200819,33917.87605126873
1738768140,0.000472419130998801,0.000595079967920271,0.00045245294996202,0.000557894148921947,16409.67191493726
1738768080,0.000457947174906336,0.000534956778952116,0.000429095948828583,0.000472419130998801,35282.44887429532
1738768020,0.00060647469929973,0.000667907819010531,0.000417854584424791,0.000457947174906336,33220.92757830747
1738767960,0.000700387537419937,0.000712189629123504,0.00060647469929973,0.00060647469929973,19618.51442069357
1738767900,0.000735840957039822,0.000768203056821388,0.000684150388532188,0.000700387537419937,18188.98692447717
1738767840,0.000638607035231113,0.000737884662233899,0.000598851047224705,0.000735840957039822,17152.27677050236
1738767780,0.000711221181864548,0.000820982697465541,0.000638607035231113,0.000638607035231113,22336.17803871287
1738767720,0.00067244291699811,0.000795342341881028,0.000660056843695915,0.000711221181864548,27901.13426527492
1738767660,0.000584824835103978,0.000948260362254643,0.000572245873890281,0.00067244291699811,46902.49088531626
1738767600,0.000577154551614213,0.000639348234334005,0.0005607073384584,0.000584824835103978,13995.97065057467
1738767540,0.000510143618740034,0.000583066445190569,0.000476992451947979,0.000577154551614213,19917.36161815804
1738767480,0.000501416540402318,0.000557617124713584,0.000442529086278303,0.000510143618740034,36874.2996885795
1738767420,0.000579823110314539,0.0007308786675636,0.000489456544268107,0.000501416540402318,42763.41332799063
1738767360,0.000635471557678788,0.000639676267862059,0.000524858742489474,0.000579823110314539,36212.22967917831
1738767300,0.000735990925076534,0.000740781442717397,0.000609789483394988,0.000635471557678788,21090.98526242004
1738767240,0.00061248676308135,0.000753725825914429,0.0005822569683972,0.000735990925076534,27166.65892377516
1738767180,0.000555028952526749,0.000730614974180209,0.000523918531932259,0.00061248676308135,68888.48138527494
1738767120,0.000706306268233487,0.00076835268718939,0.000526657924884537,0.000555028952526749,39534.32337125458
1738767060,0.000798458565919349,0.000854546238782868,0.000653125141017667,0.000706306268233487,44222.33277466209
1738767000,0.00096614624454222,0.000970005779611242,0.000733730357234163,0.000798458565919349,56042.60087026994
1738766940,0.000946476707981618,0.00104242735684515,0.000935853851070445,0.00096614624454222,31577.71468518972
1738766880,0.000994718248074757,0.00105383468580637,0.000855968907942291,0.000946476707981618,53514.19028428846
1738766820,0.000979983621814449,0.00108852719181405,0.000885771747008563,0.000994718248074757,71139.18177799543
1738766760,0.00101892657835902,0.00106850215788052,0.000880810902620163,0.000979983621814449,67995.07503116524
1738766700,0.000778026960491428,0.00105301527536722,0.000776453078971306,0.00101892657835902,52614.82176303742
1738766640,0.000778966542285681,0.000829762270868333,0.000700051255474945,0.000778026960491428,33358.23835779986
1738766580,0.000720883981804627,0.000828347406073999,0.000615637892144653,0.000778966542285681,64873.83932306159
1738766520,0.000851660930740494,0.000912440275822236,0.000694411485579659,0.000720883981804627,76827.41478963723
1738766460,0.000763362270690679,0.00093633255416989,0.000716093334516174,0.000851660930740494,87387.89815692899
1738766400,0.000737967013463901,0.00111278351889135,0.000609416584221941,0.000763362270690679,168532.828183995
1738766340,0.000387920135001766,0.000941168343138628,0.000387920135001766,0.000737967013463901,75609.35416191087
1738766280,0.000346498910051901,0.000443510107987107,0.000346498910051901,0.000387920135001766,13103.84206228931
1738766220,0.000406876592998493,0.00041453037317886,0.000304603540418314,0.000346498910051901,22759.15894408954
1738766160,0.000428778569974736,0.00043316134695573,0.000330055349822236,0.000406876592998493,26849.34132966735
1738766100,0.000549068494636821,0.000577412303728174,0.000408757177525362,0.000428778569974736,26879.19766457848
1738766040,0.000416008753739445,0.000589721535243909,0.000416008753739445,0.000549068494636821,24007.48825174168
1738765980,0.0006100758153368,0.000732046232365077,0.000391322395051848,0.000416008753739445,62767.57570860909
1738765920,0.000483731316469459,0.000612657969199948,0.000480885964574879,0.0006100758153368,13332.45938718514
1738765860,0.000539517177117557,0.000574633470493674,0.000461252745136648,0.000483731316469459,33306.74854722696
1738765800,0.000398975763346541,0.000574161310755077,0.000398975763346541,0.000539517177117557,30017.57197026408
1738765740,0.00044400742676761,0.00044400742676761,0.000373411606724916,0.000398975763346541,14824.16598967499
1738765680,0.000335353364768819,0.000535598261101222,0.000320566470837551,0.00044400742676761,35991.25694163834
1738765620,0.000292780949867436,0.000343953415710966,0.000292506474927808,0.000335353364768819,14347.38938548697
1738765560,0.000314222367996875,0.000314222367996875,0.000234824234381008,0.000292780949867436,19726.88233575255
1738765500,0.000283431136008704,0.000375427113462771,0.000282339984619545,0.000314222367996875,29784.17864999645
1738765440,0.000340992341905362,0.000354981832312106,0.000227818364204094,0.000283431136008704,66961.66743652898
1738765380,0.000367407618669368,0.000387881107274009,0.000291363835247763,0.000340992341905362,86779.0470673984
1738765320,0.000538521255812349,0.000590546507505694,0.000354646866697018,0.000367407618669368,71145.36240265935
1738765260,0.000460774449758149,0.000657982505015351,0.000451370265387176,0.000538521255812349,57946.46227830559
1738765200,0.000441532585366345,0.000492625135881412,0.000402052662679726,0.000460774449758149,36851.93355000612
1738765140,0.000384794369998375,0.000455182557818518,0.000347093360552682,0.000441532585366345,53357.66633188265
1738765080,0.000490624574304748,0.000514926362774608,0.000333602247178038,0.000384794369998375,92142.76331245134
1738765020,0.000439125865358164,0.000628493964639315,0.000386133222585814,0.000490624574304748,132791.54853317846
1738764960,0.000360145310657873,0.00047682119194103,0.000337809568113536,0.000439125865358164,88623.93763001138
1738764900,0.000266762486292057,0.000363495268513718,0.000266762486292057,0.000360145310657873,28256.19297353662
1738764840,0.000277868490128509,0.000305402322552726,0.000246283769738615,0.000266762486292057,36481.71861420364
1738764780,0.000257703173564681,0.000335735664357022,0.000246739079635994,0.000277868490128509,48566.54677735875
1738764720,0.000251151800730682,0.000382989374082168,0.000230539286960496,0.000257703173564681,77384.23884591195
1738764660,0.00018477485215094,0.000355247942683434,0.00018477485215094,0.000251151800730682,96291.49194021102
1738764600,0.000134054229743147,0.000335478854651392,0.000122337748431414,0.00018477485215094,68127.49181716706
1738764540,7.43774624652449e-05,0.000158201151231422,7.31982085985234e-05,0.000134054229743147,51675.76260119704
