0,1,2,3,4,5
1732542120.0,8.32031672829964e-05,8.46159599915464e-05,2.80262180684614e-05,3.77877445152963e-05,28735.48390582725
1732542180.0,3.77877445152963e-05,6.69509493705292e-05,3.60605905014046e-05,5.23914113835505e-05,21768.48188643302
1732542240.0,5.23914113835505e-05,6.33535506952731e-05,4.58623333796663e-05,6.27670619960727e-05,7607.85612160445
1732542300.0,6.27670619960727e-05,0.0001119995298893,5.80514243925167e-05,6.31273872617474e-05,28657.59276840992
1732542360.0,6.31273872617474e-05,8.07264213684704e-05,6.28638092689119e-05,7.1786330660974e-05,5451.56948168871
1732542420.0,7.1786330660974e-05,8.13324682525987e-05,7.1786330660974e-05,7.9755015376066e-05,4067.50377781063
1732542480.0,7.9755015376066e-05,7.9755015376066e-05,5.62748874408786e-05,5.82584563409538e-05,12527.93011367205
1732542540.0,5.82584563409538e-05,6.04344868669857e-05,3.66837037771756e-05,4.48267471589899e-05,16913.68811615462
1732542600.0,4.48267471589899e-05,5.08371833470337e-05,4.25615932254477e-05,4.58857204715797e-05,4736.73338179784
1732542660.0,4.58857204715797e-05,5.66310339166726e-05,4.58857204715797e-05,5.61346947987467e-05,5026.38517275054
1732542720.0,5.61346947987467e-05,6.53589322391476e-05,5.59640275616476e-05,6.53589322391476e-05,1506.24815697487
1732542780.0,6.53589322391476e-05,8.08435738562223e-05,6.46949409257787e-05,6.77196364921899e-05,5447.93175737375
1732542840.0,6.77196364921899e-05,0.0001057525958371,6.77196364921899e-05,8.58476437991102e-05,20501.01370404272
1732542900.0,8.58476437991102e-05,0.0001069269055197,7.92749856019843e-05,8.02607219112793e-05,14763.67810393108
1732542960.0,8.02607219112793e-05,8.46335965349574e-05,7.56970928434146e-05,7.91529822834157e-05,3884.93339087602
1732543020.0,7.91529822834157e-05,9.45481986508908e-05,7.91529822834157e-05,9.03514670464314e-05,3483.51466507044
1732543080.0,9.03514670464314e-05,0.0002126069778886,8.7917959183445e-05,0.0001399358276422,29797.87723578278
1732543140.0,0.0001399358276422,0.0001418183354099,0.0001200802349403,0.0001223278297646,11643.24781845746
1732543200.0,0.0001223278297646,0.0001224355848306,0.0001027505651693,0.0001158035904994,8458.93460578659
1732543260.0,0.0001158035904994,0.0001585263200515,9.73136006269166e-05,0.0001431437462567,19920.14636617445
1732543320.0,0.0001431437462567,0.0001730791945658,0.0001431437462567,0.0001720344246562,5461.80419035596
1732543380.0,0.0001720344246562,0.0001765679142164,0.0001472750993862,0.000165245531809,14610.22428729387
1732543440.0,0.000165245531809,0.0001782472067807,0.0001437942658716,0.0001454352374394,9353.9124300808
1732543500.0,0.0001454352374394,0.0001644614496351,0.0001453208283241,0.0001537797370972,5652.54957106257
1732543560.0,0.0001537797370972,0.0001687719767974,0.0001202713403768,0.0001202713403768,9157.45877844512
1732543620.0,0.0001202713403768,0.0001485280882509,0.0001145555087438,0.0001456516451169,11655.53955179179
1732543680.0,0.0001456516451169,0.0001464523632194,0.0001185683754388,0.0001234221421083,9861.73053906831
1732543740.0,0.0001234221421083,0.0001286154679913,0.0001167405509353,0.0001182610971932,3040.53304279462
1732543800.0,0.0001182610971932,0.0001186126781262,0.0001105323902756,0.0001113615276978,2214.20188990448
1732543860.0,0.0001113615276978,0.0001167369570506,0.0001049966282778,0.0001049966282778,3685.89052246903
1732543920.0,0.0001049966282778,0.0001049966282778,9.29129478041067e-05,9.29129478041067e-05,8478.93505940504
1732543980.0,9.29129478041067e-05,9.65347395553361e-05,8.90303886672986e-05,8.90303886672986e-05,3278.26557213319
1732544040.0,8.90303886672986e-05,0.0001165066620315,8.90303886672986e-05,0.0001114600718802,10940.12735368352
1732544100.0,0.0001114600718802,0.0001256727976686,0.0001114600718802,0.0001256727976686,1535.87166821454
1732544160.0,0.0001256727976686,0.0001283695642991,0.0001153239782697,0.0001216403865364,6383.20613601365
1732544220.0,0.0001216403865364,0.0001230181657334,0.0001170123944232,0.0001230181657334,2155.63629792837
1732544280.0,0.0001230181657334,0.0001251841196077,0.0001230181657334,0.0001251841196077,412.46299671552
1732544340.0,0.0001251841196077,0.0001368525282528,0.0001251454164197,0.000126812501911,3292.91927565175
1732544400.0,0.000126812501911,0.000132483535697,0.000126812501911,0.000132483535697,879.57707515614
1732544460.0,0.000132483535697,0.0001563990607922,0.000132483535697,0.0001411180712544,5090.68364282398
1732544520.0,0.0001411180712544,0.0001502358121242,0.0001353917183238,0.0001502358121242,2777.31764295437
1732544580.0,0.0001502358121242,0.0001513459245196,0.0001342647880367,0.0001430076452198,4944.1553728855
1732544640.0,0.0001430076452198,0.0001587469131132,0.0001430076452198,0.0001568561790415,2220.97632645982
1732544700.0,0.0001568561790415,0.0001640247158621,0.0001564631509762,0.0001613989700683,1070.1093373102
1732544760.0,0.0001613989700683,0.000173950739104,0.0001593659723495,0.0001687908633522,3431.28603684515
1732544820.0,0.0001687908633522,0.0001761545133843,0.0001687908633522,0.0001720896375902,715.58035160894
1732544880.0,0.0001720896375902,0.000190740512426,0.0001141141769592,0.0001258919502736,19912.40663723548
1732544940.0,0.0001258919502736,0.0001454687272341,0.0001258919502736,0.0001446650403452,3324.47442639753
1732545000.0,0.0001446650403452,0.0001550549788552,0.0001276395429218,0.0001540293784639,5248.46620942287
1732545060.0,0.0001540293784639,0.000175108627765,0.0001540293784639,0.0001700405938935,2465.66200007146
1732545120.0,0.0001700405938935,0.000206191441663,0.0001453780129995,0.0001453780129995,16598.45382625284
1732545180.0,0.0001453780129995,0.0001798954211539,0.0001226805918871,0.0001353159020617,13725.42909912496
1732545240.0,0.0001353159020617,0.0001435569916464,0.0001278885877291,0.0001435569916464,3492.2498471909
1732545300.0,0.0001435569916464,0.000146036562447,0.0001299616945033,0.0001433394284295,4863.86496649518
1732545360.0,0.0001433394284295,0.0001518009486716,0.0001429732171478,0.0001518009486716,1909.45493700806
1732545420.0,0.0001518009486716,0.0001640647130818,0.0001452955769574,0.0001593849244851,6745.86048059111
1732545480.0,0.0001593849244851,0.000175453884758,0.0001593849244851,0.000175453884758,3692.21125491748
1732545540.0,0.000175453884758,0.0001838676889762,0.0001685046683498,0.0001697302163288,2997.55948915128
1732545600.0,0.0001697302163288,0.0001697302163288,0.0001635427901242,0.0001676167668681,1439.33282979968
1732545660.0,0.0001676167668681,0.0002021883931982,0.0001676167668681,0.0001998207216522,3994.36868706524
1732545720.0,0.0001998207216522,0.0002075195740216,0.0001817923545165,0.0001857130825155,8948.78864754084
1732545780.0,0.0001857130825155,0.0001867448190575,0.000177735300057,0.000177735300057,1056.94396686372
1732545840.0,0.000177735300057,0.0002099035201879,0.0001665818701929,0.0002091075101864,12874.9857080457
1732545900.0,0.0002091075101864,0.000209821915685,0.0001819462876087,0.0001905643405556,8913.59769945351
1732545960.0,0.0001905643405556,0.0002042833003531,0.0001827717479716,0.0002013332965405,4417.69338729177
1732546020.0,0.0002013332965405,0.0002716375202382,0.0001824586531513,0.0002188190019006,17489.77350394688
1732546080.0,0.0002188190019006,0.0002740839044144,0.0002185650003952,0.0002312692860923,21465.94257890212
1732546140.0,0.0002312692860923,0.0002336247353004,0.0002101334271324,0.0002101334271324,2907.13046576206
1732546200.0,0.0002101334271324,0.0002531006519943,0.0002101334271324,0.0002449820737279,4941.71951436886
1732546260.0,0.0002449820737279,0.0002587299194879,0.0002423714103604,0.0002559251963977,4622.33901260734
1732546320.0,0.0002559251963977,0.0002559251963977,0.0002294522357114,0.0002475689833356,5136.45541601288
1732546380.0,0.0002475689833356,0.000326428294811,0.0002334748394923,0.0002594553066283,28224.78020980984
1732546440.0,0.0002594553066283,0.0003441820388726,0.0002328108944115,0.0002710970284746,37414.74327709846
1732546500.0,0.0002710970284746,0.0002715707856956,0.0002548646784233,0.0002715707856956,5590.49625560437
1732546560.0,0.0002715707856956,0.0002851825112877,0.0002648591005251,0.0002814409817984,3910.42786707451
1732546620.0,0.0002814409817984,0.0003362851436504,0.0002444618809503,0.0003362851436504,14025.5558229439
1732546680.0,0.0003362851436504,0.000351358952841,0.0003023956678342,0.0003171249908706,18024.50550960033
1732546740.0,0.0003171249908706,0.0004101031088619,0.0002753156918343,0.0003065526823898,22211.71080671856
1732546800.0,0.0003065526823898,0.0003172873111464,0.0002939765506308,0.0003172873111464,4141.70816650868
1732546860.0,0.0003172873111464,0.0003818572336061,0.0002670756286337,0.0003311428081088,25352.72824697768
1732546920.0,0.0003311428081088,0.0003447561040957,0.0003257203915372,0.0003291522502954,2936.10411763665
1732546980.0,0.0003291522502954,0.0004134599341946,0.0002892585899016,0.0002959529358377,17902.37495943365
1732547040.0,0.0002959529358377,0.0002959529358377,0.000209447850541,0.0002257562912261,20173.11753313626
1732547100.0,0.0002257562912261,0.0002540174879303,0.0001900825261875,0.0002244288265998,22578.64388620092
1732547160.0,0.0002244288265998,0.0002249997704902,0.0002100573624604,0.0002110347199591,3705.47282036044
1732547220.0,0.0002110347199591,0.0002818075097008,0.0002099835601254,0.0002813309249553,13503.02459661525
1732547280.0,0.0002813309249553,0.0002913425063878,0.0002561705959032,0.000287687690758,10069.04062398896
1732547340.0,0.000287687690758,0.0002996766377984,0.0002822896338424,0.0002851499236934,4698.23835065331
1732547400.0,0.0002851499236934,0.0003889556111819,0.0002706521816001,0.0003121326648911,18116.5090687603
1732547460.0,0.0003121326648911,0.0003136564801423,0.0002955352176645,0.0003028312260506,2974.28730165275
1732547520.0,0.0003028312260506,0.0003223082112575,0.0002903916733357,0.0002906109701111,12127.46217610159
1732547580.0,0.0002906109701111,0.0003191347820215,0.0002808656792707,0.0002822573954227,8071.36579924659
1732547640.0,0.0002822573954227,0.0002822573954227,0.000247091731927,0.0002530116514039,4107.19167542287
1732547700.0,0.0002530116514039,0.0002626799276739,0.0002455618723738,0.000245847524349,5610.34556415754
1732547760.0,0.000245847524349,0.0002695292862973,0.0001715599134063,0.0002148762759433,41184.3340791427
1732547820.0,0.0002148762759433,0.0002304749848137,0.000205876535678,0.0002304749848137,4235.57616034574
1732547880.0,0.0002304749848137,0.0002521783753986,0.0002304749848137,0.000241478625995,5415.18440149717
1732547940.0,0.000241478625995,0.00026279338069,0.000241478625995,0.0002587643164263,2759.90419399218
1732548000.0,0.0002587643164263,0.0002608063340915,0.0002509316349595,0.0002531104122409,2019.15894181494
1732548060.0,0.0002531104122409,0.0002546462180237,0.0001974941544796,0.000204881669584,8758.79822957951
1732548120.0,0.000204881669584,0.0002052019164538,0.0001742627466955,0.0001810338989579,3891.43655793453
1732548180.0,0.0001810338989579,0.0001866179245468,0.0001645366287055,0.0001855857522642,8591.00915484091
1732548240.0,0.0001855857522642,0.0001864511690937,0.0001672110583329,0.0001681974594255,2260.30475823276
1732548300.0,0.0001681974594255,0.0001876612595286,0.0001502567422012,0.0001574122610937,16351.3743004497
1732548360.0,0.0001574122610937,0.0001692283151173,0.0001192834920916,0.000122315565725,34212.33766667412
1732548420.0,0.000122315565725,0.0001463665594233,0.0001072100199415,0.0001072100199415,13403.5783761726
1732548480.0,0.0001072100199415,0.0001442843641418,8.94345652512377e-05,9.55199163853077e-05,18437.25791304525
1732548540.0,9.55199163853077e-05,0.0001093398227137,9.38899303497181e-05,9.7851527404117e-05,5150.28099682721
1732548600.0,9.7851527404117e-05,0.0001018947639135,7.97945154545118e-05,8.03881730686299e-05,9219.24700699111
1732548660.0,8.03881730686299e-05,8.03881730686299e-05,6.1632770620488e-05,6.32071332761819e-05,4065.45569042613
1732548720.0,6.32071332761819e-05,6.32071332761819e-05,4.99838144056838e-05,5.03781958522956e-05,3889.19955261983
1732548780.0,5.03781958522956e-05,6.64096875754739e-05,4.99831606923064e-05,6.09412150818931e-05,13391.93901703791
1732548840.0,6.09412150818931e-05,6.57673156403444e-05,5.96766629392185e-05,6.57654481678435e-05,3427.33780670552
1732548900.0,6.57654481678435e-05,7.96535923124459e-05,6.3172062137348e-05,7.88648834343711e-05,4529.01674275247
1732548960.0,7.88648834343711e-05,0.0001013750878056,7.73880491254157e-05,9.08094957008454e-05,12199.06635237884
1732549020.0,9.08094957008454e-05,9.17182177761181e-05,8.94984753981254e-05,9.0084981754004e-05,1089.04035651398
1732549080.0,9.0084981754004e-05,9.32247892635394e-05,8.82599597448604e-05,9.30168446381109e-05,2497.84852411519
1732549140.0,9.30168446381109e-05,9.89654174617743e-05,8.79453400717788e-05,9.09928244213402e-05,3891.39393632928
1732549200.0,9.09928244213402e-05,0.0001023967574707,9.09928244213402e-05,0.0001023967574707,2743.0294616825
1732549260.0,0.0001023967574707,0.0001036320335063,9.80908969397835e-05,0.0001005853717068,1243.71829393536
1732549320.0,0.0001005853717068,0.0001054882536218,9.98572397859595e-05,0.0001052431892741,865.0825160397
1732549380.0,0.0001052431892741,0.0001112651699516,0.0001003417629994,0.0001003417629994,2458.10566020982
1732549440.0,0.0001003417629994,0.0001188144931345,9.86460777567442e-05,0.0001168407843948,3625.66915940858
1732549500.0,0.0001168407843948,0.000169169583945,0.0001156713002689,0.0001292891751972,10866.19670239151
1732549560.0,0.0001292891751972,0.0001373169443696,0.0001292891751972,0.0001331565349055,2468.29002689005
1732549620.0,0.0001331565349055,0.0001350142604783,0.0001301937204258,0.0001301937204258,1023.28245827797
1732549680.0,0.0001301937204258,0.0001304452081402,0.0001214090870293,0.0001219287140951,1086.5341657472
1732549740.0,0.0001219287140951,0.0001220512492322,0.0001012005344169,0.0001014621940693,2568.89354476854
1732549800.0,0.0001014621940693,0.0001082323195357,0.0001010465604433,0.0001024772078342,2291.63526879687
1732549860.0,0.0001024772078342,0.0001024772078342,7.90619407070292e-05,7.90619407070292e-05,3264.96742259573
1732549920.0,7.90619407070292e-05,0.0001057337823751,7.89877615527338e-05,8.77783412544647e-05,5723.50382350872
1732549980.0,8.77783412544647e-05,9.40600946919092e-05,8.74043608406865e-05,9.40600946919092e-05,1195.71420796278
1732550040.0,9.40600946919092e-05,0.0001019039441881,9.40600946919092e-05,0.0001019039441881,1025.85260827732
1732550100.0,0.0001019039441881,0.0001060700456412,0.0001011930833011,0.0001050351210073,887.53200890632
1732550160.0,0.0001050351210073,0.0001063400853254,0.0001048992643476,0.0001063400853254,324.22178592463
1732550220.0,0.0001063400853254,0.0001063400853254,9.29202830159737e-05,9.68403318222853e-05,3453.59523866109
1732550280.0,9.68403318222853e-05,0.000100833704935,8.80218083741052e-05,8.80218083741052e-05,1449.20988202522
1732550340.0,8.80218083741052e-05,8.80218083741052e-05,8.23753576180951e-05,8.23753576180951e-05,673.68040302082
1732550400.0,8.23753576180951e-05,8.23753576180951e-05,7.80600106844297e-05,7.80600106844297e-05,554.12936868644
1732550460.0,7.80600106844297e-05,7.80600106844297e-05,7.20424699309573e-05,7.25064767512364e-05,996.353222696
1732550520.0,7.25064767512364e-05,8.06480309328984e-05,7.25064767512364e-05,8.06480309328984e-05,1261.76605696274
1732550580.0,8.06480309328984e-05,0.0001038809228307,8.06480309328984e-05,8.90860049424955e-05,6569.17986625511
1732550640.0,8.90860049424955e-05,9.24589833944672e-05,8.61169370304538e-05,9.24589833944672e-05,1361.03647350192
1732550700.0,9.24589833944672e-05,9.91579048991469e-05,9.24589833944672e-05,9.84680400589692e-05,662.3021
1732550760.0,9.84680400589692e-05,0.0001182321595025,9.58075521187284e-05,0.0001033905113323,5309.49869576784
1732550820.0,0.0001033905113323,0.0001035256113655,9.90201615919391e-05,0.000100670809617,1058.09298222915
1732550880.0,0.000100670809617,0.0001028668328984,0.000100670809617,0.0001028668328984,321.24959681395
1732550940.0,0.0001028668328984,0.0001036212188786,0.0001028668328984,0.0001030280365415,40.71929724559
1732551000.0,0.0001030280365415,0.0001037372409057,0.000103005870903,0.0001037372409057,123.76385658993
1732551060.0,0.0001037372409057,0.0001038743015709,9.91235738324927e-05,9.91235738324927e-05,537.80986483864
1732551120.0,9.91235738324927e-05,0.0001223283844724,9.84068720187435e-05,0.0001018502988232,4918.65098557634
1732551180.0,0.0001018502988232,0.0001022319471861,9.70543087275337e-05,9.83325044448023e-05,838.69267630552
1732551240.0,9.83325044448023e-05,9.83325044448023e-05,8.99323583934455e-05,9.03147178503575e-05,920.99598666916
1732551300.0,9.03147178503575e-05,9.03483836564331e-05,8.64601189254085e-05,8.64601189254085e-05,934.79992806294
1732551360.0,8.64601189254085e-05,8.68459320147988e-05,7.74483136332536e-05,7.74483136332536e-05,1252.3298755099
1732551420.0,7.74483136332536e-05,7.74483136332536e-05,7.32551486901617e-05,7.32551486901617e-05,824.05193054592
1732551480.0,7.32551486901617e-05,8.32546289974587e-05,6.66010905679955e-05,6.66010905679955e-05,3374.61265508903
1732551540.0,6.66010905679955e-05,6.95733652645233e-05,6.64838433438633e-05,6.89741400677869e-05,657.5024808864
1732551600.0,6.89741400677869e-05,7.43117343333019e-05,6.74530780459877e-05,6.87315630514898e-05,2134.14330419899
1732551660.0,6.87315630514898e-05,7.85905909677871e-05,6.87315630514898e-05,7.84912487404661e-05,1325.60416709725
1732551720.0,7.84912487404661e-05,7.84912487404661e-05,7.21755022782868e-05,7.6521076589168e-05,1633.98520553142
1732551780.0,7.6521076589168e-05,7.71160664064846e-05,7.48185997934591e-05,7.48185997934591e-05,375.65666087492
1732551840.0,7.48185997934591e-05,7.48185997934591e-05,7.08026196328577e-05,7.25290749155412e-05,737.84991249558
1732551900.0,7.25290749155412e-05,8.50817840921954e-05,7.20569120056849e-05,8.47258707946508e-05,1720.47514021777
1732551960.0,8.47258707946508e-05,8.47258707946508e-05,7.34678254390126e-05,7.45469686141688e-05,1483.53096454405
1732552020.0,7.45469686141688e-05,7.45469686141688e-05,7.29672171368775e-05,7.29672171368775e-05,121.61947956765
1732552080.0,7.29672171368775e-05,8.14166857281854e-05,7.28519001565221e-05,7.82736520344714e-05,2537.75024849156
1732552140.0,7.82736520344714e-05,8.17356815570612e-05,7.82736520344714e-05,8.17356815570612e-05,209.77416083908
1732552200.0,8.17356815570612e-05,8.44740834120389e-05,8.13290549487759e-05,8.44740834120389e-05,634.12254997074
1732552260.0,8.44740834120389e-05,8.52702528917332e-05,8.44740834120389e-05,8.47371356312104e-05,123.45736820983
1732552320.0,8.47371356312104e-05,8.47371356312104e-05,8.13389804749364e-05,8.24355928403923e-05,500.78144126568
1732552380.0,8.24355928403923e-05,8.24355928403923e-05,7.80211292375937e-05,7.8365790027421e-05,564.35330627198
1732552440.0,7.8365790027421e-05,7.8365790027421e-05,6.91118866490207e-05,7.44996669806642e-05,1920.52474467924
1732552500.0,7.44996669806642e-05,7.44996669806642e-05,5.37760513957669e-05,5.3806467391549e-05,3712.12882315052
1732552560.0,5.3806467391549e-05,6.02799338778717e-05,4.99194809241273e-05,4.99194809241273e-05,3617.32727735491
1732552620.0,4.99194809241273e-05,5.05581416788792e-05,4.1728870902089e-05,4.49887215855462e-05,5958.60932317106
1732552680.0,4.49887215855462e-05,4.49887215855462e-05,4.20746422698843e-05,4.20746422698843e-05,910.83198325285
1732552740.0,4.20746422698843e-05,4.20746422698843e-05,3.55655329635465e-05,3.57652149880177e-05,1121.42845225484
1732552800.0,3.57652149880177e-05,4.20797860459933e-05,3.55898372822667e-05,4.20326505189283e-05,1246.96781887173
1732552860.0,4.20326505189283e-05,4.82725669551943e-05,4.1795398941531e-05,4.82725669551943e-05,1392.52142026137
1732552920.0,4.82725669551943e-05,5.28703141228252e-05,4.75116651596721e-05,5.28703141228252e-05,2628.31306051544
1732552980.0,5.28703141228252e-05,5.28703141228252e-05,5.12975713510164e-05,5.21509936178922e-05,253.18455196766
1732553040.0,5.21509936178922e-05,5.27772184926371e-05,5.21326219504777e-05,5.27376534356112e-05,369.98396314364
1732553100.0,5.27376534356112e-05,5.27376534356112e-05,4.73624977525551e-05,4.73624977525551e-05,799.91114669295
1732553160.0,4.73624977525551e-05,4.83354663651131e-05,4.73624977525551e-05,4.79570188974352e-05,205.88578108027
1732553220.0,4.79570188974352e-05,4.79570188974352e-05,4.77564122970752e-05,4.77564122970752e-05,6.12279560844
1732553280.0,4.77564122970752e-05,4.77564122970752e-05,4.67410272066848e-05,4.67410272066848e-05,179.4566126962
1732553340.0,4.67410272066848e-05,5.33349648944534e-05,4.67410272066848e-05,5.33349648944534e-05,1096.2793507848
1732553400.0,5.33349648944534e-05,6.28286005821559e-05,5.33349648944534e-05,6.28286005821559e-05,1354.10570221864
1732553460.0,6.28286005821559e-05,6.31139957072072e-05,6.25797238180478e-05,6.31139957072072e-05,133.00184132836
1732553520.0,6.31139957072072e-05,8.18107199960198e-05,6.15731687790467e-05,6.23308639386584e-05,5585.15412087154
1732553580.0,6.23308639386584e-05,6.26093322862047e-05,6.21897319987213e-05,6.25162062882885e-05,44.5943356416
1732553640.0,6.25162062882885e-05,6.49692994097244e-05,6.25162062882885e-05,6.47085913470924e-05,333.66687880128
1732553700.0,6.47085913470924e-05,6.53852169897675e-05,6.44312685782346e-05,6.53852169897675e-05,249.86184911165
1732553760.0,6.53852169897675e-05,6.70730705728019e-05,6.53852169897675e-05,6.70730705728019e-05,157.22939373624
1732553820.0,6.70730705728019e-05,6.81982356293954e-05,6.65787138958331e-05,6.81982356293954e-05,397.07671711268
1732553880.0,6.81982356293954e-05,7.19154728654841e-05,6.81982356293954e-05,7.19154728654841e-05,554.00006142772
1732553940.0,7.19154728654841e-05,8.2202938334136e-05,7.19154728654841e-05,8.2202938334136e-05,1178.36278458735
1732554000.0,8.2202938334136e-05,8.2202938334136e-05,7.52375166251959e-05,7.68274715121518e-05,2069.28169481952
1732554060.0,7.68274715121518e-05,7.73065655302946e-05,7.23314448246144e-05,7.23314448246144e-05,848.28700563575
1732554120.0,7.23314448246144e-05,7.68888390132551e-05,7.23314448246144e-05,7.68888390132551e-05,851.80435722364
1732554180.0,7.68888390132551e-05,7.79955899456495e-05,7.68888390132551e-05,7.79955899456495e-05,47.86986166685
1732554240.0,7.79955899456495e-05,8.15245050997965e-05,7.79955899456495e-05,8.15245050997965e-05,538.7496005907
1732554300.0,8.15245050997965e-05,9.1852476112757e-05,8.15245050997965e-05,9.1852476112757e-05,1230.29516612244
1732554360.0,9.1852476112757e-05,9.1852476112757e-05,8.32926138887056e-05,8.37894795626867e-05,1343.85993715039
1732554420.0,8.37894795626867e-05,8.61145428552832e-05,8.36196086196256e-05,8.61145428552832e-05,331.70292352014
1732554480.0,8.61145428552832e-05,8.84064012161249e-05,8.56902654652196e-05,8.6310488286959e-05,1168.8754799284
1732554540.0,8.6310488286959e-05,8.6802281839574e-05,8.62542245123893e-05,8.62542245123893e-05,164.69456978996
1732554600.0,8.62542245123893e-05,8.62542245123893e-05,8.46587967707123e-05,8.46587967707123e-05,303.61411241892
1732554660.0,8.46587967707123e-05,8.46587967707123e-05,8.43657271586781e-05,8.43657271586781e-05,122.99836741632
1732554720.0,8.43657271586781e-05,8.43657271586781e-05,6.90192591389551e-05,6.9208976998621e-05,2852.83867753998
1732554780.0,6.9208976998621e-05,6.9208976998621e-05,6.49354590999025e-05,6.49354590999025e-05,562.4576714642
1732554840.0,6.49354590999025e-05,6.52433131956531e-05,6.07418103030369e-05,6.07418103030369e-05,1006.91886026051
1732554900.0,6.07418103030369e-05,6.07418103030369e-05,5.82611520607982e-05,5.86097965165696e-05,214.15109318819
1732554960.0,5.86097965165696e-05,6.629231828669e-05,5.86097965165696e-05,6.56032463486472e-05,2193.75192898017
1732555020.0,6.56032463486472e-05,6.93481868598692e-05,6.44674281699786e-05,6.44674281699786e-05,1327.4508888918
1732555080.0,6.44674281699786e-05,7.4913985374259e-05,6.44674281699786e-05,7.22590251154843e-05,1890.5448153493
1732555140.0,7.22590251154843e-05,7.78271670161231e-05,7.22590251154843e-05,7.78172614069686e-05,807.07059071689
1732555200.0,7.78172614069686e-05,7.90548993987121e-05,7.78172614069686e-05,7.82302158046427e-05,270.39626180186
1732555260.0,7.82302158046427e-05,7.97132885451886e-05,7.77067584845577e-05,7.77067584845577e-05,650.80232973318
1732555320.0,7.77067584845577e-05,7.77067584845577e-05,7.21518961669886e-05,7.23665830765618e-05,738.61354079594
1732555380.0,7.23665830765618e-05,7.880904660097e-05,7.23356206571255e-05,7.880904660097e-05,909.10072081206
1732555440.0,7.880904660097e-05,8.22401660376766e-05,7.880904660097e-05,8.20956498356152e-05,621.05876329154
1732555500.0,8.20956498356152e-05,8.20956498356152e-05,8.17762024056067e-05,8.17762024056067e-05,14.7679019499
1732555560.0,8.17762024056067e-05,8.41534562871067e-05,7.57052842711677e-05,7.71956201517085e-05,1987.87803629838
1732555620.0,7.71956201517085e-05,7.71956201517085e-05,6.68360995342598e-05,6.97445313611089e-05,2862.79680738598
1732555680.0,6.97445313611089e-05,6.97551449338252e-05,6.80977820567427e-05,6.8307406151911e-05,278.01210427784
1732555740.0,6.8307406151911e-05,6.8307406151911e-05,6.62336950628224e-05,6.62336950628224e-05,296.30127134232
1732555800.0,6.62336950628224e-05,8.50671276708265e-05,6.62336950628224e-05,7.10872830128925e-05,5161.05185317027
1732555860.0,7.10872830128925e-05,7.69325935497475e-05,7.10143079348685e-05,7.69325935497475e-05,1017.00711337316
1732555920.0,7.69325935497475e-05,7.94363583459941e-05,7.61651090828503e-05,7.61651090828503e-05,1648.34819073083
1732555980.0,7.61651090828503e-05,7.61651090828503e-05,7.10489136715252e-05,7.10489136715252e-05,694.45668078645
1732556040.0,7.10489136715252e-05,7.10489136715252e-05,7.05118020548238e-05,7.05118020548238e-05,118.35190163568
1732556100.0,7.05118020548238e-05,7.07671574039624e-05,7.05118020548238e-05,7.07671574039624e-05,43.28294308711
1732556160.0,7.07671574039624e-05,7.0924701899328e-05,7.04303064578232e-05,7.04303064578232e-05,68.68619439734
1732556220.0,7.04303064578232e-05,7.9837274911775e-05,7.04303064578232e-05,7.9837274911775e-05,1167.60056013132
1732556280.0,7.9837274911775e-05,8.13167316819094e-05,7.9837274911775e-05,8.13167316819094e-05,440.77047958317
1732556340.0,8.13167316819094e-05,8.13167316819094e-05,5.59969065363926e-05,5.78781190224815e-05,5022.21435039724
1732556400.0,5.78781190224815e-05,5.83745858630801e-05,5.36232255656517e-05,5.39466487911494e-05,821.54371575132
1732556460.0,5.39466487911494e-05,5.39466487911494e-05,5.38067259802932e-05,5.39305325943107e-05,35.673697
1732556520.0,5.39305325943107e-05,5.48585873701312e-05,5.37111359086114e-05,5.48546741524465e-05,167.98858358486
1732556580.0,5.48546741524465e-05,5.48546741524465e-05,5.46051577600909e-05,5.48141347648114e-05,28.56921924552
1732556640.0,5.48141347648114e-05,5.49109154861087e-05,5.46690561183431e-05,5.46690561183431e-05,29.95035364372
1732556700.0,5.46690561183431e-05,5.46690561183431e-05,5.42292575474389e-05,5.42292575474389e-05,58.67814970185
1732556760.0,5.42292575474389e-05,5.42292575474389e-05,5.28119297685318e-05,5.28119297685318e-05,244.13206056568
1732556820.0,5.28119297685318e-05,5.28119297685318e-05,4.18778616898991e-05,4.19880307057315e-05,1654.79243710872
1732556880.0,4.19880307057315e-05,4.35940380703944e-05,4.07633552591558e-05,4.35940380703944e-05,934.11253575747
1732556940.0,4.35940380703944e-05,4.71291294732021e-05,4.35940380703944e-05,4.71291294732021e-05,734.47204526021
1732557000.0,4.71291294732021e-05,4.77097379417628e-05,4.71291294732021e-05,4.75086014140981e-05,43.42014845645
1732557060.0,4.75086014140981e-05,4.75086014140981e-05,4.75086014140981e-05,4.75086014140981e-05,0.0
1732557120.0,4.75086014140981e-05,5.06152384440293e-05,4.73044564872475e-05,4.77290859162339e-05,1162.46448778621
1732557180.0,4.77290859162339e-05,4.77290859162339e-05,4.77290859162339e-05,4.77290859162339e-05,0.0
1732557240.0,4.77290859162339e-05,4.81150805160127e-05,4.76801959464107e-05,4.81150805160127e-05,129.05986204889
1732557300.0,4.81150805160127e-05,4.8233162178373e-05,4.79057160930691e-05,4.79057160930691e-05,67.39309198645
1732557360.0,4.79057160930691e-05,4.80509247403971e-05,4.67807366191613e-05,4.67807366191613e-05,224.91878206046
1732557420.0,4.67807366191613e-05,4.81352836145976e-05,4.63540520577546e-05,4.74311272780349e-05,646.10556570128
1732557480.0,4.74311272780349e-05,5.54256970225721e-05,4.74311272780349e-05,5.54256970225721e-05,1186.90559823335
1732557540.0,5.54256970225721e-05,5.56188692873153e-05,5.53866874953714e-05,5.53866874953714e-05,26.92756400818
1732557600.0,5.53866874953714e-05,5.53866874953714e-05,5.51863484299517e-05,5.51863484299517e-05,50.83446774025
1732557660.0,5.51863484299517e-05,5.51863484299517e-05,5.46224203405817e-05,5.46224203405817e-05,68.43357918714
1732557720.0,5.46224203405817e-05,5.46224203405817e-05,5.46224203405817e-05,5.46224203405817e-05,0.0
1732557780.0,5.46224203405817e-05,5.64590806714137e-05,5.46224203405817e-05,5.64590806714137e-05,326.70492305
1732557840.0,5.64590806714137e-05,5.69847732099961e-05,5.64590806714137e-05,5.6588504132868e-05,26.76048653196
1732557900.0,5.6588504132868e-05,5.6588504132868e-05,5.31023301735769e-05,5.31023301735769e-05,869.71065551556
1732557960.0,5.31023301735769e-05,5.31023301735769e-05,5.07442143713289e-05,5.08614574300037e-05,106.41616361655
1732558020.0,5.08614574300037e-05,5.11529256741775e-05,5.08614574300037e-05,5.10298186746343e-05,62.12798664035
1732558080.0,5.10298186746343e-05,5.12819468605424e-05,5.10298186746343e-05,5.12819468605424e-05,11.89056375
1732558140.0,5.12819468605424e-05,5.12819468605424e-05,5.08472964637245e-05,5.08472964637245e-05,86.996673664
1732558200.0,5.08472964637245e-05,5.08472964637245e-05,5.06716411555812e-05,5.06716411555812e-05,24.8971743657
1732558260.0,5.06716411555812e-05,5.06716411555812e-05,5.05693509214599e-05,5.05693509214599e-05,5.62271007025
1732558320.0,5.05693509214599e-05,5.05693509214599e-05,5.05693509214599e-05,5.05693509214599e-05,0.0
1732558380.0,5.05693509214599e-05,5.05693509214599e-05,5.03379070618111e-05,5.03379070618111e-05,56.02378018471
1732558440.0,5.03379070618111e-05,5.05811281493692e-05,5.02411366667211e-05,5.02411366667211e-05,68.75708856896
1732558500.0,5.02411366667211e-05,5.02411366667211e-05,5.00834997371202e-05,5.00834997371202e-05,0.00746490016
1732558560.0,5.00834997371202e-05,5.00834997371202e-05,4.96133147335924e-05,4.96133147335924e-05,148.49284155777
1732558620.0,4.96133147335924e-05,4.96133147335924e-05,4.87287486244683e-05,4.87287486244683e-05,109.5377232819
1732558680.0,4.87287486244683e-05,4.87287486244683e-05,4.76372414840439e-05,4.79184889773357e-05,152.87364341968
1732558740.0,4.79184889773357e-05,4.79981156675023e-05,4.77394504485386e-05,4.77394504485386e-05,8.62920663826
1732558800.0,4.77394504485386e-05,4.83456904837362e-05,4.77394504485386e-05,4.83456904837362e-05,102.1571382
1732558860.0,4.83456904837362e-05,4.87111980922467e-05,4.7188452181824e-05,4.7188452181824e-05,384.0988599756
1732558920.0,4.7188452181824e-05,5.5642160705592e-05,4.31841561927468e-05,4.82431296029711e-05,4295.08752009832
1732558980.0,4.82431296029711e-05,4.82431296029711e-05,4.53241039576233e-05,4.53241039576233e-05,221.4112833676
1732559040.0,4.53241039576233e-05,4.53241039576233e-05,4.47871752087531e-05,4.47871752087531e-05,49.96525079864
1732559100.0,4.47871752087531e-05,4.47871752087531e-05,4.45123592410886e-05,4.45123592410886e-05,32.93389934342
1732559160.0,4.45123592410886e-05,4.46890192716769e-05,4.44677568844477e-05,4.46890192716769e-05,10.5146442636
1732559220.0,4.46890192716769e-05,4.51053746738102e-05,4.40807342432292e-05,4.40807342432292e-05,313.89220855832
1732559280.0,4.40807342432292e-05,4.40807342432292e-05,4.3316055017702e-05,4.3316055017702e-05,155.89472951046
1732559340.0,4.3316055017702e-05,4.3316055017702e-05,4.30780590256859e-05,4.32007814012339e-05,7.99069884728
1732559400.0,4.32007814012339e-05,4.32007814012339e-05,4.28395783664528e-05,4.28395783664528e-05,13.97853892809
1732559460.0,4.28395783664528e-05,4.29449361333862e-05,4.27793681819055e-05,4.29449361333862e-05,17.9647275518
1732559520.0,4.29449361333862e-05,4.29449361333862e-05,4.28908152780972e-05,4.28908152780972e-05,0.4762296
1732559580.0,4.28908152780972e-05,4.28908152780972e-05,4.26604713471285e-05,4.28832709697493e-05,3.89879939952
1732559640.0,4.28832709697493e-05,4.28832709697493e-05,4.08220547306144e-05,4.08220547306144e-05,323.91019736036
1732559700.0,4.08220547306144e-05,4.21223693252765e-05,4.08220547306144e-05,4.21223693252765e-05,396.53656632177
1732559760.0,4.21223693252765e-05,4.33714258559432e-05,4.18729725104912e-05,4.20570105954717e-05,309.71673806668
1732559820.0,4.20570105954717e-05,4.20907290173161e-05,4.16894108708433e-05,4.18823594525861e-05,292.19348344774
1732559880.0,4.18823594525861e-05,4.18823594525861e-05,4.17249418845076e-05,4.17249418845076e-05,0.4762296
1732559940.0,4.17249418845076e-05,4.17249418845076e-05,4.14204600184865e-05,4.14204600184865e-05,25.06206291277
1732560000.0,4.14204600184865e-05,4.15496211340208e-05,4.14204600184865e-05,4.15496211340208e-05,0.4758732
1732560060.0,4.15496211340208e-05,4.1576717502593e-05,4.15496211340208e-05,4.1576717502593e-05,0.4761504
1732560120.0,4.1576717502593e-05,4.1576717502593e-05,4.11412965208216e-05,4.11412965208216e-05,72.61466408928
1732560180.0,4.11412965208216e-05,4.11412965208216e-05,4.02971182527186e-05,4.05179534096448e-05,108.06213566142
1732560240.0,4.05179534096448e-05,4.05179534096448e-05,3.8046256930079e-05,3.8169457687334e-05,381.99195691958
1732560300.0,3.8169457687334e-05,4.09005399500233e-05,3.73057183493423e-05,4.09005399500233e-05,916.29158744464
1732560360.0,4.09005399500233e-05,4.09005399500233e-05,3.99786802167782e-05,3.99786802167782e-05,148.56121184742
1732560420.0,3.99786802167782e-05,3.99786802167782e-05,3.97878286883969e-05,3.99629496375372e-05,9.15644712935
1732560480.0,3.99629496375372e-05,3.99629496375372e-05,3.96624855979704e-05,3.97651241077004e-05,33.24328568984
1732560540.0,3.97651241077004e-05,3.97651241077004e-05,3.95278633295468e-05,3.96459497037141e-05,8.99435936227
1732560600.0,3.96459497037141e-05,3.96459497037141e-05,3.95858580296159e-05,3.95858580296159e-05,0.4734378
1732560660.0,3.95858580296159e-05,3.95858580296159e-05,3.90169940138419e-05,3.91912410155806e-05,69.55246542027
1732560720.0,3.91912410155806e-05,3.91912410155806e-05,3.88049624983106e-05,3.88049624983106e-05,75.84514133284
1732560780.0,3.88049624983106e-05,4.10296076431889e-05,3.88049624983106e-05,4.10296076431889e-05,366.0419115189
1732560840.0,4.10296076431889e-05,4.10296076431889e-05,4.10256329172458e-05,4.10256329172458e-05,0.4747248
1732560900.0,4.10256329172458e-05,4.10964693124585e-05,4.10256329172458e-05,4.10964693124585e-05,19.6325704
1732560960.0,4.10964693124585e-05,4.12324359583993e-05,4.09756529795664e-05,4.12324359583993e-05,71.12340655428
1732561020.0,4.12324359583993e-05,4.22777400391315e-05,4.12324359583993e-05,4.20370668840697e-05,165.15578772688
1732561080.0,4.20370668840697e-05,4.25179556815141e-05,4.20370668840697e-05,4.25179556815141e-05,55.61173136226
1732561140.0,4.25179556815141e-05,4.25179556815141e-05,4.2184844349206e-05,4.2184844349206e-05,40.14541382145
1732561200.0,4.2184844349206e-05,4.22480727366049e-05,4.20354296144563e-05,4.22480727366049e-05,3.26642188556
1732561260.0,4.22480727366049e-05,4.22480727366049e-05,4.1640525005721e-05,4.19078832841071e-05,96.14235043794
1732561320.0,4.19078832841071e-05,4.19078832841071e-05,4.17177559076834e-05,4.18569906498158e-05,22.68399429972
1732561380.0,4.18569906498158e-05,4.197249518052e-05,4.18569906498158e-05,4.197249518052e-05,41.97249518052
1732561440.0,4.197249518052e-05,4.39623147890052e-05,4.18445668316224e-05,4.39623147890052e-05,344.97533274336
1732561500.0,4.39623147890052e-05,4.4047956926653e-05,4.39623147890052e-05,4.4047956926653e-05,0.473616
1732561560.0,4.4047956926653e-05,4.40708776132449e-05,4.4047956926653e-05,4.40708776132449e-05,1.6647906
1732561620.0,4.40708776132449e-05,4.40708776132449e-05,4.35512722310374e-05,4.3669890823171e-05,72.37431266688
1732561680.0,4.3669890823171e-05,4.37248272676994e-05,4.3669890823171e-05,4.37248272676994e-05,0.4737744
1732561740.0,4.37248272676994e-05,4.41829388912948e-05,4.34947260470993e-05,4.41829388912948e-05,151.74442514186
1732561800.0,4.41829388912948e-05,4.44198425133406e-05,4.41829388912948e-05,4.44198425133406e-05,0.4752396
1732561860.0,4.44198425133406e-05,4.44339343021427e-05,4.44198425133406e-05,4.44339343021427e-05,0.4753584
1732561920.0,4.44339343021427e-05,4.44339343021427e-05,4.3934142798667e-05,4.39687916714249e-05,71.71489242043
1732561980.0,4.39687916714249e-05,4.40811814285006e-05,4.39687916714249e-05,4.40811814285006e-05,23.77683
1732562040.0,4.40811814285006e-05,4.43089975160047e-05,4.40811814285006e-05,4.43089975160047e-05,48.5095366
1732562100.0,4.43089975160047e-05,4.44505416344786e-05,4.43089975160047e-05,4.44505416344786e-05,0.4754178
1732562160.0,4.44505416344786e-05,4.44505416344786e-05,4.41599281923513e-05,4.41599281923513e-05,21.2796805455
1732562220.0,4.41599281923513e-05,4.43265572316857e-05,4.41599281923513e-05,4.43090775506963e-05,4.43740001227
1732562280.0,4.43090775506963e-05,4.43090775506963e-05,4.39650226675776e-05,4.39650226675776e-05,20.96471194886
1732562340.0,4.39650226675776e-05,4.39650226675776e-05,4.37448255752334e-05,4.37448255752334e-05,31.81179497665
1732562400.0,4.37448255752334e-05,4.39614250593476e-05,4.37094762228096e-05,4.37094762228096e-05,10.28232735026
1732562460.0,4.37094762228096e-05,4.37094762228096e-05,4.1576117556562e-05,4.1576117556562e-05,521.16451997708
1732562520.0,4.1576117556562e-05,4.1576117556562e-05,4.03744624714286e-05,4.04681108587264e-05,9.51197016332
1732562580.0,4.04681108587264e-05,4.04681108587264e-05,3.92375068316024e-05,3.92375068316024e-05,191.10482508678
1732562640.0,3.92375068316024e-05,3.96487040689303e-05,3.92375068316024e-05,3.96487040689303e-05,59.96893516192
1732562700.0,3.96487040689303e-05,3.96487040689303e-05,3.93333052334059e-05,3.93333052334059e-05,24.03118895944
1732562760.0,3.93333052334059e-05,3.9464874136977e-05,3.8359817775453e-05,3.8359817775453e-05,167.14797187712
1732562820.0,3.8359817775453e-05,3.86739757837932e-05,3.81876277634585e-05,3.81876277634585e-05,112.25230682569
1732562880.0,3.81876277634585e-05,3.82224787250882e-05,3.64713189484746e-05,3.64713189484746e-05,308.2628468899
1732562940.0,3.64713189484746e-05,3.66436745858614e-05,3.54299458224183e-05,3.54299458224183e-05,334.4366265018
1732563000.0,3.54299458224183e-05,3.54299458224183e-05,3.47647080348975e-05,3.47647080348975e-05,0.4731408
1732563060.0,3.47647080348975e-05,3.48430013179258e-05,3.47647080348975e-05,3.48430013179258e-05,0.4741704
1732563120.0,3.48430013179258e-05,3.4892205086998e-05,3.48430013179258e-05,3.4892205086998e-05,0.474804
1732563180.0,3.4892205086998e-05,3.4892205086998e-05,3.44648714841658e-05,3.44648714841658e-05,91.7112805275
1732563240.0,3.44648714841658e-05,3.55219270665367e-05,3.41779902171505e-05,3.55219270665367e-05,275.988972601
1732563300.0,3.55219270665367e-05,3.55483029412764e-05,3.55219270665367e-05,3.55483029412764e-05,0.4750416
1732563360.0,3.55483029412764e-05,3.55483029412764e-05,3.55376378691653e-05,3.55376378691653e-05,0.4748634
1732563420.0,3.55376378691653e-05,3.55376378691653e-05,3.55014601600658e-05,3.55186698346219e-05,6.11230028948
1732563480.0,3.55186698346219e-05,3.55186698346219e-05,3.52825825076495e-05,3.52825825076495e-05,0.72418691485
1732563540.0,3.52825825076495e-05,3.54543516578325e-05,3.52825825076495e-05,3.54543516578325e-05,0.4732398
1732563600.0,3.54543516578325e-05,3.92937877505158e-05,3.54543516578325e-05,3.92937877505158e-05,1405.05957646763
1732563660.0,3.92937877505158e-05,4.57776761814192e-05,3.92937877505158e-05,4.57776761814192e-05,1492.53034665786
1732563720.0,4.57776761814192e-05,4.67219018847577e-05,4.55128735883484e-05,4.55128735883484e-05,414.90815687175
1732563780.0,4.55128735883484e-05,4.6897755280905e-05,4.55128735883484e-05,4.63773246029622e-05,263.69411839538
1732563840.0,4.63773246029622e-05,4.75699754978727e-05,4.55992798600419e-05,4.7340199146521e-05,597.5105003474
1732563900.0,4.7340199146521e-05,5.22754909641139e-05,4.7340199146521e-05,4.85230674269092e-05,1363.46779195655
1732563960.0,4.85230674269092e-05,4.85230674269092e-05,4.80878884894319e-05,4.81471981955822e-05,64.07149628544
1732564020.0,4.81471981955822e-05,4.81471981955822e-05,4.77082106517101e-05,4.77524035013677e-05,60.80759318718
1732564080.0,4.77524035013677e-05,4.85649181096728e-05,4.72203781827183e-05,4.85649181096728e-05,474.97420732041
1732564140.0,4.85649181096728e-05,5.06274225594595e-05,4.85649181096728e-05,5.06274225594595e-05,226.11186396756
1732564200.0,5.06274225594595e-05,5.29797829156563e-05,5.06274225594595e-05,5.29797829156563e-05,341.65647800076
1732564260.0,5.29797829156563e-05,5.49385136922784e-05,5.19824623454287e-05,5.23209872054294e-05,1235.00719008832
1732564320.0,5.23209872054294e-05,5.23209872054294e-05,4.49423493674114e-05,4.49423493674114e-05,1159.42155559214
1732564380.0,4.49423493674114e-05,4.49423493674114e-05,4.44495492416121e-05,4.46763308866029e-05,125.5518628729
1732564440.0,4.46763308866029e-05,4.79428237780446e-05,4.46763308866029e-05,4.76892383064371e-05,524.08575368436
1732564500.0,4.76892383064371e-05,5.06649710255918e-05,4.76892383064371e-05,5.06649710255918e-05,546.49709490348
1732564560.0,5.06649710255918e-05,5.13456720119856e-05,5.06649710255918e-05,5.13456720119856e-05,146.20671426145
1732564620.0,5.13456720119856e-05,5.13456720119856e-05,4.54485596450738e-05,4.54485596450738e-05,1630.02814423734
1732564680.0,4.54485596450738e-05,4.54485596450738e-05,4.08553513662206e-05,4.08553513662206e-05,76.7727695709
1732564740.0,4.08553513662206e-05,4.08553513662206e-05,4.06385566249043e-05,4.06385566249043e-05,22.43582231106
1732564800.0,4.06385566249043e-05,4.07728757015639e-05,4.06038715844554e-05,4.07728757015639e-05,12.464804
1732564860.0,4.07728757015639e-05,4.07728757015639e-05,3.97490102750489e-05,3.97771847198706e-05,162.80949728396
1732564920.0,3.97771847198706e-05,3.97771847198706e-05,3.2759917331151e-05,3.44292487672918e-05,2365.95118106481
1732564980.0,3.44292487672918e-05,3.51442405623967e-05,3.41526419024306e-05,3.41526419024306e-05,328.675797559
1732565040.0,3.41526419024306e-05,3.41526419024306e-05,3.41526419024306e-05,3.41526419024306e-05,0.0
1732565100.0,3.41526419024306e-05,3.41526419024306e-05,3.30339749223468e-05,3.30339749223468e-05,81.43664113795
1732565160.0,3.30339749223468e-05,3.30339749223468e-05,3.22520096150818e-05,3.22520096150818e-05,214.03450311408
1732565220.0,3.22520096150818e-05,3.22520096150818e-05,3.15531522123737e-05,3.17004247416145e-05,61.27007014238
1732565280.0,3.17004247416145e-05,3.21094075492729e-05,3.17004247416145e-05,3.21094075492729e-05,94.82616
1732565340.0,3.21094075492729e-05,3.21924888183258e-05,3.21094075492729e-05,3.2169028434349e-05,8.7725245525
1732565400.0,3.2169028434349e-05,3.2169028434349e-05,3.2169028434349e-05,3.2169028434349e-05,0.0
1732565460.0,3.2169028434349e-05,3.220052723632e-05,3.2169028434349e-05,3.220052723632e-05,20.51051375022
1732565520.0,3.220052723632e-05,3.220052723632e-05,3.220052723632e-05,3.220052723632e-05,0.0
1732565580.0,3.220052723632e-05,3.220052723632e-05,3.17205381823304e-05,3.17205381823304e-05,127.1556296248
1732565640.0,3.17205381823304e-05,3.17205381823304e-05,3.17205381823304e-05,3.17205381823304e-05,0.0
1732565700.0,3.17205381823304e-05,3.17205381823304e-05,3.14580958314135e-05,3.14580958314135e-05,24.01132901622
1732565760.0,3.14580958314135e-05,3.25220171452101e-05,3.11721470939945e-05,3.25220171452101e-05,531.20285864255
1732565820.0,3.25220171452101e-05,3.25220171452101e-05,3.22413905242355e-05,3.22413905242355e-05,5.970955434
1732565880.0,3.22413905242355e-05,3.28961807834952e-05,3.22413905242355e-05,3.28961807834952e-05,190.3968
1732565940.0,3.28961807834952e-05,3.39671306563135e-05,3.28961807834952e-05,3.39671306563135e-05,136.13543931294
1732566000.0,3.39671306563135e-05,3.39671306563135e-05,3.37691751543327e-05,3.37691751543327e-05,56.4588909477
1732566060.0,3.37691751543327e-05,3.37691751543327e-05,3.31856752705637e-05,3.33391247700739e-05,87.6597236501
1732566120.0,3.33391247700739e-05,3.33391247700739e-05,3.29824345282695e-05,3.29824345282695e-05,58.31159745431
1732566180.0,3.29824345282695e-05,3.29824345282695e-05,3.29824345282695e-05,3.29824345282695e-05,0.0
1732566240.0,3.29824345282695e-05,3.29831598431495e-05,3.2780224531526e-05,3.29831598431495e-05,33.1346865741
1732566300.0,3.29831598431495e-05,3.29831598431495e-05,3.29831598431495e-05,3.29831598431495e-05,0.0
1732566360.0,3.29831598431495e-05,3.29831598431495e-05,3.28949200156472e-05,3.28949200156472e-05,27.93647944399
1732566420.0,3.28949200156472e-05,3.30548769689395e-05,3.28219978855171e-05,3.30548769689395e-05,29.80843867613
1732566480.0,3.30548769689395e-05,3.31306659052699e-05,3.30548769689395e-05,3.31306659052699e-05,2.4017
1732566540.0,3.31306659052699e-05,3.31306659052699e-05,3.29372409164807e-05,3.29372409164807e-05,1.06813657908
1732566600.0,3.29372409164807e-05,3.29372409164807e-05,3.29372409164807e-05,3.29372409164807e-05,0.0
1732566660.0,3.29372409164807e-05,3.30933056546771e-05,3.28207107940959e-05,3.29878870695847e-05,28.66480843074
1732566720.0,3.29878870695847e-05,3.29878870695847e-05,3.29878870695847e-05,3.29878870695847e-05,0.0
1732566780.0,3.29878870695847e-05,3.29878870695847e-05,3.28618765211968e-05,3.28618765211968e-05,12.73602707776
1732566840.0,3.28618765211968e-05,3.28618765211968e-05,3.28618765211968e-05,3.28618765211968e-05,0.0
1732566900.0,3.28618765211968e-05,3.28618765211968e-05,3.26933890922804e-05,3.26933890922804e-05,34.6854852531
1732566960.0,3.26933890922804e-05,3.26933890922804e-05,3.26933890922804e-05,3.26933890922804e-05,0.0
1732567020.0,3.26933890922804e-05,3.26933890922804e-05,3.25727795120288e-05,3.25727795120288e-05,32.97722449521
1732567080.0,3.25727795120288e-05,3.25727795120288e-05,3.25727795120288e-05,3.25727795120288e-05,0.0
1732567140.0,3.25727795120288e-05,3.25727795120288e-05,3.24759026785891e-05,3.24759026785891e-05,0.6063909303
1732567200.0,3.24759026785891e-05,3.24759026785891e-05,3.24561551562698e-05,3.24561551562698e-05,1.72249143712
1732567260.0,3.24561551562698e-05,3.2786418982666e-05,3.20983346286097e-05,3.20983346286097e-05,263.14511039664
1732567320.0,3.20983346286097e-05,3.20983346286097e-05,3.20983346286097e-05,3.20983346286097e-05,0.0
1732567380.0,3.20983346286097e-05,3.20983346286097e-05,3.20983346286097e-05,3.20983346286097e-05,0.0
1732567440.0,3.20983346286097e-05,3.20983346286097e-05,3.1528442603895e-05,3.1528442603895e-05,32.25363
1732567500.0,3.1528442603895e-05,3.1528442603895e-05,3.1528442603895e-05,3.1528442603895e-05,0.0
1732567560.0,3.1528442603895e-05,3.1528442603895e-05,3.13950611426659e-05,3.13950611426659e-05,2.9193255522
1732567620.0,3.13950611426659e-05,3.13950611426659e-05,3.12155334742909e-05,3.12155334742909e-05,34.33708682172
1732567680.0,3.12155334742909e-05,3.12155334742909e-05,3.12155334742909e-05,3.12155334742909e-05,0.0
1732567740.0,3.12155334742909e-05,3.12155334742909e-05,3.12155334742909e-05,3.12155334742909e-05,0.0
1732567800.0,3.12155334742909e-05,3.12155334742909e-05,3.11100203448413e-05,3.11100203448413e-05,6.2039931968
1732567860.0,3.11100203448413e-05,3.11100203448413e-05,3.09336134921092e-05,3.09336134921092e-05,56.94857272188
1732567920.0,3.09336134921092e-05,3.09336134921092e-05,3.09336134921092e-05,3.09336134921092e-05,0.0
1732567980.0,3.09336134921092e-05,3.09336134921092e-05,3.09336134921092e-05,3.09336134921092e-05,0.0
1732568040.0,3.09336134921092e-05,3.09336134921092e-05,3.07753682133333e-05,3.07753682133333e-05,0.4616305232
1732568100.0,3.07753682133333e-05,3.07753682133333e-05,3.00749936668671e-05,3.00749936668671e-05,135.77661286524
1732568160.0,3.00749936668671e-05,3.00749936668671e-05,3.00749936668671e-05,3.00749936668671e-05,0.0
1732568220.0,3.00749936668671e-05,3.00749936668671e-05,2.9351799621288e-05,2.9351799621288e-05,301.0594768376
1732568280.0,2.9351799621288e-05,2.9351799621288e-05,2.85256032156005e-05,2.85256032156005e-05,23.54681550497
1732568340.0,2.85256032156005e-05,2.85256032156005e-05,2.85256032156005e-05,2.85256032156005e-05,0.0
1732568400.0,2.85256032156005e-05,2.85350451927642e-05,2.852190169572e-05,2.852190169572e-05,3.81134338929
1732568460.0,2.852190169572e-05,2.85239710578414e-05,2.852190169572e-05,2.85239710578414e-05,3.50135587028
1732568520.0,2.85239710578414e-05,2.85239710578414e-05,2.82945011362239e-05,2.82945011362239e-05,57.57936045467
1732568580.0,2.82945011362239e-05,2.82945011362239e-05,2.81441977318887e-05,2.81441977318887e-05,19.64160786425
1732568640.0,2.81441977318887e-05,2.86659480994571e-05,2.81441977318887e-05,2.86659480994571e-05,80.02655753096
1732568700.0,2.86659480994571e-05,3.57455621698105e-05,2.86659480994571e-05,3.57455621698105e-05,1440.9
1732568760.0,3.57455621698105e-05,3.84536916317436e-05,3.57455621698105e-05,3.84536916317436e-05,479.72
1732568820.0,3.84536916317436e-05,3.91512130350986e-05,3.84536916317436e-05,3.91512130350986e-05,4.95439963126
1732568880.0,3.91512130350986e-05,4.15649625956819e-05,3.91512130350986e-05,4.15649625956819e-05,483.01392505568
1732568940.0,4.15649625956819e-05,4.29292081049623e-05,4.14035941954338e-05,4.16034356682505e-05,486.40453643288
1732569000.0,4.16034356682505e-05,4.16034356682505e-05,2.9016151234518e-05,2.9016151234518e-05,3070.73787218351
1732569060.0,2.9016151234518e-05,2.9016151234518e-05,2.90151046861192e-05,2.90151046861192e-05,26.2768
1732569120.0,2.90151046861192e-05,2.93234089680511e-05,2.84803915092536e-05,2.93234089680511e-05,385.41529240287
1732569180.0,2.93234089680511e-05,2.93234089680511e-05,2.93234089680511e-05,2.93234089680511e-05,0.0
1732569240.0,2.93234089680511e-05,2.99344165237249e-05,2.93234089680511e-05,2.99344165237249e-05,2.86341266475
1732569300.0,2.99344165237249e-05,2.99344165237249e-05,2.99148589718479e-05,2.99148589718479e-05,0.35440379004
1732569360.0,2.99148589718479e-05,2.99148589718479e-05,2.99148589718479e-05,2.99148589718479e-05,0.0
1732569420.0,2.99148589718479e-05,2.99148589718479e-05,2.99004528532469e-05,2.99004528532469e-05,3.78375996825
1732569480.0,2.99004528532469e-05,2.99004528532469e-05,2.99004528532469e-05,2.99004528532469e-05,0.0
1732569540.0,2.99004528532469e-05,2.99004528532469e-05,2.98094576175418e-05,2.98094576175418e-05,16.67184888406
1732569600.0,2.98094576175418e-05,2.98094576175418e-05,2.97198414445063e-05,2.97198414445063e-05,20.19084396816
1732569660.0,2.97198414445063e-05,2.98359418657573e-05,2.97198414445063e-05,2.98359418657573e-05,7.1661
1732569720.0,2.98359418657573e-05,3.17346570499501e-05,2.98359418657573e-05,3.17346570499501e-05,566.12510824725
1732569780.0,3.17346570499501e-05,3.17346570499501e-05,3.17346570499501e-05,3.17346570499501e-05,0.0
1732569840.0,3.17346570499501e-05,3.22069003018337e-05,3.17346570499501e-05,3.22069003018337e-05,0.89226529994
1732569900.0,3.22069003018337e-05,3.28437936002729e-05,3.22069003018337e-05,3.28352325564551e-05,120.7169045644
1732569960.0,3.28352325564551e-05,3.28352325564551e-05,3.22525034753387e-05,3.22525034753387e-05,120.97730044938
1732570020.0,3.22525034753387e-05,3.22525034753387e-05,3.22525034753387e-05,3.22525034753387e-05,0.0
1732570080.0,3.22525034753387e-05,3.22525034753387e-05,3.182060356488e-05,3.182060356488e-05,83.44550338592
1732570140.0,3.182060356488e-05,3.182060356488e-05,3.182060356488e-05,3.182060356488e-05,0.0
1732570200.0,3.182060356488e-05,3.182060356488e-05,3.182060356488e-05,3.182060356488e-05,0.0
1732570260.0,3.182060356488e-05,3.182060356488e-05,3.182060356488e-05,3.182060356488e-05,0.0
1732570320.0,3.182060356488e-05,3.182060356488e-05,3.15875252711345e-05,3.15875252711345e-05,22.55349304359
1732570380.0,3.15875252711345e-05,3.15875252711345e-05,3.15103339324368e-05,3.15103339324368e-05,4.54183079181
1732570440.0,3.15103339324368e-05,3.15103339324368e-05,3.15103339324368e-05,3.15103339324368e-05,0.0
1732570500.0,3.15103339324368e-05,3.15103339324368e-05,3.1313049403037e-05,3.1313049403037e-05,28.86817034097
1732570560.0,3.1313049403037e-05,3.1313049403037e-05,3.1313049403037e-05,3.1313049403037e-05,0.0
1732570620.0,3.1313049403037e-05,3.1313049403037e-05,3.1313049403037e-05,3.1313049403037e-05,0.0
1732570680.0,3.1313049403037e-05,3.14408467050958e-05,3.1313049403037e-05,3.14408467050958e-05,23.715
1732570740.0,3.14408467050958e-05,3.14408467050958e-05,3.12448312235158e-05,3.12448312235158e-05,38.4586719417
1732570800.0,3.12448312235158e-05,3.12448312235158e-05,3.12448312235158e-05,3.12448312235158e-05,0.0
1732570860.0,3.12448312235158e-05,3.12448312235158e-05,3.12448312235158e-05,3.12448312235158e-05,0.0
1732570920.0,3.12448312235158e-05,3.12448312235158e-05,3.08300186993055e-05,3.08300186993055e-05,74.77717837405
1732570980.0,3.08300186993055e-05,3.08300186993055e-05,3.08300186993055e-05,3.08300186993055e-05,0.0
1732571040.0,3.08300186993055e-05,3.08300186993055e-05,3.06507926322939e-05,3.06507926322939e-05,0.00308822383
1732571100.0,3.06507926322939e-05,3.06507926322939e-05,3.06507926322939e-05,3.06507926322939e-05,0.0
1732571160.0,3.06507926322939e-05,3.06507926322939e-05,3.06507926322939e-05,3.06507926322939e-05,0.0
1732571220.0,3.06507926322939e-05,3.06507926322939e-05,3.06507926322939e-05,3.06507926322939e-05,0.0
1732571280.0,3.06507926322939e-05,3.0732750360771e-05,3.06507926322939e-05,3.0732750360771e-05,4.6749225
1732571340.0,3.0732750360771e-05,3.0732750360771e-05,2.94635118264304e-05,2.94635118264304e-05,451.10750433903
1732571400.0,2.94635118264304e-05,2.94635118264304e-05,2.94635118264304e-05,2.94635118264304e-05,0.0
1732571460.0,2.94635118264304e-05,2.94635118264304e-05,2.94635118264304e-05,2.94635118264304e-05,0.0
1732571520.0,2.94635118264304e-05,2.94635118264304e-05,2.68263952313026e-05,2.68263952313026e-05,434.51815197266
1732571580.0,2.68263952313026e-05,2.68263952313026e-05,2.61424998398466e-05,2.61424998398466e-05,6.15426132592
1732571640.0,2.61424998398466e-05,2.61539576475471e-05,2.61424998398466e-05,2.61539576475471e-05,0.52586878476
1732571700.0,2.61539576475471e-05,2.61539576475471e-05,2.61539576475471e-05,2.61539576475471e-05,0.0
1732571760.0,2.61539576475471e-05,2.61539576475471e-05,2.61539576475471e-05,2.61539576475471e-05,0.0
1732571820.0,2.61539576475471e-05,2.61539576475471e-05,2.61539576475471e-05,2.61539576475471e-05,0.0
1732571880.0,2.61539576475471e-05,2.61539576475471e-05,2.61539576475471e-05,2.61539576475471e-05,0.0
1732571940.0,2.61539576475471e-05,2.61617482196911e-05,2.61539576475471e-05,2.61617482196911e-05,5.4020155088
1732572000.0,2.61617482196911e-05,2.61617482196911e-05,2.61617482196911e-05,2.61617482196911e-05,0.0
1732572060.0,2.61617482196911e-05,2.61617482196911e-05,2.61617482196911e-05,2.61617482196911e-05,0.0
1732572120.0,2.61617482196911e-05,2.64129746465415e-05,2.61617482196911e-05,2.64129746465415e-05,23.716
1732572180.0,2.64129746465415e-05,2.64129746465415e-05,2.63519875933964e-05,2.63519875933964e-05,10.95975971192
1732572240.0,2.63519875933964e-05,2.63519875933964e-05,2.63519875933964e-05,2.63519875933964e-05,0.0
1732572300.0,2.63519875933964e-05,2.63519875933964e-05,2.63519875933964e-05,2.63519875933964e-05,0.0
1732572360.0,2.63519875933964e-05,2.63519875933964e-05,2.63519875933964e-05,2.63519875933964e-05,0.0
1732572420.0,2.63519875933964e-05,2.63519875933964e-05,2.63342897030988e-05,2.63342897030988e-05,10.60330179188
1732572480.0,2.63342897030988e-05,2.63342897030988e-05,2.63342897030988e-05,2.63342897030988e-05,0.0
1732572540.0,2.63342897030988e-05,2.63342897030988e-05,2.63342897030988e-05,2.63342897030988e-05,0.0
1732572600.0,2.63342897030988e-05,2.63342897030988e-05,2.63342897030988e-05,2.63342897030988e-05,0.0
1732572660.0,2.63342897030988e-05,2.63342897030988e-05,2.63342897030988e-05,2.63342897030988e-05,0.0
1732572720.0,2.63342897030988e-05,2.63342897030988e-05,2.62701721130401e-05,2.62701721130401e-05,17.13621672154
1732572780.0,2.62701721130401e-05,2.62701721130401e-05,2.6243242039582e-05,2.6243242039582e-05,5.83182573252
1732572840.0,2.6243242039582e-05,2.63725186249317e-05,2.6243242039582e-05,2.63725186249317e-05,7.1421
1732572900.0,2.63725186249317e-05,2.63725186249317e-05,2.61614325895917e-05,2.61614325895917e-05,33.60467977482
1732572960.0,2.61614325895917e-05,2.61614325895917e-05,2.61614325895917e-05,2.61614325895917e-05,0.0
1732573020.0,2.61614325895917e-05,2.61614325895917e-05,2.61614325895917e-05,2.61614325895917e-05,0.0
1732573080.0,2.61614325895917e-05,2.61614325895917e-05,2.61614325895917e-05,2.61614325895917e-05,0.0
1732573140.0,2.61614325895917e-05,2.61614325895917e-05,2.61614325895917e-05,2.61614325895917e-05,0.0
1732573200.0,2.61614325895917e-05,2.61614325895917e-05,2.61614325895917e-05,2.61614325895917e-05,0.0
1732573260.0,2.61614325895917e-05,2.61614325895917e-05,2.61614325895917e-05,2.61614325895917e-05,0.0
1732573320.0,2.61614325895917e-05,2.61614325895917e-05,2.57868007387852e-05,2.57868007387852e-05,3.06516560172
1732573380.0,2.57868007387852e-05,2.57868007387852e-05,2.57868007387852e-05,2.57868007387852e-05,0.0
1732573440.0,2.57868007387852e-05,2.57868007387852e-05,2.57868007387852e-05,2.57868007387852e-05,0.0
1732573500.0,2.57868007387852e-05,2.57868007387852e-05,2.57868007387852e-05,2.57868007387852e-05,0.0
1732573560.0,2.57868007387852e-05,2.57868007387852e-05,2.40660880051927e-05,2.40660880051927e-05,344.09833474268
1732573620.0,2.40660880051927e-05,2.40660880051927e-05,2.40660880051927e-05,2.40660880051927e-05,0.0
1732573680.0,2.40660880051927e-05,2.40660880051927e-05,2.40101167560766e-05,2.40101167560766e-05,1.1708143216
1732573740.0,2.40101167560766e-05,2.40101167560766e-05,2.40101167560766e-05,2.40101167560766e-05,0.0
1732573800.0,2.40101167560766e-05,2.40101167560766e-05,2.40000804123003e-05,2.40000804123003e-05,9.73664690712
1732573860.0,2.40000804123003e-05,2.40000804123003e-05,2.40000804123003e-05,2.40000804123003e-05,0.0
1732573920.0,2.40000804123003e-05,2.40000804123003e-05,2.40000804123003e-05,2.40000804123003e-05,0.0
1732573980.0,2.40000804123003e-05,2.40000804123003e-05,2.39475147055588e-05,2.39475147055588e-05,2.2659006625
1732574040.0,2.39475147055588e-05,2.39475147055588e-05,2.39475147055588e-05,2.39475147055588e-05,0.0
1732574100.0,2.39475147055588e-05,2.39475147055588e-05,2.39475147055588e-05,2.39475147055588e-05,0.0
1732574160.0,2.39475147055588e-05,2.39475147055588e-05,2.39475147055588e-05,2.39475147055588e-05,0.0
1732574220.0,2.39475147055588e-05,2.39475147055588e-05,2.383758130747e-05,2.39237706079762e-05,11.01805518599
1732574280.0,2.39237706079762e-05,2.39237706079762e-05,2.39237706079762e-05,2.39237706079762e-05,0.0
1732574340.0,2.39237706079762e-05,2.39374753623398e-05,2.39237706079762e-05,2.39374753623398e-05,4.6452
1732574400.0,2.39374753623398e-05,2.39374753623398e-05,2.39295532864591e-05,2.39295532864591e-05,6.9576
1732574460.0,2.39295532864591e-05,2.39295532864591e-05,2.39295532864591e-05,2.39295532864591e-05,0.0
1732574520.0,2.39295532864591e-05,2.42487473726047e-05,2.39295532864591e-05,2.42487473726047e-05,99.522245664
1732574580.0,2.42487473726047e-05,2.43914529930605e-05,2.42487473726047e-05,2.43914529930605e-05,15.51385833306
1732574640.0,2.43914529930605e-05,2.43914529930605e-05,2.43602845351272e-05,2.43602845351272e-05,24.35234834458
1732574700.0,2.43602845351272e-05,2.49907033007711e-05,2.43602845351272e-05,2.49907033007711e-05,231.6897
1732574760.0,2.49907033007711e-05,2.49907033007711e-05,2.49907033007711e-05,2.49907033007711e-05,0.0
1732574820.0,2.49907033007711e-05,2.60443219811093e-05,2.49907033007711e-05,2.57254884043755e-05,138.6862
1732574880.0,2.57254884043755e-05,2.62132612611163e-05,2.57254884043755e-05,2.62132612611163e-05,1.7700180624
1732574940.0,2.62132612611163e-05,2.62132612611163e-05,2.62132612611163e-05,2.62132612611163e-05,0.0
1732575000.0,2.62132612611163e-05,2.74922398557855e-05,2.62132612611163e-05,2.74922398557855e-05,254.81796172354
1732575060.0,2.74922398557855e-05,2.88755467371269e-05,2.74922398557855e-05,2.88755467371269e-05,522.36775372588
1732575120.0,2.88755467371269e-05,2.88755467371269e-05,2.83888334273316e-05,2.86658612532607e-05,189.77892876238
1732575180.0,2.86658612532607e-05,2.86658612532607e-05,2.80351122039839e-05,2.80351122039839e-05,164.6678766348
1732575240.0,2.80351122039839e-05,2.80351122039839e-05,2.76695626553495e-05,2.76695626553495e-05,54.96587995836
1732575300.0,2.76695626553495e-05,2.76695626553495e-05,2.7473901868309e-05,2.7473901868309e-05,22.60474485787
1732575360.0,2.7473901868309e-05,2.7473901868309e-05,2.74031624819446e-05,2.74031624819446e-05,10.05386428312
1732575420.0,2.74031624819446e-05,2.75542582200315e-05,2.74031624819446e-05,2.74348449625754e-05,12.5143560116
1732575480.0,2.74348449625754e-05,2.74348449625754e-05,2.74348449625754e-05,2.74348449625754e-05,0.0
1732575540.0,2.74348449625754e-05,2.75281029717747e-05,2.74348449625754e-05,2.74861643058361e-05,16.88788900495
1732575600.0,2.74861643058361e-05,2.79066944207607e-05,2.74861643058361e-05,2.79066944207607e-05,117.363855
1732575660.0,2.79066944207607e-05,2.79066944207607e-05,2.79066944207607e-05,2.79066944207607e-05,0.0
1732575720.0,2.79066944207607e-05,2.84526740178567e-05,2.79066944207607e-05,2.84526740178567e-05,238.35938867224
1732575780.0,2.84526740178567e-05,2.84526740178567e-05,2.84526740178567e-05,2.84526740178567e-05,0.0
1732575840.0,2.84526740178567e-05,2.90815404832896e-05,2.84526740178567e-05,2.90815404832896e-05,31.77428907156
1732575900.0,2.90815404832896e-05,2.90815404832896e-05,2.90815404832896e-05,2.90815404832896e-05,0.0
1732575960.0,2.90815404832896e-05,2.90815404832896e-05,2.90815404832896e-05,2.90815404832896e-05,0.0
1732576020.0,2.90815404832896e-05,2.91351079224979e-05,2.90815404832896e-05,2.91351079224979e-05,2.3669
1732576080.0,2.91351079224979e-05,2.91351079224979e-05,2.91351079224979e-05,2.91351079224979e-05,0.0
1732576140.0,2.91351079224979e-05,3.00533221195257e-05,2.91351079224979e-05,3.00533221195257e-05,201.99267574455
1732576200.0,3.00533221195257e-05,3.07945690340669e-05,3.00450590139338e-05,3.07945690340669e-05,243.41459678022
1732576260.0,3.07945690340669e-05,3.22255584019804e-05,3.07945690340669e-05,3.22255584019804e-05,175.55094898144
1732576320.0,3.22255584019804e-05,3.30069034321186e-05,3.22255584019804e-05,3.30069034321186e-05,170.595508205
1732576380.0,3.30069034321186e-05,3.31816939547789e-05,3.30069034321186e-05,3.31816939547789e-05,118.20542330469
1732576440.0,3.31816939547789e-05,3.31816939547789e-05,3.31816939547789e-05,3.31816939547789e-05,0.0
1732576500.0,3.31816939547789e-05,3.31816939547789e-05,3.27962711303793e-05,3.27962711303793e-05,77.26985980771
1732576560.0,3.27962711303793e-05,3.27962711303793e-05,3.27962711303793e-05,3.27962711303793e-05,0.0
1732576620.0,3.27962711303793e-05,3.28898333792812e-05,3.27962711303793e-05,3.28898333792812e-05,9.484
1732576680.0,3.28898333792812e-05,3.28898333792812e-05,3.28898333792812e-05,3.28898333792812e-05,0.0
1732576740.0,3.28898333792812e-05,3.28898333792812e-05,3.21124853084477e-05,3.21124853084477e-05,220.44750411393
1732576800.0,3.21124853084477e-05,3.21124853084477e-05,3.21124853084477e-05,3.21124853084477e-05,0.0
1732576860.0,3.21124853084477e-05,3.21124853084477e-05,3.21124853084477e-05,3.21124853084477e-05,0.0
1732576920.0,3.21124853084477e-05,3.21124853084477e-05,3.15101658827888e-05,3.15101658827888e-05,1.4432974227
1732576980.0,3.15101658827888e-05,3.15101658827888e-05,3.14790753922795e-05,3.14790753922795e-05,12.7790145025
1732577040.0,3.14790753922795e-05,3.14790753922795e-05,3.14790753922795e-05,3.14790753922795e-05,0.0
1732577100.0,3.14790753922795e-05,3.15545839289816e-05,2.95496043686171e-05,2.95496043686171e-05,368.11077297909
1732577160.0,2.95496043686171e-05,2.95496043686171e-05,2.95496043686171e-05,2.95496043686171e-05,0.0
1732577220.0,2.95496043686171e-05,2.95496043686171e-05,2.95310324460431e-05,2.95310324460431e-05,0.26980953447
1732577280.0,2.95310324460431e-05,2.95310324460431e-05,2.94578644480798e-05,2.94578644480798e-05,33.554463456
1732577340.0,2.94578644480798e-05,2.94578644480798e-05,2.93146942503161e-05,2.93146942503161e-05,20.2998964714
1732577400.0,2.93146942503161e-05,2.93146942503161e-05,2.93146942503161e-05,2.93146942503161e-05,0.0
1732577460.0,2.93146942503161e-05,2.93146942503161e-05,2.91802190443632e-05,2.91802190443632e-05,21.58706051262
1732577520.0,2.91802190443632e-05,2.91802190443632e-05,2.90137771011081e-05,2.90137771011081e-05,31.97306979832
1732577580.0,2.90137771011081e-05,2.90137771011081e-05,2.89052545808912e-05,2.89052545808912e-05,0.46442136303
1732577640.0,2.89052545808912e-05,2.89052545808912e-05,2.89052545808912e-05,2.89052545808912e-05,0.0
1732577700.0,2.89052545808912e-05,2.89052545808912e-05,2.89052545808912e-05,2.89052545808912e-05,0.0
1732577760.0,2.89052545808912e-05,2.89052545808912e-05,2.8845830791483e-05,2.8845830791483e-05,8.44499687225
1732577820.0,2.8845830791483e-05,2.8845830791483e-05,2.8845830791483e-05,2.8845830791483e-05,0.0
1732577880.0,2.8845830791483e-05,2.8845830791483e-05,2.8845830791483e-05,2.8845830791483e-05,0.0
1732577940.0,2.8845830791483e-05,2.8845830791483e-05,2.8845830791483e-05,2.8845830791483e-05,0.0
1732578000.0,2.8845830791483e-05,2.8845830791483e-05,2.8845830791483e-05,2.8845830791483e-05,0.0
1732578060.0,2.8845830791483e-05,2.8845830791483e-05,2.8845830791483e-05,2.8845830791483e-05,0.0
