0,1,2,3,4,5
1735756980.0,9.07487606734392e-05,0.0001235838198301,5.67124280760076e-05,6.34237970491554e-05,80170.43674895231
1735757040.0,6.34237970491554e-05,0.000104761592178,2.08292798643905e-05,5.07454763364652e-05,69390.27639775877
1735757100.0,5.07454763364652e-05,0.000265718925317,3.50345041394899e-05,0.000215218485217,179867.26251486427
1735757160.0,0.000215218485217,0.0002679276238324,1.42494279448917e-05,1.85183076001477e-05,119298.88138333138
1735757220.0,1.85183076001477e-05,2.26836110917759e-05,1.11123569222506e-05,1.11990315885665e-05,7725.00062017232
1735757280.0,1.11990315885665e-05,1.61373758050554e-05,1.1086761757934e-05,1.61373758050554e-05,3038.71250077109
1735757340.0,1.61373758050554e-05,1.76461692802482e-05,1.42177047633128e-05,1.44801039680321e-05,2744.07739674719
1735757400.0,1.44801039680321e-05,2.83590743185618e-05,1.44342128420447e-05,2.37230242831051e-05,7943.7959453847
1735757460.0,2.37230242831051e-05,2.95291082951412e-05,1.81127912444048e-05,2.95291082951412e-05,6565.85869415805
1735757520.0,2.95291082951412e-05,3.60519307919038e-05,2.66937696198792e-05,2.84434116672913e-05,6742.72234994847
1735757580.0,2.84434116672913e-05,3.41165176024966e-05,2.77876479163528e-05,3.23196681526013e-05,5441.84954062638
1735757640.0,3.23196681526013e-05,4.00784967669991e-05,3.15107768447941e-05,3.17321565958179e-05,4113.5124828496
1735757700.0,3.17321565958179e-05,4.17919676964695e-05,3.17321565958179e-05,3.46438188515284e-05,4015.33780357349
1735757760.0,3.46438188515284e-05,3.46438188515284e-05,3.05114930237896e-05,3.12533626187047e-05,959.61106479375
1735757820.0,3.12533626187047e-05,3.12533626187047e-05,2.04637505422054e-05,2.63467653947175e-05,4550.1071442666
1735757880.0,2.63467653947175e-05,2.63467653947175e-05,2.00340692506933e-05,2.56077182057872e-05,2859.61088302298
1735757940.0,2.56077182057872e-05,2.56077182057872e-05,2.32573988798556e-05,2.32573988798556e-05,945.58160143755
1735758000.0,2.32573988798556e-05,2.32573988798556e-05,1.73426969757162e-05,1.76365953642286e-05,2316.14847899592
1735758060.0,1.76365953642286e-05,2.07634007683143e-05,1.76315220284594e-05,2.07634007683143e-05,787.68147583056
1735758120.0,2.07634007683143e-05,2.07634007683143e-05,1.68496380343969e-05,1.82126660877861e-05,1331.02906811736
1735758180.0,1.82126660877861e-05,2.30252335030444e-05,1.78837170621681e-05,1.95964229436989e-05,2541.56108727568
1735758240.0,1.95964229436989e-05,1.99664682639361e-05,1.95157327848283e-05,1.95157327848283e-05,270.6724648383
1735758300.0,1.95157327848283e-05,1.95157327848283e-05,1.668534571843e-05,1.78237231305408e-05,963.5914994009
1735758360.0,1.78237231305408e-05,1.91235753132456e-05,1.58803608636535e-05,1.58803608636535e-05,2875.03439036607
1735758420.0,1.58803608636535e-05,1.58803608636535e-05,1.0691756204937e-05,1.0723532977236e-05,1476.02149803454
1735758480.0,1.0723532977236e-05,1.10309816049766e-05,9.3838225917131e-06,9.3838225917131e-06,594.18839098508
1735758540.0,9.3838225917131e-06,9.82975519721597e-06,9.20081364422032e-06,9.82975519721597e-06,292.23506214784
1735758600.0,9.82975519721597e-06,1.05360781519996e-05,9.42562182437836e-06,9.42562182437836e-06,644.99984264735
1735758660.0,9.42562182437836e-06,9.42562182437836e-06,8.4795623628158e-06,8.4795623628158e-06,205.91036864754
1735758720.0,8.4795623628158e-06,9.08742801186389e-06,8.4795623628158e-06,9.06520795356788e-06,206.01947858451
1735758780.0,9.06520795356788e-06,9.09508059919436e-06,9.0438011187827e-06,9.05111882134948e-06,1.7294523473
1735758840.0,9.05111882134948e-06,9.05111882134948e-06,8.94659637297786e-06,8.96014825410106e-06,53.5885544357
1735758900.0,8.96014825410106e-06,8.96014825410106e-06,8.87894907333744e-06,8.87894907333744e-06,15.1581080501
1735758960.0,8.87894907333744e-06,9.49498484367032e-06,8.87894907333744e-06,9.49498484367032e-06,193.9763314899
1735759020.0,9.49498484367032e-06,9.49498484367032e-06,8.95053324723747e-06,8.95053324723747e-06,169.01152039316
1735759080.0,8.95053324723747e-06,8.95053324723747e-06,8.9155048831789e-06,8.9155048831789e-06,7.37565488858
1735759140.0,8.9155048831789e-06,8.9155048831789e-06,8.90227958006804e-06,8.90227958006804e-06,1.96000721715
1735759200.0,8.90227958006804e-06,8.90227958006804e-06,8.81855043947136e-06,8.81855043947136e-06,32.7013973101
1735759260.0,8.81855043947136e-06,8.81855043947136e-06,8.72996568347172e-06,8.72996568347172e-06,27.96330657296
1735759320.0,8.72996568347172e-06,8.72996568347172e-06,8.66153676699733e-06,8.66153676699733e-06,18.13682448141
1735759380.0,8.66153676699733e-06,8.66153676699733e-06,8.65420398568387e-06,8.65420398568387e-06,2.11490611263
1735759440.0,8.65420398568387e-06,8.65420398568387e-06,8.53582934737998e-06,8.53582934737998e-06,54.71747008767
1735759500.0,8.53582934737998e-06,8.60547614615173e-06,8.53582934737998e-06,8.60547614615173e-06,57.501
1735759560.0,8.60547614615173e-06,8.60547614615173e-06,8.60547614615173e-06,8.60547614615173e-06,0.0
1735759620.0,8.60547614615173e-06,8.65032239881355e-06,8.60547614615173e-06,8.65032239881355e-06,2.8065927139
1735759680.0,8.65032239881355e-06,8.65032239881355e-06,8.65032239881355e-06,8.65032239881355e-06,0.0
1735759740.0,8.65032239881355e-06,8.65032239881355e-06,8.53773711425391e-06,8.53773711425391e-06,67.21790312132
1735759800.0,8.53773711425391e-06,8.53773711425391e-06,8.53773711425391e-06,8.53773711425391e-06,0.0
1735759860.0,8.53773711425391e-06,8.53773711425391e-06,8.4284357668189e-06,8.4284357668189e-06,5.09659843056
1735759920.0,8.4284357668189e-06,8.4284357668189e-06,8.4284357668189e-06,8.4284357668189e-06,0.0
1735759980.0,8.4284357668189e-06,8.4284357668189e-06,7.33781557334683e-06,7.33781557334683e-06,680.21999259692
1735760040.0,7.33781557334683e-06,7.33781557334683e-06,6.39752870119244e-06,6.39752870119244e-06,9.63843803791
1735760100.0,6.39752870119244e-06,6.39752870119244e-06,6.37839048668679e-06,6.37839048668679e-06,0.69257451328
1735760160.0,6.37839048668679e-06,6.37851828556962e-06,6.37593356347796e-06,6.37593356347796e-06,1.89298824264
1735760220.0,6.37593356347796e-06,6.37920699113736e-06,6.37593356347796e-06,6.37920699113736e-06,0.02568857915
1735760280.0,6.37920699113736e-06,6.37920699113736e-06,6.36089300563454e-06,6.36089300563454e-06,25.61383404562
1735760340.0,6.36089300563454e-06,6.36089300563454e-06,6.28725527666122e-06,6.28725527666122e-06,29.07132531099
1735760400.0,6.28725527666122e-06,6.28725527666122e-06,6.07896160586692e-06,6.07896160586692e-06,122.90184249696
1735760460.0,6.07896160586692e-06,6.07896160586692e-06,6.07896160586692e-06,6.07896160586692e-06,0.0
1735760520.0,6.07896160586692e-06,6.07896160586692e-06,6.07896160586692e-06,6.07896160586692e-06,0.0
1735760580.0,6.07896160586692e-06,6.07896160586692e-06,6.0729344848875e-06,6.0729344848875e-06,95.99
1735760640.0,6.0729344848875e-06,6.62582567930136e-06,6.0729344848875e-06,6.62582567930136e-06,155.504
1735760700.0,6.62582567930136e-06,6.62582567930136e-06,6.57577767661466e-06,6.57577767661466e-06,18.12560114688
1735760760.0,6.57577767661466e-06,6.57577767661466e-06,6.548016639403e-06,6.548016639403e-06,1.93900854304
1735760820.0,6.548016639403e-06,6.548016639403e-06,6.548016639403e-06,6.548016639403e-06,0.0
1735760880.0,6.548016639403e-06,6.548016639403e-06,6.548016639403e-06,6.548016639403e-06,0.0
1735760940.0,6.548016639403e-06,6.548016639403e-06,6.548016639403e-06,6.548016639403e-06,0.0
1735761000.0,6.548016639403e-06,6.548016639403e-06,6.548016639403e-06,6.548016639403e-06,0.0
1735761060.0,6.548016639403e-06,6.548016639403e-06,6.548016639403e-06,6.548016639403e-06,0.0
1735761120.0,6.548016639403e-06,7.11510270377753e-06,6.548016639403e-06,7.10362459379885e-06,200.66638053029
1735761180.0,7.10362459379885e-06,7.2647532290496e-06,7.10362459379885e-06,7.2647532290496e-06,59.97827758674
1735761240.0,7.2647532290496e-06,7.2647532290496e-06,7.2647532290496e-06,7.2647532290496e-06,0.0
1735761300.0,7.2647532290496e-06,7.36236124509979e-06,7.2647532290496e-06,7.36236124509979e-06,31.86562800759
1735761360.0,7.36236124509979e-06,7.36236124509979e-06,5.25089411514148e-06,5.25089411514148e-06,796.17012844786
1735761420.0,5.25089411514148e-06,5.25089411514148e-06,5.21607591375906e-06,5.21607591375906e-06,0.99093424848
1735761480.0,5.21607591375906e-06,5.21819963265162e-06,5.21607591375906e-06,5.21819963265162e-06,0.9539145
1735761540.0,5.21819963265162e-06,5.21819963265162e-06,5.17739946905942e-06,5.17739946905942e-06,7.0645187316
1735761600.0,5.17739946905942e-06,5.17986753761044e-06,5.17739946905942e-06,5.17986753761044e-06,0.9827670513
1735761660.0,5.17986753761044e-06,5.17986753761044e-06,5.17986753761044e-06,5.17986753761044e-06,0.0
1735761720.0,5.17986753761044e-06,5.17986753761044e-06,5.16398935310624e-06,5.16398935310624e-06,12.19968665882
1735761780.0,5.16398935310624e-06,5.16398935310624e-06,5.16398935310624e-06,5.16398935310624e-06,0.0
1735761840.0,5.16398935310624e-06,5.16398935310624e-06,5.15367383423566e-06,5.15367383423566e-06,0.00128192451
1735761900.0,5.15367383423566e-06,5.15367383423566e-06,5.15367383423566e-06,5.15367383423566e-06,0.0
1735761960.0,5.15367383423566e-06,5.18579226462961e-06,5.15367383423566e-06,5.16342768287234e-06,2.6377513554
1735762020.0,5.16342768287234e-06,5.16342768287234e-06,5.16342768287234e-06,5.16342768287234e-06,0.0
1735762080.0,5.16342768287234e-06,5.16342768287234e-06,5.16342768287234e-06,5.16342768287234e-06,0.0
1735762140.0,5.16342768287234e-06,5.16342768287234e-06,5.16342768287234e-06,5.16342768287234e-06,0.0
1735762200.0,5.16342768287234e-06,5.16342768287234e-06,5.07645769506755e-06,5.07645769506755e-06,67.7488695728
1735762260.0,5.07645769506755e-06,5.07645769506755e-06,4.99374826555967e-06,4.99374826555967e-06,2.5514950512
1735762320.0,4.99374826555967e-06,5.01411041918539e-06,4.99374826555967e-06,5.01411041918539e-06,0.38315526
1735762380.0,5.01411041918539e-06,5.01411041918539e-06,5.01411041918539e-06,5.01411041918539e-06,0.0
1735762440.0,5.01411041918539e-06,5.01411041918539e-06,5.01411041918539e-06,5.01411041918539e-06,0.0
1735762500.0,5.01411041918539e-06,5.01411041918539e-06,5.01411041918539e-06,5.01411041918539e-06,0.0
1735762560.0,5.01411041918539e-06,5.01845608841034e-06,4.99529699997097e-06,4.99529699997097e-06,3.14309474564
1735762620.0,4.99529699997097e-06,4.99529699997097e-06,4.98534209522897e-06,4.98534209522897e-06,8.36388340788
1735762680.0,4.98534209522897e-06,4.98534209522897e-06,4.98534209522897e-06,4.98534209522897e-06,0.0
1735762740.0,4.98534209522897e-06,4.98534209522897e-06,4.98534209522897e-06,4.98534209522897e-06,0.0
1735762800.0,4.98534209522897e-06,4.98534209522897e-06,4.96948271891111e-06,4.96948271891111e-06,1.40995029928
1735762860.0,4.96948271891111e-06,4.96948271891111e-06,4.96948271891111e-06,4.96948271891111e-06,0.0
1735762920.0,4.96948271891111e-06,4.96948271891111e-06,4.96948271891111e-06,4.96948271891111e-06,0.0
1735762980.0,4.96948271891111e-06,4.96948271891111e-06,4.96948271891111e-06,4.96948271891111e-06,0.0
1735763040.0,4.96948271891111e-06,4.96948271891111e-06,4.96948271891111e-06,4.96948271891111e-06,0.0
1735763100.0,4.96948271891111e-06,4.96948271891111e-06,4.96948271891111e-06,4.96948271891111e-06,0.0
1735763160.0,4.96948271891111e-06,4.96948271891111e-06,4.96948271891111e-06,4.96948271891111e-06,0.0
1735763220.0,4.96948271891111e-06,4.96948271891111e-06,4.96948271891111e-06,4.96948271891111e-06,0.0
1735763280.0,4.96948271891111e-06,4.96948271891111e-06,4.96948271891111e-06,4.96948271891111e-06,0.0
1735763340.0,4.96948271891111e-06,4.96948271891111e-06,4.96948271891111e-06,4.96948271891111e-06,0.0
1735763400.0,4.96948271891111e-06,4.96948271891111e-06,4.96948271891111e-06,4.96948271891111e-06,0.0
1735763460.0,4.96948271891111e-06,4.96948271891111e-06,4.96948271891111e-06,4.96948271891111e-06,0.0
1735763520.0,4.96948271891111e-06,4.96948271891111e-06,4.96948271891111e-06,4.96948271891111e-06,0.0
1735763580.0,4.96948271891111e-06,5.09083327695814e-06,4.96948271891111e-06,5.09083327695814e-06,38.54839497878
1735763640.0,5.09083327695814e-06,5.09083327695814e-06,5.09071602780618e-06,5.09071602780618e-06,0.1416540894
1735763700.0,5.09071602780618e-06,5.09071602780618e-06,5.06277571114195e-06,5.06277571114195e-06,2.2186407048
1735763760.0,5.06277571114195e-06,5.06277571114195e-06,5.06277571114195e-06,5.06277571114195e-06,0.0
1735763820.0,5.06277571114195e-06,5.06277571114195e-06,5.05740666432518e-06,5.05740666432518e-06,0.7017047681
1735763880.0,5.05740666432518e-06,5.05740666432518e-06,5.0543674322006e-06,5.0543674322006e-06,1.37780136689
1735763940.0,5.0543674322006e-06,5.07895601178693e-06,5.0543674322006e-06,5.07895601178693e-06,0.95828475
1735764000.0,5.07895601178693e-06,5.07895601178693e-06,5.07895601178693e-06,5.07895601178693e-06,0.0
1735764060.0,5.07895601178693e-06,5.07895601178693e-06,5.07895601178693e-06,5.07895601178693e-06,0.0
1735764120.0,5.07895601178693e-06,5.07895601178693e-06,5.07895601178693e-06,5.07895601178693e-06,0.0
1735764180.0,5.07895601178693e-06,5.07895601178693e-06,5.07895601178693e-06,5.07895601178693e-06,0.0
1735764240.0,5.07895601178693e-06,5.07895601178693e-06,5.07895601178693e-06,5.07895601178693e-06,0.0
1735764300.0,5.07895601178693e-06,5.07895601178693e-06,5.04000127761599e-06,5.04000127761599e-06,16.5307253175
1735764360.0,5.04000127761599e-06,5.04000127761599e-06,5.04000127761599e-06,5.04000127761599e-06,0.0
1735764420.0,5.04000127761599e-06,5.04000127761599e-06,5.04000127761599e-06,5.04000127761599e-06,0.0
1735764480.0,5.04000127761599e-06,5.04000127761599e-06,4.97080532150735e-06,4.97080532150735e-06,46.07880115404
1735764540.0,4.97080532150735e-06,4.97080532150735e-06,4.94162768630757e-06,4.94162768630757e-06,0.96046605
1735764600.0,4.94162768630757e-06,4.94162768630757e-06,4.94162768630757e-06,4.94162768630757e-06,0.0
1735764660.0,4.94162768630757e-06,4.94162768630757e-06,4.94162768630757e-06,4.94162768630757e-06,0.0
1735764720.0,4.94162768630757e-06,4.94162768630757e-06,4.94162768630757e-06,4.94162768630757e-06,0.0
1735764780.0,4.94162768630757e-06,4.94162768630757e-06,4.89009489387762e-06,4.90516321211378e-06,15.31232034816
1735764840.0,4.90516321211378e-06,4.90516321211378e-06,4.88472339284846e-06,4.88472339284846e-06,1.04661410002
1735764900.0,4.88472339284846e-06,4.88472339284846e-06,4.88472339284846e-06,4.88472339284846e-06,0.0
1735764960.0,4.88472339284846e-06,4.88472339284846e-06,4.88472339284846e-06,4.88472339284846e-06,0.0
1735765020.0,4.88472339284846e-06,4.88472339284846e-06,4.88472339284846e-06,4.88472339284846e-06,0.0
1735765080.0,4.88472339284846e-06,4.88472339284846e-06,4.88472339284846e-06,4.88472339284846e-06,0.0
1735765140.0,4.88472339284846e-06,4.88472339284846e-06,4.88472339284846e-06,4.88472339284846e-06,0.0
1735765200.0,4.88472339284846e-06,4.88472339284846e-06,4.88472339284846e-06,4.88472339284846e-06,0.0
1735765260.0,4.88472339284846e-06,4.88472339284846e-06,4.88472339284846e-06,4.88472339284846e-06,0.0
1735765320.0,4.88472339284846e-06,4.88472339284846e-06,4.88472339284846e-06,4.88472339284846e-06,0.0
1735765380.0,4.88472339284846e-06,4.88472339284846e-06,4.88472339284846e-06,4.88472339284846e-06,0.0
1735765440.0,4.88472339284846e-06,4.88472339284846e-06,4.88472339284846e-06,4.88472339284846e-06,0.0
1735765500.0,4.88472339284846e-06,4.88472339284846e-06,4.88472339284846e-06,4.88472339284846e-06,0.0
1735765560.0,4.88472339284846e-06,4.88472339284846e-06,4.88472339284846e-06,4.88472339284846e-06,0.0
1735765620.0,4.88472339284846e-06,4.88472339284846e-06,4.88472339284846e-06,4.88472339284846e-06,0.0
1735765680.0,4.88472339284846e-06,4.88472339284846e-06,4.88472339284846e-06,4.88472339284846e-06,0.0
1735765740.0,4.88472339284846e-06,4.88472339284846e-06,4.88472339284846e-06,4.88472339284846e-06,0.0
1735765800.0,4.88472339284846e-06,4.88472339284846e-06,4.88472339284846e-06,4.88472339284846e-06,0.0
1735765860.0,4.88472339284846e-06,4.88472339284846e-06,4.88472339284846e-06,4.88472339284846e-06,0.0
1735765920.0,4.88472339284846e-06,4.90474629164887e-06,4.83363438044237e-06,4.83363438044237e-06,42.07864163064
1735765980.0,4.83363438044237e-06,4.83363438044237e-06,4.83363438044237e-06,4.83363438044237e-06,0.0
1735766040.0,4.83363438044237e-06,4.83363438044237e-06,4.78484740817515e-06,4.78484740817515e-06,1.88957640927
1735766100.0,4.78484740817515e-06,4.78484740817515e-06,4.78484740817515e-06,4.78484740817515e-06,0.0
1735766160.0,4.78484740817515e-06,4.78484740817515e-06,4.78484740817515e-06,4.78484740817515e-06,0.0
1735766220.0,4.78484740817515e-06,4.78484740817515e-06,4.78484740817515e-06,4.78484740817515e-06,0.0
1735766280.0,4.78484740817515e-06,4.78484740817515e-06,4.78484740817515e-06,4.78484740817515e-06,0.0
1735766340.0,4.78484740817515e-06,4.78484740817515e-06,4.78484740817515e-06,4.78484740817515e-06,0.0
1735766400.0,4.78484740817515e-06,4.78484740817515e-06,4.78484740817515e-06,4.78484740817515e-06,0.0
1735766460.0,4.78484740817515e-06,4.78484740817515e-06,4.78484740817515e-06,4.78484740817515e-06,0.0
1735766520.0,4.78484740817515e-06,4.78484740817515e-06,4.78484740817515e-06,4.78484740817515e-06,0.0
1735766580.0,4.78484740817515e-06,4.78484740817515e-06,4.78484740817515e-06,4.78484740817515e-06,0.0
1735766640.0,4.78484740817515e-06,4.78484740817515e-06,4.78484740817515e-06,4.78484740817515e-06,0.0
1735766700.0,4.78484740817515e-06,4.78484740817515e-06,4.78484740817515e-06,4.78484740817515e-06,0.0
1735766760.0,4.78484740817515e-06,4.78484740817515e-06,4.78484740817515e-06,4.78484740817515e-06,0.0
1735766820.0,4.78484740817515e-06,4.78484740817515e-06,4.78484740817515e-06,4.78484740817515e-06,0.0
1735766880.0,4.78484740817515e-06,4.78484740817515e-06,4.78484740817515e-06,4.78484740817515e-06,0.0
1735766940.0,4.78484740817515e-06,4.78484740817515e-06,4.78484740817515e-06,4.78484740817515e-06,0.0
1735767000.0,4.78484740817515e-06,4.78484740817515e-06,4.78484740817515e-06,4.78484740817515e-06,0.0
1735767060.0,4.78484740817515e-06,4.80426306848782e-06,4.78484740817515e-06,4.80426306848782e-06,1.5679404604
1735767120.0,4.80426306848782e-06,4.80426306848782e-06,4.80426306848782e-06,4.80426306848782e-06,0.0
1735767180.0,4.80426306848782e-06,4.80426306848782e-06,4.79399507850739e-06,4.79399507850739e-06,4.02143073922
1735767240.0,4.79399507850739e-06,4.79399507850739e-06,4.77272551830646e-06,4.77272551830646e-06,12.6332255232
1735767300.0,4.77272551830646e-06,4.77272551830646e-06,4.77272551830646e-06,4.77272551830646e-06,0.0
1735767360.0,4.77272551830646e-06,4.77272551830646e-06,4.77272551830646e-06,4.77272551830646e-06,0.0
1735767420.0,4.77272551830646e-06,4.77272551830646e-06,4.77272551830646e-06,4.77272551830646e-06,0.0
1735767480.0,4.77272551830646e-06,4.77272551830646e-06,4.77272551830646e-06,4.77272551830646e-06,0.0
1735767540.0,4.77272551830646e-06,4.77272551830646e-06,4.77272551830646e-06,4.77272551830646e-06,0.0
1735767600.0,4.77272551830646e-06,4.77272551830646e-06,4.77272551830646e-06,4.77272551830646e-06,0.0
1735767660.0,4.77272551830646e-06,4.77272551830646e-06,4.77272551830646e-06,4.77272551830646e-06,0.0
1735767720.0,4.77272551830646e-06,4.77272551830646e-06,4.77272551830646e-06,4.77272551830646e-06,0.0
1735767780.0,4.77272551830646e-06,4.77272551830646e-06,4.77272551830646e-06,4.77272551830646e-06,0.0
1735767840.0,4.77272551830646e-06,4.77272551830646e-06,4.77272551830646e-06,4.77272551830646e-06,0.0
1735767900.0,4.77272551830646e-06,4.77272551830646e-06,4.77272551830646e-06,4.77272551830646e-06,0.0
1735767960.0,4.77272551830646e-06,4.77272551830646e-06,4.77272551830646e-06,4.77272551830646e-06,0.0
1735768020.0,4.77272551830646e-06,4.77272551830646e-06,4.74182031039448e-06,4.74182031039448e-06,6.85931759478
1735768080.0,4.74182031039448e-06,4.74182031039448e-06,4.74182031039448e-06,4.74182031039448e-06,0.0
1735768140.0,4.74182031039448e-06,4.74182031039448e-06,4.74182031039448e-06,4.74182031039448e-06,0.0
1735768200.0,4.74182031039448e-06,4.74182031039448e-06,4.74182031039448e-06,4.74182031039448e-06,0.0
1735768260.0,4.74182031039448e-06,4.74182031039448e-06,4.74182031039448e-06,4.74182031039448e-06,0.0
1735768320.0,4.74182031039448e-06,4.74182031039448e-06,4.74182031039448e-06,4.74182031039448e-06,0.0
1735768380.0,4.74182031039448e-06,4.74182031039448e-06,4.74182031039448e-06,4.74182031039448e-06,0.0
1735768440.0,4.74182031039448e-06,4.74182031039448e-06,4.74182031039448e-06,4.74182031039448e-06,0.0
1735768500.0,4.74182031039448e-06,4.74182031039448e-06,4.74182031039448e-06,4.74182031039448e-06,0.0
1735768560.0,4.74182031039448e-06,4.74182031039448e-06,4.74182031039448e-06,4.74182031039448e-06,0.0
1735768620.0,4.74182031039448e-06,4.74182031039448e-06,4.74182031039448e-06,4.74182031039448e-06,0.0
1735768680.0,4.74182031039448e-06,4.74182031039448e-06,4.73347977396954e-06,4.73347977396954e-06,1.31354190388
1735768740.0,4.73347977396954e-06,4.73347977396954e-06,4.73347977396954e-06,4.73347977396954e-06,0.0
1735768800.0,4.73347977396954e-06,4.73347977396954e-06,4.73347977396954e-06,4.73347977396954e-06,0.0
1735768860.0,4.73347977396954e-06,4.73347977396954e-06,4.73347977396954e-06,4.73347977396954e-06,0.0
1735768920.0,4.73347977396954e-06,4.73347977396954e-06,4.73347977396954e-06,4.73347977396954e-06,0.0
1735768980.0,4.73347977396954e-06,4.73347977396954e-06,4.73347977396954e-06,4.73347977396954e-06,0.0
1735769040.0,4.73347977396954e-06,4.73347977396954e-06,4.73347977396954e-06,4.73347977396954e-06,0.0
1735769100.0,4.73347977396954e-06,4.73347977396954e-06,4.73347977396954e-06,4.73347977396954e-06,0.0
1735769160.0,4.73347977396954e-06,4.73347977396954e-06,4.73347977396954e-06,4.73347977396954e-06,0.0
1735769220.0,4.73347977396954e-06,4.73347977396954e-06,4.73347977396954e-06,4.73347977396954e-06,0.0
1735769280.0,4.73347977396954e-06,4.73347977396954e-06,4.73347977396954e-06,4.73347977396954e-06,0.0
1735769340.0,4.73347977396954e-06,4.73347977396954e-06,4.73347977396954e-06,4.73347977396954e-06,0.0
1735769400.0,4.73347977396954e-06,4.73347977396954e-06,4.73347977396954e-06,4.73347977396954e-06,0.0
1735769460.0,4.73347977396954e-06,4.73347977396954e-06,4.73347977396954e-06,4.73347977396954e-06,0.0
1735769520.0,4.73347977396954e-06,4.73347977396954e-06,4.73347977396954e-06,4.73347977396954e-06,0.0
1735769580.0,4.73347977396954e-06,4.73347977396954e-06,4.73347977396954e-06,4.73347977396954e-06,0.0
1735769640.0,4.73347977396954e-06,4.73347977396954e-06,4.73347977396954e-06,4.73347977396954e-06,0.0
1735769700.0,4.73347977396954e-06,4.73347977396954e-06,4.73347977396954e-06,4.73347977396954e-06,0.0
1735769760.0,4.73347977396954e-06,4.73347977396954e-06,4.73347977396954e-06,4.73347977396954e-06,0.0
1735769820.0,4.73347977396954e-06,4.73347977396954e-06,4.73347977396954e-06,4.73347977396954e-06,0.0
1735769880.0,4.73347977396954e-06,4.73347977396954e-06,4.73347977396954e-06,4.73347977396954e-06,0.0
1735769940.0,4.73347977396954e-06,4.73347977396954e-06,4.73347977396954e-06,4.73347977396954e-06,0.0
1735770000.0,4.73347977396954e-06,4.73347977396954e-06,4.73347977396954e-06,4.73347977396954e-06,0.0
1735770060.0,4.73347977396954e-06,4.73347977396954e-06,4.73347977396954e-06,4.73347977396954e-06,0.0
1735770120.0,4.73347977396954e-06,4.73347977396954e-06,4.73347977396954e-06,4.73347977396954e-06,0.0
1735770180.0,4.73347977396954e-06,4.73347977396954e-06,4.73347977396954e-06,4.73347977396954e-06,0.0
1735770240.0,4.73347977396954e-06,4.73347977396954e-06,4.73347977396954e-06,4.73347977396954e-06,0.0
1735770300.0,4.73347977396954e-06,4.73347977396954e-06,4.73347977396954e-06,4.73347977396954e-06,0.0
1735770360.0,4.73347977396954e-06,4.73347977396954e-06,4.70242965412719e-06,4.70242965412719e-06,17.7725119936
1735770420.0,4.70242965412719e-06,4.70242965412719e-06,4.70242965412719e-06,4.70242965412719e-06,0.0
1735770480.0,4.70242965412719e-06,4.70242965412719e-06,4.65946605737761e-06,4.65946605737761e-06,20.8288407152
1735770540.0,4.65946605737761e-06,4.65946605737761e-06,4.65946605737761e-06,4.65946605737761e-06,0.0
1735770600.0,4.65946605737761e-06,4.65946605737761e-06,4.63069964614267e-06,4.63069964614267e-06,2.35378834208
1735770660.0,4.63069964614267e-06,4.63069964614267e-06,4.63069964614267e-06,4.63069964614267e-06,0.0
1735770720.0,4.63069964614267e-06,4.63069964614267e-06,4.63069964614267e-06,4.63069964614267e-06,0.0
1735770780.0,4.63069964614267e-06,4.63069964614267e-06,4.63069964614267e-06,4.63069964614267e-06,0.0
1735770840.0,4.63069964614267e-06,4.63069964614267e-06,4.63069964614267e-06,4.63069964614267e-06,0.0
1735770900.0,4.63069964614267e-06,4.63069964614267e-06,4.63069964614267e-06,4.63069964614267e-06,0.0
1735770960.0,4.63069964614267e-06,4.63069964614267e-06,4.63069964614267e-06,4.63069964614267e-06,0.0
1735771020.0,4.63069964614267e-06,4.63069964614267e-06,4.63069964614267e-06,4.63069964614267e-06,0.0
1735771080.0,4.63069964614267e-06,4.63474969925315e-06,4.63069964614267e-06,4.63474969925315e-06,0.12929338045
1735771140.0,4.63474969925315e-06,4.63474969925315e-06,4.63474969925315e-06,4.63474969925315e-06,0.0
1735771200.0,4.63474969925315e-06,4.63474969925315e-06,4.63474969925315e-06,4.63474969925315e-06,0.0
1735771260.0,4.63474969925315e-06,4.63474969925315e-06,4.63474969925315e-06,4.63474969925315e-06,0.0
1735771320.0,4.63474969925315e-06,4.63474969925315e-06,4.63474969925315e-06,4.63474969925315e-06,0.0
1735771380.0,4.63474969925315e-06,4.63474969925315e-06,4.63474969925315e-06,4.63474969925315e-06,0.0
1735771440.0,4.63474969925315e-06,4.63474969925315e-06,4.63474969925315e-06,4.63474969925315e-06,0.0
1735771500.0,4.63474969925315e-06,4.63474969925315e-06,4.63474969925315e-06,4.63474969925315e-06,0.0
1735771560.0,4.63474969925315e-06,4.63474969925315e-06,4.63474969925315e-06,4.63474969925315e-06,0.0
1735771620.0,4.63474969925315e-06,4.63474969925315e-06,4.63474969925315e-06,4.63474969925315e-06,0.0
1735771680.0,4.63474969925315e-06,4.63474969925315e-06,4.63474969925315e-06,4.63474969925315e-06,0.0
1735771740.0,4.63474969925315e-06,4.63474969925315e-06,4.63474969925315e-06,4.63474969925315e-06,0.0
1735771800.0,4.63474969925315e-06,4.63474969925315e-06,4.63474969925315e-06,4.63474969925315e-06,0.0
1735771860.0,4.63474969925315e-06,4.63474969925315e-06,4.63474969925315e-06,4.63474969925315e-06,0.0
1735771920.0,4.63474969925315e-06,4.63474969925315e-06,4.63474969925315e-06,4.63474969925315e-06,0.0
1735771980.0,4.63474969925315e-06,4.63474969925315e-06,4.63474969925315e-06,4.63474969925315e-06,0.0
1735772040.0,4.63474969925315e-06,4.63474969925315e-06,4.63474969925315e-06,4.63474969925315e-06,0.0
1735772100.0,4.63474969925315e-06,4.63474969925315e-06,4.63474969925315e-06,4.63474969925315e-06,0.0
1735772160.0,4.63474969925315e-06,4.63474969925315e-06,4.63474969925315e-06,4.63474969925315e-06,0.0
1735772220.0,4.63474969925315e-06,4.63474969925315e-06,4.63474969925315e-06,4.63474969925315e-06,0.0
1735772280.0,4.63474969925315e-06,4.63474969925315e-06,4.63474969925315e-06,4.63474969925315e-06,0.0
1735772340.0,4.63474969925315e-06,4.63474969925315e-06,4.63474969925315e-06,4.63474969925315e-06,0.0
1735772400.0,4.63474969925315e-06,4.63474969925315e-06,4.63474969925315e-06,4.63474969925315e-06,0.0
1735772460.0,4.63474969925315e-06,4.63474969925315e-06,4.63474969925315e-06,4.63474969925315e-06,0.0
1735772520.0,4.63474969925315e-06,4.63474969925315e-06,4.63474969925315e-06,4.63474969925315e-06,0.0
1735772580.0,4.63474969925315e-06,4.63474969925315e-06,4.63474969925315e-06,4.63474969925315e-06,0.0
1735772640.0,4.63474969925315e-06,4.63474969925315e-06,4.63474969925315e-06,4.63474969925315e-06,0.0
1735772700.0,4.63474969925315e-06,4.63474969925315e-06,4.63474969925315e-06,4.63474969925315e-06,0.0
1735772760.0,4.63474969925315e-06,4.63474969925315e-06,4.63474969925315e-06,4.63474969925315e-06,0.0
1735772820.0,4.63474969925315e-06,4.63474969925315e-06,4.63474969925315e-06,4.63474969925315e-06,0.0
1735772880.0,4.63474969925315e-06,4.63474969925315e-06,4.63474969925315e-06,4.63474969925315e-06,0.0
1735772940.0,4.63474969925315e-06,4.63474969925315e-06,4.63474969925315e-06,4.63474969925315e-06,0.0
1735773000.0,4.63474969925315e-06,4.63474969925315e-06,4.63474969925315e-06,4.63474969925315e-06,0.0
1735773060.0,4.63474969925315e-06,4.63474969925315e-06,4.63474969925315e-06,4.63474969925315e-06,0.0
1735773120.0,4.63474969925315e-06,4.63474969925315e-06,4.63474969925315e-06,4.63474969925315e-06,0.0
1735773180.0,4.63474969925315e-06,4.63474969925315e-06,4.63474969925315e-06,4.63474969925315e-06,0.0
1735773240.0,4.63474969925315e-06,4.63474969925315e-06,4.63474969925315e-06,4.63474969925315e-06,0.0
1735773300.0,4.63474969925315e-06,4.63474969925315e-06,4.63474969925315e-06,4.63474969925315e-06,0.0
1735773360.0,4.63474969925315e-06,4.63474969925315e-06,4.63474969925315e-06,4.63474969925315e-06,0.0
1735773420.0,4.63474969925315e-06,4.63474969925315e-06,4.63474969925315e-06,4.63474969925315e-06,0.0
1735773480.0,4.63474969925315e-06,4.63474969925315e-06,4.63474969925315e-06,4.63474969925315e-06,0.0
1735773540.0,4.63474969925315e-06,4.63474969925315e-06,4.63474969925315e-06,4.63474969925315e-06,0.0
1735773600.0,4.63474969925315e-06,4.63474969925315e-06,4.63474969925315e-06,4.63474969925315e-06,0.0
1735773660.0,4.63474969925315e-06,4.63474969925315e-06,4.63474969925315e-06,4.63474969925315e-06,0.0
1735773720.0,4.63474969925315e-06,4.63474969925315e-06,4.63474969925315e-06,4.63474969925315e-06,0.0
1735773780.0,4.63474969925315e-06,4.63474969925315e-06,4.63474969925315e-06,4.63474969925315e-06,0.0
1735773840.0,4.63474969925315e-06,4.63474969925315e-06,4.63474969925315e-06,4.63474969925315e-06,0.0
1735773900.0,4.63474969925315e-06,4.63474969925315e-06,4.63474969925315e-06,4.63474969925315e-06,0.0
1735773960.0,4.63474969925315e-06,4.63474969925315e-06,4.63474969925315e-06,4.63474969925315e-06,0.0
1735774020.0,4.63474969925315e-06,4.63474969925315e-06,4.61777231529403e-06,4.61777231529403e-06,7.7472134332
1735774080.0,4.61777231529403e-06,4.61777231529403e-06,4.61777231529403e-06,4.61777231529403e-06,0.0
1735774140.0,4.61777231529403e-06,4.61777231529403e-06,4.61777231529403e-06,4.61777231529403e-06,0.0
1735774200.0,4.61777231529403e-06,4.61777231529403e-06,4.61777231529403e-06,4.61777231529403e-06,0.0
1735774260.0,4.61777231529403e-06,4.61777231529403e-06,4.61777231529403e-06,4.61777231529403e-06,0.0
1735774320.0,4.61777231529403e-06,4.61777231529403e-06,4.61777231529403e-06,4.61777231529403e-06,0.0
1735774380.0,4.61777231529403e-06,4.61777231529403e-06,4.61777231529403e-06,4.61777231529403e-06,0.0
1735774440.0,4.61777231529403e-06,4.61777231529403e-06,4.61777231529403e-06,4.61777231529403e-06,0.0
1735774500.0,4.61777231529403e-06,4.61777231529403e-06,4.61777231529403e-06,4.61777231529403e-06,0.0
1735774560.0,4.61777231529403e-06,4.61777231529403e-06,4.61777231529403e-06,4.61777231529403e-06,0.0
1735774620.0,4.61777231529403e-06,4.61777231529403e-06,4.61777231529403e-06,4.61777231529403e-06,0.0
1735774680.0,4.61777231529403e-06,4.61777231529403e-06,4.61777231529403e-06,4.61777231529403e-06,0.0
1735774740.0,4.61777231529403e-06,4.61777231529403e-06,4.61777231529403e-06,4.61777231529403e-06,0.0
1735774800.0,4.61777231529403e-06,4.61777231529403e-06,4.61777231529403e-06,4.61777231529403e-06,0.0
1735774860.0,4.61777231529403e-06,4.61777231529403e-06,4.61777231529403e-06,4.61777231529403e-06,0.0
1735774920.0,4.61777231529403e-06,4.61777231529403e-06,4.61777231529403e-06,4.61777231529403e-06,0.0
1735774980.0,4.61777231529403e-06,4.61777231529403e-06,4.61777231529403e-06,4.61777231529403e-06,0.0
1735775040.0,4.61777231529403e-06,4.61777231529403e-06,4.61777231529403e-06,4.61777231529403e-06,0.0
1735775100.0,4.61777231529403e-06,4.61777231529403e-06,4.61777231529403e-06,4.61777231529403e-06,0.0
1735775160.0,4.61777231529403e-06,4.61777231529403e-06,4.61777231529403e-06,4.61777231529403e-06,0.0
1735775220.0,4.61777231529403e-06,4.61777231529403e-06,4.61777231529403e-06,4.61777231529403e-06,0.0
1735775280.0,4.61777231529403e-06,4.61777231529403e-06,4.61777231529403e-06,4.61777231529403e-06,0.0
1735775340.0,4.61777231529403e-06,4.61777231529403e-06,4.61777231529403e-06,4.61777231529403e-06,0.0
1735775400.0,4.61777231529403e-06,4.61777231529403e-06,4.61777231529403e-06,4.61777231529403e-06,0.0
1735775460.0,4.61777231529403e-06,4.61777231529403e-06,4.61777231529403e-06,4.61777231529403e-06,0.0
1735775520.0,4.61777231529403e-06,4.61777231529403e-06,4.61777231529403e-06,4.61777231529403e-06,0.0
1735775580.0,4.61777231529403e-06,4.61777231529403e-06,4.61777231529403e-06,4.61777231529403e-06,0.0
1735775640.0,4.61777231529403e-06,4.61777231529403e-06,4.61777231529403e-06,4.61777231529403e-06,0.0
1735775700.0,4.61777231529403e-06,4.61777231529403e-06,4.61777231529403e-06,4.61777231529403e-06,0.0
1735775760.0,4.61777231529403e-06,4.61777231529403e-06,4.61777231529403e-06,4.61777231529403e-06,0.0
1735775820.0,4.61777231529403e-06,4.61777231529403e-06,4.61777231529403e-06,4.61777231529403e-06,0.0
1735775880.0,4.61777231529403e-06,4.61777231529403e-06,4.61777231529403e-06,4.61777231529403e-06,0.0
1735775940.0,4.61777231529403e-06,4.61777231529403e-06,4.61777231529403e-06,4.61777231529403e-06,0.0
1735776000.0,4.61777231529403e-06,4.61777231529403e-06,4.61777231529403e-06,4.61777231529403e-06,0.0
1735776060.0,4.61777231529403e-06,4.61777231529403e-06,4.61777231529403e-06,4.61777231529403e-06,0.0
1735776120.0,4.61777231529403e-06,4.61777231529403e-06,4.61777231529403e-06,4.61777231529403e-06,0.0
1735776180.0,4.61777231529403e-06,4.61777231529403e-06,4.61777231529403e-06,4.61777231529403e-06,0.0
1735776240.0,4.61777231529403e-06,4.61777231529403e-06,4.61777231529403e-06,4.61777231529403e-06,0.0
1735776300.0,4.61777231529403e-06,4.61777231529403e-06,4.6063596014699e-06,4.6063596014699e-06,6.67406808064
1735776360.0,4.6063596014699e-06,4.6063596014699e-06,4.6063596014699e-06,4.6063596014699e-06,0.0
1735776420.0,4.6063596014699e-06,4.6063596014699e-06,4.6063596014699e-06,4.6063596014699e-06,0.0
1735776480.0,4.6063596014699e-06,4.6063596014699e-06,4.6063596014699e-06,4.6063596014699e-06,0.0
1735776540.0,4.6063596014699e-06,4.6063596014699e-06,4.6063596014699e-06,4.6063596014699e-06,0.0
1735776600.0,4.6063596014699e-06,4.6063596014699e-06,4.6063596014699e-06,4.6063596014699e-06,0.0
1735776660.0,4.6063596014699e-06,4.6063596014699e-06,4.6063596014699e-06,4.6063596014699e-06,0.0
1735776720.0,4.6063596014699e-06,4.6063596014699e-06,4.6063596014699e-06,4.6063596014699e-06,0.0
1735776780.0,4.6063596014699e-06,4.6063596014699e-06,4.6063596014699e-06,4.6063596014699e-06,0.0
1735776840.0,4.6063596014699e-06,4.6063596014699e-06,4.6063596014699e-06,4.6063596014699e-06,0.0
1735776900.0,4.6063596014699e-06,4.6063596014699e-06,4.6063596014699e-06,4.6063596014699e-06,0.0
1735776960.0,4.6063596014699e-06,4.6063596014699e-06,4.6063596014699e-06,4.6063596014699e-06,0.0
1735777020.0,4.6063596014699e-06,4.6063596014699e-06,4.6063596014699e-06,4.6063596014699e-06,0.0
1735777080.0,4.6063596014699e-06,4.6063596014699e-06,4.6063596014699e-06,4.6063596014699e-06,0.0
1735777140.0,4.6063596014699e-06,4.6063596014699e-06,4.6063596014699e-06,4.6063596014699e-06,0.0
1735777200.0,4.6063596014699e-06,4.6063596014699e-06,4.6063596014699e-06,4.6063596014699e-06,0.0
1735777260.0,4.6063596014699e-06,4.6063596014699e-06,4.6063596014699e-06,4.6063596014699e-06,0.0
1735777320.0,4.6063596014699e-06,4.6063596014699e-06,4.58566313109141e-06,4.58566313109141e-06,2.84518884267
1735777380.0,4.58566313109141e-06,4.58566313109141e-06,4.58566313109141e-06,4.58566313109141e-06,0.0
1735777440.0,4.58566313109141e-06,4.58566313109141e-06,4.58566313109141e-06,4.58566313109141e-06,0.0
1735777500.0,4.58566313109141e-06,4.58566313109141e-06,4.58566313109141e-06,4.58566313109141e-06,0.0
1735777560.0,4.58566313109141e-06,4.58566313109141e-06,4.58566313109141e-06,4.58566313109141e-06,0.0
1735777620.0,4.58566313109141e-06,4.58566313109141e-06,4.58566313109141e-06,4.58566313109141e-06,0.0
1735777680.0,4.58566313109141e-06,4.58566313109141e-06,4.58566313109141e-06,4.58566313109141e-06,0.0
1735777740.0,4.58566313109141e-06,4.58566313109141e-06,4.58566313109141e-06,4.58566313109141e-06,0.0
1735777800.0,4.58566313109141e-06,4.58566313109141e-06,4.58566313109141e-06,4.58566313109141e-06,0.0
1735777860.0,4.58566313109141e-06,4.58566313109141e-06,4.58566313109141e-06,4.58566313109141e-06,0.0
1735777920.0,4.58566313109141e-06,4.58566313109141e-06,4.58566313109141e-06,4.58566313109141e-06,0.0
1735777980.0,4.58566313109141e-06,4.58566313109141e-06,4.58566313109141e-06,4.58566313109141e-06,0.0
1735778040.0,4.58566313109141e-06,4.58566313109141e-06,4.58566313109141e-06,4.58566313109141e-06,0.0
1735778100.0,4.58566313109141e-06,4.58566313109141e-06,4.58566313109141e-06,4.58566313109141e-06,0.0
1735778160.0,4.58566313109141e-06,4.58566313109141e-06,4.58566313109141e-06,4.58566313109141e-06,0.0
1735778220.0,4.58566313109141e-06,4.58566313109141e-06,4.58566313109141e-06,4.58566313109141e-06,0.0
1735778280.0,4.58566313109141e-06,4.58566313109141e-06,4.40833466256781e-06,4.40833466256781e-06,125.1489881943
1735778340.0,4.40833466256781e-06,4.40833466256781e-06,4.40833466256781e-06,4.40833466256781e-06,0.0
1735778400.0,4.40833466256781e-06,4.40833466256781e-06,4.40833466256781e-06,4.40833466256781e-06,0.0
1735778460.0,4.40833466256781e-06,4.40833466256781e-06,4.40833466256781e-06,4.40833466256781e-06,0.0
1735778520.0,4.40833466256781e-06,4.40833466256781e-06,4.40833466256781e-06,4.40833466256781e-06,0.0
1735778580.0,4.40833466256781e-06,4.40833466256781e-06,4.40833466256781e-06,4.40833466256781e-06,0.0
1735778640.0,4.40833466256781e-06,4.40833466256781e-06,4.40833466256781e-06,4.40833466256781e-06,0.0
1735778700.0,4.40833466256781e-06,4.40833466256781e-06,4.40833466256781e-06,4.40833466256781e-06,0.0
1735778760.0,4.40833466256781e-06,4.40833466256781e-06,4.40833466256781e-06,4.40833466256781e-06,0.0
1735778820.0,4.40833466256781e-06,4.40833466256781e-06,4.40833466256781e-06,4.40833466256781e-06,0.0
1735778880.0,4.40833466256781e-06,4.40833466256781e-06,4.40833466256781e-06,4.40833466256781e-06,0.0
1735778940.0,4.40833466256781e-06,4.40833466256781e-06,4.40833466256781e-06,4.40833466256781e-06,0.0
1735779000.0,4.40833466256781e-06,4.40833466256781e-06,4.40833466256781e-06,4.40833466256781e-06,0.0
1735779060.0,4.40833466256781e-06,4.40833466256781e-06,4.40833466256781e-06,4.40833466256781e-06,0.0
1735779120.0,4.40833466256781e-06,4.40833466256781e-06,4.40833466256781e-06,4.40833466256781e-06,0.0
1735779180.0,4.40833466256781e-06,4.40833466256781e-06,4.40833466256781e-06,4.40833466256781e-06,0.0
1735779240.0,4.40833466256781e-06,4.40833466256781e-06,4.40833466256781e-06,4.40833466256781e-06,0.0
1735779300.0,4.40833466256781e-06,4.40833466256781e-06,4.40833466256781e-06,4.40833466256781e-06,0.0
1735779360.0,4.40833466256781e-06,4.40833466256781e-06,4.40833466256781e-06,4.40833466256781e-06,0.0
1735779420.0,4.40833466256781e-06,4.40833466256781e-06,4.40833466256781e-06,4.40833466256781e-06,0.0
1735779480.0,4.40833466256781e-06,4.40833466256781e-06,4.40833466256781e-06,4.40833466256781e-06,0.0
1735779540.0,4.40833466256781e-06,4.40833466256781e-06,4.40833466256781e-06,4.40833466256781e-06,0.0
1735779600.0,4.40833466256781e-06,4.40833466256781e-06,4.40833466256781e-06,4.40833466256781e-06,0.0
1735779660.0,4.40833466256781e-06,4.40833466256781e-06,4.40833466256781e-06,4.40833466256781e-06,0.0
1735779720.0,4.40833466256781e-06,4.40833466256781e-06,4.40833466256781e-06,4.40833466256781e-06,0.0
1735779780.0,4.40833466256781e-06,4.40833466256781e-06,4.40833466256781e-06,4.40833466256781e-06,0.0
1735779840.0,4.40833466256781e-06,4.40833466256781e-06,4.40833466256781e-06,4.40833466256781e-06,0.0
1735779900.0,4.40833466256781e-06,4.40833466256781e-06,4.40833466256781e-06,4.40833466256781e-06,0.0
1735779960.0,4.40833466256781e-06,4.40833466256781e-06,4.40833466256781e-06,4.40833466256781e-06,0.0
1735780020.0,4.40833466256781e-06,4.40833466256781e-06,4.40833466256781e-06,4.40833466256781e-06,0.0
1735780080.0,4.40833466256781e-06,4.40833466256781e-06,4.40833466256781e-06,4.40833466256781e-06,0.0
1735780140.0,4.40833466256781e-06,4.40833466256781e-06,4.40833466256781e-06,4.40833466256781e-06,0.0
1735780200.0,4.40833466256781e-06,4.40833466256781e-06,4.40833466256781e-06,4.40833466256781e-06,0.0
1735780260.0,4.40833466256781e-06,4.40833466256781e-06,4.40833466256781e-06,4.40833466256781e-06,0.0
1735780320.0,4.40833466256781e-06,4.40833466256781e-06,4.40833466256781e-06,4.40833466256781e-06,0.0
1735780380.0,4.40833466256781e-06,4.40833466256781e-06,4.40833466256781e-06,4.40833466256781e-06,0.0
1735780440.0,4.40833466256781e-06,4.40833466256781e-06,4.40833466256781e-06,4.40833466256781e-06,0.0
1735780500.0,4.40833466256781e-06,4.40833466256781e-06,4.40833466256781e-06,4.40833466256781e-06,0.0
1735780560.0,4.40833466256781e-06,4.40833466256781e-06,4.40833466256781e-06,4.40833466256781e-06,0.0
1735780620.0,4.40833466256781e-06,4.40833466256781e-06,4.40833466256781e-06,4.40833466256781e-06,0.0
1735780680.0,4.40833466256781e-06,4.40833466256781e-06,4.40833466256781e-06,4.40833466256781e-06,0.0
1735780740.0,4.40833466256781e-06,4.40833466256781e-06,4.38312163221698e-06,4.38312163221698e-06,0.71870266425
1735780800.0,4.38312163221698e-06,4.38312163221698e-06,4.38312163221698e-06,4.38312163221698e-06,0.0
1735780860.0,4.38312163221698e-06,4.38312163221698e-06,4.38312163221698e-06,4.38312163221698e-06,0.0
1735780920.0,4.38312163221698e-06,4.38312163221698e-06,4.38312163221698e-06,4.38312163221698e-06,0.0
1735780980.0,4.38312163221698e-06,4.38312163221698e-06,4.38312163221698e-06,4.38312163221698e-06,0.0
1735781040.0,4.38312163221698e-06,4.38312163221698e-06,4.38312163221698e-06,4.38312163221698e-06,0.0
1735781100.0,4.38312163221698e-06,4.38312163221698e-06,4.38312163221698e-06,4.38312163221698e-06,0.0
1735781160.0,4.38312163221698e-06,4.38312163221698e-06,4.38312163221698e-06,4.38312163221698e-06,0.0
1735781220.0,4.38312163221698e-06,4.38312163221698e-06,4.38312163221698e-06,4.38312163221698e-06,0.0
1735781280.0,4.38312163221698e-06,4.38312163221698e-06,4.38312163221698e-06,4.38312163221698e-06,0.0
1735781340.0,4.38312163221698e-06,4.38312163221698e-06,4.37231890908009e-06,4.37231890908009e-06,3.59252793732
1735781400.0,4.37231890908009e-06,4.37231890908009e-06,4.37231890908009e-06,4.37231890908009e-06,0.0
1735781460.0,4.37231890908009e-06,4.37231890908009e-06,4.37231890908009e-06,4.37231890908009e-06,0.0
1735781520.0,4.37231890908009e-06,4.37231890908009e-06,4.37231890908009e-06,4.37231890908009e-06,0.0
1735781580.0,4.37231890908009e-06,4.37231890908009e-06,4.37231890908009e-06,4.37231890908009e-06,0.0
1735781640.0,4.37231890908009e-06,4.37231890908009e-06,4.37231890908009e-06,4.37231890908009e-06,0.0
1735781700.0,4.37231890908009e-06,4.37231890908009e-06,4.37231890908009e-06,4.37231890908009e-06,0.0
1735781760.0,4.37231890908009e-06,4.37231890908009e-06,4.37231890908009e-06,4.37231890908009e-06,0.0
1735781820.0,4.37231890908009e-06,4.37231890908009e-06,4.37231890908009e-06,4.37231890908009e-06,0.0
1735781880.0,4.37231890908009e-06,4.37231890908009e-06,4.37231890908009e-06,4.37231890908009e-06,0.0
1735781940.0,4.37231890908009e-06,4.37231890908009e-06,4.37231890908009e-06,4.37231890908009e-06,0.0
1735782000.0,4.37231890908009e-06,4.37231890908009e-06,4.37231890908009e-06,4.37231890908009e-06,0.0
1735782060.0,4.37231890908009e-06,4.37231890908009e-06,4.37231890908009e-06,4.37231890908009e-06,0.0
1735782120.0,4.37231890908009e-06,4.37231890908009e-06,4.37231890908009e-06,4.37231890908009e-06,0.0
1735782180.0,4.37231890908009e-06,4.37231890908009e-06,4.37231890908009e-06,4.37231890908009e-06,0.0
1735782240.0,4.37231890908009e-06,4.37231890908009e-06,4.37231890908009e-06,4.37231890908009e-06,0.0
1735782300.0,4.37231890908009e-06,4.37231890908009e-06,4.37231890908009e-06,4.37231890908009e-06,0.0
1735782360.0,4.37231890908009e-06,4.37231890908009e-06,4.37231890908009e-06,4.37231890908009e-06,0.0
1735782420.0,4.37231890908009e-06,4.37231890908009e-06,4.37231890908009e-06,4.37231890908009e-06,0.0
1735782480.0,4.37231890908009e-06,4.37231890908009e-06,4.37231890908009e-06,4.37231890908009e-06,0.0
1735782540.0,4.37231890908009e-06,4.37231890908009e-06,4.37231890908009e-06,4.37231890908009e-06,0.0
1735782600.0,4.37231890908009e-06,4.37231890908009e-06,4.37231890908009e-06,4.37231890908009e-06,0.0
1735782660.0,4.37231890908009e-06,4.37231890908009e-06,4.37231890908009e-06,4.37231890908009e-06,0.0
1735782720.0,4.37231890908009e-06,4.37231890908009e-06,4.37231890908009e-06,4.37231890908009e-06,0.0
1735782780.0,4.37231890908009e-06,4.37231890908009e-06,4.37231890908009e-06,4.37231890908009e-06,0.0
1735782840.0,4.37231890908009e-06,4.37231890908009e-06,4.37231890908009e-06,4.37231890908009e-06,0.0
1735782900.0,4.37231890908009e-06,4.37231890908009e-06,4.37231890908009e-06,4.37231890908009e-06,0.0
1735782960.0,4.37231890908009e-06,4.37231890908009e-06,4.37231890908009e-06,4.37231890908009e-06,0.0
1735783020.0,4.37231890908009e-06,4.37231890908009e-06,4.37231890908009e-06,4.37231890908009e-06,0.0
1735783080.0,4.37231890908009e-06,4.37231890908009e-06,4.37231890908009e-06,4.37231890908009e-06,0.0
1735783140.0,4.37231890908009e-06,4.37231890908009e-06,4.37231890908009e-06,4.37231890908009e-06,0.0
1735783200.0,4.37231890908009e-06,4.37231890908009e-06,4.37231890908009e-06,4.37231890908009e-06,0.0
1735783260.0,4.37231890908009e-06,4.37231890908009e-06,4.37231890908009e-06,4.37231890908009e-06,0.0
1735783320.0,4.37231890908009e-06,4.37231890908009e-06,4.37231890908009e-06,4.37231890908009e-06,0.0
1735783380.0,4.37231890908009e-06,4.37231890908009e-06,4.37231890908009e-06,4.37231890908009e-06,0.0
1735783440.0,4.37231890908009e-06,4.37231890908009e-06,4.37231890908009e-06,4.37231890908009e-06,0.0
1735783500.0,4.37231890908009e-06,4.37231890908009e-06,4.37231890908009e-06,4.37231890908009e-06,0.0
1735783560.0,4.37231890908009e-06,4.37231890908009e-06,4.37231890908009e-06,4.37231890908009e-06,0.0
1735783620.0,4.37231890908009e-06,4.37231890908009e-06,4.37231890908009e-06,4.37231890908009e-06,0.0
1735783680.0,4.37231890908009e-06,4.37231890908009e-06,4.37231890908009e-06,4.37231890908009e-06,0.0
1735783740.0,4.37231890908009e-06,4.37231890908009e-06,4.37231890908009e-06,4.37231890908009e-06,0.0
1735783800.0,4.37231890908009e-06,4.37231890908009e-06,4.37231890908009e-06,4.37231890908009e-06,0.0
1735783860.0,4.37231890908009e-06,4.37231890908009e-06,4.37231890908009e-06,4.37231890908009e-06,0.0
1735783920.0,4.37231890908009e-06,4.37231890908009e-06,4.37231890908009e-06,4.37231890908009e-06,0.0
1735783980.0,4.37231890908009e-06,4.37231890908009e-06,4.37231890908009e-06,4.37231890908009e-06,0.0
1735784040.0,4.37231890908009e-06,4.37231890908009e-06,4.37231890908009e-06,4.37231890908009e-06,0.0
1735784100.0,4.37231890908009e-06,4.37231890908009e-06,4.37231890908009e-06,4.37231890908009e-06,0.0
1735784160.0,4.37231890908009e-06,4.37231890908009e-06,4.37231890908009e-06,4.37231890908009e-06,0.0
1735784220.0,4.37231890908009e-06,4.37231890908009e-06,4.37231890908009e-06,4.37231890908009e-06,0.0
1735784280.0,4.37231890908009e-06,4.37231890908009e-06,4.37231890908009e-06,4.37231890908009e-06,0.0
1735784340.0,4.37231890908009e-06,4.37231890908009e-06,4.37231890908009e-06,4.37231890908009e-06,0.0
1735784400.0,4.37231890908009e-06,4.37231890908009e-06,4.37231890908009e-06,4.37231890908009e-06,0.0
1735784460.0,4.37231890908009e-06,4.37231890908009e-06,4.37231890908009e-06,4.37231890908009e-06,0.0
1735784520.0,4.37231890908009e-06,4.37231890908009e-06,4.37231890908009e-06,4.37231890908009e-06,0.0
1735784580.0,4.37231890908009e-06,4.37231890908009e-06,4.37231890908009e-06,4.37231890908009e-06,0.0
1735784640.0,4.37231890908009e-06,4.37231890908009e-06,4.37231890908009e-06,4.37231890908009e-06,0.0
1735784700.0,4.37231890908009e-06,4.37231890908009e-06,4.37231890908009e-06,4.37231890908009e-06,0.0
1735784760.0,4.37231890908009e-06,4.37231890908009e-06,4.37231890908009e-06,4.37231890908009e-06,0.0
1735784820.0,4.37231890908009e-06,4.37231890908009e-06,4.37231890908009e-06,4.37231890908009e-06,0.0
1735784880.0,4.37231890908009e-06,4.37231890908009e-06,4.37231890908009e-06,4.37231890908009e-06,0.0
1735784940.0,4.37231890908009e-06,4.37231890908009e-06,4.37231890908009e-06,4.37231890908009e-06,0.0
1735785000.0,4.37231890908009e-06,4.37231890908009e-06,4.37231890908009e-06,4.37231890908009e-06,0.0
1735785060.0,4.37231890908009e-06,4.37231890908009e-06,4.37231890908009e-06,4.37231890908009e-06,0.0
1735785120.0,4.37231890908009e-06,4.37231890908009e-06,4.37231890908009e-06,4.37231890908009e-06,0.0
1735785180.0,4.37231890908009e-06,4.37231890908009e-06,4.37231890908009e-06,4.37231890908009e-06,0.0
1735785240.0,4.37231890908009e-06,4.37231890908009e-06,4.37231890908009e-06,4.37231890908009e-06,0.0
1735785300.0,4.37231890908009e-06,4.37231890908009e-06,4.37231890908009e-06,4.37231890908009e-06,0.0
1735785360.0,4.37231890908009e-06,4.37231890908009e-06,4.37231890908009e-06,4.37231890908009e-06,0.0
1735785420.0,4.37231890908009e-06,4.37231890908009e-06,4.37231890908009e-06,4.37231890908009e-06,0.0
1735785480.0,4.37231890908009e-06,4.37231890908009e-06,4.37231890908009e-06,4.37231890908009e-06,0.0
1735785540.0,4.37231890908009e-06,4.37231890908009e-06,4.37231890908009e-06,4.37231890908009e-06,0.0
1735785600.0,4.37231890908009e-06,4.37231890908009e-06,4.37231890908009e-06,4.37231890908009e-06,0.0
1735785660.0,4.37231890908009e-06,4.37231890908009e-06,4.37231890908009e-06,4.37231890908009e-06,0.0
1735785720.0,4.37231890908009e-06,4.37231890908009e-06,4.37231890908009e-06,4.37231890908009e-06,0.0
1735785780.0,4.37231890908009e-06,4.37231890908009e-06,4.37231890908009e-06,4.37231890908009e-06,0.0
1735785840.0,4.37231890908009e-06,4.37231890908009e-06,4.37231890908009e-06,4.37231890908009e-06,0.0
1735785900.0,4.37231890908009e-06,4.39657273255274e-06,4.37231890908009e-06,4.39657273255274e-06,1.30665868816
1735785960.0,4.39657273255274e-06,4.39657273255274e-06,4.39657273255274e-06,4.39657273255274e-06,0.0
1735786020.0,4.39657273255274e-06,4.39657273255274e-06,4.39657273255274e-06,4.39657273255274e-06,0.0
1735786080.0,4.39657273255274e-06,4.39657273255274e-06,4.39657273255274e-06,4.39657273255274e-06,0.0
1735786140.0,4.39657273255274e-06,4.39657273255274e-06,4.39657273255274e-06,4.39657273255274e-06,0.0
1735786200.0,4.39657273255274e-06,4.39657273255274e-06,4.39657273255274e-06,4.39657273255274e-06,0.0
1735786260.0,4.39657273255274e-06,4.39657273255274e-06,4.39657273255274e-06,4.39657273255274e-06,0.0
1735786320.0,4.39657273255274e-06,4.39657273255274e-06,4.39657273255274e-06,4.39657273255274e-06,0.0
1735786380.0,4.39657273255274e-06,4.39657273255274e-06,4.39657273255274e-06,4.39657273255274e-06,0.0
1735786440.0,4.39657273255274e-06,4.39657273255274e-06,4.39657273255274e-06,4.39657273255274e-06,0.0
1735786500.0,4.39657273255274e-06,4.39657273255274e-06,4.39657273255274e-06,4.39657273255274e-06,0.0
1735786560.0,4.39657273255274e-06,4.39657273255274e-06,4.39657273255274e-06,4.39657273255274e-06,0.0
1735786620.0,4.39657273255274e-06,4.39657273255274e-06,4.39657273255274e-06,4.39657273255274e-06,0.0
1735786680.0,4.39657273255274e-06,4.39657273255274e-06,4.39657273255274e-06,4.39657273255274e-06,0.0
1735786740.0,4.39657273255274e-06,4.39657273255274e-06,4.39657273255274e-06,4.39657273255274e-06,0.0
1735786800.0,4.39657273255274e-06,4.39657273255274e-06,4.39657273255274e-06,4.39657273255274e-06,0.0
1735786860.0,4.39657273255274e-06,4.39657273255274e-06,4.39657273255274e-06,4.39657273255274e-06,0.0
1735786920.0,4.39657273255274e-06,4.39657273255274e-06,4.39657273255274e-06,4.39657273255274e-06,0.0
1735786980.0,4.39657273255274e-06,4.39657273255274e-06,4.39657273255274e-06,4.39657273255274e-06,0.0
1735787040.0,4.39657273255274e-06,4.39657273255274e-06,4.39657273255274e-06,4.39657273255274e-06,0.0
1735787100.0,4.39657273255274e-06,4.39657273255274e-06,4.39657273255274e-06,4.39657273255274e-06,0.0
1735787160.0,4.39657273255274e-06,4.39773330050555e-06,4.39657273255274e-06,4.39773330050555e-06,6.01354805632
1735787220.0,4.39773330050555e-06,4.39773330050555e-06,4.39773330050555e-06,4.39773330050555e-06,0.0
1735787280.0,4.39773330050555e-06,4.39773330050555e-06,4.39773330050555e-06,4.39773330050555e-06,0.0
1735787340.0,4.39773330050555e-06,4.39773330050555e-06,4.39773330050555e-06,4.39773330050555e-06,0.0
1735787400.0,4.39773330050555e-06,4.39773330050555e-06,4.39773330050555e-06,4.39773330050555e-06,0.0
1735787460.0,4.39773330050555e-06,4.39773330050555e-06,4.39773330050555e-06,4.39773330050555e-06,0.0
1735787520.0,4.39773330050555e-06,4.39773330050555e-06,4.39773330050555e-06,4.39773330050555e-06,0.0
1735787580.0,4.39773330050555e-06,4.39773330050555e-06,4.39773330050555e-06,4.39773330050555e-06,0.0
1735787640.0,4.39773330050555e-06,4.39773330050555e-06,4.39773330050555e-06,4.39773330050555e-06,0.0
1735787700.0,4.39773330050555e-06,4.39773330050555e-06,4.39773330050555e-06,4.39773330050555e-06,0.0
1735787760.0,4.39773330050555e-06,4.39773330050555e-06,4.39773330050555e-06,4.39773330050555e-06,0.0
1735787820.0,4.39773330050555e-06,4.39773330050555e-06,4.39773330050555e-06,4.39773330050555e-06,0.0
1735787880.0,4.39773330050555e-06,4.39773330050555e-06,4.39773330050555e-06,4.39773330050555e-06,0.0
1735787940.0,4.39773330050555e-06,4.39773330050555e-06,4.39773330050555e-06,4.39773330050555e-06,0.0
1735788000.0,4.39773330050555e-06,4.39773330050555e-06,4.39773330050555e-06,4.39773330050555e-06,0.0
1735788060.0,4.39773330050555e-06,4.39773330050555e-06,4.39773330050555e-06,4.39773330050555e-06,0.0
1735788120.0,4.39773330050555e-06,4.39773330050555e-06,4.39773330050555e-06,4.39773330050555e-06,0.0
1735788180.0,4.39773330050555e-06,4.39773330050555e-06,4.39773330050555e-06,4.39773330050555e-06,0.0
1735788240.0,4.39773330050555e-06,4.39773330050555e-06,4.39773330050555e-06,4.39773330050555e-06,0.0
1735788300.0,4.39773330050555e-06,4.39773330050555e-06,4.39773330050555e-06,4.39773330050555e-06,0.0
1735788360.0,4.39773330050555e-06,4.39773330050555e-06,4.39773330050555e-06,4.39773330050555e-06,0.0
1735788420.0,4.39773330050555e-06,4.39773330050555e-06,4.39773330050555e-06,4.39773330050555e-06,0.0
1735788480.0,4.39773330050555e-06,4.39773330050555e-06,4.39773330050555e-06,4.39773330050555e-06,0.0
1735788540.0,4.39773330050555e-06,4.39773330050555e-06,4.39773330050555e-06,4.39773330050555e-06,0.0
1735788600.0,4.39773330050555e-06,4.39773330050555e-06,4.39773330050555e-06,4.39773330050555e-06,0.0
1735788660.0,4.39773330050555e-06,4.39773330050555e-06,4.39773330050555e-06,4.39773330050555e-06,0.0
1735788720.0,4.39773330050555e-06,4.39773330050555e-06,4.39773330050555e-06,4.39773330050555e-06,0.0
1735788780.0,4.39773330050555e-06,4.39773330050555e-06,4.39773330050555e-06,4.39773330050555e-06,0.0
1735788840.0,4.39773330050555e-06,4.39773330050555e-06,4.39773330050555e-06,4.39773330050555e-06,0.0
1735788900.0,4.39773330050555e-06,4.39773330050555e-06,4.39773330050555e-06,4.39773330050555e-06,0.0
1735788960.0,4.39773330050555e-06,4.39773330050555e-06,4.39773330050555e-06,4.39773330050555e-06,0.0
1735789020.0,4.39773330050555e-06,4.39773330050555e-06,4.39773330050555e-06,4.39773330050555e-06,0.0
1735789080.0,4.39773330050555e-06,4.39773330050555e-06,4.39773330050555e-06,4.39773330050555e-06,0.0
1735789140.0,4.39773330050555e-06,4.39773330050555e-06,4.39773330050555e-06,4.39773330050555e-06,0.0
1735789200.0,4.39773330050555e-06,4.39773330050555e-06,4.39773330050555e-06,4.39773330050555e-06,0.0
1735789260.0,4.39773330050555e-06,4.39773330050555e-06,4.39773330050555e-06,4.39773330050555e-06,0.0
1735789320.0,4.39773330050555e-06,4.39773330050555e-06,4.39773330050555e-06,4.39773330050555e-06,0.0
1735789380.0,4.39773330050555e-06,4.39773330050555e-06,4.39773330050555e-06,4.39773330050555e-06,0.0
1735789440.0,4.39773330050555e-06,4.39773330050555e-06,4.39773330050555e-06,4.39773330050555e-06,0.0
1735789500.0,4.39773330050555e-06,4.39773330050555e-06,4.39773330050555e-06,4.39773330050555e-06,0.0
1735789560.0,4.39773330050555e-06,4.39773330050555e-06,4.39773330050555e-06,4.39773330050555e-06,0.0
1735789620.0,4.39773330050555e-06,4.39773330050555e-06,4.39773330050555e-06,4.39773330050555e-06,0.0
1735789680.0,4.39773330050555e-06,4.39773330050555e-06,4.39773330050555e-06,4.39773330050555e-06,0.0
1735789740.0,4.39773330050555e-06,4.39773330050555e-06,4.39773330050555e-06,4.39773330050555e-06,0.0
1735789800.0,4.39773330050555e-06,4.39773330050555e-06,4.39773330050555e-06,4.39773330050555e-06,0.0
1735789860.0,4.39773330050555e-06,4.39773330050555e-06,4.39773330050555e-06,4.39773330050555e-06,0.0
1735789920.0,4.39773330050555e-06,4.39773330050555e-06,4.39773330050555e-06,4.39773330050555e-06,0.0
1735789980.0,4.39773330050555e-06,4.39773330050555e-06,4.39773330050555e-06,4.39773330050555e-06,0.0
1735790040.0,4.39773330050555e-06,4.39773330050555e-06,4.39773330050555e-06,4.39773330050555e-06,0.0
1735790100.0,4.39773330050555e-06,4.39773330050555e-06,4.39773330050555e-06,4.39773330050555e-06,0.0
1735790160.0,4.39773330050555e-06,4.39773330050555e-06,4.39773330050555e-06,4.39773330050555e-06,0.0
1735790220.0,4.39773330050555e-06,4.39773330050555e-06,4.39773330050555e-06,4.39773330050555e-06,0.0
1735790280.0,4.39773330050555e-06,4.39773330050555e-06,4.39773330050555e-06,4.39773330050555e-06,0.0
1735790340.0,4.39773330050555e-06,4.39773330050555e-06,4.39773330050555e-06,4.39773330050555e-06,0.0
1735790400.0,4.39773330050555e-06,4.39773330050555e-06,4.39773330050555e-06,4.39773330050555e-06,0.0
1735790460.0,4.39773330050555e-06,4.39773330050555e-06,4.39773330050555e-06,4.39773330050555e-06,0.0
1735790520.0,4.39773330050555e-06,4.39773330050555e-06,4.39773330050555e-06,4.39773330050555e-06,0.0
1735790580.0,4.39773330050555e-06,4.39773330050555e-06,4.39773330050555e-06,4.39773330050555e-06,0.0
1735790640.0,4.39773330050555e-06,4.39773330050555e-06,4.39773330050555e-06,4.39773330050555e-06,0.0
1735790700.0,4.39773330050555e-06,4.39773330050555e-06,4.39773330050555e-06,4.39773330050555e-06,0.0
1735790760.0,4.39773330050555e-06,4.39773330050555e-06,4.39773330050555e-06,4.39773330050555e-06,0.0
1735790820.0,4.39773330050555e-06,4.39773330050555e-06,4.39773330050555e-06,4.39773330050555e-06,0.0
1735790880.0,4.39773330050555e-06,4.39773330050555e-06,4.39773330050555e-06,4.39773330050555e-06,0.0
1735790940.0,4.39773330050555e-06,4.39773330050555e-06,4.39773330050555e-06,4.39773330050555e-06,0.0
1735791000.0,4.39773330050555e-06,4.39773330050555e-06,4.39773330050555e-06,4.39773330050555e-06,0.0
1735791060.0,4.39773330050555e-06,4.39773330050555e-06,4.39773330050555e-06,4.39773330050555e-06,0.0
1735791120.0,4.39773330050555e-06,4.39773330050555e-06,4.39773330050555e-06,4.39773330050555e-06,0.0
1735791180.0,4.39773330050555e-06,4.39773330050555e-06,4.38983101530529e-06,4.38983101530529e-06,3.2728594236
1735791240.0,4.38983101530529e-06,4.38983101530529e-06,4.38983101530529e-06,4.38983101530529e-06,0.0
1735791300.0,4.38983101530529e-06,4.38983101530529e-06,4.38983101530529e-06,4.38983101530529e-06,0.0
1735791360.0,4.38983101530529e-06,4.38983101530529e-06,4.38983101530529e-06,4.38983101530529e-06,0.0
1735791420.0,4.38983101530529e-06,4.39202025367704e-06,4.38983101530529e-06,4.39202025367704e-06,0.90675675896
1735791480.0,4.39202025367704e-06,4.39202025367704e-06,4.39202025367704e-06,4.39202025367704e-06,0.0
1735791540.0,4.39202025367704e-06,4.39202025367704e-06,4.39202025367704e-06,4.39202025367704e-06,0.0
1735791600.0,4.39202025367704e-06,4.39202025367704e-06,4.39202025367704e-06,4.39202025367704e-06,0.0
1735791660.0,4.39202025367704e-06,4.39202025367704e-06,4.39202025367704e-06,4.39202025367704e-06,0.0
1735791720.0,4.39202025367704e-06,4.39202025367704e-06,4.39202025367704e-06,4.39202025367704e-06,0.0
1735791780.0,4.39202025367704e-06,4.39202025367704e-06,4.39202025367704e-06,4.39202025367704e-06,0.0
1735791840.0,4.39202025367704e-06,4.39202025367704e-06,4.39202025367704e-06,4.39202025367704e-06,0.0
1735791900.0,4.39202025367704e-06,4.39202025367704e-06,4.39202025367704e-06,4.39202025367704e-06,0.0
1735791960.0,4.39202025367704e-06,4.39202025367704e-06,4.39202025367704e-06,4.39202025367704e-06,0.0
1735792020.0,4.39202025367704e-06,4.39202025367704e-06,4.39202025367704e-06,4.39202025367704e-06,0.0
1735792080.0,4.39202025367704e-06,4.39202025367704e-06,4.39202025367704e-06,4.39202025367704e-06,0.0
1735792140.0,4.39202025367704e-06,4.39202025367704e-06,4.39202025367704e-06,4.39202025367704e-06,0.0
1735792200.0,4.39202025367704e-06,4.39202025367704e-06,4.39202025367704e-06,4.39202025367704e-06,0.0
1735792260.0,4.39202025367704e-06,4.39202025367704e-06,4.39202025367704e-06,4.39202025367704e-06,0.0
1735792320.0,4.39202025367704e-06,4.39202025367704e-06,4.39202025367704e-06,4.39202025367704e-06,0.0
1735792380.0,4.39202025367704e-06,4.39202025367704e-06,4.39202025367704e-06,4.39202025367704e-06,0.0
1735792440.0,4.39202025367704e-06,4.39202025367704e-06,4.39202025367704e-06,4.39202025367704e-06,0.0
1735792500.0,4.39202025367704e-06,4.39202025367704e-06,4.39202025367704e-06,4.39202025367704e-06,0.0
1735792560.0,4.39202025367704e-06,4.39202025367704e-06,4.39202025367704e-06,4.39202025367704e-06,0.0
1735792620.0,4.39202025367704e-06,4.39202025367704e-06,4.39202025367704e-06,4.39202025367704e-06,0.0
1735792680.0,4.39202025367704e-06,4.39202025367704e-06,4.39202025367704e-06,4.39202025367704e-06,0.0
1735792740.0,4.39202025367704e-06,4.39202025367704e-06,4.39202025367704e-06,4.39202025367704e-06,0.0
1735792800.0,4.39202025367704e-06,4.39202025367704e-06,4.39202025367704e-06,4.39202025367704e-06,0.0
1735792860.0,4.39202025367704e-06,4.39202025367704e-06,4.39202025367704e-06,4.39202025367704e-06,0.0
1735792920.0,4.39202025367704e-06,4.39202025367704e-06,4.39202025367704e-06,4.39202025367704e-06,0.0
