time,open,high,low,close,volume,usd_vol,price_change,vol_change,norm_open,mov_in_min
1728331140.0,5.91247221680942e-05,7.217594738398767e-05,4.647792981005736e-05,5.6522212692509945e-05,9306.30378595961,0.5381227538639324,-0.044017280422649636,0.0,1.0,0.434640817437919
1728331200.0,5.6522212692509945e-05,6.298601646202017e-05,5.474770994832881e-05,5.8350420267234014e-05,5443.935274643848,0.31267958933038287,0.03234493993838875,-0.4189437501290908,0.9559827195773504,0.14575343252234452
1728331260.0,5.8350420267234014e-05,5.8350420267234014e-05,4.819554153550323e-05,4.94653450159167e-05,3164.146028212562,0.1705724127496896,-0.15227097269608902,-0.4544817808064225,0.9869039232242173,0.17403265795213363
1728331320.0,4.94653450159167e-05,6.293610073406162e-05,4.724528484271871e-05,5.0006394955852943e-05,5158.726780187864,0.2565737644321259,0.010937959489863945,0.5041926199909064,0.8366271028772794,0.31720825734246866
1728331380.0,5.0006394955852943e-05,5.0006394955852943e-05,2.9409910352499268e-05,3.585553724315656e-05,8810.368562228467,0.37823763406917277,-0.28298096123884076,0.47418671159276654,0.8457780962366733,0.41187701336072785
1728331440.0,3.585553724315656e-05,3.76971575694072e-05,2.4963302380650068e-05,2.5986973229478146e-05,5786.770741118529,0.17893421508017934,-0.27523124104246804,-0.5269264637810854,0.6064389975688627,0.35514333817958704
1728331500.0,2.5986973229478146e-05,3.951163789294128e-05,2.590450369845701e-05,3.532692346908e-05,3703.1527150270376,0.11352736151407644,0.35940892989442674,-0.36553575590221515,0.43952803965143433,0.5236136611342297
1728331560.0,3.532692346908e-05,3.581830984351135e-05,3.049747490149473e-05,3.049747490149473e-05,1193.6369938925566,0.03928521849791946,-0.13670730687353122,-0.6539581474105832,0.5974983420411515,0.15061699178740257
1728331620.0,3.049747490149473e-05,3.05306789868776e-05,1.739340946539225e-05,2.016288020250517e-05,3469.762099630429,0.0878896900468389,-0.3388672253152029,1.2372203441223963,0.5158159528393057,0.4307658113964534
1728331680.0,2.016288020250517e-05,2.140769910360968e-05,1.6875974834277154e-05,2.140769910360968e-05,2433.957930189431,0.050590520582343444,0.06173814894510186,-0.42438617595098665,0.34102283212733264,0.22475579995607342
1728331740.0,2.140769910360968e-05,2.407199939095128e-05,1.98265367778352e-05,1.9860659706669036e-05,1823.0090695831489,0.03761629619897487,-0.0722655615371475,-0.2564556409782566,0.36207695053089034,0.19831475547973423
1728331800.0,1.9860659706669036e-05,2.1228351737754917e-05,1.289995234850716e-05,1.579709307286732e-05,3513.4878453864585,0.06264154049234809,-0.2046038094312248,0.6652766705419342,0.3359112563811176,0.419341528038525
1728331860.0,1.579709307286732e-05,1.6166042045477835e-05,1.1549034227639615e-05,1.3087205179889062e-05,3456.106114123903,0.049913599896764846,-0.17154345299343024,-0.20318690274128892,0.2671825336947121,0.29226945720591296
1728331920.0,1.3087205179889062e-05,1.460016728812688e-05,1.2460426366056443e-05,1.460016728812688e-05,779.9503178665967,0.010797387478659947,0.11560620372658083,-0.7836784463354288,0.22134911928518766,0.16349869148216226
1728331980.0,1.460016728812688e-05,1.821843076387672e-05,1.460016728812688e-05,1.7786696265635468e-05,1002.439565359326,0.016232936712092663,0.21825290865673366,0.50341337144523,0.24693845066397033,0.24782342587898137
1728332040.0,1.7786696265635468e-05,1.7786696265635468e-05,1.253776087645417e-05,1.253776087645417e-05,2813.8125408771352,0.04266366890085152,-0.29510457202344137,1.628216302295406,0.3008334857805692,0.29510457202344137
1728332100.0,1.253776087645417e-05,1.253776087645417e-05,8.350786292951439e-06,9.242277560067544e-06,1390.929720000665,0.015147251382057435,-0.2628446457752692,-0.6449613506691377,0.21205614870897427,0.3339491496735945
1728332160.0,9.242277560067544e-06,1.0044432632366884e-05,8.801472541954586e-06,9.749738686305332e-06,663.8569058128758,0.0063039905702324825,0.05490650144833765,-0.5838195055176923,0.15631832541709612,0.13448634087583225
1728332220.0,9.749738686305332e-06,9.749738686305332e-06,8.30657553787321e-06,8.30657553787321e-06,350.0905725598605,0.0031606726925317097,-0.14802070033520134,-0.4986235056479235,0.16490121777801162,0.14802070033520134
1728332280.0,8.30657553787321e-06,8.30657553787321e-06,8.081675190942127e-06,8.081675190942127e-06,29.972856283798652,0.0002456013419188203,-0.02707497763737502,-0.9222945980774451,0.14049242403638276,0.02707497763737502
1728332340.0,8.081675190942127e-06,8.081675190942127e-06,7.996191585106586e-06,8.042869177924128e-06,71.63921438475693,0.0005775748454488674,-0.004801728862042378,1.3516762609537194,0.1366885947973771,0.010577461208952142
1728332400.0,8.042869177924128e-06,8.148477100460781e-06,8.042869177924128e-06,8.148477100460781e-06,19.442333529967694,0.00015739877732178027,0.013130627914043793,-0.727483323482593,0.13603225322662651,0.013130627914043793
1728332460.0,8.148477100460781e-06,8.979993677529907e-06,8.148477100460781e-06,8.968708849981846e-06,236.20571009823905,0.002021588531153951,0.10066074180593605,11.84373719765999,0.13781844212805433,0.10204564200371939
1728332520.0,8.968708849981846e-06,9.0237906451072e-06,8.775255001117723e-06,8.775255001117723e-06,81.34228470741537,0.0007216672797071139,-0.021569866086634585,-0.6430197003070768,0.15169134874720275,0.02771141846019228
1728332580.0,8.775255001117723e-06,8.775255001117723e-06,8.538597611696142e-06,8.56427472483738e-06,62.02854338414475,0.0005377728859335368,-0.024042637650241564,-0.25481880493211495,0.1484193866682246,0.026968719358176775
1728332640.0,8.56427472483738e-06,8.572083031979394e-06,8.488267129279914e-06,8.488267129279914e-06,18.937928271461008,0.00016146990723968,-0.00887495999363904,-0.6997433090004541,0.1448509931342894,0.009786690104230812
1728332700.0,8.488267129279914e-06,8.488267129279914e-06,8.389210772811685e-06,8.389210772811685e-06,41.848234035693935,0.00035314632258949096,-0.011669797257739244,1.1870720595961795,0.14356544636518367,0.011669797257739244
1728332760.0,8.389210772811685e-06,9.17365016242746e-06,8.389210772811685e-06,9.17365016242746e-06,441.2731142345178,0.0038750091698803663,0.09350574337195557,9.972814728655141,0.14189006671288515,0.09350574337195557
1728332820.0,9.17365016242746e-06,9.17365016242746e-06,7.28834537141889e-06,7.28834537141889e-06,408.03138757974943,0.003358505440003482,-0.20551304634770326,-0.1332909697070034,0.15515760287796984,0.20551304634770326
1728332880.0,7.28834537141889e-06,7.28834537141889e-06,7.102990516141027e-06,7.102990516141027e-06,57.95678632416939,0.0004170377894773304,-0.02543167836210509,-0.8758263766644672,0.12327069124651109,0.02543167836210509
1728332940.0,7.102990516141027e-06,7.102990516141027e-06,6.7270360312867224e-06,6.7270360312867224e-06,173.62849011276415,0.0012006433138246624,-0.052929042211160994,1.878979661122359,0.12013571067525546,0.052929042211160994
1728333000.0,6.7270360312867224e-06,6.7270360312867224e-06,6.491683714083806e-06,6.491683714083806e-06,2.974239716760476,1.965782063570348e-05,-0.03498603487603125,-0.9836272601451607,0.11377704257385704,0.03498603487603125
1728333060.0,6.491683714083806e-06,6.491683714083806e-06,6.416397794680927e-06,6.416397794680927e-06,23.79244127581951,0.0001535573856403883,-0.011597287039654385,6.81151626551572,0.10979643499427638,0.011597287039654385
1728333120.0,6.416397794680927e-06,6.416397794680927e-06,6.416397794680927e-06,6.416397794680927e-06,0.0,0.0,0.0,-1.0,0.108523094221717,0.0
1728333180.0,6.416397794680927e-06,6.416397794680927e-06,6.3449243163700455e-06,6.3449243163700455e-06,39.8351354296276,0.00025417449727740835,-0.011139190648393306,0.0,0.108523094221717,0.011139190648393306
1728333240.0,6.3449243163700455e-06,6.3449243163700455e-06,6.203327419300062e-06,6.203327419300062e-06,32.29588942105031,0.0002026284752413522,-0.022316562028117517,-0.20279777313692626,0.10731423478542775,0.022316562028117517
1728333300.0,6.203327419300062e-06,6.203327419300062e-06,6.203327419300062e-06,6.203327419300062e-06,0.0,0.0,0.0,-1.0,0.10491935000833878,0.0
1728333360.0,6.203327419300062e-06,6.203327419300062e-06,6.203327419300062e-06,6.203327419300062e-06,0.0,0.0,0.0,0.0,0.10491935000833878,0.0
1728333420.0,6.203327419300062e-06,6.203327419300062e-06,6.166584948654616e-06,6.166584948654616e-06,5.591434031058153,3.4582774487694465e-05,-0.0059230261699763295,0.0,0.10491935000833878,0.0059230261699763295
1728333480.0,6.166584948654616e-06,6.166584948654616e-06,6.166584948654616e-06,6.166584948654616e-06,0.0,0.0,0.0,-1.0,0.10429790995250249,0.0
1728333540.0,6.166584948654616e-06,6.166584948654616e-06,6.063479073814036e-06,6.063479073814036e-06,38.56707029661432,0.0002358388694433211,-0.016720093163246706,0.0,0.10429790995250249,0.016720093163246706
1728333600.0,6.063479073814036e-06,6.068279113349861e-06,6.063479073814036e-06,6.068279113349861e-06,1.259044036556114,7.637208899244758e-06,0.0007916312528486136,-0.9676168355230341,0.10255403918136473,0.0007916312528486136
1728333660.0,6.068279113349861e-06,6.068279113349861e-06,6.068279113349861e-06,6.068279113349861e-06,0.0,0.0,0.0,-1.0,0.10263522416388657,0.0
1728333720.0,6.068279113349861e-06,6.068279113349861e-06,6.068279113349861e-06,6.068279113349861e-06,0.0,0.0,0.0,0.0,0.10263522416388657,0.0
1728333780.0,6.068279113349861e-06,6.068279113349861e-06,5.968089807797631e-06,5.968089807797631e-06,39.1575174152289,0.0002356571628229764,-0.016510332448588138,0.0,0.10263522416388657,0.016510332448588138
1728333840.0,5.968089807797631e-06,5.968089807797631e-06,5.968089807797631e-06,5.968089807797631e-06,0.0,0.0,0.0,-1.0,0.10094068249200543,0.0
1728333900.0,5.968089807797631e-06,5.968089807797631e-06,5.851635888199663e-06,5.851635888199663e-06,31.714362878696676,0.0001874275349247569,-0.019512762600491458,0.0,0.10094068249200543,0.019512762600491458
1728333960.0,5.851635888199663e-06,5.851635888199663e-06,5.686959126603344e-06,5.686959126603344e-06,76.08740148044761,0.00043897085570580386,-0.02814200417500414,1.3420830663009542,0.09897105091780733,0.02814200417500414
1728334020.0,5.686959126603344e-06,5.686959126603344e-06,5.686959126603344e-06,5.686959126603344e-06,0.0,0.0,0.0,-1.0,0.09618580718967386,0.0
1728334080.0,5.686959126603344e-06,5.686959126603344e-06,5.549676854130636e-06,5.549676854130636e-06,8.638077076496158,4.8531463841055056e-05,-0.02413983807805263,0.0,0.09618580718967386,0.02413983807805263
1728334140.0,5.549676854130636e-06,5.549676854130636e-06,5.549676854130636e-06,5.549676854130636e-06,0.0,0.0,0.0,-1.0,0.09386389737870834,0.0
1728334200.0,5.549676854130636e-06,5.549676854130636e-06,5.549676854130636e-06,5.549676854130636e-06,0.0,0.0,0.0,0.0,0.09386389737870834,0.0
1728334260.0,5.549676854130636e-06,5.549676854130636e-06,5.465840545715452e-06,5.465840545715452e-06,28.96932271768,0.00015955603922918028,-0.015106520725217471,0.0,0.09386389737870834,0.015106520725217471
1728334320.0,5.465840545715452e-06,5.465840545715452e-06,5.465840545715452e-06,5.465840545715452e-06,0.0,0.0,0.0,-1.0,0.0924459404676072,0.0
1728334380.0,5.465840545715452e-06,5.465840545715452e-06,5.465840545715452e-06,5.465840545715452e-06,0.0,0.0,0.0,0.0,0.0924459404676072,0.0
1728334440.0,5.465840545715452e-06,5.465840545715452e-06,5.0809868141270905e-06,5.0809868141270905e-06,244.9904884939134,0.0012919361934743978,-0.07041071329642783,0.0,0.0924459404676072,0.07041071329642783
1728334500.0,5.0809868141270905e-06,5.0809868141270905e-06,4.668698992558612e-06,4.668698992558612e-06,51.47261659697103,0.0002509209197342317,-0.08114325753063567,-0.8057791700537228,0.08593675585792387,0.08114325753063567
1728334560.0,4.668698992558612e-06,4.668698992558612e-06,4.668698992558612e-06,4.668698992558612e-06,0.0,0.0,0.0,-1.0,0.078963567545997,0.0
1728334620.0,4.668698992558612e-06,4.668698992558612e-06,4.668698992558612e-06,4.668698992558612e-06,0.0,0.0,0.0,0.0,0.078963567545997,0.0
1728334680.0,4.668698992558612e-06,4.922184597022376e-06,4.668698992558612e-06,4.922184597022376e-06,218.9992606265224,0.0010501982074366419,0.05429469855901871,0.0,0.078963567545997,0.05429469855901871
1728334740.0,4.922184597022376e-06,5.217096451536896e-06,4.922184597022376e-06,5.217096451536896e-06,0.4375500107672816,2.2182212659848017e-06,0.05991483023471411,-0.9978878070346368,0.08325087064305162,0.05991483023471411
1728334800.0,5.217096451536896e-06,5.2425152959558685e-06,4.899726047105289e-06,4.899726047105289e-06,219.88250018541095,0.00111225611246673,-0.06083276538583334,500.4180188074848,0.0882388324245222,0.06570498591215387
1728334860.0,4.899726047105289e-06,4.899726047105289e-06,4.899726047105289e-06,4.899726047105289e-06,0.0,0.0,0.0,-1.0,0.08287102023372138,0.0
1728334920.0,4.899726047105289e-06,4.899726047105289e-06,4.357968696077286e-06,4.357968696077286e-06,169.6205256167789,0.0007851475241691597,-0.1105689064693867,0.0,0.08287102023372138,0.1105689064693867
1728334980.0,4.357968696077286e-06,4.357968696077286e-06,4.165641014074113e-06,4.165641014074113e-06,0.0879412699940805,3.747885314222952e-07,-0.04413241475926431,-0.9995226520878113,0.07370806214847637,0.04413241475926431
1728335040.0,4.165641014074113e-06,4.165641014074113e-06,4.165641014074113e-06,4.165641014074113e-06,0.0,0.0,0.0,-1.0,0.07045514737863819,0.0
1728335100.0,4.165641014074113e-06,4.165641014074113e-06,4.165641014074113e-06,4.165641014074113e-06,0.0,0.0,0.0,0.0,0.07045514737863819,0.0
1728335160.0,4.165641014074113e-06,4.165641014074113e-06,3.86185267252321e-06,3.86185267252321e-06,140.91207678252547,0.0005655854033685202,-0.07292715347398346,0.0,0.07045514737863819,0.07292715347398346
1728335220.0,3.86185267252321e-06,3.86185267252321e-06,3.86185267252321e-06,3.86185267252321e-06,0.0,0.0,0.0,-1.0,0.06531705403272411,0.0
1728335280.0,3.86185267252321e-06,3.86185267252321e-06,3.86185267252321e-06,3.86185267252321e-06,0.0,0.0,0.0,0.0,0.06531705403272411,0.0
1728335340.0,3.86185267252321e-06,3.86185267252321e-06,3.819113465941493e-06,3.819113465941493e-06,34.04523764193082,0.00013075015875182726,-0.011067021506491852,0.0,0.06531705403272411,0.011067021506491852
1728335400.0,3.819113465941493e-06,3.819113465941493e-06,3.819113465941493e-06,3.819113465941493e-06,0.0,0.0,0.0,-1.0,0.06459418879100327,0.0
1728335460.0,3.819113465941493e-06,3.819113465941493e-06,3.771380351276955e-06,3.771380351276955e-06,2.701750252353131,1.0253809293077411e-05,-0.01249848036467552,0.0,0.06459418879100327,0.01249848036467552
1728335520.0,3.771380351276955e-06,3.771380351276955e-06,3.771380351276955e-06,3.771380351276955e-06,0.0,0.0,0.0,-1.0,0.06378685959072677,0.0
1728335580.0,3.771380351276955e-06,3.771380351276955e-06,3.771380351276955e-06,3.771380351276955e-06,0.0,0.0,0.0,0.0,0.06378685959072677,0.0
1728335640.0,3.771380351276955e-06,3.771380351276955e-06,3.771380351276955e-06,3.771380351276955e-06,0.0,0.0,0.0,0.0,0.06378685959072677,0.0
1728335700.0,3.771380351276955e-06,3.771380351276955e-06,3.771380351276955e-06,3.771380351276955e-06,0.0,0.0,0.0,0.0,0.06378685959072677,0.0
1728335760.0,3.771380351276955e-06,3.771380351276955e-06,3.771380351276955e-06,3.771380351276955e-06,0.0,0.0,0.0,0.0,0.06378685959072677,0.0
1728335820.0,3.771380351276955e-06,3.771380351276955e-06,3.767346492708803e-06,3.767346492708803e-06,4.1728836236128,1.572911489507919e-05,-0.0010695973867462794,0.0,0.06378685959072677,0.0010695973867462794
1728335880.0,3.767346492708803e-06,3.767346492708803e-06,3.767346492708803e-06,3.767346492708803e-06,0.0,0.0,0.0,-1.0,0.06371863333239978,0.0
1728335940.0,3.767346492708803e-06,3.767346492708803e-06,3.767346492708803e-06,3.767346492708803e-06,0.0,0.0,0.0,0.0,0.06371863333239978,0.0
1728336000.0,3.767346492708803e-06,3.767346492708803e-06,3.767346492708803e-06,3.767346492708803e-06,0.0,0.0,0.0,0.0,0.06371863333239978,0.0
1728336060.0,3.767346492708803e-06,3.782758722785367e-06,3.762711771894031e-06,3.762711771894031e-06,3.7068376931499465,1.3956351903422531e-05,-0.0012302348148071785,0.0,0.06371863333239978,0.005321238948988104
1728336120.0,3.762711771894031e-06,3.762711771894031e-06,3.762711771894031e-06,3.762711771894031e-06,0.0,0.0,0.0,-1.0,0.06364024445132233,0.0
1728336180.0,3.762711771894031e-06,3.762711771894031e-06,3.724056509740259e-06,3.724056509740259e-06,28.816254719389875,0.00010787031091431127,-0.010273245599759047,0.0,0.06364024445132233,0.010273245599759047
1728336240.0,3.724056509740259e-06,3.724056509740259e-06,3.724056509740259e-06,3.724056509740259e-06,0.0,0.0,0.0,-1.0,0.06298645259004519,0.0
1728336300.0,3.724056509740259e-06,3.724056509740259e-06,3.683468023046694e-06,3.683468023046694e-06,0.302854272061371,1.12170022507697e-06,-0.01089899860203677,0.0,0.06298645259004519,0.01089899860203677
1728336360.0,3.683468023046694e-06,3.683468023046694e-06,3.683468023046694e-06,3.683468023046694e-06,0.0,0.0,0.0,-1.0,0.062299963331319035,0.0
1728336420.0,3.683468023046694e-06,3.683468023046694e-06,3.683468023046694e-06,3.683468023046694e-06,0.0,0.0,0.0,0.0,0.062299963331319035,0.0
1728336480.0,3.683468023046694e-06,3.683468023046694e-06,3.683468023046694e-06,3.683468023046694e-06,0.0,0.0,0.0,0.0,0.062299963331319035,0.0
1728336540.0,3.683468023046694e-06,3.683468023046694e-06,3.683468023046694e-06,3.683468023046694e-06,0.0,0.0,0.0,0.0,0.062299963331319035,0.0
1728336600.0,3.683468023046694e-06,3.683468023046694e-06,3.683468023046694e-06,3.683468023046694e-06,0.0,0.0,0.0,0.0,0.062299963331319035,0.0
1728336660.0,3.683468023046694e-06,3.683468023046694e-06,3.683468023046694e-06,3.683468023046694e-06,0.0,0.0,0.0,0.0,0.062299963331319035,0.0
1728336720.0,3.683468023046694e-06,3.683468023046694e-06,3.683468023046694e-06,3.683468023046694e-06,0.0,0.0,0.0,0.0,0.062299963331319035,0.0
1728336780.0,3.683468023046694e-06,3.683468023046694e-06,3.6473780674909663e-06,3.6473780674909663e-06,31.91110222361708,0.00011696768949037545,-0.009797819698697105,0.0,0.062299963331319035,0.009797819698697105
1728336840.0,3.6473780674909663e-06,3.6473780674909663e-06,3.6140238707547305e-06,3.6140238707547305e-06,15.36785010230666,5.5796068259779454e-05,-0.009144705078292079,-0.5229787943757701,0.06168955952336333,0.009144705078292079
1728336900.0,3.6140238707547305e-06,3.6140238707547305e-06,3.6140238707547305e-06,3.6140238707547305e-06,0.0,0.0,0.0,-1.0,0.06112542669511243,0.0
1728336960.0,3.6140238707547305e-06,3.617900669432131e-06,3.6140238707547305e-06,3.617900669432131e-06,2.9310469205354583,1.0598555076529754e-05,0.0010727097595487106,0.0,0.06112542669511243,0.0010727097595487106
1728337020.0,3.617900669432131e-06,3.617900669432131e-06,3.617900669432131e-06,3.617900669432131e-06,0.0,0.0,0.0,-1.0,0.061190996536884854,0.0
1728337080.0,3.617900669432131e-06,3.617900669432131e-06,3.617900669432131e-06,3.617900669432131e-06,0.0,0.0,0.0,0.0,0.061190996536884854,0.0
1728337140.0,3.617900669432131e-06,3.617900669432131e-06,3.617900669432131e-06,3.617900669432131e-06,0.0,0.0,0.0,0.0,0.061190996536884854,0.0
1728337200.0,3.617900669432131e-06,3.617900669432131e-06,3.617900669432131e-06,3.617900669432131e-06,0.0,0.0,0.0,0.0,0.061190996536884854,0.0
1728337260.0,3.617900669432131e-06,3.617900669432131e-06,3.598960815333025e-06,3.598960815333025e-06,5.807096355510928,2.095450501320346e-05,-0.005235039828243525,0.0,0.061190996536884854,0.005235039828243525
1728337320.0,3.598960815333025e-06,3.598960815333025e-06,3.598960815333025e-06,3.598960815333025e-06,0.0,0.0,0.0,-1.0,0.06087065923288435,0.0
1728337380.0,3.598960815333025e-06,3.598960815333025e-06,3.598960815333025e-06,3.598960815333025e-06,0.0,0.0,0.0,0.0,0.06087065923288435,0.0
1728337440.0,3.598960815333025e-06,3.598960815333025e-06,3.598960815333025e-06,3.598960815333025e-06,0.0,0.0,0.0,0.0,0.06087065923288435,0.0
1728337500.0,3.598960815333025e-06,3.598960815333025e-06,3.598960815333025e-06,3.598960815333025e-06,0.0,0.0,0.0,0.0,0.06087065923288435,0.0
1728337560.0,3.598960815333025e-06,3.598960815333025e-06,3.598960815333025e-06,3.598960815333025e-06,0.0,0.0,0.0,0.0,0.06087065923288435,0.0
1728337620.0,3.598960815333025e-06,3.598960815333025e-06,3.598960815333025e-06,3.598960815333025e-06,0.0,0.0,0.0,0.0,0.06087065923288435,0.0
1728337680.0,3.598960815333025e-06,3.598960815333025e-06,3.598960815333025e-06,3.598960815333025e-06,0.0,0.0,0.0,0.0,0.06087065923288435,0.0
1728337740.0,3.598960815333025e-06,3.598960815333025e-06,3.598960815333025e-06,3.598960815333025e-06,0.0,0.0,0.0,0.0,0.06087065923288435,0.0
1728337800.0,3.598960815333025e-06,3.598960815333025e-06,3.598960815333025e-06,3.598960815333025e-06,0.0,0.0,0.0,0.0,0.06087065923288435,0.0
1728337860.0,3.598960815333025e-06,3.598960815333025e-06,3.598960815333025e-06,3.598960815333025e-06,0.0,0.0,0.0,0.0,0.06087065923288435,0.0
1728337920.0,3.598960815333025e-06,3.598960815333025e-06,3.598960815333025e-06,3.598960815333025e-06,0.0,0.0,0.0,0.0,0.06087065923288435,0.0
1728337980.0,3.598960815333025e-06,3.598960815333025e-06,3.598960815333025e-06,3.598960815333025e-06,0.0,0.0,0.0,0.0,0.06087065923288435,0.0
1728338040.0,3.598960815333025e-06,3.598960815333025e-06,3.598960815333025e-06,3.598960815333025e-06,0.0,0.0,0.0,0.0,0.06087065923288435,0.0
1728338100.0,3.598960815333025e-06,3.598960815333025e-06,3.598960815333025e-06,3.598960815333025e-06,0.0,0.0,0.0,0.0,0.06087065923288435,0.0
1728338160.0,3.598960815333025e-06,3.598960815333025e-06,3.598960815333025e-06,3.598960815333025e-06,0.0,0.0,0.0,0.0,0.06087065923288435,0.0
1728338220.0,3.598960815333025e-06,3.598960815333025e-06,3.598960815333025e-06,3.598960815333025e-06,0.0,0.0,0.0,0.0,0.06087065923288435,0.0
1728338280.0,3.598960815333025e-06,3.598960815333025e-06,3.598960815333025e-06,3.598960815333025e-06,0.0,0.0,0.0,0.0,0.06087065923288435,0.0
1728338340.0,3.598960815333025e-06,3.598960815333025e-06,3.598960815333025e-06,3.598960815333025e-06,0.0,0.0,0.0,0.0,0.06087065923288435,0.0
1728338400.0,3.598960815333025e-06,3.598960815333025e-06,3.598960815333025e-06,3.598960815333025e-06,0.0,0.0,0.0,0.0,0.06087065923288435,0.0
1728338460.0,3.598960815333025e-06,3.598960815333025e-06,3.598960815333025e-06,3.598960815333025e-06,0.0,0.0,0.0,0.0,0.06087065923288435,0.0
1728338520.0,3.598960815333025e-06,3.598960815333025e-06,3.598960815333025e-06,3.598960815333025e-06,0.0,0.0,0.0,0.0,0.06087065923288435,0.0
1728338580.0,3.598960815333025e-06,3.598960815333025e-06,3.598960815333025e-06,3.598960815333025e-06,0.0,0.0,0.0,0.0,0.06087065923288435,0.0
1728338640.0,3.598960815333025e-06,3.598960815333025e-06,3.598960815333025e-06,3.598960815333025e-06,0.0,0.0,0.0,0.0,0.06087065923288435,0.0
1728338700.0,3.598960815333025e-06,3.598960815333025e-06,3.598960815333025e-06,3.598960815333025e-06,0.0,0.0,0.0,0.0,0.06087065923288435,0.0
1728338760.0,3.598960815333025e-06,3.598960815333025e-06,3.598960815333025e-06,3.598960815333025e-06,0.0,0.0,0.0,0.0,0.06087065923288435,0.0
1728338820.0,3.598960815333025e-06,3.598960815333025e-06,3.598960815333025e-06,3.598960815333025e-06,0.0,0.0,0.0,0.0,0.06087065923288435,0.0
1728338880.0,3.598960815333025e-06,3.598960815333025e-06,3.598960815333025e-06,3.598960815333025e-06,0.0,0.0,0.0,0.0,0.06087065923288435,0.0
1728338940.0,3.598960815333025e-06,3.598960815333025e-06,3.598960815333025e-06,3.598960815333025e-06,0.0,0.0,0.0,0.0,0.06087065923288435,0.0
1728339000.0,3.598960815333025e-06,3.598960815333025e-06,3.598960815333025e-06,3.598960815333025e-06,0.0,0.0,0.0,0.0,0.06087065923288435,0.0
1728339060.0,3.598960815333025e-06,3.598960815333025e-06,3.598960815333025e-06,3.598960815333025e-06,0.0,0.0,0.0,0.0,0.06087065923288435,0.0
1728339120.0,3.598960815333025e-06,3.598960815333025e-06,3.598960815333025e-06,3.598960815333025e-06,0.0,0.0,0.0,0.0,0.06087065923288435,0.0
1728339180.0,3.598960815333025e-06,3.598960815333025e-06,3.598960815333025e-06,3.598960815333025e-06,0.0,0.0,0.0,0.0,0.06087065923288435,0.0
1728339240.0,3.598960815333025e-06,3.598960815333025e-06,3.598960815333025e-06,3.598960815333025e-06,0.0,0.0,0.0,0.0,0.06087065923288435,0.0
1728339300.0,3.598960815333025e-06,3.598960815333025e-06,3.598960815333025e-06,3.598960815333025e-06,0.0,0.0,0.0,0.0,0.06087065923288435,0.0
1728339360.0,3.598960815333025e-06,3.598960815333025e-06,3.598960815333025e-06,3.598960815333025e-06,0.0,0.0,0.0,0.0,0.06087065923288435,0.0
1728339420.0,3.598960815333025e-06,3.598960815333025e-06,3.598960815333025e-06,3.598960815333025e-06,0.0,0.0,0.0,0.0,0.06087065923288435,0.0
1728339480.0,3.598960815333025e-06,3.598960815333025e-06,3.598960815333025e-06,3.598960815333025e-06,0.0,0.0,0.0,0.0,0.06087065923288435,0.0
1728339540.0,3.598960815333025e-06,3.598960815333025e-06,3.598960815333025e-06,3.598960815333025e-06,0.0,0.0,0.0,0.0,0.06087065923288435,0.0
1728339600.0,3.598960815333025e-06,3.598960815333025e-06,3.598960815333025e-06,3.598960815333025e-06,0.0,0.0,0.0,0.0,0.06087065923288435,0.0
1728339660.0,3.598960815333025e-06,3.598960815333025e-06,3.598960815333025e-06,3.598960815333025e-06,0.0,0.0,0.0,0.0,0.06087065923288435,0.0
1728339720.0,3.598960815333025e-06,3.598960815333025e-06,3.598960815333025e-06,3.598960815333025e-06,0.0,0.0,0.0,0.0,0.06087065923288435,0.0
1728339780.0,3.598960815333025e-06,3.598960815333025e-06,3.598960815333025e-06,3.598960815333025e-06,0.0,0.0,0.0,0.0,0.06087065923288435,0.0
1728339840.0,3.598960815333025e-06,3.7297480485548433e-06,3.598960815333025e-06,3.7297480485548433e-06,102.53156771748291,0.0003757120045797181,0.036340277077930916,0.0,0.06087065923288435,0.036340277077930916
1728339900.0,3.7297480485548433e-06,3.7297480485548433e-06,3.7297480485548433e-06,3.7297480485548433e-06,0.0,0.0,0.0,-1.0,0.06308271585532368,0.0
1728339960.0,3.7297480485548433e-06,3.7297480485548433e-06,3.7297480485548433e-06,3.7297480485548433e-06,0.0,0.0,0.0,0.0,0.06308271585532368,0.0
1728340020.0,3.7297480485548433e-06,3.7297480485548433e-06,3.7297480485548433e-06,3.7297480485548433e-06,0.0,0.0,0.0,0.0,0.06308271585532368,0.0
1728340080.0,3.7297480485548433e-06,3.7297480485548433e-06,3.7297480485548433e-06,3.7297480485548433e-06,0.0,0.0,0.0,0.0,0.06308271585532368,0.0
1728340140.0,3.7297480485548433e-06,3.7297480485548433e-06,3.7297480485548433e-06,3.7297480485548433e-06,0.0,0.0,0.0,0.0,0.06308271585532368,0.0
1728340200.0,3.7297480485548433e-06,3.7297480485548433e-06,3.7297480485548433e-06,3.7297480485548433e-06,0.0,0.0,0.0,0.0,0.06308271585532368,0.0
1728340260.0,3.7297480485548433e-06,3.7297480485548433e-06,3.7297480485548433e-06,3.7297480485548433e-06,0.0,0.0,0.0,0.0,0.06308271585532368,0.0
1728340320.0,3.7297480485548433e-06,3.7297480485548433e-06,3.7297480485548433e-06,3.7297480485548433e-06,0.0,0.0,0.0,0.0,0.06308271585532368,0.0
1728340380.0,3.7297480485548433e-06,3.825755623194699e-06,3.7297480485548433e-06,3.825755623194699e-06,10.99264513816004,4.1527485351803965e-05,0.02574103488761282,0.0,0.06308271585532368,0.02574103488761282
1728340440.0,3.825755623194699e-06,3.825755623194699e-06,3.825755623194699e-06,3.825755623194699e-06,0.0,0.0,0.0,-1.0,0.06470653024496094,0.0
1728340500.0,3.825755623194699e-06,3.825755623194699e-06,3.825755623194699e-06,3.825755623194699e-06,0.0,0.0,0.0,0.0,0.06470653024496094,0.0
1728340560.0,3.825755623194699e-06,3.825755623194699e-06,3.825755623194699e-06,3.825755623194699e-06,0.0,0.0,0.0,0.0,0.06470653024496094,0.0
1728340620.0,3.825755623194699e-06,3.825755623194699e-06,3.825755623194699e-06,3.825755623194699e-06,0.0,0.0,0.0,0.0,0.06470653024496094,0.0
1728340680.0,3.825755623194699e-06,3.825755623194699e-06,3.825755623194699e-06,3.825755623194699e-06,0.0,0.0,0.0,0.0,0.06470653024496094,0.0
1728340740.0,3.825755623194699e-06,3.825755623194699e-06,3.825755623194699e-06,3.825755623194699e-06,0.0,0.0,0.0,0.0,0.06470653024496094,0.0
1728340800.0,3.825755623194699e-06,3.825755623194699e-06,3.825755623194699e-06,3.825755623194699e-06,0.0,0.0,0.0,0.0,0.06470653024496094,0.0
1728340860.0,3.825755623194699e-06,3.825755623194699e-06,3.825755623194699e-06,3.825755623194699e-06,0.0,0.0,0.0,0.0,0.06470653024496094,0.0
1728340920.0,3.825755623194699e-06,3.825755623194699e-06,3.825755623194699e-06,3.825755623194699e-06,0.0,0.0,0.0,0.0,0.06470653024496094,0.0
1728340980.0,3.825755623194699e-06,3.825755623194699e-06,3.825755623194699e-06,3.825755623194699e-06,0.0,0.0,0.0,0.0,0.06470653024496094,0.0
1728341040.0,3.825755623194699e-06,3.825755623194699e-06,3.797717344793696e-06,3.797717344793696e-06,7.906848007777798,3.0138821024643473e-05,-0.0073288210650501355,0.0,0.06470653024496094,0.0073288210650501355
1728341100.0,3.797717344793696e-06,3.797717344793696e-06,3.797717344793696e-06,3.797717344793696e-06,0.0,0.0,0.0,-1.0,0.06423230766305536,0.0
1728341160.0,3.797717344793696e-06,3.797717344793696e-06,3.797717344793696e-06,3.797717344793696e-06,0.0,0.0,0.0,0.0,0.06423230766305536,0.0
1728341220.0,3.797717344793696e-06,3.797717344793696e-06,3.797717344793696e-06,3.797717344793696e-06,0.0,0.0,0.0,0.0,0.06423230766305536,0.0
1728341280.0,3.797717344793696e-06,3.797717344793696e-06,3.797717344793696e-06,3.797717344793696e-06,0.0,0.0,0.0,0.0,0.06423230766305536,0.0
1728341340.0,3.797717344793696e-06,3.797717344793696e-06,3.797717344793696e-06,3.797717344793696e-06,0.0,0.0,0.0,0.0,0.06423230766305536,0.0
1728341400.0,3.797717344793696e-06,3.797717344793696e-06,3.797717344793696e-06,3.797717344793696e-06,0.0,0.0,0.0,0.0,0.06423230766305536,0.0
1728341460.0,3.797717344793696e-06,3.797717344793696e-06,3.797717344793696e-06,3.797717344793696e-06,0.0,0.0,0.0,0.0,0.06423230766305536,0.0
1728341520.0,3.797717344793696e-06,3.797717344793696e-06,3.797717344793696e-06,3.797717344793696e-06,0.0,0.0,0.0,0.0,0.06423230766305536,0.0
1728341580.0,3.797717344793696e-06,3.797717344793696e-06,3.797717344793696e-06,3.797717344793696e-06,0.0,0.0,0.0,0.0,0.06423230766305536,0.0
1728341640.0,3.797717344793696e-06,3.797717344793696e-06,3.797717344793696e-06,3.797717344793696e-06,0.0,0.0,0.0,0.0,0.06423230766305536,0.0
1728341700.0,3.797717344793696e-06,3.797717344793696e-06,3.797717344793696e-06,3.797717344793696e-06,0.0,0.0,0.0,0.0,0.06423230766305536,0.0
1728341760.0,3.797717344793696e-06,3.797717344793696e-06,3.797717344793696e-06,3.797717344793696e-06,0.0,0.0,0.0,0.0,0.06423230766305536,0.0
1728341820.0,3.797717344793696e-06,3.797717344793696e-06,3.797717344793696e-06,3.797717344793696e-06,0.0,0.0,0.0,0.0,0.06423230766305536,0.0
1728341880.0,3.797717344793696e-06,3.797717344793696e-06,3.797717344793696e-06,3.797717344793696e-06,0.0,0.0,0.0,0.0,0.06423230766305536,0.0
1728341940.0,3.797717344793696e-06,3.797717344793696e-06,3.797717344793696e-06,3.797717344793696e-06,0.0,0.0,0.0,0.0,0.06423230766305536,0.0
1728342000.0,3.797717344793696e-06,3.797717344793696e-06,3.797717344793696e-06,3.797717344793696e-06,0.0,0.0,0.0,0.0,0.06423230766305536,0.0
1728342060.0,3.797717344793696e-06,3.797717344793696e-06,3.797717344793696e-06,3.797717344793696e-06,0.0,0.0,0.0,0.0,0.06423230766305536,0.0
1728342120.0,3.797717344793696e-06,3.797717344793696e-06,3.699892449389273e-06,3.699892449389273e-06,25.647455778064614,9.614730781874592e-05,-0.02575886684629953,0.0,0.06423230766305536,0.02575886684629953
1728342180.0,3.699892449389273e-06,3.699892449389273e-06,3.699892449389273e-06,3.699892449389273e-06,0.0,0.0,0.0,-1.0,0.06257775620273218,0.0
1728342240.0,3.699892449389273e-06,3.699892449389273e-06,3.699892449389273e-06,3.699892449389273e-06,0.0,0.0,0.0,0.0,0.06257775620273218,0.0
1728342300.0,3.699892449389273e-06,3.699892449389273e-06,3.699892449389273e-06,3.699892449389273e-06,0.0,0.0,0.0,0.0,0.06257775620273218,0.0
1728342360.0,3.699892449389273e-06,3.699892449389273e-06,3.699892449389273e-06,3.699892449389273e-06,0.0,0.0,0.0,0.0,0.06257775620273218,0.0
1728342420.0,3.699892449389273e-06,3.699892449389273e-06,3.699892449389273e-06,3.699892449389273e-06,0.0,0.0,0.0,0.0,0.06257775620273218,0.0
1728342480.0,3.699892449389273e-06,3.699892449389273e-06,3.699892449389273e-06,3.699892449389273e-06,0.0,0.0,0.0,0.0,0.06257775620273218,0.0
1728342540.0,3.699892449389273e-06,3.699892449389273e-06,3.699892449389273e-06,3.699892449389273e-06,0.0,0.0,0.0,0.0,0.06257775620273218,0.0
1728342600.0,3.699892449389273e-06,3.699892449389273e-06,3.699892449389273e-06,3.699892449389273e-06,0.0,0.0,0.0,0.0,0.06257775620273218,0.0
1728342660.0,3.699892449389273e-06,3.699892449389273e-06,3.699892449389273e-06,3.699892449389273e-06,0.0,0.0,0.0,0.0,0.06257775620273218,0.0
1728342720.0,3.699892449389273e-06,3.699892449389273e-06,3.699892449389273e-06,3.699892449389273e-06,0.0,0.0,0.0,0.0,0.06257775620273218,0.0
1728342780.0,3.699892449389273e-06,3.699892449389273e-06,3.699892449389273e-06,3.699892449389273e-06,0.0,0.0,0.0,0.0,0.06257775620273218,0.0
1728342840.0,3.699892449389273e-06,3.699892449389273e-06,3.699892449389273e-06,3.699892449389273e-06,0.0,0.0,0.0,0.0,0.06257775620273218,0.0
1728342900.0,3.699892449389273e-06,3.699892449389273e-06,3.699892449389273e-06,3.699892449389273e-06,0.0,0.0,0.0,0.0,0.06257775620273218,0.0
1728342960.0,3.699892449389273e-06,3.699892449389273e-06,3.699892449389273e-06,3.699892449389273e-06,0.0,0.0,0.0,0.0,0.06257775620273218,0.0
1728343020.0,3.699892449389273e-06,3.699892449389273e-06,3.699892449389273e-06,3.699892449389273e-06,0.0,0.0,0.0,0.0,0.06257775620273218,0.0
1728343080.0,3.699892449389273e-06,3.699892449389273e-06,3.699892449389273e-06,3.699892449389273e-06,0.0,0.0,0.0,0.0,0.06257775620273218,0.0
1728343140.0,3.699892449389273e-06,3.699892449389273e-06,3.699892449389273e-06,3.699892449389273e-06,0.0,0.0,0.0,0.0,0.06257775620273218,0.0
1728343200.0,3.699892449389273e-06,3.699892449389273e-06,3.699892449389273e-06,3.699892449389273e-06,0.0,0.0,0.0,0.0,0.06257775620273218,0.0
1728343260.0,3.699892449389273e-06,3.699892449389273e-06,3.699892449389273e-06,3.699892449389273e-06,0.0,0.0,0.0,0.0,0.06257775620273218,0.0
1728343320.0,3.699892449389273e-06,3.699892449389273e-06,3.699892449389273e-06,3.699892449389273e-06,0.0,0.0,0.0,0.0,0.06257775620273218,0.0
1728343380.0,3.699892449389273e-06,3.699892449389273e-06,3.699892449389273e-06,3.699892449389273e-06,0.0,0.0,0.0,0.0,0.06257775620273218,0.0
1728343440.0,3.699892449389273e-06,3.699892449389273e-06,3.699892449389273e-06,3.699892449389273e-06,0.0,0.0,0.0,0.0,0.06257775620273218,0.0
1728343500.0,3.699892449389273e-06,3.699892449389273e-06,3.699892449389273e-06,3.699892449389273e-06,0.0,0.0,0.0,0.0,0.06257775620273218,0.0
1728343560.0,3.699892449389273e-06,3.699892449389273e-06,3.699892449389273e-06,3.699892449389273e-06,0.0,0.0,0.0,0.0,0.06257775620273218,0.0
1728343620.0,3.699892449389273e-06,3.699892449389273e-06,3.699892449389273e-06,3.699892449389273e-06,0.0,0.0,0.0,0.0,0.06257775620273218,0.0
1728343680.0,3.699892449389273e-06,3.699892449389273e-06,3.699892449389273e-06,3.699892449389273e-06,0.0,0.0,0.0,0.0,0.06257775620273218,0.0
1728343740.0,3.699892449389273e-06,3.699892449389273e-06,3.699892449389273e-06,3.699892449389273e-06,0.0,0.0,0.0,0.0,0.06257775620273218,0.0
1728343800.0,3.699892449389273e-06,3.699892449389273e-06,3.699892449389273e-06,3.699892449389273e-06,0.0,0.0,0.0,0.0,0.06257775620273218,0.0
1728343860.0,3.699892449389273e-06,3.699892449389273e-06,3.699892449389273e-06,3.699892449389273e-06,0.0,0.0,0.0,0.0,0.06257775620273218,0.0
1728343920.0,3.699892449389273e-06,3.699892449389273e-06,3.699892449389273e-06,3.699892449389273e-06,0.0,0.0,0.0,0.0,0.06257775620273218,0.0
1728343980.0,3.699892449389273e-06,3.699892449389273e-06,3.699892449389273e-06,3.699892449389273e-06,0.0,0.0,0.0,0.0,0.06257775620273218,0.0
1728344040.0,3.699892449389273e-06,3.699892449389273e-06,3.699892449389273e-06,3.699892449389273e-06,0.0,0.0,0.0,0.0,0.06257775620273218,0.0
1728344100.0,3.699892449389273e-06,3.699892449389273e-06,3.699892449389273e-06,3.699892449389273e-06,0.0,0.0,0.0,0.0,0.06257775620273218,0.0
1728344160.0,3.699892449389273e-06,3.699892449389273e-06,3.699892449389273e-06,3.699892449389273e-06,0.0,0.0,0.0,0.0,0.06257775620273218,0.0
1728344220.0,3.699892449389273e-06,3.699892449389273e-06,3.699892449389273e-06,3.699892449389273e-06,0.0,0.0,0.0,0.0,0.06257775620273218,0.0
1728344280.0,3.699892449389273e-06,3.699892449389273e-06,3.699892449389273e-06,3.699892449389273e-06,0.0,0.0,0.0,0.0,0.06257775620273218,0.0
1728344340.0,3.699892449389273e-06,3.699892449389273e-06,3.699892449389273e-06,3.699892449389273e-06,0.0,0.0,0.0,0.0,0.06257775620273218,0.0
1728344400.0,3.699892449389273e-06,3.699892449389273e-06,3.699892449389273e-06,3.699892449389273e-06,0.0,0.0,0.0,0.0,0.06257775620273218,0.0
1728344460.0,3.699892449389273e-06,3.699892449389273e-06,3.699892449389273e-06,3.699892449389273e-06,0.0,0.0,0.0,0.0,0.06257775620273218,0.0
1728344520.0,3.699892449389273e-06,3.699892449389273e-06,3.699892449389273e-06,3.699892449389273e-06,0.0,0.0,0.0,0.0,0.06257775620273218,0.0
1728344580.0,3.699892449389273e-06,3.699892449389273e-06,3.699892449389273e-06,3.699892449389273e-06,0.0,0.0,0.0,0.0,0.06257775620273218,0.0
1728344640.0,3.699892449389273e-06,3.699892449389273e-06,3.699892449389273e-06,3.699892449389273e-06,0.0,0.0,0.0,0.0,0.06257775620273218,0.0
1728344700.0,3.699892449389273e-06,3.699892449389273e-06,3.699892449389273e-06,3.699892449389273e-06,0.0,0.0,0.0,0.0,0.06257775620273218,0.0
1728344760.0,3.699892449389273e-06,3.699892449389273e-06,3.699892449389273e-06,3.699892449389273e-06,0.0,0.0,0.0,0.0,0.06257775620273218,0.0
1728344820.0,3.699892449389273e-06,3.699892449389273e-06,3.699892449389273e-06,3.699892449389273e-06,0.0,0.0,0.0,0.0,0.06257775620273218,0.0
1728344880.0,3.699892449389273e-06,3.699892449389273e-06,3.699892449389273e-06,3.699892449389273e-06,0.0,0.0,0.0,0.0,0.06257775620273218,0.0
1728344940.0,3.699892449389273e-06,3.699892449389273e-06,3.699892449389273e-06,3.699892449389273e-06,0.0,0.0,0.0,0.0,0.06257775620273218,0.0
1728345000.0,3.699892449389273e-06,3.699892449389273e-06,3.699892449389273e-06,3.699892449389273e-06,0.0,0.0,0.0,0.0,0.06257775620273218,0.0
1728345060.0,3.699892449389273e-06,3.699892449389273e-06,3.699892449389273e-06,3.699892449389273e-06,0.0,0.0,0.0,0.0,0.06257775620273218,0.0
1728345120.0,3.699892449389273e-06,3.699892449389273e-06,3.699892449389273e-06,3.699892449389273e-06,0.0,0.0,0.0,0.0,0.06257775620273218,0.0
1728345180.0,3.699892449389273e-06,3.699892449389273e-06,3.699892449389273e-06,3.699892449389273e-06,0.0,0.0,0.0,0.0,0.06257775620273218,0.0
1728345240.0,3.699892449389273e-06,3.699892449389273e-06,3.699892449389273e-06,3.699892449389273e-06,0.0,0.0,0.0,0.0,0.06257775620273218,0.0
1728345300.0,3.699892449389273e-06,3.699892449389273e-06,3.699892449389273e-06,3.699892449389273e-06,0.0,0.0,0.0,0.0,0.06257775620273218,0.0
1728345360.0,3.699892449389273e-06,3.699892449389273e-06,3.67206936548526e-06,3.67206936548526e-06,0.4305530326976402,1.587010258162715e-06,-0.007519970994996208,0.0,0.06257775620273218,0.007519970994996208
1728345420.0,3.67206936548526e-06,3.67206936548526e-06,3.67206936548526e-06,3.67206936548526e-06,0.0,0.0,0.0,-1.0,0.062107173291155685,0.0
1728345480.0,3.67206936548526e-06,3.67206936548526e-06,3.67206936548526e-06,3.67206936548526e-06,0.0,0.0,0.0,0.0,0.062107173291155685,0.0
1728345540.0,3.67206936548526e-06,3.67206936548526e-06,3.67206936548526e-06,3.67206936548526e-06,0.0,0.0,0.0,0.0,0.062107173291155685,0.0
1728345600.0,3.67206936548526e-06,3.67206936548526e-06,3.67206936548526e-06,3.67206936548526e-06,0.0,0.0,0.0,0.0,0.062107173291155685,0.0
1728345660.0,3.67206936548526e-06,3.67206936548526e-06,3.67206936548526e-06,3.67206936548526e-06,0.0,0.0,0.0,0.0,0.062107173291155685,0.0
1728345720.0,3.67206936548526e-06,3.67206936548526e-06,3.67206936548526e-06,3.67206936548526e-06,0.0,0.0,0.0,0.0,0.062107173291155685,0.0
1728345780.0,3.67206936548526e-06,3.67206936548526e-06,3.667765290469079e-06,3.667765290469079e-06,0.7609864230360688,2.7927572602554335e-06,-0.001172111577367294,0.0,0.062107173291155685,0.001172111577367294
1728345840.0,3.667765290469079e-06,3.667765290469079e-06,3.667765290469079e-06,3.667765290469079e-06,0.0,0.0,0.0,-1.0,0.06203437675430356,0.0
1728345900.0,3.667765290469079e-06,3.667765290469079e-06,3.667765290469079e-06,3.667765290469079e-06,0.0,0.0,0.0,0.0,0.06203437675430356,0.0
1728345960.0,3.667765290469079e-06,3.667765290469079e-06,3.667765290469079e-06,3.667765290469079e-06,0.0,0.0,0.0,0.0,0.06203437675430356,0.0
1728346020.0,3.667765290469079e-06,3.667765290469079e-06,3.667765290469079e-06,3.667765290469079e-06,0.0,0.0,0.0,0.0,0.06203437675430356,0.0
1728346080.0,3.667765290469079e-06,3.667765290469079e-06,3.667765290469079e-06,3.667765290469079e-06,0.0,0.0,0.0,0.0,0.06203437675430356,0.0
1728346140.0,3.667765290469079e-06,3.667765290469079e-06,3.667765290469079e-06,3.667765290469079e-06,0.0,0.0,0.0,0.0,0.06203437675430356,0.0
1728346200.0,3.667765290469079e-06,3.667765290469079e-06,3.667765290469079e-06,3.667765290469079e-06,0.0,0.0,0.0,0.0,0.06203437675430356,0.0
1728346260.0,3.667765290469079e-06,3.667765290469079e-06,3.667765290469079e-06,3.667765290469079e-06,0.0,0.0,0.0,0.0,0.06203437675430356,0.0
1728346320.0,3.667765290469079e-06,3.667765290469079e-06,3.667765290469079e-06,3.667765290469079e-06,0.0,0.0,0.0,0.0,0.06203437675430356,0.0
1728346380.0,3.667765290469079e-06,3.667765290469079e-06,3.667765290469079e-06,3.667765290469079e-06,0.0,0.0,0.0,0.0,0.06203437675430356,0.0
1728346440.0,3.667765290469079e-06,3.667765290469079e-06,3.667765290469079e-06,3.667765290469079e-06,0.0,0.0,0.0,0.0,0.06203437675430356,0.0
1728346500.0,3.667765290469079e-06,3.667765290469079e-06,3.667765290469079e-06,3.667765290469079e-06,0.0,0.0,0.0,0.0,0.06203437675430356,0.0
1728346560.0,3.667765290469079e-06,3.667765290469079e-06,3.667765290469079e-06,3.667765290469079e-06,0.0,0.0,0.0,0.0,0.06203437675430356,0.0
1728346620.0,3.667765290469079e-06,3.667765290469079e-06,3.667765290469079e-06,3.667765290469079e-06,0.0,0.0,0.0,0.0,0.06203437675430356,0.0
1728346680.0,3.667765290469079e-06,3.667765290469079e-06,3.667765290469079e-06,3.667765290469079e-06,0.0,0.0,0.0,0.0,0.06203437675430356,0.0
1728346740.0,3.667765290469079e-06,3.667765290469079e-06,3.667765290469079e-06,3.667765290469079e-06,0.0,0.0,0.0,0.0,0.06203437675430356,0.0
1728346800.0,3.667765290469079e-06,3.667765290469079e-06,3.667765290469079e-06,3.667765290469079e-06,0.0,0.0,0.0,0.0,0.06203437675430356,0.0
1728346860.0,3.667765290469079e-06,3.667765290469079e-06,3.667765290469079e-06,3.667765290469079e-06,0.0,0.0,0.0,0.0,0.06203437675430356,0.0
1728346920.0,3.667765290469079e-06,3.667765290469079e-06,3.667765290469079e-06,3.667765290469079e-06,0.0,0.0,0.0,0.0,0.06203437675430356,0.0
1728346980.0,3.667765290469079e-06,3.667765290469079e-06,3.667765290469079e-06,3.667765290469079e-06,0.0,0.0,0.0,0.0,0.06203437675430356,0.0
1728347040.0,3.667765290469079e-06,3.667765290469079e-06,3.667765290469079e-06,3.667765290469079e-06,0.0,0.0,0.0,0.0,0.06203437675430356,0.0
1728347100.0,3.667765290469079e-06,3.667765290469079e-06,3.667765290469079e-06,3.667765290469079e-06,0.0,0.0,0.0,0.0,0.06203437675430356,0.0
1728347160.0,3.667765290469079e-06,3.667765290469079e-06,3.667765290469079e-06,3.667765290469079e-06,0.0,0.0,0.0,0.0,0.06203437675430356,0.0
1728347220.0,3.667765290469079e-06,3.667765290469079e-06,3.667765290469079e-06,3.667765290469079e-06,0.0,0.0,0.0,0.0,0.06203437675430356,0.0
1728347280.0,3.667765290469079e-06,3.667765290469079e-06,3.667765290469079e-06,3.667765290469079e-06,0.0,0.0,0.0,0.0,0.06203437675430356,0.0
1728347340.0,3.667765290469079e-06,3.667765290469079e-06,3.667765290469079e-06,3.667765290469079e-06,0.0,0.0,0.0,0.0,0.06203437675430356,0.0
1728347400.0,3.667765290469079e-06,3.667765290469079e-06,3.667765290469079e-06,3.667765290469079e-06,0.0,0.0,0.0,0.0,0.06203437675430356,0.0
1728347460.0,3.667765290469079e-06,3.667765290469079e-06,3.667765290469079e-06,3.667765290469079e-06,0.0,0.0,0.0,0.0,0.06203437675430356,0.0
1728347520.0,3.667765290469079e-06,3.667765290469079e-06,3.667765290469079e-06,3.667765290469079e-06,0.0,0.0,0.0,0.0,0.06203437675430356,0.0
1728347580.0,3.667765290469079e-06,3.667765290469079e-06,3.667765290469079e-06,3.667765290469079e-06,0.0,0.0,0.0,0.0,0.06203437675430356,0.0
1728347640.0,3.667765290469079e-06,3.667765290469079e-06,3.667765290469079e-06,3.667765290469079e-06,0.0,0.0,0.0,0.0,0.06203437675430356,0.0
1728347700.0,3.667765290469079e-06,3.667765290469079e-06,3.667765290469079e-06,3.667765290469079e-06,0.0,0.0,0.0,0.0,0.06203437675430356,0.0
1728347760.0,3.667765290469079e-06,3.667765290469079e-06,3.667765290469079e-06,3.667765290469079e-06,0.0,0.0,0.0,0.0,0.06203437675430356,0.0
1728347820.0,3.667765290469079e-06,3.667765290469079e-06,3.667765290469079e-06,3.667765290469079e-06,0.0,0.0,0.0,0.0,0.06203437675430356,0.0
1728347880.0,3.667765290469079e-06,3.667765290469079e-06,3.667765290469079e-06,3.667765290469079e-06,0.0,0.0,0.0,0.0,0.06203437675430356,0.0
1728347940.0,3.667765290469079e-06,3.667765290469079e-06,3.667765290469079e-06,3.667765290469079e-06,0.0,0.0,0.0,0.0,0.06203437675430356,0.0
1728348000.0,3.667765290469079e-06,3.667765290469079e-06,3.667765290469079e-06,3.667765290469079e-06,0.0,0.0,0.0,0.0,0.06203437675430356,0.0
1728348060.0,3.667765290469079e-06,3.667765290469079e-06,3.667765290469079e-06,3.667765290469079e-06,0.0,0.0,0.0,0.0,0.06203437675430356,0.0
1728348120.0,3.667765290469079e-06,3.667765290469079e-06,3.667765290469079e-06,3.667765290469079e-06,0.0,0.0,0.0,0.0,0.06203437675430356,0.0
1728348180.0,3.667765290469079e-06,3.667765290469079e-06,3.667765290469079e-06,3.667765290469079e-06,0.0,0.0,0.0,0.0,0.06203437675430356,0.0
1728348240.0,3.667765290469079e-06,3.667765290469079e-06,3.667765290469079e-06,3.667765290469079e-06,0.0,0.0,0.0,0.0,0.06203437675430356,0.0
1728348300.0,3.667765290469079e-06,3.667765290469079e-06,3.667765290469079e-06,3.667765290469079e-06,0.0,0.0,0.0,0.0,0.06203437675430356,0.0
1728348360.0,3.667765290469079e-06,3.667765290469079e-06,3.667765290469079e-06,3.667765290469079e-06,0.0,0.0,0.0,0.0,0.06203437675430356,0.0
1728348420.0,3.667765290469079e-06,3.667765290469079e-06,3.667765290469079e-06,3.667765290469079e-06,0.0,0.0,0.0,0.0,0.06203437675430356,0.0
1728348480.0,3.667765290469079e-06,3.667765290469079e-06,3.667765290469079e-06,3.667765290469079e-06,0.0,0.0,0.0,0.0,0.06203437675430356,0.0
1728348540.0,3.667765290469079e-06,3.667765290469079e-06,3.667765290469079e-06,3.667765290469079e-06,0.0,0.0,0.0,0.0,0.06203437675430356,0.0
1728348600.0,3.667765290469079e-06,3.667765290469079e-06,3.667765290469079e-06,3.667765290469079e-06,0.0,0.0,0.0,0.0,0.06203437675430356,0.0
1728348660.0,3.667765290469079e-06,3.667765290469079e-06,3.667765290469079e-06,3.667765290469079e-06,0.0,0.0,0.0,0.0,0.06203437675430356,0.0
1728348720.0,3.667765290469079e-06,3.667765290469079e-06,3.667765290469079e-06,3.667765290469079e-06,0.0,0.0,0.0,0.0,0.06203437675430356,0.0
1728348780.0,3.667765290469079e-06,3.667765290469079e-06,3.667765290469079e-06,3.667765290469079e-06,0.0,0.0,0.0,0.0,0.06203437675430356,0.0
1728348840.0,3.667765290469079e-06,3.667765290469079e-06,3.667765290469079e-06,3.667765290469079e-06,0.0,0.0,0.0,0.0,0.06203437675430356,0.0
1728348900.0,3.667765290469079e-06,3.667765290469079e-06,3.667765290469079e-06,3.667765290469079e-06,0.0,0.0,0.0,0.0,0.06203437675430356,0.0
1728348960.0,3.667765290469079e-06,3.667765290469079e-06,3.667765290469079e-06,3.667765290469079e-06,0.0,0.0,0.0,0.0,0.06203437675430356,0.0
1728349020.0,3.667765290469079e-06,3.667765290469079e-06,3.667765290469079e-06,3.667765290469079e-06,0.0,0.0,0.0,0.0,0.06203437675430356,0.0
1728349080.0,3.667765290469079e-06,3.667765290469079e-06,3.667765290469079e-06,3.667765290469079e-06,0.0,0.0,0.0,0.0,0.06203437675430356,0.0
1728349140.0,3.667765290469079e-06,3.667765290469079e-06,3.667765290469079e-06,3.667765290469079e-06,0.0,0.0,0.0,0.0,0.06203437675430356,0.0
1728349200.0,3.667765290469079e-06,3.667765290469079e-06,3.667765290469079e-06,3.667765290469079e-06,0.0,0.0,0.0,0.0,0.06203437675430356,0.0
1728349260.0,3.667765290469079e-06,3.667765290469079e-06,3.667765290469079e-06,3.667765290469079e-06,0.0,0.0,0.0,0.0,0.06203437675430356,0.0
1728349320.0,3.667765290469079e-06,3.667765290469079e-06,3.667765290469079e-06,3.667765290469079e-06,0.0,0.0,0.0,0.0,0.06203437675430356,0.0
1728349380.0,3.667765290469079e-06,3.667765290469079e-06,3.667765290469079e-06,3.667765290469079e-06,0.0,0.0,0.0,0.0,0.06203437675430356,0.0
1728349440.0,3.667765290469079e-06,3.667765290469079e-06,3.667765290469079e-06,3.667765290469079e-06,0.0,0.0,0.0,0.0,0.06203437675430356,0.0
1728349500.0,3.667765290469079e-06,3.667765290469079e-06,3.667765290469079e-06,3.667765290469079e-06,0.0,0.0,0.0,0.0,0.06203437675430356,0.0
1728349560.0,3.667765290469079e-06,3.667765290469079e-06,3.667765290469079e-06,3.667765290469079e-06,0.0,0.0,0.0,0.0,0.06203437675430356,0.0
1728349620.0,3.667765290469079e-06,3.877309574277629e-06,3.667765290469079e-06,3.877309574277629e-06,144.7205727206224,0.0005459637778230581,0.05713132308467608,0.0,0.06203437675430356,0.05713132308467608
1728349680.0,3.877309574277629e-06,4.543506426088097e-06,3.877309574277629e-06,4.543506426088097e-06,252.4649134076553,0.0010629802911770656,0.17181936057674366,0.9469795146768285,0.0655784827750102,0.17181936057674366
1728349740.0,4.543506426088097e-06,4.766833635477183e-06,4.543506426088097e-06,4.766833635477183e-06,14.472023619455504,6.736973063806776e-05,0.04915305238851997,-0.936621844076274,0.07684613575300545,0.04915305238851997
1728349800.0,4.766833635477183e-06,4.807633901662674e-06,4.766833635477183e-06,4.807633901662674e-06,14.472211439655233,6.928185930980154e-05,0.008559196587402411,0.028382608237019123,0.08062335788952825,0.008559196587402411
1728349860.0,4.807633901662674e-06,7.366418637947481e-06,4.807633901662674e-06,7.366418637947481e-06,812.1841866900023,0.004943786480302316,0.5322336909638389,70.35758955595612,0.08131342905924122,0.5322336909638389
1728349920.0,7.366418637947481e-06,7.594612519530513e-06,7.366418637947481e-06,7.594612519530513e-06,94.06931087098434,0.00070368694545164,0.030977587997444343,-0.857662350860952,0.12459117553236745,0.030977587997444343
1728349980.0,7.594612519530513e-06,7.902444197353885e-06,7.594612519530513e-06,7.866394084426976e-06,69.37023037733795,0.0005362667949910373,0.03578610023849691,-0.2379185112680315,0.1284507096361264,0.040532901057393496
1728350040.0,7.866394084426976e-06,8.60138190171981e-06,7.866394084426976e-06,8.60138190171981e-06,250.266105288052,0.0020606630794045328,0.0934338922515823,2.8426080052914204,0.13304745960687087,0.0934338922515823
1728350100.0,8.60138190171981e-06,9.977327627111807e-06,8.60138190171981e-06,9.977327627111807e-06,368.9783148533856,0.003427570467049414,0.15996798434410667,0.6633337595585371,0.145478601612126,0.15996798434410667
1728350160.0,9.977327627111807e-06,1.000777636115721e-05,9.977327627111807e-06,9.986587586030247e-06,177.2578894313456,0.0017693807377339463,0.0009281001150325825,-0.48377990919699515,0.1687505202772171,0.003051792542390169
1728350220.0,9.986587586030247e-06,1.073326327704217e-05,9.986587586030247e-06,1.0487193115435962e-05,255.4290927603589,0.002614799614975029,0.05012778640283365,0.4778049513095832,0.1689071376544982,0.07476785083789886
1728350280.0,1.0487193115435962e-05,1.0765744248431753e-05,1.0487193115435962e-05,1.067051928702256e-05,169.2798748507334,0.001790787453807994,0.017480956969960118,-0.31513396148901607,0.1773740785727569,0.02656107596472074
1728350340.0,1.067051928702256e-05,1.0698687887494269e-05,1.067051928702256e-05,1.0698687887494269e-05,9.5633225220334,0.00010218031012502726,0.002639852823842172,-0.9429411291062223,0.1804747472078736,0.002639852823842172
1728350400.0,1.0698687887494269e-05,1.091598401208838e-05,1.0355446972485235e-05,1.0399794136802193e-05,311.0869734285256,0.003281731458437269,-0.027937421283356998,31.117063007753263,0.1809511739789225,0.05239306403716646
1728350460.0,1.0399794136802193e-05,1.0399794136802193e-05,9.39770867154986e-06,9.70167168011426e-06,384.647899253662,0.003865993299198105,-0.06712848807434157,0.1780346284150429,0.1758958647997553,0.0963562789869282
1728350520.0,9.70167168011426e-06,1.475180545378837e-05,9.70167168011426e-06,1.475180545378837e-05,1128.291245190892,0.013795322082329,0.5205426384429692,2.5683771322600233,0.16408824133721894,0.5205426384429692
1728350580.0,1.475180545378837e-05,1.8923557433459365e-05,1.475180545378837e-05,1.8192266559474795e-05,1301.455678445932,0.021437624796396527,0.2332230530333418,0.5539778388977862,0.24950316742036158,0.28279602742453874
1728350640.0,1.8192266559474795e-05,2.1345150499793048e-05,1.7914991018478714e-05,2.054755317410291e-05,917.5011820566382,0.01777191519910931,0.12946636456365293,-0.1709942044467253,0.3076930578676273,0.18855041894314467
1728350700.0,2.054755317410291e-05,2.1139394295714228e-05,1.8323563466874383e-05,1.9233672046627153e-05,1812.364423649122,0.03604903865961218,-0.06394343483834884,1.0284273391884562,0.3475289594712227,0.137039714898452
1728350760.0,1.9233672046627153e-05,1.9233672046627153e-05,1.42436547913381e-05,1.7364641399730577e-05,1625.5715924374656,0.02974658933476062,-0.09717492543106618,-0.17482988615484388,0.3253067640968354,0.2594417354726661
1728350820.0,1.7364641399730577e-05,1.963615792529773e-05,1.7364641399730577e-05,1.9509073510582515e-05,716.4426659254201,0.013208951306459311,0.12349417770787996,-0.5559507290799256,0.293695103553504,0.1308127518027753
1728350880.0,1.9509073510582515e-05,2.023825773981132e-05,1.947457577313233e-05,1.9942121159539588e-05,442.8041734604603,0.008734576823965567,0.02219724318134179,-0.3387380556324505,0.3299647388636746,0.03914496330462526
1728350940.0,1.9942121159539588e-05,1.9942121159539588e-05,1.7347730626446644e-05,1.7431402919168607e-05,430.2398844662009,0.008039790340859096,-0.1259002600718803,-0.07954437829204784,0.33728904641349955,0.13009601698522838
1728351000.0,1.7431402919168607e-05,1.7431402919168607e-05,1.42431479867402e-05,1.42431479867402e-05,640.7357951434042,0.010147509280253856,-0.18290294517387426,0.2621609333122906,0.2948242677506434,0.18290294517387426
1728351060.0,1.42431479867402e-05,1.532358963853995e-05,1.42431479867402e-05,1.523987919797408e-05,404.06962861624226,0.005956597922505037,0.06997969916213732,-0.41299901700055175,0.24090004087031988,0.07585694207527716
1728351120.0,1.523987919797408e-05,1.6009987385906732e-05,1.523987919797408e-05,1.6009987385906732e-05,344.94628926215483,0.005389762759023548,0.05053243388143302,-0.095160890638579,0.25775815325857143,0.05053243388143302
1728351180.0,1.6009987385906732e-05,1.6084941118980392e-05,1.567163805838814e-05,1.567163805838814e-05,160.9580475575495,0.0025497062874816423,-0.021133641105578475,-0.5269353399251349,0.2707833000955105,0.025815327059912196
1728351240.0,1.567163805838814e-05,1.567163805838814e-05,1.3111892182395955e-05,1.3818961392345693e-05,690.4599735783962,0.010181039258782375,-0.11821844399034058,2.993024337261308,0.2650606630139078,0.16333620432371448
1728351300.0,1.3818961392345693e-05,1.5006162532054494e-05,1.3818961392345693e-05,1.5006162532054494e-05,316.2217710328023,0.004557565868806913,0.08591102514885027,-0.5523476775835569,0.23372560386935562,0.08591102514885027
1728351360.0,1.5006162532054494e-05,1.608118201665441e-05,1.5006162532054494e-05,1.608118201665441e-05,249.08692566681003,0.003871725540391384,0.07163853398919143,-0.15048390920898957,0.253805210101306,0.07163853398919143
1728351420.0,1.608118201665441e-05,1.684604489467482e-05,1.608118201665441e-05,1.618131851107754e-05,242.515888232476,0.003912084486041819,0.006226936199056851,0.010424020305518778,0.2719874432717823,0.047562603123842716
1728351480.0,1.618131851107754e-05,1.659709380546382e-05,1.618131851107754e-05,1.659709380546382e-05,169.4050724287831,0.0027764146562921023,0.025694772283336963,-0.2902978792512655,0.27368109172798033,0.025694772283336963
1728351540.0,1.659709380546382e-05,1.659709380546382e-05,1.659709380546382e-05,1.659709380546382e-05,0.0,0.0,0.0,-1.0,0.28071326505818583,0.0
1728351600.0,1.659709380546382e-05,1.712204574536662e-05,1.659709380546382e-05,1.699465775973819e-05,73.15050070334924,0.0012286267232485212,0.02395382944353122,0.0,0.28071326505818583,0.03162914821448947
1728351660.0,1.699465775973819e-05,1.7006012349691066e-05,1.6985397346317684e-05,1.7006012349691066e-05,7.744569691557794,0.00013166027961107043,0.0006681270145831601,-0.8928394791357319,0.28743742273192635,0.0012130284507535513
1728351720.0,1.7006012349691066e-05,1.704074313135398e-05,1.7006012349691066e-05,1.704074313135398e-05,8.695116336987272,0.00014802024990232286,0.0020422648736664636,0.12425896663428342,0.2876294674390557,0.0020422648736664636
1728351780.0,1.704074313135398e-05,1.704074313135398e-05,1.704074313135398e-05,1.704074313135398e-05,0.0,0.0,0.0,-1.0,0.2882168829970379,0.0
1728351840.0,1.704074313135398e-05,1.704074313135398e-05,1.5827233296683038e-05,1.5827233296683038e-05,296.69429928306215,0.004875870617584323,-0.07121226024692276,0.0,0.2882168829970379,0.07121226024692276
1728351900.0,1.5827233296683038e-05,1.5827233296683038e-05,1.3202817251830186e-05,1.3202817251830186e-05,499.24998359704097,0.007246626130083248,-0.16581647566936783,0.4862219895558837,0.26769230731749594,0.16581647566936783
1728351960.0,1.3202817251830186e-05,1.3202817251830186e-05,1.1208953863037142e-05,1.1208953863037142e-05,485.8993829112797,0.0059308322602427185,-0.15101802522614277,-0.18157330683560652,0.22330451235430746,0.15101802522614277
1728352020.0,1.1208953863037142e-05,1.1208953863037142e-05,1.0826457767583325e-05,1.0826457767583325e-05,19.509066449676048,0.00021494515487386956,-0.03412415646701373,-0.9637580114489577,0.18958150587447314,0.03412415646701373
1728352080.0,1.0826457767583325e-05,1.1116985548016355e-05,1.0826457767583325e-05,1.1116985548016355e-05,113.30182205394804,0.0012431160548974853,0.026834980255770413,4.783410450107374,0.18311219690476052,0.026834980255770413
1728352140.0,1.1116985548016355e-05,1.1116985548016355e-05,1.1116985548016355e-05,1.1116985548016355e-05,0.0,0.0,0.0,-1.0,0.18802600909329054,0.0
1728352200.0,1.1116985548016355e-05,1.1116985548016355e-05,1.1116985548016355e-05,1.1116985548016355e-05,0.0,0.0,0.0,0.0,0.18802600909329054,0.0
1728352260.0,1.1116985548016355e-05,1.1116985548016355e-05,1.076276610188518e-05,1.076276610188518e-05,129.72667580509105,0.0014191937244913413,-0.03186290425594553,0.0,0.18802600909329054,0.03186290425594553
1728352320.0,1.076276610188518e-05,1.076276610188518e-05,9.46468812537e-06,9.46468812537e-06,365.2088992229228,0.0036936231462089608,-0.12060821207364264,1.6026208279160807,0.18203495436792347,0.12060821207364264
1728352380.0,9.46468812537e-06,9.46468812537e-06,9.12796743275514e-06,9.12796743275514e-06,76.00861080759759,0.000706600960098625,-0.035576522771234756,-0.808697061901439,0.1600800439867011,0.035576522771234756
1728352440.0,9.12796743275514e-06,9.12796743275514e-06,9.12796743275514e-06,9.12796743275514e-06,0.0,0.0,0.0,-1.0,0.15438495265658797,0.0
1728352500.0,9.12796743275514e-06,9.12796743275514e-06,9.12796743275514e-06,9.12796743275514e-06,0.0,0.0,0.0,0.0,0.15438495265658797,0.0
1728352560.0,9.12796743275514e-06,9.12796743275514e-06,9.12796743275514e-06,9.12796743275514e-06,0.0,0.0,0.0,0.0,0.15438495265658797,0.0
1728352620.0,9.12796743275514e-06,9.12796743275514e-06,9.12796743275514e-06,9.12796743275514e-06,0.0,0.0,0.0,0.0,0.15438495265658797,0.0
1728352680.0,9.12796743275514e-06,9.12796743275514e-06,9.12796743275514e-06,9.12796743275514e-06,0.0,0.0,0.0,0.0,0.15438495265658797,0.0
1728352740.0,9.12796743275514e-06,9.12796743275514e-06,9.055854679962476e-06,9.055854679962476e-06,14.51092341600722,0.00013193202504397197,-0.007900198299776012,0.0,0.15438495265658797,0.007900198299776012
1728352800.0,9.055854679962476e-06,9.055854679962476e-06,9.055854679962476e-06,9.055854679962476e-06,0.0,0.0,0.0,-1.0,0.15316528091609938,0.0
1728352860.0,9.055854679962476e-06,9.055854679962476e-06,9.055854679962476e-06,9.055854679962476e-06,0.0,0.0,0.0,0.0,0.15316528091609938,0.0
1728352920.0,9.055854679962476e-06,9.055854679962476e-06,9.055854679962476e-06,9.055854679962476e-06,0.0,0.0,0.0,0.0,0.15316528091609938,0.0
1728352980.0,9.055854679962476e-06,9.055854679962476e-06,9.055854679962476e-06,9.055854679962476e-06,0.0,0.0,0.0,0.0,0.15316528091609938,0.0
1728353040.0,9.055854679962476e-06,9.055854679962476e-06,8.798432818223752e-06,8.798432818223752e-06,125.20504045842294,0.0011177233942833609,-0.02842601508483913,0.0,0.15316528091609938,0.02842601508483913
1728353100.0,8.798432818223752e-06,8.798432818223752e-06,8.798432818223752e-06,8.798432818223752e-06,0.0,0.0,0.0,-1.0,0.1488114023303047,0.0
1728353160.0,8.798432818223752e-06,8.798432818223752e-06,8.480872594072765e-06,8.480872594072765e-06,31.9331011272762,0.0002758909035699778,-0.036092816835884715,0.0,0.1488114023303047,0.036092816835884715
1728353220.0,8.480872594072765e-06,8.597987584815878e-06,8.480872594072765e-06,8.597987584815878e-06,57.55244374742199,0.000491465069857787,0.0138093090591838,0.7813746792602403,0.14344037964290587,0.0138093090591838
1728353280.0,8.597987584815878e-06,8.597987584815878e-06,8.597987584815878e-06,8.597987584815878e-06,0.0,0.0,0.0,-1.0,0.14542119217696142,0.0
1728353340.0,8.597987584815878e-06,1.0997919253713876e-05,8.597987584815878e-06,1.0997919253713876e-05,652.6190782216461,0.00639433132893927,0.2791271382080499,0.0,0.14542119217696142,0.2791271382080499
1728353400.0,1.0997919253713876e-05,1.0997919253713876e-05,1.0997919253713876e-05,1.0997919253713876e-05,0.0,0.0,0.0,-1.0,0.18601219338411953,0.0
1728353460.0,1.0997919253713876e-05,1.3077890598289872e-05,1.0997919253713876e-05,1.2556376655080506e-05,607.2966637456813,0.007152222661144688,0.14170475027268048,0.0,0.18601219338411953,0.18912407852727345
1728353520.0,1.2556376655080506e-05,1.2556376655080506e-05,1.2556376655080506e-05,1.2556376655080506e-05,0.0,0.0,0.0,-1.0,0.21237100479528973,0.0
1728353580.0,1.2556376655080506e-05,1.2556376655080506e-05,1.2509270284422298e-05,1.2509270284422298e-05,13.67432955879024,0.00017137795842752166,-0.003751589487334093,0.0,0.21237100479528973,0.003751589487334093
1728353640.0,1.2509270284422298e-05,1.2509270284422298e-05,1.0875179082836535e-05,1.0875179082836535e-05,485.6053990753313,0.005677807433572303,-0.1306304176368053,32.130324842640334,0.21157427596628514,0.1306304176368053
1728353700.0,1.0875179082836535e-05,1.0875179082836535e-05,9.703961868222216e-06,9.703961868222216e-06,194.2232683658505,0.0019984740078380736,-0.10769636119949165,-0.6480201149441424,0.18393623993560462,0.10769636119949165
1728353760.0,9.703961868222216e-06,9.703961868222216e-06,9.703961868222216e-06,9.703961868222216e-06,0.0,0.0,0.0,-1.0,0.16412697620182337,0.0
1728353820.0,9.703961868222216e-06,9.703961868222216e-06,9.18487121170533e-06,9.18487121170533e-06,215.6151484633354,0.0020363592744138694,-0.0534926521317818,0.0,0.16412697620182337,0.0534926521317818
1728353880.0,9.18487121170533e-06,9.18487121170533e-06,8.63108134641496e-06,8.63108134641496e-06,48.44426330918676,0.0004315403484147794,-0.06029369955504784,-0.7880824106841408,0.15534738895841801,0.06029369955504784
1728353940.0,8.63108134641496e-06,8.63108134641496e-06,8.63108134641496e-06,8.63108134641496e-06,0.0,0.0,0.0,-1.0,0.145980920161898,0.0
1728354000.0,8.63108134641496e-06,8.634037359876075e-06,8.63108134641496e-06,8.634037359876075e-06,0.5612124283919449,4.844699597816392e-06,0.00034248471801770426,0.0,0.145980920161898,0.00034248471801770426
1728354060.0,8.634037359876075e-06,8.634037359876075e-06,8.477158874231103e-06,8.477158874231103e-06,53.39502083081695,0.0004568263396801746,-0.018169771464507902,93.29404867250712,0.1460309163961756,0.018169771464507902
1728354120.0,8.477158874231103e-06,8.477158874231103e-06,8.477158874231103e-06,8.477158874231103e-06,0.0,0.0,0.0,-1.0,0.14337756801850443,0.0
1728354180.0,8.477158874231103e-06,8.477158874231103e-06,8.477158874231103e-06,8.477158874231103e-06,0.0,0.0,0.0,0.0,0.14337756801850443,0.0
1728354240.0,8.477158874231103e-06,8.477158874231103e-06,8.477158874231103e-06,8.477158874231103e-06,0.0,0.0,0.0,0.0,0.14337756801850443,0.0
1728354300.0,8.477158874231103e-06,8.477158874231103e-06,8.477158874231103e-06,8.477158874231103e-06,0.0,0.0,0.0,0.0,0.14337756801850443,0.0
1728354360.0,8.477158874231103e-06,8.477158874231103e-06,8.477158874231103e-06,8.477158874231103e-06,0.0,0.0,0.0,0.0,0.14337756801850443,0.0
1728354420.0,8.477158874231103e-06,8.477158874231103e-06,8.226987633865202e-06,8.226987633865202e-06,51.800277718932385,0.0004326397140885616,-0.029511212904876925,0.0,0.14337756801850443,0.029511212904876925
1728354480.0,8.226987633865202e-06,8.226987633865202e-06,8.226987633865202e-06,8.226987633865202e-06,0.0,0.0,0.0,-1.0,0.13914632208292688,0.0
1728354540.0,8.226987633865202e-06,8.226987633865202e-06,8.226987633865202e-06,8.226987633865202e-06,0.0,0.0,0.0,0.0,0.13914632208292688,0.0
1728354600.0,8.226987633865202e-06,8.226987633865202e-06,8.226987633865202e-06,8.226987633865202e-06,0.0,0.0,0.0,0.0,0.13914632208292688,0.0
1728354660.0,8.226987633865202e-06,8.226987633865202e-06,8.226987633865202e-06,8.226987633865202e-06,0.0,0.0,0.0,0.0,0.13914632208292688,0.0
1728354720.0,8.226987633865202e-06,8.226987633865202e-06,8.226987633865202e-06,8.226987633865202e-06,0.0,0.0,0.0,0.0,0.13914632208292688,0.0
1728354780.0,8.226987633865202e-06,8.226987633865202e-06,8.226987633865202e-06,8.226987633865202e-06,0.0,0.0,0.0,0.0,0.13914632208292688,0.0
1728354840.0,8.226987633865202e-06,8.226987633865202e-06,8.226987633865202e-06,8.226987633865202e-06,0.0,0.0,0.0,0.0,0.13914632208292688,0.0
1728354900.0,8.226987633865202e-06,8.226987633865202e-06,8.226987633865202e-06,8.226987633865202e-06,0.0,0.0,0.0,0.0,0.13914632208292688,0.0
1728354960.0,8.226987633865202e-06,8.226987633865202e-06,8.226987633865202e-06,8.226987633865202e-06,0.0,0.0,0.0,0.0,0.13914632208292688,0.0
1728355020.0,8.226987633865202e-06,8.226987633865202e-06,8.226987633865202e-06,8.226987633865202e-06,0.0,0.0,0.0,0.0,0.13914632208292688,0.0
1728355080.0,8.226987633865202e-06,8.226987633865202e-06,8.226987633865202e-06,8.226987633865202e-06,0.0,0.0,0.0,0.0,0.13914632208292688,0.0
1728355140.0,8.226987633865202e-06,8.226987633865202e-06,8.226987633865202e-06,8.226987633865202e-06,0.0,0.0,0.0,0.0,0.13914632208292688,0.0
1728355200.0,8.226987633865202e-06,8.226987633865202e-06,8.226987633865202e-06,8.226987633865202e-06,0.0,0.0,0.0,0.0,0.13914632208292688,0.0
1728355260.0,8.226987633865202e-06,8.226987633865202e-06,8.226987633865202e-06,8.226987633865202e-06,0.0,0.0,0.0,0.0,0.13914632208292688,0.0
1728355320.0,8.226987633865202e-06,8.226987633865202e-06,8.226987633865202e-06,8.226987633865202e-06,0.0,0.0,0.0,0.0,0.13914632208292688,0.0
1728355380.0,8.226987633865202e-06,8.226987633865202e-06,8.226987633865202e-06,8.226987633865202e-06,0.0,0.0,0.0,0.0,0.13914632208292688,0.0
1728355440.0,8.226987633865202e-06,8.226987633865202e-06,8.226987633865202e-06,8.226987633865202e-06,0.0,0.0,0.0,0.0,0.13914632208292688,0.0
1728355500.0,8.226987633865202e-06,8.226987633865202e-06,8.226987633865202e-06,8.226987633865202e-06,0.0,0.0,0.0,0.0,0.13914632208292688,0.0
1728355560.0,8.226987633865202e-06,8.226987633865202e-06,8.226987633865202e-06,8.226987633865202e-06,0.0,0.0,0.0,0.0,0.13914632208292688,0.0
1728355620.0,8.226987633865202e-06,8.226987633865202e-06,8.226987633865202e-06,8.226987633865202e-06,0.0,0.0,0.0,0.0,0.13914632208292688,0.0
1728355680.0,8.226987633865202e-06,8.226987633865202e-06,8.226987633865202e-06,8.226987633865202e-06,0.0,0.0,0.0,0.0,0.13914632208292688,0.0
1728355740.0,8.226987633865202e-06,8.226987633865202e-06,8.226987633865202e-06,8.226987633865202e-06,0.0,0.0,0.0,0.0,0.13914632208292688,0.0
1728355800.0,8.226987633865202e-06,8.226987633865202e-06,8.154778595504593e-06,8.154778595504593e-06,6.528200578462696,5.347172788740628e-05,-0.008777093338924166,0.0,0.13914632208292688,0.008777093338924166
1728355860.0,8.154778595504593e-06,8.154778595504593e-06,8.154778595504593e-06,8.154778595504593e-06,0.0,0.0,0.0,-1.0,0.13792502182623703,0.0
1728355920.0,8.154778595504593e-06,8.154778595504593e-06,8.154778595504593e-06,8.154778595504593e-06,0.0,0.0,0.0,0.0,0.13792502182623703,0.0
1728355980.0,8.154778595504593e-06,8.154778595504593e-06,8.154778595504593e-06,8.154778595504593e-06,0.0,0.0,0.0,0.0,0.13792502182623703,0.0
1728356040.0,8.154778595504593e-06,8.154778595504593e-06,8.154778595504593e-06,8.154778595504593e-06,0.0,0.0,0.0,0.0,0.13792502182623703,0.0
1728356100.0,8.154778595504593e-06,8.154778595504593e-06,8.154778595504593e-06,8.154778595504593e-06,0.0,0.0,0.0,0.0,0.13792502182623703,0.0
1728356160.0,8.154778595504593e-06,8.154778595504593e-06,8.154778595504593e-06,8.154778595504593e-06,0.0,0.0,0.0,0.0,0.13792502182623703,0.0
1728356220.0,8.154778595504593e-06,8.154778595504593e-06,8.154778595504593e-06,8.154778595504593e-06,0.0,0.0,0.0,0.0,0.13792502182623703,0.0
1728356280.0,8.154778595504593e-06,8.154778595504593e-06,8.154778595504593e-06,8.154778595504593e-06,0.0,0.0,0.0,0.0,0.13792502182623703,0.0
1728356340.0,8.154778595504593e-06,8.163281841491902e-06,8.154778595504593e-06,8.163281841491902e-06,2.4911135473668367,2.0325070710676385e-05,0.00104273168029314,0.0,0.13792502182623703,0.00104273168029314
1728356400.0,8.163281841491902e-06,8.163281841491902e-06,8.028381903262746e-06,8.028381903262746e-06,44.24955214806508,0.00035823693461872774,-0.016525208959893276,16.625372118904977,0.13806884061600036,0.016525208959893276
1728356460.0,8.028381903262746e-06,8.028381903262746e-06,8.028381903262746e-06,8.028381903262746e-06,0.0,0.0,0.0,-1.0,0.13578722417397077,0.0
1728356520.0,8.028381903262746e-06,8.028381903262746e-06,8.028381903262746e-06,8.028381903262746e-06,0.0,0.0,0.0,0.0,0.13578722417397077,0.0
1728356580.0,8.028381903262746e-06,8.028381903262746e-06,8.028381903262746e-06,8.028381903262746e-06,0.0,0.0,0.0,0.0,0.13578722417397077,0.0
1728356640.0,8.028381903262746e-06,8.028381903262746e-06,8.028381903262746e-06,8.028381903262746e-06,0.0,0.0,0.0,0.0,0.13578722417397077,0.0
1728356700.0,8.028381903262746e-06,8.028381903262746e-06,8.028381903262746e-06,8.028381903262746e-06,0.0,0.0,0.0,0.0,0.13578722417397077,0.0
1728356760.0,8.028381903262746e-06,8.028381903262746e-06,8.028381903262746e-06,8.028381903262746e-06,0.0,0.0,0.0,0.0,0.13578722417397077,0.0
1728356820.0,8.028381903262746e-06,8.028381903262746e-06,8.028381903262746e-06,8.028381903262746e-06,0.0,0.0,0.0,0.0,0.13578722417397077,0.0
1728356880.0,8.028381903262746e-06,8.028381903262746e-06,8.028381903262746e-06,8.028381903262746e-06,0.0,0.0,0.0,0.0,0.13578722417397077,0.0
1728356940.0,8.028381903262746e-06,8.028381903262746e-06,8.028381903262746e-06,8.028381903262746e-06,0.0,0.0,0.0,0.0,0.13578722417397077,0.0
1728357000.0,8.028381903262746e-06,8.028381903262746e-06,8.028381903262746e-06,8.028381903262746e-06,0.0,0.0,0.0,0.0,0.13578722417397077,0.0
1728357060.0,8.028381903262746e-06,8.028381903262746e-06,8.028381903262746e-06,8.028381903262746e-06,0.0,0.0,0.0,0.0,0.13578722417397077,0.0
1728357120.0,8.028381903262746e-06,8.028381903262746e-06,8.028381903262746e-06,8.028381903262746e-06,0.0,0.0,0.0,0.0,0.13578722417397077,0.0
1728357180.0,8.028381903262746e-06,8.028381903262746e-06,8.028381903262746e-06,8.028381903262746e-06,0.0,0.0,0.0,0.0,0.13578722417397077,0.0
1728357240.0,8.028381903262746e-06,8.028381903262746e-06,8.028381903262746e-06,8.028381903262746e-06,0.0,0.0,0.0,0.0,0.13578722417397077,0.0
1728357300.0,8.028381903262746e-06,8.028381903262746e-06,8.028381903262746e-06,8.028381903262746e-06,0.0,0.0,0.0,0.0,0.13578722417397077,0.0
1728357360.0,8.028381903262746e-06,8.028381903262746e-06,8.028381903262746e-06,8.028381903262746e-06,0.0,0.0,0.0,0.0,0.13578722417397077,0.0
1728357420.0,8.028381903262746e-06,8.028381903262746e-06,8.028381903262746e-06,8.028381903262746e-06,0.0,0.0,0.0,0.0,0.13578722417397077,0.0
1728357480.0,8.028381903262746e-06,8.028381903262746e-06,8.028381903262746e-06,8.028381903262746e-06,0.0,0.0,0.0,0.0,0.13578722417397077,0.0
1728357540.0,8.028381903262746e-06,8.028381903262746e-06,8.028381903262746e-06,8.028381903262746e-06,0.0,0.0,0.0,0.0,0.13578722417397077,0.0
1728357600.0,8.028381903262746e-06,8.028381903262746e-06,8.028381903262746e-06,8.028381903262746e-06,0.0,0.0,0.0,0.0,0.13578722417397077,0.0
1728357660.0,8.028381903262746e-06,8.028381903262746e-06,8.028381903262746e-06,8.028381903262746e-06,0.0,0.0,0.0,0.0,0.13578722417397077,0.0
1728357720.0,8.028381903262746e-06,8.028381903262746e-06,8.028381903262746e-06,8.028381903262746e-06,0.0,0.0,0.0,0.0,0.13578722417397077,0.0
1728357780.0,8.028381903262746e-06,8.028381903262746e-06,8.028381903262746e-06,8.028381903262746e-06,0.0,0.0,0.0,0.0,0.13578722417397077,0.0
1728357840.0,8.028381903262746e-06,8.028381903262746e-06,8.028381903262746e-06,8.028381903262746e-06,0.0,0.0,0.0,0.0,0.13578722417397077,0.0
1728357900.0,8.028381903262746e-06,8.028381903262746e-06,8.028381903262746e-06,8.028381903262746e-06,0.0,0.0,0.0,0.0,0.13578722417397077,0.0
1728357960.0,8.028381903262746e-06,8.028381903262746e-06,8.028381903262746e-06,8.028381903262746e-06,0.0,0.0,0.0,0.0,0.13578722417397077,0.0
1728358020.0,8.028381903262746e-06,8.028381903262746e-06,8.028381903262746e-06,8.028381903262746e-06,0.0,0.0,0.0,0.0,0.13578722417397077,0.0
1728358080.0,8.028381903262746e-06,8.028381903262746e-06,8.028381903262746e-06,8.028381903262746e-06,0.0,0.0,0.0,0.0,0.13578722417397077,0.0
1728358140.0,8.028381903262746e-06,8.028381903262746e-06,8.028381903262746e-06,8.028381903262746e-06,0.0,0.0,0.0,0.0,0.13578722417397077,0.0
1728358200.0,8.028381903262746e-06,8.028381903262746e-06,8.028381903262746e-06,8.028381903262746e-06,0.0,0.0,0.0,0.0,0.13578722417397077,0.0
1728358260.0,8.028381903262746e-06,8.028381903262746e-06,8.028381903262746e-06,8.028381903262746e-06,0.0,0.0,0.0,0.0,0.13578722417397077,0.0
1728358320.0,8.028381903262746e-06,8.028381903262746e-06,8.028381903262746e-06,8.028381903262746e-06,0.0,0.0,0.0,0.0,0.13578722417397077,0.0
1728358380.0,8.028381903262746e-06,8.028381903262746e-06,8.028381903262746e-06,8.028381903262746e-06,0.0,0.0,0.0,0.0,0.13578722417397077,0.0
1728358440.0,8.028381903262746e-06,8.028381903262746e-06,8.028381903262746e-06,8.028381903262746e-06,0.0,0.0,0.0,0.0,0.13578722417397077,0.0
1728358500.0,8.028381903262746e-06,8.028381903262746e-06,8.028381903262746e-06,8.028381903262746e-06,0.0,0.0,0.0,0.0,0.13578722417397077,0.0
1728358560.0,8.028381903262746e-06,8.028381903262746e-06,8.028381903262746e-06,8.028381903262746e-06,0.0,0.0,0.0,0.0,0.13578722417397077,0.0
1728358620.0,8.028381903262746e-06,8.028381903262746e-06,8.028381903262746e-06,8.028381903262746e-06,0.0,0.0,0.0,0.0,0.13578722417397077,0.0
1728358680.0,8.028381903262746e-06,8.028381903262746e-06,8.028381903262746e-06,8.028381903262746e-06,0.0,0.0,0.0,0.0,0.13578722417397077,0.0
1728358740.0,8.028381903262746e-06,8.028381903262746e-06,8.028381903262746e-06,8.028381903262746e-06,0.0,0.0,0.0,0.0,0.13578722417397077,0.0
1728358800.0,8.028381903262746e-06,8.028381903262746e-06,8.028381903262746e-06,8.028381903262746e-06,0.0,0.0,0.0,0.0,0.13578722417397077,0.0
1728358860.0,8.028381903262746e-06,8.028381903262746e-06,8.028381903262746e-06,8.028381903262746e-06,0.0,0.0,0.0,0.0,0.13578722417397077,0.0
1728358920.0,8.028381903262746e-06,8.028381903262746e-06,8.028381903262746e-06,8.028381903262746e-06,0.0,0.0,0.0,0.0,0.13578722417397077,0.0
1728358980.0,8.028381903262746e-06,8.028381903262746e-06,8.028381903262746e-06,8.028381903262746e-06,0.0,0.0,0.0,0.0,0.13578722417397077,0.0
1728359040.0,8.028381903262746e-06,8.028381903262746e-06,8.028381903262746e-06,8.028381903262746e-06,0.0,0.0,0.0,0.0,0.13578722417397077,0.0
1728359100.0,8.028381903262746e-06,8.028381903262746e-06,8.028381903262746e-06,8.028381903262746e-06,0.0,0.0,0.0,0.0,0.13578722417397077,0.0
1728359160.0,8.028381903262746e-06,8.028381903262746e-06,8.028381903262746e-06,8.028381903262746e-06,0.0,0.0,0.0,0.0,0.13578722417397077,0.0
1728359220.0,8.028381903262746e-06,8.028381903262746e-06,8.028381903262746e-06,8.028381903262746e-06,0.0,0.0,0.0,0.0,0.13578722417397077,0.0
1728359280.0,8.028381903262746e-06,8.028381903262746e-06,8.028381903262746e-06,8.028381903262746e-06,0.0,0.0,0.0,0.0,0.13578722417397077,0.0
1728359340.0,8.028381903262746e-06,8.028381903262746e-06,8.028381903262746e-06,8.028381903262746e-06,0.0,0.0,0.0,0.0,0.13578722417397077,0.0
1728359400.0,8.028381903262746e-06,8.028381903262746e-06,8.028381903262746e-06,8.028381903262746e-06,0.0,0.0,0.0,0.0,0.13578722417397077,0.0
1728359460.0,8.028381903262746e-06,8.028381903262746e-06,8.028381903262746e-06,8.028381903262746e-06,0.0,0.0,0.0,0.0,0.13578722417397077,0.0
1728359520.0,8.028381903262746e-06,8.028381903262746e-06,8.028381903262746e-06,8.028381903262746e-06,0.0,0.0,0.0,0.0,0.13578722417397077,0.0
1728359580.0,8.028381903262746e-06,8.028381903262746e-06,8.028381903262746e-06,8.028381903262746e-06,0.0,0.0,0.0,0.0,0.13578722417397077,0.0
1728359640.0,8.028381903262746e-06,8.028381903262746e-06,8.028381903262746e-06,8.028381903262746e-06,0.0,0.0,0.0,0.0,0.13578722417397077,0.0
1728359700.0,8.028381903262746e-06,8.028381903262746e-06,8.028381903262746e-06,8.028381903262746e-06,0.0,0.0,0.0,0.0,0.13578722417397077,0.0
1728359760.0,8.028381903262746e-06,8.028381903262746e-06,8.028381903262746e-06,8.028381903262746e-06,0.0,0.0,0.0,0.0,0.13578722417397077,0.0
1728359820.0,8.028381903262746e-06,8.028381903262746e-06,8.028381903262746e-06,8.028381903262746e-06,0.0,0.0,0.0,0.0,0.13578722417397077,0.0
1728359880.0,8.028381903262746e-06,8.028381903262746e-06,8.028381903262746e-06,8.028381903262746e-06,0.0,0.0,0.0,0.0,0.13578722417397077,0.0
1728359940.0,8.028381903262746e-06,8.028381903262746e-06,8.028381903262746e-06,8.028381903262746e-06,0.0,0.0,0.0,0.0,0.13578722417397077,0.0
1728360000.0,8.028381903262746e-06,8.028381903262746e-06,8.028381903262746e-06,8.028381903262746e-06,0.0,0.0,0.0,0.0,0.13578722417397077,0.0
1728360060.0,8.028381903262746e-06,8.028381903262746e-06,8.028381903262746e-06,8.028381903262746e-06,0.0,0.0,0.0,0.0,0.13578722417397077,0.0
1728360120.0,8.028381903262746e-06,8.028381903262746e-06,8.028381903262746e-06,8.028381903262746e-06,0.0,0.0,0.0,0.0,0.13578722417397077,0.0
1728360180.0,8.028381903262746e-06,8.028381903262746e-06,8.028381903262746e-06,8.028381903262746e-06,0.0,0.0,0.0,0.0,0.13578722417397077,0.0
1728360240.0,8.028381903262746e-06,8.028381903262746e-06,8.028381903262746e-06,8.028381903262746e-06,0.0,0.0,0.0,0.0,0.13578722417397077,0.0
1728360300.0,8.028381903262746e-06,8.028381903262746e-06,7.992186018745249e-06,7.992186018745249e-06,2.0089977062597804,1.6092642104146537e-05,-0.004508490621601709,0.0,0.13578722417397077,0.004508490621601709
1728360360.0,7.992186018745249e-06,7.992186018745249e-06,7.992186018745249e-06,7.992186018745249e-06,0.0,0.0,0.0,-1.0,0.1351750287472491,0.0
1728360420.0,7.992186018745249e-06,7.992186018745249e-06,7.992186018745249e-06,7.992186018745249e-06,0.0,0.0,0.0,0.0,0.1351750287472491,0.0
1728360480.0,7.992186018745249e-06,7.992186018745249e-06,7.992186018745249e-06,7.992186018745249e-06,0.0,0.0,0.0,0.0,0.1351750287472491,0.0
1728360540.0,7.992186018745249e-06,7.992186018745249e-06,7.992186018745249e-06,7.992186018745249e-06,0.0,0.0,0.0,0.0,0.1351750287472491,0.0
1728360600.0,7.992186018745249e-06,7.992186018745249e-06,7.992186018745249e-06,7.992186018745249e-06,0.0,0.0,0.0,0.0,0.1351750287472491,0.0
1728360660.0,7.992186018745249e-06,7.992186018745249e-06,7.984499916145676e-06,7.984499916145676e-06,0.8469738883862103,6.7659179048999204e-06,-0.0009617021652831262,0.0,0.1351750287472491,0.0009617021652831262
1728360720.0,7.984499916145676e-06,7.984499916145676e-06,7.910554631896536e-06,7.910554631896536e-06,38.061427913661085,0.0003024942364320097,-0.009261104017248887,43.708528936323845,0.13504503062941065,0.009261104017248887
1728360780.0,7.910554631896536e-06,7.910554631896536e-06,7.910554631896536e-06,7.910554631896536e-06,0.0,0.0,0.0,-1.0,0.1337943645537391,0.0
1728360840.0,7.910554631896536e-06,7.910554631896536e-06,7.910554631896536e-06,7.910554631896536e-06,0.0,0.0,0.0,0.0,0.1337943645537391,0.0
1728360900.0,7.910554631896536e-06,7.910554631896536e-06,7.910554631896536e-06,7.910554631896536e-06,0.0,0.0,0.0,0.0,0.1337943645537391,0.0
1728360960.0,7.910554631896536e-06,7.910554631896536e-06,7.825178654593022e-06,7.825178654593022e-06,2.098070275815744,1.6507337138274064e-05,-0.010792666415483043,0.0,0.1337943645537391,0.010792666415483043
1728361020.0,7.825178654593022e-06,7.825178654593022e-06,7.825178654593022e-06,7.825178654593022e-06,0.0,0.0,0.0,-1.0,0.1323503666088391,0.0
1728361080.0,7.825178654593022e-06,7.825178654593022e-06,7.825178654593022e-06,7.825178654593022e-06,0.0,0.0,0.0,0.0,0.1323503666088391,0.0
1728361140.0,7.825178654593022e-06,7.825178654593022e-06,7.801650131815278e-06,7.801650131815278e-06,9.303202900158755,7.2689779442999e-05,-0.003006771323225242,0.0,0.1323503666088391,0.003006771323225242
1728361200.0,7.801650131815278e-06,7.801650131815278e-06,7.801650131815278e-06,7.801650131815278e-06,0.0,0.0,0.0,-1.0,0.13195241932190127,0.0
1728361260.0,7.801650131815278e-06,7.801650131815278e-06,7.801650131815278e-06,7.801650131815278e-06,0.0,0.0,0.0,0.0,0.13195241932190127,0.0
1728361320.0,7.801650131815278e-06,7.885946153507724e-06,7.801650131815278e-06,7.885946153507724e-06,36.099929502416536,0.00028316055998126597,0.010804896434497386,0.0,0.13195241932190127,0.010804896434497386
1728361380.0,7.885946153507724e-06,7.885946153507724e-06,7.885946153507724e-06,7.885946153507724e-06,0.0,0.0,0.0,-1.0,0.1333781515469558,0.0
1728361440.0,7.885946153507724e-06,7.885946153507724e-06,7.885946153507724e-06,7.885946153507724e-06,0.0,0.0,0.0,0.0,0.1333781515469558,0.0
1728361500.0,7.885946153507724e-06,7.885946153507724e-06,7.885946153507724e-06,7.885946153507724e-06,0.0,0.0,0.0,0.0,0.1333781515469558,0.0
1728361560.0,7.885946153507724e-06,7.885946153507724e-06,7.885946153507724e-06,7.885946153507724e-06,0.0,0.0,0.0,0.0,0.1333781515469558,0.0
1728361620.0,7.885946153507724e-06,7.885946153507724e-06,7.885946153507724e-06,7.885946153507724e-06,0.0,0.0,0.0,0.0,0.1333781515469558,0.0
1728361680.0,7.885946153507724e-06,7.885946153507724e-06,7.885946153507724e-06,7.885946153507724e-06,0.0,0.0,0.0,0.0,0.1333781515469558,0.0
1728361740.0,7.885946153507724e-06,7.885946153507724e-06,7.885946153507724e-06,7.885946153507724e-06,0.0,0.0,0.0,0.0,0.1333781515469558,0.0
1728361800.0,7.885946153507724e-06,7.885946153507724e-06,7.885946153507724e-06,7.885946153507724e-06,0.0,0.0,0.0,0.0,0.1333781515469558,0.0
1728361860.0,7.885946153507724e-06,7.885946153507724e-06,7.885946153507724e-06,7.885946153507724e-06,0.0,0.0,0.0,0.0,0.1333781515469558,0.0
1728361920.0,7.885946153507724e-06,7.916665606610549e-06,7.885946153507724e-06,7.916665606610549e-06,5.354883923556172,4.2310575832228525e-05,0.0038954682805132012,0.0,0.1333781515469558,0.0038954682805132012
1728361980.0,7.916665606610549e-06,7.916665606610549e-06,7.916665606610549e-06,7.916665606610549e-06,0.0,0.0,0.0,-1.0,0.13389772190562044,0.0
1728362040.0,7.916665606610549e-06,7.916665606610549e-06,7.916665606610549e-06,7.916665606610549e-06,0.0,0.0,0.0,0.0,0.13389772190562044,0.0
1728362100.0,7.916665606610549e-06,7.916665606610549e-06,7.916665606610549e-06,7.916665606610549e-06,0.0,0.0,0.0,0.0,0.13389772190562044,0.0
1728362160.0,7.916665606610549e-06,7.916665606610549e-06,7.916665606610549e-06,7.916665606610549e-06,0.0,0.0,0.0,0.0,0.13389772190562044,0.0
1728362220.0,7.916665606610549e-06,7.916665606610549e-06,7.916665606610549e-06,7.916665606610549e-06,0.0,0.0,0.0,0.0,0.13389772190562044,0.0
1728362280.0,7.916665606610549e-06,7.978469394659718e-06,7.916665606610549e-06,7.978469394659718e-06,17.36120433693487,0.0001379793433601093,0.007806795325239197,0.0,0.13389772190562044,0.007806795325239197
1728362340.0,7.978469394659718e-06,7.978469394659718e-06,7.978469394659718e-06,7.978469394659718e-06,0.0,0.0,0.0,-1.0,0.13494303401505342,0.0
1728362400.0,7.978469394659718e-06,7.978469394659718e-06,7.978469394659718e-06,7.978469394659718e-06,0.0,0.0,0.0,0.0,0.13494303401505342,0.0
1728362460.0,7.978469394659718e-06,7.978469394659718e-06,7.978469394659718e-06,7.978469394659718e-06,0.0,0.0,0.0,0.0,0.13494303401505342,0.0
1728362520.0,7.978469394659718e-06,7.978469394659718e-06,7.978469394659718e-06,7.978469394659718e-06,0.0,0.0,0.0,0.0,0.13494303401505342,0.0
1728362580.0,7.978469394659718e-06,7.978469394659718e-06,7.978469394659718e-06,7.978469394659718e-06,0.0,0.0,0.0,0.0,0.13494303401505342,0.0
1728362640.0,7.978469394659718e-06,7.978469394659718e-06,7.978469394659718e-06,7.978469394659718e-06,0.0,0.0,0.0,0.0,0.13494303401505342,0.0
1728362700.0,7.978469394659718e-06,7.978469394659718e-06,7.978469394659718e-06,7.978469394659718e-06,0.0,0.0,0.0,0.0,0.13494303401505342,0.0
1728362760.0,7.978469394659718e-06,7.978469394659718e-06,7.978469394659718e-06,7.978469394659718e-06,0.0,0.0,0.0,0.0,0.13494303401505342,0.0
1728362820.0,7.978469394659718e-06,7.978469394659718e-06,7.978469394659718e-06,7.978469394659718e-06,0.0,0.0,0.0,0.0,0.13494303401505342,0.0
1728362880.0,7.978469394659718e-06,7.978469394659718e-06,7.978469394659718e-06,7.978469394659718e-06,0.0,0.0,0.0,0.0,0.13494303401505342,0.0
1728362940.0,7.978469394659718e-06,7.978469394659718e-06,7.978469394659718e-06,7.978469394659718e-06,0.0,0.0,0.0,0.0,0.13494303401505342,0.0
1728363000.0,7.978469394659718e-06,7.978469394659718e-06,7.978469394659718e-06,7.978469394659718e-06,0.0,0.0,0.0,0.0,0.13494303401505342,0.0
1728363060.0,7.978469394659718e-06,7.978469394659718e-06,7.978469394659718e-06,7.978469394659718e-06,0.0,0.0,0.0,0.0,0.13494303401505342,0.0
1728363120.0,7.978469394659718e-06,7.978469394659718e-06,7.978469394659718e-06,7.978469394659718e-06,0.0,0.0,0.0,0.0,0.13494303401505342,0.0
1728363180.0,7.978469394659718e-06,7.978469394659718e-06,7.978469394659718e-06,7.978469394659718e-06,0.0,0.0,0.0,0.0,0.13494303401505342,0.0
1728363240.0,7.978469394659718e-06,7.978469394659718e-06,7.978469394659718e-06,7.978469394659718e-06,0.0,0.0,0.0,0.0,0.13494303401505342,0.0
1728363300.0,7.978469394659718e-06,7.978469394659718e-06,7.929419252730988e-06,7.929419252730988e-06,1.1869282658080866,9.440761342457802e-06,-0.006147813509388244,0.0,0.13494303401505342,0.006147813509388244
1728363360.0,7.929419252730988e-06,7.929419252730988e-06,7.929419252730988e-06,7.929419252730988e-06,0.0,0.0,0.0,-1.0,0.13411342940753784,0.0
1728363420.0,7.929419252730988e-06,7.929419252730988e-06,7.929419252730988e-06,7.929419252730988e-06,0.0,0.0,0.0,0.0,0.13411342940753784,0.0
1728363480.0,7.929419252730988e-06,7.929419252730988e-06,7.929419252730988e-06,7.929419252730988e-06,0.0,0.0,0.0,0.0,0.13411342940753784,0.0
1728363540.0,7.929419252730988e-06,7.929419252730988e-06,7.929419252730988e-06,7.929419252730988e-06,0.0,0.0,0.0,0.0,0.13411342940753784,0.0
1728363600.0,7.929419252730988e-06,7.929419252730988e-06,7.929419252730988e-06,7.929419252730988e-06,0.0,0.0,0.0,0.0,0.13411342940753784,0.0
1728363660.0,7.929419252730988e-06,7.929419252730988e-06,7.83741154105071e-06,7.83741154105071e-06,52.02029193841173,0.000410097570418032,-0.011603335471080015,0.0,0.13411342940753784,0.011603335471080015
1728363720.0,7.83741154105071e-06,7.83741154105071e-06,7.78366520045459e-06,7.78366520045459e-06,0.2304863413654434,1.8002224131691894e-06,-0.006857664716802043,-0.9956102582823543,0.13255726629494516,0.006857664716802043
1728363780.0,7.78366520045459e-06,7.78366520045459e-06,7.74759236752719e-06,7.74759236752719e-06,0.0114709084593029,8.907881691008719e-08,-0.004634427611980742,-0.95051788253582,0.13164823300691858,0.004634427611980742
1728363840.0,7.74759236752719e-06,7.74759236752719e-06,7.745431149028192e-06,7.745431149028192e-06,1.2354380757140009,9.570335580142472e-06,-0.0002789535634393961,106.43671629364374,0.13103811880080285,0.0002789535634393961
1728363900.0,7.745431149028192e-06,7.745431149028192e-06,7.745431149028192e-06,7.745431149028192e-06,0.0,0.0,0.0,-1.0,0.13100156525061696,0.0
1728363960.0,7.745431149028192e-06,7.745431149028192e-06,7.745431149028192e-06,7.745431149028192e-06,0.0,0.0,0.0,0.0,0.13100156525061696,0.0
1728364020.0,7.745431149028192e-06,7.745431149028192e-06,7.745431149028192e-06,7.745431149028192e-06,0.0,0.0,0.0,0.0,0.13100156525061696,0.0
1728364080.0,7.745431149028192e-06,7.745431149028192e-06,7.745431149028192e-06,7.745431149028192e-06,0.0,0.0,0.0,0.0,0.13100156525061696,0.0
1728364140.0,7.745431149028192e-06,7.745431149028192e-06,7.745431149028192e-06,7.745431149028192e-06,0.0,0.0,0.0,0.0,0.13100156525061696,0.0
1728364200.0,7.745431149028192e-06,7.745431149028192e-06,7.745431149028192e-06,7.745431149028192e-06,0.0,0.0,0.0,0.0,0.13100156525061696,0.0
1728364260.0,7.745431149028192e-06,7.745431149028192e-06,7.745431149028192e-06,7.745431149028192e-06,0.0,0.0,0.0,0.0,0.13100156525061696,0.0
1728364320.0,7.745431149028192e-06,7.745431149028192e-06,7.745431149028192e-06,7.745431149028192e-06,0.0,0.0,0.0,0.0,0.13100156525061696,0.0
1728364380.0,7.745431149028192e-06,7.745431149028192e-06,7.745431149028192e-06,7.745431149028192e-06,0.0,0.0,0.0,0.0,0.13100156525061696,0.0
1728364440.0,7.745431149028192e-06,7.745431149028192e-06,7.745431149028192e-06,7.745431149028192e-06,0.0,0.0,0.0,0.0,0.13100156525061696,0.0
1728364500.0,7.745431149028192e-06,7.745431149028192e-06,7.745431149028192e-06,7.745431149028192e-06,0.0,0.0,0.0,0.0,0.13100156525061696,0.0
1728364560.0,7.745431149028192e-06,7.745431149028192e-06,6.925678569050476e-06,6.925678569050476e-06,238.0289274727823,0.0017460742555148892,-0.10583692039926908,0.0,0.13100156525061696,0.10583692039926908
1728364620.0,6.925678569050476e-06,6.925678569050476e-06,6.925678569050476e-06,6.925678569050476e-06,0.0,0.0,0.0,-1.0,0.11713676301700778,0.0
1728364680.0,6.925678569050476e-06,6.925678569050476e-06,6.892210803379618e-06,6.892210803379618e-06,8.542391058865954,5.901890731372286e-05,-0.0048324168292213756,0.0,0.11713676301700778,0.0048324168292213756
1728364740.0,6.892210803379618e-06,6.892210803379618e-06,6.892210803379618e-06,6.892210803379618e-06,0.0,0.0,0.0,-1.0,0.11657070935208387,0.0
1728364800.0,6.892210803379618e-06,6.892210803379618e-06,6.892210803379618e-06,6.892210803379618e-06,0.0,0.0,0.0,0.0,0.11657070935208387,0.0
1728364860.0,6.892210803379618e-06,6.892210803379618e-06,6.892210803379618e-06,6.892210803379618e-06,0.0,0.0,0.0,0.0,0.11657070935208387,0.0
1728364920.0,6.892210803379618e-06,6.892210803379618e-06,6.892210803379618e-06,6.892210803379618e-06,0.0,0.0,0.0,0.0,0.11657070935208387,0.0
1728364980.0,6.892210803379618e-06,6.892210803379618e-06,6.892210803379618e-06,6.892210803379618e-06,0.0,0.0,0.0,0.0,0.11657070935208387,0.0
1728365040.0,6.892210803379618e-06,6.892210803379618e-06,6.844720943588061e-06,6.844720943588061e-06,8.50125172301277,5.83905573414089e-05,-0.0068903666974710455,0.0,0.11657070935208387,0.0068903666974710455
1728365100.0,6.844720943588061e-06,6.844720943588061e-06,6.828737563717698e-06,6.828737563717698e-06,0.4345515395751266,2.970911222833165e-06,-0.0023351397379225308,-0.9491200057320521,0.11576749441846369,0.0023351397379225308
1728365160.0,6.828737563717698e-06,6.828737563717698e-06,6.828737563717698e-06,6.828737563717698e-06,0.0,0.0,0.0,-1.0,0.1154971611418874,0.0
1728365220.0,6.828737563717698e-06,6.828737563717698e-06,6.828737563717698e-06,6.828737563717698e-06,0.0,0.0,0.0,0.0,0.1154971611418874,0.0
1728365280.0,6.828737563717698e-06,6.828737563717698e-06,6.828737563717698e-06,6.828737563717698e-06,0.0,0.0,0.0,0.0,0.1154971611418874,0.0
1728365340.0,6.828737563717698e-06,6.828737563717698e-06,6.828737563717698e-06,6.828737563717698e-06,0.0,0.0,0.0,0.0,0.1154971611418874,0.0
1728365400.0,6.828737563717698e-06,6.828737563717698e-06,6.828737563717698e-06,6.828737563717698e-06,0.0,0.0,0.0,0.0,0.1154971611418874,0.0
1728365460.0,6.828737563717698e-06,6.828737563717698e-06,6.828737563717698e-06,6.828737563717698e-06,0.0,0.0,0.0,0.0,0.1154971611418874,0.0
1728365520.0,6.828737563717698e-06,6.828737563717698e-06,6.828737563717698e-06,6.828737563717698e-06,0.0,0.0,0.0,0.0,0.1154971611418874,0.0
1728365580.0,6.828737563717698e-06,6.828737563717698e-06,6.828737563717698e-06,6.828737563717698e-06,0.0,0.0,0.0,0.0,0.1154971611418874,0.0
1728365640.0,6.828737563717698e-06,6.828737563717698e-06,6.828737563717698e-06,6.828737563717698e-06,0.0,0.0,0.0,0.0,0.1154971611418874,0.0
1728365700.0,6.828737563717698e-06,6.828737563717698e-06,6.828737563717698e-06,6.828737563717698e-06,0.0,0.0,0.0,0.0,0.1154971611418874,0.0
1728365760.0,6.828737563717698e-06,6.828737563717698e-06,6.828737563717698e-06,6.828737563717698e-06,0.0,0.0,0.0,0.0,0.1154971611418874,0.0
1728365820.0,6.828737563717698e-06,6.828737563717698e-06,6.828737563717698e-06,6.828737563717698e-06,0.0,0.0,0.0,0.0,0.1154971611418874,0.0
1728365880.0,6.828737563717698e-06,6.828737563717698e-06,6.828737563717698e-06,6.828737563717698e-06,0.0,0.0,0.0,0.0,0.1154971611418874,0.0
1728365940.0,6.828737563717698e-06,6.828737563717698e-06,6.828737563717698e-06,6.828737563717698e-06,0.0,0.0,0.0,0.0,0.1154971611418874,0.0
1728366000.0,6.828737563717698e-06,6.828737563717698e-06,6.828737563717698e-06,6.828737563717698e-06,0.0,0.0,0.0,0.0,0.1154971611418874,0.0
1728366060.0,6.828737563717698e-06,6.828737563717698e-06,6.828737563717698e-06,6.828737563717698e-06,0.0,0.0,0.0,0.0,0.1154971611418874,0.0
1728366120.0,6.828737563717698e-06,6.902623762364527e-06,6.828737563717698e-06,6.902623762364527e-06,28.66798919076755,0.00019682525903532439,0.010819891371927834,0.0,0.1154971611418874,0.010819891371927834
1728366180.0,6.902623762364527e-06,6.975640001211015e-06,6.902623762364527e-06,6.975640001211015e-06,14.33403759873062,9.946577729609626e-05,0.010578041243475805,-0.49464932608956935,0.11674682787920868,0.010578041243475805
1728366240.0,6.975640001211015e-06,6.975640001211015e-06,6.975640001211015e-06,6.975640001211015e-06,0.0,0.0,0.0,-1.0,0.11798178063955991,0.0
1728366300.0,6.975640001211015e-06,7.048861715724163e-06,6.975640001211015e-06,7.048861715724163e-06,28.668206144197,0.00020102865314537124,0.010496773701113626,0.0,0.11798178063955991,0.010496773701113626
1728366360.0,7.048861715724163e-06,7.048861715724163e-06,7.048861715724163e-06,7.048861715724163e-06,0.0,0.0,0.0,-1.0,0.1192202086917878,0.0
1728366420.0,7.048861715724163e-06,7.048861715724163e-06,7.048861715724163e-06,7.048861715724163e-06,0.0,0.0,0.0,0.0,0.1192202086917878,0.0
1728366480.0,7.048861715724163e-06,7.048861715724163e-06,7.048861715724163e-06,7.048861715724163e-06,0.0,0.0,0.0,0.0,0.1192202086917878,0.0
1728366540.0,7.048861715724163e-06,7.048861715724163e-06,7.048861715724163e-06,7.048861715724163e-06,0.0,0.0,0.0,0.0,0.1192202086917878,0.0
1728366600.0,7.048861715724163e-06,7.048861715724163e-06,7.048861715724163e-06,7.048861715724163e-06,0.0,0.0,0.0,0.0,0.1192202086917878,0.0
1728366660.0,7.048861715724163e-06,7.048861715724163e-06,7.048861715724163e-06,7.048861715724163e-06,0.0,0.0,0.0,0.0,0.1192202086917878,0.0
1728366720.0,7.048861715724163e-06,7.048861715724163e-06,7.048861715724163e-06,7.048861715724163e-06,0.0,0.0,0.0,0.0,0.1192202086917878,0.0
1728366780.0,7.048861715724163e-06,7.048861715724163e-06,6.966033028944618e-06,6.966033028944618e-06,43.39755556968997,0.00030410608674255965,-0.011750647142754415,0.0,0.1192202086917878,0.011750647142754415
1728366840.0,6.966033028944618e-06,6.966033028944618e-06,6.966033028944618e-06,6.966033028944618e-06,0.0,0.0,0.0,-1.0,0.11781929408716506,0.0
1728366900.0,6.966033028944618e-06,6.966033028944618e-06,6.966033028944618e-06,6.966033028944618e-06,0.0,0.0,0.0,0.0,0.11781929408716506,0.0
1728366960.0,6.966033028944618e-06,6.966033028944618e-06,6.966033028944618e-06,6.966033028944618e-06,0.0,0.0,0.0,0.0,0.11781929408716506,0.0
1728367020.0,6.966033028944618e-06,6.966033028944618e-06,6.966033028944618e-06,6.966033028944618e-06,0.0,0.0,0.0,0.0,0.11781929408716506,0.0
1728367080.0,6.966033028944618e-06,6.966033028944618e-06,6.966033028944618e-06,6.966033028944618e-06,0.0,0.0,0.0,0.0,0.11781929408716506,0.0
