time,open,high,low,close,volume,usd_vol,price_change,vol_change,norm_open,mov_in_min
1739746140.0,7.35567948070631e-05,0.000164303407574,7.3506113362692e-05,0.0001636490910159,18899.59354149216,2.2415474138517997,1.2247991017708948,0.0,1.0,1.2343835052827699
1739746200.0,0.0001636490910159,0.0005651802764794,0.0001627400691659,0.0004498319709664,47920.5997488698,14.69919021238269,1.7487593617168011,5.557608427797696,2.224799101770895,2.459165552434381
1739746260.0,0.0004498319709664,0.0012812037134188,0.0004324191817433,0.0012056152959231,108761.11019556984,90.02414130856192,1.6801458627607262,5.12442862551197,6.115437358931877,1.886892409741369
1739746320.0,0.0012056152959231,0.0021750245004979,0.0011162601402354,0.0018905767599621,129948.47326739192,201.17271530245458,0.568142645796931,1.2346529761714222,16.390264136513654,0.878194199959813
1739746380.0,0.0018905767599621,0.0058513475533594,0.0018566485942324,0.004886161830795,386268.3298114168,1308.8197485101596,1.5844821190401979,5.5059506034026775,25.702272168343068,2.112952535821439
1739746440.0,0.004886161830795,0.0057720447227019,0.002980419828322,0.0039991367914814,463477.7120492015,2059.068938163294,-0.1815382032013616,0.5732257558820835,66.4270628377872,0.5713328766120074
1739746500.0,0.0039991367914814,0.0059198699199102,0.0033297437564496,0.0045862152183172,289407.5767458797,1242.3329603330906,0.14680128673926365,-0.396653051625721,54.36801320627137,0.6476713097130992
1739746560.0,0.0045862152183172,0.005295372064742,0.003842552920112,0.004975224376236,215832.85491539736,1031.8364023967683,0.08482139180148156,-0.16943650748820552,62.34930750240928,0.31677953943972936
1739746620.0,0.004975224376236,0.0056145595303472,0.0041843848918503,0.0051356899110799,253412.1096866261,1281.1140602046858,0.03225292423199202,0.24158641547137777,67.6378625426222,0.28745932451370093
1739746680.0,0.0051356899110799,0.0080190506073996,0.0051356899110799,0.0064519629695242,239985.45716382423,1390.43408700374,0.2562991693880371,0.08533200141569591,69.81938139842327,0.5614359017469194
1739746740.0,0.0064519629695242,0.0079415401725043,0.0051915459625844,0.0071300813127503,246444.7438957005,1673.6117123626013,0.10510264030174808,0.20366130836815405,87.71403085802574,0.42622597539841395
1739746800.0,0.0071300813127503,0.0075452256695016,0.005261427254349,0.0058852106826373,163953.25871938333,1066.949767914051,-0.1745941701796405,-0.3624866747569176,96.93300709271325,0.32030468026621506
1739746860.0,0.0058852106826373,0.007239045501327,0.0054588544497842,0.0055407922847665,370109.0329050533,2114.4334541180447,-0.05852269637294578,0.9817553906515066,80.00906915634377,0.30248552643914095
1739746920.0,0.0055407922847665,0.0077235464859572,0.00505117309245,0.0064060815702242,219529.2109089843,1311.3438951076419,0.15616706799074043,-0.37981311610744495,75.32672269502504,0.48230889305387836
1739746980.0,0.0064060815702242,0.0079893443876334,0.0050453047765605,0.0061122335377439,287192.95174697164,1797.5859333780343,-0.04587016716211072,0.37079673767076876,87.09027611965867,0.4595694854647104
1739747040.0,0.0061122335377439,0.0072176427215711,0.0059046207758615,0.006707155652023,151530.44776814603,971.2638920197546,0.09733301429099082,-0.4596843054982358,83.09543059585555,0.21481868086379644
1739747100.0,0.006707155652023,0.0088438634948949,0.0061459794871658,0.0075031471981044,287543.8645577453,2043.0426990307874,0.11867795938824148,1.1034887797406492,91.18335932955799,0.4022396598050276
1739747160.0,0.0075031471981044,0.0083297314533517,0.0058891811174596,0.0061337806835612,213804.150515737,1457.8158906919414,-0.18250561776119195,-0.2864486428093136,102.00481434495471,0.3252702194765261
1739747220.0,0.0061337806835612,0.0072082922491614,0.0060301114529054,0.0060449345587718,172672.56721957304,1051.4650131648918,-0.014484724735514546,-0.27873950347336257,83.38836268831305,0.19208068514962973
1739747280.0,0.0060449345587718,0.0068665926519695,0.0049475282182287,0.0050085494889421,188494.9899518188,1041.7631822532105,-0.1714468634446675,-0.009226965034698569,82.1805052086276,0.3174665358380177
1739747340.0,0.0050085494889421,0.005432149223396,0.0043536743795765,0.0049924552424462,186624.1369753507,933.2144384408703,-0.003213354790929494,-0.10419713967771656,68.09091535431023,0.21532678197561245
1739747400.0,0.0049924552424462,0.0057495620907346,0.004337887760619,0.0050649997898266,161119.19401498465,810.2245243208724,0.014530835802717034,-0.13179169658527592,67.87211508523768,0.28276153947529603
1739747460.0,0.0050649997898266,0.006210598811576,0.0047378148473176,0.0057031503809376,73433.57655299977,395.3718899495052,0.12599222459846285,-0.512021818543564,68.85835364512438,0.29077670787204934
1739747520.0,0.0057031503809376,0.0063136067000117,0.0052951078281933,0.0059194495064976,100510.94070339024,584.0992240526147,0.03792625323066456,0.47734130549142656,77.53397080306128,0.17858530878348652
1739747580.0,0.0059194495064976,0.0063403294041268,0.0042775523313815,0.0046323685016389,121373.81895395114,640.3572242773004,-0.2174325506866661,0.09631582770193524,80.47454381371713,0.348474477310948
1739747640.0,0.0046323685016389,0.0048201194177049,0.0037702282490644,0.0042650671155708,158396.4364247388,704.6610475422814,-0.07929019160244939,0.1004186738699693,62.97675848695475,0.2266424116019818
1739747700.0,0.0042650671155708,0.0050106756356279,0.0034861574042739,0.0042809192631495,184311.77899233103,787.5629763530837,0.0037167404753906132,0.11764795159310695,57.98331924002293,0.3574429639778298
1739747760.0,0.0042809192631495,0.0044607664716916,0.0038061252227409,0.0041269163972523,93656.33667772786,393.7235436707987,-0.035974251423723146,-0.5000735744410073,58.19882818953982,0.15292071835736434
1739747820.0,0.0041269163972523,0.0046633012013932,0.0040743437876244,0.0040743437876244,63912.91099693932,262.08320612938326,-0.012738956782091087,-0.3343471317820987,56.10516891168324,0.14271125389429443
1739747880.0,0.0040743437876244,0.0041740069188106,0.0030257018327932,0.0034011047947161,205542.38803218267,768.2607766130304,-0.16523863178979328,1.931362096637971,55.39044758966539,0.2818380445718191
1739747940.0,0.0034011047947161,0.0036454939491375,0.0030056867751704,0.0036194039030587,87126.98922040423,305.83789281638957,0.0641847639278113,-0.6019087500930185,46.237805815724826,0.18811745376416913
1739748000.0,0.0036194039030587,0.0039345800430222,0.0029860270361938,0.0030310784175074,77318.3355577187,257.1021118411028,-0.16254761869879056,-0.15935167655809548,49.205568466547106,0.26207437253045823
1739748060.0,0.0030310784175074,0.0032268635488484,0.0025358817318693,0.0030906130549569,144589.7335431349,442.5668694184472,0.019641404559390452,0.7213661383379358,41.20732048558958,0.22796566825457695
1739748120.0,0.0030906130549569,0.0032078948765026,0.0028626163322541,0.0031793863869583,29020.92569831719,90.98059396615564,0.02872353491777953,-0.7944252038438661,42.016690138055495,0.11171846430103012
1739748180.0,0.0031793863869583,0.0036491581435388,0.0030523150030012,0.0030830442092114,62427.99688418257,195.4754988725458,-0.03030212941154025,1.1485405881749002,43.22355800436546,0.18772274517681276
1739748240.0,0.0030830442092114,0.0035777526188128,0.0030792585207381,0.0033717161349162,38744.06264811778,125.04181957573302,0.09363210713693863,-0.3603197316444096,41.91379215608996,0.16168892310571442
1739748300.0,0.0033717161349162,0.0034321185451377,0.0024277485350604,0.0024596958891107,68746.28675208091,200.44396158664287,-0.27049140832496776,0.6030153933040112,45.83826883376435,0.29788095138746373
1739748360.0,0.0024596958891107,0.003054722212427,0.0024270466233126,0.0030394373253857,68716.22802519955,188.93984595414162,0.2356963878508594,-0.05739317633436687,33.43941094174095,0.2551842249658496
1739748420.0,0.0030394373253857,0.0031343831384522,0.0026831565606769,0.0028530722202876,25324.79322701383,74.61329291619077,-0.061315659823467636,-0.6050949838590401,41.320959312569805,0.14845727332707534
1739748480.0,0.0028530722202876,0.0030151561312033,0.0025847575287255,0.0027433907479896,31491.712184037,88.12110052280347,-0.038443286334666926,0.18103754811874231,38.787337427780926,0.1508544366375746
1739748540.0,0.0027433907479896,0.0029876526161447,0.0027377859281997,0.0029771637014383,14535.27298427113,41.57491027191069,0.08521314494481416,-0.5282070919989001,37.2962247088854,0.09107951104964042
1739748600.0,0.0029771637014383,0.0030884051507906,0.0026485543856061,0.0029313393764663,26474.82246929335,78.21328502339881,-0.015391939969529355,0.881261667478382,40.47435331089801,0.1477415450725814
1739748660.0,0.0029313393764663,0.0033185800045558,0.0028639921969086,0.0031914791627439,12968.10011116773,39.70066188949581,0.08874434272813411,-0.49240513452901646,39.85137449443115,0.15507853211974412
1739748720.0,0.0031914791627439,0.0035295898850446,0.0029817106916614,0.003080753230231,35536.52532009874,111.44667262324803,-0.03469423639216325,1.807174170885426,43.387958530752165,0.17166936252598208
1739748780.0,0.003080753230231,0.0031010295471532,0.0023544913707809,0.00240190696168,63046.08534483749,172.83013118798198,-0.22035074471060406,0.5507877186449909,41.88264644091287,0.24232326336514887
1739748840.0,0.00240190696168,0.002406179090608,0.0018922696953959,0.0019373972886717,76274.50289132367,165.48913729489192,-0.19339203408753242,-0.04247519713507297,32.65377410720679,0.21395890990409094
1739748900.0,0.0019373972886717,0.0022693210661076,0.0019366158066539,0.0020523848599032,35296.66229470337,70.41299656384213,0.0593515702245751,-0.5745159004704321,26.33879431197927,0.17172794728220458
1739748960.0,0.0020523848599032,0.0020716611069235,0.0015365362676107,0.0016537659668309,80942.28406679996,149.9921565059585,-0.19422229273855615,1.1301771523097082,27.90204311221735,0.2607331839984626
1739749020.0,0.0016537659668309,0.0017568441556025,0.0012886122473887,0.0015914395390251,111942.61430781183,181.6383941458128,-0.03768757433389183,0.21098595004597565,22.482844326872456,0.28313069539765023
1739749080.0,0.0015914395390251,0.0017427580186522,0.0012807742912687,0.0013173706868367,47756.00942257321,69.45658427736672,-0.172214429431791,-0.6176106675904135,21.635520460066132,0.2902929806975304
1739749140.0,0.0013173706868367,0.0014638995183507,0.0011856435302551,0.0013356252078,28996.809288637,38.46420800015864,0.013856783930067038,-0.4462122144308689,17.909571648576005,0.2112207223646024
1739749200.0,0.0013356252078,0.0015310512210937,0.0013100510747789,0.0013100510747789,28462.50192093725,37.651283137540034,-0.01914768669515073,-0.02113457951910138,18.157740713190375,0.16546568979393889
1739749260.0,0.0013100510747789,0.0013810138187906,0.0010409472605546,0.0013704888450846,50732.37240756688,67.99507473393228,0.04613390383722258,0.8059165337220106,17.810061982922424,0.2595826718384958
1739749320.0,0.0013704888450846,0.0019457371435096,0.0013585808812611,0.0017835514504554,61441.06624630578,96.8937993708955,0.30139800615838047,0.4250120284453718,18.631709669777543,0.4284283409926295
1739749380.0,0.0017835514504554,0.0019036128255777,0.0016376901422483,0.0016695021159536,23996.79972700635,41.431117439870896,-0.06394507681439711,-0.572406926873839,24.24726981557031,0.1490972874718591
1739749440.0,0.0016695021159536,0.0018778072643971,0.0016695021159536,0.0017803491471755,14751.68724134814,25.445563431425153,0.06639526249332449,-0.3858344885736095,22.696776284674254,0.1247708202660878
1739749500.0,0.0017803491471755,0.0017803491471755,0.0015092839139847,0.0016899494197455,15543.0978382736,26.96959507683688,-0.0507764039280823,0.05989380622358538,24.203734703847463,0.15225397423917741
1739749560.0,0.0016899494197455,0.0017047295284001,0.001395916850365,0.0014592326653736,13186.72118300646,20.763693055492244,-0.13652287558206627,-0.23010734880015465,22.97475609395676,0.18273486438523467
1739749620.0,0.0014592326653736,0.0019123135773384,0.0014240393425465,0.0019061800220848,21173.98389574238,35.62959702338563,0.306289303492785,0.7159566425954835,19.838176326213183,0.33461026906692065
1739749680.0,0.0019061800220848,0.0019172675749249,0.0016309315555086,0.00174202837738,13959.32243196937,25.46325867357403,-0.0861154994821877,-0.2853340817505986,25.914397535736075,0.15021457370177066
1739749740.0,0.00174202837738,0.0023670069952167,0.00162707854936,0.0022933221168408,46692.20513369463,94.2097065312568,0.31646656657220623,2.6998291435898727,23.68276624816619,0.42475108641430265
1739749800.0,0.0022933221168408,0.0034097735307939,0.0016571564776266,0.0016753733879765,82812.16352878486,164.32813057044183,-0.26945570547043973,0.7442802511641537,31.177569969655472,0.7642262900170534
1739749860.0,0.0016753733879765,0.0017094666405917,0.0011408962490728,0.001284248893292,59459.10167646922,87.98824107294377,-0.2334551196118117,-0.46455764592766285,22.77659585862796,0.33936935825727427
1739749920.0,0.001284248893292,0.0014825913416214,0.0012383586704314,0.0014824555201044,34748.67406592607,48.069654948935344,0.15433661484755018,-0.4536809196005547,17.459282948102075,0.19017549671695036
1739749980.0,0.0014824555201044,0.001681573618629,0.0014104340217046,0.0014641201906578,37237.53817721744,54.86161276078451,-0.012368215570682833,0.14129408291081555,20.153889575977704,0.1828989762237894
1739750040.0,0.0014641201906578,0.0014757554270357,0.0012246962302599,0.001268249822094,12720.48827522085,17.37854035538716,-0.13378025234103177,-0.6832295027278259,19.904621925114277,0.1714744447742395
1739750100.0,0.001268249822094,0.0013465574884492,0.0011824711569075,0.0011885559216318,14335.80486624749,17.610143868164553,-0.06283769890905085,0.013326983051577118,17.241776581219654,0.1293801336954087
1739750160.0,0.0011885559216318,0.0012016593848857,0.0008606307213158,0.000970996224426,30729.60658938733,33.18109392881166,-0.1830454026152227,0.88420345553202,16.15834301575185,0.28692689789614
1739750220.0,0.000970996224426,0.0010497335380468,0.0008748585214198,0.0009302340054895,23277.92094580689,22.128343495875637,-0.04197979138445824,-0.3331038589821401,13.20063261283868,0.18009855468838365
1739750280.0,0.0009302340054895,0.0011976707024347,0.0009073948757132,0.0010685922912598,23618.69603334043,23.60483536318462,0.14873492578622124,0.06672401246772842,12.646472809608836,0.3120460282128189
1739750340.0,0.0010685922912598,0.001156833005198,0.0009104385678112,0.0009511323723398,28502.41798042409,28.78351828364362,-0.10992023794362447,0.21939076637390806,14.527445004403472,0.23057852784649704
1739750400.0,0.0009511323723398,0.0009936946266372,0.0009386631993727,0.000939785903466,7133.61901268069,6.744545281856821,-0.01192943191060516,-0.7656803030333703,12.930584792806524,0.057858852106065825
1739750460.0,0.000939785903466,0.00127927582817,0.0009213723921275,0.0012766216595829,19287.07888064204,21.374013750087865,0.3584175447563373,2.169081510592727,12.776330261956431,0.38083507607692957
1739750520.0,0.0012766216595829,0.0012766216595829,0.0011759764479877,0.0011794149205586,6073.93254800218,7.45890026160271,-0.07614373318408173,-0.6510295001764913,17.355591185442947,0.0788371486882676
1739750580.0,0.0011794149205586,0.0012288462724942,0.0011305401428238,0.0012288462724942,11006.1901946778,13.252890364600393,0.04191175732471492,0.7767887892031843,16.03407168096658,0.08335160761222156
1739750640.0,0.0012288462724942,0.0014111937485591,0.0011821843254837,0.0012070848256757,13987.29864832859,17.036047878426707,-0.017708843901467406,0.2854590515538748,16.706087802186335,0.18636132785802204
1739750700.0,0.0012070848256757,0.0012070848256757,0.0009831027566817,0.0009981917745899,11677.03001133454,12.875540522297609,-0.17305581732324915,-0.2442178717634201,16.41024230109321,0.18555619640783722
1739750760.0,0.0009981917745899,0.0011790298646796,0.0009932098370055,0.0011683215354166,6803.34683684023,7.36977073730249,0.17043795106065326,-0.4276146524070453,13.570354407204967,0.18615664084232988
1739750820.0,0.0011683215354166,0.0011765830988893,0.0011037892780122,0.0011172688543246,2694.01180322763,3.078703743653216,-0.04369745788670728,-0.5822524399476646,15.883257807535886,0.062306324646445234
1739750880.0,0.0011172688543246,0.0012518258825803,0.0010919367268566,0.0012383357479946,5607.05644929066,6.604003988706315,0.10835967833649679,1.1450599143618632,15.189199818387372,0.14310714480656908
1739750940.0,0.0012383357479946,0.001247458964156,0.0012120871256278,0.001219969635629,2360.83966565282,2.901832429973233,-0.014831286583903185,-0.5605949913210629,16.835096624896604,0.028564013100229275
1739751000.0,0.001219969635629,0.001219969635629,0.0010465979305108,0.001062197029175,5805.81390784362,6.624917481268076,-0.12932502731730242,1.2830117317729421,16.58541048218506,0.14211149200349718
1739751060.0,0.001062197029175,0.001071167507307,0.0010016213773711,0.0010472962904097,3520.36192688034,3.7130899836372,-0.014028224854736496,-0.4395266063108038,14.440501818507803,0.06547385092002757
1739751120.0,0.0010472962904097,0.0010960328675251,0.0009931003777711,0.0010954153110402,4847.89996257516,5.193825746239166,0.045945947742902796,0.3987880092126111,14.237927211982544,0.09828402019234976
1739751180.0,0.0010954153110402,0.0010954153110402,0.0010336040634269,0.001047883782743,4319.08442753534,4.628544869754814,-0.04339133095744694,-0.10883708928696163,14.892102271631549,0.056427226267820214
1739751240.0,0.001047883782743,0.001047883782743,0.0010015857492136,0.0010200640046083,2229.68736697386,2.30543852850937,-0.026548533905045635,-0.5019085709691964,14.245914133311036,0.04418241248872826
1739751300.0,0.0010200640046083,0.0010200640046083,0.0009988885699228,0.0009988885699228,559.91382594821,0.5652197302068485,-0.02075892746909674,-0.7548320099550417,13.86770599893446,0.02075892746909674
1739751360.0,0.0009988885699228,0.0009988885699228,0.0005222213382152,0.0006384730956105,39025.87234983034,31.949733674804076,-0.36081649661899234,55.52621797740803,13.579827295939822,0.47719760347687196
1739751420.0,0.0006384730956105,0.0006940893492636,0.0005404037125912,0.000617941662252,19382.94077705912,12.176506421535956,-0.03215708461273231,-0.6188855110508014,8.680001586327851,0.2407080857893436
1739751480.0,0.000617941662252,0.000617941662252,0.0004841569190677,0.0005453224426633,16227.22209329218,9.438272491807654,-0.11751792122908436,-0.2248784532224555,8.400878040877656,0.21650060411324368
1739751540.0,0.0005453224426633,0.0005453224426633,0.0004766501518309,0.0005166785870882,7932.34762217926,4.212080671550618,-0.052526456522138124,-0.553723345537367,7.413624317014651,0.12592969857798517
1739751600.0,0.0005166785870882,0.0005220707995386,0.0004792114617947,0.0004943118393626,3946.76724952968,1.9950719523520313,-0.04328948070337168,-0.5263452654581818,7.024212901655515,0.08295164308131786
1739751660.0,0.0004943118393626,0.000495994381197,0.0004120757259107,0.0004261763462814,7118.35649159815,3.2761815258591853,-0.13783908791069757,0.6421370276880629,6.720138372792924,0.1697686533151027
1739751720.0,0.0004261763462814,0.0004266103693387,0.0003136329266967,0.0003339803079122,14167.75433510872,5.3848563664065585,-0.21633307238577676,0.6436379742402609,5.793840628853468,0.2650955258962263
1739751780.0,0.0003339803079122,0.0003692347251666,0.0003310303129324,0.0003330923013628,8372.36001113712,2.7924860192094534,-0.002658859005643719,-0.4814186620407584,4.540441284700057,0.11439121208380816
1739751840.0,0.0003330923013628,0.0004305923929849,0.0003328015168632,0.0004191434619276,6125.35378347533,2.3038550893681524,0.2583402864993692,-0.17498061815888027,4.5283688915006355,0.2935849184193164
1739751900.0,0.0004191434619276,0.0004343407816902,0.0004158554419214,0.0004343407816902,1460.30080338536,0.6231718633159099,0.03625803845945497,-0.7295090884006863,5.6982290083057405,0.044102655648707315
1739751960.0,0.0004343407816902,0.0004350928707507,0.0002897447291809,0.0002934212937447,10929.28160082743,3.976958330415318,-0.32444452348481734,5.381800213594118,5.904835614839672,0.3346407882865388
1739752020.0,0.0002934212937447,0.0003140887645507,0.0002908171826957,0.0003115827907961,2287.64083808651,0.6920160255023388,0.06189563415667435,-0.825993644386495,3.989044037526836,0.07931115549932835
1739752080.0,0.0003115827907961,0.0003479485015609,0.0003095050992301,0.0003410843115582,3021.74108284623,0.9860954983030967,0.09468276693562896,0.4249604950799858,4.23594844790846,0.12338101931938017
1739752140.0,0.0003410843115582,0.0003410843115582,0.0003349644052665,0.0003371339381696,377.84034802649,0.12812910975753444,-0.011581809115034423,-0.8700641976583171,4.637019767553116,0.017942503024375424
1739752200.0,0.0003371339381696,0.0003371339381696,0.000325998243487,0.000325998243487,537.00889251128,0.17805393922999987,-0.033030476679562305,0.3896447073341948,4.583314689742674,0.033030476679562305
1739752260.0,0.000325998243487,0.000325998243487,0.0002064604736636,0.0002110746780809,12352.74191579451,3.3171615950450075,-0.3525281737006748,17.630093832184688,4.431925620768034,0.36668225124399134
1739752320.0,0.0002110746780809,0.000217127702476,0.000206422806207,0.000206422806207,2357.04858564054,0.4920309274246391,-0.022038985993938352,-0.85167110093171,2.8695469757014496,0.050716155847443954
1739752380.0,0.000206422806207,0.000206422806207,0.0001832119427717,0.0001939132126848,2679.71938775626,0.5363940957207565,-0.06060179953980189,0.09016337352678334,2.806305070095017,0.1124433092534564
1739752440.0,0.0001939132126848,0.0002319839744799,0.0001939132126848,0.0002100337968009,5024.19592532811,1.0147544595532647,0.08313298455997176,0.8918076609134411,2.636237932789589,0.19632886933281246
1739752500.0,0.0002100337968009,0.0002107496395213,0.0001835407988456,0.000185477774867,2670.44329412052,0.5280956121538055,-0.11691462187477247,-0.47958286146749807,2.855396260152598,0.1295450593672428
1739752560.0,0.000185477774867,0.0001870461141186,0.0001804181748868,0.0001819852941217,590.91811748067,0.1085702924852361,-0.018829645480728584,-0.7944116747298111,2.5215586860942176,0.03573441204237363
1739752620.0,0.0001819852941217,0.0001831881822308,0.0001810139967472,0.0001831881822308,471.02948914357,0.0860037380075498,0.006609809407432709,-0.20785201882692728,2.4740786299762116,0.011947039424768383
1739752680.0,0.0001831881822308,0.0002114419395306,0.0001824314975457,0.0002114419395306,2235.82847476284,0.4411626316166324,0.15423351526138784,4.129575084026058,2.4904318181793568,0.1583641566372964
1739752740.0,0.0002114419395306,0.000261572368494,0.0002114419395306,0.000243298918474,5438.4612731974,1.2365452727992876,0.15066537421157947,1.8029238747352425,2.8745398720159683,0.23708838972386137
1739752800.0,0.000243298918474,0.0002452086500367,0.0002168407245927,0.0002168407245927,2452.77580301764,0.5643096912615877,-0.10874768390771714,-0.5436400884990608,3.30763349751936,0.11659700594613001
1739752860.0,0.0002168407245927,0.0002193546838816,0.0002162822643078,0.0002174931522048,409.2290396638,0.08887101764764808,0.0030087872715121706,-0.8425137490568957,2.9479360154485477,0.014169015435504776
1739752920.0,0.0002174931522048,0.0002347557705289,0.0002162952494031,0.0002347557705289,1148.23279991201,0.2596435234038533,0.07937085903212641,1.9215770256314222,2.9568057278090616,0.08487863152774966
1739752980.0,0.0002347557705289,0.0002552869289141,0.0002347557705289,0.0002449479161083,1981.68975371735,0.4753119403146888,0.04341595333923966,0.8306327617322528,3.1914899384163786,0.08745752378714154
1739753040.0,0.0002449479161083,0.0002460042714749,0.0002436768743759,0.0002450633059677,182.31498437618,0.044668194148469405,0.0004710791634129657,-0.9060234125006495,3.330051516665317,0.009501599915514178
1739753100.0,0.0002450633059677,0.000245585976497,0.0002426292495945,0.0002426292495945,121.89977363224,0.029724806062580406,-0.00993235753344827,-0.33454202415749656,3.3316202345479096,0.012065155535319946
1739753160.0,0.0002426292495945,0.0002426292495945,0.0002366485173459,0.0002366485173459,368.9067765747,0.08840440804295165,-0.024649675414631315,1.9740953685898421,3.298529391212709,0.024649675414631315
1739753220.0,0.0002366485173459,0.0002366485173459,0.0002326034457325,0.0002338310136656,325.77058359105,0.07663419569262994,-0.011905858155797233,-0.13314055951376427,3.217221712373694,0.017093162715604477
1739753280.0,0.0002338310136656,0.0002338310136656,0.0001625975290404,0.0001642357108354,7982.23215140946,1.5887305033590668,-0.2976307622295464,19.731352224681313,3.178917927010422,0.30463659849274943
1739753340.0,0.0001642357108354,0.0001642357108354,0.0001526068748747,0.0001614127314705,1594.93797561336,0.25969453366650813,-0.017188584325179102,-0.836539593645723,2.2327741613291407,0.0708057699604358
1739753400.0,0.0001614127314705,0.000171620900654,0.0001614127314705,0.0001689635836151,1006.1078760693,0.16619710633718743,0.04677978047834472,-0.360028476569273,2.1943959343780537,0.06324265186829858
1739753460.0,0.0001689635836151,0.0002092558208102,0.0001675174359066,0.0002088799591728,3376.39916156526,0.6378753105359565,0.23624247724663408,2.8380650818420943,2.297049294470831,0.24702592126999554
1739753520.0,0.0002088799591728,0.0002200624248495,0.0001969699708872,0.0002045921671776,3018.17424096783,0.6239654605544865,-0.020527541331300476,-0.021806534524408196,2.8397099101542533,0.11055370775516242
1739753580.0,0.0002045921671776,0.0002184278988327,0.0002036846074084,0.0002184278988327,961.40531406374,0.20334686970894822,0.0676259108350401,-0.6741055674327804,2.781417647604658,0.07206185665701363
1739753640.0,0.0002184278988327,0.0002216493196965,0.0002165208462478,0.0002165208462478,854.13335894779,0.18575211630286678,-0.008730810464649763,-0.08652581390244625,2.969513549436578,0.023479022030185072
1739753700.0,0.0002165208462478,0.0002219682078754,0.0002161343929964,0.0002208638940835,414.88857856589,0.09073296660123197,0.020058335772111018,-0.5115373735323001,2.943587289464238,0.026943432838440994
1739753760.0,0.0002208638940835,0.0002208638940835,0.000204164962979,0.000204164962979,1206.08327862162,0.2563100987173699,-0.0756073380567435,1.8248839238756882,3.0026307516908295,0.0756073380567435
1739753820.0,0.000204164962979,0.0002356205135937,0.0002015912567579,0.0002356205135937,2295.99216878636,0.5048720050784482,0.15406928865622965,0.9697702416133221,2.775609833388167,0.16667530186998925
1739753880.0,0.0002356205135937,0.0002470509745286,0.0002356205135937,0.0002436570910403,1162.31266584614,0.2785352151612484,0.0341081399239207,-0.448305288549384,3.2032460660055184,0.0485121637354991
1739753940.0,0.0002436570910403,0.0002436570910403,0.0002359607142106,0.0002359607142106,421.50208649117,0.101079952815785,-0.03158691912819007,-0.6371017116910398,3.312502831035583,0.03158691912819007
1739754000.0,0.0002359607142106,0.0002382664562495,0.0002359607142106,0.0002382664562495,115.149724,0.027303563895890736,0.009771720036590922,-0.7298815132447616,3.2078710719997616,0.009771720036590922
1739754060.0,0.0002382664562495,0.0002540241261963,0.0002371864227059,0.0002540241261963,1097.90086385573,0.27024312786764215,0.06613465527140495,8.897723568179117,3.239217490028822,0.07066753648599378
1739754120.0,0.0002540241261963,0.0002660940055452,0.0002540241261963,0.0002660940055452,1068.8007053906,0.2779513130458781,0.04751469685038066,0.028523149650677603,3.4534420220809836,0.04751469685038066
1739754180.0,0.0002660940055452,0.0002702934575597,0.0002655324149476,0.0002702934575597,682.86621454647,0.18314043823031373,0.015781836219480837,-0.34110605118787507,3.617531272850527,0.01789233320887888
1739754240.0,0.0002702934575597,0.0002792407773445,0.0002702934575597,0.0002792407773445,554.71818764115,0.15241831741641193,0.03310224326396734,-0.16775170525291785,3.674622558917504,0.03310224326396734
1739754300.0,0.0002792407773445,0.0002792407773445,0.0002370354048819,0.0002370354048819,4458.86744989394,1.1510035320424035,-0.15114329957093314,6.55160896375613,3.7962608087660534,0.15114329957093314
1739754360.0,0.0002370354048819,0.0002370354048819,0.0002317238623642,0.0002326825710609,374.68969689384,0.08799924301579788,-0.018363644128052345,-0.9235456359897982,3.222481424097333,0.022408224291837007
1739754420.0,0.0002326825710609,0.0002394779333942,0.0002314017023658,0.0002394779333942,503.05143653491,0.11876051002059292,0.029204432039396093,0.3495628592995133,3.1633049220159504,0.034709222059808746
1739754480.0,0.0002394779333942,0.0002397885947794,0.0002383134652061,0.0002397885947794,79.10755035212,0.0189568005047894,0.001297244304712728,-0.840377912645354,3.255687445630852,0.006159772436618697
1739754540.0,0.0002397885947794,0.0002732373975057,0.0002392160470497,0.0002732373975057,2137.19431463734,0.5482181169864477,0.1394928843762236,27.91933777790938,3.2599108676276214,0.14188060315086648
1739754600.0,0.0002732373975057,0.0002855228638336,0.0002732373975057,0.0002855228638336,900.75256496355,0.25165236930053897,0.04496260921839492,-0.5409630555738092,3.714645237362396,0.04496260921839492
1739754660.0,0.0002855228638336,0.0002855228638336,0.000282524666672,0.000285087400758,360.97709151823,0.10298861685136171,-0.0015251425744097452,-0.5907504581116569,3.881665379554893,0.010500725305653078
1739754720.0,0.000285087400758,0.0002931392633249,0.0002842193268313,0.0002931392633249,491.82637819761,0.1421935629865894,0.02824348794612274,0.3806726154193352,3.8757452864249218,0.031288427583553
1739754780.0,0.0002931392633249,0.0002969670874779,0.0002845092880935,0.0002845092880935,1255.97740764129,0.36275676506911425,-0.02943984757795814,1.551147586781595,3.985209851704306,0.04249788732870092
1739754840.0,0.0002845092880935,0.0002850883925788,0.0002805042890447,0.0002805042890447,199.18147129515,0.05627011779806121,-0.014076865734815041,-0.8448819616435261,3.867885881103954,0.016112315927603347
1739754900.0,0.0002805042890447,0.0002805484358187,0.0002762977876725,0.0002776360459235,345.33977907025,0.09637402998405677,-0.01022530932046787,0.7127035406237827,3.813438170878067,0.015153594123912558
1739754960.0,0.0002776360459235,0.0002776360459235,0.000274232010058,0.0002763475688063,222.83355018212,0.06172306780648257,-0.0046408855626587356,-0.359546676457408,3.77444458600636,0.012260784993451304
1739755020.0,0.0002763475688063,0.0002763475688063,0.0002709401871697,0.0002709401871697,547.7554659065,0.14988992987977837,-0.01956732118164642,1.4284264409818581,3.756927820620107,0.01956732118164642
1739755080.0,0.0002709401871697,0.0002709401871697,0.0002605299772104,0.0002650072718474,658.38222153686,0.17642913934735677,-0.021897509499334576,0.17705798841099332,3.683414807297771,0.03842253918862052
1739755140.0,0.0002650072718474,0.0003034115695482,0.0002650072718474,0.0003034115695482,2133.6313595025,0.6063981326668649,0.14491790143371797,2.437063372354709,3.602757196564978,0.14491790143371797
1739755200.0,0.0003034115695482,0.0003262114706246,0.0002899210626677,0.0002960028314497,4005.27036379665,1.200408367974905,-0.0244181133551766,0.9795713464612028,4.1248612088664,0.11960785810158402
1739755260.0,0.0002960028314497,0.000302095926168,0.0002927276335963,0.000302095926168,814.22624758749,0.24349385355089975,0.020584582547600993,-0.7971574840304761,4.024139880293929,0.03164933431824942
1739755320.0,0.000302095926168,0.000302095926168,0.000294189010488,0.000294189010488,385.64941173528,0.11497846752399755,-0.026173526337468188,-0.52779724889457,4.106975119842933,0.026173526337468188
1739755380.0,0.000294189010488,0.0003416176964771,0.000294189010488,0.0003099254002027,5279.17228380795,1.5946120265836583,0.05349074626749826,12.868788312479824,3.999481098376397,0.16121841502653492
1739755440.0,0.0003099254002027,0.0003143486142718,0.0003097289363483,0.0003143486142718,266.40831786986,0.08315589504300808,0.014271866927354406,-0.9478519579328876,4.213416327011304,0.014905773842603975
1739755500.0,0.0003143486142718,0.000317378007324,0.0003143486142718,0.000317378007324,118.153791856,0.03732044787896211,0.009637049169813396,-0.5511990116917141,4.273549644139952,0.009637049169813396
1739755560.0,0.000317378007324,0.0003374827264308,0.000317378007324,0.0003374827264308,1261.97375205272,0.4132085286242712,0.06334628941782912,10.071907013666918,4.314734052190167,0.06334628941782912
1739755620.0,0.0003374827264308,0.0003374827264308,0.000323365933363,0.000323365933363,1038.20319316393,0.34304759439801347,-0.04182967589807779,-0.16979546491900893,4.588056444221168,0.04182967589807779
1739755680.0,0.000323365933363,0.000325077998605,0.0003159354060534,0.0003159354060534,448.88789966714,0.1434873177525086,-0.022978695474574762,-0.5817276666688105,4.39613953015731,0.028273208796354126
1739755740.0,0.0003159354060534,0.0003184345739238,0.0003159354060534,0.0003179661271027,19.0200685811,0.006028425317146728,0.0064276463175411335,-0.957986354393043,4.2951219786300845,0.007910376053191113
1739755800.0,0.0003179661271027,0.0003196335837205,0.0003159876267149,0.0003159876267149,396.4272637711,0.12565827599166435,-0.006222362129664603,19.844295049032606,4.322729503599416,0.011466494996878575
1739755860.0,0.0003159876267149,0.0003159876267149,0.0003060372072153,0.0003060372072153,527.84821517583,0.16416734919254905,-0.03148990232006081,0.3064587103155803,4.295831915239435,0.03148990232006081
1739755920.0,0.0003060372072153,0.0003078617130055,0.0002990278525693,0.0002990278525693,414.27085461524,0.12533040970739376,-0.02290360283241264,-0.2365692062165426,4.160556587845146,0.028865315157530234
1739755980.0,0.0002990278525693,0.0002990278525693,0.0002852817999235,0.0002852817999235,1284.7899950639,0.37535759777100686,-0.04596913808426693,1.9949443127756965,4.065264852195362,0.04596913808426693
1739756040.0,0.0002852817999235,0.0002852817999235,0.0002840369204157,0.0002840369204157,71.56104484149,0.0203705212376466,-0.004363683586312957,-0.9457303612378882,3.878388130855677,0.004363683586312957
1739756100.0,0.0002840369204157,0.0002840369204157,0.0002835788937657,0.0002835788937657,40.84795551378,0.011592972763299923,-0.001612560259172236,-0.4308946428982366,3.861464072227711,0.001612560259172236
1739756160.0,0.0002835788937657,0.0002940254621297,0.0002806533918428,0.000293717881849,901.5085107311,0.26021897821713713,0.03575367668821321,21.446268401571416,3.8552372287226153,0.04715467399329208
1739756220.0,0.000293717881849,0.0002964570656152,0.000293717881849,0.0002952817086885,85.05662385948,0.025049158312867935,0.005324247981278801,-0.9037381574376719,3.9930761341547267,0.009325900585134266
1739756280.0,0.0002952817086885,0.0002970279224352,0.0002841544659556,0.0002841544659556,754.8153455424,0.21868365819187638,-0.03768348125023354,7.730179891095861,4.014336261701093,0.04359720260620857
1739756340.0,0.0002841544659556,0.0002841544659556,0.0002811629792166,0.0002812764767107,202.67486844247,0.05729932095909708,-0.010128256246902344,-0.7379807826846312,3.863062096451147,0.010527678067419256
1739756400.0,0.0002812764767107,0.0002812764767107,0.0002648458247608,0.0002686248590494,1267.71121648034,0.3485580456503002,-0.04497929513783165,5.083109534563545,3.8239360136405938,0.05841459670585726
1739756460.0,0.0002686248590494,0.0002702791351734,0.0002686248590494,0.0002690905421767,41.58100958016,0.011179374624891021,0.001733581653417905,-0.9679267922103654,3.65193806709487,0.006158313604534151
1739756520.0,0.0002690905421767,0.0002696697913006,0.0002690905421767,0.0002696697913006,15.036617268,0.004050566466839104,0.002152617922630832,-0.6376750397271359,3.658268999927404,0.002152617922630832
1739756580.0,0.0002696697913006,0.0002905130212825,0.0002696697913006,0.0002905130212825,1168.65128137968,0.3273291808660565,0.07729167542784247,79.81071710483269,3.666143855342453,0.07729167542784247
1739756640.0,0.0002905130212825,0.0002936409421327,0.0002892576345918,0.0002923880736682,175.32373310449,0.05109819799872576,0.006454280009282759,-0.8438935451354237,3.9495062562813605,0.0150881620436475
1739756700.0,0.0002923880736682,0.0002992648588898,0.0002923880736682,0.0002992648588898,301.809912,0.08928335975493595,0.023519376612480155,0.7472897920424204,3.9749974755578146,0.023519376612480155
1739756760.0,0.0002992648588898,0.0002992648588898,0.0002984650445203,0.0002984650445203,0.5500224756,0.00016438244060688602,-0.0026725970181299278,-0.9981588681131839,4.068486938219117,0.0026725970181299278
1739756820.0,0.0002984650445203,0.0002984650445203,0.000291947879194,0.000291947879194,389.2312265146,0.11490357322369399,-0.02183560670153031,698.0015040504311,4.057613512159731,0.02183560670153031
1739756880.0,0.000291947879194,0.000291947879194,0.0002910006992322,0.0002910006992322,0.55549566525,0.0001619127041897019,-0.0032443460949775184,-0.9985908819051736,3.969013059361397,0.0032443460949775184
1739756940.0,0.0002910006992322,0.000291144580739,0.0002681964064959,0.0002681964064959,1323.330077349,0.37000117458825177,-0.07836507883475441,2284.1892718359336,3.956136207341343,0.07885951581438921
1739757000.0,0.0002681964064959,0.0002681964064959,0.0002660497576968,0.0002660497576968,188.49963622316,0.05035260380197128,-0.008004017753805293,-0.8639123136352064,3.646113281572012,0.008004017753805293
1739757060.0,0.0002660497576968,0.0002660497576968,0.0002622030010037,0.0002622030010037,198.010221799,0.05229972295810983,-0.014458786681113632,0.03866968158779352,3.6169297261339244,0.014458786681113632
1739757120.0,0.0002622030010037,0.0002634453449684,0.0002615362849239,0.0002615362849239,137.48652524831,0.036003547279108414,-0.0025427477078747017,-0.3115920077063134,3.5646333107831754,0.00728084742429419
1739757180.0,0.0002615362849239,0.0002615362849239,0.0002585694666752,0.0002585694666752,154.66796386829,0.040221848798009704,-0.011343811240429831,0.11716349742429469,3.5555693476027677,0.011343811240429831
1739757240.0,0.0002585694666752,0.0002643298993881,0.0002585694666752,0.0002643298993881,418.87522200923,0.1095147940241252,0.022278085602953027,1.7227687760972419,3.5152356400713036,0.022278085602953027
1739757300.0,0.0002643298993881,0.000266191130512,0.0002642915925601,0.000266191130512,61.0149138085,0.016184847456475627,0.007041318928386754,-0.852213140693026,3.5935483605753635,0.00718623945417176
1739757360.0,0.000266191130512,0.0002730472003117,0.0002656832306962,0.0002730472003117,385.45955185592,0.10392728267141887,0.025756191750314253,5.4212704476147,3.618851680666756,0.027664218568574876
1739757420.0,0.0002730472003117,0.0002888326336796,0.0002730472003117,0.0002888326336796,912.66605769441,0.25640432649341466,0.05781210482978748,1.4671512609838362,3.712059518469956,0.05781210482978748
1739757480.0,0.0002888326336796,0.0002891451180515,0.0002875367728447,0.0002891451180515,19.28144091032,0.005572121933741405,0.0010818873474201227,-0.9782682218746238,3.9266614924861516,0.0055684331313618895
1739757540.0,0.0002891451180515,0.0002891451180515,0.0002874459840119,0.0002874459840119,34.1017725952,0.009831389321490911,-0.00587640576832198,0.7643887621981056,3.9309096978724742,0.00587640576832198
1739757600.0,0.0002874459840119,0.0002893929286821,0.0002874459840119,0.0002893929286821,94.71,0.027316206710624368,0.006773254032031927,1.7784686189684853,3.9078100774491435,0.006773254032031927
1739757660.0,0.0002893929286821,0.0002939025978026,0.0002893929286821,0.0002939025978026,236.747,0.06904673300433664,0.01558320426500083,1.5276837935730512,3.934278667812641,0.01558320426500083
1739757720.0,0.0002939025978026,0.00029446492631,0.0002939025978026,0.00029446492631,9.430626,0.002774337035225956,0.0019133158794931602,-0.9598194307752157,3.9955873359286005,0.0019133158794931602
1739757780.0,0.00029446492631,0.00029446492631,0.0002928771749045,0.0002928771749045,17.37305680448,0.005101963844031074,-0.005391988191586785,0.8389848743145026,4.003232156626335,0.005391988191586785
1739757840.0,0.0002928771749045,0.0002928771749045,0.0002928771749045,0.0002928771749045,0.0,0.0,0.0,-1.0,3.981646776109625,0.0
1739757900.0,0.0002928771749045,0.0002928771749045,0.0002928771749045,0.0002928771749045,0.0,0.0,0.0,0.0,3.981646776109625,0.0
1739757960.0,0.0002928771749045,0.0002974309434198,0.0002927560777732,0.0002974309434198,226.67573536008,0.06690426340509291,0.015548389924154735,0.0,3.981646776109625,0.01596186404121237
1739758020.0,0.0002974309434198,0.0002987160824487,0.0002964563330052,0.000298062303578,105.00478736668,0.03126482088964892,0.00212271174929125,-0.5326931454226432,4.043554972724831,0.007597560016849336
1739758080.0,0.000298062303578,0.0003012296437468,0.000298062303578,0.0003012296437468,195.68242874883,0.058635451891066385,0.01062643658986251,0.8754449960875759,4.0521382743743395,0.01062643658986251
1739758140.0,0.0003012296437468,0.0003035698366655,0.0003012296437468,0.0003022484658514,163.1117051967,0.04921717175272171,0.0033822106348086094,-0.16062432938765553,4.095198064800333,0.007768800207017803
1739758200.0,0.0003022484658514,0.0003022484658514,0.0002921705370515,0.0002921705370515,588.69543938049,0.17496587804501776,-0.033343192566789706,2.554976277874849,4.1090488872467485,0.033343192566789706
1739758260.0,0.0002921705370515,0.0002921705370515,0.0002921705370515,0.0002921705370515,0.0,0.0,0.0,-1.0,3.972040078932927,0.0
1739758320.0,0.0002921705370515,0.0002921705370515,0.0002788379306503,0.0002798306445308,705.30093161599,0.2017164831277216,-0.04223523920389313,0.0,3.972040078932927,0.045632959899888706
1739758380.0,0.0002798306445308,0.0002798306445308,0.000274710682423,0.000274710682423,202.18073395176,0.05605878624505109,-0.018296645517094028,-0.7220911976263431,3.8042800160717443,0.018296645517094028
1739758440.0,0.000274710682423,0.000274710682423,0.0002653148571404,0.0002653148571404,547.95446304795,0.14795470228182114,-0.034202620734392467,1.6392776617578424,3.7346744531699145,0.034202620734392467
1739758500.0,0.0002653148571404,0.0002653148571404,0.000262052291086,0.000262052291086,356.63087024415,0.09403770250507835,-0.012296959505262453,-0.3644155876441343,3.6069387992817195,0.012296959505262453
1739758560.0,0.000262052291086,0.000262052291086,0.0002532770869099,0.0002532770869099,360.3251883065,0.0928430775831221,-0.03348646233823678,-0.012703680440212146,3.562584418928992,0.03348646233823678
1739758620.0,0.0002532770869099,0.0002532770869099,0.000252664430471,0.000252664430471,55.70783320095,0.014092452829845363,-0.002418917740940252,-0.8482121317313244,3.4432860699577374,0.002418917740940252
1739758680.0,0.000252664430471,0.000252664430471,0.0002489744888915,0.0002489744888915,204.3317138199,0.05125037005605112,-0.014604119672173305,2.6367246124472916,3.434957044195984,0.014604119672173305
1739758740.0,0.0002489744888915,0.0002489744888915,0.0002384635157207,0.0002384635157207,650.10504859706,0.15844295383823412,-0.04221706897601285,2.091547508143832,3.384792520453771,0.04221706897601285
1739758800.0,0.0002384635157207,0.0002384635157207,0.0002355643327694,0.0002355643327694,340.26089021666,0.08064656885736472,-0.012157763180408952,-0.4910056464883718,3.241896501148282,0.012157763180408952
1739758860.0,0.0002355643327694,0.0002355643327694,0.000213153794771,0.0002176973676623,1730.87957378518,0.3922707094281834,-0.07584749735687031,3.864071900218987,3.202482291231925,0.09513553149125607
1739758920.0,0.0002176973676623,0.0002203668888302,0.0002176973676623,0.0002196567743335,197.02516687767,0.04308488640568134,0.00900059882322279,-0.8901654256355602,2.9595820241122874,0.012262533059384788
1739758980.0,0.0002196567743335,0.0002206970048896,0.0002196567743335,0.0002206970048896,2.626834626,0.0005783682774765992,0.0047357089680313096,-0.9865760751454521,2.986220034595744,0.0047357089680313096
1739759040.0,0.0002206970048896,0.0002208869698266,0.0002206970048896,0.0002208869698266,9.4476352,0.0020859621516423404,0.0008607499548760731,2.6066330621439358,3.0003619035940936,0.0008607499548760731
1739759100.0,0.0002208869698266,0.0002215668706161,0.0002208869698266,0.0002215668706161,52.02072262775,0.011508384254626226,0.0030780484246478177,4.5170628314446315,3.002944464967224,0.0030780484246478177
1739759160.0,0.0002215668706161,0.0002310853628871,0.0002192058203265,0.0002310853628871,1417.42848197585,0.32080108409870933,0.04295990751926227,26.87542343050905,3.0121876734469213,0.053616059691447324
1739759220.0,0.0002310853628871,0.0002342872754226,0.0002310853628871,0.0002342872754226,245.22910679387,0.05706145820949723,0.013855972942190814,-0.8221282251280061,3.141590977328863,0.013855972942190814
1739759280.0,0.0002342872754226,0.0002366953198297,0.000233812889273,0.0002366953198297,139.51264102867,0.032854012871092755,0.010278169835542512,-0.42423460770190097,3.1851207769061625,0.012302975274695392
1739759340.0,0.0002366953198297,0.0002366953198297,0.0002193393838001,0.0002193393838001,1055.12033334162,0.2405857442546107,-0.07332606340542532,6.322872405224349,3.217857989197919,0.07332606340542532
1739759400.0,0.0002193393838001,0.0002283574638605,0.0002185582824309,0.0002283574638605,867.06720395188,0.1940916269595736,0.04111473235749963,-0.19325383321894837,2.981905130252338,0.04467588656367664
1739759460.0,0.0002283574638605,0.0002283574638605,0.0002240299963392,0.0002240299963392,542.63047662558,0.1227396115737994,-0.018950409801115987,-0.36762026525047253,3.104505361598118,0.018950409801115987
1739759520.0,0.0002240299963392,0.0002240299963392,0.0002240299963392,0.0002240299963392,0.0,0.0,0.0,-1.0,3.045673712766072,0.0
1739759580.0,0.0002240299963392,0.0002240299963392,0.0002240299963392,0.0002240299963392,0.0,0.0,0.0,0.0,3.045673712766072,0.0
1739759640.0,0.0002240299963392,0.0002250171365915,0.0002145670128931,0.0002145670128931,927.59128939888,0.20341938266014084,-0.04223980538647264,0.0,3.045673712766072,0.046646091457224544
1739759700.0,0.0002145670128931,0.0002145670128931,0.0002136988178903,0.0002136988178903,14.83645417432,0.003176973186422499,-0.004046265039037314,-0.9843821510768698,2.9170250478681377,0.004046265039037314
1739759760.0,0.0002136988178903,0.000214776308142,0.0002133864669389,0.000214776308142,75.54117002548,0.016183756173647472,0.005042097388920184,4.09408019016728,2.9052219913989523,0.006503738377315087
1739759820.0,0.000214776308142,0.000214776308142,0.0002137411328995,0.0002137411328995,24.57798873466,0.005266048419261659,-0.0048197832035346225,-0.6746090114829749,2.919870403616019,0.0048197832035346225
1739759880.0,0.0002137411328995,0.000214651435734,0.0002137411328995,0.000214651435734,9.39726,0.002012858174758422,0.004258903385376923,-0.6177668691013213,2.905797261288172,0.004258903385376923
1739759940.0,0.000214651435734,0.0002228493723287,0.000214651435734,0.0002228493723287,584.877,0.12794208005864388,0.038191855398810565,62.56239185803499,2.9181727710814913,0.038191855398810565
1739760000.0,0.0002228493723287,0.0002252070054336,0.0002228493723287,0.0002252070054336,188.67,0.04226739839620657,0.010579491789739123,-0.6696364606794514,3.029623203583382,0.010579491789739123
1739760060.0,0.0002252070054336,0.0002273508042671,0.0002252070054336,0.0002273508042671,85.34151578684,0.01931098473051501,0.009519236887735595,-0.5431234127660874,3.061675077391696,0.009519236887735595
1739760120.0,0.0002273508042671,0.0002273508042671,0.0002254022735626,0.0002254022735626,188.83358832992,0.0427474941569989,-0.008570590769543954,1.213636163745175,3.0908198877266635,0.008570590769543954
1739760180.0,0.0002254022735626,0.0002254022735626,0.0002254022735626,0.0002254022735626,0.0,0.0,0.0,-1.0,3.0643297353265906,0.0
1739760240.0,0.0002254022735626,0.0002254022735626,0.0002237003742103,0.0002237003742103,4.52169999279,0.001015353719598346,-0.00755049771859258,0.0,3.0643297353265906,0.00755049771859258
1739760300.0,0.0002237003742103,0.0002395208039006,0.0002237003742103,0.0002395208039006,1129.68,0.26164585024416076,0.07072151643084539,256.6893600662267,3.0411925206509918,0.07072151643084539
1739760360.0,0.0002395208039006,0.0002395208039006,0.0002395208039006,0.0002395208039006,0.0,0.0,0.0,-1.0,3.2562702674695747,0.0
1739760420.0,0.0002395208039006,0.0002411617674478,0.0002371302879431,0.0002371302879431,327.89198732986,0.07814503688378921,-0.009980410547102372,0.0,3.2562702674695747,0.016831437766771325
1739760480.0,0.0002371302879431,0.0002371302879431,0.0002168635961146,0.0002168635961146,1215.95523284194,0.27601811949909866,-0.08546648344374731,2.5321260377619352,3.2237713533479058,0.08546648344374731
1739760540.0,0.0002168635961146,0.0002168635961146,0.0002160441889239,0.0002160441889239,81.09730959228,0.017553828334087716,-0.0037784450935094034,-0.9364033478456293,2.94824695235057,0.0037784450935094034
1739760600.0,0.0002160441889239,0.0002160441889239,0.000215379798416,0.000215379798416,0.85795693758,0.00018507160148834666,-0.0030752528508601346,-0.98945690945781,2.937107163119007,0.0030752528508601346
1739760660.0,0.000215379798416,0.0002211308124047,0.0002153713371445,0.0002211308124047,377.91495243522,0.08248194336288683,0.026701733546950775,444.67585031721063,2.9280748159423435,0.026741018900369458
1739760720.0,0.0002211308124047,0.0002211308124047,0.0002204573491386,0.0002204573491386,86.510785376,0.019101069333927422,-0.003045542404409397,-0.7684212015969298,3.0062594894831727,0.003045542404409397
1739760780.0,0.0002204573491386,0.0002204573491386,0.0002204573491386,0.0002204573491386,0.0,0.0,0.0,-1.0,2.9971037987292934,0.0
1739760840.0,0.0002204573491386,0.000222048067866,0.0002195438428764,0.000222048067866,191.88742328853,0.042455612130114576,0.007215539575412112,0.0,2.9971037987292934,0.01135922662313076
1739760900.0,0.000222048067866,0.000222048067866,0.000222048067866,0.000222048067866,0.0,0.0,0.0,-1.0,3.018729519800643,0.0
1739760960.0,0.000222048067866,0.000222048067866,0.0002220050371015,0.0002220050371015,32.8603600656,0.0072958724587398605,-0.00019379031267213864,0.0,3.018729519800643,0.00019379031267213864
1739761020.0,0.0002220050371015,0.0002230611943258,0.0002220050371015,0.0002230611943258,46.885,0.010433465130234479,0.004757357031575483,0.430050372897629,3.018144519263128,0.004757357031575483
1739761080.0,0.0002230611943258,0.0002230611943258,0.0002222653413177,0.0002222653413177,1.54614633174,0.00034426999475583995,-0.0035678684968287687,-0.9670032927259994,3.0325029103141556,0.0035678684968287687
1739761140.0,0.0002222653413177,0.0002233951800627,0.0002222653413177,0.0002233951800627,1.8592608,0.00041429956875506976,0.005083288011984992,0.20341468924381734,3.021683338713904,0.005083288011984992
1739761200.0,0.0002233951800627,0.0002233951800627,0.0002217876635513,0.0002217876635513,58.84718960932,0.013098879604484654,-0.007195842412306464,30.616927924510094,3.0370434254056033,0.007195842412306464
1739761260.0,0.0002217876635513,0.0002217876635513,0.0002212858895735,0.0002212858895735,0.91749895585,0.00020325976117837672,-0.002262407068840063,-0.9844826605545114,3.015189339517053,0.002262407068840063
1739761320.0,0.0002212858895735,0.0002212858895735,0.0002212858895735,0.0002212858895735,0.0,0.0,0.0,-1.0,3.0083677538414384,0.0
1739761380.0,0.0002212858895735,0.0002212858895735,0.0002212858895735,0.0002212858895735,0.0,0.0,0.0,0.0,3.0083677538414384,0.0
1739761440.0,0.0002212858895735,0.0002212858895735,0.0002207458969645,0.0002207458969645,42.67440887424,0.009431722597066695,-0.0024402487209680738,0.0,3.0083677538414384,0.0024402487209680738
1739761500.0,0.0002207458969645,0.0002207458969645,0.0002203127446668,0.0002203127446668,8.40831837825,0.00185428074115722,-0.0019622212854522535,-0.8033995675685044,3.0010265882779255,0.0019622212854522535
1739761560.0,0.0002203127446668,0.0002207693529101,0.0002196166531199,0.0002207693529101,105.48344275392,0.023263429094765944,0.002072545753041029,11.545796641477114,2.9951379100281983,0.005232106712407096
1739761620.0,0.0002207693529101,0.0002207693529101,0.0002207693529101,0.0002207693529101,0.0,0.0,0.0,-1.0,3.0013454703833995,0.0
1739761680.0,0.0002207693529101,0.0002207693529101,0.0002200309787726,0.0002200309787726,1.68947465793,0.00037236049479253,-0.0033445499919577772,0.0,3.0013454703833995,0.0033445499919577772
1739761740.0,0.0002200309787726,0.0002200309787726,0.0002200309787726,0.0002200309787726,0.0,0.0,0.0,-1.0,2.991307320414566,0.0
1739761800.0,0.0002200309787726,0.0002200309787726,0.0002078988775513,0.0002078988775513,887.72334114928,0.18994166091669193,-0.0551381504957918,0.0,2.991307320414566,0.0551381504957918
1739761860.0,0.0002078988775513,0.0002078988775513,0.0002078988775513,0.0002078988775513,0.0,0.0,0.0,-1.0,2.826372167202384,0.0
1739761920.0,0.0002078988775513,0.0002078988775513,0.0002078988775513,0.0002078988775513,0.0,0.0,0.0,0.0,2.826372167202384,0.0
1739761980.0,0.0002078988775513,0.0002078988775513,0.0001923006646467,0.0001954174438419,1072.79721322113,0.2163383128186113,-0.06003608031178593,0.0,2.826372167202384,0.07502788417292476
1739762040.0,0.0001954174438419,0.0001954174438419,0.0001886639500101,0.0001886639500101,218.91338136667,0.04204027832408253,-0.03455931926560159,-0.8056734483302956,2.656687860781225,0.03455931926560159
1739762100.0,0.0001886639500101,0.0001890215141811,0.0001882501410546,0.0001890215141811,25.1468486884,0.004748799609912111,0.0018952437441326314,-0.887041670530716,2.564874536811439,0.004088609013320892
1739762160.0,0.0001890215141811,0.0001890215141811,0.0001890215141811,0.0001890215141811,0.0,0.0,0.0,-1.0,2.569735599231816,0.0
1739762220.0,0.0001890215141811,0.0001893213789284,0.000187721958521,0.0001883563406783,160.19328966834,0.03022670000895431,-0.0035190359450972407,0.0,2.569735599231816,0.008461578642670296
1739762280.0,0.0001883563406783,0.0001883563406783,0.0001883563406783,0.0001883563406783,0.0,0.0,0.0,-1.0,2.560692607288723,0.0
1739762340.0,0.0001883563406783,0.0001883563406783,0.0001883563406783,0.0001883563406783,0.0,0.0,0.0,0.0,2.560692607288723,0.0
1739762400.0,0.0001883563406783,0.0001883563406783,0.0001831118557825,0.0001848329089698,788.2165367034,0.14707696894628297,-0.01870620174405385,0.0,2.560692607288723,0.027843421022694603
1739762460.0,0.0001848329089698,0.0001848329089698,0.0001848329089698,0.0001848329089698,0.0,0.0,0.0,-1.0,2.512791774772273,0.0
1739762520.0,0.0001848329089698,0.0001848329089698,0.0001848329089698,0.0001848329089698,0.0,0.0,0.0,0.0,2.512791774772273,0.0
1739762580.0,0.0001848329089698,0.0001848329089698,0.0001845841647063,0.0001845841647063,5.48006333475,0.0010122144803415174,-0.0013457790871030568,0.0,2.512791774772273,0.0013457790871030568
1739762640.0,0.0001845841647063,0.0001845841647063,0.0001843120815977,0.0001843120815977,18.33085703202,0.0033810921753237304,-0.0014740327754166897,2.3402922414061518,2.50941011215154,0.0014740327754166897
1739762700.0,0.0001843120815977,0.0001843120815977,0.000184291869659,0.000184291869659,1.57840157377,0.00029090252838070784,-0.00010966149654867405,-0.9139619645676017,2.5057111593992665,0.00010966149654867405
1739762760.0,0.000184291869659,0.000184291869659,0.000184291869659,0.000184291869659,0.0,0.0,0.0,-1.0,2.505436379363608,0.0
1739762820.0,0.000184291869659,0.000184291869659,0.000184291869659,0.000184291869659,0.0,0.0,0.0,0.0,2.505436379363608,0.0
1739762880.0,0.000184291869659,0.000184291869659,0.000184291869659,0.000184291869659,0.0,0.0,0.0,0.0,2.505436379363608,0.0
1739762940.0,0.000184291869659,0.000184291869659,0.000184291869659,0.000184291869659,0.0,0.0,0.0,0.0,2.505436379363608,0.0
1739763000.0,0.000184291869659,0.0001854472585152,0.000184291869659,0.0001845169235734,0.10445931734,1.926275738502286e-05,0.0012211820023119023,0.0,2.505436379363608,0.006269342528988668
1739763060.0,0.0001845169235734,0.0001845169235734,0.0001845169235734,0.0001845169235734,0.0,0.0,0.0,-1.0,2.5084959731780243,0.0
1739763120.0,0.0001845169235734,0.0001845169235734,0.0001845169235734,0.0001845169235734,0.0,0.0,0.0,0.0,2.5084959731780243,0.0
1739763180.0,0.0001845169235734,0.0001859326806745,0.0001845169235734,0.0001859326806745,37.3,0.006908885119223334,0.007672776424417448,0.0,2.5084959731780243,0.007672776424417448
1739763240.0,0.0001859326806745,0.0001859326806745,0.0001859326806745,0.0001859326806745,0.0,0.0,0.0,-1.0,2.5277431019417707,0.0
1739763300.0,0.0001859326806745,0.0001859326806745,0.0001859326806745,0.0001859326806745,0.0,0.0,0.0,0.0,2.5277431019417707,0.0
1739763360.0,0.0001859326806745,0.0001859326806745,0.0001859326806745,0.0001859326806745,0.0,0.0,0.0,0.0,2.5277431019417707,0.0
1739763420.0,0.0001859326806745,0.0001859326806745,0.000185163475008,0.000185163475008,0.49622258799,9.207314738295505e-05,-0.004137011652333537,0.0,2.5277431019417707,0.004137011652333537
1739763480.0,0.000185163475008,0.000185163475008,0.0001840361508824,0.0001840361508824,144.95551824304,0.02675876155303971,-0.006088264035611172,289.62503361314873,2.517285799274932,0.006088264035611172
1739763540.0,0.0001840361508824,0.0001840361508824,0.0001839370878595,0.0001839370878595,1.929654,0.00035503051601563115,-0.0005382802369264452,-0.9867321768493691,2.501959898675852,0.0005382802369264452
1739763600.0,0.0001839370878595,0.0001839640633012,0.0001830264814148,0.0001830264814148,4.99397335051,0.0009163031427819422,-0.004950640761451767,1.5809137565560691,2.500613143108812,0.005097296566509543
1739763660.0,0.0001830264814148,0.0001830264814148,0.0001830264814148,0.0001830264814148,0.0,0.0,0.0,-1.0,2.4882335057539153,0.0
1739763720.0,0.0001830264814148,0.0001839308795397,0.0001828057585811,0.0001839308795397,82.5010807296,0.015137189430214087,0.004941351207262307,0.0,2.4882335057539153,0.006147312399292083
1739763780.0,0.0001839308795397,0.0001839308795397,0.0001839308795397,0.0001839308795397,0.0,0.0,0.0,-1.0,2.500528741391523,0.0
1739763840.0,0.0001839308795397,0.0001839308795397,0.0001839308795397,0.0001839308795397,0.0,0.0,0.0,0.0,2.500528741391523,0.0
1739763900.0,0.0001839308795397,0.0001846432395981,0.0001839308795397,0.0001846432395981,55.05494065918,0.010145913128820558,0.003872976958424417,0.0,2.500528741391523,0.003872976958424417
1739763960.0,0.0001846432395981,0.0001846432395981,0.0001837608610992,0.0001837608610992,46.70571029032,0.008603287598466985,-0.0047788291671042055,-0.15204403100708389,2.5102132315908103,0.0047788291671042055
1739764020.0,0.0001837608610992,0.0001837608610992,0.0001837608610992,0.0001837608610992,0.0,0.0,0.0,-1.0,2.4982173513840333,0.0
1739764080.0,0.0001837608610992,0.0001845632521933,0.0001837608610992,0.0001845632521933,3.7302,0.0006869613037018417,0.004366496158650692,0.0,2.4982173513840333,0.004366496158650692
1739764140.0,0.0001845632521933,0.0001848979613752,0.0001842753852345,0.0001842753852345,45.60838774965,0.008411067796429837,-0.0015597198000092444,11.243874219850452,2.509125807852326,0.003373239977630772
1739764200.0,0.0001842753852345,0.0001842753852345,0.0001842688864006,0.0001842688864006,1.30451563188,0.00024038588169390842,-3.5266966837367624e-05,-0.9714202896098468,2.5052122746491046,3.5266966837367624e-05
1739764260.0,0.0001842688864006,0.0001842688864006,0.0001572108817114,0.0001590644162091,3586.0049912368,0.6155974684080995,-0.13678093292812085,2559.8719782967987,2.505123923410894,0.1468397905785134
1739764320.0,0.0001590644162091,0.0001590644162091,0.0001564508311194,0.0001564508311194,158.83148988271,0.025056878406948698,-0.01643098533278665,-0.9592966513138133,2.1624707360661977,0.01643098533278665
1739764380.0,0.0001564508311194,0.0001564508311194,0.0001564508311194,0.0001564508311194,0.0,0.0,0.0,-1.0,2.1269392111193137,0.0
1739764440.0,0.0001564508311194,0.0001575730651801,0.000156398825338,0.0001575730651801,71.59731338064,0.01124163365618245,0.007173078293483286,0.0,2.1269392111193137,0.007505488041823361
1739764500.0,0.0001575730651801,0.0001580388786221,0.0001555926210294,0.0001561321382334,162.35044196791,0.025465089210907416,-0.00914450033102465,1.2652480938037538,2.142195912606152,0.01552459228932328
1739764560.0,0.0001561321382334,0.0001561321382334,0.0001561321382334,0.0001561321382334,0.0,0.0,0.0,-1.0,2.1226066013742053,0.0
1739764620.0,0.0001561321382334,0.0001562804602098,0.0001561321382334,0.0001562804602098,10.52298921775,0.0016437572024535273,0.0009499772313261382,0.0,2.1226066013742053,0.0009499772313261382
1739764680.0,0.0001562804602098,0.0001563939018542,0.0001562804602098,0.0001563939018542,4.20011617509,0.0006566343228204766,0.0007258850162567075,-0.6005283980867964,2.1246230293165733,0.0007258850162567075
1739764740.0,0.0001563939018542,0.0001563939018542,0.0001563939018542,0.0001563939018542,0.0,0.0,0.0,-1.0,2.1261652613387483,0.0
1739764800.0,0.0001563939018542,0.0001563939018542,0.0001545076289736,0.0001559580543143,151.46499318944,0.02365519345688506,-0.002786857637878441,0.0,2.1261652613387483,0.012061038558642103
1739764860.0,0.0001559580543143,0.0001559580543143,0.0001559580543143,0.0001559580543143,0.0,0.0,0.0,-1.0,2.1202399414407944,0.0
1739764920.0,0.0001559580543143,0.0001559580543143,0.0001559580543143,0.0001559580543143,0.0,0.0,0.0,0.0,2.1202399414407944,0.0
1739764980.0,0.0001559580543143,0.0001565620638954,0.0001559580543143,0.0001565620638954,81.55862004924,0.012744354789404248,0.003872897643892996,0.0,2.1202399414407944,0.003872897643892996
1739765040.0,0.0001565620638954,0.0001565620638954,0.000156113021896,0.000156113021896,1.91865943665,0.000299958501979509,-0.0028681405202987107,-0.9764634218886548,2.1284514137144885,0.0028681405202987107
1739765100.0,0.000156113021896,0.000156113021896,0.000156113021896,0.000156113021896,0.0,0.0,0.0,-1.0,2.122346715969327,0.0
1739765160.0,0.000156113021896,0.000156113021896,0.000156113021896,0.000156113021896,0.0,0.0,0.0,0.0,2.122346715969327,0.0
1739765220.0,0.000156113021896,0.0001567974356713,0.000156113021896,0.0001567974356713,0.9317,0.00014576933665772673,0.004384091519001841,0.0,2.122346715969327,0.004384091519001841
1739765280.0,0.0001567974356713,0.0001710022097463,0.0001567974356713,0.0001710022097463,1081.5413625,0.17726443756598403,0.09059315296952929,1215.0612213130207,2.1316512782071895,0.09059315296952929
1739765340.0,0.0001710022097463,0.0001724604463056,0.0001710022097463,0.0001724604463056,186.15,0.03196778671203059,0.008527588979484116,-0.8196604623522918,2.324764288531506,0.008527588979484116
1739765400.0,0.0001724604463056,0.0001724604463056,0.0001722575200483,0.0001722575200483,86.71920130368,0.014946833358619523,-0.0011766539032399142,-0.5324407819264351,2.3445889228582852,0.0011766539032399142
1739765460.0,0.0001722575200483,0.0001722575200483,0.0001701974261161,0.0001709974207318,116.53383457105,0.02000040724228187,-0.00731520641970629,0.3381033134184277,2.341830153150711,0.01195938459825945
1739765520.0,0.0001709974207318,0.0001709974207318,0.0001700055452738,0.0001700055452738,17.2245171831,0.002936805723725762,-0.005800528766780083,-0.8531627037314917,2.324699182180521,0.005800528766780083
1739765580.0,0.0001700055452738,0.0001700055452738,0.0001697788890002,0.0001697788890002,17.20093078534,0.0029223042679414907,-0.0013332287087163416,-0.004937832852584444,2.311214697700173,0.0013332287087163416
1739765640.0,0.0001697788890002,0.0001706485602229,0.0001697004018995,0.0001706485602229,25.55465011421,0.004349752177084655,0.005122375507469468,0.48846655866833383,2.308133319913192,0.005584665614102735
1739765700.0,0.0001706485602229,0.0001706485602229,0.0001706485602229,0.0001706485602229,0.0,0.0,0.0,-1.0,2.3199564454990895,0.0
1739765760.0,0.0001706485602229,0.0001706485602229,0.0001691440063292,0.0001691440063292,72.76058529654,0.012361753010872159,-0.008816680854117704,0.0,2.3199564454990895,0.008816680854117704
1739765820.0,0.0001691440063292,0.0001691440063292,0.0001687187385364,0.0001687187385364,5.15284440462,0.0008704770772051308,-0.002514235071222784,-0.9295830391984417,2.299502129923671,0.002514235071222784
1739765880.0,0.0001687187385364,0.0001687187385364,0.0001684847665563,0.0001684847665563,10.16835860837,0.0017144030818909465,-0.0013867575239694416,0.9694982519188633,2.293720641022265,0.0013867575239694416
1739765940.0,0.0001684847665563,0.0001684847665563,0.0001683493043542,0.0001683493043542,11.3356328242,0.0019091136752609871,-0.000804002669610753,0.11357340372678253,2.2905398066654437,0.000804002669610753
1739766000.0,0.0001683493043542,0.0001683493043542,0.0001683493043542,0.0001683493043542,0.0,0.0,0.0,-1.0,2.2886982065460346,0.0
1739766060.0,0.0001683493043542,0.0001697472507304,0.0001682836750916,0.0001692410382106,136.68748089494,0.023072186749821175,0.005296926291562429,0.0,2.2886982065460346,0.008693683911640604
1739766120.0,0.0001692410382106,0.0001692410382106,0.000168524265037,0.000168524265037,51.24146674035,0.008653794776203063,-0.004235220849378589,-0.624925245706494,2.30082127224974,0.004235220849378589
1739766180.0,0.000168524265037,0.000168524265037,0.0001667499697993,0.0001667499697993,115.43912062852,0.01935188141945119,-0.010528425905375973,1.2362306849090796,2.291076786026814,0.010528425905375973
1739766240.0,0.0001667499697993,0.0001667499697993,0.0001656724087978,0.0001656724087978,108.9873035979,0.018114909349449097,-0.006462136111910199,-0.06391999016482056,2.2669553538416043,0.006462136111910199
1739766300.0,0.0001656724087978,0.0001656724087978,0.0001656724087978,0.0001656724087978,0.0,0.0,0.0,-1.0,2.252305979785456,0.0
1739766360.0,0.0001656724087978,0.0001656724087978,0.0001656724087978,0.0001656724087978,0.0,0.0,0.0,0.0,2.252305979785456,0.0
1739766420.0,0.0001656724087978,0.0001656724087978,0.0001649007683405,0.0001649007683405,2.35201487472,0.00038875651490636557,-0.004657628043796858,0.0,2.252305979785456,0.004657628043796858
1739766480.0,0.0001649007683405,0.0001649007683405,0.0001648954532963,0.0001648954532963,1.0608574418,0.00017493338800046073,-3.2231773408314134e-05,-0.5500181185578471,2.241815576290796,3.2231773408314134e-05
1739766540.0,0.0001648954532963,0.0001648954532963,0.0001648954532963,0.0001648954532963,0.0,0.0,0.0,-1.0,2.241743318599118,0.0
1739766600.0,0.0001648954532963,0.0001669288492094,0.0001648364588638,0.0001669288492094,195.163778187,0.03238004228563921,0.012331424987481117,0.0,2.241743318599118,0.012689193690745363
1739766660.0,0.0001669288492094,0.0001669288492094,0.0001669288492094,0.0001669288492094,0.0,0.0,0.0,-1.0,2.26938720817361,0.0
1739766720.0,0.0001669288492094,0.0001671457873403,0.0001669288492094,0.0001671457873403,54.90373426644,0.009170972535141125,0.0012995844153209015,0.0,2.26938720817361,0.0012995844153209015
1739766780.0,0.0001671457873403,0.0001671457873403,0.0001671457873403,0.0001671457873403,0.0,0.0,0.0,-1.0,2.2723364684216807,0.0
1739766840.0,0.0001671457873403,0.0001671457873403,0.0001671457873403,0.0001671457873403,0.0,0.0,0.0,0.0,2.2723364684216807,0.0
1739766900.0,0.0001671457873403,0.0001671457873403,0.0001671457873403,0.0001671457873403,0.0,0.0,0.0,0.0,2.2723364684216807,0.0
1739766960.0,0.0001671457873403,0.0001671457873403,0.0001665287396862,0.0001665287396862,0.12961986786,2.162542405071146e-05,-0.0036916733823732003,0.0,2.2723364684216807,0.0036916733823732003
1739767020.0,0.0001665287396862,0.0001665287396862,0.0001665287396862,0.0001665287396862,0.0,0.0,0.0,-1.0,2.263947744365413,0.0
1739767080.0,0.0001665287396862,0.0001672824916369,0.0001661475527313,0.0001672824916369,122.21478853892,0.020398334524034587,0.0045262574623475,0.0,2.263947744365413,0.006815273494164561
1739767140.0,0.0001672824916369,0.0001672824916369,0.0001666152643522,0.0001666152643522,59.96144995727,0.010010496793292583,-0.003988625935511936,-0.5092493075109836,2.274194954737711,0.003988625935511936
1739767200.0,0.0001666152643522,0.0001672563043734,0.0001666152643522,0.0001672563043734,36.86077,0.0061533815521667675,0.003847426727031145,-0.38530707524028485,2.2651240417588343,0.003847426727031145
1739767260.0,0.0001672563043734,0.0001672563043734,0.0001672563043734,0.0001672563043734,0.0,0.0,0.0,-1.0,2.273838940537138,0.0
1739767320.0,0.0001672563043734,0.0001676927993419,0.0001672563043734,0.0001676927993419,16.98560306352,0.0028446562610949387,0.0026097370149081433,0.0,2.273838940537138,0.0026097370149081433
1739767380.0,0.0001676927993419,0.0001676927993419,0.0001666819729513,0.0001666819729513,15.1337247273,0.002530167879819454,-0.006027846124383027,-0.1105540889339068,2.279773062186197,0.006027846124383027
1739767440.0,0.0001666819729513,0.0001666819729513,0.0001666819729513,0.0001666819729513,0.0,0.0,0.0,-1.0,2.2660309409688253,0.0
1739767500.0,0.0001666819729513,0.0001666819729513,0.0001666819729513,0.0001666819729513,0.0,0.0,0.0,0.0,2.2660309409688253,0.0
1739767560.0,0.0001666819729513,0.0001666819729513,0.0001666819729513,0.0001666819729513,0.0,0.0,0.0,0.0,2.2660309409688253,0.0
1739767620.0,0.0001666819729513,0.0001666819729513,0.0001660621025939,0.0001660621025939,8.5160578041,0.0014168338906573705,-0.0037188806109290547,0.0,2.2660309409688253,0.0037188806109290547
1739767680.0,0.0001660621025939,0.0001660621025939,0.0001660621025939,0.0001660621025939,0.0,0.0,0.0,-1.0,2.257603842438691,0.0
1739767740.0,0.0001660621025939,0.0001660621025939,0.0001660621025939,0.0001660621025939,0.0,0.0,0.0,0.0,2.257603842438691,0.0
1739767800.0,0.0001660621025939,0.0001660621025939,0.0001660621025939,0.0001660621025939,0.0,0.0,0.0,0.0,2.257603842438691,0.0
1739767860.0,0.0001660621025939,0.0001660621025939,0.0001660621025939,0.0001660621025939,0.0,0.0,0.0,0.0,2.257603842438691,0.0
1739767920.0,0.0001660621025939,0.0001660621025939,0.0001660621025939,0.0001660621025939,0.0,0.0,0.0,0.0,2.257603842438691,0.0
1739767980.0,0.0001660621025939,0.0001669036971874,0.0001658285507465,0.0001658285507465,38.24960305002,0.006347342873141047,-0.0014064126838809897,0.0,2.257603842438691,0.006474363651345783
1739768040.0,0.0001658285507465,0.0001658285507465,0.0001640117361409,0.0001640117361409,112.39577577302,0.0185363274629524,-0.010955981930863808,1.9203286845255154,2.254428719759507,0.010955981930863808
1739768100.0,0.0001640117361409,0.0001640117361409,0.0001640117361409,0.0001640117361409,0.0,0.0,0.0,-1.0,2.2297292394414012,0.0
1739768160.0,0.0001640117361409,0.0001640117361409,0.0001640117361409,0.0001640117361409,0.0,0.0,0.0,0.0,2.2297292394414012,0.0
1739768220.0,0.0001640117361409,0.0001640117361409,0.0001636126567229,0.0001636126567229,4.4677206882,0.0007318671389782819,-0.0024332369584647235,0.0,2.2297292394414012,0.0024332369584647235
1739768280.0,0.0001636126567229,0.0001645294090347,0.0001636126567229,0.0001645294090347,29.92885343868,0.004910457896562453,0.005603187003757498,5.709493615764282,2.224303779848623,0.005603187003757498
1739768340.0,0.0001645294090347,0.0001645294090347,0.0001645294090347,0.0001645294090347,0.0,0.0,0.0,-1.0,2.2367669698802795,0.0
1739768400.0,0.0001645294090347,0.0001645294090347,0.0001634509698161,0.0001634509698161,29.7601429023,0.00488037147187515,-0.006554689674795779,0.0,2.2367669698802795,0.006554689674795779
1739768460.0,0.0001634509698161,0.0001634509698161,0.0001625252511399,0.0001625252511399,80.99617885407,0.013201414147363007,-0.005663586317300705,1.7050019088589425,2.222105656517881,0.005663586317300705
1739768520.0,0.0001625252511399,0.0001625252511399,0.0001625252511399,0.0001625252511399,0.0,0.0,0.0,-1.0,2.20952056932603,0.0
1739768580.0,0.0001625252511399,0.0001625252511399,0.0001625252511399,0.0001625252511399,0.0,0.0,0.0,0.0,2.20952056932603,0.0
1739768640.0,0.0001625252511399,0.0001625252511399,0.0001611738544978,0.0001611738544978,25.23414599263,0.004084135244672741,-0.008314994947688161,0.0,2.20952056932603,0.008314994947688161
1739768700.0,0.0001611738544978,0.0001611738544978,0.0001611738544978,0.0001611738544978,0.0,0.0,0.0,-1.0,2.191148416955271,0.0
1739768760.0,0.0001611738544978,0.0001611738544978,0.0001611738544978,0.0001611738544978,0.0,0.0,0.0,0.0,2.191148416955271,0.0
1739768820.0,0.0001611738544978,0.0001611738544978,0.0001611738544978,0.0001611738544978,0.0,0.0,0.0,0.0,2.191148416955271,0.0
1739768880.0,0.0001611738544978,0.0001611738544978,0.0001606247280089,0.0001606247280089,40.69505376803,0.006547805308792997,-0.0034070444651895762,0.0,2.191148416955271,0.0034070444651895762
1739768940.0,0.0001606247280089,0.0001606247280089,0.0001606247280089,0.0001606247280089,0.0,0.0,0.0,-1.0,2.183683076868874,0.0
1739769000.0,0.0001606247280089,0.0001606247280089,0.0001606247280089,0.0001606247280089,0.0,0.0,0.0,0.0,2.183683076868874,0.0
1739769060.0,0.0001606247280089,0.0001606247280089,0.0001606247280089,0.0001606247280089,0.0,0.0,0.0,0.0,2.183683076868874,0.0
1739769120.0,0.0001606247280089,0.0001607304765583,0.0001606247280089,0.0001607304765583,10.1692260832,0.0016339668641284209,0.0006583578425991155,0.0,2.183683076868874,0.0006583578425991155
1739769180.0,0.0001607304765583,0.0001607304765583,0.0001590671805335,0.0001590671805335,279.71611682928,0.044726279406409976,-0.010348354963015916,26.372819111767946,2.185120721748282,0.010348354963015916
1739769240.0,0.0001590671805335,0.0001590671805335,0.0001590671805335,0.0001590671805335,0.0,0.0,0.0,-1.0,2.1625083168825894,0.0
1739769300.0,0.0001590671805335,0.0001590671805335,0.0001568134262434,0.0001568134262434,51.91683391352,0.00819976049926912,-0.01416856879301601,0.0,2.1625083168825894,0.01416856879301601
1739769360.0,0.0001568134262434,0.0001568134262434,0.0001568134262434,0.0001568134262434,0.0,0.0,0.0,-1.0,2.131868669029369,0.0
1739769420.0,0.0001568134262434,0.0001568134262434,0.0001568134262434,0.0001568134262434,0.0,0.0,0.0,0.0,2.131868669029369,0.0
1739769480.0,0.0001568134262434,0.0001583843327016,0.0001568134262434,0.0001583843327016,183.36,0.0288973305400776,0.01001767830620367,0.0,2.131868669029369,0.01001767830620367
1739769540.0,0.0001583843327016,0.00015909572768,0.0001583843327016,0.00015909572768,0.85513404,0.00013574400332678078,0.004491574174450003,-0.9953025417645925,2.15322504354678,0.004491574174450003
1739769600.0,0.00015909572768,0.00015909572768,0.0001568495923444,0.0001568495923444,169.29998872424,0.026744769558803658,-0.014118137352611892,196.0235804407517,2.1628964135441535,0.014118137352611892
1739769660.0,0.0001568495923444,0.0001568495923444,0.0001568495923444,0.0001568495923444,0.0,0.0,0.0,-1.0,2.1323603448982653,0.0
1739769720.0,0.0001568495923444,0.0001568495923444,0.0001568495923444,0.0001568495923444,0.0,0.0,0.0,0.0,2.1323603448982653,0.0
1739769780.0,0.0001568495923444,0.0001568495923444,0.0001554605697024,0.0001554605697024,0.20686137948,3.23024554733117e-05,-0.008855761887796824,0.0,2.1323603448982653,0.008855761887796824
1739769840.0,0.0001554605697024,0.0001554605697024,0.0001554605697024,0.0001554605697024,0.0,0.0,0.0,-1.0,2.113476669424866,0.0
1739769900.0,0.0001554605697024,0.0001554605697024,0.0001554605697024,0.0001554605697024,0.0,0.0,0.0,0.0,2.113476669424866,0.0
1739769960.0,0.0001554605697024,0.0001554605697024,0.000154954523728,0.000154954523728,0.11154014872,1.7311872843079756e-05,-0.0032551403572542025,0.0,2.113476669424866,0.0032551403572542025
1739770020.0,0.000154954523728,0.000154954523728,0.0001548341339238,0.0001548341339238,20.6993244975,0.003206207975189772,-0.0007769363636735894,184.20283762778564,2.106597006224106,0.0007769363636735894
1739770080.0,0.0001548341339238,0.0001548341339238,0.0001535728953129,0.0001535728953129,177.7898457774,0.02741581908232949,-0.008145740082872763,7.550854871074538,2.1049603144063647,0.008145740082872763
1739770140.0,0.0001535728953129,0.0001535728953129,0.0001535728953129,0.0001535728953129,0.0,0.0,0.0,-1.0,2.0878138548004483,0.0
1739770200.0,0.0001535728953129,0.0001535728953129,0.0001532184279542,0.0001532184279542,5.0117178559,0.0007687757764264571,-0.0023081375002913106,0.0,2.0878138548004483,0.0023081375002913106
1739770260.0,0.0001532184279542,0.0001532184279542,0.0001532184279542,0.0001532184279542,0.0,0.0,0.0,-1.0,2.0829948933485554,0.0
1739770320.0,0.0001532184279542,0.0001532184279542,0.0001532184279542,0.0001532184279542,0.0,0.0,0.0,0.0,2.0829948933485554,0.0
1739770380.0,0.0001532184279542,0.0001532184279542,0.0001532184279542,0.0001532184279542,0.0,0.0,0.0,0.0,2.0829948933485554,0.0
1739770440.0,0.0001532184279542,0.0001532184279542,0.0001532184279542,0.0001532184279542,0.0,0.0,0.0,0.0,2.0829948933485554,0.0
1739770500.0,0.0001532184279542,0.000153754802979,0.0001532184279542,0.000153754802979,9.33071071976,0.0014321392082738856,0.0035007213685833444,0.0,2.0829948933485554,0.0035007213685833444
1739770560.0,0.000153754802979,0.000153754802979,0.0001529785377683,0.0001529785377683,2.47574327184,0.000379696502302067,-0.005048721702736119,-0.7348745847411693,2.0902868780823507,0.005048721702736119
1739770620.0,0.0001529785377683,0.0001529789379492,0.0001529785377683,0.0001529789379492,29.46425383924,0.0045074043642767654,2.6159283899472786e-06,10.871071597838704,2.079733601356032,2.6159283899472786e-06
1739770680.0,0.0001529789379492,0.0001529789379492,0.0001529789379492,0.0001529789379492,0.0,0.0,0.0,-1.0,2.0797390417902033,0.0
1739770740.0,0.0001529789379492,0.0001529789379492,0.0001529789379492,0.0001529789379492,0.0,0.0,0.0,0.0,2.0797390417902033,0.0
1739770800.0,0.0001529789379492,0.0001529789379492,0.0001529789379492,0.0001529789379492,0.0,0.0,0.0,0.0,2.0797390417902033,0.0
1739770860.0,0.0001529789379492,0.0001529789379492,0.0001529789379492,0.0001529789379492,0.0,0.0,0.0,0.0,2.0797390417902033,0.0
1739770920.0,0.0001529789379492,0.0001529789379492,0.0001529789379492,0.0001529789379492,0.0,0.0,0.0,0.0,2.0797390417902033,0.0
1739770980.0,0.0001529789379492,0.0001529789379492,0.0001529789379492,0.0001529789379492,0.0,0.0,0.0,0.0,2.0797390417902033,0.0
1739771040.0,0.0001529789379492,0.0001529789379492,0.0001529789379492,0.0001529789379492,0.0,0.0,0.0,0.0,2.0797390417902033,0.0
1739771100.0,0.0001529789379492,0.0001529789379492,0.0001529789379492,0.0001529789379492,0.0,0.0,0.0,0.0,2.0797390417902033,0.0
1739771160.0,0.0001529789379492,0.0001529789379492,0.0001529789379492,0.0001529789379492,0.0,0.0,0.0,0.0,2.0797390417902033,0.0
1739771220.0,0.0001529789379492,0.0001529789379492,0.0001529789379492,0.0001529789379492,0.0,0.0,0.0,0.0,2.0797390417902033,0.0
1739771280.0,0.0001529789379492,0.0001529789379492,0.0001529789379492,0.0001529789379492,0.0,0.0,0.0,0.0,2.0797390417902033,0.0
1739771340.0,0.0001529789379492,0.0001540982150226,0.0001529789379492,0.0001540982150226,3.6271053,0.0005569005845264633,0.007316543626232113,0.0,2.0797390417902033,0.007316543626232113
1739771400.0,0.0001540982150226,0.0001540982150226,0.0001532344556024,0.0001532344556024,19.27954502052,0.002962617029795666,-0.005605252598632069,4.31983106520673,2.0949555432206393,0.005605252598632069
1739771460.0,0.0001532344556024,0.0001536736886993,0.0001529973731081,0.0001536736886993,18.58308759497,0.0028516504645840915,0.0028664120949383827,-0.037455588790437665,2.0832127882179834,0.00441359998664301
1739771520.0,0.0001536736886993,0.0001536736886993,0.0001536736886993,0.0001536736886993,0.0,0.0,0.0,-1.0,2.089184134550462,0.0
1739771580.0,0.0001536736886993,0.0001536736886993,0.0001536736886993,0.0001536736886993,0.0,0.0,0.0,0.0,2.089184134550462,0.0
1739771640.0,0.0001536736886993,0.0001536736886993,0.0001536736886993,0.0001536736886993,0.0,0.0,0.0,0.0,2.089184134550462,0.0
1739771700.0,0.0001536736886993,0.0001536736886993,0.0001536736886993,0.0001536736886993,0.0,0.0,0.0,0.0,2.089184134550462,0.0
1739771760.0,0.0001536736886993,0.0001536736886993,0.0001536736886993,0.0001536736886993,0.0,0.0,0.0,0.0,2.089184134550462,0.0
1739771820.0,0.0001536736886993,0.0001536736886993,0.0001536736886993,0.0001536736886993,0.0,0.0,0.0,0.0,2.089184134550462,0.0
1739771880.0,0.0001536736886993,0.0001542383535198,0.0001536736886993,0.0001542383535198,4.95089415,0.0007622199642685476,0.003674440467196024,0.0,2.089184134550462,0.003674440467196024
1739771940.0,0.0001542383535198,0.0001542383535198,0.0001542383535198,0.0001542383535198,0.0,0.0,0.0,-1.0,2.096860717277878,0.0
1739772000.0,0.0001542383535198,0.0001542383535198,0.0001542383535198,0.0001542383535198,0.0,0.0,0.0,0.0,2.096860717277878,0.0
1739772060.0,0.0001542383535198,0.0001542383535198,0.0001542383535198,0.0001542383535198,0.0,0.0,0.0,0.0,2.096860717277878,0.0
1739772120.0,0.0001542383535198,0.0001542383535198,0.0001369911868616,0.000143619705571,1979.6587831557,0.29482866140640585,-0.06884570346140823,0.0,2.096860717277878,0.11182151692241672
1739772180.0,0.000143619705571,0.0001446010957499,0.000143619705571,0.0001446010957499,44.87627575783,0.006467138079609721,0.006833255749955899,-0.9780647578537314,1.9525008661362893,0.006833255749955899
1739772240.0,0.0001446010957499,0.0001446010957499,0.0001431392555126,0.0001431392555126,159.04661919264,0.022882065036801656,-0.010109468602011019,2.538205734147947,1.965842803906609,0.010109468602011019
1739772300.0,0.0001431392555126,0.0001431392555126,0.0001431392555126,0.0001431392555126,0.0,0.0,0.0,-1.0,1.9459691778040258,0.0
1739772360.0,0.0001431392555126,0.0001431392555126,0.0001423205116477,0.0001423205116477,0.04109605736,5.865635482595966e-06,-0.0057199114384659435,0.0,1.9459691778040258,0.0057199114384659435
1739772420.0,0.0001423205116477,0.0001423290382978,0.0001423205116477,0.0001423290382978,1.06294513402,0.00015128342700777608,5.991160375476537e-05,24.791481154369702,1.9348384064450024,5.991160375476537e-05
1739772480.0,0.0001423290382978,0.0001423290382978,0.0001423290382978,0.0001423290382978,0.0,0.0,0.0,-1.0,1.9349543257169388,0.0
1739772540.0,0.0001423290382978,0.0001423290382978,0.0001423290382978,0.0001423290382978,0.0,0.0,0.0,0.0,1.9349543257169388,0.0
1739772600.0,0.0001423290382978,0.0001423290382978,0.0001423290382978,0.0001423290382978,0.0,0.0,0.0,0.0,1.9349543257169388,0.0
1739772660.0,0.0001423290382978,0.0001470203484394,0.0001423290382978,0.0001470203484394,548.559,0.07936260511958586,0.03296101904225769,0.0,1.9349543257169388,0.03296101904225769
1739772720.0,0.0001470203484394,0.0001477118542563,0.0001470203484394,0.0001477118542563,319.93891388096,0.0471481504081026,0.00470347012668805,-0.4059147839582835,1.9987323920927937,0.00470347012668805
1739772780.0,0.0001477118542563,0.0001477118542563,0.0001456495086735,0.0001456495086735,2.2916183285,0.00033613613808183504,-0.013961950401228825,-0.9928706399896426,2.008133370190246,0.013961950401228825
1739772840.0,0.0001456495086735,0.0001456495086735,0.0001456495086735,0.0001456495086735,0.0,0.0,0.0,-1.0,1.9800959116765973,0.0
1739772900.0,0.0001456495086735,0.0001456495086735,0.0001456495086735,0.0001456495086735,0.0,0.0,0.0,0.0,1.9800959116765973,0.0
1739772960.0,0.0001456495086735,0.0001456495086735,0.0001455879056048,0.0001455879056048,7.39044219959,0.0010761866382909117,-0.00042295418131544797,0.0,1.9800959116765973,0.00042295418131544797
1739773020.0,0.0001455879056048,0.0001455879056048,0.0001455879056048,0.0001455879056048,0.0,0.0,0.0,-1.0,1.979258421831348,0.0
1739773080.0,0.0001455879056048,0.0001455879056048,0.0001455879056048,0.0001455879056048,0.0,0.0,0.0,0.0,1.979258421831348,0.0
1739773140.0,0.0001455879056048,0.0001455879056048,0.0001455879056048,0.0001455879056048,0.0,0.0,0.0,0.0,1.979258421831348,0.0
1739773200.0,0.0001455879056048,0.0001455879056048,0.0001453905361953,0.0001453905361953,0.03642837552,5.299935973059253e-06,-0.0013556717412760355,0.0,1.979258421831348,0.0013556717412760355
1739773260.0,0.0001453905361953,0.0001453905361953,0.0001453905361953,0.0001453905361953,0.0,0.0,0.0,-1.0,1.9765751971201886,0.0
1739773320.0,0.0001453905361953,0.0001467238948109,0.0001453905361953,0.000146579057463,92.3051591493,0.013475149904692918,0.008174681095497658,0.0,1.9765751971201886,0.009170876251593898
1739773380.0,0.000146579057463,0.000146579057463,0.000146579057463,0.000146579057463,0.0,0.0,0.0,-1.0,1.9927330690179166,0.0
1739773440.0,0.000146579057463,0.000146579057463,0.0001464980674432,0.0001464980674432,18.89100856191,0.002768261237951495,-0.0005525347290517897,0.0,1.9927330690179166,0.0005525347290517897
1739773500.0,0.0001464980674432,0.0001464980674432,0.0001464980674432,0.0001464980674432,0.0,0.0,0.0,-1.0,1.9916320147915543,0.0
1739773560.0,0.0001464980674432,0.0001464980674432,0.0001463606695723,0.0001463606695723,0.04579890454,6.706304670138924e-06,-0.0009378817980194716,0.0,1.9916320147915543,0.0009378817980194716
1739773620.0,0.0001463606695723,0.0001463606695723,0.0001463606695723,0.0001463606695723,0.0,0.0,0.0,-1.0,1.9897640993765284,0.0
1739773680.0,0.0001463606695723,0.0001463606695723,0.0001463606695723,0.0001463606695723,0.0,0.0,0.0,0.0,1.9897640993765284,0.0
1739773740.0,0.0001463606695723,0.0001463606695723,0.0001463606695723,0.0001463606695723,0.0,0.0,0.0,0.0,1.9897640993765284,0.0
1739773800.0,0.0001463606695723,0.0001463606695723,0.0001463606695723,0.0001463606695723,0.0,0.0,0.0,0.0,1.9897640993765284,0.0
1739773860.0,0.0001463606695723,0.0001463606695723,0.0001451208605367,0.0001451208605367,191.94343753728,0.02797398343387382,-0.008470916669232376,0.0,1.9897640993765284,0.008470916669232376
1739773920.0,0.0001451208605367,0.0001451208605367,0.0001451208605367,0.0001451208605367,0.0,0.0,0.0,-1.0,1.9729089734992795,0.0
1739773980.0,0.0001451208605367,0.0001451208605367,0.0001451208605367,0.0001451208605367,0.0,0.0,0.0,0.0,1.9729089734992795,0.0
1739774040.0,0.0001451208605367,0.0001451208605367,0.0001451208605367,0.0001451208605367,0.0,0.0,0.0,0.0,1.9729089734992795,0.0
1739774100.0,0.0001451208605367,0.0001454915032654,0.0001448294604998,0.0001454915032654,85.6624640597,0.012447285584750925,0.0025540279139006352,0.0,1.9729089734992795,0.004562009645970897
1739774160.0,0.0001454915032654,0.0001454915032654,0.0001448971826017,0.0001448971826017,1.83884480042,0.0002669898625537568,-0.004084916647097148,-0.978550354554342,1.9779478380891817,0.004084916647097148
1739774220.0,0.0001448971826017,0.0001448971826017,0.0001448665711662,0.0001448665711662,0.49638320655,7.191693061863743e-05,-0.00021126315191459733,-0.7306379728025914,1.9698680860382816,0.00021126315191459733
1739774280.0,0.0001448665711662,0.000145980683549,0.0001448665711662,0.000145980683549,74.9729545432,0.010902839003388601,0.007690610565509987,150.60323041599756,1.969451925497569,0.007690610565509987
1739774340.0,0.000145980683549,0.000145980683549,0.000145980683549,0.000145980683549,0.0,0.0,0.0,-1.0,1.9845982132840647,0.0
1739774400.0,0.000145980683549,0.000145980683549,0.000145980683549,0.000145980683549,0.0,0.0,0.0,0.0,1.9845982132840647,0.0
1739774460.0,0.000145980683549,0.000145980683549,0.0001452553057002,0.0001452553057002,58.25774558343,0.008483376083209223,-0.004968998850841211,0.0,1.9845982132840647,0.004968998850841211
1739774520.0,0.0001452553057002,0.0001452553057002,0.0001443526020521,0.0001443526020521,42.48905769075,0.006152583550092439,-0.006214600174145295,-0.27474822644371744,1.9747367470428745,0.006214600174145295
1739774580.0,0.0001443526020521,0.0001843641376503,0.0001443526020521,0.0001836880877892,3033.49980955342,0.49755568507967807,0.2724958551346581,79.86939104991147,1.962464547710811,0.27717917813326953
1739774640.0,0.0001836880877892,0.0001855444827524,0.0001836880877892,0.0001855444827524,66.0779859592,0.012199072305963586,0.010106234898206366,-0.975481995941801,2.4972280028107186,0.010106234898206366
1739774700.0,0.0001855444827524,0.0001855444827524,0.0001845936417388,0.0001846879723091,22.61266750272,0.004185971702510712,-0.004616200010878211,-0.6568614729445962,2.5224655756015024,0.005124598691888146
1739774760.0,0.0001846879723091,0.0001846879723091,0.0001845762831991,0.0001845762831991,8.0203242457,0.001480809530761388,-0.0006047449035449476,-0.6462447345563253,2.5108213699839705,0.0006047449035449476
1739774820.0,0.0001845762831991,0.0001845762831991,0.0001840307422514,0.0001840307422514,24.00831599428,0.004424816972363607,-0.002955639469191929,1.9881067621765631,2.509302963556761,0.002955639469191929
1739774880.0,0.0001840307422514,0.0001840307422514,0.0001837413956208,0.0001837413956208,15.97524601353,0.002937625189715135,-0.001572273344443382,-0.3361024403805019,2.5018863686775124,0.001572273344443382
1739774940.0,0.0001837413956208,0.0001837413956208,0.0001833796167822,0.0001833796167822,17.55004529652,0.0032214951984884652,-0.001968956627207863,0.0966324804700009,2.4979527194292146,0.001968956627207863
1739775000.0,0.0001833796167822,0.0001833796167822,0.0001829523260977,0.0001829523260977,36.36573614289,0.006660965387741348,-0.0023300882180786967,1.067662677525235,2.4930343588678423,0.0023300882180786967
1739775060.0,0.0001829523260977,0.0001829523260977,0.0001826247173197,0.0001826247173197,10.78488844572,0.001971353815786398,-0.0017906783968686217,-0.7040438283293857,2.487225368880979,0.0017906783968686217
1739775120.0,0.0001826247173197,0.0001826247173197,0.0001822033400189,0.0001822033400189,56.5459569188,0.010314775806518987,-0.0023073399208188043,4.232331063008237,2.4827715481447803,0.0023073399208188043
1739775180.0,0.0001822033400189,0.0001822033400189,0.000180116348026,0.000180116348026,172.82773533176,0.03130944557545491,-0.011454191743595497,2.035397585245352,2.4770429502374727,0.011454191743595497
1739775240.0,0.000180116348026,0.000180116348026,0.000180116348026,0.000180116348026,0.0,0.0,0.0,-1.0,2.4486704253283316,0.0
1739775300.0,0.000180116348026,0.000180116348026,0.0001793163526501,0.0001793163526501,0.75102749676,0.00013497192072122887,-0.004441547836538007,0.0,2.4486704253283316,0.004441547836538007
1739775360.0,0.0001793163526501,0.0001793163526501,0.000179115266914,0.000179115266914,17.99201577245,0.003224453676271042,-0.0011214021093344892,22.889810999510278,2.4377945384983195,0.0011214021093344892
1739775420.0,0.000179115266914,0.000179115266914,0.000179115266914,0.000179115266914,0.0,0.0,0.0,-1.0,2.4350607905607236,0.0
1739775480.0,0.000179115266914,0.000179115266914,0.000179115266914,0.000179115266914,0.0,0.0,0.0,0.0,2.4350607905607236,0.0
1739775540.0,0.000179115266914,0.000179115266914,0.000179115266914,0.000179115266914,0.0,0.0,0.0,0.0,2.4350607905607236,0.0
1739775600.0,0.000179115266914,0.0001800404626426,0.000179115266914,0.0001800404626426,5.65206027592,0.001014984915947963,0.005165364988369331,0.0,2.4350607905607236,0.005165364988369331
1739775660.0,0.0001800404626426,0.0001800404626426,0.0001800394220431,0.0001800394220431,2.01751,0.0003632323840761233,-5.779809075920527e-06,-0.6421302638405457,2.447638768312837,5.779809075920527e-06
1739775720.0,0.0001800394220431,0.0001800394220431,0.0001800394220431,0.0001800394220431,0.0,0.0,0.0,-1.0,2.4476246214280692,0.0
1739775780.0,0.0001800394220431,0.0001801936836211,0.0001800394220431,0.0001801936836211,18.342,0.003303697812046378,0.0008568211131176237,0.0,2.4476246214280692,0.0008568211131176237
1739775840.0,0.0001801936836211,0.0001801936836211,0.0001790094807616,0.0001790094807616,59.88571426344,0.010755569032372922,-0.006571833350108242,2.2556152663704743,2.449721797880695,0.006571833350108242
1739775900.0,0.0001790094807616,0.0001790094807616,0.0001790094807616,0.0001790094807616,0.0,0.0,0.0,-1.0,2.433622634470896,0.0
1739775960.0,0.0001790094807616,0.0001790094807616,0.0001784137075342,0.0001784137075342,28.44390606814,0.005083255797230426,-0.0033281657757191505,0.0,2.433622634470896,0.0033281657757191505
1739776020.0,0.0001784137075342,0.0001784137075342,0.0001784137075342,0.0001784137075342,0.0,0.0,0.0,-1.0,2.4255231349078343,0.0
1739776080.0,0.0001784137075342,0.0001784137075342,0.0001784137075342,0.0001784137075342,0.0,0.0,0.0,0.0,2.4255231349078343,0.0
1739776140.0,0.0001784137075342,0.0001788637768767,0.0001780846173268,0.0001788637768767,20.12822363768,0.0035956805534651626,0.0025226163881704056,0.0,2.4255231349078343,0.0043671507120643695
1739776200.0,0.0001788637768767,0.0001788637768767,0.0001788637768767,0.0001788637768767,0.0,0.0,0.0,-1.0,2.4316417993178394,0.0
1739776260.0,0.0001788637768767,0.0001788637768767,0.0001788637768767,0.0001788637768767,0.0,0.0,0.0,0.0,2.4316417993178394,0.0
1739776320.0,0.0001788637768767,0.0001788637768767,0.0001788637768767,0.0001788637768767,0.0,0.0,0.0,0.0,2.4316417993178394,0.0
1739776380.0,0.0001788637768767,0.0001788637768767,0.0001788637768767,0.0001788637768767,0.0,0.0,0.0,0.0,2.4316417993178394,0.0
1739776440.0,0.0001788637768767,0.0001788637768767,0.0001788637768767,0.0001788637768767,0.0,0.0,0.0,0.0,2.4316417993178394,0.0
1739776500.0,0.0001788637768767,0.0001788637768767,0.0001786004265191,0.0001786004265191,20.05199203401,0.003583934679468156,-0.0014723515414837912,0.0,2.4316417993178394,0.0014723515414837912
1739776560.0,0.0001786004265191,0.0001786004265191,0.0001786004265191,0.0001786004265191,0.0,0.0,0.0,-1.0,2.428061567766277,0.0
1739776620.0,0.0001786004265191,0.0001786004265191,0.0001786004265191,0.0001786004265191,0.0,0.0,0.0,0.0,2.428061567766277,0.0
1739776680.0,0.0001786004265191,0.0001786004265191,0.0001786004265191,0.0001786004265191,0.0,0.0,0.0,0.0,2.428061567766277,0.0
1739776740.0,0.0001786004265191,0.0001786004265191,0.0001786004265191,0.0001786004265191,0.0,0.0,0.0,0.0,2.428061567766277,0.0
1739776800.0,0.0001786004265191,0.0001786004265191,0.0001786004265191,0.0001786004265191,0.0,0.0,0.0,0.0,2.428061567766277,0.0
1739776860.0,0.0001786004265191,0.0001786004265191,0.0001786004265191,0.0001786004265191,0.0,0.0,0.0,0.0,2.428061567766277,0.0
1739776920.0,0.0001786004265191,0.0001786004265191,0.0001771775534415,0.0001771775534415,0.28513125756,5.072171141916118e-05,-0.00796679551853044,0.0,2.428061567766277,0.00796679551853044
1739776980.0,0.0001771775534415,0.0001771775534415,0.0001771720063279,0.0001771720063279,0.4913032779,8.70465501185641e-05,-3.130821874584624e-05,0.7161595632926623,2.408717697749481,3.130821874584624e-05
1739777040.0,0.0001771720063279,0.0001771720063279,0.0001771720063279,0.0001771720063279,0.0,0.0,0.0,-1.0,2.4086422850889027,0.0
1739777100.0,0.0001771720063279,0.0001771720063279,0.0001771720063279,0.0001771720063279,0.0,0.0,0.0,0.0,2.4086422850889027,0.0
1739777160.0,0.0001771720063279,0.0001771720063279,0.0001771720063279,0.0001771720063279,0.0,0.0,0.0,0.0,2.4086422850889027,0.0
1739777220.0,0.0001771720063279,0.0001771720063279,0.0001771720063279,0.0001771720063279,0.0,0.0,0.0,0.0,2.4086422850889027,0.0
1739777280.0,0.0001771720063279,0.0001778752248712,0.0001771720063279,0.0001778752248712,1.803186,0.00032010809831849017,0.00396912897175486,0.0,2.4086422850889027,0.00396912897175486
1739777340.0,0.0001778752248712,0.0001778752248712,0.0001778752248712,0.0001778752248712,0.0,0.0,0.0,-1.0,2.418202496965243,0.0
1739777400.0,0.0001778752248712,0.000182636301684,0.0001778752248712,0.000182636301684,337.46469919087,0.06082995693189597,0.026766385348198536,0.0,2.418202496965243,0.026766385348198536
1739777460.0,0.000182636301684,0.000182636301684,0.000182636301684,0.000182636301684,0.0,0.0,0.0,-1.0,2.4829290368489905,0.0
1739777520.0,0.000182636301684,0.000182636301684,0.0001813243864596,0.0001813243864596,38.44357092442,0.006995974264174598,-0.00718321172901263,0.0,2.4829290368489905,0.00718321172901263
1739777580.0,0.0001813243864596,0.0001813243864596,0.0001813243864596,0.0001813243864596,0.0,0.0,0.0,-1.0,2.4650936318691907,0.0
1739777640.0,0.0001813243864596,0.0001813243864596,0.0001813243864596,0.0001813243864596,0.0,0.0,0.0,0.0,2.4650936318691907,0.0
1739777700.0,0.0001813243864596,0.0001813243864596,0.0001813243864596,0.0001813243864596,0.0,0.0,0.0,0.0,2.4650936318691907,0.0
1739777760.0,0.0001813243864596,0.0001817024554846,0.0001813243864596,0.0001817024554846,12.60464205,0.002287911698624284,0.002085042350793858,0.0,2.4650936318691907,0.002085042350793858
1739777820.0,0.0001817024554846,0.0001817024554846,0.0001808029024857,0.0001808029024857,0.35425924407,6.421043704294161e-05,-0.004950692584207968,-0.971934914672821,2.4702334564903103,0.004950692584207968
1739777880.0,0.0001808029024857,0.0001808029024857,0.0001808029024857,0.0001808029024857,0.0,0.0,0.0,-1.0,2.458004090036001,0.0
1739777940.0,0.0001808029024857,0.0001808029024857,0.0001808029024857,0.0001808029024857,0.0,0.0,0.0,0.0,2.458004090036001,0.0
1739778000.0,0.0001808029024857,0.0001818077444928,0.0001808029024857,0.0001818077444928,18.15,0.003290691621329888,0.005557665243673195,0.0,2.458004090036001,0.005557665243673195
1739778060.0,0.0001818077444928,0.0001818077444928,0.0001818077444928,0.0001818077444928,0.0,0.0,0.0,-1.0,2.471664853936001,0.0
1739778120.0,0.0001818077444928,0.0001818077444928,0.0001808192665709,0.0001808192665709,0.02943732633,5.337384830377329e-06,-0.005436940679604382,0.0,2.471664853936001,0.005436940679604382
1739778180.0,0.0001808192665709,0.0001818671891409,0.0001808192665709,0.0001818671891409,18.13,0.0032877527210274666,0.00579541433760382,614.9856981485514,2.458226558745288,0.00579541433760382
1739778240.0,0.0001818671891409,0.0001818671891409,0.0001818671891409,0.0001818671891409,0.0,0.0,0.0,-1.0,2.472473000188919,0.0
1739778300.0,0.0001818671891409,0.0001818671891409,0.0001818671891409,0.0001818671891409,0.0,0.0,0.0,0.0,2.472473000188919,0.0
1739778360.0,0.0001818671891409,0.0001818671891409,0.0001808573470943,0.0001808573470943,0.01425039007,2.5844830646557246e-06,-0.005552634597643773,0.0,2.472473000188919,0.005552634597643773
1739778420.0,0.0001808573470943,0.0001808573470943,0.0001808573470943,0.0001808573470943,0.0,0.0,0.0,-1.0,2.4587442610663297,0.0
1739778480.0,0.0001808573470943,0.0001808573470943,0.0001808573470943,0.0001808573470943,0.0,0.0,0.0,0.0,2.4587442610663297,0.0
1739778540.0,0.0001808573470943,0.0001808573470943,0.0001808573470943,0.0001808573470943,0.0,0.0,0.0,0.0,2.4587442610663297,0.0
1739778600.0,0.0001808573470943,0.0001808573470943,0.0001808573470943,0.0001808573470943,0.0,0.0,0.0,0.0,2.4587442610663297,0.0
1739778660.0,0.0001808573470943,0.0001836702645747,0.0001808573470943,0.0001836702645747,183.855697263,0.03351023910751004,0.015553238646884047,0.0,2.4587442610663297,0.015553238646884047
1739778720.0,0.0001836702645747,0.0001836702645747,0.0001836702645747,0.0001836702645747,0.0,0.0,0.0,-1.0,2.496985697330351,0.0
1739778780.0,0.0001836702645747,0.0001836702645747,0.0001836702645747,0.0001836702645747,0.0,0.0,0.0,0.0,2.496985697330351,0.0
1739778840.0,0.0001836702645747,0.0001845840046062,0.0001836702645747,0.0001845840046062,1.4504,0.00026705799600998864,0.00497489364223345,0.0,2.496985697330351,0.00497489364223345
1739778900.0,0.0001845840046062,0.0001845840046062,0.0001835521101826,0.0001835521101826,18.14089988862,0.0033391602018845714,-0.005590378352672028,11.50350205488578,2.5094079356007475,0.005590378352672028
1739778960.0,0.0001835521101826,0.0001835521101826,0.0001835521101826,0.0001835521101826,0.0,0.0,0.0,-1.0,2.495379395799542,0.0
1739779020.0,0.0001835521101826,0.0001835521101826,0.0001831802904844,0.0001831802904844,46.1008044416,0.008453329342773932,-0.0020256901314296603,0.0,2.495379395799542,0.0020256901314296603
1739779080.0,0.0001831802904844,0.0001831802904844,0.0001831802904844,0.0001831802904844,0.0,0.0,0.0,-1.0,2.490324530383298,0.0
1739779140.0,0.0001831802904844,0.0001831802904844,0.0001828090131485,0.0001828090131485,40.5063351315,0.007412442693749279,-0.0020268410696270786,0.0,2.490324530383298,0.0020268410696270786
1739779200.0,0.0001828090131485,0.0001838894870272,0.0001828090131485,0.0001838894870272,63.36744339135,0.01161837322578831,0.005910397195910112,0.5674149137889163,2.4852770383484173,0.005910397195910112
1739779260.0,0.0001838894870272,0.0001838894870272,0.0001838894870272,0.0001838894870272,0.0,0.0,0.0,-1.0,2.499966012786931,0.0
1739779320.0,0.0001838894870272,0.0001838894870272,0.0001838894870272,0.0001838894870272,0.0,0.0,0.0,0.0,2.499966012786931,0.0
1739779380.0,0.0001838894870272,0.0001838894870272,0.0001838894870272,0.0001838894870272,0.0,0.0,0.0,0.0,2.499966012786931,0.0
1739779440.0,0.0001838894870272,0.0001838894870272,0.0001838894870272,0.0001838894870272,0.0,0.0,0.0,0.0,2.499966012786931,0.0
1739779500.0,0.0001838894870272,0.0001838894870272,0.0001825909981701,0.0001825909981701,53.050604406,0.00972100562136045,-0.007061245741078809,0.0,2.499966012786931,0.007061245741078809
1739779560.0,0.0001825909981701,0.0001825909981701,0.0001825909981701,0.0001825909981701,0.0,0.0,0.0,-1.0,2.482313138426298,0.0
1739779620.0,0.0001825909981701,0.0001825909981701,0.0001825909981701,0.0001825909981701,0.0,0.0,0.0,0.0,2.482313138426298,0.0
1739779680.0,0.0001825909981701,0.0001825909981701,0.0001825909981701,0.0001825909981701,0.0,0.0,0.0,0.0,2.482313138426298,0.0
1739779740.0,0.0001825909981701,0.0001825909981701,0.0001825909981701,0.0001825909981701,0.0,0.0,0.0,0.0,2.482313138426298,0.0
1739779800.0,0.0001825909981701,0.0001826415633522,0.0001823448697927,0.0001823448697927,41.32114943264,0.007539784766710519,-0.001347976515089345,0.0,2.482313138426298,0.0016249079224793306
1739779860.0,0.0001823448697927,0.0001823448697927,0.0001823448697927,0.0001823448697927,0.0,0.0,0.0,-1.0,2.4789670386126015,0.0
1739779920.0,0.0001823448697927,0.0001823448697927,0.0001823448697927,0.0001823448697927,0.0,0.0,0.0,0.0,2.4789670386126015,0.0
1739779980.0,0.0001823448697927,0.0001823448697927,0.0001823448697927,0.0001823448697927,0.0,0.0,0.0,0.0,2.4789670386126015,0.0
1739780040.0,0.0001823448697927,0.0001823448697927,0.0001823448697927,0.0001823448697927,0.0,0.0,0.0,0.0,2.4789670386126015,0.0
1739780100.0,0.0001823448697927,0.0001828496489296,0.0001823448697927,0.0001828496489296,0.05748679431,1.0496931090464153e-05,0.002768266184148052,0.0,2.4789670386126015,0.002768266184148052
1739780160.0,0.0001828496489296,0.0001828496489296,0.0001828496489296,0.0001828496489296,0.0,0.0,0.0,-1.0,2.48582947923721,0.0
1739780220.0,0.0001828496489296,0.0001828496489296,0.0001828496489296,0.0001828496489296,0.0,0.0,0.0,0.0,2.48582947923721,0.0
1739780280.0,0.0001828496489296,0.0001828496489296,0.0001828496489296,0.0001828496489296,0.0,0.0,0.0,0.0,2.48582947923721,0.0
1739780340.0,0.0001828496489296,0.0001828496489296,0.0001828496489296,0.0001828496489296,0.0,0.0,0.0,0.0,2.48582947923721,0.0
1739780400.0,0.0001828496489296,0.0001828496489296,0.0001828496489296,0.0001828496489296,0.0,0.0,0.0,0.0,2.48582947923721,0.0
1739780460.0,0.0001828496489296,0.0001828496489296,0.0001828496489296,0.0001828496489296,0.0,0.0,0.0,0.0,2.48582947923721,0.0
1739780520.0,0.0001828496489296,0.0001828496489296,0.0001828496489296,0.0001828496489296,0.0,0.0,0.0,0.0,2.48582947923721,0.0
1739780580.0,0.0001828496489296,0.0001828496489296,0.0001828496489296,0.0001828496489296,0.0,0.0,0.0,0.0,2.48582947923721,0.0
1739780640.0,0.0001828496489296,0.0001828496489296,0.0001828496489296,0.0001828496489296,0.0,0.0,0.0,0.0,2.48582947923721,0.0
1739780700.0,0.0001828496489296,0.0001828496489296,0.0001828496489296,0.0001828496489296,0.0,0.0,0.0,0.0,2.48582947923721,0.0
1739780760.0,0.0001828496489296,0.0001828496489296,0.0001828496489296,0.0001828496489296,0.0,0.0,0.0,0.0,2.48582947923721,0.0
1739780820.0,0.0001828496489296,0.0001828496489296,0.0001828496489296,0.0001828496489296,0.0,0.0,0.0,0.0,2.48582947923721,0.0
1739780880.0,0.0001828496489296,0.0001828496489296,0.0001779357253594,0.0001779357253594,286.9532617107,0.05176426996487215,-0.026874120890939945,0.0,2.48582947923721,0.026874120890939945
1739780940.0,0.0001779357253594,0.0001779357253594,0.0001779357253594,0.0001779357253594,0.0,0.0,0.0,-1.0,2.419024997297927,0.0
1739781000.0,0.0001779357253594,0.0001779357253594,0.0001779357253594,0.0001779357253594,0.0,0.0,0.0,0.0,2.419024997297927,0.0
1739781060.0,0.0001779357253594,0.0001779357253594,0.0001776511363478,0.0001776511363478,42.49600833415,0.007555511119311707,-0.0015993922020167504,0.0,2.419024997297927,0.0015993922020167504
1739781120.0,0.0001776511363478,0.0001776511363478,0.0001776511363478,0.0001776511363478,0.0,0.0,0.0,-1.0,2.4151560275807653,0.0
1739781180.0,0.0001776511363478,0.0001776511363478,0.0001773215724387,0.0001773215724387,1.22708010997,0.00021778997526704358,-0.0018551184972709152,0.0,2.4151560275807653,0.0018551184972709152
1739781240.0,0.0001773215724387,0.000178389018584,0.0001773215724387,0.000178389018584,22.11285868592,0.003932889016185024,0.0060198323904950835,17.058172839969814,2.410675626960205,0.0060198323904950835
1739781300.0,0.000178389018584,0.000178389018584,0.000178389018584,0.000178389018584,0.0,0.0,0.0,-1.0,2.425187490182357,0.0
1739781360.0,0.000178389018584,0.000178389018584,0.000178389018584,0.000178389018584,0.0,0.0,0.0,0.0,2.425187490182357,0.0
1739781420.0,0.000178389018584,0.000178389018584,0.000178389018584,0.000178389018584,0.0,0.0,0.0,0.0,2.425187490182357,0.0
1739781480.0,0.000178389018584,0.000178389018584,0.000178389018584,0.000178389018584,0.0,0.0,0.0,0.0,2.425187490182357,0.0
1739781540.0,0.000178389018584,0.000178389018584,0.000178389018584,0.000178389018584,0.0,0.0,0.0,0.0,2.425187490182357,0.0
1739781600.0,0.000178389018584,0.000178389018584,0.000178389018584,0.000178389018584,0.0,0.0,0.0,0.0,2.425187490182357,0.0
1739781660.0,0.000178389018584,0.000178389018584,0.000178389018584,0.000178389018584,0.0,0.0,0.0,0.0,2.425187490182357,0.0
1739781720.0,0.000178389018584,0.000178389018584,0.000178389018584,0.000178389018584,0.0,0.0,0.0,0.0,2.425187490182357,0.0
1739781780.0,0.000178389018584,0.000178389018584,0.000178389018584,0.000178389018584,0.0,0.0,0.0,0.0,2.425187490182357,0.0
1739781840.0,0.000178389018584,0.000178389018584,0.000178389018584,0.000178389018584,0.0,0.0,0.0,0.0,2.425187490182357,0.0
1739781900.0,0.000178389018584,0.000178389018584,0.000178389018584,0.000178389018584,0.0,0.0,0.0,0.0,2.425187490182357,0.0
1739781960.0,0.000178389018584,0.000178389018584,0.000178389018584,0.000178389018584,0.0,0.0,0.0,0.0,2.425187490182357,0.0
1739782020.0,0.000178389018584,0.0001799591908037,0.000178389018584,0.0001799591908037,34.25541676526,0.00613768362983016,0.008801955592129927,0.0,2.425187490182357,0.008801955592129927
1739782080.0,0.0001799591908037,0.000180703833717,0.0001799591908037,0.000180703833717,28.43313819774,0.005127390809505977,0.0041378431964180905,-0.16460490329185304,2.4465338827735312,0.0041378431964180905
