0,1,2,3,4,5
1736430060.0,8.52383403283192e-05,0.0001325164212432,8.33701086739404e-05,0.0001318245174345,18172.80531864256
1736430120.0,0.0001318245174345,0.0001401728479009,9.48979757619204e-05,0.0001349873302571,18533.31490498524
1736430180.0,0.0001349873302571,0.0001652138266478,0.0001096916304037,0.0001482412252258,21314.38793170872
1736430240.0,0.0001482412252258,0.0001586513178617,8.34868256075127e-05,8.57453685111149e-05,21311.26212389617
1736430300.0,8.57453685111149e-05,0.0001359951753705,8.4986569229311e-05,0.0001192236391847,21789.85751404855
1736430360.0,0.0001192236391847,0.0001338342377643,9.22262773992724e-05,0.000100282739916,10211.79978630018
1736430420.0,0.000100282739916,0.0001123572372905,9.74536915590493e-05,0.0001053918896981,3777.68354039775
1736430480.0,0.0001053918896981,0.0001053918896981,3.94033467159635e-05,4.20282357913837e-05,13073.49458020449
1736430540.0,4.20282357913837e-05,5.69213180636672e-05,4.20282357913837e-05,5.55001538028404e-05,4819.39739753913
1736430600.0,5.55001538028404e-05,5.55001538028404e-05,4.51319991251742e-05,4.51319991251742e-05,3848.27670283092
1736430660.0,4.51319991251742e-05,6.17028621914994e-05,4.21417203512336e-05,6.11650215322083e-05,3448.2739459471
1736430720.0,6.11650215322083e-05,6.91741390195308e-05,6.07629255856845e-05,6.88276643220717e-05,1978.25141496697
1736430780.0,6.88276643220717e-05,7.37748565157781e-05,6.5630218685896e-05,7.37748565157781e-05,1415.42331655586
1736430840.0,7.37748565157781e-05,7.44532473055556e-05,6.60264070884994e-05,6.60264070884994e-05,2034.92697841844
1736430900.0,6.60264070884994e-05,6.60264070884994e-05,5.44448263273368e-05,5.44448263273368e-05,1572.09911448001
1736430960.0,5.44448263273368e-05,5.44448263273368e-05,1.18863980653623e-05,1.18863980653623e-05,10621.2430384298
1736431020.0,1.18863980653623e-05,1.87870400952124e-05,1.02701339259203e-05,1.47239187354422e-05,6096.32698750693
1736431080.0,1.47239187354422e-05,1.47239187354422e-05,1.34412497048814e-05,1.38328377267788e-05,684.82594202404
1736431140.0,1.38328377267788e-05,1.53650536427911e-05,1.35699066301464e-05,1.38260693256324e-05,901.54262231524
1736431200.0,1.38260693256324e-05,1.39134641335684e-05,1.12089758516377e-05,1.234382390706e-05,1828.26347446539
1736431260.0,1.234382390706e-05,1.31663599663026e-05,1.234382390706e-05,1.31663599663026e-05,490.92994591165
1736431320.0,1.31663599663026e-05,1.38812257542462e-05,1.31663599663026e-05,1.38812257542462e-05,198.57480540243
1736431380.0,1.38812257542462e-05,1.54732945889439e-05,1.38812257542462e-05,1.53423920827697e-05,412.87440851758
1736431440.0,1.53423920827697e-05,1.70106345612974e-05,1.53423920827697e-05,1.69325304911872e-05,805.20822914069
1736431500.0,1.69325304911872e-05,1.73371771882542e-05,1.61623819441719e-05,1.61623819441719e-05,550.94957407332
1736431560.0,1.61623819441719e-05,1.7862170101749e-05,1.25617201541658e-05,1.29953173607137e-05,2084.36136299712
1736431620.0,1.29953173607137e-05,1.29953173607137e-05,1.13782976810805e-05,1.29841940809527e-05,1250.4393777099
1736431680.0,1.29841940809527e-05,1.46230884402595e-05,1.29841940809527e-05,1.46230884402595e-05,337.50313823584
1736431740.0,1.46230884402595e-05,1.50063374179223e-05,1.46230884402595e-05,1.50063374179223e-05,145.54119854665
1736431800.0,1.50063374179223e-05,1.50063374179223e-05,1.33642574918203e-05,1.33642574918203e-05,379.03797178532
1736431860.0,1.33642574918203e-05,1.33642574918203e-05,1.22686544143428e-05,1.22686544143428e-05,274.94059929274
1736431920.0,1.22686544143428e-05,1.26837855965968e-05,1.19686016025593e-05,1.26837855965968e-05,356.1380087951
1736431980.0,1.26837855965968e-05,1.33133551004211e-05,1.26443490177718e-05,1.33133551004211e-05,222.09815106136
1736432040.0,1.33133551004211e-05,1.34028920923532e-05,1.33106856375762e-05,1.34028920923532e-05,24.978881457
1736432100.0,1.34028920923532e-05,1.34028920923532e-05,1.33660384600001e-05,1.33660384600001e-05,1.98342424371
1736432160.0,1.33660384600001e-05,1.33660384600001e-05,1.23134193088455e-05,1.23134193088455e-05,283.88464247302
1736432220.0,1.23134193088455e-05,1.2955595312339e-05,1.22115660388489e-05,1.2955595312339e-05,189.9241174086
1736432280.0,1.2955595312339e-05,1.30433847200453e-05,1.2955595312339e-05,1.30433847200453e-05,0.9354
1736432340.0,1.30433847200453e-05,1.30433847200453e-05,1.30433847200453e-05,1.30433847200453e-05,0.0
1736432400.0,1.30433847200453e-05,1.30433847200453e-05,1.30068671204076e-05,1.30068671204076e-05,1.8775561888
1736432460.0,1.30068671204076e-05,1.30068671204076e-05,1.30068671204076e-05,1.30068671204076e-05,0.0
1736432520.0,1.30068671204076e-05,1.30068671204076e-05,1.30068671204076e-05,1.30068671204076e-05,0.0
1736432580.0,1.30068671204076e-05,1.30068671204076e-05,1.2969551680379e-05,1.2969551680379e-05,5.77729219991
1736432640.0,1.2969551680379e-05,1.2969551680379e-05,1.29512334918479e-05,1.29512334918479e-05,3.0687132528
1736432700.0,1.29512334918479e-05,1.30256468755286e-05,1.29512334918479e-05,1.30256468755286e-05,18.688
1736432760.0,1.30256468755286e-05,1.30256468755286e-05,1.28661922129685e-05,1.28661922129685e-05,30.8944330514
1736432820.0,1.28661922129685e-05,1.28661922129685e-05,1.12093721430838e-05,1.12093721430838e-05,423.6785043308
1736432880.0,1.12093721430838e-05,1.12093721430838e-05,1.11731069999687e-05,1.11731069999687e-05,14.8672167714
1736432940.0,1.11731069999687e-05,1.11731069999687e-05,1.11412197520816e-05,1.11412197520816e-05,4.34854795566
1736433000.0,1.11412197520816e-05,1.11412197520816e-05,1.10174920370028e-05,1.10174920370028e-05,34.26415734244
1736433060.0,1.10174920370028e-05,1.43858813311049e-05,1.09991047465116e-05,1.43858813311049e-05,937.09203530248
1736433120.0,1.43858813311049e-05,1.57216774032725e-05,1.43858813311049e-05,1.57216774032725e-05,213.107
1736433180.0,1.57216774032725e-05,1.57634525193115e-05,1.56833577716235e-05,1.57634525193115e-05,4.9899514677
1736433240.0,1.57634525193115e-05,1.78413045576676e-05,1.5660342987071e-05,1.78413045576676e-05,575.86381042148
1736433300.0,1.78413045576676e-05,1.94571356403552e-05,1.43639659973627e-05,1.43639659973627e-05,2053.1959300899
1736433360.0,1.43639659973627e-05,1.43639659973627e-05,1.32154443177295e-05,1.34808196485075e-05,93.29910340015
1736433420.0,1.34808196485075e-05,1.49342521396359e-05,1.34808196485075e-05,1.49342521396359e-05,236.81242437488
1736433480.0,1.49342521396359e-05,1.75786977622869e-05,1.48884542903737e-05,1.62779086414272e-05,1209.70018743543
1736433540.0,1.62779086414272e-05,1.7249781792309e-05,1.62779086414272e-05,1.72179867203038e-05,309.9481831929
1736433600.0,1.72179867203038e-05,1.74011225786792e-05,1.48455424379295e-05,1.48455424379295e-05,55.597348675
1736433660.0,1.48455424379295e-05,1.5029049420345e-05,1.48455424379295e-05,1.5029049420345e-05,67.7516325
1736433720.0,1.5029049420345e-05,1.5029049420345e-05,1.5029049420345e-05,1.5029049420345e-05,0.0
1736433780.0,1.5029049420345e-05,1.5029049420345e-05,1.5029049420345e-05,1.5029049420345e-05,0.0
1736433840.0,1.5029049420345e-05,1.5029049420345e-05,1.5029049420345e-05,1.5029049420345e-05,0.0
1736433900.0,1.5029049420345e-05,1.5029049420345e-05,1.45166943604195e-05,1.45927514538187e-05,189.44275865829
1736433960.0,1.45927514538187e-05,1.45927514538187e-05,1.44768381831151e-05,1.45108164497059e-05,43.35400333529
1736434020.0,1.45108164497059e-05,1.45224422882947e-05,1.45108164497059e-05,1.45224422882947e-05,1.8682
1736434080.0,1.45224422882947e-05,1.45224422882947e-05,1.45224422882947e-05,1.45224422882947e-05,0.0
1736434140.0,1.45224422882947e-05,1.45224422882947e-05,1.44966051557835e-05,1.44966051557835e-05,2.46859004832
1736434200.0,1.44966051557835e-05,1.45986365140141e-05,1.44966051557835e-05,1.45986365140141e-05,8.99712
1736434260.0,1.45986365140141e-05,1.45986365140141e-05,1.45986365140141e-05,1.45986365140141e-05,0.0
1736434320.0,1.45986365140141e-05,1.45986365140141e-05,1.45986365140141e-05,1.45986365140141e-05,0.0
1736434380.0,1.45986365140141e-05,1.56596621098796e-05,1.44817125110519e-05,1.56596621098796e-05,305.76694920845
1736434440.0,1.56596621098796e-05,1.57261863051781e-05,1.56182214509639e-05,1.57261863051781e-05,38.7646324754
1736434500.0,1.57261863051781e-05,1.57261863051781e-05,1.56987037385277e-05,1.56987037385277e-05,1.04554027836
1736434560.0,1.56987037385277e-05,1.56987037385277e-05,1.56987037385277e-05,1.56987037385277e-05,0.0
1736434620.0,1.56987037385277e-05,1.56987037385277e-05,1.56987037385277e-05,1.56987037385277e-05,0.0
1736434680.0,1.56987037385277e-05,1.56987037385277e-05,1.56987037385277e-05,1.56987037385277e-05,0.0
1736434740.0,1.56987037385277e-05,1.56987037385277e-05,1.56987037385277e-05,1.56987037385277e-05,0.0
1736434800.0,1.56987037385277e-05,1.57106994388334e-05,1.56111347183467e-05,1.56111347183467e-05,44.86748229684
1736434860.0,1.56111347183467e-05,1.56111347183467e-05,1.56111347183467e-05,1.56111347183467e-05,0.0
1736434920.0,1.56111347183467e-05,1.56111347183467e-05,1.53595807968869e-05,1.53595807968869e-05,95.22592205082
1736434980.0,1.53595807968869e-05,1.53595807968869e-05,1.4828012488852e-05,1.4828012488852e-05,147.3789249504
1736435040.0,1.4828012488852e-05,1.4828012488852e-05,1.4828012488852e-05,1.4828012488852e-05,0.0
1736435100.0,1.4828012488852e-05,1.4828012488852e-05,1.43087543959152e-05,1.43087543959152e-05,97.17153779284
1736435160.0,1.43087543959152e-05,1.43087543959152e-05,1.42436732719461e-05,1.42436732719461e-05,37.341873
1736435220.0,1.42436732719461e-05,1.42436732719461e-05,1.42436732719461e-05,1.42436732719461e-05,0.0
1736435280.0,1.42436732719461e-05,1.45444215043895e-05,1.42436732719461e-05,1.45444215043895e-05,69.94641427565
1736435340.0,1.45444215043895e-05,1.48659648954635e-05,1.45444215043895e-05,1.48659648954635e-05,76.83182422232
1736435400.0,1.48659648954635e-05,1.48659648954635e-05,1.48659648954635e-05,1.48659648954635e-05,0.0
1736435460.0,1.48659648954635e-05,1.48659648954635e-05,1.48659648954635e-05,1.48659648954635e-05,0.0
1736435520.0,1.48659648954635e-05,1.57761043591168e-05,1.48659648954635e-05,1.57761043591168e-05,190.2537
1736435580.0,1.57761043591168e-05,1.59480846878446e-05,1.57761043591168e-05,1.59480846878446e-05,46.9323855
1736435640.0,1.59480846878446e-05,1.64270988912885e-05,1.59480846878446e-05,1.64270988912885e-05,141.3675
1736435700.0,1.64270988912885e-05,1.71313060801289e-05,1.64270988912885e-05,1.71313060801289e-05,301.4997609022
1736435760.0,1.71313060801289e-05,1.71313060801289e-05,1.71313060801289e-05,1.71313060801289e-05,0.0
1736435820.0,1.71313060801289e-05,1.71313060801289e-05,1.71313060801289e-05,1.71313060801289e-05,0.0
1736435880.0,1.71313060801289e-05,1.71313060801289e-05,1.71313060801289e-05,1.71313060801289e-05,0.0
1736435940.0,1.71313060801289e-05,1.74286688548446e-05,1.71176487133998e-05,1.71176487133998e-05,100.09788580352
1736436000.0,1.71176487133998e-05,1.71176487133998e-05,1.68192836345549e-05,1.68192836345549e-05,175.73300713708
1736436060.0,1.68192836345549e-05,1.68192836345549e-05,1.68192836345549e-05,1.68192836345549e-05,0.0
1736436120.0,1.68192836345549e-05,1.68192836345549e-05,1.6516202327641e-05,1.65899081901358e-05,6.08544809334
1736436180.0,1.65899081901358e-05,1.65899081901358e-05,1.64216764096507e-05,1.64248042974303e-05,38.69277557243
1736436240.0,1.64248042974303e-05,2.50968979945571e-05,1.64248042974303e-05,2.50968979945571e-05,2282.3736402663
1736436300.0,2.50968979945571e-05,2.95944262411295e-05,2.50968979945571e-05,2.91114132171124e-05,1244.53329537227
1736436360.0,2.91114132171124e-05,3.73110662770598e-05,2.64024665558619e-05,2.68774318814784e-05,6065.56575397135
1736436420.0,2.68774318814784e-05,2.68774318814784e-05,2.41488208919566e-05,2.41488208919566e-05,688.80756549273
1736436480.0,2.41488208919566e-05,3.05339474355781e-05,2.3315526013508e-05,2.54747663132328e-05,2417.1525508741
1736436540.0,2.54747663132328e-05,2.54747663132328e-05,2.37032485526096e-05,2.38205069436551e-05,783.3641825895
1736436600.0,2.38205069436551e-05,2.38205069436551e-05,1.67632103886986e-05,1.84259052532178e-05,1816.90146066872
1736436660.0,1.84259052532178e-05,1.93746219268156e-05,1.84259052532178e-05,1.93746219268156e-05,99.88145
1736436720.0,1.93746219268156e-05,1.96277018058417e-05,1.85115458246403e-05,1.95036925042336e-05,496.9778821088
1736436780.0,1.95036925042336e-05,1.95036925042336e-05,1.9311388915604e-05,1.94993119594336e-05,152.86592125728
1736436840.0,1.94993119594336e-05,2.04762583438486e-05,1.94993119594336e-05,2.04762583438486e-05,310.01767470551
1736436900.0,2.04762583438486e-05,2.04762583438486e-05,2.03877020737651e-05,2.03877020737651e-05,18.91395
1736436960.0,2.03877020737651e-05,2.06216932672193e-05,2.03877020737651e-05,2.06216932672193e-05,62.6051655
1736437020.0,2.06216932672193e-05,2.47734687492149e-05,2.06216932672193e-05,2.47734687492149e-05,859.23
1736437080.0,2.47734687492149e-05,2.6478566211075e-05,2.47734687492149e-05,2.6478566211075e-05,398.860518
1736437140.0,2.6478566211075e-05,2.93310073230364e-05,2.6478566211075e-05,2.93310073230364e-05,392.08839456146
1736437200.0,2.93310073230364e-05,3.41015304609627e-05,2.93310073230364e-05,3.3524754259284e-05,1121.8415500974
1736437260.0,3.3524754259284e-05,3.37398074224736e-05,2.98656169026481e-05,2.98656169026481e-05,982.02380839075
1736437320.0,2.98656169026481e-05,3.48373510589198e-05,2.97278917143077e-05,3.04032974572021e-05,1722.73703175269
1736437380.0,3.04032974572021e-05,3.11071033993753e-05,2.95036356598423e-05,2.95036356598423e-05,386.24960501704
1736437440.0,2.95036356598423e-05,2.95036356598423e-05,2.51376384407766e-05,2.55443627689695e-05,832.86894028242
1736437500.0,2.55443627689695e-05,2.72967201810182e-05,2.55443627689695e-05,2.69524459654795e-05,599.8062184544
1736437560.0,2.69524459654795e-05,2.83479192729874e-05,2.69524459654795e-05,2.83479192729874e-05,217.36419606051
1736437620.0,2.83479192729874e-05,2.83800935497622e-05,2.65550939784774e-05,2.73605166569781e-05,625.63716925758
1736437680.0,2.73605166569781e-05,2.74087312679925e-05,2.71996615942267e-05,2.71996615942267e-05,44.160646035
1736437740.0,2.71996615942267e-05,2.74090918162778e-05,2.71996615942267e-05,2.74090918162778e-05,40.2621
1736437800.0,2.74090918162778e-05,2.74090918162778e-05,2.68217997080861e-05,2.68217997080861e-05,98.15425537692
1736437860.0,2.68217997080861e-05,2.71424772333951e-05,2.68217997080861e-05,2.71424772333951e-05,46.75833707379
1736437920.0,2.71424772333951e-05,2.72600654919356e-05,2.71424772333951e-05,2.72600654919356e-05,19.03869
1736437980.0,2.72600654919356e-05,2.72600654919356e-05,2.65724705022874e-05,2.66484782517992e-05,171.21609953424
1736438040.0,2.66484782517992e-05,2.66484782517992e-05,2.64728838209464e-05,2.64728838209464e-05,18.33652239723
1736438100.0,2.64728838209464e-05,2.64728838209464e-05,2.64728838209464e-05,2.64728838209464e-05,0.0
1736438160.0,2.64728838209464e-05,2.70030986755556e-05,2.6341749936e-05,2.70030986755556e-05,221.90910920688
1736438220.0,2.70030986755556e-05,2.74127195484297e-05,2.70030986755556e-05,2.73944436585934e-05,6.32282702688
1736438280.0,2.73944436585934e-05,2.91460698439636e-05,2.73944436585934e-05,2.91460698439636e-05,309.18945696024
1736438340.0,2.91460698439636e-05,2.92603304311406e-05,2.91169604245243e-05,2.92599331420952e-05,21.06675550082
1736438400.0,2.92599331420952e-05,2.93683104579096e-05,2.92599331420952e-05,2.93683104579096e-05,47.571975
1736438460.0,2.93683104579096e-05,3.00786513326295e-05,2.93683104579096e-05,2.98928243412915e-05,397.53651793014
1736438520.0,2.98928243412915e-05,2.98928243412915e-05,2.69065598189091e-05,2.69065598189091e-05,547.41934986856
1736438580.0,2.69065598189091e-05,2.69065598189091e-05,2.60921101594035e-05,2.60921101594035e-05,72.81850338492
1736438640.0,2.60921101594035e-05,2.6260293412985e-05,2.60921101594035e-05,2.6172918387935e-05,99.90906063864
1736438700.0,2.6172918387935e-05,2.6172918387935e-05,2.43596621235783e-05,2.43596621235783e-05,357.75154634683
1736438760.0,2.43596621235783e-05,2.43596621235783e-05,2.28182351478484e-05,2.28182351478484e-05,243.07715047946
1736438820.0,2.28182351478484e-05,2.28182351478484e-05,2.28182351478484e-05,2.28182351478484e-05,0.0
1736438880.0,2.28182351478484e-05,2.28182351478484e-05,2.23004521647421e-05,2.23004521647421e-05,198.44251235952
1736438940.0,2.23004521647421e-05,2.23004521647421e-05,2.07517205497428e-05,2.07517205497428e-05,461.74325940054
1736439000.0,2.07517205497428e-05,2.07517205497428e-05,1.78282201721626e-05,1.78282201721626e-05,490.36450705128
1736439060.0,1.78282201721626e-05,1.78282201721626e-05,1.64185540421214e-05,1.64185540421214e-05,390.49493207725
1736439120.0,1.64185540421214e-05,1.64185540421214e-05,1.45752899481074e-05,1.48083482634498e-05,347.30946321186
1736439180.0,1.48083482634498e-05,1.50722620980931e-05,1.48083482634498e-05,1.50722620980931e-05,23.1076
1736439240.0,1.50722620980931e-05,1.50722620980931e-05,1.50340396993449e-05,1.50340396993449e-05,1.93401305433
1736439300.0,1.50340396993449e-05,1.50340396993449e-05,1.50032120899005e-05,1.50032120899005e-05,13.94109196117
1736439360.0,1.50032120899005e-05,1.50032120899005e-05,1.48085181309616e-05,1.48085181309616e-05,56.24930491172
1736439420.0,1.48085181309616e-05,1.48085181309616e-05,1.43656052794008e-05,1.43656052794008e-05,158.1575069327
1736439480.0,1.43656052794008e-05,1.43656052794008e-05,1.41682065348334e-05,1.41682065348334e-05,30.03281967868
1736439540.0,1.41682065348334e-05,1.41682065348334e-05,1.40453106636286e-05,1.40453106636286e-05,43.03966656232
1736439600.0,1.40453106636286e-05,1.47494869058021e-05,1.40453106636286e-05,1.47494869058021e-05,202.72608299574
1736439660.0,1.47494869058021e-05,1.47494869058021e-05,1.47494869058021e-05,1.47494869058021e-05,0.0
1736439720.0,1.47494869058021e-05,1.48074016158317e-05,1.47494869058021e-05,1.48074016158317e-05,5.7573
1736439780.0,1.48074016158317e-05,1.4916034383801e-05,1.48074016158317e-05,1.4916034383801e-05,53.6704
1736439840.0,1.4916034383801e-05,1.4916034383801e-05,1.4916034383801e-05,1.4916034383801e-05,0.0
1736439900.0,1.4916034383801e-05,1.50603836595316e-05,1.4916034383801e-05,1.50603836595316e-05,16.1239815
1736439960.0,1.50603836595316e-05,1.68062947570566e-05,1.50603836595316e-05,1.68062947570566e-05,398.3616
1736440020.0,1.68062947570566e-05,1.70432882608222e-05,1.68062947570566e-05,1.70432882608222e-05,67.0215
1736440080.0,1.70432882608222e-05,1.70432882608222e-05,1.70432882608222e-05,1.70432882608222e-05,0.0
1736440140.0,1.70432882608222e-05,1.89661365573387e-05,1.70432882608222e-05,1.89661365573387e-05,839.11310586311
1736440200.0,1.89661365573387e-05,2.04256593667209e-05,1.89661365573387e-05,2.04256593667209e-05,11.77060800442
1736440260.0,2.04256593667209e-05,2.08000787793254e-05,2.0334973402221e-05,2.08000787793254e-05,161.92798496536
1736440320.0,2.08000787793254e-05,2.3386987146951e-05,2.08000787793254e-05,2.33724368089411e-05,422.29657
1736440380.0,2.33724368089411e-05,2.33948820906206e-05,2.30272971298517e-05,2.33051740634136e-05,178.7539773234
1736440440.0,2.33051740634136e-05,2.54226347659008e-05,2.33051740634136e-05,2.42592713322101e-05,662.6115434188
1736440500.0,2.42592713322101e-05,2.48307363636966e-05,2.42592713322101e-05,2.48307363636966e-05,62.40793836328
1736440560.0,2.48307363636966e-05,2.49526118792901e-05,2.48307363636966e-05,2.49526118792901e-05,0.038214
1736440620.0,2.49526118792901e-05,2.49526118792901e-05,2.49526118792901e-05,2.49526118792901e-05,0.0
1736440680.0,2.49526118792901e-05,2.49526118792901e-05,2.45702028659594e-05,2.46081589401317e-05,85.43674549897
1736440740.0,2.46081589401317e-05,2.55572202369396e-05,2.46081589401317e-05,2.55572202369396e-05,242.37350879084
1736440800.0,2.55572202369396e-05,2.77654036131221e-05,2.55572202369396e-05,2.76274242047258e-05,404.38939011879
1736440860.0,2.76274242047258e-05,2.76274242047258e-05,2.76274242047258e-05,2.76274242047258e-05,0.0
1736440920.0,2.76274242047258e-05,2.81956925636169e-05,2.76274242047258e-05,2.81956925636169e-05,133.711
1736440980.0,2.81956925636169e-05,2.97566602652483e-05,2.81956925636169e-05,2.97566602652483e-05,215.04449334154
1736441040.0,2.97566602652483e-05,2.98191149497512e-05,2.92697132652225e-05,2.92697132652225e-05,116.65899234634
1736441100.0,2.92697132652225e-05,3.36173657895073e-05,2.92697132652225e-05,3.36173657895073e-05,784.889
1736441160.0,3.36173657895073e-05,3.87983675805129e-05,3.36173657895073e-05,3.87983675805129e-05,774.51855516598
1736441220.0,3.87983675805129e-05,3.92005321619488e-05,3.87983675805129e-05,3.92005321619488e-05,73.94630978939
1736441280.0,3.92005321619488e-05,3.93707865253144e-05,3.92005321619488e-05,3.93707865253144e-05,19.04483330184
1736441340.0,3.93707865253144e-05,3.96845942340329e-05,3.93707865253144e-05,3.96845942340329e-05,43.088
1736441400.0,3.96845942340329e-05,3.96845942340329e-05,3.66029401222437e-05,3.66029401222437e-05,431.61675493104
1736441460.0,3.66029401222437e-05,3.70584733543593e-05,3.65862484309336e-05,3.70584733543593e-05,94.754293982
1736441520.0,3.70584733543593e-05,4.10606688100178e-05,3.70584733543593e-05,3.93646382918833e-05,946.89342315924
1736441580.0,3.93646382918833e-05,3.93646382918833e-05,3.93646382918833e-05,3.93646382918833e-05,0.0
1736441640.0,3.93646382918833e-05,3.98026156713773e-05,3.93646382918833e-05,3.98026156713773e-05,38.4
1736441700.0,3.98026156713773e-05,4.00665355509349e-05,3.98026156713773e-05,3.98984543227974e-05,73.59216161544
1736441760.0,3.98984543227974e-05,4.40118785281641e-05,3.98984543227974e-05,4.40118785281641e-05,603.06522324003
1736441820.0,4.40118785281641e-05,4.50843335523516e-05,4.40118785281641e-05,4.50843335523516e-05,223.59050147161
1736441880.0,4.50843335523516e-05,4.9277450648969e-05,4.50843335523516e-05,4.9277450648969e-05,669.01455348
1736441940.0,4.9277450648969e-05,5.53249135356319e-05,4.9277450648969e-05,5.53249135356319e-05,750.60083350968
1736442000.0,5.53249135356319e-05,5.91972192292649e-05,5.53249135356319e-05,5.79763317126534e-05,603.94108078953
1736442060.0,5.79763317126534e-05,5.81183812782451e-05,5.72974616563232e-05,5.72974616563232e-05,249.54865560915
1736442120.0,5.72974616563232e-05,9.77510187946769e-05,5.72974616563232e-05,9.77510187946769e-05,6108.71528951876
1736442180.0,9.77510187946769e-05,0.0001020228051062,9.77510187946769e-05,0.000101571029848,376.65270253853
1736442240.0,0.000101571029848,0.000101571029848,8.36775331251261e-05,8.36775331251261e-05,3072.58050802014
1736442300.0,8.36775331251261e-05,8.36775331251261e-05,7.1704232692776e-05,7.1704232692776e-05,1436.70299228683
1736442360.0,7.1704232692776e-05,7.1704232692776e-05,6.41769474180803e-05,6.44966719967226e-05,894.62577893778
1736442420.0,6.44966719967226e-05,7.05616455729501e-05,6.40896620969005e-05,7.05616455729501e-05,1031.47263249901
1736442480.0,7.05616455729501e-05,7.06558495876425e-05,6.61624693927567e-05,6.9993170887968e-05,1131.13954384193
1736442540.0,6.9993170887968e-05,7.205311304678e-05,6.9993170887968e-05,7.17389526434539e-05,122.04784529188
1736442600.0,7.17389526434539e-05,7.21777293194193e-05,7.14516635445618e-05,7.21777293194193e-05,133.3960918948
1736442660.0,7.21777293194193e-05,7.93115949881061e-05,7.21777293194193e-05,7.93115949881061e-05,699.22222676
1736442720.0,7.93115949881061e-05,7.9311919129289e-05,7.82272660642022e-05,7.82272660642022e-05,103.23989611071
1736442780.0,7.82272660642022e-05,7.82272660642022e-05,7.24045500568073e-05,7.24045500568073e-05,616.38435325662
1736442840.0,7.24045500568073e-05,7.26575457638038e-05,7.18333557856911e-05,7.18333557856911e-05,135.98067502144
1736442900.0,7.18333557856911e-05,7.18333557856911e-05,6.99018653221047e-05,6.99018653221047e-05,213.293525447
1736442960.0,6.99018653221047e-05,7.04791209569486e-05,6.8627599057604e-05,7.04338462593272e-05,485.42035028435
1736443020.0,7.04338462593272e-05,7.04338462593272e-05,7.02878693494507e-05,7.02878693494507e-05,36.34119552552
1736443080.0,7.02878693494507e-05,7.98154092233966e-05,7.02878693494507e-05,7.98154092233966e-05,995.488
1736443140.0,7.98154092233966e-05,7.98154092233966e-05,7.92179890894927e-05,7.92179890894927e-05,62.48029137433
1736443200.0,7.92179890894927e-05,7.94826151680188e-05,7.91071072021826e-05,7.94826151680188e-05,4.72163676969
1736443260.0,7.94826151680188e-05,8.18159257703448e-05,7.9072777202208e-05,8.18159257703448e-05,313.48661528512
1736443320.0,8.18159257703448e-05,8.40065608415462e-05,8.18159257703448e-05,8.40065608415462e-05,305.9539219556
1736443380.0,8.40065608415462e-05,8.40065608415462e-05,8.1594167813696e-05,8.27850631314558e-05,384.044355913
1736443440.0,8.27850631314558e-05,8.46259054238877e-05,8.27850631314558e-05,8.46259054238877e-05,308.9189379155
1736443500.0,8.46259054238877e-05,0.0001098221315621,8.45275734784314e-05,0.0001084475026348,2514.31202574179
1736443560.0,0.0001084475026348,0.000115777560503,0.0001084475026348,0.000115777560503,619.22219736626
1736443620.0,0.000115777560503,0.0001443660728304,0.000115777560503,0.0001427688013057,3229.12797306312
1736443680.0,0.0001427688013057,0.0001451190655825,0.0001356722236724,0.0001356722236724,1069.99812178525
1736443740.0,0.0001356722236724,0.0001356722236724,0.0001032674634195,0.0001032674634195,2784.05417751333
1736443800.0,0.0001032674634195,0.0001032674634195,0.0001001634880024,0.0001006687216023,331.135460826
1736443860.0,0.0001006687216023,0.0001006687216023,9.92931750404903e-05,9.93909595972608e-05,144.99923492657
1736443920.0,9.93909595972608e-05,0.000100102838966,9.9190519437937e-05,0.000100102838966,65.87830395072
1736443980.0,0.000100102838966,0.0001040244136602,9.98962193481246e-05,0.0001040244136602,356.95458630544
1736444040.0,0.0001040244136602,0.0001040244136602,0.0001040244136602,0.0001040244136602,0.0
1736444100.0,0.0001040244136602,0.0001080859105861,0.0001035427418563,0.0001080859105861,460.1987938351
1736444160.0,0.0001080859105861,0.0001084189890893,0.0001074356685102,0.0001074356685102,77.57514209592
1736444220.0,0.0001074356685102,0.0001076777594703,0.0001074356685102,0.0001076777594703,18.977
1736444280.0,0.0001076777594703,0.0001088828119837,0.0001076777594703,0.0001088828119837,115.12311944926
1736444340.0,0.0001088828119837,0.0001092598695685,0.0001088828119837,0.0001092598695685,39.418692
1736444400.0,0.0001092598695685,0.0001099589453654,0.0001092598695685,0.0001099589453654,76.681526256
1736444460.0,0.0001099589453654,0.000117012325172,0.0001099589453654,0.000117012325172,624.604
1736444520.0,0.000117012325172,0.0001193675026337,0.000117012325172,0.0001193675026337,144.74179193052
1736444580.0,0.0001193675026337,0.0001193675026337,0.0001183942568645,0.0001183942568645,55.99104963476
1736444640.0,0.0001183942568645,0.0001267497645014,0.0001183942568645,0.0001267497645014,712.9678994409
1736444700.0,0.0001267497645014,0.0001286191529349,0.0001267497645014,0.0001286191529349,285.98832101907
1736444760.0,0.0001286191529349,0.0001286191529349,0.0001210885845101,0.0001210885845101,608.74940582973
1736444820.0,0.0001210885845101,0.000127725049222,0.0001175801781455,0.000127725049222,1120.14923199488
1736444880.0,0.000127725049222,0.000127725049222,0.0001201321863167,0.0001201321863167,672.35867366052
1736444940.0,0.0001201321863167,0.0001201321863167,0.0001191107517635,0.0001191107517635,11.1951770655
1736445000.0,0.0001191107517635,0.0001191107517635,0.0001122844538886,0.0001122844538886,586.21405433429
1736445060.0,0.0001122844538886,0.0001122844538886,0.0001059057410969,0.0001074468004741,757.02984470406
1736445120.0,0.0001074468004741,0.0001081403942714,8.57156642565961e-05,8.57156642565961e-05,2104.89197782156
1736445180.0,8.57156642565961e-05,8.59131356665134e-05,8.52833489409849e-05,8.52833489409849e-05,79.67034774606
1736445240.0,8.52833489409849e-05,8.58326965212571e-05,8.45922517553331e-05,8.45922517553331e-05,146.63117975601
1736445300.0,8.45922517553331e-05,8.65460326217372e-05,8.14424720562577e-05,8.46244174838794e-05,1196.01940445648
1736445360.0,8.46244174838794e-05,8.46244174838794e-05,8.2794855005776e-05,8.2794855005776e-05,130.81098860245
1736445420.0,8.2794855005776e-05,8.2794855005776e-05,5.55894171393544e-05,6.38011944694972e-05,4072.085399185
1736445480.0,6.38011944694972e-05,6.43856984574497e-05,6.35229642130686e-05,6.3907970922324e-05,157.02181293566
1736445540.0,6.3907970922324e-05,6.91395834398479e-05,6.36056820766958e-05,6.91373618246217e-05,649.1384226108
1736445600.0,6.91373618246217e-05,7.05561930749807e-05,6.91373618246217e-05,7.05561930749807e-05,160.77132595404
1736445660.0,7.05561930749807e-05,7.19795082822975e-05,7.05561930749807e-05,7.16051110881276e-05,126.08586875684
1736445720.0,7.16051110881276e-05,7.27295695097119e-05,7.16051110881276e-05,7.27295695097119e-05,131.124
1736445780.0,7.27295695097119e-05,7.37796923879937e-05,7.27295695097119e-05,7.37796923879937e-05,93.86
1736445840.0,7.37796923879937e-05,7.43242641180655e-05,6.84009895289178e-05,6.84009895289178e-05,698.13820089508
1736445900.0,6.84009895289178e-05,6.84009895289178e-05,6.75800710007765e-05,6.75800710007765e-05,196.94680474952
1736445960.0,6.75800710007765e-05,6.75800710007765e-05,6.66110546716145e-05,6.66110546716145e-05,61.86849795829
1736446020.0,6.66110546716145e-05,6.66110546716145e-05,6.51739621058891e-05,6.55345206533685e-05,239.39567729704
1736446080.0,6.55345206533685e-05,6.80710186630785e-05,6.55345206533685e-05,6.80710186630785e-05,347.22071475
1736446140.0,6.80710186630785e-05,6.93568550600608e-05,6.80710186630785e-05,6.93568550600608e-05,84.28281
1736446200.0,6.93568550600608e-05,6.93568550600608e-05,6.90829042719139e-05,6.90829042719139e-05,5.748555894
1736446260.0,6.90829042719139e-05,6.90829042719139e-05,6.90829042719139e-05,6.90829042719139e-05,0.0
1736446320.0,6.90829042719139e-05,7.12543966087447e-05,6.90829042719139e-05,7.12543966087447e-05,196.992
1736446380.0,7.12543966087447e-05,7.21752800549097e-05,7.12543966087447e-05,7.21752800549097e-05,177.04181071256
1736446440.0,7.21752800549097e-05,7.60761885976038e-05,7.21752800549097e-05,7.60761885976038e-05,412.12811851136
1736446500.0,7.60761885976038e-05,7.7544307762251e-05,7.60761885976038e-05,7.7544307762251e-05,126.26111719818
1736446560.0,7.7544307762251e-05,7.85434112145923e-05,7.7544307762251e-05,7.85434112145923e-05,51.27327048106
1736446620.0,7.85434112145923e-05,7.85741306401897e-05,7.85434112145923e-05,7.85741306401897e-05,6.0515242599
1736446680.0,7.85741306401897e-05,8.23787294398072e-05,7.85741306401897e-05,8.08171198877637e-05,774.87125855984
1736446740.0,8.08171198877637e-05,8.16522511969563e-05,8.08171198877637e-05,8.10414796683076e-05,219.36225565444
1736446800.0,8.10414796683076e-05,8.49373250631958e-05,8.10414796683076e-05,8.49268054804121e-05,572.39184213088
1736446860.0,8.49268054804121e-05,8.56173206447502e-05,8.49268054804121e-05,8.56173206447502e-05,115.83929
1736446920.0,8.56173206447502e-05,9.53429982032175e-05,8.56173206447502e-05,9.53429982032175e-05,2065.2863763386
1736446980.0,9.53429982032175e-05,0.0001068124476739,9.53429982032175e-05,0.0001068124476739,483.32894964764
1736447040.0,0.0001068124476739,0.0001094432280435,0.0001068124476739,0.0001094432280435,218.14558114236
1736447100.0,0.0001094432280435,0.000109670788303,0.0001082438718718,0.000109670788303,431.02109175754
1736447160.0,0.000109670788303,0.0001097818580958,0.0001073107063292,0.0001077382818072,275.5688079207
1736447220.0,0.0001077382818072,0.0001077382818072,9.36986711363219e-05,9.38610232187317e-05,1975.49932348111
1736447280.0,9.38610232187317e-05,9.76966783021275e-05,9.38610232187317e-05,9.7400171597288e-05,248.02056773896
1736447340.0,9.7400171597288e-05,9.80166260840114e-05,9.27199832606239e-05,9.27199832606239e-05,614.350615422
1736447400.0,9.27199832606239e-05,9.27199832606239e-05,8.51708306655236e-05,8.51708306655236e-05,695.37149747361
1736447460.0,8.51708306655236e-05,8.51708306655236e-05,8.26208483851944e-05,8.26208483851944e-05,237.98168958692
1736447520.0,8.26208483851944e-05,8.38481861475615e-05,8.252050788157e-05,8.38481861475615e-05,195.26812643205
1736447580.0,8.38481861475615e-05,8.90748417049779e-05,8.38481861475615e-05,8.90748417049779e-05,441.08880928899
1736447640.0,8.90748417049779e-05,8.99513505612752e-05,8.90748417049779e-05,8.91251778150354e-05,265.46301038745
1736447700.0,8.91251778150354e-05,9.01903853871894e-05,8.91251778150354e-05,8.98213929535057e-05,274.56386148072
1736447760.0,8.98213929535057e-05,9.01497449032325e-05,8.98213929535057e-05,9.01497449032325e-05,9.438
1736447820.0,9.01497449032325e-05,9.01497449032325e-05,9.01497449032325e-05,9.01497449032325e-05,0.0
1736447880.0,9.01497449032325e-05,9.19637206250741e-05,8.8185920651055e-05,9.151419360483e-05,1045.75972216734
1736447940.0,9.151419360483e-05,9.22844843958222e-05,9.151419360483e-05,9.22844843958222e-05,56.775
1736448000.0,9.22844843958222e-05,9.88389960885547e-05,9.22844843958222e-05,9.88389960885547e-05,648.01093260537
1736448060.0,9.88389960885547e-05,0.0001080202919914,9.88389960885547e-05,0.0001080202919914,1364.60972775615
1736448120.0,0.0001080202919914,0.0001080202919914,0.0001066883593161,0.0001066883593161,73.851566118
1736448180.0,0.0001066883593161,0.0001066883593161,9.9933291686358e-05,0.000100760817315,970.65516561042
1736448240.0,0.000100760817315,0.0001068490308723,0.000100760817315,0.0001024544852631,1008.83055375586
1736448300.0,0.0001024544852631,0.0001084118942083,0.0001024544852631,0.000107325099024,566.801599275
1736448360.0,0.000107325099024,0.0001089598002165,0.0001063847407321,0.0001064398635656,237.90127833045
1736448420.0,0.0001064398635656,0.0001064398635656,9.84763394396801e-05,9.95884042473462e-05,939.77961657
1736448480.0,9.95884042473462e-05,0.0001017971873336,9.62242388231212e-05,9.62242388231212e-05,939.4342097325
1736448540.0,9.62242388231212e-05,9.62242388231212e-05,9.35044510549938e-05,9.35044510549938e-05,130.53768971902
1736448600.0,9.35044510549938e-05,9.35044510549938e-05,9.09030759205265e-05,9.09030759205265e-05,370.39853064342
1736448660.0,9.09030759205265e-05,9.09030759205265e-05,9.08761022883511e-05,9.08761022883511e-05,188.89
1736448720.0,9.08761022883511e-05,0.0001088718271234,9.08761022883511e-05,9.15405084937648e-05,3081.69425983837
1736448780.0,9.15405084937648e-05,9.15405084937648e-05,9.09038182574895e-05,9.12012183157042e-05,67.18833618727
1736448840.0,9.12012183157042e-05,9.13405333183514e-05,9.12012183157042e-05,9.13405333183514e-05,3.7698
1736448900.0,9.13405333183514e-05,9.13466312974723e-05,9.08970033297595e-05,9.13466312974723e-05,15.61250495236
1736448960.0,9.13466312974723e-05,9.29840421839208e-05,9.13466312974723e-05,9.29840421839208e-05,174.71695439248
1736449020.0,9.29840421839208e-05,9.48799745954684e-05,9.26642978714351e-05,9.48799745954684e-05,178.0457823575
1736449080.0,9.48799745954684e-05,9.58404914282863e-05,9.48799745954684e-05,9.58404914282863e-05,106.59853210104
1736449140.0,9.58404914282863e-05,9.86237189012084e-05,9.58404914282863e-05,9.86237189012084e-05,500.5585
1736449200.0,9.86237189012084e-05,0.000102077817762,9.86237189012084e-05,0.000102077817762,84.982
1736449260.0,0.000102077817762,0.0001174791726197,0.000102077817762,0.0001102701514428,1958.35538929895
1736449320.0,0.0001102701514428,0.0001103248009123,0.000105556698074,0.000105556698074,460.98312550104
1736449380.0,0.000105556698074,0.000105556698074,0.0001001667764243,0.0001016511816968,939.96542749688
1736449440.0,0.0001016511816968,0.0001019955681569,0.0001013663974464,0.0001019955681569,83.45529184072
1736449500.0,0.0001019955681569,0.000104314827484,0.0001019955681569,0.0001036952782083,205.37085545379
1736449560.0,0.0001036952782083,0.000104804208326,0.0001033938551123,0.000104804208326,225.0434015683
1736449620.0,0.000104804208326,0.0001059334091615,0.000104804208326,0.0001052003402798,62.5585031255
1736449680.0,0.0001052003402798,0.0001138320275209,0.0001052003402798,0.0001075182211156,1653.77561437368
1736449740.0,0.0001075182211156,0.0001086443685966,0.000105658010986,0.000106866808109,390.44543135919
1736449800.0,0.000106866808109,0.000106866808109,0.0001064387057531,0.0001064387057531,5.47678945872
1736449860.0,0.0001064387057531,0.0001074070636581,0.0001051304028366,0.0001065104012898,388.06601930382
1736449920.0,0.0001065104012898,0.0001198169039211,0.0001065104012898,0.0001194736582702,1481.68361443816
1736449980.0,0.0001194736582702,0.0001432828869901,0.0001194736582702,0.0001432828869901,1956.40077659625
1736450040.0,0.0001432828869901,0.0001536021697422,0.0001432828869901,0.0001536021697422,746.17432106887
1736450100.0,0.0001536021697422,0.0001536021697422,0.0001498169999068,0.0001498169999068,227.43140581604
1736450160.0,0.0001498169999068,0.0001515261611832,0.0001341621362093,0.000135537720833,4368.0352545966
1736450220.0,0.000135537720833,0.000135537720833,0.0001281069135892,0.0001281069135892,585.79105945537
1736450280.0,0.0001281069135892,0.0001295757558017,0.0001281069135892,0.000128394018748,208.69532002854
1736450340.0,0.000128394018748,0.000128394018748,0.0001149192877555,0.0001149192877555,1172.9206988805
1736450400.0,0.0001149192877555,0.000116399032167,0.0001147270818036,0.000116399032167,111.18455740342
1736450460.0,0.000116399032167,0.000116399032167,0.0001125814171316,0.0001125814171316,313.22353094487
1736450520.0,0.0001125814171316,0.0001129386650555,0.000111905547459,0.0001129386650555,103.8637545236
1736450580.0,0.0001129386650555,0.0001134554954938,0.0001128543504032,0.0001133853967288,62.3040379632
1736450640.0,0.0001133853967288,0.0001186874232712,0.0001133853967288,0.0001186874232712,479.290345
1736450700.0,0.0001186874232712,0.0001186874232712,0.0001186874232712,0.0001186874232712,0.0
1736450760.0,0.0001186874232712,0.0001186874232712,0.0001186874232712,0.0001186874232712,0.0
1736450820.0,0.0001186874232712,0.0001186874232712,0.0001186874232712,0.0001186874232712,0.0
1736450880.0,0.0001186874232712,0.0001190428925785,0.0001186874232712,0.0001190428925785,37.45
1736450940.0,0.0001190428925785,0.0001193273772775,0.0001182565875777,0.0001190926989079,134.62459842429
1736451000.0,0.0001190926989079,0.0001206301516199,0.0001190926989079,0.0001206301516199,112.41
1736451060.0,0.0001206301516199,0.0001271999496361,0.0001206301516199,0.0001271999496361,538.9677765
1736451120.0,0.0001271999496361,0.0001271999496361,0.0001271999496361,0.0001271999496361,0.0
1736451180.0,0.0001271999496361,0.0001279846869792,0.0001269674552197,0.0001269674552197,105.75730574488
1736451240.0,0.0001269674552197,0.0001269674552197,0.0001269674552197,0.0001269674552197,0.0
1736451300.0,0.0001269674552197,0.0001269674552197,0.0001227641450698,0.0001227641450698,417.66896821266
1736451360.0,0.0001227641450698,0.0001227641450698,0.0001162647980661,0.0001162647980661,404.33654324889
1736451420.0,0.0001162647980661,0.0001165739231946,0.0001162647980661,0.0001165739231946,37.562
1736451480.0,0.0001165739231946,0.0001191640192523,0.0001165739231946,0.0001191640192523,294.003793
1736451540.0,0.0001191640192523,0.0001217198292493,0.0001191640192523,0.0001217198292493,235.28065386668
1736451600.0,0.0001217198292493,0.0001217198292493,0.0001204322530223,0.0001210763959175,129.5856668403
1736451660.0,0.0001210763959175,0.0001210763959175,0.0001206750688432,0.0001206750688432,7.9657690056
1736451720.0,0.0001206750688432,0.0001213268413323,0.0001206750688432,0.0001213268413323,18.736
1736451780.0,0.0001213268413323,0.0001330896000633,0.000120660922589,0.000132615270008,1000.38520246421
1736451840.0,0.000132615270008,0.0001344050144699,0.0001324202023715,0.0001344050144699,161.84589029884
1736451900.0,0.0001344050144699,0.0001741963753338,0.0001338266571814,0.0001357732424229,5794.80089617124
1736451960.0,0.0001357732424229,0.0001432030316559,0.0001357732424229,0.0001432030316559,632.3608600656
1736452020.0,0.0001432030316559,0.0001485814853176,0.0001432030316559,0.0001477705606053,412.56649732216
1736452080.0,0.0001477705606053,0.0001480233731219,0.0001314728284687,0.0001314728284687,1725.83056509996
1736452140.0,0.0001314728284687,0.0001314728284687,0.0001209959331327,0.0001209959331327,452.80101516971
1736452200.0,0.0001209959331327,0.0001300745449245,0.0001209198910615,0.0001300745449245,735.49307100376
1736452260.0,0.0001300745449245,0.0001312938985169,0.0001300745449245,0.0001309998778532,315.91041304384
1736452320.0,0.0001309998778532,0.0001309998778532,0.0001309998778532,0.0001309998778532,0.0
1736452380.0,0.0001309998778532,0.0001316443799085,0.0001308363915325,0.0001316443799085,99.32856468235
1736452440.0,0.0001316443799085,0.0001316443799085,0.0001316443799085,0.0001316443799085,0.0
1736452500.0,0.0001316443799085,0.0001316443799085,0.0001310860750903,0.0001310860750903,5.69504634237
1736452560.0,0.0001310860750903,0.0001310860750903,0.0001310860750903,0.0001310860750903,0.0
1736452620.0,0.0001310860750903,0.0001324504886232,0.0001310860750903,0.0001324504886232,93.02
1736452680.0,0.0001324504886232,0.0001324504886232,0.0001298021521755,0.0001303500807179,308.2527884064
1736452740.0,0.0001303500807179,0.0001303500807179,0.0001292924607191,0.0001300587342106,96.28394728866
1736452800.0,0.0001300587342106,0.0001300587342106,0.0001293064976443,0.0001293064976443,36.70185231362
1736452860.0,0.0001293064976443,0.0001302268392702,0.0001291326627923,0.0001302268392702,112.9533789504
1736452920.0,0.0001302268392702,0.0001318288724192,0.0001302268392702,0.0001318288724192,148.592
1736452980.0,0.0001318288724192,0.0001329895734793,0.0001318288724192,0.0001329895734793,7.4384
1736453040.0,0.0001329895734793,0.0001331302338756,0.0001329895734793,0.0001331302338756,6.65651169378
1736453100.0,0.0001331302338756,0.0001335787766084,0.0001331302338756,0.0001335787766084,52.04290228851
1736453160.0,0.0001335787766084,0.0001339000315567,0.0001335787766084,0.0001339000315567,13.39128
1736453220.0,0.0001339000315567,0.0001339000315567,0.0001339000315567,0.0001339000315567,0.0
1736453280.0,0.0001339000315567,0.0001339000315567,0.0001332852294418,0.0001332852294418,5.00648867747
1736453340.0,0.0001332852294418,0.0001332852294418,0.000114559677297,0.000114559677297,1564.76679252337
1736453400.0,0.000114559677297,0.000114559677297,0.0001114987458621,0.0001114987458621,235.2348273061
1736453460.0,0.0001114987458621,0.0001118741187656,0.000110837859637,0.0001118741187656,179.59547789777
1736453520.0,0.0001118741187656,0.0001131660505111,0.0001118741187656,0.0001131660505111,111.27552179533
1736453580.0,0.0001131660505111,0.0001136821789181,0.0001130948393715,0.0001130948393715,29.22649224767
1736453640.0,0.0001130948393715,0.0001130948393715,0.0001056883143882,0.0001056883143882,851.23565887715
1736453700.0,0.0001056883143882,0.0001056883143882,9.53719234774206e-05,9.5863133890749e-05,775.56542552531
1736453760.0,9.5863133890749e-05,9.5863133890749e-05,8.97824121869057e-05,8.97824121869057e-05,615.72184080671
1736453820.0,8.97824121869057e-05,8.97824121869057e-05,6.43192755304892e-05,6.43192755304892e-05,2545.14517857586
1736453880.0,6.43192755304892e-05,6.43192755304892e-05,6.34063590731417e-05,6.34063590731417e-05,121.21172575054
1736453940.0,6.34063590731417e-05,6.42470518393484e-05,6.33686065796759e-05,6.42470518393484e-05,195.782
1736454000.0,6.42470518393484e-05,7.19393007680484e-05,6.42470518393484e-05,7.19393007680484e-05,872.99071467286
1736454060.0,7.19393007680484e-05,7.82961276382926e-05,7.19393007680484e-05,7.82961276382926e-05,714.77301619678
1736454120.0,7.82961276382926e-05,7.82961276382926e-05,7.81598161465122e-05,7.81598161465122e-05,3.681
1736454180.0,7.81598161465122e-05,7.84848006430597e-05,7.74637748562841e-05,7.84848006430597e-05,110.51450168152
1736454240.0,7.84848006430597e-05,7.90702057626745e-05,7.84848006430597e-05,7.90702057626745e-05,27.4905
1736454300.0,7.90702057626745e-05,7.90702057626745e-05,7.85971863780504e-05,7.85971863780504e-05,19.859495805
1736454360.0,7.85971863780504e-05,8.06735896950266e-05,7.85971863780504e-05,8.06735896950266e-05,230.38919480422
1736454420.0,8.06735896950266e-05,8.15766199388703e-05,8.06735896950266e-05,8.15766199388703e-05,25.6724
1736454480.0,8.15766199388703e-05,8.15766199388703e-05,8.15766199388703e-05,8.15766199388703e-05,0.0
1736454540.0,8.15766199388703e-05,8.15766199388703e-05,7.81320124628004e-05,7.85726330546969e-05,395.77651122912
1736454600.0,7.85726330546969e-05,7.90620597181821e-05,7.85726330546969e-05,7.90620597181821e-05,183.47
1736454660.0,7.90620597181821e-05,8.03369153200564e-05,7.90620597181821e-05,8.03369153200564e-05,91.615
1736454720.0,8.03369153200564e-05,8.03369153200564e-05,8.03369153200564e-05,8.03369153200564e-05,0.0
1736454780.0,8.03369153200564e-05,8.03369153200564e-05,8.03369153200564e-05,8.03369153200564e-05,0.0
1736454840.0,8.03369153200564e-05,8.03369153200564e-05,7.67093859347409e-05,7.67093859347409e-05,400.16209500278
1736454900.0,7.67093859347409e-05,7.67093859347409e-05,7.35530542902397e-05,7.35530542902397e-05,449.91093071429
1736454960.0,7.35530542902397e-05,7.35530542902397e-05,6.63373780527191e-05,6.63373780527191e-05,672.69474955643
1736455020.0,6.63373780527191e-05,6.63373780527191e-05,6.58310636242998e-05,6.58310636242998e-05,118.33000031766
1736455080.0,6.58310636242998e-05,6.58310636242998e-05,5.7130460097452e-05,5.7130460097452e-05,1759.0133543437
1736455140.0,5.7130460097452e-05,5.7130460097452e-05,4.01182624159315e-05,4.02940700586789e-05,1344.40595719875
1736455200.0,4.02940700586789e-05,4.1337827085674e-05,4.02940700586789e-05,4.1337827085674e-05,192.86813536111
1736455260.0,4.1337827085674e-05,4.13709405416974e-05,4.11770128058639e-05,4.13709405416974e-05,23.40071595549
1736455320.0,4.13709405416974e-05,4.13709405416974e-05,4.12361630741024e-05,4.12361630741024e-05,7.27302862297
1736455380.0,4.12361630741024e-05,4.12361630741024e-05,4.12361630741024e-05,4.12361630741024e-05,0.0
1736455440.0,4.12361630741024e-05,4.15757609355094e-05,4.12361630741024e-05,4.15757609355094e-05,18.312
1736455500.0,4.15757609355094e-05,4.16863102223534e-05,4.13205450601999e-05,4.13205450601999e-05,68.12043199514
1736455560.0,4.13205450601999e-05,4.14259826760675e-05,4.09573537800356e-05,4.14259826760675e-05,134.04481718053
1736455620.0,4.14259826760675e-05,4.20980251814124e-05,4.14259826760675e-05,4.20980251814124e-05,92.02
1736455680.0,4.20980251814124e-05,4.20980251814124e-05,4.20980251814124e-05,4.20980251814124e-05,0.0
1736455740.0,4.20980251814124e-05,4.25565818387245e-05,4.20980251814124e-05,4.25565818387245e-05,4.6125
1736455800.0,4.25565818387245e-05,4.31039178812611e-05,4.25565818387245e-05,4.28900526358123e-05,100.16822432217
1736455860.0,4.28900526358123e-05,4.28900526358123e-05,4.28900526358123e-05,4.28900526358123e-05,0.0
1736455920.0,4.28900526358123e-05,4.28900526358123e-05,4.278347159809e-05,4.278347159809e-05,5.6020525056
1736455980.0,4.278347159809e-05,4.278347159809e-05,4.27431406805847e-05,4.27431406805847e-05,2.01302291385
1736456040.0,4.27431406805847e-05,4.27431406805847e-05,4.27431406805847e-05,4.27431406805847e-05,0.0
1736456100.0,4.27431406805847e-05,4.27431406805847e-05,4.2641085906824e-05,4.2641085906824e-05,0.535033291
1736456160.0,4.2641085906824e-05,4.2641085906824e-05,4.2641085906824e-05,4.2641085906824e-05,0.0
1736456220.0,4.2641085906824e-05,4.2675378898193e-05,4.2641085906824e-05,4.2675378898193e-05,23.73831137584
1736456280.0,4.2675378898193e-05,4.42444375816851e-05,4.2675378898193e-05,4.42444375816851e-05,371.4848
1736456340.0,4.42444375816851e-05,4.42444375816851e-05,4.42444375816851e-05,4.42444375816851e-05,0.0
1736456400.0,4.42444375816851e-05,4.42444375816851e-05,4.42444375816851e-05,4.42444375816851e-05,0.0
1736456460.0,4.42444375816851e-05,4.59066647588911e-05,4.42444375816851e-05,4.59066647588911e-05,55.383
1736456520.0,4.59066647588911e-05,4.63189452678121e-05,4.59066647588911e-05,4.60955090499834e-05,71.37687669189
1736456580.0,4.60955090499834e-05,4.60955090499834e-05,4.60955090499834e-05,4.60955090499834e-05,0.0
1736456640.0,4.60955090499834e-05,4.60955090499834e-05,4.60955090499834e-05,4.60955090499834e-05,0.0
1736456700.0,4.60955090499834e-05,4.61984526789778e-05,4.60955090499834e-05,4.61183801461099e-05,21.13878926614
1736456760.0,4.61183801461099e-05,4.61183801461099e-05,4.61183801461099e-05,4.61183801461099e-05,0.0
1736456820.0,4.61183801461099e-05,4.61183801461099e-05,4.61183801461099e-05,4.61183801461099e-05,0.0
1736456880.0,4.61183801461099e-05,4.61183801461099e-05,4.61183801461099e-05,4.61183801461099e-05,0.0
1736456940.0,4.61183801461099e-05,4.62374938755904e-05,4.61183801461099e-05,4.62374938755904e-05,8.45763434334
1736457000.0,4.62374938755904e-05,4.67164387445767e-05,4.62361895316079e-05,4.67164387445767e-05,70.3580454285
1736457060.0,4.67164387445767e-05,4.67164387445767e-05,4.67164387445767e-05,4.67164387445767e-05,0.0
1736457120.0,4.67164387445767e-05,4.67630605389713e-05,4.67164387445767e-05,4.67616462250833e-05,0.36954998382
1736457180.0,4.67616462250833e-05,4.67616462250833e-05,4.53779508818227e-05,4.53779508818227e-05,358.34049664806
1736457240.0,4.53779508818227e-05,4.53779508818227e-05,4.53779508818227e-05,4.53779508818227e-05,0.0
1736457300.0,4.53779508818227e-05,4.55849570394648e-05,4.53779508818227e-05,4.55849570394648e-05,371.9
1736457360.0,4.55849570394648e-05,4.55849570394648e-05,4.55849570394648e-05,4.55849570394648e-05,0.0
1736457420.0,4.55849570394648e-05,4.55849570394648e-05,4.55849570394648e-05,4.55849570394648e-05,0.0
1736457480.0,4.55849570394648e-05,4.55849570394648e-05,4.55849570394648e-05,4.55849570394648e-05,0.0
1736457540.0,4.55849570394648e-05,4.78036308312937e-05,4.55849570394648e-05,4.78036308312937e-05,186.3
1736457600.0,4.78036308312937e-05,4.78036308312937e-05,4.78036308312937e-05,4.78036308312937e-05,0.0
1736457660.0,4.78036308312937e-05,4.95691270099607e-05,4.78036308312937e-05,4.95691270099607e-05,261.002
1736457720.0,4.95691270099607e-05,5.09700289357945e-05,4.95691270099607e-05,5.09700289357945e-05,93.215
1736457780.0,5.09700289357945e-05,5.17150413008846e-05,5.09700289357945e-05,5.17150413008846e-05,93.22
1736457840.0,5.17150413008846e-05,5.17150413008846e-05,5.17150413008846e-05,5.17150413008846e-05,0.0
1736457900.0,5.17150413008846e-05,5.17150413008846e-05,5.17150413008846e-05,5.17150413008846e-05,0.0
1736457960.0,5.17150413008846e-05,5.17150413008846e-05,5.17150413008846e-05,5.17150413008846e-05,0.0
1736458020.0,5.17150413008846e-05,5.17150413008846e-05,5.17150413008846e-05,5.17150413008846e-05,0.0
1736458080.0,5.17150413008846e-05,5.17150413008846e-05,5.13837592009396e-05,5.13837592009396e-05,96.19152703294
1736458140.0,5.13837592009396e-05,5.13837592009396e-05,5.13837592009396e-05,5.13837592009396e-05,0.0
1736458200.0,5.13837592009396e-05,5.13837592009396e-05,5.13837592009396e-05,5.13837592009396e-05,0.0
1736458260.0,5.13837592009396e-05,5.13837592009396e-05,5.13837592009396e-05,5.13837592009396e-05,0.0
1736458320.0,5.13837592009396e-05,5.13837592009396e-05,5.13837592009396e-05,5.13837592009396e-05,0.0
1736458380.0,5.13837592009396e-05,5.13837592009396e-05,5.13837592009396e-05,5.13837592009396e-05,0.0
1736458440.0,5.13837592009396e-05,5.13837592009396e-05,5.13837592009396e-05,5.13837592009396e-05,0.0
1736458500.0,5.13837592009396e-05,5.13837592009396e-05,5.13837592009396e-05,5.13837592009396e-05,0.0
1736458560.0,5.13837592009396e-05,5.13837592009396e-05,5.13837592009396e-05,5.13837592009396e-05,0.0
1736458620.0,5.13837592009396e-05,5.13837592009396e-05,5.13837592009396e-05,5.13837592009396e-05,0.0
1736458680.0,5.13837592009396e-05,5.13837592009396e-05,5.08346801063731e-05,5.08346801063731e-05,3.35992856558
1736458740.0,5.08346801063731e-05,5.08346801063731e-05,5.08346801063731e-05,5.08346801063731e-05,0.0
1736458800.0,5.08346801063731e-05,5.08346801063731e-05,5.08346801063731e-05,5.08346801063731e-05,0.0
1736458860.0,5.08346801063731e-05,5.08346801063731e-05,5.08346801063731e-05,5.08346801063731e-05,0.0
1736458920.0,5.08346801063731e-05,5.08346801063731e-05,5.08346801063731e-05,5.08346801063731e-05,0.0
1736458980.0,5.08346801063731e-05,5.08346801063731e-05,5.08346801063731e-05,5.08346801063731e-05,0.0
1736459040.0,5.08346801063731e-05,5.08346801063731e-05,5.08346801063731e-05,5.08346801063731e-05,0.0
1736459100.0,5.08346801063731e-05,5.08346801063731e-05,5.08346801063731e-05,5.08346801063731e-05,0.0
1736459160.0,5.08346801063731e-05,5.08346801063731e-05,5.08346801063731e-05,5.08346801063731e-05,0.0
1736459220.0,5.08346801063731e-05,5.08346801063731e-05,5.08346801063731e-05,5.08346801063731e-05,0.0
1736459280.0,5.08346801063731e-05,5.08346801063731e-05,5.0731639267774e-05,5.0731639267774e-05,2.59862676978
1736459340.0,5.0731639267774e-05,5.0731639267774e-05,4.93371975554944e-05,4.93371975554944e-05,325.74792170264
1736459400.0,4.93371975554944e-05,4.93371975554944e-05,4.93371975554944e-05,4.93371975554944e-05,0.0
1736459460.0,4.93371975554944e-05,4.93371975554944e-05,4.80232650479456e-05,4.80232650479456e-05,8.93489638272
1736459520.0,4.80232650479456e-05,4.80232650479456e-05,4.72528743949739e-05,4.72528743949739e-05,197.38176540758
1736459580.0,4.72528743949739e-05,4.72528743949739e-05,4.72528743949739e-05,4.72528743949739e-05,0.0
1736459640.0,4.72528743949739e-05,4.72528743949739e-05,4.72528743949739e-05,4.72528743949739e-05,0.0
1736459700.0,4.72528743949739e-05,4.72528743949739e-05,4.72528743949739e-05,4.72528743949739e-05,0.0
1736459760.0,4.72528743949739e-05,4.72528743949739e-05,4.72528743949739e-05,4.72528743949739e-05,0.0
1736459820.0,4.72528743949739e-05,4.72528743949739e-05,4.6262780648445e-05,4.6262780648445e-05,68.10616304046
1736459880.0,4.6262780648445e-05,4.6262780648445e-05,4.6262780648445e-05,4.6262780648445e-05,0.0
1736459940.0,4.6262780648445e-05,4.6262780648445e-05,4.48107381406972e-05,4.5217280977991e-05,681.7840019298
1736460000.0,4.5217280977991e-05,4.5217280977991e-05,4.5217280977991e-05,4.5217280977991e-05,0.0
1736460060.0,4.5217280977991e-05,4.5217280977991e-05,4.5217280977991e-05,4.5217280977991e-05,0.0
1736460120.0,4.5217280977991e-05,4.5217280977991e-05,4.5217280977991e-05,4.5217280977991e-05,0.0
1736460180.0,4.5217280977991e-05,4.5217280977991e-05,4.5217280977991e-05,4.5217280977991e-05,0.0
1736460240.0,4.5217280977991e-05,4.5217280977991e-05,4.46152328149007e-05,4.46152328149007e-05,465.43426781922
1736460300.0,4.46152328149007e-05,4.46152328149007e-05,4.46152328149007e-05,4.46152328149007e-05,0.0
1736460360.0,4.46152328149007e-05,4.46152328149007e-05,4.46152328149007e-05,4.46152328149007e-05,0.0
1736460420.0,4.46152328149007e-05,4.46152328149007e-05,4.46152328149007e-05,4.46152328149007e-05,0.0
1736460480.0,4.46152328149007e-05,4.46152328149007e-05,4.46152328149007e-05,4.46152328149007e-05,0.0
1736460540.0,4.46152328149007e-05,4.46152328149007e-05,4.46152328149007e-05,4.46152328149007e-05,0.0
1736460600.0,4.46152328149007e-05,4.46152328149007e-05,4.46152328149007e-05,4.46152328149007e-05,0.0
1736460660.0,4.46152328149007e-05,4.46152328149007e-05,4.05219781630093e-05,4.12077026492458e-05,404.30617555538
1736460720.0,4.12077026492458e-05,4.12077026492458e-05,4.12077026492458e-05,4.12077026492458e-05,0.0
1736460780.0,4.12077026492458e-05,4.12077026492458e-05,4.12077026492458e-05,4.12077026492458e-05,0.0
1736460840.0,4.12077026492458e-05,4.12077026492458e-05,4.12077026492458e-05,4.12077026492458e-05,0.0
1736460900.0,4.12077026492458e-05,4.12077026492458e-05,4.12077026492458e-05,4.12077026492458e-05,0.0
1736460960.0,4.12077026492458e-05,4.12077026492458e-05,4.12077026492458e-05,4.12077026492458e-05,0.0
1736461020.0,4.12077026492458e-05,4.12077026492458e-05,4.05604177200958e-05,4.05604177200958e-05,4.59225
1736461080.0,4.05604177200958e-05,4.07115720138815e-05,4.05604177200958e-05,4.07115720138815e-05,27.30321
1736461140.0,4.07115720138815e-05,4.07115720138815e-05,4.07115720138815e-05,4.07115720138815e-05,0.0
1736461200.0,4.07115720138815e-05,4.07115720138815e-05,4.07115720138815e-05,4.07115720138815e-05,0.0
1736461260.0,4.07115720138815e-05,4.07115720138815e-05,4.07115720138815e-05,4.07115720138815e-05,0.0
1736461320.0,4.07115720138815e-05,4.07115720138815e-05,4.07115720138815e-05,4.07115720138815e-05,0.0
1736461380.0,4.07115720138815e-05,4.07115720138815e-05,4.07115720138815e-05,4.07115720138815e-05,0.0
1736461440.0,4.07115720138815e-05,4.07115720138815e-05,4.06260843095372e-05,4.06260843095372e-05,31.43075309842
1736461500.0,4.06260843095372e-05,4.06260843095372e-05,4.06260843095372e-05,4.06260843095372e-05,0.0
1736461560.0,4.06260843095372e-05,4.06260843095372e-05,4.06260843095372e-05,4.06260843095372e-05,0.0
1736461620.0,4.06260843095372e-05,4.06260843095372e-05,4.04710751509478e-05,4.04710751509478e-05,43.08569511936
1736461680.0,4.04710751509478e-05,4.04710751509478e-05,4.04710751509478e-05,4.04710751509478e-05,0.0
1736461740.0,4.04710751509478e-05,4.04710751509478e-05,4.04710751509478e-05,4.04710751509478e-05,0.0
1736461800.0,4.04710751509478e-05,4.04710751509478e-05,4.04710751509478e-05,4.04710751509478e-05,0.0
1736461860.0,4.04710751509478e-05,4.04710751509478e-05,4.04710751509478e-05,4.04710751509478e-05,0.0
1736461920.0,4.04710751509478e-05,4.04710751509478e-05,4.04710751509478e-05,4.04710751509478e-05,0.0
1736461980.0,4.04710751509478e-05,4.04710751509478e-05,3.73981177447019e-05,3.94771544408561e-05,603.82033729206
1736462040.0,3.94771544408561e-05,3.94771544408561e-05,3.26261090257048e-05,3.26261090257048e-05,1123.7923819392
1736462100.0,3.26261090257048e-05,3.26261090257048e-05,2.8154390368058e-05,2.8154390368058e-05,215.5105605352
1736462160.0,2.8154390368058e-05,2.8154390368058e-05,2.8154390368058e-05,2.8154390368058e-05,0.0
1736462220.0,2.8154390368058e-05,2.8154390368058e-05,2.8154390368058e-05,2.8154390368058e-05,0.0
1736462280.0,2.8154390368058e-05,2.8154390368058e-05,2.8154390368058e-05,2.8154390368058e-05,0.0
1736462340.0,2.8154390368058e-05,2.83071620519886e-05,2.8154390368058e-05,2.83071620519886e-05,18.681
1736462400.0,2.83071620519886e-05,2.83071620519886e-05,2.83071620519886e-05,2.83071620519886e-05,0.0
1736462460.0,2.83071620519886e-05,2.83071620519886e-05,2.83071620519886e-05,2.83071620519886e-05,0.0
1736462520.0,2.83071620519886e-05,2.83071620519886e-05,2.83071620519886e-05,2.83071620519886e-05,0.0
1736462580.0,2.83071620519886e-05,2.83071620519886e-05,2.83071620519886e-05,2.83071620519886e-05,0.0
1736462640.0,2.83071620519886e-05,2.85622954011854e-05,2.80354239276955e-05,2.85622954011854e-05,241.41173457615
1736462700.0,2.85622954011854e-05,2.93968612325765e-05,2.85622954011854e-05,2.93968612325765e-05,92.3868
1736462760.0,2.93968612325765e-05,3.0618682771275e-05,2.93968612325765e-05,3.0618682771275e-05,306.18682771275
1736462820.0,3.0618682771275e-05,3.1407821056828e-05,3.0618682771275e-05,3.1407821056828e-05,7.23206711318
1736462880.0,3.1407821056828e-05,3.1407821056828e-05,3.1407821056828e-05,3.1407821056828e-05,0.0
1736462940.0,3.1407821056828e-05,3.15351396536087e-05,3.1407821056828e-05,3.15351396536087e-05,1.8675
1736463000.0,3.15351396536087e-05,3.15351396536087e-05,3.15351396536087e-05,3.15351396536087e-05,0.0
1736463060.0,3.15351396536087e-05,3.15351396536087e-05,3.15351396536087e-05,3.15351396536087e-05,0.0
1736463120.0,3.15351396536087e-05,3.15351396536087e-05,3.15351396536087e-05,3.15351396536087e-05,0.0
1736463180.0,3.15351396536087e-05,3.15351396536087e-05,3.15351396536087e-05,3.15351396536087e-05,0.0
1736463240.0,3.15351396536087e-05,3.15351396536087e-05,3.15351396536087e-05,3.15351396536087e-05,0.0
1736463300.0,3.15351396536087e-05,3.15351396536087e-05,3.06764921650071e-05,3.06764921650071e-05,214.73544515505
1736463360.0,3.06764921650071e-05,3.06764921650071e-05,3.06764921650071e-05,3.06764921650071e-05,0.0
1736463420.0,3.06764921650071e-05,3.06764921650071e-05,3.06764921650071e-05,3.06764921650071e-05,0.0
1736463480.0,3.06764921650071e-05,3.06764921650071e-05,3.06764921650071e-05,3.06764921650071e-05,0.0
1736463540.0,3.06764921650071e-05,3.06764921650071e-05,3.06764921650071e-05,3.06764921650071e-05,0.0
1736463600.0,3.06764921650071e-05,3.07338693693538e-05,3.06764921650071e-05,3.07338693693538e-05,184.635
1736463660.0,3.07338693693538e-05,3.07338693693538e-05,3.07338693693538e-05,3.07338693693538e-05,0.0
1736463720.0,3.07338693693538e-05,3.07338693693538e-05,3.07338693693538e-05,3.07338693693538e-05,0.0
1736463780.0,3.07338693693538e-05,3.07338693693538e-05,3.07338693693538e-05,3.07338693693538e-05,0.0
1736463840.0,3.07338693693538e-05,3.07338693693538e-05,3.07338693693538e-05,3.07338693693538e-05,0.0
1736463900.0,3.07338693693538e-05,3.11530150244678e-05,3.07338693693538e-05,3.11530150244678e-05,2.85053475168
1736463960.0,3.11530150244678e-05,3.11530150244678e-05,3.11530150244678e-05,3.11530150244678e-05,0.0
1736464020.0,3.11530150244678e-05,3.11530150244678e-05,3.10956980556921e-05,3.10956980556921e-05,4.33711232255
1736464080.0,3.10956980556921e-05,3.10956980556921e-05,3.10956980556921e-05,3.10956980556921e-05,0.0
1736464140.0,3.10956980556921e-05,3.10956980556921e-05,3.09817931965148e-05,3.09817931965148e-05,4.97698828776
1736464200.0,3.09817931965148e-05,3.09817931965148e-05,3.09817931965148e-05,3.09817931965148e-05,0.0
1736464260.0,3.09817931965148e-05,3.09817931965148e-05,3.09817931965148e-05,3.09817931965148e-05,0.0
1736464320.0,3.09817931965148e-05,3.09817931965148e-05,3.09817931965148e-05,3.09817931965148e-05,0.0
1736464380.0,3.09817931965148e-05,3.09817931965148e-05,3.09817931965148e-05,3.09817931965148e-05,0.0
1736464440.0,3.09817931965148e-05,3.09817931965148e-05,3.09817931965148e-05,3.09817931965148e-05,0.0
1736464500.0,3.09817931965148e-05,3.09817931965148e-05,2.97060741470679e-05,2.97060741470679e-05,407.71394262112
1736464560.0,2.97060741470679e-05,2.97060741470679e-05,2.97060741470679e-05,2.97060741470679e-05,0.0
1736464620.0,2.97060741470679e-05,2.97060741470679e-05,2.97060741470679e-05,2.97060741470679e-05,0.0
1736464680.0,2.97060741470679e-05,2.97060741470679e-05,2.97060741470679e-05,2.97060741470679e-05,0.0
1736464740.0,2.97060741470679e-05,2.97060741470679e-05,2.97060741470679e-05,2.97060741470679e-05,0.0
1736464800.0,2.97060741470679e-05,2.97060741470679e-05,2.97060741470679e-05,2.97060741470679e-05,0.0
1736464860.0,2.97060741470679e-05,2.97060741470679e-05,2.78533359327013e-05,2.78533359327013e-05,210.44097699477
1736464920.0,2.78533359327013e-05,2.78533359327013e-05,2.67741525669228e-05,2.67741525669228e-05,139.30612568398
1736464980.0,2.67741525669228e-05,2.67741525669228e-05,2.67741525669228e-05,2.67741525669228e-05,0.0
1736465040.0,2.67741525669228e-05,2.67741525669228e-05,2.67741525669228e-05,2.67741525669228e-05,0.0
1736465100.0,2.67741525669228e-05,2.67741525669228e-05,2.67741525669228e-05,2.67741525669228e-05,0.0
1736465160.0,2.67741525669228e-05,2.69781703130727e-05,2.67741525669228e-05,2.69781703130727e-05,105.49489374627
1736465220.0,2.69781703130727e-05,2.7713313141665e-05,2.69781703130727e-05,2.7713313141665e-05,148.552
1736465280.0,2.7713313141665e-05,2.88450563638083e-05,2.7713313141665e-05,2.88450563638083e-05,192.26290101133
1736465340.0,2.88450563638083e-05,2.90641441919665e-05,2.88450563638083e-05,2.90641441919665e-05,7.34109089932
1736465400.0,2.90641441919665e-05,2.90641441919665e-05,2.90641441919665e-05,2.90641441919665e-05,0.0
1736465460.0,2.90641441919665e-05,2.90641441919665e-05,2.90641441919665e-05,2.90641441919665e-05,0.0
1736465520.0,2.90641441919665e-05,2.90641441919665e-05,2.90641441919665e-05,2.90641441919665e-05,0.0
1736465580.0,2.90641441919665e-05,2.90641441919665e-05,2.90641441919665e-05,2.90641441919665e-05,0.0
1736465640.0,2.90641441919665e-05,2.90641441919665e-05,2.90641441919665e-05,2.90641441919665e-05,0.0
1736465700.0,2.90641441919665e-05,2.90641441919665e-05,2.90641441919665e-05,2.90641441919665e-05,0.0
1736465760.0,2.90641441919665e-05,2.90641441919665e-05,2.70666951895327e-05,2.70666951895327e-05,376.81405731172
1736465820.0,2.70666951895327e-05,2.70666951895327e-05,2.69626380229335e-05,2.69626380229335e-05,8.28726370784
1736465880.0,2.69626380229335e-05,2.69626380229335e-05,2.68688255610483e-05,2.68688255610483e-05,24.67831237443
1736465940.0,2.68688255610483e-05,2.68688255610483e-05,2.68688255610483e-05,2.68688255610483e-05,0.0
1736466000.0,2.68688255610483e-05,2.68688255610483e-05,2.68688255610483e-05,2.68688255610483e-05,0.0
