0,1,2,3,4,5
1728929100,0.00014344450511418852,0.0001598864908959904,0.00014323525627190189,0.00015914426005939332,1743.8828723954773
1728929040,0.00014899409600039983,0.00015007528362046118,0.00013980076944691039,0.00014344450511418852,3727.9463143263984
1728928980,0.00014824446590712095,0.00015241593905185034,0.0001477253455302001,0.00014899409600039983,1150.2396255690016
1728928920,0.00015119706664612657,0.00015207255978978568,0.0001471407683722043,0.00014824446590712095,784.9890584432466
1728928860,0.00015370156708250442,0.00016238714966843065,0.00015119706664612657,0.00015119706664612657,3270.7416663199697
1728928800,0.00015664566364538907,0.0001573996430504928,0.00015342741967860028,0.00015370156708250442,588.1276686818723
1728928740,0.0001501638850361459,0.00016046335835158938,0.00014683163628203682,0.00015664566364538907,3303.7083543590807
1728928680,0.0001543670221046828,0.0001555821806252337,0.0001501638850361459,0.0001501638850361459,683.2892385014601
1728928620,0.00016283318839005028,0.00016621848647188875,0.0001440995249518962,0.0001543670221046828,4555.227332118692
1728928560,0.00017628659214247546,0.00017628659214247546,0.00015804668861376904,0.00016283318839005028,3953.3791047325667
1728928500,0.000179474830707759,0.00017982130702689893,0.0001747096587625504,0.00017628659214247546,647.5409476738208
1728928440,0.0001717714356482384,0.000179474830707759,0.00017101633401989935,0.000179474830707759,1553.8176045990642
1728928380,0.0001581419965620771,0.0001862255457428967,0.00015691809118436123,0.0001717714356482384,5921.105637090709
1728928320,0.00015903291290140313,0.00016142009975692563,0.0001569341688373755,0.0001581419965620771,1623.5442218205712
1728928260,0.00016425747634104642,0.00016449956432647343,0.00015546717611472722,0.00015903291290140313,1560.2425355429493
1728928200,0.00017481422137749638,0.0001769503241736736,0.00016425747634104642,0.00016425747634104642,2286.3835923388674
1728928140,0.00015227165175720072,0.0001756485408980229,0.00015227165175720072,0.00017481422137749638,4422.386643251163
1728928080,0.00014320192142017115,0.00015338929311353017,0.00014083265078090193,0.00015227165175720072,2542.383977191728
1728928020,0.0001426132067607815,0.00014429619056750094,0.00013930016294395203,0.00014320192142017115,1667.4412148850554
1728927960,0.00016029902007132978,0.0001605759028293944,0.0001423980576808658,0.0001426132067607815,2770.5746194609133
1728927900,0.00015527109079545773,0.0001656585981316095,0.0001459612215905321,0.00016029902007132978,7685.274138569731
1728927840,0.00016930902514535775,0.00016930902514535775,0.00013424968765354006,0.00015527109079545773,6773.9219732357
1728927780,0.00016836627557383847,0.0001819910261320566,0.0001660990188012373,0.00016930902514535775,6061.415920622306
1728927720,0.00016539032021439676,0.00017114973361709605,0.0001565366712032778,0.00016836627557383847,4952.650386514965
1728927660,0.00013451719202672984,0.00017318609613683428,0.00013197412988202002,0.00016539032021439676,6415.338296248198
1728927600,0.00012521194625585283,0.00014010126599611379,0.00012521194625585283,0.00013451719202672984,5359.165780379713
1728927540,0.00012571782231760658,0.0001610445964724165,0.00012389945163360943,0.00012521194625585283,8918.429441394825
1728927480,0.00011459624106626665,0.0001582073942466759,0.00011459624106626665,0.00012571782231760658,9947.248799956062
1728927420,9.402611787774207e-05,0.00011972397414662614,9.402611787774207e-05,0.00011459624106626665,5083.21147595392
1728927360,8.802991715739245e-05,9.473672710264209e-05,8.802991715739245e-05,9.402611787774207e-05,1247.4545499042754
1728927300,8.215619563920935e-05,8.813823464019836e-05,8.215619563920935e-05,8.802991715739245e-05,1937.3233730820298
1728927240,8.011202651924118e-05,8.345202418295879e-05,7.667343285863162e-05,8.215619563920935e-05,1824.3528582126933
1728927180,8.276162742241971e-05,8.455649957419929e-05,7.903029262517016e-05,8.011202651924118e-05,1454.938157633202
1728927120,8.819885264937345e-05,9.088268167387067e-05,7.951023920273213e-05,8.276162742241971e-05,3441.58266044259
1728927060,9.266481828325549e-05,9.451736921169203e-05,8.639351298318109e-05,8.819885264937345e-05,1592.8295068251878
1728927000,9.692980458596423e-05,9.692980458596423e-05,9.037712690553337e-05,9.266481828325549e-05,1968.2112490758348
1728926940,0.00010080608511947859,0.00010119838761880701,9.363929401196998e-05,9.692980458596423e-05,1759.3470883595255
1728926880,9.86727161120103e-05,0.00010112044309384035,9.86727161120103e-05,0.00010080608511947859,316.3667494335422
1728926820,9.590553142769236e-05,9.921794384491238e-05,9.479382960260367e-05,9.86727161120103e-05,1116.0920853012735
1728926760,9.784660934927113e-05,0.00010269023291373477,9.590553142769236e-05,9.590553142769236e-05,1735.9727276769192
1728926700,9.974185890346528e-05,0.00010005695779745885,9.215554399749791e-05,9.784660934927113e-05,2132.6743463628586
1728926640,9.345030747787714e-05,0.00010737846441729018,9.345030747787714e-05,9.974185890346528e-05,2682.976403388703
1728926580,9.275823696203373e-05,9.684701847065489e-05,9.207096344658861e-05,9.345030747787714e-05,1350.6728940155951
1728926520,8.4313126986184e-05,9.340963187035721e-05,8.290957964100085e-05,9.275823696203373e-05,2622.286217253574
1728926460,8.012924541594072e-05,8.456933098550301e-05,7.794189625401721e-05,8.4313126986184e-05,1850.0907456429377
1728926400,8.649670919679444e-05,8.649670919679444e-05,7.702140132234323e-05,8.012924541594072e-05,1087.9494189613456
1728926340,8.472939498043091e-05,9.811463032718556e-05,7.671780211397018e-05,8.649670919679444e-05,9648.680388794626
1728926280,7.522879475933085e-05,9.226782678944573e-05,7.516298642954977e-05,8.472939498043091e-05,3840.3072563279893
1728926220,7.420952375421363e-05,8.140451725840189e-05,7.149088627613818e-05,7.522879475933085e-05,2795.6840674338196
1728926160,6.730622307044925e-05,7.452286153284671e-05,6.601283965594456e-05,7.420952375421363e-05,1583.0196518784169
1728926100,6.62708214762133e-05,6.861658086984445e-05,6.332266925094295e-05,6.730622307044925e-05,1781.8388364302957
1728926040,6.77754116631323e-05,6.847197360815943e-05,6.354778014365856e-05,6.62708214762133e-05,1813.5017614569474
1728925980,6.693834541047782e-05,7.141070256693594e-05,6.646415659609836e-05,6.77754116631323e-05,1873.1483171100538
1728925920,7.335902074049522e-05,7.416332634374867e-05,6.562525976713137e-05,6.693834541047782e-05,3595.082092322603
1728925860,7.473296430197422e-05,7.857272583334667e-05,7.189201359825994e-05,7.335902074049522e-05,3195.573939226926
1728925800,8.576216899381908e-05,8.68482334894872e-05,6.921013589796723e-05,7.473296430197422e-05,8307.337360550118
1728925740,8.593634377336292e-05,8.606715546014853e-05,8.173337648392137e-05,8.576216899381908e-05,2174.4873671027053
1728925680,7.703236374624359e-05,9.281727389702095e-05,7.675911532454785e-05,8.593634377336292e-05,8242.461331307828
1728925620,8.005787368109092e-05,8.563853934010148e-05,7.414079115783956e-05,7.703236374624359e-05,7123.509940983219
1728925560,8.888995194833626e-05,0.00012520010943274502,7.918343568766259e-05,8.005787368109092e-05,13318.719180265824
1728925500,0.00012351145077638064,0.0001247844366701286,7.952717854722654e-05,8.888995194833626e-05,14131.52213682155
1728925440,0.00012074060177326148,0.00013045984603020778,0.00011889103918148821,0.00012351145077638064,3212.316496157071
1728925380,0.00012042778955424413,0.0001231972514420245,0.00011676697384484644,0.00012074060177326148,1927.9194904340227
1728925320,0.00011928350535818157,0.0001227523389869528,0.00011886692733026214,0.00012042778955424413,1519.1157181794033
1728925260,0.00011960663152174417,0.00012176493800615626,0.0001128298539121807,0.00011928350535818157,1986.3888404705529
1728925200,0.00012006841504644753,0.00012144476531767495,0.00011381524567447875,0.00011960663152174417,1564.6887725214272
1728925140,0.00011427473415544616,0.00012081629053332783,0.00011395519621965694,0.00012006841504644753,1231.8198998948974
1728925080,0.00010945567406515486,0.0001187822969758348,0.00010445664319687895,0.00011427473415544616,3623.05775683421
1728925020,0.00012525239201395725,0.00012545839535989636,0.00010844779620058937,0.00010945567406515486,3378.8135651528705
1728924960,0.0001268278997280971,0.000136466664981537,0.00011799862217082177,0.00012525239201395725,4157.317020201406
1728924900,0.00012511268936581587,0.00013164636756227068,0.00012182565636402066,0.0001268278997280971,2321.9180606956047
1728924840,0.00012292974526643502,0.00012963587719989897,0.00011760509402780946,0.00012511268936581587,4875.136712475787
1728924780,0.00011800434615125056,0.00012363283222411133,0.00011483111439868544,0.00012292974526643502,1275.8157292497235
1728924720,0.00011980308528436679,0.00012141712789149719,0.00011554972782750742,0.00011800434615125056,2785.083172728066
1728924660,0.0001175380549999441,0.00012359198986806614,0.00011647780052482535,0.00011980308528436679,1972.0887564369891
1728924600,0.00011438577094410562,0.0001292980382225182,0.00011173879380006575,0.0001175380549999441,6697.685116700577
1728924540,0.00011352192857203955,0.0001193225835088917,0.00010552857925470842,0.00011438577094410562,4351.85992801542
1728924480,0.00011830826137333294,0.00019173226216023437,0.00011269698561669023,0.00011352192857203955,13944.494478306482
1728924420,0.00013021960277167672,0.00013021960277167672,0.00011569256866122597,0.00011830826137333294,3997.128476120303
1728924360,0.00011566342062418513,0.0001396801670505881,0.00011525535763164025,0.00013021960277167672,7936.851087124853
1728924300,0.0001295666177588506,0.0001302353988963346,0.00010006059991949227,0.00011566342062418513,5355.722387661187
1728924240,0.00014174524769658105,0.00014174524769658105,0.0001292941287126644,0.0001295666177588506,1468.5697561489999
1728924180,0.00014086230712684027,0.00014665673352787023,0.00014010044730404836,0.00014174524769658105,1347.5054556914827
1728924120,0.00013487421316170822,0.00014605022920969625,0.00013487421316170822,0.00014086230712684027,1461.110904368823
1728924060,0.00013027363420750555,0.00014729944785916727,0.00013027363420750555,0.00013487421316170822,4020.4253329020707
1728924000,0.00013282962545589394,0.00014067264966690062,0.0001289474559992198,0.00013027363420750555,2173.9192772190863
1728923940,0.000133647093319577,0.00013965903983831034,0.00012708872344246148,0.00013282962545589394,3476.5801129261936
1728923880,0.00011498607412646693,0.000133647093319577,0.00011498607412646693,0.000133647093319577,2748.374883844276
1728923820,0.00014162336055719842,0.0001589417240906018,0.00011276106811904434,0.00011498607412646693,13539.071340593173
1728923760,0.00012579433841478785,0.00014162336055719842,0.0001256099942699872,0.00014162336055719842,3505.3268302091806
1728923700,0.00011195076503406885,0.00013057872669619336,0.00011004247988321388,0.00012579433841478785,5268.398567563134
1728923640,0.00013266122401785302,0.00013759414125810983,0.00011008735365932995,0.00011195076503406885,6198.5599386740605
1728923580,0.00015448538595273656,0.0001598539163432092,0.00012287768989078504,0.00013266122401785302,16675.44810093067
1728923520,0.00017424030907383435,0.00017424030907383435,0.00015403743287358148,0.00015448538595273656,2463.765473476491
1728923460,0.000169701015084939,0.00017424030907383435,0.0001648787366801201,0.00017424030907383435,2273.204090637921
1728923400,0.0001676532993658939,0.00017193268053044742,0.00016715082114605995,0.000169701015084939,1123.1550773668625
1728923340,0.00017301661932195056,0.00018187931491331938,0.00016532763535526203,0.0001676532993658939,3259.2674572673927
1728923280,0.00017819828338162228,0.00018640764719827686,0.0001723963790624453,0.00017301661932195056,4249.647360646051
1728923220,0.00017071206303498395,0.0001795633030908727,0.0001604640512066045,0.00017819828338162228,4247.768498702934
1728923160,0.0001687677761186264,0.0001739283790233469,0.00016173786603326454,0.00017071206303498395,3545.444795168174
1728923100,0.00016919485367102133,0.00017296695127226063,0.00016767078635957996,0.0001687677761186264,1908.667816219467
1728923040,0.00016879733858806643,0.0001702678991391493,0.00016375764894964578,0.00016919485367102133,2348.876983734574
1728922980,0.0001764232252330685,0.00017738979643544856,0.0001644751191418006,0.00016879733858806643,3433.9008452490834
1728922920,0.00017965212926801267,0.00018350592009788236,0.0001764232252330685,0.0001764232252330685,2353.5592044602063
1728922860,0.0001912730921305698,0.0001962693881158741,0.00017747846714076808,0.00017965212926801267,4382.731742593277
1728922800,0.00020044898098474102,0.00020357807762958865,0.00018912496456969252,0.0001912730921305698,2782.391594821803
1728922740,0.00020270760979083908,0.0002111837262866415,0.00018416955944076631,0.00020044898098474102,10110.39042854312
1728922680,0.0001975215722699389,0.00020904644676742414,0.00019664565001852995,0.00020270760979083908,2576.4988207300253
1728922620,0.00019772747466751384,0.00020287653723394087,0.0001928443372487136,0.0001975215722699389,4279.22380650506
1728922560,0.00019228291358300173,0.00024220724852133132,0.00017923903583639622,0.00019772747466751384,15116.713423567
1728922500,0.00017468664204767836,0.00019352607949705807,0.00017453146329670359,0.00019228291358300173,3119.638803602424
1728922440,0.00018393705185203066,0.00018629689045629997,0.00015759700270002736,0.00017468664204767836,6440.712382988659
1728922380,0.00016401815408555715,0.0001839409546821796,0.00016071798586444748,0.00018393705185203066,7804.168950143795
1728922320,0.00018450136488324553,0.0001959790187924252,0.00015523352804222142,0.00016401815408555715,15480.041519819144
1728922260,0.00021435642699546301,0.00022018783570106184,0.0001789372339663822,0.00018450136488324553,11433.377433339378
1728922200,0.00020977364803670068,0.00023169698554917817,0.00019888877926166,0.00021435642699546301,5849.234002186529
1728922140,0.0002492176893419215,0.00025103028422119087,0.00020271228271857868,0.00020977364803670068,12940.580231124944
1728922080,0.00022622133915015696,0.0002573653271690817,0.0002130591196079208,0.0002492176893419215,7859.4943501213775
1728922020,0.0002452775514713778,0.0002507827259476606,0.00021706117669707063,0.00022622133915015696,9404.479885238667
1728921960,0.0002527122968017368,0.00026809779253115346,0.0002452775514713778,0.0002452775514713778,4587.863004406588
1728921900,0.00025813051542135303,0.0002654731501745348,0.0002527122968017368,0.0002527122968017368,2200.981398418859
1728921840,0.0002486456978383085,0.00026461748708930756,0.00024622469890067195,0.00025813051542135303,5603.643862632266
1728921780,0.0002729185946996348,0.00034751954536215866,0.00024343076727578077,0.0002486456978383085,15005.849700636334
1728921720,0.0002993963239389292,0.00030588475529344235,0.0002650627989189814,0.0002729185946996348,8460.652029926634
1728921660,0.0003304879019031425,0.00033448123301159767,0.00029778454012528255,0.0002993963239389292,4068.047917596828
1728921600,0.0003377330852540447,0.0003377330852540447,0.00032292261515395556,0.0003304879019031425,1391.1990324083492
1728921540,0.0003252019441793643,0.00034963560336012835,0.00032066789565698327,0.0003377330852540447,5308.014054100332
1728921480,0.0003417503629676641,0.00035663889966921965,0.00032324461550299193,0.0003252019441793643,4972.073730174463
1728921420,0.0003365081275868564,0.0003547116706665482,0.00033507836416818735,0.0003417503629676641,4326.642372238591
1728921360,0.0003263341222414749,0.0003473342591623696,0.0003037131622255911,0.0003365081275868564,11692.227292727752
1728921300,0.00036531787004017737,0.00036531787004017737,0.00031507433178223535,0.0003263341222414749,6141.074352137427
1728921240,0.00034401433602338226,0.0003659467843954641,0.00034401433602338226,0.00036531787004017737,3134.961682710414
1728921180,0.00036919503689634563,0.0003815855570015238,0.0003428454394479471,0.00034401433602338226,3528.282729654002
1728921120,0.0003803268000018927,0.00038131765195364054,0.00036763921800636546,0.00036919503689634563,1984.6417236659731
1728921060,0.00039335303378638627,0.00040911394588412104,0.000379475514823077,0.0003803268000018927,4070.5625714822245
1728921000,0.00038696422452285344,0.00040532267838045593,0.0003707057184695811,0.00039335303378638627,6514.660600379641
1728920940,0.00036872786783347686,0.00039226490370255834,0.0003675943073030338,0.00038696422452285344,3271.949167039287
1728920880,0.00037194548978631924,0.0003857866214736773,0.000364595861500285,0.00036872786783347686,3392.827235916138
1728920820,0.00036640856038919347,0.0003980656059987821,0.0003540163040267445,0.00037194548978631924,10420.722547478452
1728920760,0.00038356337213492564,0.00039780730758716567,0.00036437995149875887,0.00036640856038919347,3895.477836232322
1728920700,0.0004203739338542458,0.00043405328208528184,0.00037931008013966823,0.00038356337213492564,9305.055341250356
1728920640,0.00044374584971019956,0.00046685886817722657,0.0004191256223297087,0.0004203739338542458,9729.520483010967
1728920580,0.0004352245645342409,0.0004558743444362249,0.0004352245645342409,0.00044374584971019956,1956.4004635240053
1728920520,0.00046562154404372093,0.0004922655487776409,0.00043499208031073504,0.0004352245645342409,6300.734050019255
1728920460,0.00046547389136397525,0.00048088043127351125,0.00045955136119986894,0.00046562154404372093,2573.2761913432855
1728920400,0.0004669885313527246,0.0004840890949885379,0.0004605599548837796,0.00046547389136397525,4185.340127142468
1728920340,0.0005229099465087319,0.0005229099465087319,0.0004669885313527246,0.0004669885313527246,8520.075081115454
1728920280,0.00046989932187653174,0.0005450967949021708,0.00046989932187653174,0.0005229099465087319,12527.461903494306
1728920220,0.00047770688109337057,0.0004892533112011455,0.00043148520421443595,0.00046989932187653174,6644.5272000133145
1728920160,0.0004794695645578036,0.0004995879295137285,0.00047352003833265677,0.00047770688109337057,3097.338875077101
1728920100,0.000458584640275343,0.0004983497697149455,0.00045010553565797833,0.0004794695645578036,3825.257060029262
1728920040,0.0004876032965937897,0.0004876032965937897,0.0004553922972129366,0.000458584640275343,3983.286445958631
1728919980,0.0004638438442270008,0.0005898736757342276,0.0004624694915078331,0.0004876032965937897,14490.848673725362
1728919920,0.0004522477997221817,0.0004643097701487854,0.0004449894341840432,0.0004638438442270008,1645.372885343662
1728919860,0.0004511320150608682,0.0004899897488552532,0.00044599884002911893,0.0004522477997221817,11868.842855321742
1728919800,0.00042616882649037385,0.0005001541209407158,0.00042616882649037385,0.0004511320150608682,10046.854531765404
1728919740,0.0004424489672562584,0.0004426967344154421,0.0004189841458332316,0.00042616882649037385,2923.176512663681
1728919680,0.0004096989833411805,0.0004424489672562584,0.0004068351977566263,0.0004424489672562584,3039.088170311385
1728919620,0.00043204164980869175,0.00043204164980869175,0.0004093173387561162,0.0004096989833411805,1436.6144732335968
1728919560,0.0004129805177499557,0.00046459814649197625,0.0004129805177499557,0.00043204164980869175,5331.44157058295
1728919500,0.0004293990072662839,0.00043161704032376795,0.0003982071092006858,0.0004129805177499557,4410.285990353074
1728919440,0.0004374672003045417,0.00044999476084677794,0.0004262008082522757,0.0004293990072662839,2368.75926472461
1728919380,0.00045055926829916496,0.0004546884517586132,0.0004130742294049418,0.0004374672003045417,6146.786208085191
1728919320,0.0004514334716695801,0.0004742302026004746,0.0004487601735482819,0.00045055926829916496,4452.032570396991
1728919260,0.0004329723892600938,0.0004630480544725868,0.0004290987811397523,0.0004514334716695801,4226.324516792175
1728919200,0.00044388135548406604,0.00045570097981161635,0.0004250256509688672,0.0004329723892600938,5520.887671731018
1728919140,0.0004147353360886476,0.00046529394078438023,0.0004124054554848013,0.00044388135548406604,6589.814718701028
1728919080,0.00040250227178330685,0.0004147353360886476,0.0004023394832560421,0.0004147353360886476,1653.9478886271816
1728919020,0.00039439294825211217,0.00040250227178330685,0.00039124375045360474,0.00040250227178330685,1770.7944636953423
1728918960,0.00037165452636074906,0.0004052205751141736,0.00037120809195246744,0.00039439294825211217,3141.099361767964
1728918900,0.00037819114717258277,0.0003797881279431695,0.00036596027402756385,0.00037165452636074906,1247.028327934832
1728918840,0.00038102288147580187,0.0003822666790814876,0.0003682694041468034,0.00037819114717258277,2408.345760355029
1728918780,0.0003732195035290861,0.0003884951894069493,0.0003701807009530176,0.00038102288147580187,2872.287587527222
1728918720,0.00038306794965330593,0.0003857615821002287,0.00037077083948577726,0.0003732195035290861,1493.2684946150273
1728918660,0.0003850132626709335,0.0003936925755858884,0.0003778103686276763,0.00038306794965330593,2558.74120760354
1728918600,0.0004049661975811882,0.00041302514054615715,0.0003773253907553632,0.0003850132626709335,5199.567074461576
1728918540,0.00041020867919625627,0.00045330143956699926,0.000399060598065209,0.0004049661975811882,7122.336979153459
1728918480,0.0004146426004133076,0.00042071986673510286,0.00039412209019006706,0.00041020867919625627,3359.966205178244
1728918420,0.00042920291875080363,0.0004301561047322486,0.0004012474629614515,0.0004146426004133076,3814.301190008651
1728918360,0.00043298352702905095,0.00044973502013564114,0.0003893986898566491,0.00042920291875080363,10984.34557717864
1728918300,0.0004143595738336827,0.00043518239802013247,0.0004143595738336827,0.00043298352702905095,3160.771050483322
1728918240,0.00041074924108203397,0.0004235290472337951,0.00040477939988097444,0.0004143595738336827,5129.758127138467
1728918180,0.0003933505418724593,0.000452904879851436,0.0003933505418724593,0.00041074924108203397,11802.048227693826
1728918120,0.0003962154987240078,0.0004480721722254146,0.0003765758321507489,0.0003933505418724593,10086.133088120287
1728918060,0.0003815817941817834,0.00041512739753832425,0.0003815817941817834,0.0003962154987240078,10195.623806561229
1728918000,0.00037680672973650867,0.000404852408814218,0.0003755114462552254,0.0003815817941817834,4226.1484875533415
1728917940,0.0003802257345475421,0.00039155749267616983,0.0003746585100625304,0.00037680672973650867,2470.9405515096455
1728917880,0.00035688011638156596,0.0004132872962005934,0.00035424424676962424,0.0003802257345475421,6496.007159238236
1728917820,0.0003552470626792023,0.0003747229380197699,0.00035119781700686633,0.00035688011638156596,5572.263918028517
1728917760,0.00032630086596414833,0.00036189700582074874,0.00032630086596414833,0.0003552470626792023,7952.851086673727
1728917700,0.00032077690107686557,0.00032953559565590003,0.00031426018098189957,0.00032630086596414833,3065.6403071049767
1728917640,0.0003452850263870106,0.0003724070071331322,0.0003108903843242366,0.00032077690107686557,9680.441943647442
1728917580,0.0003263051947299253,0.0003661619121824527,0.00032007108500111336,0.0003452850263870106,5199.013495160917
1728917520,0.0003062097914048792,0.0003282577972442672,0.0002992867547596713,0.0003263051947299253,5740.884657973673
1728917460,0.0003128639778098531,0.0003250644624328483,0.0003062097914048792,0.0003062097914048792,2827.2878183051494
1728917400,0.0003210478261633428,0.00032440224065714764,0.00030833802081303274,0.0003128639778098531,4387.7116446668915
1728917340,0.0003472813023050911,0.00036359902730483877,0.0003164691222145934,0.0003210478261633428,5027.232015596139
1728917280,0.0003111218011068092,0.00034814517239788173,0.0003111218011068092,0.0003472813023050911,9110.123799928453
1728917220,0.00032756214180798874,0.00033531299035252296,0.0003026395261519702,0.0003111218011068092,4078.7137078426217
1728917160,0.00032129102778132376,0.0003345669122633726,0.0003164795228141444,0.00032756214180798874,3905.185030940625
1728917100,0.00034451470283575506,0.00035554236223112946,0.00031269691298015735,0.00032129102778132376,8355.872615873559
1728917040,0.0003652102086478187,0.00037045408512430153,0.00034060974620181894,0.00034451470283575506,6554.490152240704
1728916980,0.0003878278858537984,0.0003878278858537984,0.0003526083180108774,0.0003652102086478187,7120.127933186008
1728916920,0.00034608177464052483,0.0004844477174456909,0.00034608177464052483,0.0003878278858537984,40451.406460724276
1728916860,0.0003308795200318516,0.0003515501735287859,0.0003053218139021861,0.00034608177464052483,12251.29882441858
1728916800,0.0003565726280985591,0.0004089016478164251,0.0003117072173056542,0.0003308795200318516,25268.238110704817
1728916740,0.0004033094919249441,0.00040846888436148416,0.00030357332223601214,0.0003565726280985591,16783.20321215357
1728916680,0.00042679101734729796,0.00042679101734729796,0.0004013932239844964,0.0004033094919249441,3780.911996177348
1728916620,0.00043240602853359224,0.00043240602853359224,0.00042115419053012225,0.00042679101734729796,1865.2956652540217
1728916560,0.0004516369210859346,0.0004534935824062427,0.0004321303874736171,0.00043240602853359224,1738.3197747011955
1728916500,0.0004398283936099002,0.0004558492576299506,0.0004369916735155615,0.0004516369210859346,2724.8809056042946
1728916440,0.0004327345775077041,0.0004548149905242799,0.000425056650080905,0.0004398283936099002,3976.794452539325
1728916380,0.00044261465607288566,0.0004484903912003212,0.0004250665060533126,0.0004327345775077041,3595.4750656262017
1728916320,0.00042961898267945625,0.00044633126101876737,0.00042961898267945625,0.00044261465607288566,4411.043466033502
1728916260,0.00039863368090957446,0.0004369490206696999,0.00039517208363537104,0.00042961898267945625,5013.968547360993
1728916200,0.00039693392144848,0.00043402102639444483,0.00037326382817804457,0.00039863368090957446,7575.190128873344
1728916140,0.0003912650433541039,0.0004005731830094127,0.0003750396856191546,0.00039693392144848,6532.814347462052
1728916080,0.00043627260784038,0.0004382661085336041,0.00037337537663239184,0.0003912650433541039,9689.739068246145
1728916020,0.00046872785183923516,0.00046872785183923516,0.0004278093887922974,0.00043627260784038,3140.2525286971268
1728915960,0.00046259753060161443,0.00047177561403004373,0.00045641602723679037,0.00046872785183923516,1221.6643874701092
1728915900,0.0004492188485937542,0.000466272363805427,0.0004343207842759679,0.00046259753060161443,4713.8294571827055
1728915840,0.000458508688535839,0.00046051264635401485,0.00044667293145860817,0.0004492188485937542,1091.5419459362781
1728915780,0.0004705684622248919,0.0004705684622248919,0.000458508688535839,0.000458508688535839,651.9895439688452
1728915720,0.00045570598419162304,0.0004756160308952867,0.00045570598419162304,0.0004705684622248919,2384.599424156499
1728915660,0.0004647557590422646,0.0004702518477069921,0.00045358729251779924,0.00045570598419162304,1559.0932790060858
1728915600,0.00047879759050809163,0.0005245793319136058,0.0004647557590422646,0.0004647557590422646,9723.693853255929
1728915540,0.00048616334374646685,0.0005081046530537544,0.0004774166593946461,0.00047879759050809163,2218.1288515447304
1728915480,0.0005044123219626642,0.0005204391159949026,0.0004716290458303629,0.00048616334374646685,11148.499368112414
1728915420,0.0005025329375857148,0.0005327624547017093,0.0005024589105341746,0.0005044123219626642,3909.9043375036913
1728915360,0.0005404586477050125,0.0005685967498071472,0.0005009659149145941,0.0005025329375857148,8950.269404273718
1728915300,0.0004782609799664285,0.0005455367261255646,0.0004782609799664285,0.0005404586477050125,11322.308186326396
1728915240,0.000442186690533334,0.0005094450767158038,0.00043861191228783587,0.0004782609799664285,7717.155179614048
1728915180,0.000422177746149825,0.00046804310798520305,0.000422177746149825,0.000442186690533334,7475.73944701308
1728915120,0.00043362790163534355,0.0004344533922354574,0.00042040205159362315,0.000422177746149825,3668.560960771448
1728915060,0.0004242910965336273,0.000449240495688544,0.0004062323510414322,0.00043362790163534355,7396.143645630778
1728915000,0.00043626325540846477,0.00044515899628274594,0.0004242910965336273,0.0004242910965336273,3846.0647693550554
1728914940,0.000451285497340984,0.0005373762860043131,0.0004035688378302454,0.00043626325540846477,20006.06554508824
1728914880,0.0004679482327164344,0.0004695408651127479,0.0004440777226154844,0.000451285497340984,5723.452658763096
1728914820,0.0004898522534695186,0.0004898522534695186,0.0004549459064250947,0.0004679482327164344,6434.405083378222
1728914760,0.0004823278629245419,0.0004951053150724054,0.00043909852413679046,0.0004898522534695186,9719.884007924726
1728914700,0.0005278290297569105,0.0005278290297569105,0.0004823278629245419,0.0004823278629245419,6127.588280019953
1728914640,0.0005269115098528514,0.000551292204303664,0.0004692566354266696,0.0005278290297569105,12551.866101018099
1728914580,0.0005379578677958763,0.0006156452300044975,0.00048322096115917013,0.0005269115098528514,34712.71287862411
1728914520,0.0005506784570601959,0.0005579821129960986,0.0005368774510407419,0.0005379578677958763,4204.091566506362
1728914460,0.0005897034940485161,0.0005897034940485161,0.0005397938986358447,0.0005506784570601959,4240.041054849585
1728914400,0.0005995032351346931,0.0006140828924716861,0.0005891062403520599,0.0005897034940485161,2527.7002407822893
1728914340,0.0005949716619282164,0.0006493246135312289,0.0005784136449868317,0.0005995032351346931,6810.480715483933
1728914280,0.0006271670142442208,0.0006271670142442208,0.0005917550487026599,0.0005949716619282164,1812.1682055561816
1728914220,0.0006218910713770732,0.0007151129997459294,0.0006041907804971569,0.0006271670142442208,8493.165031925186
1728914160,0.0006000751342793198,0.000640255153761609,0.0006000751342793198,0.0006218910713770732,4790.80563098421
1728914100,0.0006378670678340003,0.0006455772996866247,0.0005940155614111046,0.0006000751342793198,6800.552747216195
1728914040,0.0006649799680580584,0.0006649799680580584,0.0005971762580256817,0.0006378670678340003,9586.923281052217
1728913980,0.0006327674480665047,0.0006817756293976599,0.0006161969094505283,0.0006649799680580584,5821.761859547197
1728913920,0.0006293199216376038,0.0006474082188515236,0.0006293199216376038,0.0006327674480665047,1786.7975196186405
1728913860,0.0006636027333618176,0.000707080485451827,0.0006247854981361777,0.0006293199216376038,10382.998677331645
1728913800,0.0006721674066812095,0.0006748860817675819,0.0006614246534438557,0.0006636027333618176,1051.965635399559
1728913740,0.0006655959054621866,0.0006723092166190166,0.0006557350335570868,0.0006721674066812095,2054.7136323641053
1728913680,0.0006601789440219723,0.0006677239860277784,0.0006297333955042845,0.0006655959054621866,4217.393058094778
1728913620,0.0006818900594666224,0.0006818900594666224,0.00064540699790573,0.0006601789440219723,3124.294282578849
1728913560,0.0006688980845681341,0.0006990243368615276,0.0006643999730122425,0.0006818900594666224,2172.8178406797706
1728913500,0.0006955295089030954,0.0006995696161379986,0.0006634013976453221,0.0006688980845681341,3973.1712308740694
1728913440,0.0006513393273365815,0.0007081534290972519,0.0006513393273365815,0.0006955295089030954,5022.74046103412
1728913380,0.0006989793692371241,0.0007042388731667573,0.0006411348428895767,0.0006513393273365815,3229.2650808698877
1728913320,0.0007231103958215275,0.0007257020783994839,0.0006973762298113608,0.0006989793692371241,3196.633623059198
1728913260,0.0007078940202203156,0.0007674170338968735,0.0006824217836144701,0.0007231103958215275,9979.14544284023
1728913200,0.000670589652863752,0.0007251980132797596,0.000670589652863752,0.0007078940202203156,4222.169828965904
1728913140,0.0006265842245716269,0.0006918584295966498,0.0005995506212454785,0.000670589652863752,7640.3121667172045
1728913080,0.0005953707879933383,0.0006271503393892911,0.0005849620620801788,0.0006265842245716269,3369.2984575415817
1728913020,0.0006690180479521969,0.0006713278687974093,0.0005930419401751196,0.0005953707879933383,5046.5622639772555
1728912960,0.0006815026772523171,0.0006877198395705226,0.0006588555572456845,0.0006690180479521969,4024.4968366135913
1728912900,0.0006933610690659994,0.0006937170569576923,0.0006560769442874169,0.0006815026772523171,5069.2708112616665
1728912840,0.0006627959844993926,0.0007001352649529383,0.0006589710131076387,0.0006933610690659994,5027.312029260298
1728912780,0.0006959050276585556,0.0007910909835535098,0.0006567952956731835,0.0006627959844993926,11442.193316470555
1728912720,0.0007094916767715895,0.0007281123423196876,0.0006825459088114702,0.0006959050276585556,5050.062429429249
1728912660,0.0006723081613382845,0.0007140009082022005,0.000646019333115741,0.0007094916767715895,4146.670100377958
1728912600,0.0006873032047893195,0.0007070459453899948,0.0006681953901551149,0.0006723081613382845,5167.2266808315935
1728912540,0.000652308577105677,0.0007419708655010622,0.0006507243583721699,0.0006873032047893195,11607.051887091968
1728912480,0.0006428439826381488,0.0006532942279425481,0.00061581810345144,0.000652308577105677,4412.155387534249
1728912420,0.0006566399930237363,0.0006624266141776995,0.0006321990999398242,0.0006428439826381488,2663.64059218703
1728912360,0.0005858459829351075,0.000728097194371314,0.0005858459829351075,0.0006566399930237363,15192.600471115278
1728912300,0.0005636703357365249,0.0005858459829351075,0.0005600522506266265,0.0005858459829351075,1388.1145982320625
1728912240,0.0005742652943113492,0.0005759630439671711,0.0005537126386389818,0.0005636703357365249,3349.1734407451345
1728912180,0.0005549625220153198,0.0005792352236805956,0.0005500204100829962,0.0005742652943113492,2224.428162816122
1728912120,0.0005477392194774992,0.0005963157252296122,0.0005453968253938218,0.0005549625220153198,5248.347590079069
1728912060,0.0005534900913866357,0.0005631634605992357,0.0005431989387025516,0.0005477392194774992,3866.0973725914746
1728912000,0.0005069895730154638,0.0005545537796665001,0.0005069895730154638,0.0005534900913866357,3554.725422159106
1728911940,0.0005131602628827102,0.0005255345374121625,0.0005069895730154638,0.0005069895730154638,1717.0811362997945
1728911880,0.0005129449736099584,0.0005307692522840929,0.0005012152352963792,0.0005131602628827102,3451.711667887807
1728911820,0.0005037526107198163,0.0005273424292730864,0.0005030023030347561,0.0005129449736099584,2796.662077303872
1728911760,0.0004932198806826325,0.0005109402558443923,0.0004893441323104539,0.0005037526107198163,2567.0831159923687
1728911700,0.0005145754018836663,0.0005310707485717715,0.0004918388430101407,0.0004932198806826325,4693.01379805778
1728911640,0.0006353915477174025,0.0006353915477174025,0.0005026961466724826,0.0005145754018836663,2452.2970374079705
1728911580,0.0004850456543153375,0.0006353915477174025,0.0004802376174292681,0.0006353915477174025,18059.807452690075
1728911520,0.0005343838329782962,0.0005343838329782962,0.0004850456543153375,0.0004850456543153375,3493.1285297131994
1728911460,0.0005434790443892347,0.0005765463584994009,0.00048760498906518423,0.0005343838329782962,10599.757059317673
1728911400,0.0005368996078289406,0.0005540681464430581,0.0005153706094623545,0.0005434790443892347,5024.619267305639
1728911340,0.0005392457216658136,0.0005479442870687488,0.0005368996078289406,0.0005368996078289406,2154.960984855265
1728911280,0.0005331839169191761,0.0006030513855329518,0.0005312061986336013,0.0005392457216658136,6849.850026818841
1728911220,0.0004965323325486722,0.0005331839169191761,0.0004965323325486722,0.0005331839169191761,3376.630948797593
1728911160,0.000490498137595187,0.0005217339740158037,0.0004890019190668572,0.0004965323325486722,7740.523361753262
1728911100,0.00047387571430538704,0.000490498137595187,0.00047164711539253966,0.000490498137595187,1257.188047787926
1728911040,0.00045794507574068073,0.0004937182123087667,0.00045794507574068073,0.00047387571430538704,4668.900413470146
1728910980,0.00048542133805155136,0.0004957349919999644,0.00044705170768503743,0.00045794507574068073,10532.257474426891
1728910920,0.0003896858710597141,0.00048542133805155136,0.0003822364606818206,0.00048542133805155136,15232.968941270123
1728910860,0.0004149308808484531,0.00041907426005415775,0.0003896858710597141,0.0003896858710597141,3511.335864279348
1728910800,0.00040335452391384663,0.0004255416833009806,0.00040335452391384663,0.0004149308808484531,2360.5464207411837
1728910740,0.0004424189965653991,0.0004487645141531513,0.0003833089299940879,0.00040335452391384663,8207.264244792561
1728910680,0.0004675929015237911,0.0004694123437194959,0.0004390594851830773,0.0004424189965653991,4679.23533152561
1728910620,0.0004592468563630171,0.0004887117368384378,0.00045480085212863664,0.0004675929015237911,3134.4235766853403
1728910560,0.0004632283874381618,0.0004687240481494157,0.0004592468563630171,0.0004592468563630171,904.6782181272771
1728910500,0.00045413152083318087,0.0004702583893669412,0.0004516649950188981,0.0004632283874381618,2445.7134668218346
1728910440,0.00046819982868480506,0.00048210881264472145,0.0004519681992894165,0.00045413152083318087,3755.0365319379907
1728910380,0.000497261405104719,0.0004997938239769503,0.00045430468275312844,0.00046819982868480506,4584.162565678831
1728910320,0.0004788661919540684,0.000497261405104719,0.0004788661919540684,0.000497261405104719,2452.368370272427
1728910260,0.0004749440155860774,0.0005087892628202139,0.00047294343050105714,0.0004788661919540684,5980.005294365775
1728910200,0.00047175755232333627,0.000481928797719805,0.0004678745519214211,0.0004749440155860774,1458.7223330621748
1728910140,0.000495451580876367,0.0005011636379303398,0.0004649587637057034,0.00047175755232333627,3385.5077048199673
1728910080,0.0005012683549610601,0.0005071767258659928,0.0004765305786527653,0.000495451580876367,3069.5346318572942
1728910020,0.0005196045943142593,0.0005196045943142593,0.0004769589083214196,0.0005012683549610601,3525.732121029501
1728909960,0.0005143780903963599,0.0005239713369127335,0.00047273095848055115,0.0005196045943142593,4801.36847794473
1728909900,0.0005052498857651339,0.0005496155246765535,0.0004948150667207486,0.0005143780903963599,6351.028785950735
1728909840,0.0004743736581317589,0.0006333765329589126,0.0004743736581317589,0.0005052498857651339,14946.395246336942
1728909780,0.0005117377540613667,0.0005117377540613667,0.00047301730017297556,0.0004743736581317589,4652.721470252524
1728909720,0.0005146945631358717,0.0005288554496407394,0.000504619868225334,0.0005117377540613667,4098.863120420902
1728909660,0.0005003790592298046,0.0005473728023786432,0.0004980249380504471,0.0005146945631358717,5216.990131086414
1728909600,0.0004860824369155235,0.000517644640205395,0.0004828696763316213,0.0005003790592298046,3514.460512421161
1728909540,0.0005129535082072011,0.0005432563338475741,0.00047862791331849524,0.0004860824369155235,6868.760703290705
1728909480,0.0004656387189478704,0.0005129535082072011,0.0004562894992254447,0.0005129535082072011,4372.029500251183
1728909420,0.0004664207274606524,0.0004664207274606524,0.0004563128640393833,0.0004656387189478704,842.4088686379903
1728909360,0.0004570779384290811,0.00047562492067778185,0.00044241608184089035,0.0004664207274606524,3528.9482176093434
1728909300,0.0004847236593989302,0.0004866849332738176,0.00044243808016813035,0.0004570779384290811,2626.185600230556
1728909240,0.000509530292463299,0.0005103323996978638,0.00047128544058767176,0.0004847236593989302,2117.1278441504887
1728909180,0.0004948653943160297,0.0005353571273683452,0.0004895567861346286,0.000509530292463299,5319.68555060319
1728909120,0.0004574986773949927,0.0005018422237449006,0.0004574986773949927,0.0004948653943160297,3142.2830864357516
1728909060,0.00044491969412183076,0.00046858753117176745,0.0004428200382078975,0.0004574986773949927,2256.5781123214424
1728909000,0.0004296022000239549,0.00044863800550412765,0.00041458330606387634,0.00044491969412183076,2607.2853047023336
1728908940,0.0004333192922146991,0.00044182198058880147,0.00042605071647192826,0.0004296022000239549,2400.0822210213437
1728908880,0.00043250411542677627,0.0004404437681081934,0.00042463554358014653,0.0004333192922146991,2048.428780032398
1728908820,0.00048550766001311137,0.00048815516710359506,0.0004315233509737527,0.00043250411542677627,3003.312586946563
1728908760,0.0004760039507620882,0.0004908064888101112,0.0004736107794846631,0.00048550766001311137,2086.14464650684
1728908700,0.00048392393760100056,0.00048392393760100056,0.00047405601056017214,0.0004760039507620882,1371.33948862066
1728908640,0.0004908183108435559,0.0004953205225843924,0.0004680445487424316,0.00048392393760100056,4562.770052191597
1728908580,0.0004780460418010036,0.0004980718121809035,0.00047348513982045453,0.0004908183108435559,1848.5013037621843
1728908520,0.00046758321581442263,0.00048497819354815553,0.00046581005092776536,0.0004780460418010036,2714.7721726792583
1728908460,0.00046590275688476203,0.0005818165257705451,0.0004159542626197985,0.00046758321581442263,17930.83619945851
1728908400,0.00048277985482157916,0.0005808300258698704,0.00042946140226363713,0.00046590275688476203,17574.593290769368
1728908340,0.0004977810111826559,0.0004977810111826559,0.00047369502127769553,0.00048277985482157916,1626.3174895909372
1728908280,0.00047132468212994526,0.00050790597955013,0.00047132468212994526,0.0004977810111826559,4601.4371633040555
1728908220,0.0004959783183929108,0.0005432935933225189,0.00047132468212994526,0.00047132468212994526,8648.46186329555
1728908160,0.000466017202259872,0.0005131974034576996,0.000466017202259872,0.0004959783183929108,5821.114212923887
1728908100,0.00044250092729686594,0.000584554038795158,0.00044250092729686594,0.000466017202259872,12982.849945057009
1728908040,0.0004622670637650348,0.0004627531592378094,0.00042865031392229743,0.00044250092729686594,3600.5542684030725
1728907980,0.0004579341539488933,0.00048563948824477675,0.0004555837301012929,0.0004622670637650348,3898.9280205160408
1728907920,0.00043499870322652494,0.00047904295199034907,0.00043489817930796905,0.0004579341539488933,5461.159135792008
1728907860,0.0004372909263873107,0.0004449687290654058,0.00042884149011065243,0.00043499870322652494,1860.08435257708
1728907800,0.00039812478252448507,0.00043781484785072075,0.00039812478252448507,0.0004372909263873107,3564.3254804631224
1728907740,0.00044382263451050243,0.00045017364491499256,0.00038711578787024197,0.00039812478252448507,7465.138761351565
1728907680,0.0004244639902298362,0.00046811046043380696,0.0004244639902298362,0.00044382263451050243,4951.044446456936
1728907620,0.00041290320808399096,0.0004358637524963715,0.0004021563557666716,0.0004244639902298362,4548.563285446091
1728907560,0.0003881279357892501,0.0004954901603746589,0.0003862516362694917,0.00041290320808399096,11639.467794965854
1728907500,0.00040617179388233523,0.0004528471168956867,0.00038782091276268557,0.0003881279357892501,6355.460936944885
1728907440,0.00040234475196372713,0.00040999702927365457,0.0003957216844255671,0.00040617179388233523,1583.6769554772382
1728907380,0.00040304006416515975,0.0004157725803348115,0.00039258270368440723,0.00040234475196372713,2832.527789455705
1728907320,0.00040548489532206373,0.0004173463526503566,0.0004024718874124149,0.00040304006416515975,2260.950899935964
1728907260,0.0003786257783215212,0.00040742864854332374,0.0003786257783215212,0.00040548489532206373,2818.1856797173405
1728907200,0.000407385036614558,0.0004120562774305606,0.00037852338731905126,0.0003786257783215212,3466.10173247196
1728907140,0.00040152961861257097,0.000414778033810277,0.0003966867801573481,0.000407385036614558,1753.65691234189
1728907080,0.0003733684516243211,0.0004019559190355838,0.0003727068273193103,0.00040152961861257097,2524.5022309246096
1728907020,0.0003745591045789964,0.00038397721099939095,0.0003733684516243211,0.0003733684516243211,1358.7130099106037
1728906960,0.00037518897385483183,0.00038090230248563015,0.0003596641507872797,0.0003745591045789964,3047.8002196386005
1728906900,0.00037531099066830353,0.00038062667611246675,0.0003434232782164141,0.00037518897385483183,4649.687198973093
1728906840,0.0003888558113455199,0.0003985258198375225,0.0003683431047842447,0.00037531099066830353,4973.247686210467
1728906780,0.00041216170618685343,0.0004134754048867364,0.0003755805797215834,0.0003888558113455199,4134.086504300558
1728906720,0.00042032493224299067,0.0004335653566834326,0.0004112177286752577,0.00041216170618685343,2383.2237538799973
1728906660,0.0004261443826953241,0.0004348778442916873,0.00041875891919131153,0.00042032493224299067,2429.9256058049796
1728906600,0.0004111915432463591,0.0004334933501192701,0.0003980332867470348,0.0004261443826953241,5345.627616182008
1728906540,0.00043539835351014334,0.00043539835351014334,0.0004027152087180618,0.0004111915432463591,2315.748000106065
1728906480,0.00039047477453877565,0.0004365876540794089,0.00039047477453877565,0.00043539835351014334,4055.605026228644
1728906420,0.000375750508799251,0.00039410701814115463,0.00036669132311808946,0.00039047477453877565,3071.833780638382
1728906360,0.0003900602907058232,0.0003902771592373336,0.000375750508799251,0.000375750508799251,2822.219613109291
1728906300,0.0004008619645495926,0.00040305518094461355,0.00035587564648450164,0.0003900602907058232,6418.690750076719
1728906240,0.0004166176553490771,0.00046191869386051783,0.0003925635791376697,0.0004008619645495926,8092.8730860760115
1728906180,0.00043966048350514345,0.0004397315761966583,0.0004075627101745577,0.0004166176553490771,5761.951443994285
1728906120,0.00043332998470321647,0.00045237444690997676,0.00040632378365810596,0.00043966048350514345,9604.062971819318
1728906060,0.000421549169918109,0.0005690615206081912,0.0004133917884907029,0.00043332998470321647,15145.303281542832
1728906000,0.00044042407804850524,0.00044687024189406823,0.0004115044027163113,0.000421549169918109,7082.47760189821
1728905940,0.000426805456877078,0.0004648222698306132,0.0004059747626478642,0.00044042407804850524,10475.683814638036
1728905880,0.0003386359148380894,0.00043783305448619875,0.0003386359148380894,0.000426805456877078,8413.864295232652
1728905820,0.0003663697079888716,0.0003984423971686058,0.0003282098542819369,0.0003386359148380894,8395.469878585602
1728905760,0.00039194740348257197,0.000393170960176718,0.0003660013887032315,0.0003663697079888716,3406.945640043267
1728905700,0.00042993466155893397,0.00042993466155893397,0.00039163895414843337,0.00039194740348257197,4874.306839736176
1728905640,0.00042229216489519163,0.0004329587874129123,0.00039615428289629955,0.00042993466155893397,4922.339817270697
1728905580,0.0004464390241382769,0.0004576454358426967,0.00042056756867588346,0.00042229216489519163,5641.402363175384
1728905520,0.00043286608654494375,0.0004818239158184596,0.00041362222395910955,0.0004464390241382769,7992.354970100822
1728905460,0.0004098207702556627,0.00043286608654494375,0.0004070527131205773,0.00043286608654494375,2681.7235446003265
1728905400,0.0004128194228814164,0.00048287956939459,0.0003931528320268981,0.0004098207702556627,19475.58891785752
1728905340,0.00037195697789152085,0.00041656973337128405,0.00036333107095689004,0.0004128194228814164,7562.1383100920875
1728905280,0.0003598130445706294,0.0004161374239196149,0.000351240983878775,0.00037195697789152085,12608.243577337335
1728905220,0.0002979697350426278,0.0003598130445706294,0.00029494547077078484,0.0003598130445706294,4080.4683990001945
1728905160,0.0003063720053935867,0.000306714566956089,0.0002955756658269225,0.0002979697350426278,1679.2660564008725
1728905100,0.000306157651290284,0.0003123416785231598,0.0003006439184512805,0.0003063720053935867,1244.724590226764
1728905040,0.00031388308904792934,0.0003143081365332181,0.000306157651290284,0.000306157651290284,580.5845532835409
1728904980,0.0003199692117458258,0.00032037289877865326,0.0003128619109525175,0.00031388308904792934,397.61571596002085
1728904920,0.00030444406591947687,0.0003228449517006147,0.0003035243530567404,0.0003199692117458258,2538.2002794828286
1728904860,0.00031637788765390867,0.00031778176965153467,0.0002945549142337787,0.00030444406591947687,2523.093049786564
1728904800,0.0003324466067644481,0.0003343767762907624,0.00029618061165386314,0.00031637788765390867,5264.371470251564
1728904740,0.00034196802091994276,0.0004451343825435625,0.0003315897989059443,0.0003324466067644481,10598.836533411715
1728904680,0.00034497861074701667,0.0003481789357418132,0.00033791761569537486,0.00034196802091994276,1128.847507659426
1728904620,0.0003306739999007552,0.0003453063516637048,0.00032782460628414967,0.00034497861074701667,2661.2732506142547
1728904560,0.00033991708172859716,0.0003487715689316695,0.0003306739999007552,0.0003306739999007552,2898.5814969785883
1728904500,0.00031667279483312786,0.00034028803295741344,0.00031506534564178414,0.00033991708172859716,1790.4337607575758
1728904440,0.00030486236814973355,0.0003313550218120664,0.0002975094905772835,0.00031667279483312786,4527.3626836997655
1728904380,0.0003309872565967055,0.0003334443263243974,0.0002990298600036583,0.00030486236814973355,6349.655473139059
1728904320,0.00033873048811887483,0.0003444938217779017,0.0003201345569546986,0.0003309872565967055,3528.033493155558
1728904260,0.0003200424088535304,0.00033873048811887483,0.0002818977104050146,0.00033873048811887483,5656.921565233498
1728904200,0.00031819450445844225,0.00033989407070459965,0.0003082955825329564,0.0003200424088535304,4072.392552970378
1728904140,0.00033000659513059784,0.00034046574379986976,0.00031626201735238476,0.00031819450445844225,2603.8657705553946
1728904080,0.0003377943704433199,0.0003402158402112378,0.0003244870795004144,0.00033000659513059784,2193.64309042748
1728904020,0.0003192268255572296,0.0003385676923495095,0.00030464842994458495,0.0003377943704433199,4683.70850471694
1728903960,0.0003474198772842865,0.0003576158569304782,0.00031858561869762576,0.0003192268255572296,3600.3507535687245
1728903900,0.00033531067877630086,0.0003480471331805283,0.00033531067877630086,0.0003474198772842865,1787.935873641721
1728903840,0.00032382481119801356,0.0003454794989870681,0.00031644530586817865,0.00033531067877630086,5898.320520826992
1728903780,0.00034585484368095343,0.0003491821066963736,0.0003213586765206997,0.00032382481119801356,5424.905506326866
1728903720,0.000344271237138341,0.0003487285973170955,0.0002749148098319608,0.00034585484368095343,12152.924495005176
1728903660,0.0003216885625517354,0.0003948637411615394,0.00030461558350218407,0.000344271237138341,11404.50085314867
1728903600,0.0003011239703138554,0.0003216885625517354,0.0002903596733406342,0.0003216885625517354,5787.984871916006
1728903540,0.0002950415120411584,0.0003011239703138554,0.0002792941433538626,0.0003011239703138554,4767.546178037068
1728903480,0.0002877095980454976,0.00034849257153092995,0.00026288910081528807,0.0002950415120411584,15036.559134039027
1728903420,0.0002924502380714725,0.00029651041189539696,0.0002686560478947782,0.0002877095980454976,7413.917938384216
1728903360,0.0002251995886834793,0.00030361539504232554,0.0002251995886834793,0.0002924502380714725,14014.94957688979
1728903300,0.00023289036947237617,0.00023289036947237617,0.00022388486337212153,0.0002251995886834793,939.91179487344
1728903240,0.00024151123304894253,0.00024151123304894253,0.00022770423855795368,0.00023289036947237617,1929.2485466920036
1728903180,0.000244810253417542,0.00024524396266422776,0.00024151123304894253,0.00024151123304894253,330.57025547119923
1728903120,0.00025968207123978107,0.00026151004426824386,0.000244810253417542,0.000244810253417542,1874.5786126458377
1728903060,0.0002512162242535203,0.00026238774270476335,0.0002496136716739965,0.00025968207123978107,1187.250948717928
1728903000,0.000264608085250993,0.000264608085250993,0.0002512162242535203,0.0002512162242535203,2022.2549515458359
1728902940,0.00024261202533614913,0.0002749223550728906,0.00024261202533614913,0.000264608085250993,3519.6070748634943
1728902880,0.0002663488838213781,0.0002663488838213781,0.00023259222084700144,0.00024261202533614913,2941.0201401575687
1728902820,0.00024422516943055665,0.0002694541851452539,0.00024316184564027914,0.0002663488838213781,4131.174774942233
1728902760,0.0002469355140083957,0.00025343630847330994,0.0002377079788809789,0.00024422516943055665,4118.456865299023
1728902700,0.00025053218187431225,0.00025215259874463645,0.00022143867847238308,0.0002469355140083957,6575.833853800927
1728902640,0.0002409763467507791,0.00025283935611402855,0.0002307261258716467,0.00025053218187431225,2517.7686064371705
1728902580,0.00023728171015415395,0.0002462580820382565,0.00023106474308655456,0.0002409763467507791,1830.6290484757603
1728902520,0.00023446126148834713,0.00024316310079357896,0.00023389081812126794,0.00023728171015415395,2323.2288760415217
1728902460,0.0002342953286923253,0.0002453284345279979,0.0002330205128852757,0.00023446126148834713,2215.3668138757685
1728902400,0.00022007098449592068,0.00024833632029213357,0.00021788456084768587,0.0002342953286923253,4293.380745990314
1728902340,0.0002188259731649247,0.00022007098449592068,0.0002188259731649247,0.00022007098449592068,180.38591374867656
1728902280,0.00022900014524577462,0.00022900014524577462,0.000217190005748323,0.0002188259731649247,1152.1691285695642
1728902220,0.00021108679760913312,0.00023968397625959026,0.00021108679760913312,0.00022900014524577462,4505.350818811205
1728902160,0.0002026667578479322,0.00021108679760913312,0.0002026667578479322,0.00021108679760913312,589.0877540627395
1728902100,0.00020468041124331455,0.00020468041124331455,0.00020129192892168388,0.0002026667578479322,405.4301839757834
1728902040,0.00020205424692515804,0.00020728173709904876,0.00020086470929364382,0.00020468041124331455,1156.6352392302604
1728901980,0.0002015125545428166,0.00020999519885472979,0.00020091610161903465,0.00020205424692515804,2108.9920600018722
1728901920,0.0001985001155550417,0.00020255724223193014,0.00019758511132980905,0.0002015125545428166,435.1835741549191
1728901860,0.00020131177877738522,0.00021256642628911007,0.00018968011726873515,0.0001985001155550417,3694.920064871178
1728901800,0.00018147651942043743,0.00020556487519137696,0.00018147651942043743,0.00020131177877738522,4205.794559675344
1728901740,0.00017545614898319692,0.00018147651942043743,0.00017319161151530088,0.00018147651942043743,879.5184878964201
1728901680,0.00016258272453720653,0.00017545614898319692,0.00016130519508107802,0.00017545614898319692,1061.9745927345582
1728901620,0.00016455364121080755,0.00018204560049886202,0.00016147147307278938,0.00016258272453720653,2840.040182669184
1728901560,0.00015107961299554938,0.00016735838913691957,0.00015083425764222814,0.00016455364121080755,1577.0558013842901
1728901500,0.00015331680482015412,0.00015331680482015412,0.00015107961299554938,0.00015107961299554938,309.0695854835125
1728901440,0.0001583641814732881,0.00015995436519629808,0.00015295714918908034,0.00015331680482015412,654.277577161441
1728901380,0.00016084571116549965,0.00016084571116549965,0.00015612518783503484,0.0001583641814732881,886.2063347609214
1728901320,0.00017346592352825702,0.00017346592352825702,0.00016084571116549965,0.00016084571116549965,1273.7450395600629
1728901260,0.00018084563003941968,0.00018097156825291723,0.00017307492238346982,0.00017346592352825702,1626.5848605493964
1728901200,0.00018109149236692106,0.0001918213152830249,0.00017854873281152644,0.00018084563003941968,2302.2905896694588
1728901140,0.0001715648677517417,0.0001814574360190038,0.0001710163039101398,0.00018109149236692106,754.8604668154517
1728901080,0.00016960140667050642,0.00017200566811402285,0.00016835044527659362,0.0001715648677517417,397.8325474339266
1728901020,0.000166346954481538,0.0001697172163507923,0.00016359238311854427,0.00016960140667050642,948.2118101604145
1728900960,0.00016451125622995826,0.00016649660957202003,0.00016086407426384611,0.000166346954481538,1381.0891624637277
1728900900,0.00017003268481335078,0.00017015948870771183,0.00016391159345990924,0.00016451125622995826,788.883411536655
1728900840,0.00017241773724230904,0.0001880725040700476,0.00016949832274931777,0.00017003268481335078,2639.933737976924
1728900780,0.00016905682215751782,0.00017368361126846827,0.00016832630757628023,0.00017241773724230904,336.24994786631464
1728900720,0.00017885478760212164,0.00017885478760212164,0.00015833308992035708,0.00016905682215751782,2494.307010627822
1728900660,0.00020417542822922106,0.00020417542822922106,0.00017022943971297964,0.00017885478760212164,4295.241469023426
1728900600,0.0001963310689497107,0.00020417542822922106,0.0001957967569683211,0.00020417542822922106,756.4714249950745
1728900540,0.0001975951962529667,0.00019784816765264305,0.0001963310689497107,0.0001963310689497107,67.23120805060921
1728900480,0.00019781779225268195,0.0001992987352536221,0.0001938969466784078,0.0001975951962529667,830.0954576022096
1728900420,0.0002004325516728233,0.00020079265194364497,0.00019781779225268195,0.00019781779225268195,173.7399159080865
1728900360,0.00019134793065597573,0.00020210440909427879,0.00019134793065597573,0.0002004325516728233,948.6519992483459
1728900300,0.00017986123817861693,0.00019406665323467372,0.00017938269139960463,0.00019134793065597573,2485.536832795005
1728900240,0.00019039100713462713,0.00019053690441605224,0.00017929698675380381,0.00017986123817861693,859.9906847508292
1728900180,0.0001874469683997393,0.00019255686404101677,0.00018630189910430285,0.00019039100713462713,747.6815784131585
1728900120,0.00018995624842944273,0.00019013000324418974,0.0001874469683997393,0.0001874469683997393,336.7395585606308
1728900060,0.00020305620762202115,0.00020321939038636406,0.00018668214709428976,0.00018995624842944273,1876.5589658839435
1728900000,0.00021886537858607598,0.00021886537858607598,0.00020217363389915573,0.00020305620762202115,1193.7460579824076
1728899940,0.0002154513706685159,0.00027967861936658493,0.00021214625230594935,0.00021886537858607598,9553.319194525417
1728899880,0.00021756243103757296,0.00022278993011728694,0.0002132865064282804,0.0002154513706685159,1197.5968978580738
1728899820,0.0002321229076039386,0.00024971412484169384,0.00021467887692492714,0.00021756243103757296,6555.28719305597
1728899760,0.00022732463540974603,0.00025344432513537226,0.00020748864162560088,0.0002321229076039386,5117.523284448738
1728899700,0.00015632684387559804,0.00023401508368929054,0.00015577013340485504,0.00022732463540974603,14489.696698671481
1728899640,0.00015805444690350753,0.0001697161832360972,0.00014963685079254045,0.00015632684387559804,3257.4465562743085
1728899580,0.0002058984395131752,0.0002058984395131752,0.00015631384371058715,0.00015805444690350753,3934.9198715516877
1728899520,0.0002064230765059542,0.00021027275919182194,0.0002058984395131752,0.0002058984395131752,591.0341207913552
1728899460,0.00021830027555614075,0.00021830027555614075,0.00019717879216436023,0.0002064230765059542,2917.1932823945463
1728899400,0.0002199561918794949,0.0002201902513190661,0.0002167391130285354,0.00021830027555614075,697.3848579175736
1728899340,0.00018250922650605339,0.0002422577778172334,0.00018185710139835264,0.0002199561918794949,4775.947711462724
1728899280,0.00017779388581195169,0.00018326922060982577,0.00017484133291738047,0.00018250922650605339,866.4227560842088
1728899220,0.00016068556593633882,0.00017779388581195169,0.00016006547602715103,0.00017779388581195169,1389.8177743849358
1728899160,0.0001651725297185627,0.00017464519210763855,0.00015228003873040265,0.00016068556593633882,4574.957922249346
1728899100,0.00017713693070743088,0.00021533355209890192,0.000163806047028966,0.0001651725297185627,7906.555742739463
1728899040,0.00017682210018140672,0.0001857874878827348,0.00017316580295325434,0.00017713693070743088,2498.6721501661996
1728898980,0.00018487327481590414,0.00018642595286934538,0.00017682210018140672,0.00017682210018140672,772.2403891991195
1728898920,0.00018211835054711176,0.00018593297204060698,0.000181541894502985,0.00018487327481590414,412.7018776061881
1728898860,0.00018424155810357141,0.00018756664567679714,0.00017757850540206274,0.00018211835054711176,3542.5552669315994
1728898800,0.0001813114349865539,0.00023474105622691576,0.0001803409701802654,0.00018424155810357141,7133.745187223153
1728898740,0.0001945365312425264,0.0001960877996878919,0.000181220812927806,0.0001813114349865539,1649.0431999634006
1728898680,0.00019802476182696605,0.00020178215508461227,0.00017994542391249816,0.0001945365312425264,2807.7156083135474
1728898620,0.00021808362241324187,0.00021808362241324187,0.00019177615942871256,0.00019802476182696605,4039.1984137301447
1728898560,0.000218010699736737,0.00023595810118937096,0.0002034005866265266,0.00021808362241324187,5990.991493544547
1728898500,0.00020932285971050156,0.00021942843388810418,0.00020701510935426065,0.000218010699736737,1120.0034413028834
1728898440,0.0001878277808298945,0.00020932285971050156,0.0001878277808298945,0.00020932285971050156,1517.4457397997653
1728898380,0.00018188707131085042,0.00018826121840976942,0.00017928151040252723,0.0001878277808298945,1564.867461481919
1728898320,0.00019243153364136042,0.00019300265840344202,0.00017526514831147941,0.00018188707131085042,3402.615212597214
1728898260,0.00018137847550958356,0.00022417664183344273,0.0001804909357118981,0.00019243153364136042,6614.331136773873
1728898200,0.0001756724323753198,0.00020438004013235593,0.00017136018731772038,0.00018137847550958356,7560.423021817361
1728898140,0.00020694853623685316,0.0002608927255327263,0.00016957657660142687,0.0001756724323753198,24186.10446507379
1728898080,0.0002593343825726571,0.0002593343825726571,0.00020558568861893094,0.00020694853623685316,9663.528187498585
1728898020,0.00026574998400544453,0.00026801452695908993,0.000256836432994019,0.0002593343825726571,1750.0140760193906
1728897960,0.00028150205376036014,0.00028150205376036014,0.0002651228112892134,0.00026574998400544453,1350.5726869114924
1728897900,0.000281250974366583,0.0002827501327609625,0.00027883381619690724,0.00028150205376036014,712.5320930805343
1728897840,0.0002780825716209808,0.0002876610899942749,0.00027793017935067,0.000281250974366583,1572.04609511533
1728897780,0.00031274112255632566,0.00031274112255632566,0.00027171755833588923,0.0002780825716209808,2979.309289821628
1728897720,0.00028858956259279755,0.00032046145780427514,0.00028344519634456523,0.00031274112255632566,3007.874825981276
1728897660,0.0002692626037687325,0.00028858956259279755,0.0002688246827784124,0.00028858956259279755,1666.302003253611
1728897600,0.000258334689894538,0.0002692626037687325,0.0002533109186339155,0.0002692626037687325,1690.9905466826242
1728897540,0.0002783269754290282,0.0002783269754290282,0.0002576810656740648,0.000258334689894538,1457.4942413868516
1728897480,0.0002852127736098791,0.00028693469961410577,0.0002783269754290282,0.0002783269754290282,697.7343190384786
1728897420,0.00028366006899652646,0.00029213946968606984,0.00026891894662171584,0.0002852127736098791,3830.3003429148666
1728897360,0.00025681660949878325,0.00028779889786889953,0.00025681660949878325,0.00028366006899652646,5122.325723918944
1728897300,0.00028908248671875115,0.00029078976067093283,0.0002388241358240257,0.00025681660949878325,5911.99105243111
1728897240,0.0002942106073445878,0.0002954183277913304,0.00028576120806720045,0.00028908248671875115,1681.200845104112
1728897180,0.0002802367173482598,0.00034633803549719586,0.0002802367173482598,0.0002942106073445878,6624.3092253179775
1728897120,0.00029435241552685804,0.0002953030960736547,0.0002760703794070518,0.0002802367173482598,1989.5222163007309
1728897060,0.0003172041456411343,0.0003201284501078241,0.00029435241552685804,0.00029435241552685804,2367.103858580038
1728897000,0.00028844177311778714,0.0003172041456411343,0.00028844177311778714,0.0003172041456411343,3652.2463848574957
1728896940,0.00028091870990653884,0.00028844177311778714,0.00026856403836052835,0.00028844177311778714,2419.813439793487
1728896880,0.00028858756634035204,0.00029682722565169237,0.0002766990765731873,0.00028091870990653884,2509.514019581738
1728896820,0.0002691189582236056,0.00028858756634035204,0.00026761596668091925,0.00028858756634035204,1395.1704967325527
1728896760,0.00027727035783589566,0.0002827196301107145,0.00026052060079792116,0.0002691189582236056,2885.717835653099
1728896700,0.00027926768137551063,0.0002869943830953537,0.00027392251455922597,0.00027727035783589566,2670.8494794106
1728896640,0.00030603455170358,0.0003092615859320201,0.0002747202876073702,0.00027926768137551063,6224.392417032084
1728896580,0.0002763023915441115,0.0003165491718097631,0.00026530497350924273,0.00030603455170358,6316.368138904097
1728896520,0.0002529781059885293,0.0002936876020649639,0.00021564333140526934,0.0002763023915441115,22358.13442340185
1728896460,0.00027703801069923627,0.00030902074702026956,0.00022087967975452014,0.0002529781059885293,13701.213997620449
1728896400,0.00023290957259218181,0.00031760081587063984,0.00023290957259218181,0.00027703801069923627,11871.942475266538
1728896340,0.0002233324441769242,0.00023290957259218181,0.0002233324441769242,0.00023290957259218181,900.0651040991689
1728896280,0.00021257769714763496,0.00022910755773266443,0.00021257769714763496,0.0002233324441769242,2652.3917320802084
1728896220,0.00021124780694214222,0.00021723743646600796,0.00020603586512536677,0.00021257769714763496,1706.8539210218503
1728896160,0.00022830781480160812,0.00022997815175626731,0.0001870564841750087,0.00021124780694214222,5117.012189107889
1728896100,0.00023470321542752842,0.0002827404800578969,0.00022456267134839922,0.00022830781480160812,8696.732378607145
1728896040,0.00022387766994036524,0.00023488052993121406,0.00022294024119948237,0.00023470321542752842,1755.693201325054
1728895980,0.00024651147722883705,0.00024695875799823956,0.00021813368902762916,0.00022387766994036524,4514.2316736072735
1728895920,0.000285392020101509,0.0002875294448839454,0.00021650258052444759,0.00024651147722883705,18286.312657596754
1728895860,0.00027483799571950674,0.00028959574263843097,0.00024375334629600512,0.000285392020101509,6082.0604158372125
1728895800,0.00025028862972736014,0.00030186417773417216,0.0002473446037253329,0.00027483799571950674,9392.05291002984
1728895740,0.000232464752129354,0.00029886095578004503,0.00022746939987624128,0.00025028862972736014,11009.518807166103
1728895680,0.0001880225005088405,0.00025071750426911357,0.0001880225005088405,0.000232464752129354,6968.557133801466
1728895620,0.0002166910832933004,0.00021694463362547037,0.00017877702109725106,0.0001880225005088405,8216.092156893346
1728895560,0.00021867816145524884,0.00022972037935191052,0.00021056882559216417,0.0002166910832933004,8233.121512259078
1728895500,0.00022289662730656836,0.0002764999915716713,0.00021629964013664357,0.00021867816145524884,11181.86182856725
1728895440,0.0002625487616981029,0.0002657627566916255,0.0002079896969951943,0.00022289662730656836,20251.665283287333
1728895380,0.00020636184486221403,0.0002625487616981029,0.00018730107722727708,0.0002625487616981029,28670.448001552057
1728895320,0.00013050801245572522,0.00023561689761052713,0.00012380275598892536,0.00020636184486221403,15275.483582836245
1728895260,0.00013964833234786234,0.00014825387031322583,0.0001236855175293951,0.00013050801245572522,4612.122843184816
1728895200,0.00012594828832576172,0.00013964833234786234,0.00012264535823628227,0.00013964833234786234,2786.226068644615
1728895140,0.00013362263765094744,0.00013465333539232528,0.00012594828832576172,0.00012594828832576172,2094.0142358951603
1728895080,0.00014637604902779672,0.00014767777781952312,0.00013320527605052877,0.00013362263765094744,3626.339543900037
1728895020,0.00011411205823486982,0.00014943627088604466,0.00011411205823486982,0.00014637604902779672,4819.849469339227
1728894960,0.00013344977807171703,0.00013597519155335945,0.00010074088010281971,0.00011411205823486982,13221.371423727225
1728894900,0.0001710876053061405,0.0001713371418222664,0.00012716834366391749,0.00013344977807171703,7049.521805380159
1728894840,0.0001899236958527065,0.00019246211054177494,0.0001675419441140857,0.0001710876053061405,2185.922922415216
1728894780,0.00017467544755571732,0.0001899236958527065,0.00017326620429725895,0.0001899236958527065,1544.8851334177562
1728894720,0.0001725167723444973,0.00017899312261059733,0.00016763402411476756,0.00017467544755571732,3989.9216148120986
1728894660,0.00019386361838715223,0.00019386361838715223,0.00015616228846274273,0.0001725167723444973,8496.69455544158
1728894600,0.0001863953064969161,0.00019899063177614563,0.00018446245283100035,0.00019386361838715223,3245.429381410049
1728894540,0.00020077129160088738,0.00021408390114910337,0.0001863953064969161,0.0001863953064969161,7578.4404738321855
1728894480,0.00023688224172625628,0.00023688224172625628,0.00019886605463800169,0.00020077129160088738,2456.81595160767
1728894420,0.00025864965553067126,0.00025864965553067126,0.0002183559904165649,0.00023688224172625628,6119.761265131988
1728894360,0.00022086856243595993,0.00026003784668226354,0.0001984636270111847,0.00025864965553067126,9998.149523514396
1728894300,0.00023931838567418893,0.0002479934268060246,0.00021571424550611082,0.00022086856243595993,6850.69067582296
1728894240,0.00021768638175363963,0.00024205515795019798,0.00021254428478703353,0.00023931838567418893,5545.025528217899
1728894180,0.00020891377289125403,0.00022985085455149711,0.00019025444956973623,0.00021768638175363963,10409.929858696249
1728894120,0.0002484604522003832,0.000254563340441981,0.00020891377289125403,0.00020891377289125403,7640.102246515569
1728894060,0.0002262658423827501,0.0002659752439106539,0.0002238227774486716,0.0002484604522003832,11154.256810216652
1728894000,0.00020339412127826794,0.0002387823666412928,0.0002028417766929713,0.0002262658423827501,14041.980473130285
1728893940,0.00017921328867452496,0.0002134349515332661,0.00017909799122296807,0.00020339412127826794,10267.353690210904
1728893880,0.0002106669738712286,0.0002106669738712286,0.00016643963888374397,0.00017921328867452496,8889.737349841882
1728893820,0.00021607793889059186,0.0002362254482935352,0.00020160491665194803,0.0002106669738712286,13158.166088962413
1728893760,0.00018158489649901797,0.00024391874165003515,0.00017901734050698704,0.00021607793889059186,25460.786375236436
1728893700,0.00015912088025599254,0.00018158489649901797,0.00015345683504660495,0.00018158489649901797,9199.88266621143
1728893640,0.00013796974055060065,0.00016039506282540037,0.00013146529566936794,0.00015912088025599254,7970.485813911237
1728893580,9.637159214883171e-05,0.0001406121252105915,9.42965768698975e-05,0.00013796974055060065,8002.929390842267
1728893520,0.0001028710191404428,0.00010549944521913988,9.32547267885029e-05,9.637159214883171e-05,3335.742826406146
1728893460,7.305784156667761e-05,0.00011257322740782674,7.253581752777742e-05,0.0001028710191404428,10939.70133051698
1728893400,7.103079896223645e-05,7.440984881776908e-05,6.775196371629914e-05,7.305784156667761e-05,2085.5428019156725
1728893340,7.353758225422423e-05,7.671791135604982e-05,6.858902955759353e-05,7.103079896223645e-05,3019.342541692665
1728893280,6.427305003185343e-05,8.70220304325837e-05,6.427305003185343e-05,7.353758225422423e-05,4980.0986415856405
1728893220,7.50814314922234e-05,8.525929894492703e-05,6.107850734102767e-05,6.427305003185343e-05,9063.558657330052
