0,1,2,3,4,5
1728728220,5.8902253738067375e-05,5.8902253738067375e-05,5.476431321527966e-05,5.478772798661493e-05,423.7572580566628
1728728160,5.6203973661975485e-05,5.9228526565061685e-05,5.6203973661975485e-05,5.8902253738067375e-05,422.9776263141007
1728728100,5.0700536981396725e-05,5.685472877576965e-05,5.0700536981396725e-05,5.6203973661975485e-05,706.1416652325164
1728728040,5.099070641519382e-05,5.099070641519382e-05,4.994581609104979e-05,5.0700536981396725e-05,144.11185092097548
1728727440,5.204336787058337e-05,5.242211285202992e-05,5.099070641519382e-05,5.099070641519382e-05,421.67819043891035
1728727380,5.228396095061112e-05,5.228396095061112e-05,5.204336787058337e-05,5.204336787058337e-05,47.28535513409758
1728727080,5.325357059436438e-05,5.325357059436438e-05,5.228396095061112e-05,5.228396095061112e-05,10.78689099644285
1728726660,5.437556705067125e-05,5.437556705067125e-05,5.2634775954614234e-05,5.325357059436438e-05,214.47442236311772
1728726600,5.464153330185053e-05,5.464153330185053e-05,5.437556705067125e-05,5.437556705067125e-05,42.19584933769243
1728726540,5.493254081989033e-05,5.493254081989033e-05,5.464153330185053e-05,5.464153330185053e-05,18.372416866635945
1728726480,5.474212593617542e-05,5.493254081989033e-05,5.474212593617542e-05,5.493254081989033e-05,14.55175229583776
1728726360,5.5959507403923074e-05,5.5959507403923074e-05,5.474212593617542e-05,5.474212593617542e-05,234.91361063637018
1728726300,6.531334256805956e-05,6.531334256805956e-05,5.3345616253808717e-05,5.5959507403923074e-05,2038.4461548627226
1728726120,6.882792010726864e-05,6.882792010726864e-05,6.531334256805956e-05,6.531334256805956e-05,646.8423388052594
1728726000,7.027270135121987e-05,7.027270135121987e-05,6.882792010726864e-05,6.882792010726864e-05,1.9915520132690376
1728725940,7.215737397584806e-05,7.215737397584806e-05,7.027270135121987e-05,7.027270135121987e-05,364.8531431974612
1728725760,7.617729736046061e-05,7.617729736046061e-05,7.215737397584806e-05,7.215737397584806e-05,139.62413119939055
1728725640,7.794242273463126e-05,7.794242273463126e-05,7.617729736046061e-05,7.617729736046061e-05,516.6955753475407
1728725580,7.234256963860485e-05,7.906639024153579e-05,7.234256963860485e-05,7.794242273463126e-05,652.7366270488034
1728725100,7.252823120109895e-05,7.252823120109895e-05,7.234256963860485e-05,7.234256963860485e-05,27.9814621917329
1728725040,7.286670287712182e-05,7.286670287712182e-05,7.252823120109895e-05,7.252823120109895e-05,8.704847164670511
1728724980,7.27658391132931e-05,7.286670287712182e-05,7.24691914818454e-05,7.286670287712182e-05,22.417918369585294
1728724920,7.363839373789343e-05,7.363839373789343e-05,7.27658391132931e-05,7.27658391132931e-05,50.661349494298456
1728724860,7.419796083577575e-05,7.419796083577575e-05,7.320975497513392e-05,7.363839373789343e-05,84.10245098827517
1728724800,7.530280155876454e-05,7.530280155876454e-05,7.419796083577575e-05,7.419796083577575e-05,55.048589451734195
1728724740,7.776982552880247e-05,7.776982552880247e-05,7.49203252996276e-05,7.530280155876454e-05,56.85838698349174
1728724620,7.519537968069274e-05,8.069324255856343e-05,7.519537968069274e-05,7.776982552880247e-05,853.7098072545494
1728724560,7.276584578652527e-05,7.519537968069274e-05,7.276584578652527e-05,7.519537968069274e-05,436.89468026410356
1728724500,7.21753981197617e-05,7.276584578652527e-05,7.21753981197617e-05,7.276584578652527e-05,51.00420476602813
1728724440,7.182652551340208e-05,7.21753981197617e-05,7.182652551340208e-05,7.21753981197617e-05,65.57683469917903
1728724380,7.14640520412371e-05,7.182652551340208e-05,7.14640520412371e-05,7.182652551340208e-05,4.005159316856352
1728724320,7.206832446812015e-05,7.206832446812015e-05,7.14640520412371e-05,7.14640520412371e-05,61.286027068058374
1728724260,7.252665010397985e-05,7.252665010397985e-05,7.206832446812015e-05,7.206832446812015e-05,0.6099236138460932
1728723960,7.309766968136139e-05,7.309766968136139e-05,7.252665010397985e-05,7.252665010397985e-05,93.87856249777253
1728723900,7.47342403952425e-05,7.47342403952425e-05,7.309766968136139e-05,7.309766968136139e-05,153.32545254461166
1728723840,7.281754081856955e-05,7.570884555250157e-05,7.281754081856955e-05,7.47342403952425e-05,157.25977830003927
1728723720,7.010329382913781e-05,7.281754081856955e-05,7.010329382913781e-05,7.281754081856955e-05,721.1615047882298
1728723660,6.793675408083313e-05,7.390158648409273e-05,6.793675408083313e-05,7.010329382913781e-05,1823.6078341077152
1728723600,6.643286644702807e-05,6.793675408083313e-05,6.580382208747582e-05,6.793675408083313e-05,500.1182522119071
1728723540,6.615393472717752e-05,6.643286644702807e-05,6.615393472717752e-05,6.643286644702807e-05,1.457350211537166
1728723360,6.703911132465595e-05,6.703911132465595e-05,6.615393472717752e-05,6.615393472717752e-05,79.56926829818411
1728723240,6.660243925260804e-05,6.703911132465595e-05,6.660243925260804e-05,6.703911132465595e-05,33.51967746589045
1728723180,6.704541515867615e-05,6.704541515867615e-05,6.660243925260804e-05,6.660243925260804e-05,21.498026906510194
1728723120,6.739471672506015e-05,6.739471672506015e-05,6.704541515867615e-05,6.704541515867615e-05,70.52644437310306
1728723060,7.04383416261069e-05,7.061710887816674e-05,6.739471672506015e-05,6.739471672506015e-05,313.0990675124091
1728723000,6.577190463832739e-05,7.213525592154983e-05,6.577190463832739e-05,7.04383416261069e-05,889.1876419896474
1728722760,6.601770029021494e-05,6.601770029021494e-05,6.577190463832739e-05,6.577190463832739e-05,10.31662051995476
1728722640,6.637356174979335e-05,6.637356174979335e-05,6.601770029021494e-05,6.601770029021494e-05,48.16371379543859
1728722520,6.748798763308668e-05,6.748798763308668e-05,6.637356174979335e-05,6.637356174979335e-05,115.19093613929444
1728722460,6.796106862095107e-05,6.796106862095107e-05,6.748798763308668e-05,6.748798763308668e-05,23.803441484902397
1728722400,6.85326735304784e-05,6.85326735304784e-05,6.796106862095107e-05,6.796106862095107e-05,72.81030523692652
1728722340,6.796564773850182e-05,6.85326735304784e-05,6.796564773850182e-05,6.85326735304784e-05,34.245879208104
1728722280,6.596291815205265e-05,6.796564773850182e-05,6.596291815205265e-05,6.796564773850182e-05,239.20704105689975
1728722220,6.593239432031175e-05,6.596291815205265e-05,6.593239432031175e-05,6.596291815205265e-05,5.825229921964125
1728722160,6.568525646744279e-05,6.593239432031175e-05,6.568525646744279e-05,6.593239432031175e-05,0.4999987074609233
1728721980,6.518887163129534e-05,6.568525646744279e-05,6.518887163129534e-05,6.568525646744279e-05,50.97225345760671
1728721920,6.524755293589932e-05,6.524755293589932e-05,6.518887163129534e-05,6.518887163129534e-05,15.703844960490716
1728721740,6.555061975934993e-05,6.555061975934993e-05,6.524755293589932e-05,6.524755293589932e-05,9.504825785834916
1728721680,6.505749012942257e-05,6.561524695050178e-05,6.505749012942257e-05,6.555061975934993e-05,63.03236112806297
1728721620,6.567712592803417e-05,6.567712592803417e-05,6.505749012942257e-05,6.505749012942257e-05,13.798115150740477
1728721560,6.718541516806957e-05,6.718541516806957e-05,6.567712592803417e-05,6.567712592803417e-05,194.82897451868214
1728721500,6.645971530950697e-05,6.718541516806957e-05,6.645971530950697e-05,6.718541516806957e-05,32.38160976962066
1728721440,6.5439722607347e-05,6.645971530950697e-05,6.5439722607347e-05,6.645971530950697e-05,141.90109995087394
1728721380,6.392433448620797e-05,6.5439722607347e-05,6.392433448620797e-05,6.5439722607347e-05,145.4912324365301
1728721320,6.557027945048089e-05,6.557027945048089e-05,6.340815050379759e-05,6.392433448620797e-05,400.5055857364325
1728721260,6.202573404841003e-05,6.58178764153798e-05,6.202573404841003e-05,6.557027945048089e-05,487.7666132422171
1728721200,5.325632086356676e-05,6.202573404841003e-05,5.325632086356676e-05,6.202573404841003e-05,1112.8479056136748
1728721140,5.3934755538337306e-05,5.3934755538337306e-05,5.325632086356676e-05,5.325632086356676e-05,113.38573926066474
1728721080,5.456947874925181e-05,5.481350172405377e-05,5.3934755538337306e-05,5.3934755538337306e-05,134.6762317097015
1728721020,5.409408575581532e-05,5.51959918938021e-05,5.409408575581532e-05,5.456947874925181e-05,177.3871850439411
1728720960,5.2786295146879185e-05,5.409408575581532e-05,5.2786295146879185e-05,5.409408575581532e-05,158.58165963603744
1728720900,5.160464672289516e-05,5.716723281420764e-05,5.160464672289516e-05,5.2786295146879185e-05,1324.0539457722934
1728720840,5.93444401772022e-05,6.11324367474248e-05,5.160464672289516e-05,5.160464672289516e-05,1947.351792316214
1728720780,5.902591098211671e-05,5.93444401772022e-05,5.902591098211671e-05,5.93444401772022e-05,32.27928533550855
1728720720,7.128526753259718e-05,7.128526753259718e-05,5.902591098211671e-05,5.902591098211671e-05,1901.8406686743015
1728720480,7.176720919960665e-05,7.176720919960665e-05,7.128526753259718e-05,7.128526753259718e-05,27.423994907416777
1728720420,7.473865481312178e-05,7.473865481312178e-05,7.170967001738833e-05,7.176720919960665e-05,177.52441064171452
1728720360,8.724578562559567e-05,8.724578562559567e-05,7.473865481312178e-05,7.473865481312178e-05,1859.8909651583356
1728720300,8.842451972309554e-05,8.842451972309554e-05,8.724578562559567e-05,8.724578562559567e-05,139.2292532026875
1728720240,8.923970538593707e-05,8.923970538593707e-05,8.842451972309554e-05,8.842451972309554e-05,71.7117286851687
1728720180,8.889909969547632e-05,8.923970538593707e-05,8.889909969547632e-05,8.923970538593707e-05,5.823770396948394
1728720120,8.941481581394031e-05,8.941481581394031e-05,8.889909969547632e-05,8.889909969547632e-05,24.434606399221625
1728720060,8.969126623114369e-05,8.969126623114369e-05,8.941481581394031e-05,8.941481581394031e-05,14.56171998594262
1728719640,9.39601346950089e-05,9.39601346950089e-05,8.969126623114369e-05,8.969126623114369e-05,138.47334876497212
1728719580,0.00010424461956015456,0.00010424461956015456,9.39601346950089e-05,9.39601346950089e-05,1064.6771639121196
1728719460,0.00010566066139741625,0.00010566066139741625,0.00010424461956015456,0.00010424461956015456,215.19162214587146
1728719400,0.00010622914527660035,0.00010622914527660035,0.00010566066139741625,0.00010566066139741625,13.495153476062201
1728719340,0.00010579130660841832,0.00010622914527660035,0.00010579130660841832,0.00010622914527660035,36.420507165412964
1728719280,0.00010592018363871082,0.00010592018363871082,0.00010579130660841832,0.00010579130660841832,5.827281146466075
1728719220,0.00010767377193216773,0.00010767377193216773,0.00010592018363871082,0.00010592018363871082,171.43843897717812
1728719100,0.0001063426852822101,0.00010767377193216773,0.0001063426852822101,0.00010767377193216773,82.08367974900978
1728719040,0.00010562650034720787,0.00010648522994497847,0.00010562650034720787,0.0001063426852822101,67.68722920874464
1728718860,0.00010587077834807127,0.00010587077834807127,0.00010562650034720787,0.00010562650034720787,11.81189255500052
1728718800,0.0001043444435579954,0.00010909208945700535,0.0001043444435579954,0.00010587077834807127,663.6099994589122
1728718740,0.00010370951776065898,0.00010513764710612134,0.00010370951776065898,0.0001043444435579954,129.7504052228621
1728718680,9.905771353371959e-05,0.00010412747547825925,9.905771353371959e-05,0.00010370951776065898,213.3754335653778
1728718560,9.082584517603986e-05,9.905771353371959e-05,9.082584517603986e-05,9.905771353371959e-05,1037.199709729314
1728718500,9.229411767792636e-05,9.229411767792636e-05,9.054663708438019e-05,9.082584517603986e-05,271.0578793109902
1728718440,9.254151338213713e-05,9.254151338213713e-05,9.229411767792636e-05,9.229411767792636e-05,34.94810506065825
1728718380,9.255970000654365e-05,9.255970000654365e-05,9.254151338213713e-05,9.254151338213713e-05,2.884188268452696
1728718320,9.27479341586423e-05,9.294213886975155e-05,9.255970000654365e-05,9.255970000654365e-05,14.876998425675353
1728718260,9.445300558822594e-05,9.445300558822594e-05,9.27479341586423e-05,9.27479341586423e-05,64.50712871302697
1728718200,8.965561330534134e-05,0.00010170735474626175,8.945269728541776e-05,9.445300558822594e-05,2565.4118849730417
1728718140,8.992226553203878e-05,8.992226553203878e-05,8.909772599924319e-05,8.965561330534134e-05,119.26991564729187
1728718080,9.716256377820576e-05,9.716256377820576e-05,8.992226553203878e-05,8.992226553203878e-05,668.0666758388452
1728718020,8.983187458344522e-05,9.716256377820576e-05,8.983187458344522e-05,9.716256377820576e-05,777.5365200104296
1728717960,8.024272153797842e-05,8.983187458344522e-05,8.013915491321389e-05,8.983187458344522e-05,1254.4847929599825
1728717900,7.882917462733507e-05,8.614691040709375e-05,7.882917462733507e-05,8.024272153797842e-05,1378.1081799316516
1728717840,7.175641274025416e-05,7.882917462733507e-05,6.965574925528544e-05,7.882917462733507e-05,1618.460176508367
1728717780,7.643983737574156e-05,7.643983737574156e-05,7.175641274025416e-05,7.175641274025416e-05,448.9295078152925
1728717720,7.640940417397622e-05,7.663769598617888e-05,7.615682129936075e-05,7.643983737574156e-05,84.47021959626042
1728717660,7.656890599427457e-05,7.698585465551125e-05,7.640940417397622e-05,7.640940417397622e-05,67.34709695034796
1728717600,7.596175797890561e-05,8.239164336031945e-05,7.562270342479873e-05,7.656890599427457e-05,1287.950430847838
1728717540,7.6485632717652e-05,7.6485632717652e-05,7.544927111937603e-05,7.596175797890561e-05,272.6821168481504
1728717480,7.64118020218372e-05,8.266088702950295e-05,7.519512378574793e-05,7.6485632717652e-05,1736.990554872041
1728717420,8.45230368352975e-05,8.45230368352975e-05,7.543405123412435e-05,7.64118020218372e-05,1259.3336167818975
1728717360,8.1400440293808e-05,9.680819996504162e-05,7.986510907877612e-05,8.45230368352975e-05,6525.206677407025
1728717300,8.201617933381159e-05,8.209211240400861e-05,8.108306316528071e-05,8.1400440293808e-05,228.69531960948513
1728717240,8.389285725916917e-05,8.389285725916917e-05,8.201617933381159e-05,8.201617933381159e-05,170.74900681935614
1728717180,8.199098987045801e-05,8.389285725916917e-05,8.188829686511405e-05,8.389285725916917e-05,401.0266734389636
1728717120,8.565821170038965e-05,8.809367295306914e-05,8.148842663913541e-05,8.199098987045801e-05,984.6298403135073
1728717060,8.846616633275104e-05,9.162265790545026e-05,8.162890601177932e-05,8.565821170038965e-05,3867.202488539625
1728717000,9.66735914080641e-05,9.66735914080641e-05,8.794872938642306e-05,8.846616633275104e-05,735.4343563022273
1728716940,0.00010020563628480504,0.00010020563628480504,9.66735914080641e-05,9.66735914080641e-05,385.7891351639547
1728716880,9.229616968515061e-05,0.00010020563628480504,9.229616968515061e-05,0.00010020563628480504,1056.430250864757
1728716820,9.350903585609288e-05,9.753886806497888e-05,9.229616968515061e-05,9.229616968515061e-05,2005.168605802318
1728716760,0.00011987204379078374,0.00011987204379078374,9.307351013674117e-05,9.350903585609288e-05,3319.0017012285675
1728716700,0.0001409754251113336,0.0001409754251113336,0.00011987204379078374,0.00011987204379078374,3569.933196638016
1728716640,0.00014184573535939245,0.00014184573535939245,0.0001401588950887562,0.0001409754251113336,210.09120186906998
1728716580,0.00014566922154605124,0.00014566922154605124,0.00014184573535939245,0.00014184573535939245,471.8777078191411
1728716520,0.00014513521871302128,0.00014619821955746812,0.00014513521871302128,0.00014566922154605124,47.15509179047809
1728716460,0.00015120223946794354,0.00015120223946794354,0.00014513521871302128,0.00014513521871302128,242.90592511793756
1728716400,0.00015698788053751026,0.00015698788053751026,0.00014959244266268105,0.00015120223946794354,611.549501157359
1728716340,0.000151771103922015,0.00016050540153395108,0.00015119165199339337,0.00015698788053751026,1495.7324068002526
1728716280,0.00013746186465476282,0.00015331531367560142,0.00013746186465476282,0.000151771103922015,1165.8800489257728
1728716220,0.00013234315074488084,0.00013746186465476282,0.00013234315074488084,0.00013746186465476282,748.6485948319319
1728716160,0.00013310791976323632,0.00013430160331772694,0.0001321350680992226,0.00013234315074488084,332.99054960959904
1728716100,0.00013337022724409957,0.00013490099916147285,0.00013248257938427107,0.00013310791976323632,399.2658469893313
1728716040,0.00012036391787514506,0.00013337022724409957,0.00012036391787514506,0.00013337022724409957,996.4875590206941
1728715980,0.00011741813546130197,0.00012036391787514506,0.0001171767988603343,0.00012036391787514506,272.04245930668185
1728715920,0.00011690194597516235,0.00011766370481347427,0.0001166281410039654,0.00011741813546130197,226.69380300057674
1728715860,0.00011894837069600589,0.00011894837069600589,0.00011690194597516235,0.00011690194597516235,154.18778429727988
1728715800,0.0001290745947999522,0.0001290745947999522,0.00011894837069600589,0.00011894837069600589,862.1980368861864
1728715740,0.00011450804412894782,0.00013996511224593285,0.00011420925430020149,0.0001290745947999522,4852.143045772157
1728715680,0.00011288402478300312,0.00011458477378595359,0.00011288402478300312,0.00011450804412894782,356.9998157121957
1728715620,0.00011041925414485837,0.00011288402478300312,0.00010906986334279315,0.00011288402478300312,416.3431097960935
1728715560,0.00010078012913036732,0.00011041925414485837,9.74117477601213e-05,0.00011041925414485837,1621.9711533707207
1728715500,0.00010737795713055107,0.00010737795713055107,0.00010078012913036732,0.00010078012913036732,659.5803544786303
1728715440,0.00010654095311943462,0.00010737795713055107,0.0001054368159256719,0.00010737795713055107,485.9026392964906
1728715380,9.597573407431391e-05,0.00010795102047110353,9.530332702286081e-05,0.00010654095311943462,1301.540050600503
1728715320,9.615148271322594e-05,9.674377481758144e-05,9.370303395952652e-05,9.597573407431391e-05,924.9843124557829
1728715260,9.810462862355052e-05,9.831924174477545e-05,9.582574216827891e-05,9.615148271322594e-05,284.2209524719268
1728715200,9.801100817729845e-05,9.810462862355052e-05,9.637942946023282e-05,9.810462862355052e-05,288.1378654270054
1728715140,0.00010010289635001632,0.00010010289635001632,9.742480527702523e-05,9.801100817729845e-05,533.3922500203105
1728715080,0.00010364132228109369,0.00010364132228109369,0.00010010289635001632,0.00010010289635001632,518.163426377707
1728715020,0.00010421589474667451,0.00010421589474667451,0.00010364132228109369,0.00010364132228109369,66.6610411982183
1728714960,0.00010843501155374157,0.00010843501155374157,0.00010412309356902588,0.00010421589474667451,710.7380445068651
1728714900,0.0001004281233919257,0.00012849508060341257,9.682269096594774e-05,0.00010843501155374157,5574.6938824837525
1728714840,0.0001234679169455511,0.0001234679169455511,9.886837272052717e-05,0.0001004281233919257,3779.3849506038796
1728714780,0.0001434135148347792,0.0001434135148347792,0.0001234679169455511,0.0001234679169455511,1836.0835957380637
1728714720,0.00014669041938956306,0.00014669041938956306,0.00013847962432743594,0.0001434135148347792,2015.2365508125094
1728714660,0.00013945813513688456,0.00015128111731608888,0.00013945813513688456,0.00014669041938956306,1501.3920372604255
1728714600,0.00013410501256025698,0.0001555043880654914,0.00013410501256025698,0.00013945813513688456,4178.547081981055
1728714540,0.00014448096129965313,0.00014448096129965313,0.00012533874876606877,0.00013410501256025698,4246.81070795624
1728714480,0.0001364560822245138,0.0001452349029756372,0.00011792992505364435,0.00014448096129965313,4855.942631561109
1728714420,0.00012296604876908696,0.0001631018459236083,0.00012133155885419708,0.0001364560822245138,13708.33657084522
1728714360,9.600807492163031e-05,0.00012803037418201833,9.600807492163031e-05,0.00012296604876908696,8105.036296666158
1728714300,6.178750939012578e-05,0.0002198549516301274,6.045050017733339e-05,9.600807492163031e-05,29280.329582184913
1728714240,6.184796949786809e-05,6.198369004176307e-05,6.151357767587134e-05,6.178750939012578e-05,188.94502670331806
1728714180,6.156162544368583e-05,6.188478003734965e-05,6.146378710714859e-05,6.184796949786809e-05,186.40317798238237
1728714120,6.005322796593703e-05,6.166063664299089e-05,6.005322796593703e-05,6.156162544368583e-05,261.0008117560536
1728714060,5.809121175954157e-05,6.005322796593703e-05,5.809121175954157e-05,6.005322796593703e-05,519.8117000338759
1728714000,5.6417608203682945e-05,5.809121175954157e-05,5.63501872301181e-05,5.809121175954157e-05,550.8847112724217
1728713940,5.606666212041405e-05,5.6547283709880654e-05,5.605943468808578e-05,5.6417608203682945e-05,170.1212459678079
1728713880,5.6923133166947145e-05,5.745205989298981e-05,5.606666212041405e-05,5.606666212041405e-05,408.5707767151828
1728713820,5.777755654579161e-05,5.830880915667132e-05,5.6923133166947145e-05,5.6923133166947145e-05,352.1866402814613
1728713760,5.804788235387168e-05,5.8348456637168024e-05,5.776309262705413e-05,5.777755654579161e-05,282.31908942791154
1728713700,6.507013808892778e-05,6.507013808892778e-05,5.8046537605022944e-05,5.804788235387168e-05,928.7474088304176
1728713640,6.726189153836643e-05,6.726189153836643e-05,6.501165782622079e-05,6.507013808892778e-05,492.8309723171147
1728713580,6.882504083999108e-05,7.032430531830346e-05,6.726189153836643e-05,6.726189153836643e-05,679.6744206027471
1728713520,6.807574248929309e-05,6.936969977982464e-05,6.767047259115244e-05,6.882504083999108e-05,568.2949345573687
1728713460,6.124557328900286e-05,8.184455350032589e-05,6.124557328900286e-05,6.807574248929309e-05,4928.3091949979225
1728713400,5.4435509929077916e-05,6.124557328900286e-05,5.4435509929077916e-05,6.124557328900286e-05,1871.1464157211856
1728713340,5.643206468538123e-05,5.6722567365524005e-05,5.109747591418019e-05,5.4435509929077916e-05,1473.9477902617048
1728713280,5.493845499982436e-05,5.660331623172532e-05,5.493845499982436e-05,5.643206468538123e-05,529.2903509489531
1728713220,5.324946131150664e-05,5.563009940815166e-05,5.324946131150664e-05,5.493845499982436e-05,522.5603382203959
1728713160,5.007819390970955e-05,5.324946131150664e-05,5.0006820873143366e-05,5.324946131150664e-05,816.1188954681626
1728713100,4.9936081078756526e-05,5.007819390970955e-05,4.962086538096599e-05,5.007819390970955e-05,305.4107000125128
1728713040,5.004535399713929e-05,5.024147654705132e-05,4.9851203173259874e-05,4.9936081078756526e-05,454.8334120961172
1728712980,4.98702270712029e-05,5.023828875900179e-05,4.9780939463887266e-05,5.004535399713929e-05,372.0624178876415
1728712920,4.8733933474628584e-05,4.98702270712029e-05,4.8733933474628584e-05,4.98702270712029e-05,386.96383253283494
1728712860,4.582892264019995e-05,4.8733933474628584e-05,4.5648554898186e-05,4.8733933474628584e-05,793.5565312024337
1728712800,4.578074300817668e-05,4.609409980872072e-05,4.566024944266916e-05,4.582892264019995e-05,477.78692445876914
1728712740,4.553716438295692e-05,4.6013545241643876e-05,4.553716438295692e-05,4.578074300817668e-05,308.6733889744101
1728712680,4.6579812453107716e-05,4.6958154544297004e-05,4.553716438295692e-05,4.553716438295692e-05,588.1264428675569
1728712620,4.73762449418047e-05,4.770850069461984e-05,4.6579812453107716e-05,4.6579812453107716e-05,505.29711384505043
1728712560,4.750141158503502e-05,4.765722739432075e-05,4.720590362083535e-05,4.73762449418047e-05,402.7527520457175
1728712500,4.749736765896792e-05,4.80277394009014e-05,4.749736765896792e-05,4.750141158503502e-05,419.65349616958514
1728712440,4.751660058414844e-05,4.7930331976335355e-05,4.7449977068866156e-05,4.749736765896792e-05,491.67526590052756
1728712380,4.7423321081600906e-05,4.7993543966959854e-05,4.7423321081600906e-05,4.751660058414844e-05,450.2954199863526
1728712320,4.808235450093834e-05,5.2136580586489526e-05,4.647824756679749e-05,4.7423321081600906e-05,1853.5425512787838
1728712260,4.872617166119136e-05,4.910284729801987e-05,4.808235450093834e-05,4.808235450093834e-05,317.63975196742
1728712200,4.6538672645103625e-05,4.872617166119136e-05,4.603052588898909e-05,4.872617166119136e-05,1027.3116590094494
1728712140,4.44942398531142e-05,5.831577173996668e-05,4.44942398531142e-05,4.6538672645103625e-05,4194.70685143065
1728712080,4.43974821820742e-05,4.44942398531142e-05,4.33195361959813e-05,4.44942398531142e-05,828.5455134240235
1728712020,5.610676445611424e-05,5.610676445611424e-05,4.3196289049002904e-05,4.43974821820742e-05,2697.2568558610988
1728711960,5.927449038639292e-05,5.9648582894389036e-05,5.610676445611424e-05,5.610676445611424e-05,1235.7641803628999
1728711900,5.9135868636360285e-05,5.9582757506524595e-05,5.8938753634947075e-05,5.927449038639292e-05,604.8295594570608
1728711840,6.683383039214921e-05,6.740880678061825e-05,5.9135868636360285e-05,5.9135868636360285e-05,1450.5874559631432
1728711780,6.642536053967014e-05,6.737339012337486e-05,6.642536053967014e-05,6.683383039214921e-05,561.4322161611792
1728711720,5.963657989352565e-05,6.666829466231739e-05,5.963657989352565e-05,6.642536053967014e-05,1371.5779668668704
1728711660,6.579508260037003e-05,6.88643817696963e-05,5.963657989352565e-05,5.963657989352565e-05,1675.3335341624631
1728711600,4.451439239487151e-05,6.579508260037003e-05,4.451439239487151e-05,6.579508260037003e-05,3473.8748786551987
1728711540,4.3680014245762e-05,4.451439239487151e-05,4.3680014245762e-05,4.451439239487151e-05,707.3594832481864
1728711480,3.557585107471738e-05,4.3680014245762e-05,3.557585107471738e-05,4.3680014245762e-05,884.7070013764617
1728711420,3.3585083240462006e-05,3.557585107471738e-05,3.3562937718288776e-05,3.557585107471738e-05,958.011268195036
1728711360,3.5818897756203147e-05,3.5818897756203147e-05,3.3572453484365046e-05,3.3585083240462006e-05,987.0660370976412
1728711300,3.608161639325389e-05,3.608161639325389e-05,3.5715836967425236e-05,3.5818897756203147e-05,351.77287845299406
1728711240,3.5980748725363675e-05,3.619713079555992e-05,3.571301546285846e-05,3.608161639325389e-05,635.896249879469
1728711180,3.558331747660841e-05,3.611617966737391e-05,3.558331747660841e-05,3.5980748725363675e-05,670.2866505504101
1728711120,3.5967790024095076e-05,3.6293761301752894e-05,3.558331747660841e-05,3.558331747660841e-05,696.5727787159921
1728711060,3.59085329914788e-05,3.6282113988393515e-05,3.58714892397662e-05,3.5967790024095076e-05,809.9150211980966
1728711000,3.5824689939566526e-05,3.6322630968003434e-05,3.5824689939566526e-05,3.59085329914788e-05,546.824236675955
1728710940,3.574077750741514e-05,3.630999897595276e-05,3.574077750741514e-05,3.5824689939566526e-05,641.8297864511915
1728710880,3.637009477287551e-05,3.648992494785576e-05,3.574077750741514e-05,3.574077750741514e-05,594.5105317668975
1728710820,3.617181162026112e-05,3.6434232224122246e-05,3.6024470181393724e-05,3.637009477287551e-05,738.430989818023
1728710760,3.637063979853355e-05,3.652903267923477e-05,3.601056691736161e-05,3.617181162026112e-05,922.898826646128
1728710700,3.631782398476306e-05,3.6539522440670515e-05,3.60195647767809e-05,3.637063979853355e-05,860.6844432224992
1728710640,3.657825757871221e-05,3.6655424018802146e-05,3.601040001810308e-05,3.631782398476306e-05,866.3655502735764
1728710580,3.623131847796145e-05,3.657825757871221e-05,3.6000683485501283e-05,3.657825757871221e-05,969.3824219301886
1728710520,3.600247470199263e-05,3.66074383706092e-05,3.581052292415727e-05,3.623131847796145e-05,799.0148952085862
1728710460,3.635582879739926e-05,3.635582879739926e-05,3.600247470199263e-05,3.600247470199263e-05,456.751891365263
1728710340,3.604313228529165e-05,3.647430481875103e-05,3.6042587390895945e-05,3.635582879739926e-05,787.6328938991903
1728710280,3.608213263738524e-05,3.670866720592886e-05,3.604313228529165e-05,3.604313228529165e-05,665.3750429377291
1728710220,3.662478273063231e-05,3.671444921118006e-05,3.597099781472172e-05,3.608213263738524e-05,1018.6145731444522
1728710160,3.611105667503462e-05,3.6695356186604584e-05,3.5949439854134124e-05,3.662478273063231e-05,1041.6296884074252
1728710100,3.652012552427266e-05,3.652012552427266e-05,3.5949128387046096e-05,3.611105667503462e-05,870.4312274765462
1728710040,3.6156547630384925e-05,3.676792523679091e-05,3.592751806293056e-05,3.652012552427266e-05,1066.8964033328828
1728709980,3.583368526565069e-05,3.672911603900357e-05,3.583368526565069e-05,3.6156547630384925e-05,1177.2760742917567
1728709920,3.630011018094867e-05,3.696781344104509e-05,3.583368526565069e-05,3.583368526565069e-05,797.646848747224
1728709860,3.636685888271405e-05,3.7001016808044086e-05,3.619618102344594e-05,3.630011018094867e-05,942.0106254851268
1728709800,3.595327599440603e-05,3.685267428605542e-05,3.595327599440603e-05,3.636685888271405e-05,948.5848562568343
1728709680,3.675917506807767e-05,3.675917506807767e-05,3.595327599440603e-05,3.595327599440603e-05,11.094368355102752
1728709560,3.697462633877559e-05,3.703929133156621e-05,3.623447261396164e-05,3.675917506807767e-05,1242.1901958336707
1728709500,3.786433171869455e-05,3.8033861229313505e-05,3.697462633877559e-05,3.697462633877559e-05,954.4989315644971
1728709440,3.7393706200448515e-05,3.827105377890371e-05,3.7372457684122366e-05,3.786433171869455e-05,1058.1265174465361
1728709380,3.776968234754394e-05,3.793461481137243e-05,3.730573371871401e-05,3.7393706200448515e-05,991.5479641698665
1728709320,3.729582899100691e-05,3.829721045537361e-05,3.729582899100691e-05,3.776968234754394e-05,1259.6171729060081
1728709260,3.7599137794973176e-05,3.8038559108005517e-05,3.729582899100691e-05,3.729582899100691e-05,810.9675822199223
1728709200,3.740043274597045e-05,3.819974533681588e-05,3.726995879233379e-05,3.7599137794973176e-05,1126.0078802976655
1728709140,3.743747540226109e-05,3.784837861607575e-05,3.729914491671949e-05,3.740043274597045e-05,941.6348819157596
1728709080,3.794348039943673e-05,3.794348039943673e-05,3.7351501475773195e-05,3.743747540226109e-05,1114.870494995986
1728708840,3.747199584176994e-05,3.7944655821591994e-05,3.721669462325812e-05,3.794348039943673e-05,1162.5362900107796
1728708780,3.775674594038279e-05,3.7921644093589314e-05,3.7225581573116186e-05,3.747199584176994e-05,1051.4658581495873
1728708720,3.724683630697904e-05,3.806260211450131e-05,3.724683630697904e-05,3.775674594038279e-05,684.8162063192573
1728708660,3.8238816182770494e-05,3.8247729543456646e-05,3.724683630697904e-05,3.724683630697904e-05,1528.788016931161
1728708600,3.7819962861115246e-05,3.8238816182770494e-05,3.7247961179689725e-05,3.8238816182770494e-05,1426.3044184662815
1728708540,3.7364750870080946e-05,3.798021247492193e-05,3.727915667494574e-05,3.7819962861115246e-05,1370.602251360007
1728708480,3.742878073854852e-05,3.81032825144104e-05,3.731682154680434e-05,3.7364750870080946e-05,1001.3645385148301
1728708420,3.7332098168412216e-05,3.780206457030705e-05,3.727138721669535e-05,3.742878073854852e-05,921.7613667336668
1728708360,3.674502403859785e-05,3.795571285627557e-05,3.674502403859785e-05,3.7332098168412216e-05,987.882872581055
1728708300,3.6199052907439765e-05,3.693592736407629e-05,3.605246529535115e-05,3.674502403859785e-05,1816.2638999084593
1728708240,3.659953937161889e-05,3.678650800673647e-05,3.568506607300757e-05,3.6199052907439765e-05,973.7865708976143
1728708180,3.709119241772379e-05,3.709119241772379e-05,3.6003860991062294e-05,3.659953937161889e-05,650.6227530189202
1728708120,3.582203611673925e-05,3.709119241772379e-05,3.582203611673925e-05,3.709119241772379e-05,1242.9465703998205
1728708060,3.633364284958067e-05,3.702778168900293e-05,3.582203611673925e-05,3.582203611673925e-05,1280.7921799170904
1728708000,3.6173706584377414e-05,3.6791416804627786e-05,3.616265594771511e-05,3.633364284958067e-05,1088.4039064885271
1728707940,3.653026570031551e-05,3.682902944586153e-05,3.6064460655374745e-05,3.6173706584377414e-05,618.9497403794747
1728707880,4.123783429907949e-05,4.123783429907949e-05,3.614012000708062e-05,3.653026570031551e-05,1344.1994667357446
1728707820,4.5601815934886034e-05,4.667868737290447e-05,3.591628975141513e-05,4.123783429907949e-05,2696.6286305718895
1728707760,4.675723331063139e-05,4.675723331063139e-05,4.553542502930655e-05,4.5601815934886034e-05,1319.9469227597701
1728707700,4.523592473542468e-05,4.675723331063139e-05,4.523592473542468e-05,4.675723331063139e-05,1319.3707285498338
1728707640,4.5599931863650035e-05,4.637228779759035e-05,4.510955019341946e-05,4.523592473542468e-05,1817.1625461083686
1728707580,4.507677157220846e-05,4.594946310102448e-05,4.507677157220846e-05,4.5599931863650035e-05,857.0838324237321
1728707520,4.52528690239141e-05,4.598274001877626e-05,4.507677157220846e-05,4.507677157220846e-05,1246.2614950671318
1728707460,4.514888004933515e-05,4.63408058952354e-05,4.514888004933515e-05,4.52528690239141e-05,1416.2760051147322
1728707400,4.488271313480686e-05,4.609260058567083e-05,4.488271313480686e-05,4.514888004933515e-05,1363.0816158625773
1728707340,4.495315780969723e-05,4.603317999875962e-05,4.480962879379209e-05,4.488271313480686e-05,1240.0700188140293
1728707280,4.500785690733165e-05,4.577967718914189e-05,4.495315780969723e-05,4.495315780969723e-05,1347.7408204659635
1728707220,4.500200311562826e-05,4.575299071719522e-05,4.490577891386607e-05,4.500785690733165e-05,1278.1854758302302
1728707160,4.48872823394258e-05,4.5659363016689237e-05,4.4661739578090886e-05,4.500200311562826e-05,1108.9015082900976
1728707100,4.450504116071298e-05,4.565453596555628e-05,4.450504116071298e-05,4.48872823394258e-05,1293.803474377546
1728707040,4.506440353037665e-05,4.5932539724244735e-05,4.450504116071298e-05,4.450504116071298e-05,1076.9535309492474
1728706980,4.5312602366086565e-05,4.5842296450632765e-05,4.4810912253369504e-05,4.506440353037665e-05,1310.7795424021326
1728706920,4.558557431870155e-05,4.561716077548582e-05,4.4885742842151616e-05,4.5312602366086565e-05,592.0160959598046
1728706860,4.494597800192296e-05,4.558557431870155e-05,4.481681788983196e-05,4.558557431870155e-05,1150.4395891169029
1728706800,4.510530587371989e-05,4.581756597887244e-05,4.4774095504157576e-05,4.494597800192296e-05,1271.3672260919916
1728706740,4.4942453465705616e-05,4.597817251561404e-05,4.485670328915519e-05,4.510530587371989e-05,1578.0385633155092
1728706680,4.540539699028098e-05,4.630391434199679e-05,4.4942453465705616e-05,4.4942453465705616e-05,1741.9712697196387
1728706620,4.606470968474559e-05,4.606470968474559e-05,4.472200571247269e-05,4.540539699028098e-05,1023.19575553228
1728706560,4.5527386565788514e-05,4.608815528815589e-05,4.502543754253169e-05,4.606470968474559e-05,1307.5742066336918
1728706500,4.533906954751979e-05,4.5527386565788514e-05,4.4902901620694274e-05,4.5527386565788514e-05,922.605204985062
1728706440,4.526221551442728e-05,4.564155835048421e-05,4.46986442622675e-05,4.533906954751979e-05,1183.0080756141913
1728706380,4.5286389265375474e-05,4.569770933980274e-05,4.4669731311366345e-05,4.526221551442728e-05,1203.716661631375
1728706320,4.4834438017209e-05,4.638395049377298e-05,4.4609379506774564e-05,4.5286389265375474e-05,1733.6291176469886
1728706260,4.528986136258583e-05,4.542681452217449e-05,4.456506340835669e-05,4.4834438017209e-05,1113.9220627492828
1728706200,4.4849150744276616e-05,4.573117587788053e-05,4.4688952567542006e-05,4.528986136258583e-05,1446.33049172388
1728706140,4.431563677083691e-05,4.5444391789231246e-05,4.431563677083691e-05,4.4849150744276616e-05,1393.2017065495143
1728706080,4.486930627266093e-05,4.536314718972355e-05,4.431563677083691e-05,4.431563677083691e-05,606.3843239283849
1728706020,4.767451951837085e-05,4.767451951837085e-05,4.486930627266093e-05,4.486930627266093e-05,1360.8765822858063
1728705960,4.6946410370630314e-05,4.767451951837085e-05,4.6356444756010186e-05,4.767451951837085e-05,1705.0102073204134
1728705900,4.5272500968674655e-05,4.6946410370630314e-05,4.5272500968674655e-05,4.6946410370630314e-05,1305.101883185068
1728705840,4.526476557016612e-05,4.598732198341317e-05,4.517514745163869e-05,4.5272500968674655e-05,975.4191632791451
1728705780,4.5052654512854994e-05,4.584464982122297e-05,4.485333862428881e-05,4.526476557016612e-05,776.6963096324366
1728705720,4.7502682232297565e-05,4.7502682232297565e-05,4.5052654512854994e-05,4.5052654512854994e-05,1944.8382902435696
1728705660,4.480876959074718e-05,5.029203552782066e-05,4.480876959074718e-05,4.7502682232297565e-05,2615.2822497000197
1728705600,4.460414194541797e-05,4.537758723800085e-05,4.460414194541797e-05,4.480876959074718e-05,157.1496603238928
1728705540,4.032587009132501e-05,4.461577109064781e-05,4.008977089307386e-05,4.460414194541797e-05,2003.0206881827773
1728705480,4.039194364238527e-05,4.0964863572330706e-05,4.0156140296960715e-05,4.032587009132501e-05,895.9397658363154
1728705420,4.053446262247311e-05,4.086613656836183e-05,4.023839420813381e-05,4.039194364238527e-05,1049.7906521278314
1728705360,4.1996737354510405e-05,4.235703813040021e-05,4.053446262247311e-05,4.053446262247311e-05,1405.6313658590577
1728705300,4.118771704106385e-05,4.278753106278591e-05,4.118771704106385e-05,4.1996737354510405e-05,700.5177206281559
1728705240,5.1245124957344685e-05,5.2298661365954e-05,4.118771704106385e-05,4.118771704106385e-05,2380.3466542066976
1728705180,5.9831310096837074e-05,6.01074764215332e-05,5.088806453109725e-05,5.1245124957344685e-05,2471.467601146549
1728705120,6.292179094947484e-05,6.480231942323529e-05,5.9831310096837074e-05,5.9831310096837074e-05,2275.4420699766138
1728705060,6.376465684563694e-05,6.376465684563694e-05,6.292179094947484e-05,6.292179094947484e-05,31.365249672371405
1728704940,6.325992084373224e-05,6.411447862772712e-05,6.325992084373224e-05,6.376465684563694e-05,295.05414891570575
1728704880,6.607882335423647e-05,6.609473390790334e-05,6.294944546230175e-05,6.325992084373224e-05,1499.016072126364
1728704820,6.69468031946224e-05,6.948888861143927e-05,6.607882335423647e-05,6.607882335423647e-05,2148.403156842384
1728704760,6.569269600789362e-05,6.854585721798395e-05,6.549595373344105e-05,6.69468031946224e-05,2145.876937257784
1728704700,5.761284330096369e-05,6.569269600789362e-05,5.761284330096369e-05,6.569269600789362e-05,1622.7703520707057
1728704640,5.7362034452338495e-05,5.8887746084224756e-05,5.7362034452338495e-05,5.761284330096369e-05,1291.0420641121782
1728704580,5.788107119608638e-05,5.833543427232627e-05,5.7327542496090024e-05,5.7362034452338495e-05,1300.4739849702887
1728704520,5.875063696103814e-05,5.975658314034831e-05,5.731204277962347e-05,5.788107119608638e-05,1574.4844923069961
1728704460,5.8629447575045755e-05,5.931969545714653e-05,5.855874944160141e-05,5.875063696103814e-05,835.2785184247717
1728704400,5.839968257404115e-05,5.972784587946366e-05,5.839968257404115e-05,5.8629447575045755e-05,870.8449004830201
1728704340,6.230185805231607e-05,6.235682129730806e-05,5.839968257404115e-05,5.839968257404115e-05,1699.8801077869898
1728704280,7.09252426548355e-05,7.09252426548355e-05,6.230185805231607e-05,6.230185805231607e-05,1922.6795386275937
1728704220,6.889894588548542e-05,7.19636305210408e-05,6.889894588548542e-05,7.09252426548355e-05,1888.3042223434045
1728704160,6.46686693616192e-05,6.889894588548542e-05,6.46686693616192e-05,6.889894588548542e-05,1684.9218420429963
1728704100,4.635040051807481e-05,6.604039055431697e-05,4.635040051807481e-05,6.46686693616192e-05,4563.777826062368
1728704040,2.9976981468665968e-05,4.648609943572615e-05,2.9976981468665968e-05,4.635040051807481e-05,2219.0629027297164
1728703800,3.0005783706617893e-05,3.0005783706617893e-05,2.9976981468665968e-05,2.9976981468665968e-05,5.633645435758623
1728703620,3.009475840062769e-05,3.009475840062769e-05,3.0005783706617893e-05,3.0005783706617893e-05,0.655490702358479
1728703380,3.107769321840944e-05,3.107769321840944e-05,3.009475840062769e-05,3.009475840062769e-05,68.71545734376218
1728703320,3.343721365127259e-05,3.343721365127259e-05,3.107769321840944e-05,3.107769321840944e-05,172.7028705369303
1728703260,3.5309955708299436e-05,3.5309955708299436e-05,3.343721365127259e-05,3.343721365127259e-05,502.7722797970108
1728703200,3.677896908150142e-05,3.677896908150142e-05,3.5309955708299436e-05,3.5309955708299436e-05,10.459294275460229
1728703140,4.3128079210044236e-05,4.3128079210044236e-05,3.677896908150142e-05,3.677896908150142e-05,1008.0997703174099
1728702960,4.560933475598394e-05,4.560933475598394e-05,4.3128079210044236e-05,4.3128079210044236e-05,347.95469945048865
1728702840,4.611852087572249e-05,4.611852087572249e-05,4.560933475598394e-05,4.560933475598394e-05,63.35021668714182
1728702660,4.637468239253099e-05,4.637468239253099e-05,4.611852087572249e-05,4.611852087572249e-05,59.1708757651901
1728702540,4.642380204541226e-05,4.642380204541226e-05,4.637468239253099e-05,4.637468239253099e-05,2.1779128876703844
1728702420,5.0234789609574015e-05,5.0234789609574015e-05,4.642380204541226e-05,4.642380204541226e-05,108.99955265523234
1728702360,5.2247086345938655e-05,5.467066690178509e-05,5.0234789609574015e-05,5.0234789609574015e-05,1158.3544262351643
1728702300,5.189479255359843e-05,5.2247086345938655e-05,5.189479255359843e-05,5.2247086345938655e-05,72.56988638390014
1728702000,5.245779219318603e-05,5.245779219318603e-05,5.189479255359843e-05,5.189479255359843e-05,51.23743891738268
1728701940,5.506726942930801e-05,5.506726942930801e-05,5.245779219318603e-05,5.245779219318603e-05,248.46581928328155
1728701880,5.575971482729557e-05,5.575971482729557e-05,5.506726942930801e-05,5.506726942930801e-05,145.14802218866913
1728701820,5.220955471619277e-05,5.575971482729557e-05,5.220955471619277e-05,5.575971482729557e-05,55.05340404942285
1728701760,4.8830655596774946e-05,5.220955471619277e-05,4.8830655596774946e-05,5.220955471619277e-05,733.7339222859817
1728701700,4.5692678581650705e-05,4.8830655596774946e-05,4.5692678581650705e-05,4.8830655596774946e-05,330.56496914187295
1728701640,4.38261288960918e-05,4.5692678581650705e-05,4.38261288960918e-05,4.5692678581650705e-05,261.54234812243436
1728701460,4.427399294380963e-05,4.427399294380963e-05,4.38261288960918e-05,4.38261288960918e-05,4.652180272897865
1728701400,4.4940782734712834e-05,4.4940782734712834e-05,4.427399294380963e-05,4.427399294380963e-05,123.87378289567327
1728701340,4.4983158109221814e-05,4.4983158109221814e-05,4.4940782734712834e-05,4.4940782734712834e-05,5.323790736155133
1728701280,4.516824256301633e-05,4.516824256301633e-05,4.4983158109221814e-05,4.4983158109221814e-05,15.94801332704085
1728701220,4.696363394679379e-05,4.696363394679379e-05,4.516824256301633e-05,4.516824256301633e-05,203.72174054367852
1728701100,4.727569929911384e-05,4.727569929911384e-05,4.6706636020317985e-05,4.696363394679379e-05,40.573917051152065
1728701040,4.870006033279822e-05,4.870006033279822e-05,4.727569929911384e-05,4.727569929911384e-05,188.63738070323384
1728700980,4.93286164782287e-05,4.93286164782287e-05,4.854144738070568e-05,4.870006033279822e-05,101.95707874452594
1728700920,4.9558755173270565e-05,4.9558755173270565e-05,4.93286164782287e-05,4.93286164782287e-05,20.558156254616637
1728700860,4.9083391245227565e-05,4.9558755173270565e-05,4.888712361811479e-05,4.9558755173270565e-05,126.45652763179115
1728700800,6.689092773003577e-05,6.767121641087735e-05,4.9083391245227565e-05,4.9083391245227565e-05,2206.0520067331336
1728700740,7.076891183879547e-05,7.55545427250067e-05,6.689092773003577e-05,6.689092773003577e-05,1515.1462154477115
1728700680,8.152664004610642e-05,8.152664004610642e-05,6.936830456559096e-05,7.076891183879547e-05,1570.7631839831897
1728700620,8.025984389008678e-05,8.496931358015463e-05,8.025984389008678e-05,8.152664004610642e-05,1596.081983692244
1728700560,5.243853993711828e-05,8.247332611744599e-05,5.243853993711828e-05,8.025984389008678e-05,4033.8092675319403
1728700500,4.664971886496087e-05,5.243853993711828e-05,4.664971886496087e-05,5.243853993711828e-05,653.8472085363078
1728700440,4.44030327627733e-05,4.664971886496087e-05,4.44030327627733e-05,4.664971886496087e-05,283.11644983446655
1728700380,4.120934791319304e-05,4.44030327627733e-05,4.120934791319304e-05,4.44030327627733e-05,399.17034003909885
1728700320,3.380619088708817e-05,4.120934791319304e-05,3.380619088708817e-05,4.120934791319304e-05,947.1533634607404
1728700260,3.380785676813995e-05,3.380785676813995e-05,3.3486527438172196e-05,3.380619088708817e-05,245.03931112605667
1728700200,3.2941285509973914e-05,3.380785676813995e-05,3.2941285509973914e-05,3.380785676813995e-05,202.38890659061036
1728700140,3.0257023730619437e-05,3.368610883315848e-05,3.0257023730619437e-05,3.2941285509973914e-05,1232.4668236149996
1728699960,3.466744950077549e-05,3.466744950077549e-05,3.0257023730619437e-05,3.0257023730619437e-05,720.2217766292058
1728699900,3.664142082540049e-05,3.664142082540049e-05,3.466744950077549e-05,3.466744950077549e-05,332.9961236551386
1728699660,3.694631041958203e-05,3.694631041958203e-05,3.659898921234422e-05,3.664142082540049e-05,108.16724690582426
1728699540,3.656089562370859e-05,3.694631041958203e-05,3.656089562370859e-05,3.694631041958203e-05,30.332827212464395
1728699480,3.924646168676994e-05,3.924646168676994e-05,3.382368235405501e-05,3.656089562370859e-05,553.4560260266436
1728699420,2.9583923362716712e-05,3.924646168676994e-05,2.9583923362716712e-05,3.924646168676994e-05,3676.4954390727366
1728699360,2.971299373241046e-05,2.971299373241046e-05,2.9583923362716712e-05,2.9583923362716712e-05,8.617051601740444
1728699180,2.8582670286713647e-05,2.971299373241046e-05,2.8582670286713647e-05,2.971299373241046e-05,14.565615996150871
1728699120,2.7599036136158384e-05,2.8582670286713647e-05,2.7599036136158384e-05,2.8582670286713647e-05,321.5663128127
1728699000,2.6873616581803804e-05,2.7599036136158384e-05,2.6873616581803804e-05,2.7599036136158384e-05,205.27797063193773
1728698940,2.6387444720675575e-05,2.6873616581803804e-05,2.6387444720675575e-05,2.6873616581803804e-05,36.41269430102925
1728698880,2.579788194828696e-05,2.6387444720675575e-05,2.579788194828696e-05,2.6387444720675575e-05,116.5265977361283
1728698820,2.5546722312242115e-05,2.579788194828696e-05,2.547482608454308e-05,2.579788194828696e-05,83.32527652760103
1728698640,2.5760365970643703e-05,2.5760365970643703e-05,2.5546722312242115e-05,2.5546722312242115e-05,29.1280284362506
1728698580,2.6249956837696917e-05,2.6249956837696917e-05,2.5760365970643703e-05,2.5760365970643703e-05,147.02122909762954
1728698520,2.6395083937001993e-05,2.6395083937001993e-05,2.6249956837696917e-05,2.6249956837696917e-05,1.0777794763490252
1728698040,2.62180777407682e-05,2.6395083937001993e-05,2.62180777407682e-05,2.6395083937001993e-05,14.594785685107624
1728697920,2.602865414976124e-05,2.6346105668149677e-05,2.602865414976124e-05,2.62180777407682e-05,1.7234756461964937
1728697860,2.535547838662154e-05,2.602865414976124e-05,2.535547838662154e-05,2.602865414976124e-05,98.95202674007102
1728697800,2.084376515418903e-05,2.535547838662154e-05,2.065223800289879e-05,2.535547838662154e-05,841.625018132528
1728697740,2.3489144597044938e-05,2.3489144597044938e-05,2.084376515418903e-05,2.084376515418903e-05,473.10768095501516
1728697680,2.3865373752770828e-05,2.3865373752770828e-05,2.3489144597044938e-05,2.3489144597044938e-05,33.40923008920661
1728697620,2.4276203166170525e-05,2.4276203166170525e-05,2.3865373752770828e-05,2.3865373752770828e-05,92.37190587044586
1728697500,2.4408898569791438e-05,2.4408898569791438e-05,2.4276203166170525e-05,2.4276203166170525e-05,43.54493886146189
1728697440,2.4908821622054846e-05,2.4908821622054846e-05,2.4408898569791438e-05,2.4408898569791438e-05,66.53727408510639
1728697320,2.8287356234421016e-05,2.8287356234421016e-05,2.4908821622054846e-05,2.4908821622054846e-05,549.891448877637
1728697200,2.812418620542629e-05,2.8287356234421016e-05,2.812418620542629e-05,2.8287356234421016e-05,80.3661416809991
1728697140,2.6679244630544784e-05,2.8171940015522e-05,2.6679244630544784e-05,2.812418620542629e-05,349.6328203206189
1728697080,2.8418116991720346e-05,2.8418116991720346e-05,2.558884911990899e-05,2.6679244630544784e-05,712.95950720159
1728697020,2.8617568448446423e-05,2.8617568448446423e-05,2.8418116991720346e-05,2.8418116991720346e-05,20.28615137113751
1728696840,2.9363623382305655e-05,2.9363623382305655e-05,2.8617568448446423e-05,2.8617568448446423e-05,137.21117339890776
1728696780,2.9434382151229836e-05,2.9434382151229836e-05,2.9363623382305655e-05,2.9363623382305655e-05,4.7126349480597165
1728696720,2.9319188164278516e-05,2.9434382151229836e-05,2.9319188164278516e-05,2.9434382151229836e-05,29.1875092684935
1728696660,3.0137812765428842e-05,3.0137812765428842e-05,2.9319188164278516e-05,2.9319188164278516e-05,108.60982634618895
1728696600,3.2034859591565806e-05,3.2034859591565806e-05,3.0137812765428842e-05,3.0137812765428842e-05,255.939226219134
1728696540,3.597462454051401e-05,3.597462454051401e-05,3.2034859591565806e-05,3.2034859591565806e-05,548.0986226631295
1728696480,3.3390023899288416e-05,3.611265022450231e-05,3.3390023899288416e-05,3.597462454051401e-05,371.46640920129323
1728696420,3.469504002344385e-05,3.469504002344385e-05,3.198815172999437e-05,3.3390023899288416e-05,939.158982774149
1728696360,3.3856173176608574e-05,3.4943665127344864e-05,3.3856173176608574e-05,3.469504002344385e-05,708.6659432901886
1728696300,3.0958794903290087e-05,3.3856173176608574e-05,3.0958794903290087e-05,3.3856173176608574e-05,541.485991787092
1728696240,3.0844026660074516e-05,3.137202497613375e-05,3.0844026660074516e-05,3.0958794903290087e-05,147.51444425495194
1728696180,2.6733881938758958e-05,3.0844026660074516e-05,2.522022550343435e-05,3.0844026660074516e-05,1311.808740831887
1728696120,2.491338073655638e-05,2.6733881938758958e-05,2.491338073655638e-05,2.6733881938758958e-05,456.62514873197773
1728696060,2.5595067279330264e-05,2.5595067279330264e-05,2.3150521074157296e-05,2.491338073655638e-05,788.7958576748678
1728696000,3.0929048218097167e-05,3.3052274910312384e-05,2.5028726440122356e-05,2.5595067279330264e-05,3152.2799876304744
1728695940,3.0622749713755296e-05,3.335730007890313e-05,3.0327135676634715e-05,3.0929048218097167e-05,1113.3090857550635
1728695880,3.7032485251603894e-05,3.7032485251603894e-05,3.0622749713755296e-05,3.0622749713755296e-05,1121.2533768649093
1728695820,3.654338533078715e-05,3.7032485251603894e-05,3.654338533078715e-05,3.7032485251603894e-05,116.89149895495424
1728695760,3.35807277572211e-05,3.654338533078715e-05,3.3105331574176436e-05,3.654338533078715e-05,512.1150183467269
1728695700,4.033456211314069e-05,4.033456211314069e-05,3.35807277572211e-05,3.35807277572211e-05,1004.0531157910804
1728695640,3.374401464370758e-05,4.033456211314069e-05,3.374401464370758e-05,4.033456211314069e-05,1656.6536351966706
1728695580,2.867996094079687e-05,3.374401464370758e-05,2.867996094079687e-05,3.374401464370758e-05,809.6949712444401
1728695520,2.524370904715561e-05,2.9300547861510577e-05,2.524370904715561e-05,2.867996094079687e-05,1062.09925867951
1728695460,2.6454820332468954e-05,2.6454820332468954e-05,2.524370904715561e-05,2.524370904715561e-05,336.9346627035782
1728695400,2.6683025642220117e-05,2.6683025642220117e-05,2.6454820332468954e-05,2.6454820332468954e-05,50.53171180611663
1728695340,2.660470319283242e-05,2.6997857521874865e-05,2.6321805274190382e-05,2.6683025642220117e-05,243.75008356889234
1728695280,2.6342338606191967e-05,2.6672949297574124e-05,2.6342338606191967e-05,2.660470319283242e-05,121.57961589725579
1728695220,2.6374647131546902e-05,2.6592651142313854e-05,2.6342338606191967e-05,2.6342338606191967e-05,92.63602963584653
1728695160,3.0165580606061913e-05,3.0165580606061913e-05,2.6374647131546902e-05,2.6374647131546902e-05,566.2853213299977
1728695100,2.9115355929445542e-05,3.092275366198566e-05,2.9115355929445542e-05,3.0165580606061913e-05,468.89800377586016
1728695040,2.9783943232034436e-05,3.0230305469509137e-05,2.8101573561613583e-05,2.9115355929445542e-05,609.8027627548919
1728694980,2.7370864265130895e-05,2.9783943232034436e-05,2.6160874672966966e-05,2.9783943232034436e-05,2869.7975830245
1728694920,2.7205356956747277e-05,2.7370864265130895e-05,2.627181373889795e-05,2.7370864265130895e-05,555.8475514960538
1728694860,3.309650446040632e-05,3.465707986233485e-05,2.7205356956747277e-05,2.7205356956747277e-05,2335.762870342778
1728694800,4.1452101337906534e-05,4.1811792893978986e-05,3.0098857348525187e-05,3.309650446040632e-05,4318.290166539939
1728694740,4.17509361552153e-05,4.7587299430730126e-05,4.1136079478002596e-05,4.1452101337906534e-05,1675.964699115858
1728694680,4.403579275934697e-05,4.520660255013572e-05,4.17509361552153e-05,4.17509361552153e-05,635.7686829755081
1728694620,5.6416276205968e-05,5.6416276205968e-05,4.403579275934697e-05,4.403579275934697e-05,2390.290989258011
1728694560,6.895009330990835e-05,6.936240387956551e-05,5.6416276205968e-05,5.6416276205968e-05,1890.8006265535694
1728694500,5.837743357470178e-05,7.594387701997734e-05,5.8326644501745054e-05,6.895009330990835e-05,3188.075267192587
1728694440,6.937256390018094e-05,6.937256390018094e-05,4.62856075383484e-05,5.837743357470178e-05,6939.121044259387
1728694380,0.00010435466961023939,0.0001070321472945363,6.937256390018094e-05,6.937256390018094e-05,14227.267981913938
1728694320,0.00016086246089893296,0.00016086246089893296,9.62356029001619e-05,0.00010435466961023939,7801.015998692726
1728694260,0.00019161875002295312,0.00019218692915329416,0.00016086246089893296,0.00016086246089893296,2145.473226506447
1728694200,0.00019998865371697471,0.00020022821906501832,0.00018266025964732994,0.00019161875002295312,2600.287253375756
1728694140,0.00016904135223730007,0.00020741689816661309,0.00016480197751651729,0.00019998865371697471,5321.677942170901
1728694080,0.00013932933348054726,0.00019086636586095382,0.00013680748903783932,0.00016904135223730007,8606.003865894792
1728694020,0.00017462430258121512,0.000247816616065463,0.00013459963152200643,0.00013932933348054726,15842.987280034273
1728693960,0.0002119106077145321,0.0002119106077145321,0.00017462430258121512,0.00017462430258121512,10163.729247115247
1728693900,0.00018988442080004658,0.00022638368442960902,0.00018988442080004658,0.0002119106077145321,5764.8527983949525
1728693840,0.0001855332005011539,0.00021572327213224845,0.00017655854876824103,0.00018988442080004658,5919.203567959641
1728693780,0.0001710452435055543,0.00018811450573052549,0.00017084050645677017,0.0001855332005011539,5095.150062791872
1728693720,0.00017522510575723206,0.00017835442872412305,0.0001532472257543032,0.0001710452435055543,4783.922493993523
1728693660,0.00015342979917017466,0.00017522510575723206,0.00014320630174904887,0.00017522510575723206,3892.0273939215303
1728693600,0.00014049284238618976,0.00015345711486111153,0.00014049284238618976,0.00015342979917017466,1237.4535151086254
1728693540,0.00012788676262919977,0.00014271400326714128,0.00012737551137801512,0.00014049284238618976,2047.7176533078275
1728693480,0.00012895009417588244,0.00014665099099416592,0.00012706892980753856,0.00012788676262919977,2849.9288418525475
1728693420,0.0001420174615809226,0.0001709545910774345,0.00012036821196258503,0.00012895009417588244,15569.52877642719
1728693360,0.00010467162317291467,0.000158706778177999,0.00010467162317291467,0.0001420174615809226,10708.203781786095
1728693300,0.00010382657769777588,0.0001229075838592404,0.00010382657769777588,0.00010467162317291467,5492.0701014720125
1728693240,0.00011196547676748163,0.00011196547676748163,8.613839313322681e-05,0.00010382657769777588,6946.650832306872
1728693180,0.00012870798182085214,0.00013840145516291313,0.00010698182661391342,0.00011196547676748163,6987.556968273192
1728693120,0.00011064727461733836,0.00014573572918313081,0.00011064727461733836,0.00012870798182085214,8164.027172117606
1728693060,0.00011775261640779809,0.00011920197223141752,9.318970583382886e-05,0.00011064727461733836,7679.04808916528
1728693000,0.00012163693034811614,0.00015357422743747572,0.00011216453158080594,0.00011775261640779809,10068.794559032314
1728692940,0.00018218465919325302,0.00019472087657335872,0.000106012943219762,0.00012163693034811614,39476.27251354612
1728692880,0.00021778897529080215,0.0002751071323338828,0.00018218465919325302,0.00018218465919325302,27041.06644797181
1728692820,0.000256179540528732,0.000274670087412413,0.0001607741718757287,0.00021778897529080215,45008.34824908182
1728692760,0.0003236166376951074,0.0003496120724011444,0.0002067725196834892,0.000256179540528732,48921.18166552397
1728692700,0.00043659760118638767,0.00043659760118638767,0.0002954051692970685,0.0003236166376951074,62045.81269532105
1728692640,0.00021339991518627225,0.00044228610317165965,0.0002017746427178112,0.00043659760118638767,67851.94438203961
1728692580,0.00015638984138751085,0.00025215526759577334,0.00012682774375880426,0.00021339991518627225,65258.16756119395
1728692520,0.00023599972392515374,0.00024207816311298098,0.00013430423354537848,0.00015638984138751085,58829.885210096436
1728692460,0.00020852949880460905,0.00036177527068539776,0.0001962100467250581,0.00023599972392515374,98818.26967382905
1728692400,0.0001572804405385937,0.00025640254739711557,0.00012793908997077476,0.00020852949880460905,46666.78724974994
1728692340,6.148223225021252e-05,0.00017908631953900595,4.783287692301994e-05,0.0001572804405385937,54242.22679753059
