0,1,2,3,4,5
1729920480,4.105571891766728e-05,4.107920962636283e-05,4.105571891766728e-05,4.107920962636283e-05,1.2323048653139295
1729920180,4.1162971946636086e-05,4.1162971946636086e-05,4.105571891766728e-05,4.105571891766728e-05,11.467517946331212
1729920000,4.122742503327455e-05,4.122742503327455e-05,4.1162971946636086e-05,4.1162971946636086e-05,20.368689696665424
1729919940,4.120561004824967e-05,4.122742503327455e-05,4.120561004824967e-05,4.122742503327455e-05,0.1528867220056121
1729919820,4.1206721938699155e-05,4.120840647548325e-05,4.12013834984754e-05,4.120561004824967e-05,3.368497622649359
1729919640,4.137694747206763e-05,4.1415078380763233e-05,4.1206721938699155e-05,4.1206721938699155e-05,19.867406920186458
1729919580,4.116577552288164e-05,4.137694747206763e-05,4.116577552288164e-05,4.137694747206763e-05,2.409507071111715
1729919520,4.1693442707500645e-05,4.1693442707500645e-05,4.116577552288164e-05,4.116577552288164e-05,52.56715430401955
1729919460,4.167809677019241e-05,4.1693442707500645e-05,4.167809677019241e-05,4.1693442707500645e-05,2.8549363609349374
1729919400,4.148272117553088e-05,4.167809677019241e-05,4.148272117553088e-05,4.167809677019241e-05,2.495084343025656
1729919220,4.1629764358690014e-05,4.1629764358690014e-05,4.148272117553088e-05,4.148272117553088e-05,24.50450985767041
1729919100,4.1599893471706064e-05,4.1629764358690014e-05,4.1599893471706064e-05,4.1629764358690014e-05,5.934322909331262
1729918800,4.1555506385735066e-05,4.1599893471706064e-05,4.1555506385735066e-05,4.1599893471706064e-05,4.136299523975899
1729918260,4.160083096380587e-05,4.160083096380587e-05,4.1555506385735066e-05,4.1555506385735066e-05,6.724862142413844
1729918200,4.267493401514986e-05,4.267493401514986e-05,4.160083096380587e-05,4.160083096380587e-05,130.19002687865336
1729918140,4.438109573097341e-05,4.438109573097341e-05,4.267493401514986e-05,4.267493401514986e-05,275.92780178132875
1729917960,4.4402374390670124e-05,4.4402374390670124e-05,4.438109573097341e-05,4.438109573097341e-05,8.67082922573082
1729917900,4.508105408230265e-05,4.508105408230265e-05,4.4402374390670124e-05,4.4402374390670124e-05,89.25661296743915
1729917840,4.565957400857789e-05,4.565957400857789e-05,4.508105408230265e-05,4.508105408230265e-05,151.96136758466392
1729917780,4.567021493356422e-05,4.567021493356422e-05,4.565957400857789e-05,4.565957400857789e-05,1.4188218582465446
1729917720,4.682668396829072e-05,4.682668396829072e-05,4.567021493356422e-05,4.567021493356422e-05,1.7836207137323639
1729917660,4.48428342535564e-05,4.682668396829072e-05,4.48428342535564e-05,4.682668396829072e-05,536.9466938924514
1729917600,4.416164750654047e-05,4.48428342535564e-05,4.399892229145156e-05,4.48428342535564e-05,335.2816772693632
1729917540,4.604583163595607e-05,4.604583163595607e-05,4.416164750654047e-05,4.416164750654047e-05,446.58459625463115
1729917420,4.645298666211623e-05,4.645298666211623e-05,4.604583163595607e-05,4.604583163595607e-05,121.10887315859536
1729917360,4.668149933561282e-05,4.668149933561282e-05,4.645298666211623e-05,4.645298666211623e-05,1.1160079116294601
1729917240,4.665907957677815e-05,4.668149933561282e-05,4.665907957677815e-05,4.668149933561282e-05,2.8241398341829145
1729917180,4.718204003127088e-05,4.718204003127088e-05,4.665907957677815e-05,4.665907957677815e-05,86.74355327744944
1729917120,4.762097882995335e-05,4.762097882995335e-05,4.718204003127088e-05,4.718204003127088e-05,19.95589858286613
1729917000,4.81091989773452e-05,4.8420576250430674e-05,4.688974154410089e-05,4.762097882995335e-05,267.8612308138999
1729916880,4.822284405503713e-05,4.822284405503713e-05,4.81091989773452e-05,4.81091989773452e-05,2.4054599488672603
1729916820,4.830877917860362e-05,4.830877917860362e-05,4.822284405503713e-05,4.822284405503713e-05,30.770985311058485
1729916460,4.839230135347527e-05,4.839230135347527e-05,4.830877917860362e-05,4.830877917860362e-05,12.298919177088681
1729916400,4.844221097458954e-05,4.844221097458954e-05,4.839230135347527e-05,4.839230135347527e-05,8.472101717633857
1729916280,4.854792211065867e-05,4.854792211065867e-05,4.844221097458954e-05,4.844221097458954e-05,9.937700827263338
1729916220,4.870044113337324e-05,4.870044113337324e-05,4.854792211065867e-05,4.854792211065867e-05,20.932929892914693
1729916160,4.890368089730344e-05,4.890368089730344e-05,4.870044113337324e-05,4.870044113337324e-05,26.59612266490121
1729916100,4.91690095064653e-05,4.91690095064653e-05,4.890368089730344e-05,4.890368089730344e-05,29.623421132635347
1729916040,4.842982790387385e-05,4.91690095064653e-05,4.842982790387385e-05,4.91690095064653e-05,23.86568505725753
1729915980,4.746385954547762e-05,4.842982790387385e-05,4.746385954547762e-05,4.842982790387385e-05,200.5225589868869
1729915740,4.780500389223821e-05,4.780500389223821e-05,4.746385954547762e-05,4.746385954547762e-05,0.3671327301718825
1729915680,4.844348263794122e-05,4.844348263794122e-05,4.780500389223821e-05,4.780500389223821e-05,107.53225219296331
1729915620,4.82094617225301e-05,4.844348263794122e-05,4.82094617225301e-05,4.844348263794122e-05,4.217242431187804
1729915500,4.824649365216936e-05,4.824649365216936e-05,4.82094617225301e-05,4.82094617225301e-05,4.7418872281776
1729915380,4.826698504619634e-05,4.826698504619634e-05,4.824649365216936e-05,4.824649365216936e-05,3.628720862734524
1729915320,4.829485676538008e-05,4.829485676538008e-05,4.826698504619634e-05,4.826698504619634e-05,2.482875168009343
1729915260,4.849415949376187e-05,4.849415949376187e-05,4.829485676538008e-05,4.829485676538008e-05,5.637322060143356
1729915080,4.8307572420503565e-05,4.849415949376187e-05,4.8191084995297685e-05,4.849415949376187e-05,22.46698055595825
1729915020,4.847465742111216e-05,4.847465742111216e-05,4.8307572420503565e-05,4.8307572420503565e-05,31.832935187914792
1729914960,4.901405286103192e-05,4.901405286103192e-05,4.847465742111216e-05,4.847465742111216e-05,17.0421274097035
1729914840,4.962061481371406e-05,4.962061481371406e-05,4.901405286103192e-05,4.901405286103192e-05,157.449380713163
1729914780,4.9910941499850746e-05,4.9910941499850746e-05,4.962061481371406e-05,4.962061481371406e-05,46.94575628814027
1729914600,4.972635401387206e-05,4.9910941499850746e-05,4.972635401387206e-05,4.9910941499850746e-05,7.6207216059870095
1729914540,4.917050395228399e-05,4.972635401387206e-05,4.906539522056433e-05,4.972635401387206e-05,144.34062702465368
1729914420,4.9413541723430684e-05,4.9413541723430684e-05,4.917050395228399e-05,4.917050395228399e-05,29.164007987665435
1729914360,4.9905640455959883e-05,4.9905640455959883e-05,4.9413541723430684e-05,4.9413541723430684e-05,65.87029845467295
1729914180,4.9902794512001956e-05,4.9905640455959883e-05,4.9902794512001956e-05,4.9905640455959883e-05,18.02581632627152
1729914060,5.170475547689682e-05,5.170475547689682e-05,4.9902794512001956e-05,4.9902794512001956e-05,293.4038562419437
1729914000,5.290019662790497e-05,5.2945373551547295e-05,5.170475547689682e-05,5.170475547689682e-05,189.481015838956
1729913820,5.311439790921237e-05,5.311439790921237e-05,5.290019662790497e-05,5.290019662790497e-05,22.508028276834576
1729913760,5.444155778794625e-05,5.444155778794625e-05,5.299143923967609e-05,5.311439790921237e-05,80.90184985509138
1729913700,5.746123584460013e-05,5.746123584460013e-05,5.444155778794625e-05,5.444155778794625e-05,289.03967468193105
1729913640,5.996863450717409e-05,5.996863450717409e-05,5.746123584460013e-05,5.746123584460013e-05,537.6955414931984
1729913580,5.7712151002376583e-05,5.996863450717409e-05,5.7712151002376583e-05,5.996863450717409e-05,53.86004146500959
1729913520,5.387292485370738e-05,5.7712151002376583e-05,5.387292485370738e-05,5.7712151002376583e-05,752.1748898071456
1729913460,5.332739419542006e-05,5.387292485370738e-05,5.332739419542006e-05,5.387292485370738e-05,32.99562423177329
1729913340,5.37051282001767e-05,5.37051282001767e-05,5.332739419542006e-05,5.332739419542006e-05,5.370597863253593
1729913280,5.353386714675777e-05,5.37051282001767e-05,5.342793246204543e-05,5.37051282001767e-05,3.6595549488947547
1729913160,5.310887855322995e-05,5.353386714675777e-05,5.310887855322995e-05,5.353386714675777e-05,49.434791899986834
1729913040,5.342427166277996e-05,5.342427166277996e-05,5.310887855322995e-05,5.310887855322995e-05,5.228643596771569
1729912920,5.3886624641475736e-05,5.396155756230879e-05,5.342427166277996e-05,5.342427166277996e-05,92.84868446857534
1729912800,5.374310040435614e-05,5.3886624641475736e-05,5.374310040435614e-05,5.3886624641475736e-05,16.47809712845368
1729912740,5.331622871885777e-05,5.374310040435614e-05,5.331622871885777e-05,5.374310040435614e-05,21.497240161742454
1729912680,5.20986698248498e-05,5.331622871885777e-05,5.20986698248498e-05,5.331622871885777e-05,159.47996335215564
1729912620,5.1976457833770914e-05,5.20986698248498e-05,5.1976457833770914e-05,5.20986698248498e-05,0.6073294274867389
1729912560,5.2587769261518414e-05,5.2587769261518414e-05,5.1900888020111805e-05,5.1976457833770914e-05,275.0185301885642
1729912500,5.261728324182058e-05,5.261728324182058e-05,5.2587769261518414e-05,5.2587769261518414e-05,0.5179265678339022
1729912440,5.415739251585584e-05,5.415739251585584e-05,5.245801449849806e-05,5.261728324182058e-05,160.07710909562007
1729912380,5.572150168933901e-05,5.572150168933901e-05,5.415739251585584e-05,5.415739251585584e-05,380.41072343276466
1729912320,5.5899171013564646e-05,5.5899171013564646e-05,5.572150168933901e-05,5.572150168933901e-05,43.64966061678906
1729912260,5.594895526222704e-05,5.594895526222704e-05,5.5899171013564646e-05,5.5899171013564646e-05,4.5402488246938795
1729912140,5.603081120476649e-05,5.603081120476649e-05,5.594895526222704e-05,5.594895526222704e-05,8.632471003913011
1729912080,5.699600770684349e-05,5.699600770684349e-05,5.603081120476649e-05,5.603081120476649e-05,13.521161423120875
1729912020,5.832110687263751e-05,5.832110687263751e-05,5.699600770684349e-05,5.699600770684349e-05,247.40196375166457
1729911960,5.876077941592752e-05,5.876077941592752e-05,5.832110687263751e-05,5.832110687263751e-05,105.07176357815491
1729911900,6.369023801590227e-05,6.369023801590227e-05,5.876077941592752e-05,5.876077941592752e-05,613.1005675866115
1729911720,6.394514083405527e-05,6.394514083405527e-05,6.369023801590227e-05,6.369023801590227e-05,34.76229718257212
1729911600,6.40829750399367e-05,6.40829750399367e-05,6.394514083405527e-05,6.394514083405527e-05,4.476159858383869
1729911480,6.412861946281982e-05,6.412861946281982e-05,6.40829750399367e-05,6.40829750399367e-05,9.905037387199123
1729911420,6.41387463901676e-05,6.41387463901676e-05,6.412861946281982e-05,6.412861946281982e-05,1.6765596397777962
1729911300,6.419142530221559e-05,6.419142530221559e-05,6.41387463901676e-05,6.41387463901676e-05,0.8917890400917027
1729911240,6.435903906042317e-05,6.435903906042317e-05,6.419142530221559e-05,6.419142530221559e-05,10.162561994149323
1729911180,6.447591815497579e-05,6.447591815497579e-05,6.435903906042317e-05,6.435903906042317e-05,8.228599035586928
1729911120,6.473676089033849e-05,6.473676089033849e-05,6.447591815497579e-05,6.447591815497579e-05,21.346394563183498
1729911060,6.523248257542706e-05,6.523248257542706e-05,6.473676089033849e-05,6.473676089033849e-05,44.57795180862327
1729911000,6.574339084366613e-05,6.574339084366613e-05,6.523248257542706e-05,6.523248257542706e-05,81.51126695616841
1729910940,6.588999892698279e-05,6.588999892698279e-05,6.555587803150756e-05,6.574339084366613e-05,47.06777595079709
1729910880,6.673528193072901e-05,6.673528193072901e-05,6.588999892698279e-05,6.588999892698279e-05,176.63037638486384
1729910820,6.682908674063084e-05,6.70885106972153e-05,6.595982313219901e-05,6.673528193072901e-05,479.6302476728154
1729910760,6.578793993671322e-05,6.715557738351474e-05,6.578793993671322e-05,6.682908674063084e-05,184.29556192405533
1729910580,6.608771781562331e-05,6.643377590614645e-05,6.578793993671322e-05,6.578793993671322e-05,132.90515976852768
1729910520,6.980643201979273e-05,6.980643201979273e-05,6.608771781562331e-05,6.608771781562331e-05,480.218915322319
1729910400,7.359199169210617e-05,7.359199169210617e-05,6.980643201979273e-05,6.980643201979273e-05,418.5827852739144
1729910340,7.444955721789282e-05,7.444955721789282e-05,7.359199169210617e-05,7.359199169210617e-05,77.94116678715311
1729910280,7.808682697178785e-05,7.808682697178785e-05,7.444955721789282e-05,7.444955721789282e-05,123.45352458826675
1729910220,8.25239235017602e-05,8.25239235017602e-05,7.808682697178785e-05,7.808682697178785e-05,724.3110550269081
1729910160,8.075477695063193e-05,8.25239235017602e-05,8.075477695063193e-05,8.25239235017602e-05,269.9633213197802
1729910100,7.553602329196149e-05,8.075477695063193e-05,7.553602329196149e-05,8.075477695063193e-05,883.9695824142074
1729910040,7.416455228682241e-05,7.553602329196149e-05,7.37968001678325e-05,7.553602329196149e-05,259.5400970076401
1729909980,7.371682497066647e-05,7.418992536929499e-05,7.371682497066647e-05,7.416455228682241e-05,66.14022049343367
1729909920,7.381455813698764e-05,7.381455813698764e-05,7.371682497066647e-05,7.371682497066647e-05,16.177673273289233
1729909860,7.490741442160157e-05,7.490741442160157e-05,7.381455813698764e-05,7.381455813698764e-05,176.34729623265144
1729909800,7.501931077596605e-05,7.501931077596605e-05,7.452909970559922e-05,7.490741442160157e-05,31.599368878541185
1729909740,7.638149113175347e-05,7.638149113175347e-05,7.501931077596605e-05,7.501931077596605e-05,186.16233028888783
1729909620,7.66473444765262e-05,7.66473444765262e-05,7.638149113175347e-05,7.638149113175347e-05,1.9170990459158803
1729909560,7.751960575252892e-05,7.751960575252892e-05,7.66473444765262e-05,7.66473444765262e-05,154.0217134812446
1729909500,7.702361981821257e-05,7.751960575252892e-05,7.702361981821257e-05,7.751960575252892e-05,43.81169681839939
1729909440,7.743990060193037e-05,7.743990060193037e-05,7.702361981821257e-05,7.702361981821257e-05,10.04273110164318
1729909320,7.73218748019503e-05,7.743990060193037e-05,7.708233627610225e-05,7.743990060193037e-05,22.716156395287356
1729909200,7.774214058592298e-05,7.774214058592298e-05,7.73218748019503e-05,7.73218748019503e-05,33.98293133627004
1729909140,7.852099905690772e-05,7.852099905690772e-05,7.774214058592298e-05,7.774214058592298e-05,124.24706382457897
1729909080,8.064353507627979e-05,8.064353507627979e-05,7.852099905690772e-05,7.852099905690772e-05,12.235199289807474
1729909020,8.365510804464396e-05,8.365510804464396e-05,8.064353507627979e-05,8.064353507627979e-05,469.56131784990856
1729908960,8.462777368975694e-05,8.494326166722848e-05,8.365510804464396e-05,8.365510804464396e-05,205.76503764259206
1729908900,8.5395792585888e-05,8.5395792585888e-05,8.462777368975694e-05,8.462777368975694e-05,98.44170323328008
1729908780,8.559410613354315e-05,8.559410613354315e-05,8.5395792585888e-05,8.5395792585888e-05,2.818061155334304
1729908540,8.577580038203596e-05,8.577580038203596e-05,8.559410613354315e-05,8.559410613354315e-05,10.601990858810804
1729908480,8.595338295478355e-05,8.595338295478355e-05,8.577580038203596e-05,8.577580038203596e-05,14.992843183061888
1729908300,8.574635286745546e-05,8.595338295478355e-05,8.574635286745546e-05,8.595338295478355e-05,24.738308316695953
1729908240,8.657003165561154e-05,8.657003165561154e-05,8.539906873481439e-05,8.574635286745546e-05,342.9006195799488
1729908180,8.371186253534718e-05,8.657003165561154e-05,8.371186253534718e-05,8.657003165561154e-05,73.34148535048698
1729908120,7.986227370396652e-05,8.371186253534718e-05,7.986227370396652e-05,8.371186253534718e-05,816.4889748828543
1729908060,8.036441565704049e-05,8.036441565704049e-05,7.986227370396652e-05,7.986227370396652e-05,39.28112875361983
1729908000,8.263760527073966e-05,8.263760527073966e-05,8.036441565704049e-05,8.036441565704049e-05,251.82485008817113
1729907940,8.310172263771558e-05,8.330449045711981e-05,8.263760527073966e-05,8.263760527073966e-05,52.422639490088365
1729907880,8.431484900331095e-05,8.431484900331095e-05,8.310172263771558e-05,8.310172263771558e-05,185.37353332339856
1729907760,8.440482385825278e-05,8.440482385825278e-05,8.431484900331095e-05,8.431484900331095e-05,11.366301837068997
1729907700,8.7961832808908e-05,8.7961832808908e-05,8.440482385825278e-05,8.440482385825278e-05,313.6721157617472
1729907640,8.81158480952218e-05,8.906825483704933e-05,8.7961832808908e-05,8.7961832808908e-05,255.83275143755964
1729907580,8.599978089801864e-05,8.813517614046389e-05,8.507399911383071e-05,8.81158480952218e-05,653.1812815860741
1729907520,8.588563409781639e-05,8.599978089801864e-05,8.533086184039489e-05,8.599978089801864e-05,11.010467946794307
1729907400,8.449051369692498e-05,8.588563409781639e-05,8.449051369692498e-05,8.588563409781639e-05,95.96415349130316
1729907280,8.80362146988043e-05,8.80362146988043e-05,8.188199189891048e-05,8.449051369692498e-05,1126.375025427223
1729907160,8.853470478856474e-05,8.853470478856474e-05,8.791512278733377e-05,8.80362146988043e-05,26.095926764867354
1729907100,8.820103422899616e-05,8.853470478856474e-05,8.755745021320599e-05,8.853470478856474e-05,210.82051783896821
1729907040,8.875559439899408e-05,8.966058286763482e-05,8.763126119232073e-05,8.820103422899616e-05,426.65528659438473
1729906980,8.843145760318526e-05,8.875559439899408e-05,8.843145760318526e-05,8.875559439899408e-05,42.83168742215062
1729906920,9.021745076561004e-05,9.021745076561004e-05,8.747888472740942e-05,8.843145760318526e-05,269.4331168592571
1729906860,9.212344716551052e-05,9.212344716551052e-05,9.021745076561004e-05,9.021745076561004e-05,318.0430701180554
1729906800,8.918963665310841e-05,9.212344716551052e-05,8.918963665310841e-05,9.212344716551052e-05,91.18158464237953
1729906740,8.516256108227645e-05,8.918963665310841e-05,8.516256108227645e-05,8.918963665310841e-05,644.5154841129487
1729906680,8.208682378451345e-05,8.527905782103463e-05,8.208682378451345e-05,8.516256108227645e-05,597.5632556986948
1729906620,8.847137400848885e-05,8.847137400848885e-05,8.078463790893164e-05,8.208682378451345e-05,1144.2769983226995
1729906560,9.078005666594048e-05,9.078005666594048e-05,8.828724895272222e-05,8.847137400848885e-05,228.47477290944593
1729906500,9.123611971830507e-05,9.130111949328186e-05,9.055573944985399e-05,9.078005666594048e-05,44.04885088149443
1729906440,8.718896011798134e-05,9.123611971830507e-05,8.718896011798134e-05,9.123611971830507e-05,379.0483838681722
1729906380,8.855542073227302e-05,8.880144700763434e-05,8.718896011798134e-05,8.718896011798134e-05,358.18733981067817
1729906140,8.789896910464246e-05,9.03490556450473e-05,8.679888564115566e-05,8.855542073227302e-05,469.6550309144396
1729906080,8.658377083267763e-05,8.789896910464246e-05,8.658377083267763e-05,8.789896910464246e-05,78.35206086223924
1729906020,8.71336839649319e-05,8.932951984107237e-05,8.438089050476764e-05,8.658377083267763e-05,1834.222032877153
1729905960,8.986885686532762e-05,8.986885686532762e-05,8.71336839649319e-05,8.71336839649319e-05,314.1161218203383
1729905900,9.468482599984292e-05,9.468482599984292e-05,8.986885686532762e-05,8.986885686532762e-05,497.68357403894186
1729905840,0.0001194590126066838,0.0001194590126066838,9.468482599984292e-05,9.468482599984292e-05,4943.5682815794
1729905780,0.00011956759194775296,0.00011956759194775296,0.00011889028730326616,0.0001194590126066838,133.94121624147246
1729905720,0.0001229577427448917,0.0001229577427448917,0.00011956759194775296,0.00011956759194775296,432.0814196831501
1729905660,0.0001200185029530063,0.0001229577427448917,0.0001200185029530063,0.0001229577427448917,497.7994212665812
1729905600,0.0001126905673161416,0.0001242869543296769,0.0001126905673161416,0.0001200185029530063,2695.436229048335
1729905540,0.00012032385423293223,0.00012032385423293223,0.00010924628685245295,0.0001126905673161416,470.0584523301601
1729905480,0.00010721171934466227,0.00013490861193969387,0.00010683936192656822,0.00012032385423293223,6193.764000234504
1729905420,0.00010059246727316535,0.00010721171934466227,9.995481815456426e-05,0.00010721171934466227,800.0858361495823
1729905360,0.00010475252722786197,0.00010475252722786197,0.00010059246727316535,0.00010059246727316535,459.85502302739803
1729905300,0.00010612801157728631,0.00010612801157728631,0.00010475252722786197,0.00010475252722786197,260.04744424441344
1729905240,9.811848625620781e-05,0.00010612801157728631,9.811848625620781e-05,0.00010612801157728631,1214.999963040095
1729905180,9.191820724109986e-05,9.827902121844462e-05,9.149100507975835e-05,9.811848625620781e-05,862.0190950045576
1729905120,9.194607625559071e-05,9.194607625559071e-05,9.143460316441022e-05,9.191820724109986e-05,64.1054333554826
1729905060,9.302570642016757e-05,9.302570642016757e-05,9.194607625559071e-05,9.194607625559071e-05,120.19734085886105
1729905000,9.42624941219589e-05,9.42624941219589e-05,9.302570642016757e-05,9.302570642016757e-05,123.58886505312584
1729904940,9.716902853498589e-05,9.716902853498589e-05,9.42624941219589e-05,9.42624941219589e-05,207.81053866210985
1729904880,9.99109738984546e-05,9.99109738984546e-05,9.70512635275426e-05,9.716902853498589e-05,762.5490080715074
1729904820,0.0001005082672091362,0.0001005082672091362,9.99109738984546e-05,9.99109738984546e-05,33.871586293916955
1729904760,9.892997615539786e-05,0.0001005082672091362,9.868783646813309e-05,0.0001005082672091362,364.98675138461556
1729904700,9.82244134058274e-05,0.00010012524835755259,9.82244134058274e-05,9.892997615539786e-05,238.78699090570805
1729904640,9.489751354355043e-05,9.899379354921085e-05,9.353989315618759e-05,9.82244134058274e-05,847.5038767347708
1729904580,9.334507528861355e-05,9.622341287203505e-05,9.334507528861355e-05,9.489751354355043e-05,383.98010587246256
1729904520,9.342758225578739e-05,9.359336841789555e-05,9.245541409900856e-05,9.334507528861355e-05,498.0567366317111
1729904460,9.449938618385839e-05,9.449938618385839e-05,9.342758225578739e-05,9.342758225578739e-05,100.2581286430486
1729904400,9.586869742007172e-05,9.851773407334395e-05,9.449938618385839e-05,9.449938618385839e-05,786.9054435358984
1729904340,9.684630769635795e-05,9.707795991341401e-05,9.278346724662199e-05,9.586869742007172e-05,736.0370977921622
1729904280,0.00010006226212722936,0.00010006226212722936,9.684630769635795e-05,9.684630769635795e-05,620.8265906962945
1729904220,0.0001001259505897826,0.00010071335732423557,9.98363385071801e-05,0.00010006226212722936,132.83543407293928
1729904160,0.00010504618906660194,0.00010512360397030377,0.0001001259505897826,0.0001001259505897826,583.8592809777533
1729904100,0.0001086070694461078,0.0001086070694461078,0.00010478868183841522,0.00010504618906660194,559.6523760881655
1729904040,0.00010947533083302645,0.00010969090500488185,0.0001086070694461078,0.0001086070694461078,134.58386632737546
1729903980,9.903904491312313e-05,0.0001099903331640255,9.831983260333246e-05,0.00010947533083302645,1328.5829149271121
1729903920,9.550203055581913e-05,9.903904491312313e-05,9.52507263310033e-05,9.903904491312313e-05,395.7248562452105
1729903860,0.00010040935769348814,0.00010106730860069783,9.546598261955362e-05,9.550203055581913e-05,734.0353203715196
1729903800,0.00010580369431334342,0.00010580369431334342,0.00010023015563508558,0.00010040935769348814,575.1921750550972
1729903740,0.00010683646550697598,0.0001071739251867273,0.00010505125863388421,0.00010580369431334342,427.50138541455897
1729903680,0.00011487004457463637,0.00011487004457463637,9.617161959279928e-05,0.00010683646550697598,4349.473872535473
1729903620,0.00011653151804519997,0.00011685903860001578,0.00011188028207187465,0.00011487004457463637,896.3421136618293
1729903560,0.00013249970501116575,0.00013392551168613947,0.00011653151804519997,0.00011653151804519997,2023.1754826739111
1729903500,0.00013772744919162696,0.00013772744919162696,0.0001298534418009019,0.00013249970501116575,1827.5055780442553
1729903440,0.00013650024414293282,0.0001378122564277114,0.00013471384955574537,0.00013772744919162696,710.0903555703012
1729903380,0.00012464797424536814,0.00013650024414293282,0.00012464797424536814,0.00013650024414293282,1050.1275798460374
1729903320,0.0001263665423958373,0.0001263665423958373,0.00012459375505182162,0.00012464797424536814,266.32734807592567
1729903260,0.00012650205690419315,0.00012650205690419315,0.00012571942152637183,0.0001263665423958373,65.93478493963691
1729903200,0.000125804697829016,0.0001276331275747916,0.000125804697829016,0.00012650205690419315,369.4761085360351
1729903140,0.00012579959504506775,0.00012630453606597244,0.0001254615867251607,0.000125804697829016,201.3885883345232
1729903080,0.00012786816650368687,0.00012791510558002718,0.00012579959504506775,0.00012579959504506775,315.1400820157067
1729903020,0.00011681770323265314,0.00012820377885575636,0.00011668833999944028,0.00012786816650368687,1460.2038401634923
1729902960,0.00012189282869913064,0.00012248067629135718,0.00011681770323265314,0.00011681770323265314,638.6268978895005
1729902900,0.00012156955361932637,0.0001250662602845714,0.00012156955361932637,0.00012189282869913064,639.6870739705168
1729902840,0.00012547666035862907,0.00012547666035862907,0.00012030078677207561,0.00012156955361932637,787.1763113249094
1729902780,0.00015509918182131778,0.00015509918182131778,0.00011765944579650859,0.00012547666035862907,4652.176082915276
1729902720,0.00015554460952377184,0.00015746201007133776,0.00015509918182131778,0.00015509918182131778,305.58859874032106
1729902660,0.00015337323114694853,0.00015554460952377184,0.00015206512142291808,0.00015554460952377184,502.2992624411512
1729902600,0.0001567315685373002,0.0001567315685373002,0.00015300731547736798,0.00015337323114694853,334.54739730219
1729902540,0.00015308889359221274,0.00015794067321578642,0.00015308889359221274,0.0001567315685373002,1084.371564646278
1729902480,0.00013715503162849854,0.00015325664753320723,0.0001366570826543623,0.00015308889359221274,4458.103154975372
1729902420,0.00014320909016965794,0.00014659426339346543,0.00013436815274431218,0.00013715503162849854,2875.0185385041204
1729902360,0.00014576968085767587,0.00014576968085767587,0.00014320909016965794,0.00014320909016965794,432.84182689817555
1729902300,0.00014551838982437528,0.00014783764379808247,0.00014551838982437528,0.00014576968085767587,590.4434582182212
1729902240,0.00013395468349543688,0.0001474815800233122,0.0001316773263371713,0.00014551838982437528,2132.894800460394
1729902180,0.000125613925910758,0.00013395468349543688,0.0001243598565733691,0.00013395468349543688,1289.8964424480214
1729902120,0.00011793851998949947,0.000125613925910758,0.00011789124593105944,0.000125613925910758,3649.2241945377236
1729902060,0.00011357932500505807,0.00011861160139196199,0.00011357932500505807,0.00011793851998949947,513.9270676732998
1729902000,0.00010685981026170863,0.00011389223630727979,0.00010685981026170863,0.00011357932500505807,392.1526342839952
1729901940,0.00010314101100411658,0.00010685981026170863,0.00010192517583212933,0.00010685981026170863,889.347222758983
1729901880,0.00010713172370831027,0.00010908988930778855,9.817864827870015e-05,0.00010314101100411658,3389.0668049519513
1729901820,0.00010764820875487337,0.00010765296884969685,0.00010695699902934304,0.00010713172370831027,129.4328009752449
1729901760,0.00010827566796433857,0.00011086560433560453,0.00010764820875487337,0.00010764820875487337,568.5499030144194
1729901700,0.00011405610629049681,0.00011422679028160677,0.00010827566796433857,0.00010827566796433857,989.073302462883
1729901640,0.00011607582791269775,0.00011607582791269775,0.00011405610629049681,0.00011405610629049681,296.31805748643694
1729901580,0.00011774952685926233,0.00011774952685926233,0.00011517681183927687,0.00011607582791269775,338.08679365785997
1729901520,0.00011767326284641005,0.00011856431306307279,0.00011725185581830067,0.00011774952685926233,287.26743146626404
1729901460,0.00011727031812985434,0.00011767326284641005,0.00010701577736663559,0.00011767326284641005,2147.0097304536844
1729901400,0.000116441131882113,0.0001177893919856819,0.00011613764680396831,0.00011727031812985434,269.5999599351217
1729901340,0.00010893657871717279,0.00012297631150000676,0.000108833585668884,0.000116441131882113,2328.820475251215
1729901280,0.0001233223107781082,0.0001233223107781082,0.00010893657871717279,0.00010893657871717279,1683.9801485794294
1729901220,0.0001180394924765016,0.0001233223107781082,0.00011399408090078024,0.0001233223107781082,1415.380231038875
1729901160,0.00011476691548995856,0.00012911120748255016,0.00010277319972950343,0.0001180394924765016,8233.013508782407
1729901100,9.84422175225684e-05,0.00011590117449024608,9.716018811755506e-05,0.00011476691548995856,2624.4498566866764
1729901040,9.437881824113077e-05,9.84422175225684e-05,9.437881824113077e-05,9.84422175225684e-05,535.4464707543129
1729900980,8.840688339973695e-05,9.437881824113077e-05,8.840688339973695e-05,9.437881824113077e-05,1563.6829096696217
1729900920,8.906107220179433e-05,8.906107220179433e-05,8.807559976050471e-05,8.840688339973695e-05,230.87909356843866
1729900860,8.689344657704761e-05,8.906107220179433e-05,8.689344657704761e-05,8.906107220179433e-05,473.84507115952147
1729900800,8.672394646989142e-05,9.015563973338854e-05,8.653535115500045e-05,8.689344657704761e-05,1029.7456163229008
1729900740,8.559403646542746e-05,8.706800882847303e-05,8.559403646542746e-05,8.672394646989142e-05,156.48456301886554
1729900680,8.758361917591663e-05,8.758361917591663e-05,8.213976728957725e-05,8.559403646542746e-05,1558.9414192296933
1729900620,9.243322636625395e-05,9.311142650780173e-05,8.661760296183508e-05,8.758361917591663e-05,1585.39048015284
1729900560,9.414325346608933e-05,9.414325346608933e-05,9.243322636625395e-05,9.243322636625395e-05,200.71486837503076
1729900500,9.547119689030578e-05,9.547119689030578e-05,9.414325346608933e-05,9.414325346608933e-05,251.57191122297533
1729900440,9.757662249497137e-05,9.757662249497137e-05,9.547119689030578e-05,9.547119689030578e-05,391.26123498421146
1729900380,9.390911384767698e-05,0.00010366152002452116,9.38373154236786e-05,9.757662249497137e-05,2138.270885272942
1729900320,9.583041821452731e-05,9.583041821452731e-05,9.390911384767698e-05,9.390911384767698e-05,525.3362354399154
1729900260,0.00010833573471670874,0.00010833573471670874,9.310448515771796e-05,9.583041821452731e-05,1186.0145246968311
1729900200,0.00010288697754621402,0.00010833573471670874,9.289786510478418e-05,0.00010833573471670874,4806.51570592533
1729900140,0.00010287510865150455,0.00010541803545499669,0.00010048859875116547,0.00010288697754621402,1362.2274176364604
1729900080,0.00012818536471464838,0.00012818536471464838,9.38475182109793e-05,0.00010287510865150455,6366.009838959499
1729900020,0.00012837578850226933,0.00012873232105898886,0.00012728968120464333,0.00012818536471464838,203.94592512154486
1729899960,0.00012854258860678917,0.00012911650714935366,0.00012818665336430498,0.00012837578850226933,160.85931331345915
1729899900,0.0001308975595452307,0.0001308975595452307,0.00012854258860678917,0.00012854258860678917,216.15933889931202
1729899840,0.00012437665457234169,0.00013216700817724652,0.0001238629834370327,0.0001308975595452307,916.7503833374208
1729899780,0.0001194387369811589,0.00012437665457234169,0.00011874616457461155,0.00012437665457234169,1562.085023713911
1729899720,0.00012190926965405744,0.00012190926965405744,0.0001194387369811589,0.0001194387369811589,279.54531682723456
1729899660,0.00012248072152679272,0.00012248072152679272,0.00012142655244420415,0.00012190926965405744,138.31421419569634
1729899600,0.00011953078140892601,0.000124853913018672,0.0001190808565386054,0.00012248072152679272,922.7997344934273
1729899540,0.00012691059063131267,0.00012691059063131267,0.00011949011062356595,0.00011953078140892601,734.4319467893102
1729899480,0.0001264875196230978,0.000128863451032214,0.0001264875196230978,0.00012691059063131267,656.4213327063089
1729899420,0.00012542607453909797,0.00012715823804161316,0.00012474877745687085,0.0001264875196230978,681.0556565134609
1729899360,0.0001313941011012864,0.0001313941011012864,0.00012542607453909797,0.00012542607453909797,443.43214798720606
1729899300,0.00012910057305225077,0.00013393608042577831,0.00012846744775256812,0.0001313941011012864,976.5743927787597
1729899240,0.00013730945142246555,0.00013762169803808061,0.0001289851809325307,0.00012910057305225077,955.4595868192225
1729899180,0.0001369140688898058,0.000140592831682027,0.0001369140688898058,0.00013730945142246555,781.3436684908119
1729899120,0.00013651440736268302,0.0001369140688898058,0.00013551903220925226,0.0001369140688898058,380.411457461588
1729899060,0.0001323203697616909,0.00014913015700340326,0.0001323203697616909,0.00013651440736268302,2935.9559566056437
1729899000,0.0001401550060917783,0.0001401550060917783,0.0001323203697616909,0.0001323203697616909,1342.6301752598106
1729898940,0.000139622150942384,0.0001455653813083841,0.000139622150942384,0.0001401550060917783,1128.3086083776402
1729898880,0.00013248805161561965,0.00014059755762567264,0.00013142276384183995,0.000139622150942384,1513.2646048916115
1729898820,0.00013032779207474275,0.00013354954031312227,0.00012928117502219,0.00013248805161561965,1198.9061864161965
1729898760,0.00013357654134205402,0.00013730770411600376,0.00012697422733748873,0.00013032779207474275,1891.1093880787937
1729898700,0.00013816370249924284,0.00014090393816325084,0.00013066830697272747,0.00013357654134205402,4051.138883981589
1729898640,0.00014802707810819424,0.0001536448430830273,0.00013104721802386293,0.00013816370249924284,13868.40895823763
1729898580,0.00015752395531224025,0.00015752395531224025,0.00014802707810819424,0.00014802707810819424,380.40020546077614
1729898520,0.00016459414622621904,0.00016645851634909515,0.00015752395531224025,0.00015752395531224025,1368.1455367028523
1729898460,0.00016130603555348743,0.00016490602342382604,0.00015993871034690997,0.00016459414622621904,890.0683227051724
1729898400,0.00017245408572104463,0.00017245408572104463,0.0001544881721688571,0.00016130603555348743,1783.9754971010539
1729898340,0.00018058694949520847,0.0001815770861307124,0.00016666148359366107,0.00017245408572104463,1331.0120915777777
1729898280,0.00018399526649054516,0.00018399526649054516,0.00018058694949520847,0.00018058694949520847,305.2125842265972
1729898220,0.00017557713312715695,0.00018420138762006397,0.00017382984759817873,0.00018399526649054516,1498.9192825577495
1729898160,0.00017612081017966103,0.00017612081017966103,0.00017287920826815478,0.00017557713312715695,679.137782205389
1729898100,0.0001558639089993565,0.00017612081017966103,0.00015522441872275209,0.00017612081017966103,1835.326445238054
1729898040,0.00016004644597714224,0.00016350699018246646,0.00014829738065023432,0.0001558639089993565,4487.46752493803
1729897980,0.00016179735742729518,0.00016303876182347177,0.00015699961548894226,0.00016004644597714224,2374.357680006763
1729897920,0.00016371982852397907,0.00017577794597737053,0.00016179735742729518,0.00016179735742729518,2622.3357264614174
1729897860,0.00024152918332690944,0.00025655883617932055,0.00015020490022896028,0.00016371982852397907,30856.18229276052
1729897800,0.0002605053622658614,0.00026091317082196436,0.00024152918332690944,0.00024152918332690944,1475.6832654618588
1729897740,0.00026740429779536313,0.000269986889312072,0.0002605053622658614,0.0002605053622658614,880.1481651907405
1729897680,0.00027041995842559934,0.0002713551007001253,0.00026305489265682745,0.00026740429779536313,1006.7520949813114
1729897620,0.0002900931275844913,0.0002900931275844913,0.00027041995842559934,0.00027041995842559934,1854.1662277539758
1729897560,0.00027553649217929206,0.0002900931275844913,0.0002725118752850353,0.0002900931275844913,1594.8888206949164
1729897500,0.00028235707199051376,0.00028235707199051376,0.00027065979092354185,0.00027553649217929206,1459.5237754661712
1729897440,0.0002629066083215074,0.00028235707199051376,0.00026037780183765276,0.00028235707199051376,3711.0783943998317
1729897380,0.00026703678479136217,0.0002676777172048935,0.0002629066083215074,0.0002629066083215074,425.2761661995806
1729897320,0.0002765541533654279,0.0002765541533654279,0.00026603838742494436,0.00026703678479136217,807.9020061351883
1729897260,0.00025891259155018403,0.00027868616596004567,0.00025891259155018403,0.0002765541533654279,1547.0880945278293
1729897200,0.00026763123786084083,0.00026904195480931525,0.00023961504950027838,0.00025891259155018403,3687.832378017869
1729897140,0.00027531968495178897,0.00027531968495178897,0.00026696658367668987,0.00026763123786084083,640.1764630816256
1729897080,0.00025303157969772995,0.00027531968495178897,0.00025303157969772995,0.00027531968495178897,1846.4635243652071
1729897020,0.0002791115208565264,0.0002791115208565264,0.00023649344035324416,0.00025303157969772995,6240.4649918152345
1729896960,0.00027508413951731164,0.0002910434406136584,0.0002714383533771005,0.0002791115208565264,2290.379112714216
1729896900,0.0003028101230257596,0.0003028101230257596,0.00027508413951731164,0.00027508413951731164,3276.7507247944804
1729896840,0.00032527651014791663,0.00032546997739162293,0.0003028101230257596,0.0003028101230257596,2465.304218106258
1729896780,0.00030638262538639985,0.00032686127636541966,0.0003036427532233667,0.00032527651014791663,5635.108186969376
1729896720,0.0002909818655957564,0.0003250424656514227,0.0002909818655957564,0.00030638262538639985,5096.014525078816
1729896660,0.00028365627394777155,0.0002931720522226372,0.00028365627394777155,0.0002909818655957564,1383.7387166650676
1729896600,0.00029828917883521083,0.0003077521530406682,0.00028365627394777155,0.00028365627394777155,4367.621071429669
1729896540,0.00030663842638687126,0.0003428929482252077,0.0002962957768124966,0.00029828917883521083,10559.60621308654
1729896480,0.0002678393914385412,0.00031425630951334004,0.00026778618844577233,0.00030663842638687126,7545.341650462318
1729896420,0.00024769388539491234,0.00027623098649003146,0.00024769388539491234,0.0002678393914385412,4410.409030427029
1729896360,0.0002317235561833543,0.00024769388539491234,0.0002317235561833543,0.00024769388539491234,3869.1008161076097
1729896300,0.0002276436964228425,0.0002429213506541749,0.00022696771932980306,0.0002317235561833543,2642.219242632592
1729896240,0.00021752525864417505,0.0002282371616506865,0.00021664849568818782,0.0002276436964228425,1486.7454565952112
1729896180,0.0002246284464466039,0.0002246284464466039,0.00021065584349355177,0.00021752525864417505,2029.5438473712363
1729896120,0.00021053559013259866,0.0002470644756634665,0.00020964480531368562,0.0002246284464466039,5831.083097750642
1729896060,0.0002210660301944967,0.0002243052418804175,0.00019387008897549677,0.00021053559013259866,4215.618890765844
1729896000,0.00023490620728665402,0.00023490620728665402,0.00021976177925865097,0.0002210660301944967,1303.8684855399204
1729895940,0.0002165418733172686,0.00023490620728665402,0.00021435808260761218,0.00023490620728665402,1564.0675842906655
1729895880,0.00020638945813280667,0.0002182651359814681,0.00020121523322898295,0.0002165418733172686,4862.236973988785
1729895820,0.00018610590980759154,0.0002103084955509243,0.00018502438355992096,0.00020638945813280667,3286.717396524271
1729895760,0.00017226774208470874,0.0001933595269996704,0.00017221480000939246,0.00018610590980759154,3894.8658043461987
1729895700,0.00014936738439483982,0.00017226774208470874,0.00014936738439483982,0.00017226774208470874,1808.8480868460208
1729895640,0.0001491639266682124,0.00014997150456244534,0.00014776482267564453,0.00014936738439483982,979.2781106308915
1729895580,0.00015038293369373738,0.0001527866114058581,0.00014411452562373414,0.0001491639266682124,2491.82745913501
1729895520,0.00016368061259994143,0.00016368061259994143,0.00014473020046571733,0.00015038293369373738,2181.9949653378712
1729895460,0.00016177388811150525,0.00016368061259994143,0.00015824674862532334,0.00016368061259994143,1243.3089941846113
1729895400,0.00016222408708335543,0.00016222408708335543,0.0001595288495380589,0.00016177388811150525,551.2319766420325
1729895340,0.00016638463583530801,0.00016724538710854327,0.0001597912967734985,0.00016222408708335543,853.3982526081678
1729895280,0.00019003500565199652,0.00019096999985311752,0.00016638463583530801,0.00016638463583530801,2737.0210575434944
1729895220,0.00016153475985412265,0.00019078135088127998,0.0001612526204000595,0.00019003500565199652,6386.277416826787
1729895160,0.00014387270602642213,0.00016807812902335282,0.0001410028462082414,0.00016153475985412265,11157.42284364413
1729895100,0.00013999097245056077,0.00014641817858802628,0.00013999097245056077,0.00014387270602642213,728.1252798440682
1729895040,0.00013939969535162744,0.00014664210058422302,0.00012980033537393163,0.00013999097245056077,4955.193946220697
1729894980,0.00014021329711371987,0.0001505451442102048,0.00013939969535162744,0.00013939969535162744,2631.943027643269
1729894920,0.00015457446603734607,0.0001582335390960704,0.00013303581456061646,0.00014021329711371987,12445.993955142658
1729894860,0.0001664959627124987,0.00016801162489913003,0.00015114603688471838,0.00015457446603734607,1787.5431692145764
1729894800,0.0001748265446384296,0.00017512965061073122,0.0001572187167400934,0.0001664959627124987,2885.098914470061
1729894740,0.00016233891289273964,0.0001748265446384296,0.0001563054858183544,0.0001748265446384296,3955.2587146146734
1729894680,0.00015422943932883503,0.00017209514341762992,0.00015422943932883503,0.00016233891289273964,5652.927428954604
1729894620,0.0002015445589482882,0.0002015445589482882,0.00015195289501492492,0.00015422943932883503,9795.975604460049
1729894560,0.00020397449222905596,0.00021137324345152616,0.0002015445589482882,0.0002015445589482882,1658.112160471117
1729894500,0.00020696859099647265,0.0002096127429892293,0.0002013925564867967,0.00020397449222905596,1789.164336507169
1729894440,0.0001770452247160928,0.00020793011992983583,0.0001770452247160928,0.00020696859099647265,3560.111714110799
1729894380,0.0001766115835749345,0.0001834394381780912,0.00016840602773455168,0.0001770452247160928,7610.019201014873
1729894320,0.00018065103280877343,0.00018336357502418959,0.00017025880803506275,0.0001766115835749345,4454.223436739972
1729894260,0.00021088111905517357,0.00021915821485113252,0.00017965421071026183,0.00018065103280877343,5700.315362499234
1729894200,0.0002718725414533837,0.0002718725414533837,0.0002093637964458405,0.00021088111905517357,11477.061272012626
1729894140,0.00027711894197241985,0.0002799814747922779,0.000271138601038457,0.0002718725414533837,1017.3533928906905
1729894080,0.00027464488890716516,0.00028773711063980297,0.00027464488890716516,0.00027711894197241985,1543.8689012319326
1729894020,0.00027831626904636713,0.0002847606628758237,0.0002714831251761082,0.00027464488890716516,3009.000647239758
1729893960,0.0002489679356281959,0.00027831626904636713,0.00022990590457972536,0.00027831626904636713,8843.396593546948
1729893900,0.00025057366158519724,0.00025105407479238405,0.00022940693663236255,0.0002489679356281959,4931.681452519692
1729893840,0.0002719653104254131,0.0002777979797978172,0.0002467621656097519,0.00025057366158519724,4068.0113749301563
1729893780,0.000258559771404523,0.0002740987250462639,0.00025188754560140423,0.0002719653104254131,4109.274544965775
1729893720,0.0002430340227522168,0.0002626213844457519,0.0002430340227522168,0.000258559771404523,2213.4996384537862
1729893660,0.00022158264774532695,0.00024352300786942754,0.00021880279798763038,0.0002430340227522168,2289.138444331748
1729893600,0.0002208241066984322,0.00023325758480366646,0.00021619131350532027,0.00022158264774532695,4190.529051934571
1729893540,0.00022057696467320224,0.00022311102608843126,0.00021661232859861824,0.0002208241066984322,1183.5468368312177
1729893480,0.000239638070452656,0.0002418728560890513,0.0002187093887754442,0.00022057696467320224,4957.126025947452
1729893420,0.00021699146219757514,0.000239638070452656,0.00021117543812160534,0.000239638070452656,4841.897338668924
1729893360,0.00025398443427833683,0.0002626932278291362,0.00020860596921194806,0.00021699146219757514,7488.538614276333
1729893300,0.00024494001996142674,0.0002973719266154806,0.00023218873694594815,0.00025398443427833683,10617.014086020365
1729893240,0.00023584867934872198,0.0002559180657003106,0.00023584867934872198,0.00024494001996142674,3875.1215896776425
1729893180,0.000240689739231594,0.000281066601459167,0.00021991707346942052,0.00023584867934872198,18888.705736543783
1729893120,0.00023195959688398625,0.00024208158307587036,0.0002227016044551872,0.000240689739231594,5220.6565573613625
1729893060,0.00021630486527556188,0.00023314615800626708,0.00021630486527556188,0.00023195959688398625,2565.4264888760886
1729893000,0.000206228930851792,0.00022729619488441857,0.00020506793228929022,0.00021630486527556188,5380.478090171234
1729892940,0.00018156472955847795,0.00021029267759080782,0.00018156472955847795,0.000206228930851792,5935.144156331208
1729892880,0.00017627400029709023,0.0001910383434214131,0.0001727536552559447,0.00018156472955847795,4268.663136093323
1729892820,0.00016976533073418824,0.0001864972745629863,0.00016976533073418824,0.00017627400029709023,2577.479117138321
1729892760,0.0001545732315927882,0.00017160546884950866,0.0001545732315927882,0.00016976533073418824,2176.130529277947
1729892700,0.00014069435224885266,0.00021309784697676534,0.00013793512709497734,0.0001545732315927882,13776.57144805413
1729892640,0.000156081191172356,0.000156081191172356,0.00014069435224885266,0.00014069435224885266,2240.33703037137
1729892580,0.00015774744562903288,0.00016045298713130777,0.00015413251282862437,0.000156081191172356,1136.987333983506
1729892520,0.00015806472345663108,0.00015827574907169585,0.00015556849149700504,0.00015774744562903288,380.2421092006617
1729892460,0.00015238831227460813,0.00018659018439776045,0.00014957390841229188,0.00015806472345663108,8949.281525317694
1729892400,0.00014974301880141426,0.0001538549961363612,0.0001467999321347836,0.00015238831227460813,967.3774409969052
1729892340,0.00013192070015445682,0.00014974316562717862,0.00012886515910189963,0.00014974301880141426,3852.5008795571134
1729892280,0.0001302576977678076,0.0001330570932574112,0.0001282122212331996,0.00013192070015445682,1191.3616543647872
1729892220,0.00012349118062502583,0.00013025847563667467,0.00012106254186633404,0.0001302576977678076,1814.0037135533953
1729892160,0.00011831685817193096,0.00012349128958314543,0.00011810448897554576,0.00012349118062502583,1097.8758422704252
1729892100,0.00011682552546937527,0.0001203042400557661,0.00011590404299520576,0.00011831685817193096,883.7618084705891
1729892040,0.0001255487324831813,0.0001262587910918186,0.0001147748941382997,0.00011682552546937527,2156.3031056596287
1729891980,0.00011996638776297805,0.0001310066066007866,0.00011854436942844752,0.0001255487324831813,3541.6484319339124
1729891920,0.00011758238132784216,0.00012027159635795189,0.00011352834287804558,0.00011996638776297805,1945.4354179974957
1729891860,0.00015155979280347473,0.00015155979280347473,0.00011700074427597996,0.00011758238132784216,6327.948398234667
1729891800,0.00016109787662912697,0.00016138997806040077,0.0001508202650490399,0.00015155979280347473,858.8920080531103
1729891740,0.0001655198871216187,0.00016602108603722924,0.00015727912530223928,0.00016109787662912697,975.1537428196433
1729891680,0.00017256002643786206,0.00017256002643786206,0.0001655198871216187,0.0001655198871216187,662.7559311364357
1729891620,0.00017376056971101699,0.00017579203884766575,0.0001702379116691563,0.00017256002643786206,697.1149443098154
1729891560,0.0001752046625431444,0.00017933616565150474,0.0001730947756991558,0.00017376056971101699,888.3350424295962
1729891500,0.00015424517410299692,0.00017520469907442913,0.00015424517410299692,0.0001752046625431444,2808.5923274513757
1729891440,0.00014867604937292574,0.0001552073319625879,0.00014792753417732136,0.00015424517410299692,1052.0615777683488
1729891380,0.00014381021144216927,0.00015092465541624583,0.00014381021144216927,0.00014867604937292574,1682.7048042723898
1729891320,0.00016086372685571314,0.00016254361738899447,0.00014020214992765674,0.00014381021144216927,3513.7746477590854
1729891260,0.00015385951630005108,0.00016199682685200036,0.00013648399389738772,0.00016086372685571314,5108.173863201172
1729891200,0.00016033272805927482,0.0001659096925684189,0.00015385948805090658,0.00015385951630005108,3782.689490095188
1729891140,0.00017148987732445767,0.0002074667592956218,0.00015947508697189004,0.00016033272805927482,7510.135042227511
1729891080,0.00014003392765004835,0.0001893016589457413,0.0001398113480380556,0.00017148987732445767,7732.1315868756365
1729891020,0.00020424093093769936,0.00020482485635313488,0.00014003392765004835,0.00014003392765004835,6580.664421913378
1729890960,0.00020151859386199366,0.00020424100560568375,0.00020151859386199366,0.00020424093093769936,384.1739590772888
1729890900,0.00019922544587680415,0.00021684914301886644,0.00018882221827262263,0.00020151859386199366,5681.109310886414
1729890840,0.00020577799654089576,0.00026157256026002,0.00019916392311783196,0.00019922544587680415,8242.282667350823
1729890780,0.00020110852921659055,0.00020935715287801366,0.00020040194281331237,0.00020577799654089576,1323.5731847495815
1729890720,0.0001981484501526217,0.00020193168638411377,0.00019791790986473044,0.00020110852921659055,627.3218452046606
1729890660,0.00018819984810804883,0.0001986208441359639,0.00018819984810804883,0.0001981484501526217,3313.101389705807
1729890600,0.0001853847827927699,0.0001882425305083972,0.0001828234053431038,0.00018819984810804883,886.6285351717503
1729890540,0.00018127191641516475,0.00018580000470382117,0.00018036992720059456,0.0001853847827927699,1337.2369967837271
1729890480,0.00018285351044468204,0.0002007157458589935,0.00017946545554265833,0.00018127191641516475,4067.027962403052
1729890420,0.0001778273333980531,0.00018508544957342176,0.00016844248438601118,0.00018285351044468204,4299.467208108516
1729890360,0.00017959147683805295,0.00018696171100193054,0.00017712838018501224,0.0001778273333980531,3258.389912393679
1729890300,0.0001586215124257685,0.00021344566521139396,0.00015634579129945392,0.00017959147683805295,10790.422052228523
1729890240,0.0001452327748713666,0.00015936119431483913,0.00014404161675055639,0.0001586215124257685,3190.733222450219
1729890180,0.000139619957856173,0.000154510183858741,0.00013708985708443537,0.0001452327748713666,4182.322801028337
1729890120,0.00013023879180267217,0.0001519394911909218,0.00012881581087410105,0.000139619957856173,3895.4110982695533
1729890060,0.00013030548416867422,0.00013270729585536517,0.00012130260140758729,0.00013023879180267217,7282.341083417347
1729890000,0.00014587406966613247,0.00017306085711345175,0.00012920487763075795,0.00013030548416867422,12843.954151348722
1729889940,0.000151172398322308,0.00015251227625211007,0.00014504030923755674,0.00014587406966613247,1454.7027421602656
1729889880,0.00014862370833495652,0.00015853114876576563,0.00014400633376074353,0.000151172398322308,5970.4310228669365
1729889820,0.00014582299229435136,0.00015614628001103616,0.00014154428260820527,0.00014862370833495652,3914.881653261865
1729889760,0.00013894393838998585,0.00014785967336281673,0.0001313731156819294,0.00014582299229435136,4941.5944823749605
1729889700,0.00012927344063346353,0.0001650307737519616,0.00012804095907536549,0.00013894393838998585,14060.161012683024
1729889640,0.0001397061777143782,0.00015308143762523112,0.00012094261486764238,0.00012927344063346353,9322.459081596624
1729889580,0.00014993249663759878,0.00016090799798341892,0.0001394632598097457,0.0001397061777143782,6931.937750156919
1729889520,0.0001837251643557746,0.00018917798819650852,0.0001408249350755942,0.00014993249663759878,16688.619345181938
1729889460,0.0001444186329611754,0.00019015532985318075,0.00013812077619049202,0.0001837251643557746,12566.492982563695
1729889400,0.0001385739303829456,0.00016834629223953516,0.00012947987647609529,0.0001444186329611754,26752.96845855191
1729889340,0.0001244171213172371,0.00014526644662007926,0.00012038180596818703,0.0001385739303829456,15864.981540721448
1729889280,0.00015498566017207486,0.00016374143004524848,0.000110364620660931,0.0001244171213172371,34961.06221168824
1729889220,0.000224835285880367,0.000251519379660381,0.00015498566017207486,0.00015498566017207486,26265.94682201483
1729889160,0.0002990794279399889,0.00031799231276579163,0.00021522560103494438,0.000224835285880367,49934.775439209654
1729889100,0.0003858142386288114,0.000387829247674143,0.0002990794279399889,0.0002990794279399889,6850.773072354775
1729889040,0.00037570633114338643,0.00039390203702519287,0.00037570633114338643,0.0003858142386288114,2466.9145114367075
1729888980,0.00038079728689358093,0.000394968898052601,0.00035083247576376154,0.00037570633114338643,12661.388629769774
1729888920,0.00038954867112794605,0.0004135346858847522,0.00038079728689358093,0.00038079728689358093,6812.3404191527015
1729888860,0.0003439645283049191,0.00039237671913160485,0.0003316360979444916,0.00038954867112794605,7359.111058984259
1729888800,0.0003451380660533347,0.0004552796977779385,0.00033935184435037716,0.0003439645283049191,22142.47104006633
1729888740,0.0002979987281965561,0.0004279563992854486,0.0002746436587278501,0.0003451380660533347,17840.52950151888
1729888680,0.0002981176175438922,0.0003615341057877138,0.00026832169428275116,0.0002979987281965561,43357.529069842145
1729888620,0.0003682784776873583,0.00041192630124771364,0.0002981176175438922,0.0002981176175438922,15720.628523947256
1729888560,0.00040710067634384256,0.0004295461075494582,0.00036611114116496483,0.0003682784776873583,14875.017853523375
1729888500,0.000398581750168621,0.0004492133708967072,0.000365541601812324,0.00040710067634384256,17591.571253814105
1729888440,0.00038011763596111723,0.0004622508705699743,0.0003084723681092203,0.000398581750168621,57244.071365539254
1729888380,0.0005039347737020302,0.0005673305360807238,0.0003198133175342106,0.00038011763596111723,69907.11710106283
1729888320,0.0005217126810618867,0.0005809030333180242,0.0004921231923165355,0.0005039347737020302,18064.286950770118
1729888260,0.0005419467673581744,0.0005629594500993135,0.0005157501437313548,0.0005217126810618867,12322.515180689088
1729888200,0.0006484606285537281,0.0006650810039979588,0.000511995097492705,0.0005419467673581744,29071.041552412422
1729888140,0.0006670418952252669,0.000699608898056947,0.00045907415948266337,0.0006484606285537281,75907.01827921928
1729888080,0.00045779260183347433,0.000723395757812453,0.00045779260183347433,0.0006670418952252669,47875.749597287526
1729888020,0.00042851971004853064,0.000574588682840514,0.000399648569580916,0.00045779260183347433,31637.683897553525
1729887960,0.00035362369515022873,0.00048064955167093396,0.0003462073313552936,0.00042851971004853064,19825.51507928273
1729887900,0.000282624311515843,0.0006261571818675239,0.00027727582300429796,0.00035362369515022873,52452.23744125154
1729887840,0.0003078445211598875,0.00034973836375916146,0.000259432200516598,0.000282624311515843,31390.049020893894
1729887780,0.00031861898158196686,0.00036906367625742705,0.0002932175300016337,0.0003078445211598875,31649.704996905704
1729887720,0.0003056611090210164,0.0004237889286267246,0.00027825510364653546,0.00031861898158196686,73900.46075697771
1729887660,0.00024432956727096745,0.00030784000831018054,0.00022293797634577832,0.0003056611090210164,53971.2811005865
1729887600,0.00037715796238441883,0.0004229173222756722,0.00020543619520217447,0.00024432956727096745,129207.67708178196
1729887540,0.0004491723705139646,0.0004499072308573171,0.0003557859388929341,0.00037715796238441883,26320.552133192763
1729887480,0.00044477264826311313,0.000488137891514588,0.00041341820046829033,0.0004491723705139646,26402.44278192693
1729887420,0.0004209583451066018,0.0004742232285226363,0.00030132613679669494,0.00044477264826311313,97272.36703080284
1729887360,0.0004943172362570409,0.0005463608987964434,0.00037374060948669924,0.0004209583451066018,61857.48047013209
1729887300,0.0006308096899309828,0.0006625141182555137,0.000484649639994576,0.0004943172362570409,28054.062964783636
1729887240,0.0007140850570132118,0.0012701412903140712,0.0005904708840940037,0.0006308096899309828,70578.1333788245
1729887180,0.0006833039427619793,0.0008513153789061453,0.0006129838386598346,0.0007140850570132118,33835.387548330706
1729887120,0.0006238552375135069,0.0006833039427619793,0.0005349027801117292,0.0006833039427619793,27348.082948506864
1729887060,0.0004902921550434001,0.0007473617392781243,0.00043166402360706553,0.0006238552375135069,110417.53252669293
1729887000,0.0006525204955953799,0.0007234029146588628,0.0004502107735209886,0.0004902921550434001,105254.09316952518
1729886940,0.0006844196255728844,0.0007616114757980962,0.0005714512024632372,0.0006525204955953799,73979.71812501752
1729886880,0.0008023708336064425,0.0008834758920040311,0.0006159137019431877,0.0006844196255728844,62781.275706809756
1729886820,0.000798637444050019,0.0008584952524190863,0.000699594198225483,0.0008023708336064425,41478.31545170542
1729886760,0.0008421670034955826,0.0008857026388936265,0.0007124122211866208,0.000798637444050019,70211.56600026274
1729886700,0.0007727751371837176,0.001037781696907238,0.0006249829459830117,0.0008421670034955826,88850.65773310294
1729886640,0.0009068684428803057,0.000937196691559802,0.0007106646676445102,0.0007727751371837176,64888.75672875609
1729886580,0.0008694344874490711,0.0017062835274007388,0.0007635664055040464,0.0009068684428803057,123734.34962734804
1729886520,0.0006969521998319393,0.0010005030705839666,0.0005916540573063731,0.0008694344874490711,146827.09763996728
1729886460,0.0006696181148342403,0.0010648054951548755,0.0006582303408705866,0.0006969521998319393,105162.69791160204
1729886400,0.0005976991238392173,0.000779900198154523,0.0005055522218628184,0.0006696181148342403,94900.49746947602
1729886340,0.00047578026881946845,0.0005978848712483738,0.00045931550241330195,0.0005976991238392173,77583.71451381731
1729886280,0.0004475143627173328,0.0006308952938438246,0.00043624962230036027,0.00047578026881946845,81388.9904946637
1729886220,0.0006382752915779765,0.0006587931497371234,0.0004058706606834688,0.0004475143627173328,87461.19460402681
1729886160,0.0006759313172927126,0.0007883782842755534,0.0005826853746995184,0.0006382752915779765,56691.22233378106
1729886100,0.0006536165873689641,0.0007381188647029873,0.0006294419286610907,0.0006759313172927126,70147.82515107217
1729886040,0.0007995772181052258,0.0008370070645535737,0.0006025170561308687,0.0006536165873689641,72024.97855026071
1729885980,0.0007260056150377265,0.0008568195375309613,0.0005125343186480046,0.0007995772181052258,140549.35376907443
1729885920,0.0006748897952107661,0.0008615557272584707,0.0005804952500871519,0.0007260056150377265,122057.68978945054
1729885860,0.0006372554683560208,0.0009252957318518102,0.0005245409428705088,0.0006748897952107661,222690.7983526061
1729885800,0.0005068652448502247,0.0007242376136074776,0.0004245993668526517,0.0006372554683560208,183688.52045348776
1729885740,0.0005875775618738917,0.0007585304677955891,0.0004318623538448718,0.0005068652448502247,114666.12107292529
1729885680,0.0004797783297157726,0.0007172529172932759,0.0004476178664474001,0.0005875775618738917,184453.75447621415
1729885620,0.0004067374383626763,0.0006570487476377646,0.00039700677405627056,0.0004797783297157726,205524.22666890876
1729885560,0.00045541805906363503,0.0005124879002416264,0.0003330692203630079,0.0004067374383626763,108332.71705055179
1729885500,0.00038613852062355046,0.00046792503760241945,0.0002958812446527365,0.00045541805906363503,109015.52662806929
1729885440,0.0004768102463612743,0.000494170260743425,0.0002576642619157602,0.00038613852062355046,128999.05938525399
1729885380,0.00026067896995719326,0.0004768102463612743,0.00025848836898410875,0.0004768102463612743,78825.04656162075
1729885320,0.00026194530337496385,0.000310593607670796,0.00019476412210379902,0.00026067896995719326,60111.61914147283
1729885260,0.00029042368038356003,0.0003478985510610142,0.00018542934655890769,0.00026194530337496385,80834.17702291
1729885200,0.0002766471105726655,0.0003633513686721283,0.0002103109221837646,0.00029042368038356003,58309.828806786965
1729885140,0.000258553039018177,0.00042911214571119235,0.000258553039018177,0.0002766471105726655,137557.45940258045
1729885080,0.00020305149556179138,0.0003183891388818011,0.00020305149556179138,0.000258553039018177,76310.0125597777
1729885020,0.0002602296146553159,0.00031028542201591943,0.00016579760746584696,0.00020305149556179138,101857.72644891334
1729884960,0.0001312896707188858,0.0002900545074186284,0.000130455097234408,0.0002602296146553159,50384.89378197346
1729884900,0.0001084739257575869,0.00014792438052566194,0.00010695909122813588,0.0001312896707188858,18884.16012011414
1729884840,0.00011453604277230773,0.00013770890739552463,9.989356296669419e-05,0.0001084739257575869,21077.958303143325
1729884780,7.205147772656574e-05,0.00021116835833532452,6.747222985249668e-05,0.00011453604277230773,44068.41914458951
1729884720,6.522747849393643e-05,8.661502772356307e-05,6.353581802786011e-05,7.205147772656574e-05,18377.892193999854
1729884660,5.646393143636667e-05,8.288142362816152e-05,5.598058493311525e-05,6.522747849393643e-05,15907.911997924033
1729884600,7.284211488386938e-05,0.00013102951455024528,5.602811473706979e-05,5.646393143636667e-05,38292.57538984223
