time,open,high,low,close,volume,usd_vol,price_change,vol_change,norm_open,mov_in_min
1733711160.0,8.62696936917758e-05,8.62696936917758e-05,8.11039516585138e-05,8.43126241131055e-05,1644.38213295932,0.14025125779856765,-0.022685481945287866,0.0,1.0,0.0598789889264954
1733711220.0,8.43126241131055e-05,9.53519964686208e-05,8.10114706384756e-05,9.46604253335933e-05,4615.88820973484,0.41305979440065377,0.12273133862618495,1.9451414617179446,0.9773145180547121,0.17008752818447884
1733711280.0,9.46604253335933e-05,0.0001212968277393,9.46604253335933e-05,0.0001212968277393,2888.88611852838,0.31193795529890084,0.2813889998046935,-0.24481162406154744,1.0972616371143717,0.2813889998046935
1733711340.0,0.0001212968277393,0.0001341649538593,0.0001107887272235,0.0001229354440973,8888.26942699962,1.085401117425956,0.013509144373683312,2.479541681248497,1.4060189917060455,0.19271919201417106
1733711400.0,0.0001229354440973,0.0001314472207271,0.0001225427045685,0.0001243987009558,2725.87944351754,0.33710153084011535,0.011902644263780324,-0.68942216344907,1.425013105257143,0.07243245610722586
1733711460.0,0.0001243987009558,0.0001277536686345,7.07030605581494e-05,8.33713260131034e-05,10978.58502325216,1.1405104531807502,-0.3298054933650313,2.383284704576692,1.4419745293202437,0.45861096328185286
1733711520.0,8.33713260131034e-05,9.51360332148311e-05,8.31365919064906e-05,9.4924758156679e-05,2212.81881266193,0.19726846463742473,0.13857800632509748,-0.8270349350264471,0.9664034082579719,0.1439276773222314
1733711580.0,9.4924758156679e-05,0.0001003648196214,9.4924758156679e-05,0.0001002852359804,1654.9140989326,0.1615278857750011,0.0564708083308804,-0.18117735608737087,1.100325665880141,0.057309194886141814
1733711640.0,0.0001002852359804,0.0001002852359804,9.46113295530124e-05,9.46113295530124e-05,684.7281090917,0.06672557839308003,-0.05657768436120072,-0.5869098510580095,1.1624619456596068,0.05657768436120072
1733711700.0,9.46113295530124e-05,9.46113295530124e-05,8.10691634045802e-05,8.25332268102941e-05,2152.50743184175,0.19065248704116353,-0.12766021574562822,1.8572624116951182,1.0966925406161703,0.1431347198312469
1733711760.0,8.25332268102941e-05,8.25332268102941e-05,7.91004673402756e-05,7.91004673402756e-05,553.7392136238,0.044751457347023134,-0.04159245436881853,-0.7652721029683662,0.9566885342744889,0.04159245436881853
1733711820.0,7.91004673402756e-05,7.97638282999434e-05,7.00088021660656e-05,7.0347334116865e-05,1321.04347400771,0.09871352140987777,-0.11065842614755017,1.20581691104288,0.9168975100675052,0.12332450694524329
1733711880.0,7.0347334116865e-05,7.04275008297696e-05,6.18355332921927e-05,6.18355332921927e-05,1402.05443782827,0.09266378792786757,-0.12099677879096343,-0.06128576304040989,0.8154350746648276,0.12213636302554758
1733711940.0,6.18355332921927e-05,6.69289376442874e-05,6.10838123480833e-05,6.69289376442874e-05,861.1083454844,0.05544008026264324,0.0823701855699496,-0.40170716627945796,0.7167700573172147,0.09452696507983542
1733712000.0,6.69289376442874e-05,6.72532148969468e-05,6.11712178695122e-05,6.11712178695122e-05,854.14418507709,0.054708001469791434,-0.08602735942674329,-0.013204865313752081,0.7758105399494171,0.09087245728834177
1733712060.0,6.11712178695122e-05,6.59660650235367e-05,6.11712178695122e-05,6.4357341484872e-05,1159.99158953998,0.07280603654907793,0.052085338927799416,0.33081148265450405,0.7090696077821328,0.07838403943914699
1733712120.0,6.4357341484872e-05,6.48133411212178e-05,5.98857226949929e-05,6.03013089777816e-05,820.15050702242,0.051119427690838,-0.06302361802878119,-0.297868279694379,0.7460017386268669,0.07656653168905674
1733712180.0,6.03013089777816e-05,6.0492480970347e-05,4.71887019125892e-05,4.73911856247843e-05,2045.97557237398,0.11016810664243326,-0.2140935839013729,1.1551122854643852,0.6989860100028407,0.22062172916776426
1733712240.0,4.73911856247843e-05,4.82965077025264e-05,4.73911856247843e-05,4.82965077025264e-05,330.80496127024,0.01582698184258981,0.019103174267677343,-0.856337897373887,0.5493375900244116,0.019103174267677343
1733712300.0,4.82965077025264e-05,4.82965077025264e-05,4.7219383913816e-05,4.7219383913816e-05,196.08191485747,0.00936446946372549,-0.022302312112187375,-0.4083224738069733,0.5598316817384339,0.022302312112187375
1733712360.0,4.7219383913816e-05,4.74655249485061e-05,4.30746385550746e-05,4.30746385550746e-05,1164.22883203422,0.05256145215931406,-0.08777635401398529,4.612859581946184,0.5473461408420125,0.0929890657075422
1733712420.0,4.30746385550746e-05,4.30746385550746e-05,3.83245712399199e-05,3.83245712399199e-05,174.83140899264,0.007115569269673197,-0.11027526810425424,-0.864623807422484,0.4993020922152754,0.11027526810425424
1733712480.0,3.83245712399199e-05,3.83245712399199e-05,3.83245712399199e-05,3.83245712399199e-05,0.0,0.0,0.0,-1.0,0.4442414201312208,0.0
1733712540.0,3.83245712399199e-05,3.83245712399199e-05,3.82612829514973e-05,3.82612829514973e-05,11.73210254599,0.00044925654747297227,-0.001651376293981349,inf,0.4442414201312208,0.001651376293981349
1733712600.0,3.82612829514973e-05,3.82612829514973e-05,3.79954920645361e-05,3.79954920645361e-05,44.67569609444,0.0017034122528791966,-0.0069467322174777595,2.7916247686555433,0.4435078103812115,0.0069467322174777595
1733712660.0,3.79954920645361e-05,4.93810208471206e-05,3.79954920645361e-05,3.8807711711586e-05,3345.195748818,0.12846087538374312,0.021376737157932427,74.41384956378693,0.4404268803861333,0.29965472649349956
1733712720.0,3.8807711711586e-05,4.11380864659775e-05,3.84862649510107e-05,3.84862649510107e-05,998.99232720071,0.03860804481238242,-0.008283064019962039,-0.6994567824868776,0.44984177004543585,0.06833233391019804
1733712780.0,3.84862649510107e-05,5.53645102005938e-05,3.84862649510107e-05,5.16933089858879e-05,3743.67502811742,0.1688015094969179,0.3431625295852558,3.3721848727957258,0.4461157018652965,0.43855243607212807
1733712840.0,5.16933089858879e-05,6.56935525737845e-05,5.16933089858879e-05,5.47158065410426e-05,4232.43402619993,0.22518478062700995,0.0584698022713119,0.33402113107952697,0.5992058946050934,0.27083279949671263
1733712900.0,5.47158065410426e-05,5.47158065410426e-05,5.00263007760569e-05,5.09556281650377e-05,1780.00881409133,0.09404804258724969,-0.0687219765861327,-0.5823516921286597,0.6342413447824577,0.0857066003672646
1733712960.0,5.09556281650377e-05,5.43069569269522e-05,5.09556281650377e-05,5.34594532821101e-05,560.6275029107,0.029268983188965914,0.049137361411047284,-0.6887868967414961,0.5906550259363604,0.06576955054032584
1733713020.0,5.34594532821101e-05,5.52110554499661e-05,5.34175341697289e-05,5.52110554499661e-05,522.23182524418,0.028375599062682874,0.03276505950430595,-0.030523237534942318,0.6196782554150468,0.033549188592944264
1733713080.0,5.52110554499661e-05,5.65755304133366e-05,5.52110554499661e-05,5.53909268405919e-05,263.44620162957,0.014568836063574236,0.003257887195958515,-0.48657168324830524,0.6399820503272454,0.024713799659327712
1733713140.0,5.53909268405919e-05,6.30845593668364e-05,5.49714347963642e-05,5.87108381496328e-05,1749.8982191149,0.09983323767713052,0.05993601296102489,5.852519806076945,0.6420670396546497,0.14647028012043825
1733713200.0,5.87108381496328e-05,5.87108381496328e-05,5.71263616777495e-05,5.71263616777495e-05,201.96500493387,0.011697530317331476,-0.026987801942888988,-0.8828293002460531,0.6805499780652378,0.026987801942888988
1733713260.0,5.71263616777495e-05,5.71263616777495e-05,5.48249870807246e-05,5.62697303021079e-05,544.7011071236,0.030883488422458947,-0.014995377799025074,1.6401716930539496,0.6621834300449757,0.04028568474230829
1733713320.0,5.62697303021079e-05,5.62697303021079e-05,5.62697303021079e-05,5.62697303021079e-05,0.0,0.0,0.0,-1.0,0.652253739339197,0.0
1733713380.0,5.62697303021079e-05,5.62697303021079e-05,5.62697303021079e-05,5.62697303021079e-05,0.0,0.0,0.0,0.0,0.652253739339197,0.0
1733713440.0,5.62697303021079e-05,5.62697303021079e-05,5.57144915931531e-05,5.57144915931531e-05,83.73745376015,0.004688636801410398,-0.009867449265773272,inf,0.652253739339197,0.009867449265773272
1733713500.0,5.57144915931531e-05,5.59006973273126e-05,5.46613256095522e-05,5.48013883704883e-05,137.2368539916,0.007583425841161723,-0.016388971640136335,0.6174052634830957,0.6458176586578566,0.022245051194413286
1733713560.0,5.48013883704883e-05,5.48897859822718e-05,5.48013883704883e-05,5.48897859822718e-05,5.33240304474,0.00029245877604988207,0.001613054238441612,-0.9614344780082824,0.6352333713654137,0.001613054238441612
1733713620.0,5.48897859822718e-05,5.61057863490095e-05,5.48897859822718e-05,5.61057863490095e-05,170.39802542492,0.00945671317807961,0.02215349076293426,31.335200556493692,0.6362580372474942,0.02215349076293426
1733713680.0,5.61057863490095e-05,5.66950522544823e-05,5.61057863490095e-05,5.66950522544823e-05,69.44294182936,0.003916611036722653,0.010502765290682087,-0.5858380218402685,0.6503533737984992,0.010502765290682087
1733713740.0,5.66950522544823e-05,5.7276336351226e-05,5.66950522544823e-05,5.7276336351226e-05,125.39373437227,0.007145649014431474,0.010252818784512882,0.8244469382925549,0.6571838826395081,0.010252818784512882
1733713800.0,5.7276336351226e-05,5.7276336351226e-05,5.50744213711454e-05,5.50744213711454e-05,499.49804453668,0.02805949189226941,-0.03844371201709138,2.9267940302693267,0.6639218698963136,0.03844371201709138
1733713860.0,5.50744213711454e-05,5.50744213711454e-05,5.31386269007289e-05,5.34357762666135e-05,54.64194534844,0.0029646041445354223,-0.02975328771026216,-0.8943457652078087,0.6383982487281709,0.035148702831959415
1733713920.0,5.34357762666135e-05,5.34357762666135e-05,5.31940199293558e-05,5.31940199293558e-05,11.22950383912,0.0005986998528736102,-0.0045242411385862285,-0.7980506591488182,0.6194038019600341,0.0045242411385862285
1733713980.0,5.31940199293558e-05,5.74830923784979e-05,5.29553273088e-05,5.74830923784979e-05,1247.2229562044,0.06901951759838383,0.08063072606353489,114.28233599374934,0.6166014697978098,0.08511793385254564
1733714040.0,5.74830923784979e-05,6.31039630797967e-05,5.74830923784979e-05,6.31039630797967e-05,230.6229,0.013905068216126365,0.0977830257336909,-0.7985342595838142,0.66631849399945,0.0977830257336909
1733714100.0,6.31039630797967e-05,6.42550602056754e-05,6.31039630797967e-05,6.42550602056754e-05,45.0036305055,0.0028658092127403782,0.01824128104954548,-0.7939018228319971,0.7314731324450324,0.01824128104954548
1733714160.0,6.42550602056754e-05,6.44286569474425e-05,6.40733485056768e-05,6.44286569474425e-05,38.89457941876,0.002502549528356597,0.00270168203424646,-0.12675640889451284,0.7448161394341536,0.005529656973760368
1733714220.0,6.44286569474425e-05,6.44286569474425e-05,6.44286569474425e-05,6.44286569474425e-05,0.0,0.0,0.0,-1.0,0.7468283958168797,0.0
1733714280.0,6.44286569474425e-05,6.44286569474425e-05,6.44286569474425e-05,6.44286569474425e-05,0.0,0.0,0.0,0.0,0.7468283958168797,0.0
1733714340.0,6.44286569474425e-05,6.70388758438079e-05,6.44286569474425e-05,6.70388758438079e-05,313.48574409132,0.02060659867045757,0.04051332155650352,inf,0.7468283958168797,0.04051332155650352
1733714400.0,6.70388758438079e-05,6.72862831664121e-05,6.70388758438079e-05,6.72862831664121e-05,34.9276509448,0.0023458311335068606,0.00369050524028229,-0.8861611675453293,0.7770848947641367,0.00369050524028229
1733714460.0,6.72862831664121e-05,6.77795421101597e-05,6.716975172045e-05,6.716975172045e-05,126.02010479406,0.008472081803318075,-0.0017318752125734032,2.6115480276079714,0.7799527306404079,0.009062625560719
1733714520.0,6.716975172045e-05,6.90630018704241e-05,6.716975172045e-05,6.90630018704241e-05,381.84761144706,0.02601007577976558,0.028186052523366676,2.070092615203359,0.7786019498392328,0.028186052523366676
1733714580.0,6.90630018704241e-05,6.90980459184979e-05,6.77157931434324e-05,6.77157931434324e-05,199.77872440819,0.013662746596978774,-0.019506952934356007,-0.47471331061604805,0.8005476652921971,0.020014374377454305
1733714640.0,6.77157931434324e-05,6.77617773478154e-05,6.77157931434324e-05,6.77617773478154e-05,22.9779,0.0015564950334954213,0.000679076508571535,-0.8860774425956486,0.7849314196636337,0.000679076508571535
1733714700.0,6.77617773478154e-05,6.90789977531897e-05,6.77617773478154e-05,6.89616393167419e-05,202.48768737275,0.013842404225053558,0.017707061648748048,7.893317310475234,0.7854644481515669,0.019438988422826122
1733714760.0,6.89616393167419e-05,6.97887621504007e-05,6.89616393167419e-05,6.97887621504007e-05,130.29479465693,0.009039227533863972,0.011993955507058177,-0.3469900613432636,0.7993727155578866,0.011993955507058177
1733714820.0,6.97887621504007e-05,7.26697820134597e-05,6.24534939906545e-05,6.40355711003006e-05,2128.14599726655,0.14239885957217238,-0.08243721299571814,14.753432363407004,0.8089603563418442,0.14638872660885197
1733714880.0,6.40355711003006e-05,6.41654434981077e-05,6.33030510714927e-05,6.33030510714927e-05,132.49033792128,0.008435568540985547,-0.01143926752305431,-0.9407609824521795,0.7422719191409995,0.013467396507859858
1733714940.0,6.33030510714927e-05,6.33030510714927e-05,6.18569580622687e-05,6.18569580622687e-05,285.35711059408,0.017857649284169407,-0.022843970152257205,1.1169467354103266,0.7337808720830947,0.022843970152257205
1733715000.0,6.18569580622687e-05,6.18569580622687e-05,5.75634729669225e-05,5.80603576148081e-05,492.84870634611,0.0295505469499727,-0.06137709590631236,0.6547836996759092,0.7170184037429312,0.06940989712142229
1733715060.0,5.80603576148081e-05,6.08947143547249e-05,5.80603576148081e-05,6.08498846930255e-05,474.23752683001,0.02819584961341211,0.048045296185119366,-0.045843392978614284,0.6730098964098103,0.04881741787952593
1733715120.0,6.08498846930255e-05,6.08498846930255e-05,6.08498846930255e-05,6.08498846930255e-05,0.0,0.0,0.0,-1.0,0.7053448562183362,0.0
1733715180.0,6.08498846930255e-05,6.11595734218915e-05,6.08498846930255e-05,6.11595734218915e-05,0.99154283074,6.048880173815914e-05,0.0050893889187844975,inf,0.7053448562183362,0.0050893889187844975
1733715240.0,6.11595734218915e-05,6.11595734218915e-05,6.11595734218915e-05,6.11595734218915e-05,0.0,0.0,0.0,-1.0,0.7089346305134954,0.0
1733715300.0,6.11595734218915e-05,6.119646893509e-05,6.11595734218915e-05,6.119646893509e-05,6.93810895585,0.00042445977663966764,0.0006032663593644178,inf,0.7089346305134954,0.0006032663593644178
1733715360.0,6.119646893509e-05,6.119646893509e-05,6.05185782216367e-05,6.07246277925703e-05,72.75995280045,0.004435486621641831,-0.007710267450564516,9.449721895338044,0.7093623069270727,0.01107728477230168
1733715420.0,6.07246277925703e-05,6.07246277925703e-05,6.07246277925703e-05,6.07246277925703e-05,0.0,0.0,0.0,-1.0,0.7038929338213155,0.0
1733715480.0,6.07246277925703e-05,6.10223911428389e-05,6.07246277925703e-05,6.08835516605183e-05,91.57821254185,0.005568329852391192,0.002617123788570071,inf,0.7038929338213155,0.0049035022707053025
1733715540.0,6.08835516605183e-05,6.08835516605183e-05,6.04801481248059e-05,6.04801481248059e-05,39.79120542159,0.0024146039544410067,-0.006625821337784979,-0.5663683692509505,0.7057351087630256,0.006625821337784979
1733715600.0,6.04801481248059e-05,6.04801481248059e-05,6.04801481248059e-05,6.04801481248059e-05,0.0,0.0,0.0,-1.0,0.7010590340205596,0.0
1733715660.0,6.04801481248059e-05,6.04801481248059e-05,5.9570844997299e-05,5.9570844997299e-05,219.8011378786,0.013193672445847321,-0.015034737111266292,inf,0.7010590340205596,0.015034737111266292
1733715720.0,5.9570844997299e-05,5.9570844997299e-05,5.7548803483169e-05,5.7548803483169e-05,249.4372463617,0.0146070013059091,-0.03394347544040512,0.10712171807074239,0.6905187957445822,0.03394347544040512
1733715780.0,5.7548803483169e-05,5.84399838176707e-05,5.7548803483169e-05,5.84399838176707e-05,159.8661,0.009271337534757385,0.015485644888556891,-0.36528125516037513,0.6670801879600878,0.015485644888556891
1733715840.0,5.84399838176707e-05,5.84399838176707e-05,5.45085999223275e-05,5.45085999223275e-05,1090.17199844655,0.06156669162877068,-0.06727215920539757,5.640540418031688,0.6774103548630295,0.06727215920539757
1733715900.0,5.45085999223275e-05,5.45085999223275e-05,5.03380716723388e-05,5.15682479299322e-05,398.56924419747,0.021139484537662585,-0.05394290069062832,-0.6566408884672974,0.6318394976232989,0.07651138088176056
1733715960.0,5.15682479299322e-05,5.28058368942373e-05,5.15682479299322e-05,5.28058368942373e-05,11.48157,0.0005991891805473199,0.02399905007412049,-0.9716554498062717,0.5977562423505888,0.02399905007412049
1733716020.0,5.28058368942373e-05,5.30096536601791e-05,4.59384484525674e-05,4.59384484525674e-05,1032.34480451845,0.05096907497683057,-0.13004979838543834,84.06341007404986,0.6121018243428787,0.1339095377235349
1733716080.0,4.59384484525674e-05,4.59384484525674e-05,4.531914891206e-05,4.531914891206e-05,70.70305135931,0.003226095296699242,-0.013481072203534243,-0.9367048490056813,0.5324981054957283,0.013481072203534243
1733716140.0,4.531914891206e-05,4.531914891206e-05,4.45257633024585e-05,4.45257633024585e-05,186.31085895588,0.008369541383751289,-0.017506630831506373,1.5943255279267572,0.5253194600872952,0.017506630831506373
1733716200.0,4.45257633024585e-05,4.45257633024585e-05,4.09015494189669e-05,4.09015494189669e-05,511.49791654029,0.02184794623632245,-0.08139588442027881,1.6104113994511422,0.5161228862309407,0.08139588442027881
1733716260.0,4.09015494189669e-05,4.09015494189669e-05,4.09015494189669e-05,4.09015494189669e-05,0.0,0.0,0.0,-1.0,0.47411260743662637,0.0
1733716320.0,4.09015494189669e-05,4.09015494189669e-05,4.09015494189669e-05,4.09015494189669e-05,0.0,0.0,0.0,0.0,0.47411260743662637,0.0
1733716380.0,4.09015494189669e-05,4.09015494189669e-05,4.09015494189669e-05,4.09015494189669e-05,0.0,0.0,0.0,0.0,0.47411260743662637,0.0
1733716440.0,4.09015494189669e-05,4.09015494189669e-05,4.09015494189669e-05,4.09015494189669e-05,0.0,0.0,0.0,0.0,0.47411260743662637,0.0
1733716500.0,4.09015494189669e-05,4.09015494189669e-05,4.09015494189669e-05,4.09015494189669e-05,0.0,0.0,0.0,0.0,0.47411260743662637,0.0
1733716560.0,4.09015494189669e-05,4.09015494189669e-05,4.01351581236206e-05,4.01351581236206e-05,58.44530140901,0.0023681073987601602,-0.01873746364705941,inf,0.47411260743662637,0.01873746364705941
1733716620.0,4.01351581236206e-05,4.01351581236206e-05,4.00742168301599e-05,4.00742168301599e-05,4.539420866,0.00018205205515700454,-0.0015184017283050174,-0.9231233958171325,0.46522893969017,0.0015184017283050174
1733716680.0,4.00742168301599e-05,4.07338585453231e-05,4.00742168301599e-05,4.07338585453231e-05,94.34315509736,0.0038118443941341754,0.01646050172256276,19.93821127614726,0.46452253526408693,0.01646050172256276
1733716740.0,4.07338585453231e-05,4.07338585453231e-05,4.07338585453231e-05,4.07338585453231e-05,0.0,0.0,0.0,-1.0,0.47216880925597066,0.0
1733716800.0,4.07338585453231e-05,4.07338585453231e-05,4.07338585453231e-05,4.07338585453231e-05,0.0,0.0,0.0,0.0,0.47216880925597066,0.0
1733716860.0,4.07338585453231e-05,4.07347094167507e-05,4.07338585453231e-05,4.07347094167507e-05,20.12677551456,0.0008198497894326671,2.0888554582903574e-05,inf,0.47216880925597066,2.0888554582903574e-05
1733716920.0,4.07347094167507e-05,4.07347094167507e-05,4.06401744824764e-05,4.06401744824764e-05,7.27698554044,0.00029608192674482965,-0.002320746499186459,-0.6388583243404659,0.47217867217991516,0.002320746499186459
1733716980.0,4.06401744824764e-05,4.06401744824764e-05,4.06401744824764e-05,4.06401744824764e-05,0.0,0.0,0.0,-1.0,0.47108286517946313,0.0
1733717040.0,4.06401744824764e-05,4.06401744824764e-05,4.06401744824764e-05,4.06401744824764e-05,0.0,0.0,0.0,0.0,0.47108286517946313,0.0
1733717100.0,4.06401744824764e-05,4.06401744824764e-05,4.06401744824764e-05,4.06401744824764e-05,0.0,0.0,0.0,0.0,0.47108286517946313,0.0
1733717160.0,4.06401744824764e-05,4.0987544590087e-05,4.05919409807419e-05,4.0987544590087e-05,129.3055491392,0.00527745851982908,0.008547456108004304,inf,0.47108286517946313,0.009734298988201499
1733717220.0,4.0987544590087e-05,4.0987544590087e-05,4.0987544590087e-05,4.0987544590087e-05,0.0,0.0,0.0,-1.0,0.47510942529281747,0.0
1733717280.0,4.0987544590087e-05,4.0987544590087e-05,4.0987544590087e-05,4.0987544590087e-05,0.0,0.0,0.0,0.0,0.47510942529281747,0.0
1733717340.0,4.0987544590087e-05,4.0987544590087e-05,3.89381268917546e-05,3.89381268917546e-05,350.00234796802,0.013987086340782587,-0.0500009873445324,inf,0.47510942529281747,0.0500009873445324
1733717400.0,3.89381268917546e-05,3.89381268917546e-05,3.80056648356788e-05,3.80056648356788e-05,137.80650125388,0.005301677365582415,-0.023947275601314544,-0.6209591307001411,0.45135348493148325,0.023947275601314544
1733717460.0,3.80056648356788e-05,3.80056648356788e-05,3.80056648356788e-05,3.80056648356788e-05,0.0,0.0,0.0,-1.0,0.44054479863421525,0.0
1733717520.0,3.80056648356788e-05,3.80056648356788e-05,3.80056648356788e-05,3.80056648356788e-05,0.0,0.0,0.0,0.0,0.44054479863421525,0.0
1733717580.0,3.80056648356788e-05,3.80056648356788e-05,3.80056648356788e-05,3.80056648356788e-05,0.0,0.0,0.0,0.0,0.44054479863421525,0.0
1733717640.0,3.80056648356788e-05,3.80056648356788e-05,3.80056648356788e-05,3.80056648356788e-05,0.0,0.0,0.0,0.0,0.44054479863421525,0.0
1733717700.0,3.80056648356788e-05,3.80056648356788e-05,3.80056648356788e-05,3.80056648356788e-05,0.0,0.0,0.0,0.0,0.44054479863421525,0.0
1733717760.0,3.80056648356788e-05,3.80056648356788e-05,3.80056648356788e-05,3.80056648356788e-05,0.0,0.0,0.0,0.0,0.44054479863421525,0.0
1733717820.0,3.80056648356788e-05,3.80056648356788e-05,3.80056648356788e-05,3.80056648356788e-05,0.0,0.0,0.0,0.0,0.44054479863421525,0.0
1733717880.0,3.80056648356788e-05,3.80056648356788e-05,3.78877661178474e-05,3.78877661178474e-05,22.5504465691,0.0008557153798315864,-0.00310213538800445,inf,0.44054479863421525,0.00310213538800445
1733717940.0,3.78877661178474e-05,3.78877661178474e-05,3.77864568697e-05,3.77864568697e-05,9.73567281256,0.0003683697376757341,-0.0026739303613807653,-0.5695183861855644,0.43917816902437073,0.0026739303613807653
1733718000.0,3.77864568697e-05,3.77864568697e-05,3.75846950060169e-05,3.75846950060169e-05,47.43581790513,0.0017876461178382022,-0.005339528508291657,3.852858242692614,0.43800383718416086,0.005339528508291657
1733718060.0,3.75846950060169e-05,3.75846950060169e-05,3.72770107542745e-05,3.72770107542745e-05,34.59963839427,0.001295093974442161,-0.008186424066848037,-0.2755311235714168,0.4356651032087749,0.008186424066848037
1733718120.0,3.72770107542745e-05,3.72770107542745e-05,3.72770107542745e-05,3.72770107542745e-05,0.0,0.0,0.0,-1.0,0.4320985639227808,0.0
1733718180.0,3.72770107542745e-05,3.72770107542745e-05,3.70921986383633e-05,3.70921986383633e-05,9.34698147194,0.0003475638111379058,-0.004957804077410001,inf,0.4320985639227808,0.004957804077410001
1733718240.0,3.70921986383633e-05,3.70921986383633e-05,3.68026475858669e-05,3.68026475858669e-05,49.14921178344,0.0018159367233897107,-0.007806252072556541,4.224757771657608,0.42995630390072137,0.007806252072556541
1733718300.0,3.68026475858669e-05,3.68026475858669e-05,3.64886039267278e-05,3.64886039267278e-05,83.31944764776,0.0030532932967212226,-0.008533181163294894,0.6813874940652146,0.4265999566122876,0.008533181163294894
1733718360.0,3.64886039267278e-05,3.64886039267278e-05,3.64886039267278e-05,3.64886039267278e-05,0.0,0.0,0.0,-1.0,0.42295970189826126,0.0
1733718420.0,3.64886039267278e-05,3.64886039267278e-05,3.61435183733643e-05,3.61435183733643e-05,25.03976860167,0.0009093457677212509,-0.009457351507787424,inf,0.42295970189826126,0.009457351507787424
1733718480.0,3.61435183733643e-05,3.63098851724056e-05,3.61435183733643e-05,3.63098851724056e-05,0.45837045,1.6605249593653072e-05,0.00460294975499404,-0.9817393447211344,0.4189596233237804,0.00460294975499404
1733718540.0,3.63098851724056e-05,3.63098851724056e-05,3.63098851724056e-05,3.63098851724056e-05,0.0,0.0,0.0,-1.0,0.420888073419311,0.0
1733718600.0,3.63098851724056e-05,3.63098851724056e-05,3.63098851724056e-05,3.63098851724056e-05,0.0,0.0,0.0,0.0,0.420888073419311,0.0
1733718660.0,3.63098851724056e-05,3.63098851724056e-05,3.63098851724056e-05,3.63098851724056e-05,0.0,0.0,0.0,0.0,0.420888073419311,0.0
1733718720.0,3.63098851724056e-05,3.63098851724056e-05,3.63098851724056e-05,3.63098851724056e-05,0.0,0.0,0.0,0.0,0.420888073419311,0.0
1733718780.0,3.63098851724056e-05,3.63098851724056e-05,3.63098851724056e-05,3.63098851724056e-05,0.0,0.0,0.0,0.0,0.420888073419311,0.0
1733718840.0,3.63098851724056e-05,3.63098851724056e-05,3.63098851724056e-05,3.63098851724056e-05,0.0,0.0,0.0,0.0,0.420888073419311,0.0
1733718900.0,3.63098851724056e-05,3.63098851724056e-05,3.63098851724056e-05,3.63098851724056e-05,0.0,0.0,0.0,0.0,0.420888073419311,0.0
1733718960.0,3.63098851724056e-05,3.63098851724056e-05,3.63098851724056e-05,3.63098851724056e-05,0.0,0.0,0.0,0.0,0.420888073419311,0.0
1733719020.0,3.63098851724056e-05,3.63098851724056e-05,3.62829257041106e-05,3.62829257041106e-05,7.70749498392,0.0002797543628497009,-0.0007424828849498453,inf,0.420888073419311,0.0007424828849498453
1733719080.0,3.62829257041106e-05,3.62829257041106e-05,3.62262228572729e-05,3.62262228572729e-05,12.792491712,0.0004637863410078376,-0.0015627969833555376,0.6578341666721692,0.4205755712283176,0.0015627969833555376
1733719140.0,3.62262228572729e-05,3.62262228572729e-05,3.62262228572729e-05,3.62262228572729e-05,0.0,0.0,0.0,-1.0,0.419918296994329,0.0
1733719200.0,3.62262228572729e-05,3.62262228572729e-05,3.62262228572729e-05,3.62262228572729e-05,0.0,0.0,0.0,0.0,0.419918296994329,0.0
1733719260.0,3.62262228572729e-05,3.62262228572729e-05,3.62262228572729e-05,3.62262228572729e-05,0.0,0.0,0.0,0.0,0.419918296994329,0.0
1733719320.0,3.62262228572729e-05,3.62262228572729e-05,3.61473859433974e-05,3.61473859433974e-05,19.0020408942,0.0006876231370455851,-0.002176238858412186,inf,0.419918296994329,0.002176238858412186
1733719380.0,3.61473859433974e-05,3.61473859433974e-05,3.61473859433974e-05,3.61473859433974e-05,0.0,0.0,0.0,-1.0,0.41900445447905166,0.0
1733719440.0,3.61473859433974e-05,3.61473859433974e-05,3.61473859433974e-05,3.61473859433974e-05,0.0,0.0,0.0,0.0,0.41900445447905166,0.0
1733719500.0,3.61473859433974e-05,3.61473859433974e-05,3.61473859433974e-05,3.61473859433974e-05,0.0,0.0,0.0,0.0,0.41900445447905166,0.0
1733719560.0,3.61473859433974e-05,3.61473859433974e-05,3.61473859433974e-05,3.61473859433974e-05,0.0,0.0,0.0,0.0,0.41900445447905166,0.0
1733719620.0,3.61473859433974e-05,3.61473859433974e-05,3.61473859433974e-05,3.61473859433974e-05,0.0,0.0,0.0,0.0,0.41900445447905166,0.0
1733719680.0,3.61473859433974e-05,3.61473859433974e-05,3.61473859433974e-05,3.61473859433974e-05,0.0,0.0,0.0,0.0,0.41900445447905166,0.0
1733719740.0,3.61473859433974e-05,3.61473859433974e-05,3.61473859433974e-05,3.61473859433974e-05,0.0,0.0,0.0,0.0,0.41900445447905166,0.0
1733719800.0,3.61473859433974e-05,3.61473859433974e-05,3.61473859433974e-05,3.61473859433974e-05,0.0,0.0,0.0,0.0,0.41900445447905166,0.0
1733719860.0,3.61473859433974e-05,3.61473859433974e-05,3.61473859433974e-05,3.61473859433974e-05,0.0,0.0,0.0,0.0,0.41900445447905166,0.0
1733719920.0,3.61473859433974e-05,3.61473859433974e-05,3.5582225359118e-05,3.5582225359118e-05,162.63311962428,0.005832805227782547,-0.015634895014659585,inf,0.41900445447905166,0.015634895014659585
1733719980.0,3.5582225359118e-05,3.5582225359118e-05,3.48466582726547e-05,3.48466582726547e-05,85.76106227216,0.0030200279374515845,-0.020672318244277926,-0.482234050424532,0.412453363822597,0.020672318244277926
1733720040.0,3.48466582726547e-05,3.48466582726547e-05,3.48466582726547e-05,3.48466582726547e-05,0.0,0.0,0.0,-1.0,0.4039269966247333,0.0
1733720100.0,3.48466582726547e-05,3.48466582726547e-05,3.48466582726547e-05,3.48466582726547e-05,0.0,0.0,0.0,0.0,0.4039269966247333,0.0
1733720160.0,3.48466582726547e-05,3.48466582726547e-05,3.48466582726547e-05,3.48466582726547e-05,0.0,0.0,0.0,0.0,0.4039269966247333,0.0
1733720220.0,3.48466582726547e-05,3.48466582726547e-05,3.48466582726547e-05,3.48466582726547e-05,0.0,0.0,0.0,0.0,0.4039269966247333,0.0
1733720280.0,3.48466582726547e-05,3.48466582726547e-05,3.48466582726547e-05,3.48466582726547e-05,0.0,0.0,0.0,0.0,0.4039269966247333,0.0
1733720340.0,3.48466582726547e-05,3.48466582726547e-05,3.48466582726547e-05,3.48466582726547e-05,0.0,0.0,0.0,0.0,0.4039269966247333,0.0
1733720400.0,3.48466582726547e-05,3.48466582726547e-05,3.48466582726547e-05,3.48466582726547e-05,0.0,0.0,0.0,0.0,0.4039269966247333,0.0
1733720460.0,3.48466582726547e-05,3.48466582726547e-05,3.48466582726547e-05,3.48466582726547e-05,0.0,0.0,0.0,0.0,0.4039269966247333,0.0
1733720520.0,3.48466582726547e-05,3.48466582726547e-05,3.48466582726547e-05,3.48466582726547e-05,0.0,0.0,0.0,0.0,0.4039269966247333,0.0
1733720580.0,3.48466582726547e-05,3.48466582726547e-05,3.48466582726547e-05,3.48466582726547e-05,0.0,0.0,0.0,0.0,0.4039269966247333,0.0
1733720640.0,3.48466582726547e-05,3.48466582726547e-05,3.42397110115125e-05,3.42397110115125e-05,125.1341605701,0.004322532413605102,-0.017417660436567353,inf,0.4039269966247333,0.017417660436567353
1733720700.0,3.42397110115125e-05,3.42397110115125e-05,3.42397110115125e-05,3.42397110115125e-05,0.0,0.0,0.0,-1.0,0.39689153335636124,0.0
1733720760.0,3.42397110115125e-05,3.42397110115125e-05,3.42397110115125e-05,3.42397110115125e-05,0.0,0.0,0.0,0.0,0.39689153335636124,0.0
1733720820.0,3.42397110115125e-05,3.42397110115125e-05,3.42397110115125e-05,3.42397110115125e-05,0.0,0.0,0.0,0.0,0.39689153335636124,0.0
1733720880.0,3.42397110115125e-05,3.42397110115125e-05,3.42397110115125e-05,3.42397110115125e-05,0.0,0.0,0.0,0.0,0.39689153335636124,0.0
1733720940.0,3.42397110115125e-05,3.42397110115125e-05,3.42397110115125e-05,3.42397110115125e-05,0.0,0.0,0.0,0.0,0.39689153335636124,0.0
1733721000.0,3.42397110115125e-05,3.42397110115125e-05,3.42397110115125e-05,3.42397110115125e-05,0.0,0.0,0.0,0.0,0.39689153335636124,0.0
1733721060.0,3.42397110115125e-05,3.42397110115125e-05,3.42397110115125e-05,3.42397110115125e-05,0.0,0.0,0.0,0.0,0.39689153335636124,0.0
1733721120.0,3.42397110115125e-05,3.42397110115125e-05,3.42397110115125e-05,3.42397110115125e-05,0.0,0.0,0.0,0.0,0.39689153335636124,0.0
1733721180.0,3.42397110115125e-05,3.42397110115125e-05,3.42397110115125e-05,3.42397110115125e-05,0.0,0.0,0.0,0.0,0.39689153335636124,0.0
1733721240.0,3.42397110115125e-05,3.42397110115125e-05,3.38170598022468e-05,3.38170598022468e-05,23.1244239204,0.0007868868094754381,-0.012343889500807767,inf,0.39689153335636124,0.012343889500807767
1733721300.0,3.38170598022468e-05,3.38170598022468e-05,3.36640967461045e-05,3.36640967461045e-05,27.57756273475,0.0009304829140628218,-0.0045232511944204735,0.18248635363847202,0.39199234812480416,0.0045232511944204735
1733721360.0,3.36640967461045e-05,3.36640967461045e-05,3.36640967461045e-05,3.36640967461045e-05,0.0,0.0,0.0,-1.0,0.39021926826794495,0.0
1733721420.0,3.36640967461045e-05,3.36640967461045e-05,3.36640967461045e-05,3.36640967461045e-05,0.0,0.0,0.0,0.0,0.39021926826794495,0.0
1733721480.0,3.36640967461045e-05,3.36640967461045e-05,3.36640967461045e-05,3.36640967461045e-05,0.0,0.0,0.0,0.0,0.39021926826794495,0.0
1733721540.0,3.36640967461045e-05,3.36640967461045e-05,3.36640967461045e-05,3.36640967461045e-05,0.0,0.0,0.0,0.0,0.39021926826794495,0.0
1733721600.0,3.36640967461045e-05,3.36640967461045e-05,3.36640967461045e-05,3.36640967461045e-05,0.0,0.0,0.0,0.0,0.39021926826794495,0.0
1733721660.0,3.36640967461045e-05,3.36640967461045e-05,3.36640967461045e-05,3.36640967461045e-05,0.0,0.0,0.0,0.0,0.39021926826794495,0.0
1733721720.0,3.36640967461045e-05,3.36640967461045e-05,3.36640967461045e-05,3.36640967461045e-05,0.0,0.0,0.0,0.0,0.39021926826794495,0.0
1733721780.0,3.36640967461045e-05,3.36640967461045e-05,3.36640967461045e-05,3.36640967461045e-05,0.0,0.0,0.0,0.0,0.39021926826794495,0.0
1733721840.0,3.36640967461045e-05,3.36640967461045e-05,3.36640967461045e-05,3.36640967461045e-05,0.0,0.0,0.0,0.0,0.39021926826794495,0.0
1733721900.0,3.36640967461045e-05,3.36640967461045e-05,3.36640967461045e-05,3.36640967461045e-05,0.0,0.0,0.0,0.0,0.39021926826794495,0.0
1733721960.0,3.36640967461045e-05,3.36640967461045e-05,3.36640967461045e-05,3.36640967461045e-05,0.0,0.0,0.0,0.0,0.39021926826794495,0.0
1733722020.0,3.36640967461045e-05,3.36640967461045e-05,3.36640967461045e-05,3.36640967461045e-05,0.0,0.0,0.0,0.0,0.39021926826794495,0.0
1733722080.0,3.36640967461045e-05,3.36640967461045e-05,3.36640967461045e-05,3.36640967461045e-05,0.0,0.0,0.0,0.0,0.39021926826794495,0.0
1733722140.0,3.36640967461045e-05,3.36640967461045e-05,3.36640967461045e-05,3.36640967461045e-05,0.0,0.0,0.0,0.0,0.39021926826794495,0.0
1733722200.0,3.36640967461045e-05,3.36640967461045e-05,3.36640967461045e-05,3.36640967461045e-05,0.0,0.0,0.0,0.0,0.39021926826794495,0.0
1733722260.0,3.36640967461045e-05,3.36640967461045e-05,3.34818603742177e-05,3.34818603742177e-05,18.4900784431,0.0006207670071458931,-0.005413374767225443,inf,0.39021926826794495,0.005413374767225443
1733722320.0,3.34818603742177e-05,3.34818603742177e-05,3.34818603742177e-05,3.34818603742177e-05,0.0,0.0,0.0,-1.0,0.38810686512741804,0.0
1733722380.0,3.34818603742177e-05,3.34818603742177e-05,3.34818603742177e-05,3.34818603742177e-05,0.0,0.0,0.0,0.0,0.38810686512741804,0.0
1733722440.0,3.34818603742177e-05,3.34818603742177e-05,3.34818603742177e-05,3.34818603742177e-05,0.0,0.0,0.0,0.0,0.38810686512741804,0.0
1733722500.0,3.34818603742177e-05,3.34818603742177e-05,3.34818603742177e-05,3.34818603742177e-05,0.0,0.0,0.0,0.0,0.38810686512741804,0.0
1733722560.0,3.34818603742177e-05,3.34818603742177e-05,3.34818603742177e-05,3.34818603742177e-05,0.0,0.0,0.0,0.0,0.38810686512741804,0.0
1733722620.0,3.34818603742177e-05,3.34818603742177e-05,3.34818603742177e-05,3.34818603742177e-05,0.0,0.0,0.0,0.0,0.38810686512741804,0.0
1733722680.0,3.34818603742177e-05,3.34818603742177e-05,3.34232199736179e-05,3.34232199736179e-05,1.86780578868,6.248284818289392e-05,-0.0017514080742344839,inf,0.38810686512741804,0.0017514080742344839
1733722740.0,3.34232199736179e-05,3.34232199736179e-05,3.34232199736179e-05,3.34232199736179e-05,0.0,0.0,0.0,-1.0,0.38742713163016806,0.0
1733722800.0,3.34232199736179e-05,3.34232199736179e-05,3.34232199736179e-05,3.34232199736179e-05,0.0,0.0,0.0,0.0,0.38742713163016806,0.0
1733722860.0,3.34232199736179e-05,3.34232199736179e-05,3.34232199736179e-05,3.34232199736179e-05,0.0,0.0,0.0,0.0,0.38742713163016806,0.0
1733722920.0,3.34232199736179e-05,3.34232199736179e-05,3.34232199736179e-05,3.34232199736179e-05,0.0,0.0,0.0,0.0,0.38742713163016806,0.0
1733722980.0,3.34232199736179e-05,3.34232199736179e-05,3.34232199736179e-05,3.34232199736179e-05,0.0,0.0,0.0,0.0,0.38742713163016806,0.0
1733723040.0,3.34232199736179e-05,3.34232199736179e-05,3.34232199736179e-05,3.34232199736179e-05,0.0,0.0,0.0,0.0,0.38742713163016806,0.0
1733723100.0,3.34232199736179e-05,3.34232199736179e-05,3.34232199736179e-05,3.34232199736179e-05,0.0,0.0,0.0,0.0,0.38742713163016806,0.0
1733723160.0,3.34232199736179e-05,3.34232199736179e-05,3.34232199736179e-05,3.34232199736179e-05,0.0,0.0,0.0,0.0,0.38742713163016806,0.0
1733723220.0,3.34232199736179e-05,3.34232199736179e-05,3.34232199736179e-05,3.34232199736179e-05,0.0,0.0,0.0,0.0,0.38742713163016806,0.0
1733723280.0,3.34232199736179e-05,3.34232199736179e-05,3.34232199736179e-05,3.34232199736179e-05,0.0,0.0,0.0,0.0,0.38742713163016806,0.0
1733723340.0,3.34232199736179e-05,3.34232199736179e-05,3.34232199736179e-05,3.34232199736179e-05,0.0,0.0,0.0,0.0,0.38742713163016806,0.0
1733723400.0,3.34232199736179e-05,3.34232199736179e-05,3.34232199736179e-05,3.34232199736179e-05,0.0,0.0,0.0,0.0,0.38742713163016806,0.0
1733723460.0,3.34232199736179e-05,3.34232199736179e-05,3.34232199736179e-05,3.34232199736179e-05,0.0,0.0,0.0,0.0,0.38742713163016806,0.0
1733723520.0,3.34232199736179e-05,3.34232199736179e-05,3.34232199736179e-05,3.34232199736179e-05,0.0,0.0,0.0,0.0,0.38742713163016806,0.0
1733723580.0,3.34232199736179e-05,3.34232199736179e-05,3.34232199736179e-05,3.34232199736179e-05,0.0,0.0,0.0,0.0,0.38742713163016806,0.0
1733723640.0,3.34232199736179e-05,3.34232199736179e-05,3.34232199736179e-05,3.34232199736179e-05,0.0,0.0,0.0,0.0,0.38742713163016806,0.0
1733723700.0,3.34232199736179e-05,3.34232199736179e-05,3.34232199736179e-05,3.34232199736179e-05,0.0,0.0,0.0,0.0,0.38742713163016806,0.0
1733723760.0,3.34232199736179e-05,3.34232199736179e-05,3.34232199736179e-05,3.34232199736179e-05,0.0,0.0,0.0,0.0,0.38742713163016806,0.0
1733723820.0,3.34232199736179e-05,3.34232199736179e-05,3.34232199736179e-05,3.34232199736179e-05,0.0,0.0,0.0,0.0,0.38742713163016806,0.0
1733723880.0,3.34232199736179e-05,3.34232199736179e-05,3.33475520969461e-05,3.33475520969461e-05,27.73829459212,0.0009260536729183013,-0.002263931384574237,inf,0.38742713163016806,0.002263931384574237
1733723940.0,3.33475520969461e-05,3.33475520969461e-05,3.33475520969461e-05,3.33475520969461e-05,0.0,0.0,0.0,-1.0,0.38655002318763493,0.0
1733724000.0,3.33475520969461e-05,3.33475520969461e-05,3.33475520969461e-05,3.33475520969461e-05,0.0,0.0,0.0,0.0,0.38655002318763493,0.0
1733724060.0,3.33475520969461e-05,3.33475520969461e-05,3.33475520969461e-05,3.33475520969461e-05,0.0,0.0,0.0,0.0,0.38655002318763493,0.0
1733724120.0,3.33475520969461e-05,3.33475520969461e-05,3.33475520969461e-05,3.33475520969461e-05,0.0,0.0,0.0,0.0,0.38655002318763493,0.0
1733724180.0,3.33475520969461e-05,3.33475520969461e-05,3.33475520969461e-05,3.33475520969461e-05,0.0,0.0,0.0,0.0,0.38655002318763493,0.0
1733724240.0,3.33475520969461e-05,3.33475520969461e-05,3.33475520969461e-05,3.33475520969461e-05,0.0,0.0,0.0,0.0,0.38655002318763493,0.0
1733724300.0,3.33475520969461e-05,3.33475520969461e-05,3.33475520969461e-05,3.33475520969461e-05,0.0,0.0,0.0,0.0,0.38655002318763493,0.0
1733724360.0,3.33475520969461e-05,3.33475520969461e-05,3.33475520969461e-05,3.33475520969461e-05,0.0,0.0,0.0,0.0,0.38655002318763493,0.0
1733724420.0,3.33475520969461e-05,3.33475520969461e-05,3.33475520969461e-05,3.33475520969461e-05,0.0,0.0,0.0,0.0,0.38655002318763493,0.0
1733724480.0,3.33475520969461e-05,3.33475520969461e-05,3.33475520969461e-05,3.33475520969461e-05,0.0,0.0,0.0,0.0,0.38655002318763493,0.0
1733724540.0,3.33475520969461e-05,3.33475520969461e-05,3.33475520969461e-05,3.33475520969461e-05,0.0,0.0,0.0,0.0,0.38655002318763493,0.0
1733724600.0,3.33475520969461e-05,3.33475520969461e-05,3.33475520969461e-05,3.33475520969461e-05,0.0,0.0,0.0,0.0,0.38655002318763493,0.0
1733724660.0,3.33475520969461e-05,3.33475520969461e-05,3.33475520969461e-05,3.33475520969461e-05,0.0,0.0,0.0,0.0,0.38655002318763493,0.0
1733724720.0,3.33475520969461e-05,3.33475520969461e-05,3.33475520969461e-05,3.33475520969461e-05,0.0,0.0,0.0,0.0,0.38655002318763493,0.0
1733724780.0,3.33475520969461e-05,3.33475520969461e-05,3.33475520969461e-05,3.33475520969461e-05,0.0,0.0,0.0,0.0,0.38655002318763493,0.0
1733724840.0,3.33475520969461e-05,3.33475520969461e-05,3.33475520969461e-05,3.33475520969461e-05,0.0,0.0,0.0,0.0,0.38655002318763493,0.0
1733724900.0,3.33475520969461e-05,3.33475520969461e-05,3.33475520969461e-05,3.33475520969461e-05,0.0,0.0,0.0,0.0,0.38655002318763493,0.0
1733724960.0,3.33475520969461e-05,3.33475520969461e-05,3.33475520969461e-05,3.33475520969461e-05,0.0,0.0,0.0,0.0,0.38655002318763493,0.0
1733725020.0,3.33475520969461e-05,3.33475520969461e-05,3.33475520969461e-05,3.33475520969461e-05,0.0,0.0,0.0,0.0,0.38655002318763493,0.0
1733725080.0,3.33475520969461e-05,3.33475520969461e-05,3.33475520969461e-05,3.33475520969461e-05,0.0,0.0,0.0,0.0,0.38655002318763493,0.0
1733725140.0,3.33475520969461e-05,3.33475520969461e-05,3.33475520969461e-05,3.33475520969461e-05,0.0,0.0,0.0,0.0,0.38655002318763493,0.0
1733725200.0,3.33475520969461e-05,3.33475520969461e-05,3.33475520969461e-05,3.33475520969461e-05,0.0,0.0,0.0,0.0,0.38655002318763493,0.0
1733725260.0,3.33475520969461e-05,3.33475520969461e-05,3.33475520969461e-05,3.33475520969461e-05,0.0,0.0,0.0,0.0,0.38655002318763493,0.0
1733725320.0,3.33475520969461e-05,3.33475520969461e-05,3.33475520969461e-05,3.33475520969461e-05,0.0,0.0,0.0,0.0,0.38655002318763493,0.0
1733725380.0,3.33475520969461e-05,3.33475520969461e-05,3.33475520969461e-05,3.33475520969461e-05,0.0,0.0,0.0,0.0,0.38655002318763493,0.0
1733725440.0,3.33475520969461e-05,3.33475520969461e-05,3.33475520969461e-05,3.33475520969461e-05,0.0,0.0,0.0,0.0,0.38655002318763493,0.0
1733725500.0,3.33475520969461e-05,3.33475520969461e-05,3.33475520969461e-05,3.33475520969461e-05,0.0,0.0,0.0,0.0,0.38655002318763493,0.0
1733725560.0,3.33475520969461e-05,3.33475520969461e-05,3.33475520969461e-05,3.33475520969461e-05,0.0,0.0,0.0,0.0,0.38655002318763493,0.0
1733725620.0,3.33475520969461e-05,3.33475520969461e-05,3.33475520969461e-05,3.33475520969461e-05,0.0,0.0,0.0,0.0,0.38655002318763493,0.0
1733725680.0,3.33475520969461e-05,3.33475520969461e-05,3.33475520969461e-05,3.33475520969461e-05,0.0,0.0,0.0,0.0,0.38655002318763493,0.0
1733725740.0,3.33475520969461e-05,3.33475520969461e-05,3.30462614660611e-05,3.30462614660611e-05,0.24172479827,8.024515594946954e-06,-0.009034864988263822,inf,0.38655002318763493,0.009034864988263822
1733725800.0,3.30462614660611e-05,3.30462614660611e-05,3.30462614660611e-05,3.30462614660611e-05,0.0,0.0,0.0,-1.0,0.3830575959169244,0.0
1733725860.0,3.30462614660611e-05,3.30462614660611e-05,3.30462614660611e-05,3.30462614660611e-05,0.0,0.0,0.0,0.0,0.3830575959169244,0.0
1733725920.0,3.30462614660611e-05,3.30462614660611e-05,3.30462614660611e-05,3.30462614660611e-05,0.0,0.0,0.0,0.0,0.3830575959169244,0.0
1733725980.0,3.30462614660611e-05,3.33731963943137e-05,3.30462614660611e-05,3.33731963943137e-05,68.6246895,0.0022790073362132773,0.009893250060626971,inf,0.3830575959169244,0.009893250060626971
1733726040.0,3.33731963943137e-05,3.33731963943137e-05,3.33731963943137e-05,3.33731963943137e-05,0.0,0.0,0.0,-1.0,0.3868472805009532,0.0
1733726100.0,3.33731963943137e-05,3.33731963943137e-05,3.33731963943137e-05,3.33731963943137e-05,0.0,0.0,0.0,0.0,0.3868472805009532,0.0
1733726160.0,3.33731963943137e-05,3.33731963943137e-05,3.33731963943137e-05,3.33731963943137e-05,0.0,0.0,0.0,0.0,0.3868472805009532,0.0
1733726220.0,3.33731963943137e-05,3.33731963943137e-05,3.33731963943137e-05,3.33731963943137e-05,0.0,0.0,0.0,0.0,0.3868472805009532,0.0
1733726280.0,3.33731963943137e-05,3.33731963943137e-05,3.33731963943137e-05,3.33731963943137e-05,0.0,0.0,0.0,0.0,0.3868472805009532,0.0
1733726340.0,3.33731963943137e-05,3.33731963943137e-05,3.32895424855869e-05,3.32895424855869e-05,46.41230530486,0.0015469856946760537,-0.0025066196158859406,inf,0.3868472805009532,0.0025066196158859406
1733726400.0,3.32895424855869e-05,3.32895424855869e-05,3.32895424855869e-05,3.32895424855869e-05,0.0,0.0,0.0,-1.0,0.38587760151929734,0.0
1733726460.0,3.32895424855869e-05,3.32895424855869e-05,3.32895424855869e-05,3.32895424855869e-05,0.0,0.0,0.0,0.0,0.38587760151929734,0.0
1733726520.0,3.32895424855869e-05,3.32895424855869e-05,3.32895424855869e-05,3.32895424855869e-05,0.0,0.0,0.0,0.0,0.38587760151929734,0.0
1733726580.0,3.32895424855869e-05,3.32895424855869e-05,3.32895424855869e-05,3.32895424855869e-05,0.0,0.0,0.0,0.0,0.38587760151929734,0.0
1733726640.0,3.32895424855869e-05,3.32895424855869e-05,3.32895424855869e-05,3.32895424855869e-05,0.0,0.0,0.0,0.0,0.38587760151929734,0.0
1733726700.0,3.32895424855869e-05,3.32895424855869e-05,3.32895424855869e-05,3.32895424855869e-05,0.0,0.0,0.0,0.0,0.38587760151929734,0.0
1733726760.0,3.32895424855869e-05,3.32895424855869e-05,3.32895424855869e-05,3.32895424855869e-05,0.0,0.0,0.0,0.0,0.38587760151929734,0.0
1733726820.0,3.32895424855869e-05,3.32895424855869e-05,3.32895424855869e-05,3.32895424855869e-05,0.0,0.0,0.0,0.0,0.38587760151929734,0.0
1733726880.0,3.32895424855869e-05,3.32895424855869e-05,3.32895424855869e-05,3.32895424855869e-05,0.0,0.0,0.0,0.0,0.38587760151929734,0.0
1733726940.0,3.32895424855869e-05,3.32895424855869e-05,3.31912249095419e-05,3.31912249095419e-05,6.41101499838,0.00021310459843699143,-0.0029534072475633916,inf,0.38587760151929734,0.0029534072475633916
1733727000.0,3.31912249095419e-05,3.31912249095419e-05,3.31912249095419e-05,3.31912249095419e-05,0.0,0.0,0.0,-1.0,0.3847379478142979,0.0
1733727060.0,3.31912249095419e-05,3.31912249095419e-05,3.31912249095419e-05,3.31912249095419e-05,0.0,0.0,0.0,0.0,0.3847379478142979,0.0
1733727120.0,3.31912249095419e-05,3.31912249095419e-05,3.31912249095419e-05,3.31912249095419e-05,0.0,0.0,0.0,0.0,0.3847379478142979,0.0
1733727180.0,3.31912249095419e-05,3.31912249095419e-05,3.31912249095419e-05,3.31912249095419e-05,0.0,0.0,0.0,0.0,0.3847379478142979,0.0
1733727240.0,3.31912249095419e-05,3.31912249095419e-05,3.31912249095419e-05,3.31912249095419e-05,0.0,0.0,0.0,0.0,0.3847379478142979,0.0
1733727300.0,3.31912249095419e-05,3.31912249095419e-05,3.31912249095419e-05,3.31912249095419e-05,0.0,0.0,0.0,0.0,0.3847379478142979,0.0
1733727360.0,3.31912249095419e-05,3.31912249095419e-05,3.31912249095419e-05,3.31912249095419e-05,0.0,0.0,0.0,0.0,0.3847379478142979,0.0
1733727420.0,3.31912249095419e-05,3.31912249095419e-05,3.31912249095419e-05,3.31912249095419e-05,0.0,0.0,0.0,0.0,0.3847379478142979,0.0
1733727480.0,3.31912249095419e-05,3.31912249095419e-05,3.31912249095419e-05,3.31912249095419e-05,0.0,0.0,0.0,0.0,0.3847379478142979,0.0
1733727540.0,3.31912249095419e-05,3.31912249095419e-05,3.31912249095419e-05,3.31912249095419e-05,0.0,0.0,0.0,0.0,0.3847379478142979,0.0
1733727600.0,3.31912249095419e-05,3.31912249095419e-05,3.30730389582027e-05,3.30730389582027e-05,4.49197751181,0.00014882879156527632,-0.0035607589554558514,inf,0.3847379478142979,0.0035607589554558514
1733727660.0,3.30730389582027e-05,3.30730389582027e-05,3.30730389582027e-05,3.30730389582027e-05,0.0,0.0,0.0,-1.0,0.3833679887211144,0.0
1733727720.0,3.30730389582027e-05,3.30730389582027e-05,3.30730389582027e-05,3.30730389582027e-05,0.0,0.0,0.0,0.0,0.3833679887211144,0.0
1733727780.0,3.30730389582027e-05,3.30730389582027e-05,3.30730389582027e-05,3.30730389582027e-05,0.0,0.0,0.0,0.0,0.3833679887211144,0.0
1733727840.0,3.30730389582027e-05,3.30730389582027e-05,3.30730389582027e-05,3.30730389582027e-05,0.0,0.0,0.0,0.0,0.3833679887211144,0.0
1733727900.0,3.30730389582027e-05,3.30730389582027e-05,3.30730389582027e-05,3.30730389582027e-05,0.0,0.0,0.0,0.0,0.3833679887211144,0.0
1733727960.0,3.30730389582027e-05,3.30730389582027e-05,3.30730389582027e-05,3.30730389582027e-05,0.0,0.0,0.0,0.0,0.3833679887211144,0.0
1733728020.0,3.30730389582027e-05,3.30730389582027e-05,3.30730389582027e-05,3.30730389582027e-05,0.0,0.0,0.0,0.0,0.3833679887211144,0.0
1733728080.0,3.30730389582027e-05,3.30730389582027e-05,3.30730389582027e-05,3.30730389582027e-05,0.0,0.0,0.0,0.0,0.3833679887211144,0.0
1733728140.0,3.30730389582027e-05,3.30730389582027e-05,3.30730389582027e-05,3.30730389582027e-05,0.0,0.0,0.0,0.0,0.3833679887211144,0.0
1733728200.0,3.30730389582027e-05,3.30730389582027e-05,3.30730389582027e-05,3.30730389582027e-05,0.0,0.0,0.0,0.0,0.3833679887211144,0.0
1733728260.0,3.30730389582027e-05,3.30730389582027e-05,3.30730389582027e-05,3.30730389582027e-05,0.0,0.0,0.0,0.0,0.3833679887211144,0.0
1733728320.0,3.30730389582027e-05,3.43789922510595e-05,3.29231194004891e-05,3.43789922510595e-05,462.91282892224,0.01561220529181539,0.0394869456812616,inf,0.3833679887211144,0.04401992972010563
1733728380.0,3.43789922510595e-05,3.86337578626423e-05,3.43789922510595e-05,3.86337578626423e-05,555.1492706148,0.020266487485601104,0.12376062627175112,0.29811817784805167,0.39850601966767957,0.12376062627175112
1733728440.0,3.86337578626423e-05,3.86337578626423e-05,3.86337578626423e-05,3.86337578626423e-05,0.0,0.0,0.0,-1.0,0.44782537423481433,0.0
1733728500.0,3.86337578626423e-05,3.92896264922749e-05,3.86337578626423e-05,3.92896264922749e-05,226.68316811055,0.00883195981773435,0.016976568315317915,inf,0.44782537423481433,0.016976568315317915
1733728560.0,3.92896264922749e-05,3.92896264922749e-05,3.92896264922749e-05,3.92896264922749e-05,0.0,0.0,0.0,-1.0,0.4554279122938445,0.0
1733728620.0,3.92896264922749e-05,4.01776360546506e-05,3.92896264922749e-05,3.99707550263699e-05,91.3482097202,0.003620146976734115,0.017336090843951588,inf,0.4554279122938445,0.022601629021601947
1733728680.0,3.99707550263699e-05,3.99707550263699e-05,3.99707550263699e-05,3.99707550263699e-05,0.0,0.0,0.0,-1.0,0.4633232519542418,0.0
1733728740.0,3.99707550263699e-05,3.99707550263699e-05,3.99707550263699e-05,3.99707550263699e-05,0.0,0.0,0.0,0.0,0.4633232519542418,0.0
1733728800.0,3.99707550263699e-05,3.99707550263699e-05,3.99707550263699e-05,3.99707550263699e-05,0.0,0.0,0.0,0.0,0.4633232519542418,0.0
1733728860.0,3.99707550263699e-05,3.99707550263699e-05,3.99707550263699e-05,3.99707550263699e-05,0.0,0.0,0.0,0.0,0.4633232519542418,0.0
1733728920.0,3.99707550263699e-05,4.03670297706975e-05,3.99707550263699e-05,4.03670297706975e-05,113.60822396544,0.004563516524056278,0.009914117060489929,inf,0.4633232519542418,0.009914117060489929
1733728980.0,4.03670297706975e-05,4.03670297706975e-05,4.03670297706975e-05,4.03670297706975e-05,0.0,0.0,0.0,-1.0,0.467916692910963,0.0
1733729040.0,4.03670297706975e-05,4.11704263373394e-05,4.03670297706975e-05,4.11704263373394e-05,113.42079186144,0.004624021419070477,0.01990229578954779,inf,0.467916692910963,0.01990229578954779
1733729100.0,4.11704263373394e-05,4.11704263373394e-05,4.11704263373394e-05,4.11704263373394e-05,0.0,0.0,0.0,-1.0,0.477229309338144,0.0
1733729160.0,4.11704263373394e-05,4.11704263373394e-05,3.46584048933282e-05,3.46584048933282e-05,1076.41021359858,0.0408114642109668,-0.15817231015907993,inf,0.477229309338144,0.15817231015907993
1733729220.0,3.46584048933282e-05,3.46584048933282e-05,3.46584048933282e-05,3.46584048933282e-05,0.0,0.0,0.0,-1.0,0.4017448470045076,0.0
1733729280.0,3.46584048933282e-05,3.46584048933282e-05,3.46584048933282e-05,3.46584048933282e-05,0.0,0.0,0.0,0.0,0.4017448470045076,0.0
1733729340.0,3.46584048933282e-05,3.46584048933282e-05,3.46584048933282e-05,3.46584048933282e-05,0.0,0.0,0.0,0.0,0.4017448470045076,0.0
1733729400.0,3.46584048933282e-05,3.46584048933282e-05,3.46188545063335e-05,3.46188545063335e-05,0.00165337662,5.727070049453795e-08,-0.0011411485068752276,inf,0.4017448470045076,0.0011411485068752276
1733729460.0,3.46188545063335e-05,3.46188545063335e-05,3.46188545063335e-05,3.46188545063335e-05,0.0,0.0,0.0,-1.0,0.4012863964722036,0.0
1733729520.0,3.46188545063335e-05,3.46188545063335e-05,3.46188545063335e-05,3.46188545063335e-05,0.0,0.0,0.0,0.0,0.4012863964722036,0.0
1733729580.0,3.46188545063335e-05,3.46188545063335e-05,3.46188545063335e-05,3.46188545063335e-05,0.0,0.0,0.0,0.0,0.4012863964722036,0.0
1733729640.0,3.46188545063335e-05,3.46188545063335e-05,3.46188545063335e-05,3.46188545063335e-05,0.0,0.0,0.0,0.0,0.4012863964722036,0.0
1733729700.0,3.46188545063335e-05,3.46188545063335e-05,3.46188545063335e-05,3.46188545063335e-05,0.0,0.0,0.0,0.0,0.4012863964722036,0.0
1733729760.0,3.46188545063335e-05,3.46188545063335e-05,3.46188545063335e-05,3.46188545063335e-05,0.0,0.0,0.0,0.0,0.4012863964722036,0.0
1733729820.0,3.46188545063335e-05,3.46471950063528e-05,3.46188545063335e-05,3.46471950063528e-05,1.32215852454,4.579034891220396e-05,0.0008186434942296837,inf,0.4012863964722036,0.0008186434942296837
1733729880.0,3.46471950063528e-05,3.46471950063528e-05,3.46471950063528e-05,3.46471950063528e-05,0.0,0.0,0.0,-1.0,0.4016149069699984,0.0
1733729940.0,3.46471950063528e-05,3.46471950063528e-05,3.46471950063528e-05,3.46471950063528e-05,0.0,0.0,0.0,0.0,0.4016149069699984,0.0
1733730000.0,3.46471950063528e-05,3.46471950063528e-05,3.46471950063528e-05,3.46471950063528e-05,0.0,0.0,0.0,0.0,0.4016149069699984,0.0
1733730060.0,3.46471950063528e-05,3.46471950063528e-05,3.46471950063528e-05,3.46471950063528e-05,0.0,0.0,0.0,0.0,0.4016149069699984,0.0
1733730120.0,3.46471950063528e-05,3.46471950063528e-05,3.46471950063528e-05,3.46471950063528e-05,0.0,0.0,0.0,0.0,0.4016149069699984,0.0
1733730180.0,3.46471950063528e-05,3.46471950063528e-05,3.46471950063528e-05,3.46471950063528e-05,0.0,0.0,0.0,0.0,0.4016149069699984,0.0
1733730240.0,3.46471950063528e-05,3.46471950063528e-05,3.46471950063528e-05,3.46471950063528e-05,0.0,0.0,0.0,0.0,0.4016149069699984,0.0
1733730300.0,3.46471950063528e-05,3.46471950063528e-05,3.46471950063528e-05,3.46471950063528e-05,0.0,0.0,0.0,0.0,0.4016149069699984,0.0
1733730360.0,3.46471950063528e-05,3.46471950063528e-05,3.46471950063528e-05,3.46471950063528e-05,0.0,0.0,0.0,0.0,0.4016149069699984,0.0
1733730420.0,3.46471950063528e-05,3.46471950063528e-05,3.46471950063528e-05,3.46471950063528e-05,0.0,0.0,0.0,0.0,0.4016149069699984,0.0
1733730480.0,3.46471950063528e-05,3.46471950063528e-05,3.46471950063528e-05,3.46471950063528e-05,0.0,0.0,0.0,0.0,0.4016149069699984,0.0
1733730540.0,3.46471950063528e-05,3.46471950063528e-05,3.46471950063528e-05,3.46471950063528e-05,0.0,0.0,0.0,0.0,0.4016149069699984,0.0
1733730600.0,3.46471950063528e-05,3.46471950063528e-05,3.46471950063528e-05,3.46471950063528e-05,0.0,0.0,0.0,0.0,0.4016149069699984,0.0
1733730660.0,3.46471950063528e-05,3.46471950063528e-05,3.46471950063528e-05,3.46471950063528e-05,0.0,0.0,0.0,0.0,0.4016149069699984,0.0
1733730720.0,3.46471950063528e-05,3.46471950063528e-05,3.46471950063528e-05,3.46471950063528e-05,0.0,0.0,0.0,0.0,0.4016149069699984,0.0
1733730780.0,3.46471950063528e-05,3.46471950063528e-05,3.46471950063528e-05,3.46471950063528e-05,0.0,0.0,0.0,0.0,0.4016149069699984,0.0
1733730840.0,3.46471950063528e-05,3.46471950063528e-05,3.46471950063528e-05,3.46471950063528e-05,0.0,0.0,0.0,0.0,0.4016149069699984,0.0
1733730900.0,3.46471950063528e-05,3.46471950063528e-05,3.46471950063528e-05,3.46471950063528e-05,0.0,0.0,0.0,0.0,0.4016149069699984,0.0
1733730960.0,3.46471950063528e-05,3.46471950063528e-05,3.46471950063528e-05,3.46471950063528e-05,0.0,0.0,0.0,0.0,0.4016149069699984,0.0
1733731020.0,3.46471950063528e-05,3.46471950063528e-05,3.46471950063528e-05,3.46471950063528e-05,0.0,0.0,0.0,0.0,0.4016149069699984,0.0
1733731080.0,3.46471950063528e-05,3.46471950063528e-05,3.46471950063528e-05,3.46471950063528e-05,0.0,0.0,0.0,0.0,0.4016149069699984,0.0
1733731140.0,3.46471950063528e-05,3.46471950063528e-05,3.46471950063528e-05,3.46471950063528e-05,0.0,0.0,0.0,0.0,0.4016149069699984,0.0
1733731200.0,3.46471950063528e-05,3.46471950063528e-05,3.46471950063528e-05,3.46471950063528e-05,0.0,0.0,0.0,0.0,0.4016149069699984,0.0
1733731260.0,3.46471950063528e-05,3.46471950063528e-05,3.46471950063528e-05,3.46471950063528e-05,0.0,0.0,0.0,0.0,0.4016149069699984,0.0
1733731320.0,3.46471950063528e-05,3.46471950063528e-05,3.46471950063528e-05,3.46471950063528e-05,0.0,0.0,0.0,0.0,0.4016149069699984,0.0
1733731380.0,3.46471950063528e-05,3.46471950063528e-05,3.46471950063528e-05,3.46471950063528e-05,0.0,0.0,0.0,0.0,0.4016149069699984,0.0
1733731440.0,3.46471950063528e-05,3.46471950063528e-05,3.46471950063528e-05,3.46471950063528e-05,0.0,0.0,0.0,0.0,0.4016149069699984,0.0
1733731500.0,3.46471950063528e-05,3.46471950063528e-05,3.46471950063528e-05,3.46471950063528e-05,0.0,0.0,0.0,0.0,0.4016149069699984,0.0
1733731560.0,3.46471950063528e-05,3.46471950063528e-05,3.46471950063528e-05,3.46471950063528e-05,0.0,0.0,0.0,0.0,0.4016149069699984,0.0
1733731620.0,3.46471950063528e-05,3.46471950063528e-05,3.46471950063528e-05,3.46471950063528e-05,0.0,0.0,0.0,0.0,0.4016149069699984,0.0
1733731680.0,3.46471950063528e-05,3.46471950063528e-05,3.46471950063528e-05,3.46471950063528e-05,0.0,0.0,0.0,0.0,0.4016149069699984,0.0
1733731740.0,3.46471950063528e-05,3.46471950063528e-05,3.46471950063528e-05,3.46471950063528e-05,0.0,0.0,0.0,0.0,0.4016149069699984,0.0
1733731800.0,3.46471950063528e-05,3.46471950063528e-05,3.46471950063528e-05,3.46471950063528e-05,0.0,0.0,0.0,0.0,0.4016149069699984,0.0
1733731860.0,3.46471950063528e-05,3.46471950063528e-05,3.46471950063528e-05,3.46471950063528e-05,0.0,0.0,0.0,0.0,0.4016149069699984,0.0
1733731920.0,3.46471950063528e-05,3.46471950063528e-05,3.46471950063528e-05,3.46471950063528e-05,0.0,0.0,0.0,0.0,0.4016149069699984,0.0
1733731980.0,3.46471950063528e-05,3.46471950063528e-05,3.46471950063528e-05,3.46471950063528e-05,0.0,0.0,0.0,0.0,0.4016149069699984,0.0
1733732040.0,3.46471950063528e-05,3.46471950063528e-05,3.46471950063528e-05,3.46471950063528e-05,0.0,0.0,0.0,0.0,0.4016149069699984,0.0
1733732100.0,3.46471950063528e-05,3.48901262985501e-05,3.46471950063528e-05,3.48901262985501e-05,1.58968597698452,5.527125227773552e-05,0.007011571705956643,inf,0.4016149069699984,0.007011571705956643
1733732160.0,3.48901262985501e-05,3.48901262985501e-05,3.48901262985501e-05,3.48901262985501e-05,0.0,0.0,0.0,-1.0,0.4044308586883997,0.0
1733732220.0,3.48901262985501e-05,3.48901262985501e-05,3.48901262985501e-05,3.48901262985501e-05,0.0,0.0,0.0,0.0,0.4044308586883997,0.0
1733732280.0,3.48901262985501e-05,3.48901262985501e-05,3.48901262985501e-05,3.48901262985501e-05,0.0,0.0,0.0,0.0,0.4044308586883997,0.0
1733732340.0,3.48901262985501e-05,3.48901262985501e-05,3.48901262985501e-05,3.48901262985501e-05,0.0,0.0,0.0,0.0,0.4044308586883997,0.0
1733732400.0,3.48901262985501e-05,3.48901262985501e-05,3.48901262985501e-05,3.48901262985501e-05,0.0,0.0,0.0,0.0,0.4044308586883997,0.0
1733732460.0,3.48901262985501e-05,3.48901262985501e-05,3.48901262985501e-05,3.48901262985501e-05,0.0,0.0,0.0,0.0,0.4044308586883997,0.0
1733732520.0,3.48901262985501e-05,3.48901262985501e-05,3.48901262985501e-05,3.48901262985501e-05,0.0,0.0,0.0,0.0,0.4044308586883997,0.0
1733732580.0,3.48901262985501e-05,3.48901262985501e-05,3.48901262985501e-05,3.48901262985501e-05,0.0,0.0,0.0,0.0,0.4044308586883997,0.0
1733732640.0,3.48901262985501e-05,3.48901262985501e-05,3.48901262985501e-05,3.48901262985501e-05,0.0,0.0,0.0,0.0,0.4044308586883997,0.0
1733732700.0,3.48901262985501e-05,3.48901262985501e-05,3.48901262985501e-05,3.48901262985501e-05,0.0,0.0,0.0,0.0,0.4044308586883997,0.0
1733732760.0,3.48901262985501e-05,3.48901262985501e-05,3.48901262985501e-05,3.48901262985501e-05,0.0,0.0,0.0,0.0,0.4044308586883997,0.0
1733732820.0,3.48901262985501e-05,3.48901262985501e-05,3.48901262985501e-05,3.48901262985501e-05,0.0,0.0,0.0,0.0,0.4044308586883997,0.0
1733732880.0,3.48901262985501e-05,3.48901262985501e-05,3.48901262985501e-05,3.48901262985501e-05,0.0,0.0,0.0,0.0,0.4044308586883997,0.0
1733732940.0,3.48901262985501e-05,3.48901262985501e-05,3.48454848706947e-05,3.48454848706947e-05,1.62454988502759,5.664448955366267e-05,-0.0012794859919225956,inf,0.4044308586883997,0.0012794859919225956
1733733000.0,3.48454848706947e-05,3.48454848706947e-05,3.48454848706947e-05,3.48454848706947e-05,0.0,0.0,0.0,-1.0,0.4039133950700066,0.0
1733733060.0,3.48454848706947e-05,3.48454848706947e-05,3.48454848706947e-05,3.48454848706947e-05,0.0,0.0,0.0,0.0,0.4039133950700066,0.0
1733733120.0,3.48454848706947e-05,3.48454848706947e-05,3.48454848706947e-05,3.48454848706947e-05,0.0,0.0,0.0,0.0,0.4039133950700066,0.0
1733733180.0,3.48454848706947e-05,3.48454848706947e-05,3.48454848706947e-05,3.48454848706947e-05,0.0,0.0,0.0,0.0,0.4039133950700066,0.0
1733733240.0,3.48454848706947e-05,3.48454848706947e-05,3.48454848706947e-05,3.48454848706947e-05,0.0,0.0,0.0,0.0,0.4039133950700066,0.0
1733733300.0,3.48454848706947e-05,3.48454848706947e-05,3.48454848706947e-05,3.48454848706947e-05,0.0,0.0,0.0,0.0,0.4039133950700066,0.0
1733733360.0,3.48454848706947e-05,3.48454848706947e-05,3.48454848706947e-05,3.48454848706947e-05,0.0,0.0,0.0,0.0,0.4039133950700066,0.0
1733733420.0,3.48454848706947e-05,3.48454848706947e-05,3.48454848706947e-05,3.48454848706947e-05,0.0,0.0,0.0,0.0,0.4039133950700066,0.0
1733733480.0,3.48454848706947e-05,3.48454848706947e-05,3.48454848706947e-05,3.48454848706947e-05,0.0,0.0,0.0,0.0,0.4039133950700066,0.0
1733733540.0,3.48454848706947e-05,3.48454848706947e-05,3.48454848706947e-05,3.48454848706947e-05,0.0,0.0,0.0,0.0,0.4039133950700066,0.0
1733733600.0,3.48454848706947e-05,3.48454848706947e-05,3.48454848706947e-05,3.48454848706947e-05,0.0,0.0,0.0,0.0,0.4039133950700066,0.0
1733733660.0,3.48454848706947e-05,3.48454848706947e-05,3.48454848706947e-05,3.48454848706947e-05,0.0,0.0,0.0,0.0,0.4039133950700066,0.0
1733733720.0,3.48454848706947e-05,3.48454848706947e-05,3.48454848706947e-05,3.48454848706947e-05,0.0,0.0,0.0,0.0,0.4039133950700066,0.0
1733733780.0,3.48454848706947e-05,3.48454848706947e-05,3.48454848706947e-05,3.48454848706947e-05,0.0,0.0,0.0,0.0,0.4039133950700066,0.0
1733733840.0,3.48454848706947e-05,3.48454848706947e-05,3.48454848706947e-05,3.48454848706947e-05,0.0,0.0,0.0,0.0,0.4039133950700066,0.0
1733733900.0,3.48454848706947e-05,3.48454848706947e-05,3.48454848706947e-05,3.48454848706947e-05,0.0,0.0,0.0,0.0,0.4039133950700066,0.0
1733733960.0,3.48454848706947e-05,3.48454848706947e-05,3.48454848706947e-05,3.48454848706947e-05,0.0,0.0,0.0,0.0,0.4039133950700066,0.0
1733734020.0,3.48454848706947e-05,3.48454848706947e-05,3.48454848706947e-05,3.48454848706947e-05,0.0,0.0,0.0,0.0,0.4039133950700066,0.0
1733734080.0,3.48454848706947e-05,3.48454848706947e-05,3.48454848706947e-05,3.48454848706947e-05,0.0,0.0,0.0,0.0,0.4039133950700066,0.0
1733734140.0,3.48454848706947e-05,3.48454848706947e-05,3.48454848706947e-05,3.48454848706947e-05,0.0,0.0,0.0,0.0,0.4039133950700066,0.0
1733734200.0,3.48454848706947e-05,3.48454848706947e-05,3.48454848706947e-05,3.48454848706947e-05,0.0,0.0,0.0,0.0,0.4039133950700066,0.0
1733734260.0,3.48454848706947e-05,3.48454848706947e-05,3.48454848706947e-05,3.48454848706947e-05,0.0,0.0,0.0,0.0,0.4039133950700066,0.0
1733734320.0,3.48454848706947e-05,3.48454848706947e-05,3.48454848706947e-05,3.48454848706947e-05,0.0,0.0,0.0,0.0,0.4039133950700066,0.0
1733734380.0,3.48454848706947e-05,3.48454848706947e-05,3.48454848706947e-05,3.48454848706947e-05,0.0,0.0,0.0,0.0,0.4039133950700066,0.0
1733734440.0,3.48454848706947e-05,3.48454848706947e-05,3.48454848706947e-05,3.48454848706947e-05,0.0,0.0,0.0,0.0,0.4039133950700066,0.0
1733734500.0,3.48454848706947e-05,3.48454848706947e-05,3.48454848706947e-05,3.48454848706947e-05,0.0,0.0,0.0,0.0,0.4039133950700066,0.0
1733734560.0,3.48454848706947e-05,3.48454848706947e-05,3.48454848706947e-05,3.48454848706947e-05,0.0,0.0,0.0,0.0,0.4039133950700066,0.0
1733734620.0,3.48454848706947e-05,3.48454848706947e-05,3.48454848706947e-05,3.48454848706947e-05,0.0,0.0,0.0,0.0,0.4039133950700066,0.0
1733734680.0,3.48454848706947e-05,3.48454848706947e-05,3.48454848706947e-05,3.48454848706947e-05,0.0,0.0,0.0,0.0,0.4039133950700066,0.0
1733734740.0,3.48454848706947e-05,3.48454848706947e-05,3.48454848706947e-05,3.48454848706947e-05,0.0,0.0,0.0,0.0,0.4039133950700066,0.0
1733734800.0,3.48454848706947e-05,3.48454848706947e-05,3.43763013319355e-05,3.43763013319355e-05,8.58813657856,0.0002972430770600342,-0.013464686759281728,inf,0.4039133950700066,0.013464686759281728
1733734860.0,3.43763013319355e-05,3.43763013319355e-05,3.43763013319355e-05,3.43763013319355e-05,0.0,0.0,0.0,-1.0,0.39847482772751097,0.0
1733734920.0,3.43763013319355e-05,3.43763013319355e-05,3.43763013319355e-05,3.43763013319355e-05,0.0,0.0,0.0,0.0,0.39847482772751097,0.0
1733734980.0,3.43763013319355e-05,3.43763013319355e-05,3.43763013319355e-05,3.43763013319355e-05,0.0,0.0,0.0,0.0,0.39847482772751097,0.0
1733735040.0,3.43763013319355e-05,3.43763013319355e-05,3.43763013319355e-05,3.43763013319355e-05,0.0,0.0,0.0,0.0,0.39847482772751097,0.0
1733735100.0,3.43763013319355e-05,3.43763013319355e-05,3.43763013319355e-05,3.43763013319355e-05,0.0,0.0,0.0,0.0,0.39847482772751097,0.0
1733735160.0,3.43763013319355e-05,3.43763013319355e-05,3.43763013319355e-05,3.43763013319355e-05,0.0,0.0,0.0,0.0,0.39847482772751097,0.0
1733735220.0,3.43763013319355e-05,3.43763013319355e-05,3.43763013319355e-05,3.43763013319355e-05,0.0,0.0,0.0,0.0,0.39847482772751097,0.0
1733735280.0,3.43763013319355e-05,3.43763013319355e-05,3.43763013319355e-05,3.43763013319355e-05,0.0,0.0,0.0,0.0,0.39847482772751097,0.0
1733735340.0,3.43763013319355e-05,3.43763013319355e-05,3.43763013319355e-05,3.43763013319355e-05,0.0,0.0,0.0,0.0,0.39847482772751097,0.0
1733735400.0,3.43763013319355e-05,3.43763013319355e-05,3.43763013319355e-05,3.43763013319355e-05,0.0,0.0,0.0,0.0,0.39847482772751097,0.0
1733735460.0,3.43763013319355e-05,3.43763013319355e-05,3.43763013319355e-05,3.43763013319355e-05,0.0,0.0,0.0,0.0,0.39847482772751097,0.0
1733735520.0,3.43763013319355e-05,3.43763013319355e-05,3.43763013319355e-05,3.43763013319355e-05,0.0,0.0,0.0,0.0,0.39847482772751097,0.0
1733735580.0,3.43763013319355e-05,3.43763013319355e-05,3.43763013319355e-05,3.43763013319355e-05,0.0,0.0,0.0,0.0,0.39847482772751097,0.0
1733735640.0,3.43763013319355e-05,3.43763013319355e-05,3.43763013319355e-05,3.43763013319355e-05,0.0,0.0,0.0,0.0,0.39847482772751097,0.0
1733735700.0,3.43763013319355e-05,3.43763013319355e-05,3.43763013319355e-05,3.43763013319355e-05,0.0,0.0,0.0,0.0,0.39847482772751097,0.0
1733735760.0,3.43763013319355e-05,3.43763013319355e-05,3.40489872996976e-05,3.40489872996976e-05,104.38894741825,0.0035714219285230635,-0.0095215023011748,inf,0.39847482772751097,0.0095215023011748
1733735820.0,3.40489872996976e-05,3.40489872996976e-05,3.40489872996976e-05,3.40489872996976e-05,0.0,0.0,0.0,-1.0,0.39468074873834325,0.0
1733735880.0,3.40489872996976e-05,3.40489872996976e-05,3.40489872996976e-05,3.40489872996976e-05,0.0,0.0,0.0,0.0,0.39468074873834325,0.0
1733735940.0,3.40489872996976e-05,3.40489872996976e-05,3.40489872996976e-05,3.40489872996976e-05,0.0,0.0,0.0,0.0,0.39468074873834325,0.0
1733736000.0,3.40489872996976e-05,3.40489872996976e-05,3.40489872996976e-05,3.40489872996976e-05,0.0,0.0,0.0,0.0,0.39468074873834325,0.0
1733736060.0,3.40489872996976e-05,3.40489872996976e-05,3.40489872996976e-05,3.40489872996976e-05,0.0,0.0,0.0,0.0,0.39468074873834325,0.0
1733736120.0,3.40489872996976e-05,3.40489872996976e-05,3.40489872996976e-05,3.40489872996976e-05,0.0,0.0,0.0,0.0,0.39468074873834325,0.0
1733736180.0,3.40489872996976e-05,3.40489872996976e-05,3.40489872996976e-05,3.40489872996976e-05,0.0,0.0,0.0,0.0,0.39468074873834325,0.0
1733736240.0,3.40489872996976e-05,3.40489872996976e-05,3.35863532637048e-05,3.35863532637048e-05,6.94716394208,0.000234936899586185,-0.013587306780102327,inf,0.39468074873834325,0.013587306780102327
1733736300.0,3.35863532637048e-05,3.35863532637048e-05,3.35863532637048e-05,3.35863532637048e-05,0.0,0.0,0.0,-1.0,0.3893181003250349,0.0
1733736360.0,3.35863532637048e-05,3.35863532637048e-05,3.35231625320654e-05,3.35231625320654e-05,1.2937594116,4.341178383434828e-05,-0.0018814406894150295,inf,0.3893181003250349,0.0018814406894150295
1733736420.0,3.35231625320654e-05,3.35231625320654e-05,3.35231625320654e-05,3.35231625320654e-05,0.0,0.0,0.0,-1.0,0.3885856214099576,0.0
1733736480.0,3.35231625320654e-05,3.35231625320654e-05,3.35231625320654e-05,3.35231625320654e-05,0.0,0.0,0.0,0.0,0.3885856214099576,0.0
1733736540.0,3.35231625320654e-05,3.35231625320654e-05,3.35231625320654e-05,3.35231625320654e-05,0.0,0.0,0.0,0.0,0.3885856214099576,0.0
1733736600.0,3.35231625320654e-05,3.35231625320654e-05,3.34195004125873e-05,3.34195004125873e-05,28.94586924042,0.0009688567841007132,-0.003092253583740563,inf,0.3885856214099576,0.003092253583740563
1733736660.0,3.34195004125873e-05,3.34195004125873e-05,3.34195004125873e-05,3.34195004125873e-05,0.0,0.0,0.0,-1.0,0.38738401612956264,0.0
1733736720.0,3.34195004125873e-05,3.34195004125873e-05,3.34195004125873e-05,3.34195004125873e-05,0.0,0.0,0.0,0.0,0.38738401612956264,0.0
1733736780.0,3.34195004125873e-05,3.34195004125873e-05,3.34195004125873e-05,3.34195004125873e-05,0.0,0.0,0.0,0.0,0.38738401612956264,0.0
1733736840.0,3.34195004125873e-05,3.34195004125873e-05,3.34195004125873e-05,3.34195004125873e-05,0.0,0.0,0.0,0.0,0.38738401612956264,0.0
1733736900.0,3.34195004125873e-05,3.34195004125873e-05,3.2557745673038e-05,3.2557745673038e-05,277.5369334142,0.009155561276859238,-0.025785985095837294,inf,0.38738401612956264,0.025785985095837294
1733736960.0,3.2557745673038e-05,3.2557745673038e-05,3.2557745673038e-05,3.2557745673038e-05,0.0,0.0,0.0,-1.0,0.37739493766328014,0.0
1733737020.0,3.2557745673038e-05,3.2557745673038e-05,3.2557745673038e-05,3.2557745673038e-05,0.0,0.0,0.0,0.0,0.37739493766328014,0.0
1733737080.0,3.2557745673038e-05,3.2557745673038e-05,3.2557745673038e-05,3.2557745673038e-05,0.0,0.0,0.0,0.0,0.37739493766328014,0.0
1733737140.0,3.2557745673038e-05,3.2557745673038e-05,3.2557745673038e-05,3.2557745673038e-05,0.0,0.0,0.0,0.0,0.37739493766328014,0.0
1733737200.0,3.2557745673038e-05,3.2557745673038e-05,3.2557745673038e-05,3.2557745673038e-05,0.0,0.0,0.0,0.0,0.37739493766328014,0.0
1733737260.0,3.2557745673038e-05,3.2557745673038e-05,3.2557745673038e-05,3.2557745673038e-05,0.0,0.0,0.0,0.0,0.37739493766328014,0.0
1733737320.0,3.2557745673038e-05,3.2557745673038e-05,3.2557745673038e-05,3.2557745673038e-05,0.0,0.0,0.0,0.0,0.37739493766328014,0.0
1733737380.0,3.2557745673038e-05,3.2557745673038e-05,3.2557745673038e-05,3.2557745673038e-05,0.0,0.0,0.0,0.0,0.37739493766328014,0.0
1733737440.0,3.2557745673038e-05,3.2557745673038e-05,3.2557745673038e-05,3.2557745673038e-05,0.0,0.0,0.0,0.0,0.37739493766328014,0.0
1733737500.0,3.2557745673038e-05,3.2557745673038e-05,3.2557745673038e-05,3.2557745673038e-05,0.0,0.0,0.0,0.0,0.37739493766328014,0.0
1733737560.0,3.2557745673038e-05,3.2557745673038e-05,3.2557745673038e-05,3.2557745673038e-05,0.0,0.0,0.0,0.0,0.37739493766328014,0.0
1733737620.0,3.2557745673038e-05,3.2557745673038e-05,3.2557745673038e-05,3.2557745673038e-05,0.0,0.0,0.0,0.0,0.37739493766328014,0.0
1733737680.0,3.2557745673038e-05,3.2557745673038e-05,3.2557745673038e-05,3.2557745673038e-05,0.0,0.0,0.0,0.0,0.37739493766328014,0.0
1733737740.0,3.2557745673038e-05,3.2557745673038e-05,3.2557745673038e-05,3.2557745673038e-05,0.0,0.0,0.0,0.0,0.37739493766328014,0.0
1733737800.0,3.2557745673038e-05,3.2557745673038e-05,3.16976673913263e-05,3.16976673913263e-05,49.15044297922,0.0015790910079631329,-0.02641700965260494,inf,0.37739493766328014,0.02641700965260494
1733737860.0,3.16976673913263e-05,3.16976673913263e-05,3.16976673913263e-05,3.16976673913263e-05,0.0,0.0,0.0,-1.0,0.36742529195218504,0.0
1733737920.0,3.16976673913263e-05,3.16976673913263e-05,3.16976673913263e-05,3.16976673913263e-05,0.0,0.0,0.0,0.0,0.36742529195218504,0.0
1733737980.0,3.16976673913263e-05,3.16976673913263e-05,3.16976673913263e-05,3.16976673913263e-05,0.0,0.0,0.0,0.0,0.36742529195218504,0.0
1733738040.0,3.16976673913263e-05,3.16976673913263e-05,3.16976673913263e-05,3.16976673913263e-05,0.0,0.0,0.0,0.0,0.36742529195218504,0.0
1733738100.0,3.16976673913263e-05,3.16976673913263e-05,3.16976673913263e-05,3.16976673913263e-05,0.0,0.0,0.0,0.0,0.36742529195218504,0.0
1733738160.0,3.16976673913263e-05,3.16976673913263e-05,3.16976673913263e-05,3.16976673913263e-05,0.0,0.0,0.0,0.0,0.36742529195218504,0.0
1733738220.0,3.16976673913263e-05,3.16976673913263e-05,3.16976673913263e-05,3.16976673913263e-05,0.0,0.0,0.0,0.0,0.36742529195218504,0.0
1733738280.0,3.16976673913263e-05,3.16976673913263e-05,3.16976673913263e-05,3.16976673913263e-05,0.0,0.0,0.0,0.0,0.36742529195218504,0.0
1733738340.0,3.16976673913263e-05,3.16976673913263e-05,3.16976673913263e-05,3.16976673913263e-05,0.0,0.0,0.0,0.0,0.36742529195218504,0.0
1733738400.0,3.16976673913263e-05,3.16976673913263e-05,3.16976673913263e-05,3.16976673913263e-05,0.0,0.0,0.0,0.0,0.36742529195218504,0.0
1733738460.0,3.16976673913263e-05,3.16976673913263e-05,3.16976673913263e-05,3.16976673913263e-05,0.0,0.0,0.0,0.0,0.36742529195218504,0.0
1733738520.0,3.16976673913263e-05,3.16976673913263e-05,3.16976673913263e-05,3.16976673913263e-05,0.0,0.0,0.0,0.0,0.36742529195218504,0.0
1733738580.0,3.16976673913263e-05,3.16976673913263e-05,3.16976673913263e-05,3.16976673913263e-05,0.0,0.0,0.0,0.0,0.36742529195218504,0.0
1733738640.0,3.16976673913263e-05,3.16976673913263e-05,3.16976673913263e-05,3.16976673913263e-05,0.0,0.0,0.0,0.0,0.36742529195218504,0.0
1733738700.0,3.16976673913263e-05,3.16976673913263e-05,3.16976673913263e-05,3.16976673913263e-05,0.0,0.0,0.0,0.0,0.36742529195218504,0.0
1733738760.0,3.16976673913263e-05,3.16976673913263e-05,3.16976673913263e-05,3.16976673913263e-05,0.0,0.0,0.0,0.0,0.36742529195218504,0.0
1733738820.0,3.16976673913263e-05,3.16976673913263e-05,3.16976673913263e-05,3.16976673913263e-05,0.0,0.0,0.0,0.0,0.36742529195218504,0.0
1733738880.0,3.16976673913263e-05,3.16976673913263e-05,3.16976673913263e-05,3.16976673913263e-05,0.0,0.0,0.0,0.0,0.36742529195218504,0.0
1733738940.0,3.16976673913263e-05,3.16976673913263e-05,3.16976673913263e-05,3.16976673913263e-05,0.0,0.0,0.0,0.0,0.36742529195218504,0.0
1733739000.0,3.16976673913263e-05,3.16976673913263e-05,3.16976673913263e-05,3.16976673913263e-05,0.0,0.0,0.0,0.0,0.36742529195218504,0.0
1733739060.0,3.16976673913263e-05,3.16976673913263e-05,3.1625773928955e-05,3.1625773928955e-05,7.7522972217,0.0002454510691078498,-0.0022680994624533993,inf,0.36742529195218504,0.0022680994624533993
1733739120.0,3.1625773928955e-05,3.1625773928955e-05,3.1625773928955e-05,3.1625773928955e-05,0.0,0.0,0.0,-1.0,0.3665919348450165,0.0
1733739180.0,3.1625773928955e-05,3.1625773928955e-05,3.1625773928955e-05,3.1625773928955e-05,0.0,0.0,0.0,0.0,0.3665919348450165,0.0
1733739240.0,3.1625773928955e-05,3.1625773928955e-05,3.1625773928955e-05,3.1625773928955e-05,0.0,0.0,0.0,0.0,0.3665919348450165,0.0
1733739300.0,3.1625773928955e-05,3.1625773928955e-05,3.1625773928955e-05,3.1625773928955e-05,0.0,0.0,0.0,0.0,0.3665919348450165,0.0
1733739360.0,3.1625773928955e-05,3.1625773928955e-05,3.1625773928955e-05,3.1625773928955e-05,0.0,0.0,0.0,0.0,0.3665919348450165,0.0
1733739420.0,3.1625773928955e-05,3.1625773928955e-05,3.1625773928955e-05,3.1625773928955e-05,0.0,0.0,0.0,0.0,0.3665919348450165,0.0
1733739480.0,3.1625773928955e-05,3.1625773928955e-05,3.1625773928955e-05,3.1625773928955e-05,0.0,0.0,0.0,0.0,0.3665919348450165,0.0
1733739540.0,3.1625773928955e-05,3.1625773928955e-05,3.1625773928955e-05,3.1625773928955e-05,0.0,0.0,0.0,0.0,0.3665919348450165,0.0
1733739600.0,3.1625773928955e-05,3.1625773928955e-05,3.1625773928955e-05,3.1625773928955e-05,0.0,0.0,0.0,0.0,0.3665919348450165,0.0
1733739660.0,3.1625773928955e-05,3.1625773928955e-05,3.1625773928955e-05,3.1625773928955e-05,0.0,0.0,0.0,0.0,0.3665919348450165,0.0
1733739720.0,3.1625773928955e-05,3.1625773928955e-05,3.1625773928955e-05,3.1625773928955e-05,0.0,0.0,0.0,0.0,0.3665919348450165,0.0
1733739780.0,3.1625773928955e-05,3.1625773928955e-05,3.1625773928955e-05,3.1625773928955e-05,0.0,0.0,0.0,0.0,0.3665919348450165,0.0
1733739840.0,3.1625773928955e-05,3.1625773928955e-05,3.1625773928955e-05,3.1625773928955e-05,0.0,0.0,0.0,0.0,0.3665919348450165,0.0
1733739900.0,3.1625773928955e-05,3.1625773928955e-05,3.1625773928955e-05,3.1625773928955e-05,0.0,0.0,0.0,0.0,0.3665919348450165,0.0
1733739960.0,3.1625773928955e-05,3.1625773928955e-05,3.1625773928955e-05,3.1625773928955e-05,0.0,0.0,0.0,0.0,0.3665919348450165,0.0
1733740020.0,3.1625773928955e-05,3.1625773928955e-05,3.1625773928955e-05,3.1625773928955e-05,0.0,0.0,0.0,0.0,0.3665919348450165,0.0
1733740080.0,3.1625773928955e-05,3.1625773928955e-05,3.1625773928955e-05,3.1625773928955e-05,0.0,0.0,0.0,0.0,0.3665919348450165,0.0
1733740140.0,3.1625773928955e-05,3.1625773928955e-05,3.1625773928955e-05,3.1625773928955e-05,0.0,0.0,0.0,0.0,0.3665919348450165,0.0
1733740200.0,3.1625773928955e-05,3.1625773928955e-05,3.1625773928955e-05,3.1625773928955e-05,0.0,0.0,0.0,0.0,0.3665919348450165,0.0
1733740260.0,3.1625773928955e-05,3.1625773928955e-05,3.1625773928955e-05,3.1625773928955e-05,0.0,0.0,0.0,0.0,0.3665919348450165,0.0
1733740320.0,3.1625773928955e-05,3.1625773928955e-05,3.1625773928955e-05,3.1625773928955e-05,0.0,0.0,0.0,0.0,0.3665919348450165,0.0
1733740380.0,3.1625773928955e-05,3.1625773928955e-05,3.1625773928955e-05,3.1625773928955e-05,0.0,0.0,0.0,0.0,0.3665919348450165,0.0
1733740440.0,3.1625773928955e-05,3.1625773928955e-05,3.1625773928955e-05,3.1625773928955e-05,0.0,0.0,0.0,0.0,0.3665919348450165,0.0
1733740500.0,3.1625773928955e-05,3.1625773928955e-05,3.1625773928955e-05,3.1625773928955e-05,0.0,0.0,0.0,0.0,0.3665919348450165,0.0
1733740560.0,3.1625773928955e-05,3.1625773928955e-05,3.1625773928955e-05,3.1625773928955e-05,0.0,0.0,0.0,0.0,0.3665919348450165,0.0
1733740620.0,3.1625773928955e-05,3.1625773928955e-05,3.1625773928955e-05,3.1625773928955e-05,0.0,0.0,0.0,0.0,0.3665919348450165,0.0
1733740680.0,3.1625773928955e-05,3.1625773928955e-05,3.1625773928955e-05,3.1625773928955e-05,0.0,0.0,0.0,0.0,0.3665919348450165,0.0
1733740740.0,3.1625773928955e-05,3.1625773928955e-05,3.1625773928955e-05,3.1625773928955e-05,0.0,0.0,0.0,0.0,0.3665919348450165,0.0
1733740800.0,3.1625773928955e-05,3.1625773928955e-05,3.1625773928955e-05,3.1625773928955e-05,0.0,0.0,0.0,0.0,0.3665919348450165,0.0
1733740860.0,3.1625773928955e-05,3.1625773928955e-05,3.1625773928955e-05,3.1625773928955e-05,0.0,0.0,0.0,0.0,0.3665919348450165,0.0
1733740920.0,3.1625773928955e-05,3.1625773928955e-05,3.1625773928955e-05,3.1625773928955e-05,0.0,0.0,0.0,0.0,0.3665919348450165,0.0
1733740980.0,3.1625773928955e-05,3.1625773928955e-05,3.1625773928955e-05,3.1625773928955e-05,0.0,0.0,0.0,0.0,0.3665919348450165,0.0
1733741040.0,3.1625773928955e-05,3.1625773928955e-05,3.1625773928955e-05,3.1625773928955e-05,0.0,0.0,0.0,0.0,0.3665919348450165,0.0
1733741100.0,3.1625773928955e-05,3.1625773928955e-05,3.1625773928955e-05,3.1625773928955e-05,0.0,0.0,0.0,0.0,0.3665919348450165,0.0
1733741160.0,3.1625773928955e-05,3.1625773928955e-05,3.1625773928955e-05,3.1625773928955e-05,0.0,0.0,0.0,0.0,0.3665919348450165,0.0
1733741220.0,3.1625773928955e-05,3.1625773928955e-05,3.1625773928955e-05,3.1625773928955e-05,0.0,0.0,0.0,0.0,0.3665919348450165,0.0
1733741280.0,3.1625773928955e-05,3.1625773928955e-05,3.1625773928955e-05,3.1625773928955e-05,0.0,0.0,0.0,0.0,0.3665919348450165,0.0
1733741340.0,3.1625773928955e-05,3.1625773928955e-05,3.1625773928955e-05,3.1625773928955e-05,0.0,0.0,0.0,0.0,0.3665919348450165,0.0
1733741400.0,3.1625773928955e-05,3.1625773928955e-05,3.1625773928955e-05,3.1625773928955e-05,0.0,0.0,0.0,0.0,0.3665919348450165,0.0
1733741460.0,3.1625773928955e-05,3.1625773928955e-05,3.1625773928955e-05,3.1625773928955e-05,0.0,0.0,0.0,0.0,0.3665919348450165,0.0
1733741520.0,3.1625773928955e-05,3.1625773928955e-05,3.1625773928955e-05,3.1625773928955e-05,0.0,0.0,0.0,0.0,0.3665919348450165,0.0
1733741580.0,3.1625773928955e-05,3.1625773928955e-05,3.1625773928955e-05,3.1625773928955e-05,0.0,0.0,0.0,0.0,0.3665919348450165,0.0
1733741640.0,3.1625773928955e-05,3.1625773928955e-05,3.1625773928955e-05,3.1625773928955e-05,0.0,0.0,0.0,0.0,0.3665919348450165,0.0
1733741700.0,3.1625773928955e-05,3.1625773928955e-05,3.1625773928955e-05,3.1625773928955e-05,0.0,0.0,0.0,0.0,0.3665919348450165,0.0
1733741760.0,3.1625773928955e-05,3.1625773928955e-05,3.1625773928955e-05,3.1625773928955e-05,0.0,0.0,0.0,0.0,0.3665919348450165,0.0
1733741820.0,3.1625773928955e-05,3.1625773928955e-05,3.1625773928955e-05,3.1625773928955e-05,0.0,0.0,0.0,0.0,0.3665919348450165,0.0
1733741880.0,3.1625773928955e-05,3.1625773928955e-05,3.1625773928955e-05,3.1625773928955e-05,0.0,0.0,0.0,0.0,0.3665919348450165,0.0
1733741940.0,3.1625773928955e-05,3.1625773928955e-05,3.1625773928955e-05,3.1625773928955e-05,0.0,0.0,0.0,0.0,0.3665919348450165,0.0
1733742000.0,3.1625773928955e-05,3.1625773928955e-05,3.1625773928955e-05,3.1625773928955e-05,0.0,0.0,0.0,0.0,0.3665919348450165,0.0
1733742060.0,3.1625773928955e-05,3.1625773928955e-05,3.1625773928955e-05,3.1625773928955e-05,0.0,0.0,0.0,0.0,0.3665919348450165,0.0
1733742120.0,3.1625773928955e-05,3.1625773928955e-05,3.1625773928955e-05,3.1625773928955e-05,0.0,0.0,0.0,0.0,0.3665919348450165,0.0
1733742180.0,3.1625773928955e-05,3.1625773928955e-05,3.1625773928955e-05,3.1625773928955e-05,0.0,0.0,0.0,0.0,0.3665919348450165,0.0
1733742240.0,3.1625773928955e-05,3.1625773928955e-05,3.1625773928955e-05,3.1625773928955e-05,0.0,0.0,0.0,0.0,0.3665919348450165,0.0
1733742300.0,3.1625773928955e-05,3.1625773928955e-05,3.1625773928955e-05,3.1625773928955e-05,0.0,0.0,0.0,0.0,0.3665919348450165,0.0
1733742360.0,3.1625773928955e-05,3.1625773928955e-05,3.1625773928955e-05,3.1625773928955e-05,0.0,0.0,0.0,0.0,0.3665919348450165,0.0
1733742420.0,3.1625773928955e-05,3.1625773928955e-05,3.1625773928955e-05,3.1625773928955e-05,0.0,0.0,0.0,0.0,0.3665919348450165,0.0
1733742480.0,3.1625773928955e-05,3.1625773928955e-05,3.1625773928955e-05,3.1625773928955e-05,0.0,0.0,0.0,0.0,0.3665919348450165,0.0
1733742540.0,3.1625773928955e-05,3.1625773928955e-05,3.1625773928955e-05,3.1625773928955e-05,0.0,0.0,0.0,0.0,0.3665919348450165,0.0
1733742600.0,3.1625773928955e-05,3.1625773928955e-05,3.1625773928955e-05,3.1625773928955e-05,0.0,0.0,0.0,0.0,0.3665919348450165,0.0
1733742660.0,3.1625773928955e-05,3.1625773928955e-05,3.1625773928955e-05,3.1625773928955e-05,0.0,0.0,0.0,0.0,0.3665919348450165,0.0
1733742720.0,3.1625773928955e-05,3.1625773928955e-05,3.1625773928955e-05,3.1625773928955e-05,0.0,0.0,0.0,0.0,0.3665919348450165,0.0
1733742780.0,3.1625773928955e-05,3.1625773928955e-05,3.1625773928955e-05,3.1625773928955e-05,0.0,0.0,0.0,0.0,0.3665919348450165,0.0
1733742840.0,3.1625773928955e-05,3.1625773928955e-05,3.1625773928955e-05,3.1625773928955e-05,0.0,0.0,0.0,0.0,0.3665919348450165,0.0
1733742900.0,3.1625773928955e-05,3.1625773928955e-05,3.1625773928955e-05,3.1625773928955e-05,0.0,0.0,0.0,0.0,0.3665919348450165,0.0
1733742960.0,3.1625773928955e-05,3.1625773928955e-05,3.1625773928955e-05,3.1625773928955e-05,0.0,0.0,0.0,0.0,0.3665919348450165,0.0
1733743020.0,3.1625773928955e-05,3.1625773928955e-05,3.1625773928955e-05,3.1625773928955e-05,0.0,0.0,0.0,0.0,0.3665919348450165,0.0
1733743080.0,3.1625773928955e-05,3.1625773928955e-05,3.1625773928955e-05,3.1625773928955e-05,0.0,0.0,0.0,0.0,0.3665919348450165,0.0
1733743140.0,3.1625773928955e-05,3.1625773928955e-05,3.1625773928955e-05,3.1625773928955e-05,0.0,0.0,0.0,0.0,0.3665919348450165,0.0
1733743200.0,3.1625773928955e-05,3.1625773928955e-05,3.1625773928955e-05,3.1625773928955e-05,0.0,0.0,0.0,0.0,0.3665919348450165,0.0
1733743260.0,3.1625773928955e-05,3.1625773928955e-05,3.1625773928955e-05,3.1625773928955e-05,0.0,0.0,0.0,0.0,0.3665919348450165,0.0
1733743320.0,3.1625773928955e-05,3.1625773928955e-05,3.1625773928955e-05,3.1625773928955e-05,0.0,0.0,0.0,0.0,0.3665919348450165,0.0
1733743380.0,3.1625773928955e-05,3.1625773928955e-05,3.1625773928955e-05,3.1625773928955e-05,0.0,0.0,0.0,0.0,0.3665919348450165,0.0
1733743440.0,3.1625773928955e-05,3.1625773928955e-05,3.1625773928955e-05,3.1625773928955e-05,0.0,0.0,0.0,0.0,0.3665919348450165,0.0
1733743500.0,3.1625773928955e-05,3.1625773928955e-05,3.1625773928955e-05,3.1625773928955e-05,0.0,0.0,0.0,0.0,0.3665919348450165,0.0
1733743560.0,3.1625773928955e-05,3.1625773928955e-05,3.1625773928955e-05,3.1625773928955e-05,0.0,0.0,0.0,0.0,0.3665919348450165,0.0
1733743620.0,3.1625773928955e-05,3.1625773928955e-05,3.1625773928955e-05,3.1625773928955e-05,0.0,0.0,0.0,0.0,0.3665919348450165,0.0
1733743680.0,3.1625773928955e-05,3.1625773928955e-05,3.1625773928955e-05,3.1625773928955e-05,0.0,0.0,0.0,0.0,0.3665919348450165,0.0
1733743740.0,3.1625773928955e-05,3.1625773928955e-05,3.1625773928955e-05,3.1625773928955e-05,0.0,0.0,0.0,0.0,0.3665919348450165,0.0
1733743800.0,3.1625773928955e-05,3.1625773928955e-05,3.1625773928955e-05,3.1625773928955e-05,0.0,0.0,0.0,0.0,0.3665919348450165,0.0
1733743860.0,3.1625773928955e-05,3.1625773928955e-05,3.13393378410485e-05,3.13393378410485e-05,21.76319985035,0.0006851611555251055,-0.009057045957198173,inf,0.3665919348450165,0.009057045957198173
1733743920.0,3.13393378410485e-05,3.13393378410485e-05,3.13393378410485e-05,3.13393378410485e-05,0.0,0.0,0.0,-1.0,0.36327169484358696,0.0
1733743980.0,3.13393378410485e-05,3.13393378410485e-05,3.13393378410485e-05,3.13393378410485e-05,0.0,0.0,0.0,0.0,0.36327169484358696,0.0
1733744040.0,3.13393378410485e-05,3.13393378410485e-05,3.13393378410485e-05,3.13393378410485e-05,0.0,0.0,0.0,0.0,0.36327169484358696,0.0
1733744100.0,3.13393378410485e-05,3.13393378410485e-05,3.13393378410485e-05,3.13393378410485e-05,0.0,0.0,0.0,0.0,0.36327169484358696,0.0
1733744160.0,3.13393378410485e-05,3.13393378410485e-05,3.12969286845016e-05,3.12969286845016e-05,0.00028435704,8.905531672928255e-09,-0.0013532243968265838,inf,0.36327169484358696,0.0013532243968265838
1733744220.0,3.12969286845016e-05,3.12969286845016e-05,3.12969286845016e-05,3.12969286845016e-05,0.0,0.0,0.0,-1.0,0.36278010672344807,0.0
1733744280.0,3.12969286845016e-05,3.12969286845016e-05,3.12969286845016e-05,3.12969286845016e-05,0.0,0.0,0.0,0.0,0.36278010672344807,0.0
1733744340.0,3.12969286845016e-05,3.12969286845016e-05,3.12969286845016e-05,3.12969286845016e-05,0.0,0.0,0.0,0.0,0.36278010672344807,0.0
1733744400.0,3.12969286845016e-05,3.13169237636496e-05,3.12969286845016e-05,3.13169237636496e-05,12.76717724394,0.0003997010760657265,0.0006388831105303684,inf,0.36278010672344807,0.0006388831105303684
1733744460.0,3.13169237636496e-05,3.13169237636496e-05,3.13169237636496e-05,3.13169237636496e-05,0.0,0.0,0.0,-1.0,0.3630118808064701,0.0
1733744520.0,3.13169237636496e-05,3.13169237636496e-05,3.13169237636496e-05,3.13169237636496e-05,0.0,0.0,0.0,0.0,0.3630118808064701,0.0
1733744580.0,3.13169237636496e-05,3.13169237636496e-05,3.13169237636496e-05,3.13169237636496e-05,0.0,0.0,0.0,0.0,0.3630118808064701,0.0
1733744640.0,3.13169237636496e-05,3.13169237636496e-05,3.13169237636496e-05,3.13169237636496e-05,0.0,0.0,0.0,0.0,0.3630118808064701,0.0
1733744700.0,3.13169237636496e-05,3.13169237636496e-05,3.13169237636496e-05,3.13169237636496e-05,0.0,0.0,0.0,0.0,0.3630118808064701,0.0
1733744760.0,3.13169237636496e-05,3.13169237636496e-05,3.13169237636496e-05,3.13169237636496e-05,0.0,0.0,0.0,0.0,0.3630118808064701,0.0
1733744820.0,3.13169237636496e-05,3.13169237636496e-05,3.13169237636496e-05,3.13169237636496e-05,0.0,0.0,0.0,0.0,0.3630118808064701,0.0
1733744880.0,3.13169237636496e-05,3.13169237636496e-05,3.13169237636496e-05,3.13169237636496e-05,0.0,0.0,0.0,0.0,0.3630118808064701,0.0
1733744940.0,3.13169237636496e-05,3.13169237636496e-05,3.13169237636496e-05,3.13169237636496e-05,0.0,0.0,0.0,0.0,0.3630118808064701,0.0
1733745000.0,3.13169237636496e-05,3.13169237636496e-05,3.13169237636496e-05,3.13169237636496e-05,0.0,0.0,0.0,0.0,0.3630118808064701,0.0
1733745060.0,3.13169237636496e-05,3.13169237636496e-05,3.13169237636496e-05,3.13169237636496e-05,0.0,0.0,0.0,0.0,0.3630118808064701,0.0
1733745120.0,3.13169237636496e-05,3.13169237636496e-05,3.13169237636496e-05,3.13169237636496e-05,0.0,0.0,0.0,0.0,0.3630118808064701,0.0
1733745180.0,3.13169237636496e-05,3.13169237636496e-05,3.13169237636496e-05,3.13169237636496e-05,0.0,0.0,0.0,0.0,0.3630118808064701,0.0
1733745240.0,3.13169237636496e-05,3.13169237636496e-05,3.13169237636496e-05,3.13169237636496e-05,0.0,0.0,0.0,0.0,0.3630118808064701,0.0
1733745300.0,3.13169237636496e-05,3.13169237636496e-05,3.13169237636496e-05,3.13169237636496e-05,0.0,0.0,0.0,0.0,0.3630118808064701,0.0
1733745360.0,3.13169237636496e-05,3.13169237636496e-05,3.13169237636496e-05,3.13169237636496e-05,0.0,0.0,0.0,0.0,0.3630118808064701,0.0
1733745420.0,3.13169237636496e-05,3.13169237636496e-05,3.13169237636496e-05,3.13169237636496e-05,0.0,0.0,0.0,0.0,0.3630118808064701,0.0
1733745480.0,3.13169237636496e-05,3.13169237636496e-05,3.12019622276901e-05,3.12019622276901e-05,6.53809346454,0.00020437715995514974,-0.003670907680049387,inf,0.3630118808064701,0.003670907680049387
1733745540.0,3.12019622276901e-05,3.12019622276901e-05,3.12019622276901e-05,3.12019622276901e-05,0.0,0.0,0.0,-1.0,0.36167929770526847,0.0
1733745600.0,3.12019622276901e-05,3.12019622276901e-05,3.12019622276901e-05,3.12019622276901e-05,0.0,0.0,0.0,0.0,0.36167929770526847,0.0
1733745660.0,3.12019622276901e-05,3.12019622276901e-05,3.11091782000751e-05,3.11091782000751e-05,8.4628551359,0.00026366507739644944,-0.002973660019774572,inf,0.36167929770526847,0.002973660019774572
1733745720.0,3.11091782000751e-05,3.11091782000751e-05,3.11091782000751e-05,3.11091782000751e-05,0.0,0.0,0.0,-1.0,0.36060378643770213,0.0
1733745780.0,3.11091782000751e-05,3.11091782000751e-05,3.11091782000751e-05,3.11091782000751e-05,0.0,0.0,0.0,0.0,0.36060378643770213,0.0
1733745840.0,3.11091782000751e-05,3.11091782000751e-05,3.11091782000751e-05,3.11091782000751e-05,0.0,0.0,0.0,0.0,0.36060378643770213,0.0
1733745900.0,3.11091782000751e-05,3.11091782000751e-05,3.11091782000751e-05,3.11091782000751e-05,0.0,0.0,0.0,0.0,0.36060378643770213,0.0
1733745960.0,3.11091782000751e-05,3.11091782000751e-05,3.11091782000751e-05,3.11091782000751e-05,0.0,0.0,0.0,0.0,0.36060378643770213,0.0
1733746020.0,3.11091782000751e-05,3.11091782000751e-05,3.11091782000751e-05,3.11091782000751e-05,0.0,0.0,0.0,0.0,0.36060378643770213,0.0
1733746080.0,3.11091782000751e-05,3.11091782000751e-05,3.11091782000751e-05,3.11091782000751e-05,0.0,0.0,0.0,0.0,0.36060378643770213,0.0
1733746140.0,3.11091782000751e-05,3.11091782000751e-05,3.11091782000751e-05,3.11091782000751e-05,0.0,0.0,0.0,0.0,0.36060378643770213,0.0
1733746200.0,3.11091782000751e-05,3.11091782000751e-05,3.11091782000751e-05,3.11091782000751e-05,0.0,0.0,0.0,0.0,0.36060378643770213,0.0
1733746260.0,3.11091782000751e-05,3.11091782000751e-05,3.11091782000751e-05,3.11091782000751e-05,0.0,0.0,0.0,0.0,0.36060378643770213,0.0
1733746320.0,3.11091782000751e-05,3.11091782000751e-05,3.11091782000751e-05,3.11091782000751e-05,0.0,0.0,0.0,0.0,0.36060378643770213,0.0
1733746380.0,3.11091782000751e-05,3.11091782000751e-05,3.11091782000751e-05,3.11091782000751e-05,0.0,0.0,0.0,0.0,0.36060378643770213,0.0
1733746440.0,3.11091782000751e-05,3.11091782000751e-05,3.11091782000751e-05,3.11091782000751e-05,0.0,0.0,0.0,0.0,0.36060378643770213,0.0
1733746500.0,3.11091782000751e-05,3.11091782000751e-05,3.11091782000751e-05,3.11091782000751e-05,0.0,0.0,0.0,0.0,0.36060378643770213,0.0
1733746560.0,3.11091782000751e-05,3.11091782000751e-05,3.11091782000751e-05,3.11091782000751e-05,0.0,0.0,0.0,0.0,0.36060378643770213,0.0
1733746620.0,3.11091782000751e-05,3.11091782000751e-05,3.11091782000751e-05,3.11091782000751e-05,0.0,0.0,0.0,0.0,0.36060378643770213,0.0
1733746680.0,3.11091782000751e-05,3.11091782000751e-05,3.11091782000751e-05,3.11091782000751e-05,0.0,0.0,0.0,0.0,0.36060378643770213,0.0
1733746740.0,3.11091782000751e-05,3.11091782000751e-05,3.11091782000751e-05,3.11091782000751e-05,0.0,0.0,0.0,0.0,0.36060378643770213,0.0
1733746800.0,3.11091782000751e-05,3.11091782000751e-05,3.11091782000751e-05,3.11091782000751e-05,0.0,0.0,0.0,0.0,0.36060378643770213,0.0
1733746860.0,3.11091782000751e-05,3.11091782000751e-05,3.11091782000751e-05,3.11091782000751e-05,0.0,0.0,0.0,0.0,0.36060378643770213,0.0
1733746920.0,3.11091782000751e-05,3.11091782000751e-05,3.11091782000751e-05,3.11091782000751e-05,0.0,0.0,0.0,0.0,0.36060378643770213,0.0
1733746980.0,3.11091782000751e-05,3.11091782000751e-05,3.11091782000751e-05,3.11091782000751e-05,0.0,0.0,0.0,0.0,0.36060378643770213,0.0
1733747040.0,3.11091782000751e-05,3.11091782000751e-05,3.11091782000751e-05,3.11091782000751e-05,0.0,0.0,0.0,0.0,0.36060378643770213,0.0
1733747100.0,3.11091782000751e-05,3.11091782000751e-05,3.11091782000751e-05,3.11091782000751e-05,0.0,0.0,0.0,0.0,0.36060378643770213,0.0
