0,1,2,3,4,5
1736430480.0,7.25073623960833e-05,9.41977576524355e-05,7.25073623960833e-05,9.37255985654296e-05,4201.29007166115
1736430540.0,9.37255985654296e-05,0.0001000893492875,7.76070622796485e-05,9.36666619973794e-05,7716.44661562233
1736430600.0,9.36666619973794e-05,0.0001817628216501,7.67677952572493e-05,8.72777069216394e-05,35553.4099180611
1736430660.0,8.72777069216394e-05,0.0001017049643824,8.0565009789351e-05,9.18403934155803e-05,6571.50719087996
1736430720.0,9.18403934155803e-05,9.18403934155803e-05,3.13956217851392e-05,3.1457295560849e-05,9279.38933370932
1736430780.0,3.1457295560849e-05,3.47065178130107e-05,1.4372710508399e-05,1.65755651457403e-05,4828.81904932161
1736430840.0,1.65755651457403e-05,1.65755651457403e-05,1.38061396209158e-05,1.38074239086659e-05,660.17454752472
1736430900.0,1.38074239086659e-05,1.38074239086659e-05,1.37182923216088e-05,1.37182923216088e-05,25.01462654243
1736430960.0,1.37182923216088e-05,1.37182923216088e-05,6.83303177868809e-06,6.84024127779349e-06,1919.93977425531
1736431020.0,6.84024127779349e-06,6.97920847420242e-06,4.81165696819407e-06,4.81165696819407e-06,2287.26473338468
1736431080.0,4.81165696819407e-06,4.81165696819407e-06,3.37354032310034e-06,3.44570898046212e-06,683.3067831855
1736431140.0,3.44570898046212e-06,3.48338742185142e-06,3.44570898046212e-06,3.48338742185142e-06,0.66960931126
1736431200.0,3.48338742185142e-06,3.50313958835353e-06,3.48338742185142e-06,3.48653884e-06,3.69475817768
1736431260.0,3.48653884e-06,3.48653884e-06,3.48335095e-06,3.48335095e-06,0.01742894888
1736431320.0,3.48335095e-06,3.48540910015344e-06,3.48335095e-06,3.48540910015344e-06,0.15185174112
1736431380.0,3.48540910015344e-06,3.48704630515343e-06,3.48540910015344e-06,3.48630063084674e-06,0.70682892548
1736431440.0,3.48630063084674e-06,3.48630063084674e-06,3.4847787616814e-06,3.4847787616814e-06,0.4400997836
1736431500.0,3.4847787616814e-06,3.4847787616814e-06,3.47223830579185e-06,3.47223830579185e-06,5.89037267488
1736431560.0,3.47223830579185e-06,3.47223830579185e-06,3.47223830579185e-06,3.47223830579185e-06,0.0
1736431620.0,3.47223830579185e-06,3.47223830579185e-06,3.47223830579185e-06,3.47223830579185e-06,0.0
1736431680.0,3.47223830579185e-06,3.47223830579185e-06,3.47223830579185e-06,3.47223830579185e-06,0.0
1736431740.0,3.47223830579185e-06,3.47223830579185e-06,3.46663626418693e-06,3.46663626418693e-06,0.43160142276
1736431800.0,3.46663626418693e-06,3.49005487544852e-06,3.46663626418693e-06,3.49005487544852e-06,1.8583
1736431860.0,3.49005487544852e-06,3.49005487544852e-06,3.49005487544852e-06,3.49005487544852e-06,0.0
1736431920.0,3.49005487544852e-06,3.49005487544852e-06,3.49005487544852e-06,3.49005487544852e-06,0.0
1736431980.0,3.49005487544852e-06,3.49005487544852e-06,3.49005487544852e-06,3.49005487544852e-06,0.0
1736432040.0,3.49005487544852e-06,3.49005487544852e-06,3.49005487544852e-06,3.49005487544852e-06,0.0
1736432100.0,3.49005487544852e-06,3.49005487544852e-06,3.49005487544852e-06,3.49005487544852e-06,0.0
1736432160.0,3.49005487544852e-06,3.49005487544852e-06,3.49005487544852e-06,3.49005487544852e-06,0.0
1736432220.0,3.49005487544852e-06,3.49005487544852e-06,3.49005487544852e-06,3.49005487544852e-06,0.0
1736432280.0,3.49005487544852e-06,3.49005487544852e-06,3.49005487544852e-06,3.49005487544852e-06,0.0
1736432340.0,3.49005487544852e-06,3.52452462201914e-06,3.49005487544852e-06,3.52452462201914e-06,2.98177497765
1736432400.0,3.52452462201914e-06,3.52452462201914e-06,3.52452462201914e-06,3.52452462201914e-06,0.0
1736432460.0,3.52452462201914e-06,3.52452462201914e-06,3.52452462201914e-06,3.52452462201914e-06,0.0
1736432520.0,3.52452462201914e-06,3.52452462201914e-06,3.52452462201914e-06,3.52452462201914e-06,0.0
1736432580.0,3.52452462201914e-06,3.52452462201914e-06,3.52452462201914e-06,3.52452462201914e-06,0.0
1736432640.0,3.52452462201914e-06,3.52452462201914e-06,3.52452462201914e-06,3.52452462201914e-06,0.0
1736432700.0,3.52452462201914e-06,3.52452462201914e-06,3.52452462201914e-06,3.52452462201914e-06,0.0
1736432760.0,3.52452462201914e-06,3.52452462201914e-06,3.52452462201914e-06,3.52452462201914e-06,0.0
1736432820.0,3.52452462201914e-06,3.52452462201914e-06,3.52452462201914e-06,3.52452462201914e-06,0.0
1736432880.0,3.52452462201914e-06,3.52452462201914e-06,3.52452462201914e-06,3.52452462201914e-06,0.0
1736432940.0,3.52452462201914e-06,3.52452462201914e-06,3.52452462201914e-06,3.52452462201914e-06,0.0
1736433000.0,3.52452462201914e-06,3.52452462201914e-06,3.52452462201914e-06,3.52452462201914e-06,0.0
1736433060.0,3.52452462201914e-06,3.52452462201914e-06,3.52452462201914e-06,3.52452462201914e-06,0.0
1736433120.0,3.52452462201914e-06,3.52452462201914e-06,3.52452462201914e-06,3.52452462201914e-06,0.0
1736433180.0,3.52452462201914e-06,3.52452462201914e-06,3.52452462201914e-06,3.52452462201914e-06,0.0
1736433240.0,3.52452462201914e-06,3.52452462201914e-06,3.52452462201914e-06,3.52452462201914e-06,0.0
1736433300.0,3.52452462201914e-06,3.52452462201914e-06,3.52452462201914e-06,3.52452462201914e-06,0.0
1736433360.0,3.52452462201914e-06,3.52452462201914e-06,3.51057336021246e-06,3.51057336021246e-06,3.0728048637
1736433420.0,3.51057336021246e-06,3.51057336021246e-06,3.51057336021246e-06,3.51057336021246e-06,0.0
1736433480.0,3.51057336021246e-06,3.51057336021246e-06,3.51057336021246e-06,3.51057336021246e-06,0.0
1736433540.0,3.51057336021246e-06,3.51057336021246e-06,3.51057336021246e-06,3.51057336021246e-06,0.0
1736433600.0,3.51057336021246e-06,3.51949252021468e-06,3.51057336021246e-06,3.51949252021468e-06,3.7418
1736433660.0,3.51949252021468e-06,3.51949252021468e-06,3.51949252021468e-06,3.51949252021468e-06,0.0
1736433720.0,3.51949252021468e-06,3.51949252021468e-06,3.51949252021468e-06,3.51949252021468e-06,0.0
1736433780.0,3.51949252021468e-06,3.51949252021468e-06,3.51949252021468e-06,3.51949252021468e-06,0.0
1736433840.0,3.51949252021468e-06,3.51949252021468e-06,3.51949252021468e-06,3.51949252021468e-06,0.0
1736433900.0,3.51949252021468e-06,3.51949252021468e-06,3.51949252021468e-06,3.51949252021468e-06,0.0
1736433960.0,3.51949252021468e-06,3.51949252021468e-06,3.49557266878131e-06,3.49557266878131e-06,3.71636925975
1736434020.0,3.49557266878131e-06,3.49557266878131e-06,3.49557266878131e-06,3.49557266878131e-06,0.0
1736434080.0,3.49557266878131e-06,3.49557266878131e-06,3.49557266878131e-06,3.49557266878131e-06,0.0
1736434140.0,3.49557266878131e-06,3.49557266878131e-06,3.49557266878131e-06,3.49557266878131e-06,0.0
1736434200.0,3.49557266878131e-06,3.49557266878131e-06,3.49557266878131e-06,3.49557266878131e-06,0.0
1736434260.0,3.49557266878131e-06,3.49557266878131e-06,3.49557266878131e-06,3.49557266878131e-06,0.0
1736434320.0,3.49557266878131e-06,3.49557266878131e-06,3.49557266878131e-06,3.49557266878131e-06,0.0
1736434380.0,3.49557266878131e-06,3.49557266878131e-06,3.49557266878131e-06,3.49557266878131e-06,0.0
1736434440.0,3.49557266878131e-06,3.49557266878131e-06,3.49557266878131e-06,3.49557266878131e-06,0.0
1736434500.0,3.49557266878131e-06,3.49557266878131e-06,3.49557266878131e-06,3.49557266878131e-06,0.0
1736434560.0,3.49557266878131e-06,3.52982488387451e-06,3.49557266878131e-06,3.52982488387451e-06,0.1869008
1736434620.0,3.52982488387451e-06,3.52982488387451e-06,3.52982488387451e-06,3.52982488387451e-06,0.0
1736434680.0,3.52982488387451e-06,3.52982488387451e-06,3.52982488387451e-06,3.52982488387451e-06,0.0
1736434740.0,3.52982488387451e-06,3.52982488387451e-06,3.52982488387451e-06,3.52982488387451e-06,0.0
1736434800.0,3.52982488387451e-06,3.52982488387451e-06,3.52982488387451e-06,3.52982488387451e-06,0.0
1736434860.0,3.52982488387451e-06,3.52982488387451e-06,3.52982488387451e-06,3.52982488387451e-06,0.0
1736434920.0,3.52982488387451e-06,3.52982488387451e-06,3.52982488387451e-06,3.52982488387451e-06,0.0
1736434980.0,3.52982488387451e-06,3.52982488387451e-06,3.52982488387451e-06,3.52982488387451e-06,0.0
1736435040.0,3.52982488387451e-06,3.58842160491143e-06,3.52982488387451e-06,3.58842160491143e-06,24.4751
1736435100.0,3.58842160491143e-06,3.58842160491143e-06,3.58842160491143e-06,3.58842160491143e-06,0.0
1736435160.0,3.58842160491143e-06,3.58842160491143e-06,3.58842160491143e-06,3.58842160491143e-06,0.0
1736435220.0,3.58842160491143e-06,3.58842160491143e-06,3.58842160491143e-06,3.58842160491143e-06,0.0
1736435280.0,3.58842160491143e-06,3.58842160491143e-06,3.58842160491143e-06,3.58842160491143e-06,0.0
1736435340.0,3.58842160491143e-06,3.58842160491143e-06,3.58842160491143e-06,3.58842160491143e-06,0.0
1736435400.0,3.58842160491143e-06,3.58842160491143e-06,3.58842160491143e-06,3.58842160491143e-06,0.0
1736435460.0,3.58842160491143e-06,3.58842160491143e-06,3.58842160491143e-06,3.58842160491143e-06,0.0
1736435520.0,3.58842160491143e-06,3.58842160491143e-06,3.57370195637031e-06,3.57370195637031e-06,0.66390271857
1736435580.0,3.57370195637031e-06,3.57370195637031e-06,3.57370195637031e-06,3.57370195637031e-06,0.0
1736435640.0,3.57370195637031e-06,3.57370195637031e-06,3.57370195637031e-06,3.57370195637031e-06,0.0
1736435700.0,3.57370195637031e-06,3.57370195637031e-06,3.57370195637031e-06,3.57370195637031e-06,0.0
1736435760.0,3.57370195637031e-06,3.57370195637031e-06,3.57370195637031e-06,3.57370195637031e-06,0.0
1736435820.0,3.57370195637031e-06,3.57370195637031e-06,3.57370195637031e-06,3.57370195637031e-06,0.0
1736435880.0,3.57370195637031e-06,3.57370195637031e-06,3.57370195637031e-06,3.57370195637031e-06,0.0
1736435940.0,3.57370195637031e-06,3.57370195637031e-06,3.57370195637031e-06,3.57370195637031e-06,0.0
1736436000.0,3.57370195637031e-06,3.57370195637031e-06,3.57370195637031e-06,3.57370195637031e-06,0.0
1736436060.0,3.57370195637031e-06,3.57370195637031e-06,3.57370195637031e-06,3.57370195637031e-06,0.0
1736436120.0,3.57370195637031e-06,3.57370195637031e-06,3.57370195637031e-06,3.57370195637031e-06,0.0
1736436180.0,3.57370195637031e-06,3.57370195637031e-06,3.57370195637031e-06,3.57370195637031e-06,0.0
1736436240.0,3.57370195637031e-06,3.57370195637031e-06,3.57370195637031e-06,3.57370195637031e-06,0.0
1736436300.0,3.57370195637031e-06,3.57370195637031e-06,3.57370195637031e-06,3.57370195637031e-06,0.0
1736436360.0,3.57370195637031e-06,3.57370195637031e-06,3.57370195637031e-06,3.57370195637031e-06,0.0
1736436420.0,3.57370195637031e-06,3.57370195637031e-06,3.57370195637031e-06,3.57370195637031e-06,0.0
1736436480.0,3.57370195637031e-06,3.57370195637031e-06,3.57370195637031e-06,3.57370195637031e-06,0.0
1736436540.0,3.57370195637031e-06,3.57370195637031e-06,3.57370195637031e-06,3.57370195637031e-06,0.0
1736436600.0,3.57370195637031e-06,3.57370195637031e-06,3.57370195637031e-06,3.57370195637031e-06,0.0
1736436660.0,3.57370195637031e-06,3.57370195637031e-06,3.57370195637031e-06,3.57370195637031e-06,0.0
1736436720.0,3.57370195637031e-06,3.57370195637031e-06,3.57370195637031e-06,3.57370195637031e-06,0.0
1736436780.0,3.57370195637031e-06,3.57370195637031e-06,3.57370195637031e-06,3.57370195637031e-06,0.0
1736436840.0,3.57370195637031e-06,3.57370195637031e-06,3.57370195637031e-06,3.57370195637031e-06,0.0
1736436900.0,3.57370195637031e-06,3.62345776125067e-06,3.57370195637031e-06,3.62345776125067e-06,0.3434907055
1736436960.0,3.62345776125067e-06,3.62345776125067e-06,3.62345776125067e-06,3.62345776125067e-06,0.0
1736437020.0,3.62345776125067e-06,3.62345776125067e-06,3.62345776125067e-06,3.62345776125067e-06,0.0
1736437080.0,3.62345776125067e-06,3.62345776125067e-06,3.62345776125067e-06,3.62345776125067e-06,0.0
1736437140.0,3.62345776125067e-06,3.62345776125067e-06,3.622200794426e-06,3.622200794426e-06,3.13838354126
1736437200.0,3.622200794426e-06,3.622200794426e-06,3.622200794426e-06,3.622200794426e-06,0.0
1736437260.0,3.622200794426e-06,3.63726552346005e-06,3.622200794426e-06,3.63726552346005e-06,0.9557
1736437320.0,3.63726552346005e-06,3.63726552346005e-06,3.63726552346005e-06,3.63726552346005e-06,0.0
1736437380.0,3.63726552346005e-06,3.63726552346005e-06,3.63726552346005e-06,3.63726552346005e-06,0.0
1736437440.0,3.63726552346005e-06,3.63726552346005e-06,3.63726552346005e-06,3.63726552346005e-06,0.0
1736437500.0,3.63726552346005e-06,3.63726552346005e-06,3.63726552346005e-06,3.63726552346005e-06,0.0
1736437560.0,3.63726552346005e-06,3.63726552346005e-06,3.63726552346005e-06,3.63726552346005e-06,0.0
1736437620.0,3.63726552346005e-06,3.63726552346005e-06,3.63726552346005e-06,3.63726552346005e-06,0.0
1736437680.0,3.63726552346005e-06,3.63726552346005e-06,3.63726552346005e-06,3.63726552346005e-06,0.0
1736437740.0,3.63726552346005e-06,3.75178614340289e-06,3.63726552346005e-06,3.75178614340289e-06,95.855
1736437800.0,3.75178614340289e-06,3.75178614340289e-06,3.75178614340289e-06,3.75178614340289e-06,0.0
1736437860.0,3.75178614340289e-06,3.75178614340289e-06,3.75178614340289e-06,3.75178614340289e-06,0.0
1736437920.0,3.75178614340289e-06,3.75178614340289e-06,3.75178614340289e-06,3.75178614340289e-06,0.0
1736437980.0,3.75178614340289e-06,3.75178614340289e-06,3.75178614340289e-06,3.75178614340289e-06,0.0
1736438040.0,3.75178614340289e-06,3.75178614340289e-06,3.75178614340289e-06,3.75178614340289e-06,0.0
1736438100.0,3.75178614340289e-06,3.75178614340289e-06,3.75178614340289e-06,3.75178614340289e-06,0.0
1736438160.0,3.75178614340289e-06,3.75178614340289e-06,3.75178614340289e-06,3.75178614340289e-06,0.0
1736438220.0,3.75178614340289e-06,3.75178614340289e-06,3.75178614340289e-06,3.75178614340289e-06,0.0
1736438280.0,3.75178614340289e-06,3.75178614340289e-06,3.75178614340289e-06,3.75178614340289e-06,0.0
1736438340.0,3.75178614340289e-06,3.75178614340289e-06,3.75178614340289e-06,3.75178614340289e-06,0.0
1736438400.0,3.75178614340289e-06,3.75178614340289e-06,3.75178614340289e-06,3.75178614340289e-06,0.0
1736438460.0,3.75178614340289e-06,3.75178614340289e-06,3.75178614340289e-06,3.75178614340289e-06,0.0
1736438520.0,3.75178614340289e-06,3.75178614340289e-06,3.75178614340289e-06,3.75178614340289e-06,0.0
1736438580.0,3.75178614340289e-06,3.75178614340289e-06,3.75178614340289e-06,3.75178614340289e-06,0.0
1736438640.0,3.75178614340289e-06,3.75178614340289e-06,3.75178614340289e-06,3.75178614340289e-06,0.0
1736438700.0,3.75178614340289e-06,3.75178614340289e-06,3.75178614340289e-06,3.75178614340289e-06,0.0
1736438760.0,3.75178614340289e-06,3.75178614340289e-06,3.75178614340289e-06,3.75178614340289e-06,0.0
1736438820.0,3.75178614340289e-06,3.75178614340289e-06,3.75178614340289e-06,3.75178614340289e-06,0.0
1736438880.0,3.75178614340289e-06,3.75178614340289e-06,3.75178614340289e-06,3.75178614340289e-06,0.0
1736438940.0,3.75178614340289e-06,3.75178614340289e-06,3.75178614340289e-06,3.75178614340289e-06,0.0
1736439000.0,3.75178614340289e-06,3.75178614340289e-06,3.75178614340289e-06,3.75178614340289e-06,0.0
1736439060.0,3.75178614340289e-06,3.75178614340289e-06,3.75178614340289e-06,3.75178614340289e-06,0.0
1736439120.0,3.75178614340289e-06,3.75178614340289e-06,3.75178614340289e-06,3.75178614340289e-06,0.0
1736439180.0,3.75178614340289e-06,3.75178614340289e-06,3.75178614340289e-06,3.75178614340289e-06,0.0
1736439240.0,3.75178614340289e-06,3.75178614340289e-06,3.75178614340289e-06,3.75178614340289e-06,0.0
1736439300.0,3.75178614340289e-06,3.75178614340289e-06,3.75178614340289e-06,3.75178614340289e-06,0.0
1736439360.0,3.75178614340289e-06,3.75178614340289e-06,3.75178614340289e-06,3.75178614340289e-06,0.0
1736439420.0,3.75178614340289e-06,3.75178614340289e-06,3.75178614340289e-06,3.75178614340289e-06,0.0
1736439480.0,3.75178614340289e-06,3.75178614340289e-06,3.75178614340289e-06,3.75178614340289e-06,0.0
1736439540.0,3.75178614340289e-06,3.75178614340289e-06,3.75178614340289e-06,3.75178614340289e-06,0.0
1736439600.0,3.75178614340289e-06,3.75178614340289e-06,3.75178614340289e-06,3.75178614340289e-06,0.0
1736439660.0,3.75178614340289e-06,3.75178614340289e-06,3.75178614340289e-06,3.75178614340289e-06,0.0
1736439720.0,3.75178614340289e-06,3.75178614340289e-06,3.75178614340289e-06,3.75178614340289e-06,0.0
1736439780.0,3.75178614340289e-06,3.75178614340289e-06,3.75178614340289e-06,3.75178614340289e-06,0.0
1736439840.0,3.75178614340289e-06,3.76959802812139e-06,3.75178614340289e-06,3.76959802812139e-06,61.11728083629
1736439900.0,3.76959802812139e-06,3.76959802812139e-06,3.76959802812139e-06,3.76959802812139e-06,0.0
1736439960.0,3.76959802812139e-06,3.76959802812139e-06,3.76959802812139e-06,3.76959802812139e-06,0.0
1736440020.0,3.76959802812139e-06,3.76959802812139e-06,3.76959802812139e-06,3.76959802812139e-06,0.0
1736440080.0,3.76959802812139e-06,3.76959802812139e-06,3.76959802812139e-06,3.76959802812139e-06,0.0
1736440140.0,3.76959802812139e-06,3.76959802812139e-06,3.76959802812139e-06,3.76959802812139e-06,0.0
1736440200.0,3.76959802812139e-06,3.76959802812139e-06,3.76959802812139e-06,3.76959802812139e-06,0.0
1736440260.0,3.76959802812139e-06,3.76959802812139e-06,3.76959802812139e-06,3.76959802812139e-06,0.0
1736440320.0,3.76959802812139e-06,3.76959802812139e-06,3.76959802812139e-06,3.76959802812139e-06,0.0
1736440380.0,3.76959802812139e-06,3.76959802812139e-06,3.76959802812139e-06,3.76959802812139e-06,0.0
1736440440.0,3.76959802812139e-06,3.76959802812139e-06,3.76959802812139e-06,3.76959802812139e-06,0.0
1736440500.0,3.76959802812139e-06,3.76959802812139e-06,3.76959802812139e-06,3.76959802812139e-06,0.0
1736440560.0,3.76959802812139e-06,3.76959802812139e-06,3.76959802812139e-06,3.76959802812139e-06,0.0
1736440620.0,3.76959802812139e-06,3.76959802812139e-06,3.76959802812139e-06,3.76959802812139e-06,0.0
1736440680.0,3.76959802812139e-06,3.76959802812139e-06,3.76959802812139e-06,3.76959802812139e-06,0.0
1736440740.0,3.76959802812139e-06,3.76959802812139e-06,3.76959802812139e-06,3.76959802812139e-06,0.0
1736440800.0,3.76959802812139e-06,3.76959802812139e-06,3.76959802812139e-06,3.76959802812139e-06,0.0
1736440860.0,3.76959802812139e-06,3.76959802812139e-06,3.76959802812139e-06,3.76959802812139e-06,0.0
1736440920.0,3.76959802812139e-06,3.76959802812139e-06,3.76959802812139e-06,3.76959802812139e-06,0.0
1736440980.0,3.76959802812139e-06,3.76959802812139e-06,3.76959802812139e-06,3.76959802812139e-06,0.0
1736441040.0,3.76959802812139e-06,3.76959802812139e-06,3.76959802812139e-06,3.76959802812139e-06,0.0
1736441100.0,3.76959802812139e-06,3.76959802812139e-06,3.76959802812139e-06,3.76959802812139e-06,0.0
1736441160.0,3.76959802812139e-06,3.76959802812139e-06,3.76959802812139e-06,3.76959802812139e-06,0.0
1736441220.0,3.76959802812139e-06,3.76959802812139e-06,3.76959802812139e-06,3.76959802812139e-06,0.0
1736441280.0,3.76959802812139e-06,3.76959802812139e-06,3.76959802812139e-06,3.76959802812139e-06,0.0
1736441340.0,3.76959802812139e-06,3.76959802812139e-06,3.76959802812139e-06,3.76959802812139e-06,0.0
1736441400.0,3.76959802812139e-06,3.76959802812139e-06,3.76959802812139e-06,3.76959802812139e-06,0.0
1736441460.0,3.76959802812139e-06,3.76959802812139e-06,3.76959802812139e-06,3.76959802812139e-06,0.0
1736441520.0,3.76959802812139e-06,3.76959802812139e-06,3.76959802812139e-06,3.76959802812139e-06,0.0
1736441580.0,3.76959802812139e-06,3.76959802812139e-06,3.76959802812139e-06,3.76959802812139e-06,0.0
1736441640.0,3.76959802812139e-06,3.76959802812139e-06,3.76959802812139e-06,3.76959802812139e-06,0.0
1736441700.0,3.76959802812139e-06,3.76959802812139e-06,3.76959802812139e-06,3.76959802812139e-06,0.0
1736441760.0,3.76959802812139e-06,3.76959802812139e-06,3.76959802812139e-06,3.76959802812139e-06,0.0
1736441820.0,3.76959802812139e-06,3.76959802812139e-06,3.76959802812139e-06,3.76959802812139e-06,0.0
1736441880.0,3.76959802812139e-06,3.76959802812139e-06,3.76959802812139e-06,3.76959802812139e-06,0.0
1736441940.0,3.76959802812139e-06,3.76959802812139e-06,3.76959802812139e-06,3.76959802812139e-06,0.0
1736442000.0,3.76959802812139e-06,3.76959802812139e-06,3.76959802812139e-06,3.76959802812139e-06,0.0
1736442060.0,3.76959802812139e-06,3.76959802812139e-06,3.76959802812139e-06,3.76959802812139e-06,0.0
1736442120.0,3.76959802812139e-06,3.76959802812139e-06,3.76959802812139e-06,3.76959802812139e-06,0.0
1736442180.0,3.76959802812139e-06,3.76959802812139e-06,3.76959802812139e-06,3.76959802812139e-06,0.0
1736442240.0,3.76959802812139e-06,3.76959802812139e-06,3.76959802812139e-06,3.76959802812139e-06,0.0
1736442300.0,3.76959802812139e-06,3.76959802812139e-06,3.76959802812139e-06,3.76959802812139e-06,0.0
1736442360.0,3.76959802812139e-06,3.76959802812139e-06,3.76959802812139e-06,3.76959802812139e-06,0.0
1736442420.0,3.76959802812139e-06,3.76959802812139e-06,3.76959802812139e-06,3.76959802812139e-06,0.0
1736442480.0,3.76959802812139e-06,3.76959802812139e-06,3.76959802812139e-06,3.76959802812139e-06,0.0
1736442540.0,3.76959802812139e-06,3.76959802812139e-06,3.76959802812139e-06,3.76959802812139e-06,0.0
1736442600.0,3.76959802812139e-06,3.76959802812139e-06,3.76959802812139e-06,3.76959802812139e-06,0.0
1736442660.0,3.76959802812139e-06,3.76959802812139e-06,3.76959802812139e-06,3.76959802812139e-06,0.0
1736442720.0,3.76959802812139e-06,3.76959802812139e-06,3.76959802812139e-06,3.76959802812139e-06,0.0
1736442780.0,3.76959802812139e-06,3.76959802812139e-06,3.76959802812139e-06,3.76959802812139e-06,0.0
1736442840.0,3.76959802812139e-06,3.76959802812139e-06,3.76959802812139e-06,3.76959802812139e-06,0.0
1736442900.0,3.76959802812139e-06,3.76959802812139e-06,3.76959802812139e-06,3.76959802812139e-06,0.0
1736442960.0,3.76959802812139e-06,3.76959802812139e-06,3.76959802812139e-06,3.76959802812139e-06,0.0
1736443020.0,3.76959802812139e-06,3.76959802812139e-06,3.76959802812139e-06,3.76959802812139e-06,0.0
1736443080.0,3.76959802812139e-06,3.76959802812139e-06,3.76959802812139e-06,3.76959802812139e-06,0.0
1736443140.0,3.76959802812139e-06,3.76959802812139e-06,3.76959802812139e-06,3.76959802812139e-06,0.0
1736443200.0,3.76959802812139e-06,3.76959802812139e-06,3.76959802812139e-06,3.76959802812139e-06,0.0
1736443260.0,3.76959802812139e-06,3.76959802812139e-06,3.76959802812139e-06,3.76959802812139e-06,0.0
1736443320.0,3.76959802812139e-06,3.76959802812139e-06,3.76959802812139e-06,3.76959802812139e-06,0.0
1736443380.0,3.76959802812139e-06,3.76959802812139e-06,3.76959802812139e-06,3.76959802812139e-06,0.0
1736443440.0,3.76959802812139e-06,3.76959802812139e-06,3.76959802812139e-06,3.76959802812139e-06,0.0
1736443500.0,3.76959802812139e-06,3.76959802812139e-06,3.66679035163895e-06,3.66679035163895e-06,5.46965251102
1736443560.0,3.66679035163895e-06,3.66679035163895e-06,3.66679035163895e-06,3.66679035163895e-06,0.0
1736443620.0,3.66679035163895e-06,3.66679035163895e-06,3.66679035163895e-06,3.66679035163895e-06,0.0
1736443680.0,3.66679035163895e-06,3.66679035163895e-06,3.66679035163895e-06,3.66679035163895e-06,0.0
1736443740.0,3.66679035163895e-06,3.66679035163895e-06,3.66679035163895e-06,3.66679035163895e-06,0.0
1736443800.0,3.66679035163895e-06,3.66679035163895e-06,3.66679035163895e-06,3.66679035163895e-06,0.0
1736443860.0,3.66679035163895e-06,3.66679035163895e-06,3.66679035163895e-06,3.66679035163895e-06,0.0
1736443920.0,3.66679035163895e-06,3.66679035163895e-06,3.66679035163895e-06,3.66679035163895e-06,0.0
1736443980.0,3.66679035163895e-06,3.66679035163895e-06,3.66679035163895e-06,3.66679035163895e-06,0.0
1736444040.0,3.66679035163895e-06,3.66679035163895e-06,3.66679035163895e-06,3.66679035163895e-06,0.0
1736444100.0,3.66679035163895e-06,3.66679035163895e-06,3.66679035163895e-06,3.66679035163895e-06,0.0
1736444160.0,3.66679035163895e-06,3.66679035163895e-06,3.66679035163895e-06,3.66679035163895e-06,0.0
1736444220.0,3.66679035163895e-06,3.66679035163895e-06,3.66679035163895e-06,3.66679035163895e-06,0.0
1736444280.0,3.66679035163895e-06,3.66679035163895e-06,3.66679035163895e-06,3.66679035163895e-06,0.0
1736444340.0,3.66679035163895e-06,3.66679035163895e-06,3.66679035163895e-06,3.66679035163895e-06,0.0
1736444400.0,3.66679035163895e-06,3.66679035163895e-06,3.66679035163895e-06,3.66679035163895e-06,0.0
1736444460.0,3.66679035163895e-06,3.66679035163895e-06,3.66679035163895e-06,3.66679035163895e-06,0.0
1736444520.0,3.66679035163895e-06,3.66679035163895e-06,3.66679035163895e-06,3.66679035163895e-06,0.0
1736444580.0,3.66679035163895e-06,3.66679035163895e-06,3.66679035163895e-06,3.66679035163895e-06,0.0
1736444640.0,3.66679035163895e-06,3.66679035163895e-06,3.66679035163895e-06,3.66679035163895e-06,0.0
1736444700.0,3.66679035163895e-06,3.66679035163895e-06,3.66679035163895e-06,3.66679035163895e-06,0.0
1736444760.0,3.66679035163895e-06,3.66679035163895e-06,3.66679035163895e-06,3.66679035163895e-06,0.0
1736444820.0,3.66679035163895e-06,3.66679035163895e-06,3.66679035163895e-06,3.66679035163895e-06,0.0
1736444880.0,3.66679035163895e-06,3.66679035163895e-06,3.66679035163895e-06,3.66679035163895e-06,0.0
1736444940.0,3.66679035163895e-06,3.66679035163895e-06,3.66679035163895e-06,3.66679035163895e-06,0.0
1736445000.0,3.66679035163895e-06,3.66679035163895e-06,3.66679035163895e-06,3.66679035163895e-06,0.0
1736445060.0,3.66679035163895e-06,3.66679035163895e-06,3.66679035163895e-06,3.66679035163895e-06,0.0
1736445120.0,3.66679035163895e-06,3.66679035163895e-06,3.66679035163895e-06,3.66679035163895e-06,0.0
1736445180.0,3.66679035163895e-06,3.66679035163895e-06,3.66679035163895e-06,3.66679035163895e-06,0.0
1736445240.0,3.66679035163895e-06,3.66679035163895e-06,3.66679035163895e-06,3.66679035163895e-06,0.0
1736445300.0,3.66679035163895e-06,3.66679035163895e-06,3.66679035163895e-06,3.66679035163895e-06,0.0
1736445360.0,3.66679035163895e-06,3.66679035163895e-06,3.66679035163895e-06,3.66679035163895e-06,0.0
1736445420.0,3.66679035163895e-06,3.66679035163895e-06,3.66679035163895e-06,3.66679035163895e-06,0.0
1736445480.0,3.66679035163895e-06,3.66679035163895e-06,3.66679035163895e-06,3.66679035163895e-06,0.0
1736445540.0,3.66679035163895e-06,3.66679035163895e-06,3.66679035163895e-06,3.66679035163895e-06,0.0
1736445600.0,3.66679035163895e-06,3.66679035163895e-06,3.66679035163895e-06,3.66679035163895e-06,0.0
1736445660.0,3.66679035163895e-06,3.66679035163895e-06,3.66679035163895e-06,3.66679035163895e-06,0.0
1736445720.0,3.66679035163895e-06,3.66679035163895e-06,3.66679035163895e-06,3.66679035163895e-06,0.0
1736445780.0,3.66679035163895e-06,3.66679035163895e-06,3.66679035163895e-06,3.66679035163895e-06,0.0
1736445840.0,3.66679035163895e-06,3.66679035163895e-06,3.66679035163895e-06,3.66679035163895e-06,0.0
1736445900.0,3.66679035163895e-06,3.66679035163895e-06,3.66679035163895e-06,3.66679035163895e-06,0.0
1736445960.0,3.66679035163895e-06,3.66679035163895e-06,3.66679035163895e-06,3.66679035163895e-06,0.0
1736446020.0,3.66679035163895e-06,3.66679035163895e-06,3.66679035163895e-06,3.66679035163895e-06,0.0
1736446080.0,3.66679035163895e-06,3.66679035163895e-06,3.66679035163895e-06,3.66679035163895e-06,0.0
1736446140.0,3.66679035163895e-06,3.66679035163895e-06,3.66679035163895e-06,3.66679035163895e-06,0.0
1736446200.0,3.66679035163895e-06,3.66679035163895e-06,3.66679035163895e-06,3.66679035163895e-06,0.0
1736446260.0,3.66679035163895e-06,3.66679035163895e-06,3.66679035163895e-06,3.66679035163895e-06,0.0
1736446320.0,3.66679035163895e-06,3.66679035163895e-06,3.66679035163895e-06,3.66679035163895e-06,0.0
1736446380.0,3.66679035163895e-06,3.66679035163895e-06,3.66679035163895e-06,3.66679035163895e-06,0.0
1736446440.0,3.66679035163895e-06,3.66679035163895e-06,3.66679035163895e-06,3.66679035163895e-06,0.0
1736446500.0,3.66679035163895e-06,3.66679035163895e-06,3.66679035163895e-06,3.66679035163895e-06,0.0
1736446560.0,3.66679035163895e-06,3.66679035163895e-06,3.66679035163895e-06,3.66679035163895e-06,0.0
1736446620.0,3.66679035163895e-06,3.66679035163895e-06,3.66679035163895e-06,3.66679035163895e-06,0.0
1736446680.0,3.66679035163895e-06,3.66679035163895e-06,3.66679035163895e-06,3.66679035163895e-06,0.0
1736446740.0,3.66679035163895e-06,3.66679035163895e-06,3.66679035163895e-06,3.66679035163895e-06,0.0
1736446800.0,3.66679035163895e-06,3.66679035163895e-06,3.66679035163895e-06,3.66679035163895e-06,0.0
1736446860.0,3.66679035163895e-06,3.66679035163895e-06,3.66679035163895e-06,3.66679035163895e-06,0.0
1736446920.0,3.66679035163895e-06,3.66679035163895e-06,3.66679035163895e-06,3.66679035163895e-06,0.0
1736446980.0,3.66679035163895e-06,3.66679035163895e-06,3.66679035163895e-06,3.66679035163895e-06,0.0
1736447040.0,3.66679035163895e-06,3.66679035163895e-06,3.66679035163895e-06,3.66679035163895e-06,0.0
1736447100.0,3.66679035163895e-06,3.66679035163895e-06,3.66679035163895e-06,3.66679035163895e-06,0.0
1736447160.0,3.66679035163895e-06,3.66679035163895e-06,3.66679035163895e-06,3.66679035163895e-06,0.0
1736447220.0,3.66679035163895e-06,3.66679035163895e-06,3.66679035163895e-06,3.66679035163895e-06,0.0
1736447280.0,3.66679035163895e-06,3.66679035163895e-06,3.66679035163895e-06,3.66679035163895e-06,0.0
1736447340.0,3.66679035163895e-06,3.66679035163895e-06,3.66679035163895e-06,3.66679035163895e-06,0.0
1736447400.0,3.66679035163895e-06,3.66679035163895e-06,3.66679035163895e-06,3.66679035163895e-06,0.0
1736447460.0,3.66679035163895e-06,3.66679035163895e-06,3.66679035163895e-06,3.66679035163895e-06,0.0
1736447520.0,3.66679035163895e-06,3.66679035163895e-06,3.66679035163895e-06,3.66679035163895e-06,0.0
1736447580.0,3.66679035163895e-06,3.66679035163895e-06,3.66679035163895e-06,3.66679035163895e-06,0.0
1736447640.0,3.66679035163895e-06,3.66679035163895e-06,3.66679035163895e-06,3.66679035163895e-06,0.0
1736447700.0,3.66679035163895e-06,3.66679035163895e-06,3.66679035163895e-06,3.66679035163895e-06,0.0
1736447760.0,3.66679035163895e-06,3.66679035163895e-06,3.66679035163895e-06,3.66679035163895e-06,0.0
1736447820.0,3.66679035163895e-06,3.66679035163895e-06,3.66679035163895e-06,3.66679035163895e-06,0.0
1736447880.0,3.66679035163895e-06,3.66679035163895e-06,3.66679035163895e-06,3.66679035163895e-06,0.0
1736447940.0,3.66679035163895e-06,3.66679035163895e-06,3.66679035163895e-06,3.66679035163895e-06,0.0
1736448000.0,3.66679035163895e-06,3.66679035163895e-06,3.66679035163895e-06,3.66679035163895e-06,0.0
1736448060.0,3.66679035163895e-06,3.66679035163895e-06,3.66679035163895e-06,3.66679035163895e-06,0.0
1736448120.0,3.66679035163895e-06,3.66679035163895e-06,3.66679035163895e-06,3.66679035163895e-06,0.0
1736448180.0,3.66679035163895e-06,3.66679035163895e-06,3.66679035163895e-06,3.66679035163895e-06,0.0
1736448240.0,3.66679035163895e-06,3.66679035163895e-06,3.66679035163895e-06,3.66679035163895e-06,0.0
1736448300.0,3.66679035163895e-06,3.66679035163895e-06,3.66679035163895e-06,3.66679035163895e-06,0.0
1736448360.0,3.66679035163895e-06,3.66679035163895e-06,3.66679035163895e-06,3.66679035163895e-06,0.0
1736448420.0,3.66679035163895e-06,3.66679035163895e-06,3.66679035163895e-06,3.66679035163895e-06,0.0
1736448480.0,3.66679035163895e-06,3.66679035163895e-06,3.66679035163895e-06,3.66679035163895e-06,0.0
1736448540.0,3.66679035163895e-06,3.66679035163895e-06,3.66679035163895e-06,3.66679035163895e-06,0.0
1736448600.0,3.66679035163895e-06,3.66679035163895e-06,3.66679035163895e-06,3.66679035163895e-06,0.0
1736448660.0,3.66679035163895e-06,3.66679035163895e-06,3.66679035163895e-06,3.66679035163895e-06,0.0
1736448720.0,3.66679035163895e-06,3.66679035163895e-06,3.66679035163895e-06,3.66679035163895e-06,0.0
1736448780.0,3.66679035163895e-06,3.66679035163895e-06,3.66679035163895e-06,3.66679035163895e-06,0.0
1736448840.0,3.66679035163895e-06,3.66679035163895e-06,3.66679035163895e-06,3.66679035163895e-06,0.0
1736448900.0,3.66679035163895e-06,3.66679035163895e-06,3.66679035163895e-06,3.66679035163895e-06,0.0
1736448960.0,3.66679035163895e-06,3.66679035163895e-06,3.66679035163895e-06,3.66679035163895e-06,0.0
1736449020.0,3.66679035163895e-06,3.66679035163895e-06,3.66679035163895e-06,3.66679035163895e-06,0.0
1736449080.0,3.66679035163895e-06,3.66679035163895e-06,3.66679035163895e-06,3.66679035163895e-06,0.0
1736449140.0,3.66679035163895e-06,3.66679035163895e-06,3.66679035163895e-06,3.66679035163895e-06,0.0
1736449200.0,3.66679035163895e-06,3.66679035163895e-06,3.66679035163895e-06,3.66679035163895e-06,0.0
1736449260.0,3.66679035163895e-06,3.66679035163895e-06,3.66679035163895e-06,3.66679035163895e-06,0.0
1736449320.0,3.66679035163895e-06,3.66679035163895e-06,3.66679035163895e-06,3.66679035163895e-06,0.0
1736449380.0,3.66679035163895e-06,3.66679035163895e-06,3.66679035163895e-06,3.66679035163895e-06,0.0
1736449440.0,3.66679035163895e-06,3.66679035163895e-06,3.66679035163895e-06,3.66679035163895e-06,0.0
1736449500.0,3.66679035163895e-06,3.66679035163895e-06,3.66679035163895e-06,3.66679035163895e-06,0.0
1736449560.0,3.66679035163895e-06,3.66679035163895e-06,3.66679035163895e-06,3.66679035163895e-06,0.0
1736449620.0,3.66679035163895e-06,3.66679035163895e-06,3.66679035163895e-06,3.66679035163895e-06,0.0
1736449680.0,3.66679035163895e-06,3.66679035163895e-06,3.66679035163895e-06,3.66679035163895e-06,0.0
1736449740.0,3.66679035163895e-06,3.66679035163895e-06,3.66679035163895e-06,3.66679035163895e-06,0.0
1736449800.0,3.66679035163895e-06,3.66679035163895e-06,3.66679035163895e-06,3.66679035163895e-06,0.0
1736449860.0,3.66679035163895e-06,3.66679035163895e-06,3.66679035163895e-06,3.66679035163895e-06,0.0
1736449920.0,3.66679035163895e-06,3.66679035163895e-06,3.66679035163895e-06,3.66679035163895e-06,0.0
1736449980.0,3.66679035163895e-06,3.66679035163895e-06,3.66679035163895e-06,3.66679035163895e-06,0.0
1736450040.0,3.66679035163895e-06,3.66679035163895e-06,3.66679035163895e-06,3.66679035163895e-06,0.0
1736450100.0,3.66679035163895e-06,3.66679035163895e-06,3.66679035163895e-06,3.66679035163895e-06,0.0
1736450160.0,3.66679035163895e-06,3.66679035163895e-06,3.66679035163895e-06,3.66679035163895e-06,0.0
1736450220.0,3.66679035163895e-06,3.66679035163895e-06,3.66679035163895e-06,3.66679035163895e-06,0.0
1736450280.0,3.66679035163895e-06,3.66679035163895e-06,3.66679035163895e-06,3.66679035163895e-06,0.0
1736450340.0,3.66679035163895e-06,3.66679035163895e-06,3.66679035163895e-06,3.66679035163895e-06,0.0
1736450400.0,3.66679035163895e-06,3.66679035163895e-06,3.66679035163895e-06,3.66679035163895e-06,0.0
1736450460.0,3.66679035163895e-06,3.66679035163895e-06,3.66679035163895e-06,3.66679035163895e-06,0.0
1736450520.0,3.66679035163895e-06,3.66679035163895e-06,3.66679035163895e-06,3.66679035163895e-06,0.0
1736450580.0,3.66679035163895e-06,3.66679035163895e-06,3.66679035163895e-06,3.66679035163895e-06,0.0
1736450640.0,3.66679035163895e-06,3.66679035163895e-06,3.66679035163895e-06,3.66679035163895e-06,0.0
1736450700.0,3.66679035163895e-06,3.66679035163895e-06,3.66679035163895e-06,3.66679035163895e-06,0.0
1736450760.0,3.66679035163895e-06,3.66679035163895e-06,3.66679035163895e-06,3.66679035163895e-06,0.0
1736450820.0,3.66679035163895e-06,3.66679035163895e-06,3.66679035163895e-06,3.66679035163895e-06,0.0
1736450880.0,3.66679035163895e-06,3.66679035163895e-06,3.66679035163895e-06,3.66679035163895e-06,0.0
1736450940.0,3.66679035163895e-06,3.66679035163895e-06,3.66679035163895e-06,3.66679035163895e-06,0.0
1736451000.0,3.66679035163895e-06,3.66679035163895e-06,3.60061119993771e-06,3.60061119993771e-06,7.92078985725
1736451060.0,3.60061119993771e-06,3.60061119993771e-06,3.60061119993771e-06,3.60061119993771e-06,0.0
1736451120.0,3.60061119993771e-06,3.60061119993771e-06,3.60061119993771e-06,3.60061119993771e-06,0.0
1736451180.0,3.60061119993771e-06,3.60061119993771e-06,3.60061119993771e-06,3.60061119993771e-06,0.0
1736451240.0,3.60061119993771e-06,3.60061119993771e-06,3.60061119993771e-06,3.60061119993771e-06,0.0
1736451300.0,3.60061119993771e-06,3.60061119993771e-06,3.60061119993771e-06,3.60061119993771e-06,0.0
1736451360.0,3.60061119993771e-06,3.60061119993771e-06,3.60061119993771e-06,3.60061119993771e-06,0.0
1736451420.0,3.60061119993771e-06,3.60061119993771e-06,3.60061119993771e-06,3.60061119993771e-06,0.0
1736451480.0,3.60061119993771e-06,3.60061119993771e-06,3.60061119993771e-06,3.60061119993771e-06,0.0
1736451540.0,3.60061119993771e-06,3.60061119993771e-06,3.60061119993771e-06,3.60061119993771e-06,0.0
1736451600.0,3.60061119993771e-06,3.60061119993771e-06,3.60061119993771e-06,3.60061119993771e-06,0.0
1736451660.0,3.60061119993771e-06,3.60061119993771e-06,3.60061119993771e-06,3.60061119993771e-06,0.0
1736451720.0,3.60061119993771e-06,3.60061119993771e-06,3.60061119993771e-06,3.60061119993771e-06,0.0
1736451780.0,3.60061119993771e-06,3.60061119993771e-06,3.60061119993771e-06,3.60061119993771e-06,0.0
1736451840.0,3.60061119993771e-06,3.60061119993771e-06,3.60061119993771e-06,3.60061119993771e-06,0.0
1736451900.0,3.60061119993771e-06,3.60061119993771e-06,3.60061119993771e-06,3.60061119993771e-06,0.0
1736451960.0,3.60061119993771e-06,3.60061119993771e-06,3.60061119993771e-06,3.60061119993771e-06,0.0
1736452020.0,3.60061119993771e-06,3.60061119993771e-06,3.60061119993771e-06,3.60061119993771e-06,0.0
1736452080.0,3.60061119993771e-06,3.60061119993771e-06,3.60061119993771e-06,3.60061119993771e-06,0.0
1736452140.0,3.60061119993771e-06,3.60061119993771e-06,3.60061119993771e-06,3.60061119993771e-06,0.0
1736452200.0,3.60061119993771e-06,3.60061119993771e-06,3.60061119993771e-06,3.60061119993771e-06,0.0
1736452260.0,3.60061119993771e-06,3.60061119993771e-06,3.60061119993771e-06,3.60061119993771e-06,0.0
1736452320.0,3.60061119993771e-06,3.60061119993771e-06,3.60061119993771e-06,3.60061119993771e-06,0.0
1736452380.0,3.60061119993771e-06,3.60061119993771e-06,3.60061119993771e-06,3.60061119993771e-06,0.0
1736452440.0,3.60061119993771e-06,3.60061119993771e-06,3.60061119993771e-06,3.60061119993771e-06,0.0
1736452500.0,3.60061119993771e-06,3.60061119993771e-06,3.60061119993771e-06,3.60061119993771e-06,0.0
1736452560.0,3.60061119993771e-06,3.60061119993771e-06,3.60061119993771e-06,3.60061119993771e-06,0.0
1736452620.0,3.60061119993771e-06,3.60061119993771e-06,3.60061119993771e-06,3.60061119993771e-06,0.0
1736452680.0,3.60061119993771e-06,3.60061119993771e-06,3.60061119993771e-06,3.60061119993771e-06,0.0
1736452740.0,3.60061119993771e-06,3.60061119993771e-06,3.5722734762093e-06,3.5722734762093e-06,0.00730765672
1736452800.0,3.5722734762093e-06,3.5722734762093e-06,3.5722734762093e-06,3.5722734762093e-06,0.0
1736452860.0,3.5722734762093e-06,3.5722734762093e-06,3.5722734762093e-06,3.5722734762093e-06,0.0
1736452920.0,3.5722734762093e-06,3.5722734762093e-06,3.5722734762093e-06,3.5722734762093e-06,0.0
1736452980.0,3.5722734762093e-06,3.5722734762093e-06,3.5722734762093e-06,3.5722734762093e-06,0.0
1736453040.0,3.5722734762093e-06,3.5722734762093e-06,3.5722734762093e-06,3.5722734762093e-06,0.0
1736453100.0,3.5722734762093e-06,3.5722734762093e-06,3.5722734762093e-06,3.5722734762093e-06,0.0
1736453160.0,3.5722734762093e-06,3.5722734762093e-06,3.5722734762093e-06,3.5722734762093e-06,0.0
1736453220.0,3.5722734762093e-06,3.5722734762093e-06,3.5722734762093e-06,3.5722734762093e-06,0.0
1736453280.0,3.5722734762093e-06,3.5722734762093e-06,3.5722734762093e-06,3.5722734762093e-06,0.0
1736453340.0,3.5722734762093e-06,3.5722734762093e-06,3.5722734762093e-06,3.5722734762093e-06,0.0
1736453400.0,3.5722734762093e-06,3.5722734762093e-06,3.5722734762093e-06,3.5722734762093e-06,0.0
1736453460.0,3.5722734762093e-06,3.5722734762093e-06,3.5722734762093e-06,3.5722734762093e-06,0.0
1736453520.0,3.5722734762093e-06,3.5722734762093e-06,3.5722734762093e-06,3.5722734762093e-06,0.0
1736453580.0,3.5722734762093e-06,3.5722734762093e-06,3.5722734762093e-06,3.5722734762093e-06,0.0
1736453640.0,3.5722734762093e-06,3.5722734762093e-06,3.5722734762093e-06,3.5722734762093e-06,0.0
1736453700.0,3.5722734762093e-06,3.5722734762093e-06,3.5722734762093e-06,3.5722734762093e-06,0.0
1736453760.0,3.5722734762093e-06,3.5722734762093e-06,3.5722734762093e-06,3.5722734762093e-06,0.0
1736453820.0,3.5722734762093e-06,3.5722734762093e-06,3.5722734762093e-06,3.5722734762093e-06,0.0
1736453880.0,3.5722734762093e-06,3.5722734762093e-06,3.5722734762093e-06,3.5722734762093e-06,0.0
1736453940.0,3.5722734762093e-06,3.5722734762093e-06,3.5722734762093e-06,3.5722734762093e-06,0.0
1736454000.0,3.5722734762093e-06,3.5722734762093e-06,3.5722734762093e-06,3.5722734762093e-06,0.0
1736454060.0,3.5722734762093e-06,3.5722734762093e-06,3.5722734762093e-06,3.5722734762093e-06,0.0
1736454120.0,3.5722734762093e-06,3.5722734762093e-06,3.5722734762093e-06,3.5722734762093e-06,0.0
1736454180.0,3.5722734762093e-06,3.5722734762093e-06,3.5722734762093e-06,3.5722734762093e-06,0.0
1736454240.0,3.5722734762093e-06,3.5722734762093e-06,3.5722734762093e-06,3.5722734762093e-06,0.0
1736454300.0,3.5722734762093e-06,3.5722734762093e-06,3.5722734762093e-06,3.5722734762093e-06,0.0
1736454360.0,3.5722734762093e-06,3.5722734762093e-06,3.5722734762093e-06,3.5722734762093e-06,0.0
1736454420.0,3.5722734762093e-06,3.5722734762093e-06,3.5722734762093e-06,3.5722734762093e-06,0.0
1736454480.0,3.5722734762093e-06,3.5722734762093e-06,3.5722734762093e-06,3.5722734762093e-06,0.0
1736454540.0,3.5722734762093e-06,3.5722734762093e-06,3.5722734762093e-06,3.5722734762093e-06,0.0
1736454600.0,3.5722734762093e-06,3.5722734762093e-06,3.5722734762093e-06,3.5722734762093e-06,0.0
1736454660.0,3.5722734762093e-06,3.5722734762093e-06,3.5722734762093e-06,3.5722734762093e-06,0.0
1736454720.0,3.5722734762093e-06,3.5722734762093e-06,3.5722734762093e-06,3.5722734762093e-06,0.0
1736454780.0,3.5722734762093e-06,3.5722734762093e-06,3.5722734762093e-06,3.5722734762093e-06,0.0
1736454840.0,3.5722734762093e-06,3.5722734762093e-06,3.5722734762093e-06,3.5722734762093e-06,0.0
1736454900.0,3.5722734762093e-06,3.5722734762093e-06,3.5722734762093e-06,3.5722734762093e-06,0.0
1736454960.0,3.5722734762093e-06,3.5722734762093e-06,3.5722734762093e-06,3.5722734762093e-06,0.0
1736455020.0,3.5722734762093e-06,3.5722734762093e-06,3.5722734762093e-06,3.5722734762093e-06,0.0
1736455080.0,3.5722734762093e-06,3.5722734762093e-06,3.5722734762093e-06,3.5722734762093e-06,0.0
1736455140.0,3.5722734762093e-06,3.5722734762093e-06,3.5722734762093e-06,3.5722734762093e-06,0.0
1736455200.0,3.5722734762093e-06,3.5722734762093e-06,3.5722734762093e-06,3.5722734762093e-06,0.0
1736455260.0,3.5722734762093e-06,3.5722734762093e-06,3.5722734762093e-06,3.5722734762093e-06,0.0
1736455320.0,3.5722734762093e-06,3.5722734762093e-06,3.5722734762093e-06,3.5722734762093e-06,0.0
1736455380.0,3.5722734762093e-06,3.5722734762093e-06,3.5722734762093e-06,3.5722734762093e-06,0.0
1736455440.0,3.5722734762093e-06,3.5722734762093e-06,3.5722734762093e-06,3.5722734762093e-06,0.0
1736455500.0,3.5722734762093e-06,3.5722734762093e-06,3.5722734762093e-06,3.5722734762093e-06,0.0
1736455560.0,3.5722734762093e-06,3.5722734762093e-06,3.5722734762093e-06,3.5722734762093e-06,0.0
1736455620.0,3.5722734762093e-06,3.5722734762093e-06,3.5722734762093e-06,3.5722734762093e-06,0.0
1736455680.0,3.5722734762093e-06,3.5722734762093e-06,3.5722734762093e-06,3.5722734762093e-06,0.0
1736455740.0,3.5722734762093e-06,3.5722734762093e-06,3.5722734762093e-06,3.5722734762093e-06,0.0
1736455800.0,3.5722734762093e-06,3.5722734762093e-06,3.5722734762093e-06,3.5722734762093e-06,0.0
1736455860.0,3.5722734762093e-06,3.5722734762093e-06,3.5722734762093e-06,3.5722734762093e-06,0.0
1736455920.0,3.5722734762093e-06,3.5722734762093e-06,3.5722734762093e-06,3.5722734762093e-06,0.0
1736455980.0,3.5722734762093e-06,3.5722734762093e-06,3.5722734762093e-06,3.5722734762093e-06,0.0
1736456040.0,3.5722734762093e-06,3.5722734762093e-06,3.5722734762093e-06,3.5722734762093e-06,0.0
1736456100.0,3.5722734762093e-06,3.5722734762093e-06,3.5722734762093e-06,3.5722734762093e-06,0.0
1736456160.0,3.5722734762093e-06,3.5722734762093e-06,3.5722734762093e-06,3.5722734762093e-06,0.0
1736456220.0,3.5722734762093e-06,3.5722734762093e-06,3.5722734762093e-06,3.5722734762093e-06,0.0
1736456280.0,3.5722734762093e-06,3.5722734762093e-06,3.5722734762093e-06,3.5722734762093e-06,0.0
1736456340.0,3.5722734762093e-06,3.5722734762093e-06,3.5722734762093e-06,3.5722734762093e-06,0.0
1736456400.0,3.5722734762093e-06,3.5722734762093e-06,3.5722734762093e-06,3.5722734762093e-06,0.0
1736456460.0,3.5722734762093e-06,3.5722734762093e-06,3.5722734762093e-06,3.5722734762093e-06,0.0
1736456520.0,3.5722734762093e-06,3.5722734762093e-06,3.5722734762093e-06,3.5722734762093e-06,0.0
1736456580.0,3.5722734762093e-06,3.5722734762093e-06,3.5722734762093e-06,3.5722734762093e-06,0.0
1736456640.0,3.5722734762093e-06,3.5722734762093e-06,3.5722734762093e-06,3.5722734762093e-06,0.0
1736456700.0,3.5722734762093e-06,3.5722734762093e-06,3.5722734762093e-06,3.5722734762093e-06,0.0
1736456760.0,3.5722734762093e-06,3.5722734762093e-06,3.5722734762093e-06,3.5722734762093e-06,0.0
1736456820.0,3.5722734762093e-06,3.5722734762093e-06,3.5722734762093e-06,3.5722734762093e-06,0.0
1736456880.0,3.5722734762093e-06,3.5722734762093e-06,3.5722734762093e-06,3.5722734762093e-06,0.0
1736456940.0,3.5722734762093e-06,3.5722734762093e-06,3.5722734762093e-06,3.5722734762093e-06,0.0
1736457000.0,3.5722734762093e-06,3.5722734762093e-06,3.5722734762093e-06,3.5722734762093e-06,0.0
1736457060.0,3.5722734762093e-06,3.5722734762093e-06,3.5722734762093e-06,3.5722734762093e-06,0.0
1736457120.0,3.5722734762093e-06,3.5722734762093e-06,3.5722734762093e-06,3.5722734762093e-06,0.0
1736457180.0,3.5722734762093e-06,3.5722734762093e-06,3.5722734762093e-06,3.5722734762093e-06,0.0
1736457240.0,3.5722734762093e-06,3.5722734762093e-06,3.5722734762093e-06,3.5722734762093e-06,0.0
1736457300.0,3.5722734762093e-06,3.5722734762093e-06,3.5722734762093e-06,3.5722734762093e-06,0.0
1736457360.0,3.5722734762093e-06,3.5722734762093e-06,3.5722734762093e-06,3.5722734762093e-06,0.0
1736457420.0,3.5722734762093e-06,3.5722734762093e-06,3.5722734762093e-06,3.5722734762093e-06,0.0
1736457480.0,3.5722734762093e-06,3.5722734762093e-06,3.5722734762093e-06,3.5722734762093e-06,0.0
1736457540.0,3.5722734762093e-06,3.5722734762093e-06,3.5722734762093e-06,3.5722734762093e-06,0.0
1736457600.0,3.5722734762093e-06,3.5722734762093e-06,3.5722734762093e-06,3.5722734762093e-06,0.0
1736457660.0,3.5722734762093e-06,3.5722734762093e-06,3.5722734762093e-06,3.5722734762093e-06,0.0
1736457720.0,3.5722734762093e-06,3.5722734762093e-06,3.5722734762093e-06,3.5722734762093e-06,0.0
1736457780.0,3.5722734762093e-06,3.5722734762093e-06,3.5722734762093e-06,3.5722734762093e-06,0.0
1736457840.0,3.5722734762093e-06,3.5722734762093e-06,3.5722734762093e-06,3.5722734762093e-06,0.0
1736457900.0,3.5722734762093e-06,3.5722734762093e-06,3.5722734762093e-06,3.5722734762093e-06,0.0
1736457960.0,3.5722734762093e-06,3.5722734762093e-06,3.5722734762093e-06,3.5722734762093e-06,0.0
1736458020.0,3.5722734762093e-06,3.5722734762093e-06,3.5722734762093e-06,3.5722734762093e-06,0.0
1736458080.0,3.5722734762093e-06,3.5722734762093e-06,3.5722734762093e-06,3.5722734762093e-06,0.0
1736458140.0,3.5722734762093e-06,3.5722734762093e-06,3.5722734762093e-06,3.5722734762093e-06,0.0
1736458200.0,3.5722734762093e-06,3.5722734762093e-06,3.5722734762093e-06,3.5722734762093e-06,0.0
1736458260.0,3.5722734762093e-06,3.5722734762093e-06,3.5722734762093e-06,3.5722734762093e-06,0.0
1736458320.0,3.5722734762093e-06,3.5722734762093e-06,3.5722734762093e-06,3.5722734762093e-06,0.0
1736458380.0,3.5722734762093e-06,3.5722734762093e-06,3.5722734762093e-06,3.5722734762093e-06,0.0
1736458440.0,3.5722734762093e-06,3.5722734762093e-06,3.5722734762093e-06,3.5722734762093e-06,0.0
1736458500.0,3.5722734762093e-06,3.5722734762093e-06,3.5722734762093e-06,3.5722734762093e-06,0.0
1736458560.0,3.5722734762093e-06,3.5722734762093e-06,3.5722734762093e-06,3.5722734762093e-06,0.0
1736458620.0,3.5722734762093e-06,3.5722734762093e-06,3.5722734762093e-06,3.5722734762093e-06,0.0
1736458680.0,3.5722734762093e-06,3.5722734762093e-06,3.5722734762093e-06,3.5722734762093e-06,0.0
1736458740.0,3.5722734762093e-06,3.5722734762093e-06,3.5722734762093e-06,3.5722734762093e-06,0.0
1736458800.0,3.5722734762093e-06,3.5722734762093e-06,3.5722734762093e-06,3.5722734762093e-06,0.0
1736458860.0,3.5722734762093e-06,3.5722734762093e-06,3.5722734762093e-06,3.5722734762093e-06,0.0
1736458920.0,3.5722734762093e-06,3.5722734762093e-06,3.5722734762093e-06,3.5722734762093e-06,0.0
1736458980.0,3.5722734762093e-06,3.5722734762093e-06,3.5722734762093e-06,3.5722734762093e-06,0.0
1736459040.0,3.5722734762093e-06,3.5722734762093e-06,3.5722734762093e-06,3.5722734762093e-06,0.0
1736459100.0,3.5722734762093e-06,3.5722734762093e-06,3.5722734762093e-06,3.5722734762093e-06,0.0
1736459160.0,3.5722734762093e-06,3.5722734762093e-06,3.5722734762093e-06,3.5722734762093e-06,0.0
1736459220.0,3.5722734762093e-06,3.5722734762093e-06,3.5722734762093e-06,3.5722734762093e-06,0.0
1736459280.0,3.5722734762093e-06,3.5722734762093e-06,3.5722734762093e-06,3.5722734762093e-06,0.0
1736459340.0,3.5722734762093e-06,3.5722734762093e-06,3.5722734762093e-06,3.5722734762093e-06,0.0
1736459400.0,3.5722734762093e-06,3.5722734762093e-06,3.5722734762093e-06,3.5722734762093e-06,0.0
1736459460.0,3.5722734762093e-06,3.5722734762093e-06,3.5722734762093e-06,3.5722734762093e-06,0.0
1736459520.0,3.5722734762093e-06,3.5722734762093e-06,3.5722734762093e-06,3.5722734762093e-06,0.0
1736459580.0,3.5722734762093e-06,3.5722734762093e-06,3.5722734762093e-06,3.5722734762093e-06,0.0
1736459640.0,3.5722734762093e-06,3.5722734762093e-06,3.5722734762093e-06,3.5722734762093e-06,0.0
1736459700.0,3.5722734762093e-06,3.5722734762093e-06,3.5722734762093e-06,3.5722734762093e-06,0.0
1736459760.0,3.5722734762093e-06,3.5722734762093e-06,3.5722734762093e-06,3.5722734762093e-06,0.0
1736459820.0,3.5722734762093e-06,3.5722734762093e-06,3.5722734762093e-06,3.5722734762093e-06,0.0
1736459880.0,3.5722734762093e-06,3.5722734762093e-06,3.5722734762093e-06,3.5722734762093e-06,0.0
1736459940.0,3.5722734762093e-06,3.5722734762093e-06,3.5722734762093e-06,3.5722734762093e-06,0.0
1736460000.0,3.5722734762093e-06,3.5722734762093e-06,3.5722734762093e-06,3.5722734762093e-06,0.0
1736460060.0,3.5722734762093e-06,3.5722734762093e-06,3.5722734762093e-06,3.5722734762093e-06,0.0
1736460120.0,3.5722734762093e-06,3.5722734762093e-06,3.5722734762093e-06,3.5722734762093e-06,0.0
1736460180.0,3.5722734762093e-06,3.5722734762093e-06,3.5722734762093e-06,3.5722734762093e-06,0.0
1736460240.0,3.5722734762093e-06,3.5722734762093e-06,3.5722734762093e-06,3.5722734762093e-06,0.0
1736460300.0,3.5722734762093e-06,3.5722734762093e-06,3.5722734762093e-06,3.5722734762093e-06,0.0
1736460360.0,3.5722734762093e-06,3.5722734762093e-06,3.5722734762093e-06,3.5722734762093e-06,0.0
1736460420.0,3.5722734762093e-06,3.5722734762093e-06,3.5722734762093e-06,3.5722734762093e-06,0.0
1736460480.0,3.5722734762093e-06,3.5722734762093e-06,3.5722734762093e-06,3.5722734762093e-06,0.0
1736460540.0,3.5722734762093e-06,3.5722734762093e-06,3.5722734762093e-06,3.5722734762093e-06,0.0
1736460600.0,3.5722734762093e-06,3.5722734762093e-06,3.5722734762093e-06,3.5722734762093e-06,0.0
1736460660.0,3.5722734762093e-06,3.5722734762093e-06,3.5722734762093e-06,3.5722734762093e-06,0.0
1736460720.0,3.5722734762093e-06,3.5722734762093e-06,3.5722734762093e-06,3.5722734762093e-06,0.0
1736460780.0,3.5722734762093e-06,3.5722734762093e-06,3.5722734762093e-06,3.5722734762093e-06,0.0
1736460840.0,3.5722734762093e-06,3.5722734762093e-06,3.5722734762093e-06,3.5722734762093e-06,0.0
1736460900.0,3.5722734762093e-06,3.5722734762093e-06,3.5722734762093e-06,3.5722734762093e-06,0.0
1736460960.0,3.5722734762093e-06,3.5722734762093e-06,3.5722734762093e-06,3.5722734762093e-06,0.0
1736461020.0,3.5722734762093e-06,3.5722734762093e-06,3.5722734762093e-06,3.5722734762093e-06,0.0
1736461080.0,3.5722734762093e-06,3.5722734762093e-06,3.5722734762093e-06,3.5722734762093e-06,0.0
1736461140.0,3.5722734762093e-06,3.5722734762093e-06,3.5722734762093e-06,3.5722734762093e-06,0.0
1736461200.0,3.5722734762093e-06,3.5722734762093e-06,3.5722734762093e-06,3.5722734762093e-06,0.0
1736461260.0,3.5722734762093e-06,3.5722734762093e-06,3.5722734762093e-06,3.5722734762093e-06,0.0
1736461320.0,3.5722734762093e-06,3.5722734762093e-06,3.5722734762093e-06,3.5722734762093e-06,0.0
1736461380.0,3.5722734762093e-06,3.5722734762093e-06,3.5722734762093e-06,3.5722734762093e-06,0.0
1736461440.0,3.5722734762093e-06,3.5722734762093e-06,3.5722734762093e-06,3.5722734762093e-06,0.0
1736461500.0,3.5722734762093e-06,3.5722734762093e-06,3.5722734762093e-06,3.5722734762093e-06,0.0
1736461560.0,3.5722734762093e-06,3.5722734762093e-06,3.5722734762093e-06,3.5722734762093e-06,0.0
1736461620.0,3.5722734762093e-06,3.5722734762093e-06,3.5722734762093e-06,3.5722734762093e-06,0.0
1736461680.0,3.5722734762093e-06,3.5722734762093e-06,3.5722734762093e-06,3.5722734762093e-06,0.0
1736461740.0,3.5722734762093e-06,3.5722734762093e-06,3.5722734762093e-06,3.5722734762093e-06,0.0
1736461800.0,3.5722734762093e-06,3.5722734762093e-06,3.5722734762093e-06,3.5722734762093e-06,0.0
1736461860.0,3.5722734762093e-06,3.5722734762093e-06,3.5722734762093e-06,3.5722734762093e-06,0.0
1736461920.0,3.5722734762093e-06,3.5722734762093e-06,3.5722734762093e-06,3.5722734762093e-06,0.0
1736461980.0,3.5722734762093e-06,3.5722734762093e-06,3.5722734762093e-06,3.5722734762093e-06,0.0
1736462040.0,3.5722734762093e-06,3.5722734762093e-06,3.5722734762093e-06,3.5722734762093e-06,0.0
1736462100.0,3.5722734762093e-06,3.5722734762093e-06,3.5722734762093e-06,3.5722734762093e-06,0.0
1736462160.0,3.5722734762093e-06,3.5722734762093e-06,3.5722734762093e-06,3.5722734762093e-06,0.0
1736462220.0,3.5722734762093e-06,3.5722734762093e-06,3.5722734762093e-06,3.5722734762093e-06,0.0
1736462280.0,3.5722734762093e-06,3.5722734762093e-06,3.5722734762093e-06,3.5722734762093e-06,0.0
1736462340.0,3.5722734762093e-06,3.5722734762093e-06,3.5722734762093e-06,3.5722734762093e-06,0.0
1736462400.0,3.5722734762093e-06,3.5722734762093e-06,3.5722734762093e-06,3.5722734762093e-06,0.0
1736462460.0,3.5722734762093e-06,3.5722734762093e-06,3.5722734762093e-06,3.5722734762093e-06,0.0
1736462520.0,3.5722734762093e-06,3.5722734762093e-06,3.5722734762093e-06,3.5722734762093e-06,0.0
1736462580.0,3.5722734762093e-06,3.5722734762093e-06,3.5722734762093e-06,3.5722734762093e-06,0.0
1736462640.0,3.5722734762093e-06,3.57927386983492e-06,3.5722734762093e-06,3.57927386983492e-06,1.37345190276
1736462700.0,3.57927386983492e-06,3.57927386983492e-06,3.57927386983492e-06,3.57927386983492e-06,0.0
1736462760.0,3.57927386983492e-06,3.57927386983492e-06,3.57927386983492e-06,3.57927386983492e-06,0.0
1736462820.0,3.57927386983492e-06,3.57927386983492e-06,3.57927386983492e-06,3.57927386983492e-06,0.0
1736462880.0,3.57927386983492e-06,3.57927386983492e-06,3.57927386983492e-06,3.57927386983492e-06,0.0
1736462940.0,3.57927386983492e-06,3.57927386983492e-06,3.57927386983492e-06,3.57927386983492e-06,0.0
1736463000.0,3.57927386983492e-06,3.57927386983492e-06,3.57927386983492e-06,3.57927386983492e-06,0.0
1736463060.0,3.57927386983492e-06,3.57927386983492e-06,3.57927386983492e-06,3.57927386983492e-06,0.0
1736463120.0,3.57927386983492e-06,3.57927386983492e-06,3.57927386983492e-06,3.57927386983492e-06,0.0
1736463180.0,3.57927386983492e-06,3.57927386983492e-06,3.57927386983492e-06,3.57927386983492e-06,0.0
1736463240.0,3.57927386983492e-06,3.57927386983492e-06,3.57927386983492e-06,3.57927386983492e-06,0.0
1736463300.0,3.57927386983492e-06,3.57927386983492e-06,3.57927386983492e-06,3.57927386983492e-06,0.0
1736463360.0,3.57927386983492e-06,3.57927386983492e-06,3.57927386983492e-06,3.57927386983492e-06,0.0
1736463420.0,3.57927386983492e-06,3.57927386983492e-06,3.57927386983492e-06,3.57927386983492e-06,0.0
1736463480.0,3.57927386983492e-06,3.57927386983492e-06,3.57927386983492e-06,3.57927386983492e-06,0.0
1736463540.0,3.57927386983492e-06,3.57927386983492e-06,3.57927386983492e-06,3.57927386983492e-06,0.0
1736463600.0,3.57927386983492e-06,3.57927386983492e-06,3.57927386983492e-06,3.57927386983492e-06,0.0
1736463660.0,3.57927386983492e-06,3.57927386983492e-06,3.57927386983492e-06,3.57927386983492e-06,0.0
1736463720.0,3.57927386983492e-06,3.57927386983492e-06,3.57927386983492e-06,3.57927386983492e-06,0.0
1736463780.0,3.57927386983492e-06,3.57927386983492e-06,3.57927386983492e-06,3.57927386983492e-06,0.0
1736463840.0,3.57927386983492e-06,3.57927386983492e-06,3.57927386983492e-06,3.57927386983492e-06,0.0
1736463900.0,3.57927386983492e-06,3.57927386983492e-06,3.57927386983492e-06,3.57927386983492e-06,0.0
1736463960.0,3.57927386983492e-06,3.57927386983492e-06,3.57927386983492e-06,3.57927386983492e-06,0.0
1736464020.0,3.57927386983492e-06,3.57927386983492e-06,3.57927386983492e-06,3.57927386983492e-06,0.0
1736464080.0,3.57927386983492e-06,3.57927386983492e-06,3.57927386983492e-06,3.57927386983492e-06,0.0
1736464140.0,3.57927386983492e-06,3.57927386983492e-06,3.57927386983492e-06,3.57927386983492e-06,0.0
1736464200.0,3.57927386983492e-06,3.57927386983492e-06,3.57927386983492e-06,3.57927386983492e-06,0.0
1736464260.0,3.57927386983492e-06,3.57927386983492e-06,3.57927386983492e-06,3.57927386983492e-06,0.0
1736464320.0,3.57927386983492e-06,3.57927386983492e-06,3.57927386983492e-06,3.57927386983492e-06,0.0
1736464380.0,3.57927386983492e-06,3.57927386983492e-06,3.57927386983492e-06,3.57927386983492e-06,0.0
1736464440.0,3.57927386983492e-06,3.57927386983492e-06,3.57927386983492e-06,3.57927386983492e-06,0.0
1736464500.0,3.57927386983492e-06,3.57927386983492e-06,3.57927386983492e-06,3.57927386983492e-06,0.0
1736464560.0,3.57927386983492e-06,3.57927386983492e-06,3.57927386983492e-06,3.57927386983492e-06,0.0
1736464620.0,3.57927386983492e-06,3.57927386983492e-06,3.57927386983492e-06,3.57927386983492e-06,0.0
1736464680.0,3.57927386983492e-06,3.57927386983492e-06,3.57927386983492e-06,3.57927386983492e-06,0.0
1736464740.0,3.57927386983492e-06,3.57927386983492e-06,3.57927386983492e-06,3.57927386983492e-06,0.0
1736464800.0,3.57927386983492e-06,3.57927386983492e-06,3.57927386983492e-06,3.57927386983492e-06,0.0
1736464860.0,3.57927386983492e-06,3.57927386983492e-06,3.57927386983492e-06,3.57927386983492e-06,0.0
1736464920.0,3.57927386983492e-06,3.57927386983492e-06,3.57927386983492e-06,3.57927386983492e-06,0.0
1736464980.0,3.57927386983492e-06,3.57927386983492e-06,3.57927386983492e-06,3.57927386983492e-06,0.0
1736465040.0,3.57927386983492e-06,3.57927386983492e-06,3.57927386983492e-06,3.57927386983492e-06,0.0
1736465100.0,3.57927386983492e-06,3.57927386983492e-06,3.57927386983492e-06,3.57927386983492e-06,0.0
1736465160.0,3.57927386983492e-06,3.57927386983492e-06,3.57927386983492e-06,3.57927386983492e-06,0.0
1736465220.0,3.57927386983492e-06,3.57927386983492e-06,3.57927386983492e-06,3.57927386983492e-06,0.0
1736465280.0,3.57927386983492e-06,3.57927386983492e-06,3.57927386983492e-06,3.57927386983492e-06,0.0
1736465340.0,3.57927386983492e-06,3.57927386983492e-06,3.57927386983492e-06,3.57927386983492e-06,0.0
1736465400.0,3.57927386983492e-06,3.57927386983492e-06,3.57927386983492e-06,3.57927386983492e-06,0.0
1736465460.0,3.57927386983492e-06,3.57927386983492e-06,3.57927386983492e-06,3.57927386983492e-06,0.0
1736465520.0,3.57927386983492e-06,3.57927386983492e-06,3.57927386983492e-06,3.57927386983492e-06,0.0
1736465580.0,3.57927386983492e-06,3.57927386983492e-06,3.57927386983492e-06,3.57927386983492e-06,0.0
1736465640.0,3.57927386983492e-06,3.57927386983492e-06,3.45145977453296e-06,3.45145977453296e-06,88.18191230585
1736465700.0,3.45145977453296e-06,3.45145977453296e-06,3.45145977453296e-06,3.45145977453296e-06,0.0
1736465760.0,3.45145977453296e-06,3.45145977453296e-06,3.45145977453296e-06,3.45145977453296e-06,0.0
1736465820.0,3.45145977453296e-06,3.45145977453296e-06,3.45145977453296e-06,3.45145977453296e-06,0.0
1736465880.0,3.45145977453296e-06,3.45145977453296e-06,3.45145977453296e-06,3.45145977453296e-06,0.0
1736465940.0,3.45145977453296e-06,3.45145977453296e-06,3.45145977453296e-06,3.45145977453296e-06,0.0
1736466000.0,3.45145977453296e-06,3.45145977453296e-06,3.45145977453296e-06,3.45145977453296e-06,0.0
1736466060.0,3.45145977453296e-06,3.45145977453296e-06,3.45145977453296e-06,3.45145977453296e-06,0.0
1736466120.0,3.45145977453296e-06,3.45145977453296e-06,3.45145977453296e-06,3.45145977453296e-06,0.0
1736466180.0,3.45145977453296e-06,3.45145977453296e-06,3.45145977453296e-06,3.45145977453296e-06,0.0
1736466240.0,3.45145977453296e-06,3.45145977453296e-06,3.45145977453296e-06,3.45145977453296e-06,0.0
1736466300.0,3.45145977453296e-06,3.45145977453296e-06,3.45145977453296e-06,3.45145977453296e-06,0.0
1736466360.0,3.45145977453296e-06,3.45145977453296e-06,3.45145977453296e-06,3.45145977453296e-06,0.0
1736466420.0,3.45145977453296e-06,3.45145977453296e-06,3.45145977453296e-06,3.45145977453296e-06,0.0
