time,open,high,low,close,volume,usd_vol,price_change,vol_change,norm_open,mov_in_min
1727802780.0,5.822305716591456e-05,0.0001176207619911,1.4506846953420664e-05,9.574646372112518e-05,35386.13220530039,2.724192910847774,0.6444767482456742,0.0,1.0,1.771015127973135
1727802840.0,9.574646372112518e-05,0.0001350898624273,6.992514541872553e-05,0.0001095866494779,106628.56218717752,10.947187314914508,0.14455035955256035,3.01850664515081,1.6444767482456744,0.6805965930854191
1727802900.0,0.0001095866494779,0.0001459495961543,8.684529431080506e-05,0.0001064541233476,114739.59611405642,12.394215509083244,-0.028584924762497844,0.13218264678793762,1.8821864534804118,0.539338524583821
1727802960.0,0.0001064541233476,0.0001425870300073,8.447751889969628e-05,8.52371986471882e-05,99158.47616247062,9.503909691286344,-0.19930580454016897,-0.2331979636531821,1.8283842953186815,0.5458643524578308
1727803020.0,8.52371986471882e-05,0.0001271450536871,4.049425391061932e-05,6.62962924177531e-05,62165.18791586329,4.7100539737994325,-0.22221408645578383,-0.5044088036613139,1.4639766923315818,1.0165843217718078
1727803080.0,6.62962924177531e-05,7.817549196600269e-05,4.030798176150321e-05,4.978224605138473e-05,61184.5990806356,3.5511094190501673,-0.24909456870239957,-0.24605759534733865,1.1386604490525591,0.5711859415287477
1727803140.0,4.978224605138473e-05,5.668253265759598e-05,4.030134073250218e-05,5.28066687919951e-05,14391.662815607127,0.7382125355224778,0.06075303909527489,-0.7921177726706233,0.8550263155973313,0.3290569073196355
1727803200.0,5.28066687919951e-05,9.578509798989133e-05,4.2029552264037446e-05,9.491687547240244e-05,19593.73543723614,1.447228022083724,0.7974410740862862,0.9604489932691713,0.9069717627763049,1.0179688845285129
1727803260.0,9.491687547240244e-05,0.0001244305266342,8.883586014292531e-05,0.0001244305266342,15066.310523216283,1.6523780362994291,0.31094208500762127,0.14175376035099813,1.630228299450574,0.37500883077028835
1727803320.0,0.0001244305266342,0.0001469281689629,0.0001114205901033,0.00013415232299,24590.393923582255,3.1793270670707563,0.07813031591821559,0.9240918223477446,2.137134885920164,0.28536067330153586
1727803380.0,0.00013415232299,0.0001918983248455,0.0001303911660692,0.0001720887272876,19532.77181998007,2.990868278491702,0.28278604091282017,-0.05927631369888882,2.304109909716946,0.4584874671226146
1727803440.0,0.0001720887272876,0.0001752196953481,7.927221016600233e-05,0.000120601815266,25984.867937548515,3.80276254741236,-0.2991881736422716,0.2714577150586174,2.9556800289137968,0.557546602234714
1727803500.0,0.000120601815266,0.0001248621509289,5.014015245583831e-05,0.0001248621509289,44806.79895899109,5.499227292485734,0.03532563463910859,0.44611377227004506,2.0713755191921415,0.6195760678083861
1727803560.0,0.0001248621509289,0.0001720626677973,8.061673523023204e-05,0.0001490246024118,112289.20079748482,15.377262320822531,0.1935130165798505,1.7962587292644483,2.144548173983517,0.7323751183746613
1727803620.0,0.0001490246024118,0.0001672767538611,5.245380537046038e-05,5.739177692746177e-05,103903.0402248487,10.723644682777472,-0.6148838782413192,-0.3026297881218779,2.559546160331877,0.770496593397036
1727803680.0,5.739177692746177e-05,0.0001721658624202,5.739177692746177e-05,0.000148347315908,98290.3044058895,10.111079031494548,1.5848183110883312,-0.057122897056326866,0.9857224907293353,1.9998350223204053
1727803740.0,0.000148347315908,0.0001958041928728,0.0001110454591954,0.0001890617083591,72496.27504111652,12.230448712311219,0.2744531790271804,0.20960865543777688,2.5479135436887836,0.5713533349667379
1727803800.0,0.0001890617083591,0.0002532087732995,0.0001481447837984,0.0001597150001878,75156.4948033569,13.106417441718506,-0.15522290804417918,0.07162196171310814,3.247196515640579,0.5557126845672186
1727803860.0,0.0001597150001878,0.0001710585254045,3.5192974376725786e-05,4.431956418272841e-05,69160.0723486391,7.055522616744404,-0.722508442346583,-0.4616742028766567,2.7431572294919224,0.8506749576935007
1727803920.0,4.431956418272841e-05,0.0001062720236441,3.675173085648922e-05,9.900015216681984e-05,97337.5843999456,6.975197493175208,1.2337799117032107,-0.011384716332503233,0.7612029724999454,1.5686140888249809
1727803980.0,9.900015216681984e-05,0.0001064763237511,7.947476137733887e-06,7.947476137733887e-06,69339.1345370595,3.707827993714442,-0.919722586644695,-0.46842680836745937,1.7003599086991494,0.9952393552622064
1727804040.0,7.947476137733887e-06,8.056646158378955e-06,4.54180900027953e-06,5.638159377953959e-06,2225.885361274111,0.015120033608987617,-0.2905723426856866,-0.9959221318694882,0.13650049524343022,0.44225828391120303
1727804100.0,5.638159377953959e-06,6.845986618294624e-06,5.634838257979938e-06,6.845986618294624e-06,434.84563272991136,0.002714338182415652,0.21422367822084792,-0.8204806779793001,0.09683722656279029,0.21481272151519087
1727804160.0,6.845986618294624e-06,6.942935830923347e-06,4.3643067961032325e-06,4.3643067961032325e-06,1066.578401194498,0.0059783284134248375,-0.3625014129533301,1.2024994719354996,0.11758205342577682,0.3766628798147529
1727804220.0,4.3643067961032325e-06,4.920262178248918e-06,4.201364981757994e-06,4.912527199045603e-06,318.95582451057214,0.0014794501178852007,0.12561454282541748,-0.7525311398813468,0.07495839292097878,0.16472196618551377
1727804280.0,4.912527199045603e-06,4.9908798939638e-06,4.345234044171829e-06,4.456330515158564e-06,342.25030351142607,0.001603247198120871,-0.09286395075342632,0.08367776563675694,0.08437425717867553,0.13142845293913213
1727804340.0,4.456330515158564e-06,4.480687050533367e-06,4.326010700530288e-06,4.458470839638406e-06,122.77802566719012,0.0005472708547785818,0.00048028854066385407,-0.6586484882555695,0.07653893031517808,0.034709353239607006
1727804400.0,4.458470839638406e-06,4.458470839638406e-06,4.206797428666575e-06,4.2617447087945755e-06,163.9493829065635,0.0007148369789889038,-0.04412412639212982,0.30618499550486195,0.07657569108632313,0.056448369861322754
1727804460.0,4.2617447087945755e-06,4.290467605336847e-06,4.179951988755529e-06,4.179951988755529e-06,51.33813778235599,0.0002166904940878434,-0.01919230869701274,-0.696867257211092,0.07319685561426552,0.025932012387615982
1727804520.0,4.179951988755529e-06,4.179951988755529e-06,4.158576510911807e-06,4.158576510911807e-06,11.291610169229916,4.707770660162858e-05,-0.005113809417243114,-0.7827421696563029,0.07179203896566587,0.005113809417243114
1727804580.0,4.158576510911807e-06,4.158576510911807e-06,4.048576296541204e-06,4.048576296541204e-06,74.27038250753606,0.0003047741891536668,-0.02645141049634903,5.47385378673318,0.07142490816072015,0.02645141049634903
1727804640.0,4.048576296541204e-06,4.048576296541204e-06,3.89775870077137e-06,3.924274468661745e-06,34.83182504911046,0.00013885447149810783,-0.03070260229149019,-0.5444021297088988,0.06953561859529692,0.03725200779806999
1727804700.0,3.924274468661745e-06,3.924274468661745e-06,3.8749051506248005e-06,3.8749051506248005e-06,17.987669116423444,7.014453118563988e-05,-0.012580495689380442,-0.4948341927426101,0.06740069415247277,0.012580495689380442
1727804760.0,3.8749051506248005e-06,3.8819296554976214e-06,3.852433138515427e-06,3.852433138515427e-06,25.854128335999825,9.989179791155837e-05,-0.005799370884149366,0.42408533100308765,0.06655276001022634,0.007612190708058672
1727804820.0,3.852433138515427e-06,3.852433138515427e-06,3.813017729277709e-06,3.813017729277709e-06,5.045507706149718,1.9338045712281152e-05,-0.010231302613315875,-0.8064100745348226,0.06616679587156325,0.010231302613315875
1727804880.0,3.813017729277709e-06,3.813017729277709e-06,3.682938153169579e-06,3.682938153169579e-06,111.17687257673778,0.00041668846599184507,-0.034114600388383355,20.547599596748068,0.06548982336004779,0.034114600388383355
1727804940.0,3.682938153169579e-06,3.682938153169579e-06,3.555715360609904e-06,3.555715360609904e-06,2.550910810542478,9.232579751035689e-06,-0.034543830840652545,-0.9778429678175533,0.06325566420661394,0.034543830840652545
1727805000.0,3.555715360609904e-06,3.555715360609904e-06,3.555715360609904e-06,3.555715360609904e-06,0.0,0.0,0.0,-1.0,0.06107057124254755,0.0
1727805060.0,3.555715360609904e-06,4.799600820877349e-06,3.555715360609904e-06,4.799600820877349e-06,590.1108147482779,0.0024652812196684563,0.3498270626628798,0.0,0.06107057124254755,0.3498270626628798
1727805120.0,4.799600820877349e-06,4.799600820877349e-06,4.561670949758927e-06,4.561670949758927e-06,318.46504495635565,0.0014906189176421725,-0.04957284574239422,-0.3953554240588266,0.0824347097954721,0.04957284574239422
1727805180.0,4.561670949758927e-06,5.3159912014732875e-06,4.5559828949923e-06,5.3159912014732875e-06,590.958513127932,0.0029186442690361195,0.1653605137289054,0.9580083376727604,0.07834818664296213,0.16660743724208163
1727805240.0,5.3159912014732875e-06,5.758148051006783e-06,5.3159912014732875e-06,5.758148051006783e-06,17.551469403173417,9.718370812819285e-05,0.08317486481372562,-0.9667024484075657,0.0913038830359705,0.08317486481372562
1727805300.0,5.758148051006783e-06,5.766158086148936e-06,5.737376773217209e-06,5.737376773217209e-06,15.81209316168394,9.088415473154007e-05,-0.0036072844264472275,-0.06482108491212517,0.09889807116445556,0.004998362785530514
1727805360.0,5.737376773217209e-06,6.6682557292092485e-06,5.737376773217209e-06,6.6682557292092485e-06,319.7463616849194,0.001983327928525521,0.1622481828869073,20.82259310640026,0.09854131769253836,0.1622481828869073
1727805420.0,6.6682557292092485e-06,6.900885443347024e-06,6.6682557292092485e-06,6.864509971086419e-06,122.69463307989814,0.0008301988610770038,0.029431121097757234,-0.5814111982509094,0.11452946742743415,0.0348861416815162
1727805480.0,6.864509971086419e-06,7.026957452348929e-06,6.864509971086419e-06,7.026957452348929e-06,88.77646426141935,0.0006166176806276397,0.023664832879075864,-0.25726508486447286,0.11790019805255261,0.023664832879075864
1727805540.0,7.026957452348929e-06,7.158967913445768e-06,7.026957452348929e-06,7.145244412718436e-06,11.834128781356096,8.385783099329113e-05,0.01683331102708845,-0.8640035249914756,0.12069028653587621,0.018786290082446904
1727805600.0,7.145244412718436e-06,7.145244412718436e-06,4.435689700556548e-06,4.435689700556548e-06,994.5827020043698,0.0057590983710578076,-0.37921092067038575,67.67692978510918,0.12272190366708305,0.37921092067038575
1727805660.0,4.435689700556548e-06,4.435689700556548e-06,4.381763238202516e-06,4.401244979456797e-06,27.023560970136796,0.00011940272155722847,-0.007765358585707425,-0.9792671154642394,0.07618441759106609,0.012157401891134479
1727805720.0,4.401244979456797e-06,4.401244979456797e-06,4.1038573945550616e-06,4.1038573945550616e-06,232.57933817701604,0.0009890555406377231,-0.0675689688462739,7.283358433866846,0.0755928182698282,0.0675689688462739
1727805780.0,4.1038573945550616e-06,4.1038573945550616e-06,3.905699584710989e-06,4.004089147224894e-06,90.01324570104654,0.0003649112920980949,-0.024310846537342785,-0.6310507579151647,0.07048508948715212,0.04828574455510693
1727805840.0,4.004089147224894e-06,4.004089147224894e-06,3.999139933760112e-06,3.999139933760112e-06,2.989916586333089,1.19644936867302e-05,-0.0012360397790373346,-0.9672125967438849,0.0687715372934591,0.0012360397790373346
1727805900.0,3.999139933760112e-06,3.999139933760112e-06,3.999139933760112e-06,3.999139933760112e-06,0.0,0.0,0.0,-1.0,0.06868653293769883,0.0
1727805960.0,3.999139933760112e-06,3.999139933760112e-06,3.999139933760112e-06,3.999139933760112e-06,0.0,0.0,0.0,0.0,0.06868653293769883,0.0
1727806020.0,3.999139933760112e-06,4.002435018432202e-06,3.999139933760112e-06,4.002435018432202e-06,1.045226524272444,4.18172918799271e-06,0.0008239483305579548,0.0,0.06868653293769883,0.0008239483305579548
1727806080.0,4.002435018432202e-06,4.002435018432202e-06,4.002435018432202e-06,4.002435018432202e-06,0.0,0.0,0.0,-1.0,0.06874312709184466,0.0
1727806140.0,4.002435018432202e-06,4.002435018432202e-06,3.995044536168969e-06,3.995044536168969e-06,6.170047367336615,2.4672413835597677e-05,-0.0018464965025534596,0.0,0.06874312709184466,0.0018464965025534596
1727806200.0,3.995044536168969e-06,3.995044536168969e-06,3.98714544216875e-06,3.98714544216875e-06,0.6906401478589563,2.7564104334387207e-06,-0.0019772230143381662,-0.8882796611711443,0.06861619314809499,0.0019772230143381662
1727806260.0,3.98714544216875e-06,3.98714544216875e-06,3.98714544216875e-06,3.98714544216875e-06,0.0,0.0,0.0,-1.0,0.0684805236318463,0.0
1727806320.0,3.98714544216875e-06,3.98714544216875e-06,3.939363972377671e-06,3.939363972377671e-06,41.4780352629267,0.00016438801850423846,-0.011983879315194726,0.0,0.0684805236318463,0.011983879315194726
1727806380.0,3.939363972377671e-06,3.939363972377671e-06,3.939363972377671e-06,3.939363972377671e-06,0.0,0.0,0.0,-1.0,0.06765986130120091,0.0
1727806440.0,3.939363972377671e-06,3.939363972377671e-06,3.939363972377671e-06,3.939363972377671e-06,0.0,0.0,0.0,0.0,0.06765986130120091,0.0
1727806500.0,3.939363972377671e-06,3.939363972377671e-06,3.939363972377671e-06,3.939363972377671e-06,0.0,0.0,0.0,0.0,0.06765986130120091,0.0
1727806560.0,3.939363972377671e-06,3.939363972377671e-06,3.939363972377671e-06,3.939363972377671e-06,0.0,0.0,0.0,0.0,0.06765986130120091,0.0
1727806620.0,3.939363972377671e-06,3.939363972377671e-06,3.872340884762113e-06,3.872340884762113e-06,17.195561054737148,6.716332390626694e-05,-0.017013682433386662,0.0,0.06765986130120091,0.017013682433386662
1727806680.0,3.872340884762113e-06,3.873827220519973e-06,3.872340884762113e-06,3.873827220519973e-06,1.482451826981204,5.741660529889479e-06,0.0003838339139277519,-0.9145119658177947,0.06650871790753529,0.0003838339139277519
1727806740.0,3.873827220519973e-06,3.873827220519973e-06,3.873827220519973e-06,3.873827220519973e-06,0.0,0.0,0.0,-1.0,0.06653424620904005,0.0
1727806800.0,3.873827220519973e-06,3.873827220519973e-06,3.793272864344641e-06,3.793272864344641e-06,57.51903766285805,0.00022050210927311491,-0.02079451446585673,0.0,0.06653424620904005,0.02079451446585673
1727806860.0,3.793272864344641e-06,3.793272864344641e-06,3.793272864344641e-06,3.793272864344641e-06,0.0,0.0,0.0,-1.0,0.0651506988637713,0.0
1727806920.0,3.793272864344641e-06,3.793272864344641e-06,3.749106899808512e-06,3.749106899808512e-06,1.4831847050358238,5.593371152881831e-06,-0.011643234250631667,0.0,0.0651506988637713,0.011643234250631667
1727806980.0,3.749106899808512e-06,3.749106899808512e-06,3.7312146620398647e-06,3.7312146620398647e-06,0.7380531771747553,2.7604375475055108e-06,-0.0047724000000002875,-0.5064805334644615,0.06439213401530805,0.0047724000000002875
1727807040.0,3.7312146620398647e-06,3.7312146620398647e-06,3.729631086609448e-06,3.729631086609448e-06,0.8267764766893201,3.0842258805953857e-06,-0.00042441284510578645,0.11729601830060188,0.06408482899493337,0.00042441284510578645
1727807100.0,3.729631086609448e-06,3.729631086609448e-06,3.729631086609448e-06,3.729631086609448e-06,0.0,0.0,0.0,-1.0,0.06405763057033151,0.0
1727807160.0,3.729631086609448e-06,3.831594128347664e-06,3.729631086609448e-06,3.831594128347664e-06,73.47067585352258,0.00027776416341179777,0.027338640034478456,0.0,0.06405763057033151,0.027338640034478456
1727807220.0,3.831594128347664e-06,3.831594128347664e-06,3.831594128347664e-06,3.831594128347664e-06,0.0,0.0,0.0,-1.0,0.06580887907395541,0.0
1727807280.0,3.831594128347664e-06,3.890892672218478e-06,3.831594128347664e-06,3.890892672218478e-06,6.5313901005048205,2.521928692024842e-05,0.015476207000135788,0.0,0.06580887907395541,0.015476207000135788
1727807340.0,3.890892672218478e-06,3.890892672218478e-06,3.890892672218478e-06,3.890892672218478e-06,0.0,0.0,0.0,-1.0,0.06682735090895085,0.0
1727807400.0,3.890892672218478e-06,3.890892672218478e-06,3.890892672218478e-06,3.890892672218478e-06,0.0,0.0,0.0,0.0,0.06682735090895085,0.0
1727807460.0,3.890892672218478e-06,3.890892672218478e-06,3.890892672218478e-06,3.890892672218478e-06,0.0,0.0,0.0,0.0,0.06682735090895085,0.0
1727807520.0,3.890892672218478e-06,3.890892672218478e-06,3.890892672218478e-06,3.890892672218478e-06,0.0,0.0,0.0,0.0,0.06682735090895085,0.0
1727807580.0,3.890892672218478e-06,3.890892672218478e-06,3.890892672218478e-06,3.890892672218478e-06,0.0,0.0,0.0,0.0,0.06682735090895085,0.0
1727807640.0,3.890892672218478e-06,3.890892672218478e-06,3.890892672218478e-06,3.890892672218478e-06,0.0,0.0,0.0,0.0,0.06682735090895085,0.0
1727807700.0,3.890892672218478e-06,3.890892672218478e-06,3.890892672218478e-06,3.890892672218478e-06,0.0,0.0,0.0,0.0,0.06682735090895085,0.0
1727807760.0,3.890892672218478e-06,3.890892672218478e-06,3.890892672218478e-06,3.890892672218478e-06,0.0,0.0,0.0,0.0,0.06682735090895085,0.0
1727807820.0,3.890892672218478e-06,3.890892672218478e-06,3.890892672218478e-06,3.890892672218478e-06,0.0,0.0,0.0,0.0,0.06682735090895085,0.0
1727807880.0,3.890892672218478e-06,3.890892672218478e-06,3.890892672218478e-06,3.890892672218478e-06,0.0,0.0,0.0,0.0,0.06682735090895085,0.0
1727807940.0,3.890892672218478e-06,3.890892672218478e-06,3.890892672218478e-06,3.890892672218478e-06,0.0,0.0,0.0,0.0,0.06682735090895085,0.0
1727808000.0,3.890892672218478e-06,3.890892672218478e-06,3.890892672218478e-06,3.890892672218478e-06,0.0,0.0,0.0,0.0,0.06682735090895085,0.0
1727808060.0,3.890892672218478e-06,3.890892672218478e-06,3.890892672218478e-06,3.890892672218478e-06,0.0,0.0,0.0,0.0,0.06682735090895085,0.0
1727808120.0,3.890892672218478e-06,3.890892672218478e-06,3.890892672218478e-06,3.890892672218478e-06,0.0,0.0,0.0,0.0,0.06682735090895085,0.0
1727808180.0,3.890892672218478e-06,3.890892672218478e-06,3.890892672218478e-06,3.890892672218478e-06,0.0,0.0,0.0,0.0,0.06682735090895085,0.0
1727808240.0,3.890892672218478e-06,3.890892672218478e-06,3.890892672218478e-06,3.890892672218478e-06,0.0,0.0,0.0,0.0,0.06682735090895085,0.0
1727808300.0,3.890892672218478e-06,3.890892672218478e-06,3.890892672218478e-06,3.890892672218478e-06,0.0,0.0,0.0,0.0,0.06682735090895085,0.0
1727808360.0,3.890892672218478e-06,3.890892672218478e-06,3.890892672218478e-06,3.890892672218478e-06,0.0,0.0,0.0,0.0,0.06682735090895085,0.0
1727808420.0,3.890892672218478e-06,3.890892672218478e-06,3.890892672218478e-06,3.890892672218478e-06,0.0,0.0,0.0,0.0,0.06682735090895085,0.0
1727808480.0,3.890892672218478e-06,3.890892672218478e-06,3.890892672218478e-06,3.890892672218478e-06,0.0,0.0,0.0,0.0,0.06682735090895085,0.0
1727808540.0,3.890892672218478e-06,3.890892672218478e-06,3.890892672218478e-06,3.890892672218478e-06,0.0,0.0,0.0,0.0,0.06682735090895085,0.0
1727808600.0,3.890892672218478e-06,3.890892672218478e-06,3.890892672218478e-06,3.890892672218478e-06,0.0,0.0,0.0,0.0,0.06682735090895085,0.0
1727808660.0,3.890892672218478e-06,3.890892672218478e-06,3.847919352310736e-06,3.847919352310736e-06,0.3195453160282072,1.2364505670305388e-06,-0.011044591441593244,0.0,0.06682735090895085,0.011044591441593244
1727808720.0,3.847919352310736e-06,3.847919352310736e-06,3.847919352310736e-06,3.847919352310736e-06,0.0,0.0,0.0,-1.0,0.0660892701210375,0.0
1727808780.0,3.847919352310736e-06,3.847919352310736e-06,3.847919352310736e-06,3.847919352310736e-06,0.0,0.0,0.0,0.0,0.0660892701210375,0.0
1727808840.0,3.847919352310736e-06,3.847919352310736e-06,3.847919352310736e-06,3.847919352310736e-06,0.0,0.0,0.0,0.0,0.0660892701210375,0.0
1727808900.0,3.847919352310736e-06,3.847919352310736e-06,3.847919352310736e-06,3.847919352310736e-06,0.0,0.0,0.0,0.0,0.0660892701210375,0.0
1727808960.0,3.847919352310736e-06,3.847919352310736e-06,3.847919352310736e-06,3.847919352310736e-06,0.0,0.0,0.0,0.0,0.0660892701210375,0.0
1727809020.0,3.847919352310736e-06,3.847919352310736e-06,3.847919352310736e-06,3.847919352310736e-06,0.0,0.0,0.0,0.0,0.0660892701210375,0.0
1727809080.0,3.847919352310736e-06,3.847919352310736e-06,3.847919352310736e-06,3.847919352310736e-06,0.0,0.0,0.0,0.0,0.0660892701210375,0.0
1727809140.0,3.847919352310736e-06,3.847919352310736e-06,3.847919352310736e-06,3.847919352310736e-06,0.0,0.0,0.0,0.0,0.0660892701210375,0.0
1727809200.0,3.847919352310736e-06,3.847919352310736e-06,3.8291931908289765e-06,3.8291931908289765e-06,19.66635505275012,7.549041052665351e-05,-0.004866568076722763,0.0,0.0660892701210375,0.004866568076722763
1727809260.0,3.8291931908289765e-06,3.8291931908289765e-06,3.8291931908289765e-06,3.8291931908289765e-06,0.0,0.0,0.0,-1.0,0.06576764218885256,0.0
1727809320.0,3.8291931908289765e-06,3.8291931908289765e-06,3.8291931908289765e-06,3.8291931908289765e-06,0.0,0.0,0.0,0.0,0.06576764218885256,0.0
1727809380.0,3.8291931908289765e-06,3.8291931908289765e-06,3.8291931908289765e-06,3.8291931908289765e-06,0.0,0.0,0.0,0.0,0.06576764218885256,0.0
1727809440.0,3.8291931908289765e-06,3.8291931908289765e-06,3.8291931908289765e-06,3.8291931908289765e-06,0.0,0.0,0.0,0.0,0.06576764218885256,0.0
1727809500.0,3.8291931908289765e-06,3.8291931908289765e-06,3.8291931908289765e-06,3.8291931908289765e-06,0.0,0.0,0.0,0.0,0.06576764218885256,0.0
1727809560.0,3.8291931908289765e-06,3.8291931908289765e-06,3.8291931908289765e-06,3.8291931908289765e-06,0.0,0.0,0.0,0.0,0.06576764218885256,0.0
1727809620.0,3.8291931908289765e-06,3.8291931908289765e-06,3.8291931908289765e-06,3.8291931908289765e-06,0.0,0.0,0.0,0.0,0.06576764218885256,0.0
1727809680.0,3.8291931908289765e-06,3.8291931908289765e-06,3.8291931908289765e-06,3.8291931908289765e-06,0.0,0.0,0.0,0.0,0.06576764218885256,0.0
1727809740.0,3.8291931908289765e-06,3.8291931908289765e-06,3.8064152206607537e-06,3.8064152206607537e-06,1.910934132844586,7.295572369275477e-06,-0.0059485037795368135,0.0,0.06576764218885256,0.0059485037795368135
1727809800.0,3.8064152206607537e-06,3.8064152206607537e-06,3.8064152206607537e-06,3.8064152206607537e-06,0.0,0.0,0.0,-1.0,0.06537642312072094,0.0
1727809860.0,3.8064152206607537e-06,3.8064152206607537e-06,3.8064152206607537e-06,3.8064152206607537e-06,0.0,0.0,0.0,0.0,0.06537642312072094,0.0
1727809920.0,3.8064152206607537e-06,3.8064152206607537e-06,3.8064152206607537e-06,3.8064152206607537e-06,0.0,0.0,0.0,0.0,0.06537642312072094,0.0
1727809980.0,3.8064152206607537e-06,3.8064152206607537e-06,3.8064152206607537e-06,3.8064152206607537e-06,0.0,0.0,0.0,0.0,0.06537642312072094,0.0
1727810040.0,3.8064152206607537e-06,3.8064152206607537e-06,3.8064152206607537e-06,3.8064152206607537e-06,0.0,0.0,0.0,0.0,0.06537642312072094,0.0
1727810100.0,3.8064152206607537e-06,3.8064152206607537e-06,3.8064152206607537e-06,3.8064152206607537e-06,0.0,0.0,0.0,0.0,0.06537642312072094,0.0
1727810160.0,3.8064152206607537e-06,3.8064152206607537e-06,3.8064152206607537e-06,3.8064152206607537e-06,0.0,0.0,0.0,0.0,0.06537642312072094,0.0
1727810220.0,3.8064152206607537e-06,3.8064152206607537e-06,3.8064152206607537e-06,3.8064152206607537e-06,0.0,0.0,0.0,0.0,0.06537642312072094,0.0
1727810280.0,3.8064152206607537e-06,3.8064152206607537e-06,3.8064152206607537e-06,3.8064152206607537e-06,0.0,0.0,0.0,0.0,0.06537642312072094,0.0
1727810340.0,3.8064152206607537e-06,3.8064152206607537e-06,3.8064152206607537e-06,3.8064152206607537e-06,0.0,0.0,0.0,0.0,0.06537642312072094,0.0
1727810400.0,3.8064152206607537e-06,3.8064152206607537e-06,3.8064152206607537e-06,3.8064152206607537e-06,0.0,0.0,0.0,0.0,0.06537642312072094,0.0
1727810460.0,3.8064152206607537e-06,3.8064152206607537e-06,3.8064152206607537e-06,3.8064152206607537e-06,0.0,0.0,0.0,0.0,0.06537642312072094,0.0
1727810520.0,3.8064152206607537e-06,3.8064152206607537e-06,3.8064152206607537e-06,3.8064152206607537e-06,0.0,0.0,0.0,0.0,0.06537642312072094,0.0
1727810580.0,3.8064152206607537e-06,3.8064152206607537e-06,3.8064152206607537e-06,3.8064152206607537e-06,0.0,0.0,0.0,0.0,0.06537642312072094,0.0
1727810640.0,3.8064152206607537e-06,3.8064152206607537e-06,3.8064152206607537e-06,3.8064152206607537e-06,0.0,0.0,0.0,0.0,0.06537642312072094,0.0
1727810700.0,3.8064152206607537e-06,3.8064152206607537e-06,3.8064152206607537e-06,3.8064152206607537e-06,0.0,0.0,0.0,0.0,0.06537642312072094,0.0
1727810760.0,3.8064152206607537e-06,3.8064152206607537e-06,3.8064152206607537e-06,3.8064152206607537e-06,0.0,0.0,0.0,0.0,0.06537642312072094,0.0
1727810820.0,3.8064152206607537e-06,3.8064152206607537e-06,3.8064152206607537e-06,3.8064152206607537e-06,0.0,0.0,0.0,0.0,0.06537642312072094,0.0
1727810880.0,3.8064152206607537e-06,3.8064152206607537e-06,3.8064152206607537e-06,3.8064152206607537e-06,0.0,0.0,0.0,0.0,0.06537642312072094,0.0
1727810940.0,3.8064152206607537e-06,3.8064152206607537e-06,3.8064152206607537e-06,3.8064152206607537e-06,0.0,0.0,0.0,0.0,0.06537642312072094,0.0
1727811000.0,3.8064152206607537e-06,3.8064152206607537e-06,3.8064152206607537e-06,3.8064152206607537e-06,0.0,0.0,0.0,0.0,0.06537642312072094,0.0
1727811060.0,3.8064152206607537e-06,3.8064152206607537e-06,3.8064152206607537e-06,3.8064152206607537e-06,0.0,0.0,0.0,0.0,0.06537642312072094,0.0
1727811120.0,3.8064152206607537e-06,3.8064152206607537e-06,3.8064152206607537e-06,3.8064152206607537e-06,0.0,0.0,0.0,0.0,0.06537642312072094,0.0
1727811180.0,3.8064152206607537e-06,3.8064152206607537e-06,3.8064152206607537e-06,3.8064152206607537e-06,0.0,0.0,0.0,0.0,0.06537642312072094,0.0
1727811240.0,3.8064152206607537e-06,3.8064152206607537e-06,3.8064152206607537e-06,3.8064152206607537e-06,0.0,0.0,0.0,0.0,0.06537642312072094,0.0
1727811300.0,3.8064152206607537e-06,3.8064152206607537e-06,3.8064152206607537e-06,3.8064152206607537e-06,0.0,0.0,0.0,0.0,0.06537642312072094,0.0
1727811360.0,3.8064152206607537e-06,3.8064152206607537e-06,3.8064152206607537e-06,3.8064152206607537e-06,0.0,0.0,0.0,0.0,0.06537642312072094,0.0
1727811420.0,3.8064152206607537e-06,3.8064152206607537e-06,3.8064152206607537e-06,3.8064152206607537e-06,0.0,0.0,0.0,0.0,0.06537642312072094,0.0
1727811480.0,3.8064152206607537e-06,3.8064152206607537e-06,3.8064152206607537e-06,3.8064152206607537e-06,0.0,0.0,0.0,0.0,0.06537642312072094,0.0
1727811540.0,3.8064152206607537e-06,3.8064152206607537e-06,3.8064152206607537e-06,3.8064152206607537e-06,0.0,0.0,0.0,0.0,0.06537642312072094,0.0
1727811600.0,3.8064152206607537e-06,3.8064152206607537e-06,3.8064152206607537e-06,3.8064152206607537e-06,0.0,0.0,0.0,0.0,0.06537642312072094,0.0
1727811660.0,3.8064152206607537e-06,3.8064152206607537e-06,3.8064152206607537e-06,3.8064152206607537e-06,0.0,0.0,0.0,0.0,0.06537642312072094,0.0
1727811720.0,3.8064152206607537e-06,3.8064152206607537e-06,3.8064152206607537e-06,3.8064152206607537e-06,0.0,0.0,0.0,0.0,0.06537642312072094,0.0
1727811780.0,3.8064152206607537e-06,3.8064152206607537e-06,3.8064152206607537e-06,3.8064152206607537e-06,0.0,0.0,0.0,0.0,0.06537642312072094,0.0
1727811840.0,3.8064152206607537e-06,3.8064152206607537e-06,3.8064152206607537e-06,3.8064152206607537e-06,0.0,0.0,0.0,0.0,0.06537642312072094,0.0
1727811900.0,3.8064152206607537e-06,3.8064152206607537e-06,3.8064152206607537e-06,3.8064152206607537e-06,0.0,0.0,0.0,0.0,0.06537642312072094,0.0
1727811960.0,3.8064152206607537e-06,3.8064152206607537e-06,3.8064152206607537e-06,3.8064152206607537e-06,0.0,0.0,0.0,0.0,0.06537642312072094,0.0
1727812020.0,3.8064152206607537e-06,3.8064152206607537e-06,3.8064152206607537e-06,3.8064152206607537e-06,0.0,0.0,0.0,0.0,0.06537642312072094,0.0
1727812080.0,3.8064152206607537e-06,3.8064152206607537e-06,3.8064152206607537e-06,3.8064152206607537e-06,0.0,0.0,0.0,0.0,0.06537642312072094,0.0
1727812140.0,3.8064152206607537e-06,3.8064152206607537e-06,3.7860991344213583e-06,3.7860991344213583e-06,0.5540995897768434,2.1035045447628966e-06,-0.00533732792185208,0.0,0.06537642312072094,0.00533732792185208
1727812200.0,3.7860991344213583e-06,3.7860991344213583e-06,3.7860991344213583e-06,3.7860991344213583e-06,0.0,0.0,0.0,-1.0,0.0650274877121679,0.0
1727812260.0,3.7860991344213583e-06,3.7860991344213583e-06,3.7860991344213583e-06,3.7860991344213583e-06,0.0,0.0,0.0,0.0,0.0650274877121679,0.0
1727812320.0,3.7860991344213583e-06,3.7860991344213583e-06,3.7860991344213583e-06,3.7860991344213583e-06,0.0,0.0,0.0,0.0,0.0650274877121679,0.0
1727812380.0,3.7860991344213583e-06,3.7860991344213583e-06,3.7860991344213583e-06,3.7860991344213583e-06,0.0,0.0,0.0,0.0,0.0650274877121679,0.0
1727812440.0,3.7860991344213583e-06,3.7860991344213583e-06,3.7673576382117138e-06,3.7673576382117138e-06,3.9178140985777703,1.4796519718409798e-05,-0.004950080688394043,0.0,0.0650274877121679,0.004950080688394043
1727812500.0,3.7673576382117138e-06,3.7673576382117138e-06,3.7673576382117138e-06,3.7673576382117138e-06,0.0,0.0,0.0,-1.0,0.06470559640102912,0.0
1727812560.0,3.7673576382117138e-06,3.7673576382117138e-06,3.7673576382117138e-06,3.7673576382117138e-06,0.0,0.0,0.0,0.0,0.06470559640102912,0.0
1727812620.0,3.7673576382117138e-06,3.7673576382117138e-06,3.7673576382117138e-06,3.7673576382117138e-06,0.0,0.0,0.0,0.0,0.06470559640102912,0.0
1727812680.0,3.7673576382117138e-06,3.7673576382117138e-06,3.7673576382117138e-06,3.7673576382117138e-06,0.0,0.0,0.0,0.0,0.06470559640102912,0.0
1727812740.0,3.7673576382117138e-06,3.7673576382117138e-06,3.7673576382117138e-06,3.7673576382117138e-06,0.0,0.0,0.0,0.0,0.06470559640102912,0.0
1727812800.0,3.7673576382117138e-06,3.7673576382117138e-06,3.7673576382117138e-06,3.7673576382117138e-06,0.0,0.0,0.0,0.0,0.06470559640102912,0.0
1727812860.0,3.7673576382117138e-06,3.7673576382117138e-06,3.7673576382117138e-06,3.7673576382117138e-06,0.0,0.0,0.0,0.0,0.06470559640102912,0.0
1727812920.0,3.7673576382117138e-06,3.7673576382117138e-06,3.7673576382117138e-06,3.7673576382117138e-06,0.0,0.0,0.0,0.0,0.06470559640102912,0.0
1727812980.0,3.7673576382117138e-06,3.7673576382117138e-06,3.7673576382117138e-06,3.7673576382117138e-06,0.0,0.0,0.0,0.0,0.06470559640102912,0.0
1727813040.0,3.7673576382117138e-06,3.7673576382117138e-06,3.7673576382117138e-06,3.7673576382117138e-06,0.0,0.0,0.0,0.0,0.06470559640102912,0.0
1727813100.0,3.7673576382117138e-06,3.775543391815333e-06,3.7673576382117138e-06,3.775543391815333e-06,19.97283203729142,7.532654767332132e-05,0.0021728103327892843,0.0,0.06470559640102912,0.0021728103327892843
1727813160.0,3.775543391815333e-06,3.775543391815333e-06,3.775543391815333e-06,3.775543391815333e-06,0.0,0.0,0.0,-1.0,0.06484618938947856,0.0
1727813220.0,3.775543391815333e-06,3.775543391815333e-06,3.775543391815333e-06,3.775543391815333e-06,0.0,0.0,0.0,0.0,0.06484618938947856,0.0
1727813280.0,3.775543391815333e-06,3.775543391815333e-06,3.775543391815333e-06,3.775543391815333e-06,0.0,0.0,0.0,0.0,0.06484618938947856,0.0
1727813340.0,3.775543391815333e-06,3.775543391815333e-06,3.775543391815333e-06,3.775543391815333e-06,0.0,0.0,0.0,0.0,0.06484618938947856,0.0
1727813400.0,3.775543391815333e-06,3.775543391815333e-06,3.775543391815333e-06,3.775543391815333e-06,0.0,0.0,0.0,0.0,0.06484618938947856,0.0
1727813460.0,3.775543391815333e-06,3.775543391815333e-06,3.775543391815333e-06,3.775543391815333e-06,0.0,0.0,0.0,0.0,0.06484618938947856,0.0
1727813520.0,3.775543391815333e-06,3.775543391815333e-06,3.775543391815333e-06,3.775543391815333e-06,0.0,0.0,0.0,0.0,0.06484618938947856,0.0
1727813580.0,3.775543391815333e-06,3.775543391815333e-06,3.775543391815333e-06,3.775543391815333e-06,0.0,0.0,0.0,0.0,0.06484618938947856,0.0
1727813640.0,3.775543391815333e-06,3.775543391815333e-06,3.775543391815333e-06,3.775543391815333e-06,0.0,0.0,0.0,0.0,0.06484618938947856,0.0
1727813700.0,3.775543391815333e-06,3.775543391815333e-06,3.775543391815333e-06,3.775543391815333e-06,0.0,0.0,0.0,0.0,0.06484618938947856,0.0
1727813760.0,3.775543391815333e-06,3.775543391815333e-06,3.775543391815333e-06,3.775543391815333e-06,0.0,0.0,0.0,0.0,0.06484618938947856,0.0
1727813820.0,3.775543391815333e-06,3.775543391815333e-06,3.775543391815333e-06,3.775543391815333e-06,0.0,0.0,0.0,0.0,0.06484618938947856,0.0
1727813880.0,3.775543391815333e-06,3.775543391815333e-06,3.775543391815333e-06,3.775543391815333e-06,0.0,0.0,0.0,0.0,0.06484618938947856,0.0
1727813940.0,3.775543391815333e-06,3.775543391815333e-06,3.775543391815333e-06,3.775543391815333e-06,0.0,0.0,0.0,0.0,0.06484618938947856,0.0
1727814000.0,3.775543391815333e-06,3.775543391815333e-06,3.7383838884213706e-06,3.7383838884213706e-06,2.0716505700264785,7.783115866619936e-06,-0.00984216032969374,0.0,0.06484618938947856,0.00984216032969374
1727814060.0,3.7383838884213706e-06,3.7383838884213706e-06,3.7383838884213706e-06,3.7383838884213706e-06,0.0,0.0,0.0,-1.0,0.06420796279673763,0.0
1727814120.0,3.7383838884213706e-06,3.7383838884213706e-06,3.7383838884213706e-06,3.7383838884213706e-06,0.0,0.0,0.0,0.0,0.06420796279673763,0.0
1727814180.0,3.7383838884213706e-06,3.7383838884213706e-06,3.7383838884213706e-06,3.7383838884213706e-06,0.0,0.0,0.0,0.0,0.06420796279673763,0.0
1727814240.0,3.7383838884213706e-06,3.7383838884213706e-06,3.7383838884213706e-06,3.7383838884213706e-06,0.0,0.0,0.0,0.0,0.06420796279673763,0.0
1727814300.0,3.7383838884213706e-06,3.7383838884213706e-06,3.7383838884213706e-06,3.7383838884213706e-06,0.0,0.0,0.0,0.0,0.06420796279673763,0.0
1727814360.0,3.7383838884213706e-06,3.7383838884213706e-06,3.7383838884213706e-06,3.7383838884213706e-06,0.0,0.0,0.0,0.0,0.06420796279673763,0.0
1727814420.0,3.7383838884213706e-06,3.7383838884213706e-06,3.7383838884213706e-06,3.7383838884213706e-06,0.0,0.0,0.0,0.0,0.06420796279673763,0.0
1727814480.0,3.7383838884213706e-06,3.7383838884213706e-06,3.7383838884213706e-06,3.7383838884213706e-06,0.0,0.0,0.0,0.0,0.06420796279673763,0.0
1727814540.0,3.7383838884213706e-06,3.7383838884213706e-06,3.7383838884213706e-06,3.7383838884213706e-06,0.0,0.0,0.0,0.0,0.06420796279673763,0.0
1727814600.0,3.7383838884213706e-06,3.7383838884213706e-06,3.7383838884213706e-06,3.7383838884213706e-06,0.0,0.0,0.0,0.0,0.06420796279673763,0.0
1727814660.0,3.7383838884213706e-06,3.7383838884213706e-06,3.7383838884213706e-06,3.7383838884213706e-06,0.0,0.0,0.0,0.0,0.06420796279673763,0.0
1727814720.0,3.7383838884213706e-06,3.7383838884213706e-06,3.7383838884213706e-06,3.7383838884213706e-06,0.0,0.0,0.0,0.0,0.06420796279673763,0.0
1727814780.0,3.7383838884213706e-06,3.7383838884213706e-06,3.7383838884213706e-06,3.7383838884213706e-06,0.0,0.0,0.0,0.0,0.06420796279673763,0.0
1727814840.0,3.7383838884213706e-06,3.748757956863239e-06,3.7383838884213706e-06,3.748757956863239e-06,0.2971123003528167,1.1122609683601717e-06,0.0027750142177745472,0.0,0.06420796279673763,0.0027750142177745472
1727814900.0,3.748757956863239e-06,3.748757956863239e-06,3.748757956863239e-06,3.748757956863239e-06,0.0,0.0,0.0,-1.0,0.06438614080639292,0.0
1727814960.0,3.748757956863239e-06,3.748757956863239e-06,3.748757956863239e-06,3.748757956863239e-06,0.0,0.0,0.0,0.0,0.06438614080639292,0.0
1727815020.0,3.748757956863239e-06,3.748757956863239e-06,3.748757956863239e-06,3.748757956863239e-06,0.0,0.0,0.0,0.0,0.06438614080639292,0.0
1727815080.0,3.748757956863239e-06,3.748757956863239e-06,3.748757956863239e-06,3.748757956863239e-06,0.0,0.0,0.0,0.0,0.06438614080639292,0.0
1727815140.0,3.748757956863239e-06,3.748757956863239e-06,3.748757956863239e-06,3.748757956863239e-06,0.0,0.0,0.0,0.0,0.06438614080639292,0.0
1727815200.0,3.748757956863239e-06,3.748757956863239e-06,3.748757956863239e-06,3.748757956863239e-06,0.0,0.0,0.0,0.0,0.06438614080639292,0.0
1727815260.0,3.748757956863239e-06,3.748757956863239e-06,3.748757956863239e-06,3.748757956863239e-06,0.0,0.0,0.0,0.0,0.06438614080639292,0.0
1727815320.0,3.748757956863239e-06,3.748757956863239e-06,3.748757956863239e-06,3.748757956863239e-06,0.0,0.0,0.0,0.0,0.06438614080639292,0.0
1727815380.0,3.748757956863239e-06,3.748757956863239e-06,3.748757956863239e-06,3.748757956863239e-06,0.0,0.0,0.0,0.0,0.06438614080639292,0.0
1727815440.0,3.748757956863239e-06,3.748757956863239e-06,3.7274838708971392e-06,3.7274838708971392e-06,24.957228452270694,9.329313762991878e-05,-0.005674969206040977,0.0,0.06438614080639292,0.005674969206040977
1727815500.0,3.7274838708971392e-06,3.7274838708971392e-06,3.7274838708971392e-06,3.7274838708971392e-06,0.0,0.0,0.0,-1.0,0.06402075144002083,0.0
1727815560.0,3.7274838708971392e-06,3.7274838708971392e-06,3.7274838708971392e-06,3.7274838708971392e-06,0.0,0.0,0.0,0.0,0.06402075144002083,0.0
1727815620.0,3.7274838708971392e-06,3.7274838708971392e-06,3.7274838708971392e-06,3.7274838708971392e-06,0.0,0.0,0.0,0.0,0.06402075144002083,0.0
1727815680.0,3.7274838708971392e-06,3.7274838708971392e-06,3.7274838708971392e-06,3.7274838708971392e-06,0.0,0.0,0.0,0.0,0.06402075144002083,0.0
1727815740.0,3.7274838708971392e-06,3.7274838708971392e-06,3.7274838708971392e-06,3.7274838708971392e-06,0.0,0.0,0.0,0.0,0.06402075144002083,0.0
1727815800.0,3.7274838708971392e-06,3.7274838708971392e-06,3.7274838708971392e-06,3.7274838708971392e-06,0.0,0.0,0.0,0.0,0.06402075144002083,0.0
1727815860.0,3.7274838708971392e-06,3.7274838708971392e-06,3.7274838708971392e-06,3.7274838708971392e-06,0.0,0.0,0.0,0.0,0.06402075144002083,0.0
1727815920.0,3.7274838708971392e-06,3.7274838708971392e-06,3.7274838708971392e-06,3.7274838708971392e-06,0.0,0.0,0.0,0.0,0.06402075144002083,0.0
1727815980.0,3.7274838708971392e-06,3.728708164312847e-06,3.7274838708971392e-06,3.728708164312847e-06,0.9597851281566068,3.5781711140371436e-06,0.00032845035903885126,0.0,0.06402075144002083,0.00032845035903885126
1727816040.0,3.728708164312847e-06,3.728708164312847e-06,3.728708164312847e-06,3.728708164312847e-06,0.0,0.0,0.0,-1.0,0.06404177907881724,0.0
1727816100.0,3.728708164312847e-06,3.728708164312847e-06,3.728708164312847e-06,3.728708164312847e-06,0.0,0.0,0.0,0.0,0.06404177907881724,0.0
1727816160.0,3.728708164312847e-06,3.728708164312847e-06,3.728708164312847e-06,3.728708164312847e-06,0.0,0.0,0.0,0.0,0.06404177907881724,0.0
1727816220.0,3.728708164312847e-06,3.728708164312847e-06,3.728708164312847e-06,3.728708164312847e-06,0.0,0.0,0.0,0.0,0.06404177907881724,0.0
1727816280.0,3.728708164312847e-06,3.728708164312847e-06,3.728708164312847e-06,3.728708164312847e-06,0.0,0.0,0.0,0.0,0.06404177907881724,0.0
1727816340.0,3.728708164312847e-06,3.728708164312847e-06,3.6846704782077343e-06,3.6846704782077343e-06,30.24364768579368,0.00011210380591288994,-0.011810440550588967,0.0,0.06404177907881724,0.011810440550588967
1727816400.0,3.6846704782077343e-06,3.6846704782077343e-06,3.6846704782077343e-06,3.6846704782077343e-06,0.0,0.0,0.0,-1.0,0.06328541745425291,0.0
1727816460.0,3.6846704782077343e-06,3.6846704782077343e-06,3.6846704782077343e-06,3.6846704782077343e-06,0.0,0.0,0.0,0.0,0.06328541745425291,0.0
1727816520.0,3.6846704782077343e-06,3.6846704782077343e-06,3.6846704782077343e-06,3.6846704782077343e-06,0.0,0.0,0.0,0.0,0.06328541745425291,0.0
1727816580.0,3.6846704782077343e-06,3.6846704782077343e-06,3.6846704782077343e-06,3.6846704782077343e-06,0.0,0.0,0.0,0.0,0.06328541745425291,0.0
1727816640.0,3.6846704782077343e-06,3.6846704782077343e-06,3.6846704782077343e-06,3.6846704782077343e-06,0.0,0.0,0.0,0.0,0.06328541745425291,0.0
1727816700.0,3.6846704782077343e-06,3.6846704782077343e-06,3.6846704782077343e-06,3.6846704782077343e-06,0.0,0.0,0.0,0.0,0.06328541745425291,0.0
1727816760.0,3.6846704782077343e-06,3.6846704782077343e-06,3.6846704782077343e-06,3.6846704782077343e-06,0.0,0.0,0.0,0.0,0.06328541745425291,0.0
1727816820.0,3.6846704782077343e-06,3.6846704782077343e-06,3.6846704782077343e-06,3.6846704782077343e-06,0.0,0.0,0.0,0.0,0.06328541745425291,0.0
1727816880.0,3.6846704782077343e-06,3.6846704782077343e-06,3.6846704782077343e-06,3.6846704782077343e-06,0.0,0.0,0.0,0.0,0.06328541745425291,0.0
1727816940.0,3.6846704782077343e-06,3.6846704782077343e-06,3.6846704782077343e-06,3.6846704782077343e-06,0.0,0.0,0.0,0.0,0.06328541745425291,0.0
1727817000.0,3.6846704782077343e-06,3.6846704782077343e-06,3.6846704782077343e-06,3.6846704782077343e-06,0.0,0.0,0.0,0.0,0.06328541745425291,0.0
1727817060.0,3.6846704782077343e-06,3.6846704782077343e-06,3.6846704782077343e-06,3.6846704782077343e-06,0.0,0.0,0.0,0.0,0.06328541745425291,0.0
1727817120.0,3.6846704782077343e-06,3.6846704782077343e-06,3.6846704782077343e-06,3.6846704782077343e-06,0.0,0.0,0.0,0.0,0.06328541745425291,0.0
1727817180.0,3.6846704782077343e-06,3.6846704782077343e-06,3.6846704782077343e-06,3.6846704782077343e-06,0.0,0.0,0.0,0.0,0.06328541745425291,0.0
1727817240.0,3.6846704782077343e-06,3.6846704782077343e-06,3.6846704782077343e-06,3.6846704782077343e-06,0.0,0.0,0.0,0.0,0.06328541745425291,0.0
1727817300.0,3.6846704782077343e-06,3.6846704782077343e-06,3.6846704782077343e-06,3.6846704782077343e-06,0.0,0.0,0.0,0.0,0.06328541745425291,0.0
1727817360.0,3.6846704782077343e-06,3.6846704782077343e-06,3.6846704782077343e-06,3.6846704782077343e-06,0.0,0.0,0.0,0.0,0.06328541745425291,0.0
1727817420.0,3.6846704782077343e-06,3.6846704782077343e-06,3.6846704782077343e-06,3.6846704782077343e-06,0.0,0.0,0.0,0.0,0.06328541745425291,0.0
1727817480.0,3.6846704782077343e-06,3.6846704782077343e-06,3.6846704782077343e-06,3.6846704782077343e-06,0.0,0.0,0.0,0.0,0.06328541745425291,0.0
1727817540.0,3.6846704782077343e-06,3.6846704782077343e-06,3.625181555785861e-06,3.625181555785861e-06,20.039615409743927,7.324331173168302e-05,-0.01614497762383615,0.0,0.06328541745425291,0.01614497762383615
1727817600.0,3.625181555785861e-06,3.625181555785861e-06,3.625181555785861e-06,3.625181555785861e-06,0.0,0.0,0.0,-1.0,0.06226367580553887,0.0
1727817660.0,3.625181555785861e-06,3.625181555785861e-06,3.625181555785861e-06,3.625181555785861e-06,0.0,0.0,0.0,0.0,0.06226367580553887,0.0
1727817720.0,3.625181555785861e-06,3.625181555785861e-06,3.625181555785861e-06,3.625181555785861e-06,0.0,0.0,0.0,0.0,0.06226367580553887,0.0
1727817780.0,3.625181555785861e-06,3.625181555785861e-06,3.625181555785861e-06,3.625181555785861e-06,0.0,0.0,0.0,0.0,0.06226367580553887,0.0
1727817840.0,3.625181555785861e-06,3.625181555785861e-06,3.625181555785861e-06,3.625181555785861e-06,0.0,0.0,0.0,0.0,0.06226367580553887,0.0
1727817900.0,3.625181555785861e-06,3.625181555785861e-06,3.625181555785861e-06,3.625181555785861e-06,0.0,0.0,0.0,0.0,0.06226367580553887,0.0
1727817960.0,3.625181555785861e-06,3.625181555785861e-06,3.625181555785861e-06,3.625181555785861e-06,0.0,0.0,0.0,0.0,0.06226367580553887,0.0
1727818020.0,3.625181555785861e-06,3.625181555785861e-06,3.625181555785861e-06,3.625181555785861e-06,0.0,0.0,0.0,0.0,0.06226367580553887,0.0
1727818080.0,3.625181555785861e-06,3.625181555785861e-06,3.625181555785861e-06,3.625181555785861e-06,0.0,0.0,0.0,0.0,0.06226367580553887,0.0
1727818140.0,3.625181555785861e-06,3.625181555785861e-06,3.625181555785861e-06,3.625181555785861e-06,0.0,0.0,0.0,0.0,0.06226367580553887,0.0
1727818200.0,3.625181555785861e-06,3.625181555785861e-06,3.625181555785861e-06,3.625181555785861e-06,0.0,0.0,0.0,0.0,0.06226367580553887,0.0
1727818260.0,3.625181555785861e-06,3.625181555785861e-06,3.625181555785861e-06,3.625181555785861e-06,0.0,0.0,0.0,0.0,0.06226367580553887,0.0
1727818320.0,3.625181555785861e-06,3.625181555785861e-06,3.625181555785861e-06,3.625181555785861e-06,0.0,0.0,0.0,0.0,0.06226367580553887,0.0
1727818380.0,3.625181555785861e-06,3.625181555785861e-06,3.625181555785861e-06,3.625181555785861e-06,0.0,0.0,0.0,0.0,0.06226367580553887,0.0
1727818440.0,3.625181555785861e-06,3.625181555785861e-06,3.625181555785861e-06,3.625181555785861e-06,0.0,0.0,0.0,0.0,0.06226367580553887,0.0
1727818500.0,3.625181555785861e-06,3.625181555785861e-06,3.625181555785861e-06,3.625181555785861e-06,0.0,0.0,0.0,0.0,0.06226367580553887,0.0
1727818560.0,3.625181555785861e-06,3.625181555785861e-06,3.625181555785861e-06,3.625181555785861e-06,0.0,0.0,0.0,0.0,0.06226367580553887,0.0
1727818620.0,3.625181555785861e-06,3.625181555785861e-06,3.625181555785861e-06,3.625181555785861e-06,0.0,0.0,0.0,0.0,0.06226367580553887,0.0
1727818680.0,3.625181555785861e-06,3.625181555785861e-06,3.625181555785861e-06,3.625181555785861e-06,0.0,0.0,0.0,0.0,0.06226367580553887,0.0
1727818740.0,3.625181555785861e-06,3.625181555785861e-06,3.625181555785861e-06,3.625181555785861e-06,0.0,0.0,0.0,0.0,0.06226367580553887,0.0
1727818800.0,3.625181555785861e-06,3.625181555785861e-06,3.625181555785861e-06,3.625181555785861e-06,0.0,0.0,0.0,0.0,0.06226367580553887,0.0
1727818860.0,3.625181555785861e-06,3.625181555785861e-06,3.599209634989247e-06,3.599209634989247e-06,0.2465352599248761,8.905335800083632e-07,-0.007164308986169833,0.0,0.06226367580553887,0.007164308986169833
1727818920.0,3.599209634989247e-06,3.599209634989247e-06,3.599209634989247e-06,3.599209634989247e-06,0.0,0.0,0.0,-1.0,0.06181759959345328,0.0
1727818980.0,3.599209634989247e-06,3.599209634989247e-06,3.599209634989247e-06,3.599209634989247e-06,0.0,0.0,0.0,0.0,0.06181759959345328,0.0
1727819040.0,3.599209634989247e-06,3.599209634989247e-06,3.599209634989247e-06,3.599209634989247e-06,0.0,0.0,0.0,0.0,0.06181759959345328,0.0
1727819100.0,3.599209634989247e-06,3.599209634989247e-06,3.599209634989247e-06,3.599209634989247e-06,0.0,0.0,0.0,0.0,0.06181759959345328,0.0
1727819160.0,3.599209634989247e-06,3.599209634989247e-06,3.599209634989247e-06,3.599209634989247e-06,0.0,0.0,0.0,0.0,0.06181759959345328,0.0
1727819220.0,3.599209634989247e-06,3.599209634989247e-06,3.599209634989247e-06,3.599209634989247e-06,0.0,0.0,0.0,0.0,0.06181759959345328,0.0
1727819280.0,3.599209634989247e-06,3.599209634989247e-06,3.599209634989247e-06,3.599209634989247e-06,0.0,0.0,0.0,0.0,0.06181759959345328,0.0
1727819340.0,3.599209634989247e-06,3.599209634989247e-06,3.599209634989247e-06,3.599209634989247e-06,0.0,0.0,0.0,0.0,0.06181759959345328,0.0
1727819400.0,3.599209634989247e-06,3.599209634989247e-06,3.599209634989247e-06,3.599209634989247e-06,0.0,0.0,0.0,0.0,0.06181759959345328,0.0
1727819460.0,3.599209634989247e-06,3.599209634989247e-06,3.599209634989247e-06,3.599209634989247e-06,0.0,0.0,0.0,0.0,0.06181759959345328,0.0
1727819520.0,3.599209634989247e-06,3.599209634989247e-06,3.599209634989247e-06,3.599209634989247e-06,0.0,0.0,0.0,0.0,0.06181759959345328,0.0
1727819580.0,3.599209634989247e-06,3.599209634989247e-06,3.599209634989247e-06,3.599209634989247e-06,0.0,0.0,0.0,0.0,0.06181759959345328,0.0
1727819640.0,3.599209634989247e-06,3.599209634989247e-06,3.599209634989247e-06,3.599209634989247e-06,0.0,0.0,0.0,0.0,0.06181759959345328,0.0
1727819700.0,3.599209634989247e-06,3.599209634989247e-06,3.599209634989247e-06,3.599209634989247e-06,0.0,0.0,0.0,0.0,0.06181759959345328,0.0
1727819760.0,3.599209634989247e-06,3.599209634989247e-06,3.599209634989247e-06,3.599209634989247e-06,0.0,0.0,0.0,0.0,0.06181759959345328,0.0
1727819820.0,3.599209634989247e-06,3.599209634989247e-06,3.599209634989247e-06,3.599209634989247e-06,0.0,0.0,0.0,0.0,0.06181759959345328,0.0
1727819880.0,3.599209634989247e-06,3.599209634989247e-06,3.599209634989247e-06,3.599209634989247e-06,0.0,0.0,0.0,0.0,0.06181759959345328,0.0
1727819940.0,3.599209634989247e-06,3.599209634989247e-06,3.599209634989247e-06,3.599209634989247e-06,0.0,0.0,0.0,0.0,0.06181759959345328,0.0
1727820000.0,3.599209634989247e-06,3.599209634989247e-06,3.599209634989247e-06,3.599209634989247e-06,0.0,0.0,0.0,0.0,0.06181759959345328,0.0
1727820060.0,3.599209634989247e-06,3.599209634989247e-06,3.599209634989247e-06,3.599209634989247e-06,0.0,0.0,0.0,0.0,0.06181759959345328,0.0
1727820120.0,3.599209634989247e-06,3.599209634989247e-06,3.599209634989247e-06,3.599209634989247e-06,0.0,0.0,0.0,0.0,0.06181759959345328,0.0
1727820180.0,3.599209634989247e-06,3.599209634989247e-06,3.599209634989247e-06,3.599209634989247e-06,0.0,0.0,0.0,0.0,0.06181759959345328,0.0
1727820240.0,3.599209634989247e-06,3.599209634989247e-06,3.599209634989247e-06,3.599209634989247e-06,0.0,0.0,0.0,0.0,0.06181759959345328,0.0
1727820300.0,3.599209634989247e-06,3.599209634989247e-06,3.599209634989247e-06,3.599209634989247e-06,0.0,0.0,0.0,0.0,0.06181759959345328,0.0
1727820360.0,3.599209634989247e-06,3.599209634989247e-06,3.599209634989247e-06,3.599209634989247e-06,0.0,0.0,0.0,0.0,0.06181759959345328,0.0
1727820420.0,3.599209634989247e-06,3.599209634989247e-06,3.599209634989247e-06,3.599209634989247e-06,0.0,0.0,0.0,0.0,0.06181759959345328,0.0
1727820480.0,3.599209634989247e-06,3.6097891323037097e-06,3.599209634989247e-06,3.6097891323037097e-06,1.9994398192103024,7.2069795959817616e-06,0.00293939458586004,0.0,0.06181759959345328,0.00293939458586004
1727820540.0,3.6097891323037097e-06,3.6097891323037097e-06,3.6097891323037097e-06,3.6097891323037097e-06,0.0,0.0,0.0,-1.0,0.06199930591100914,0.0
1727820600.0,3.6097891323037097e-06,3.6097891323037097e-06,3.6097891323037097e-06,3.6097891323037097e-06,0.0,0.0,0.0,0.0,0.06199930591100914,0.0
1727820660.0,3.6097891323037097e-06,3.6097891323037097e-06,3.6097891323037097e-06,3.6097891323037097e-06,0.0,0.0,0.0,0.0,0.06199930591100914,0.0
1727820720.0,3.6097891323037097e-06,3.6097891323037097e-06,3.6097891323037097e-06,3.6097891323037097e-06,0.0,0.0,0.0,0.0,0.06199930591100914,0.0
1727820780.0,3.6097891323037097e-06,3.6097891323037097e-06,3.6097891323037097e-06,3.6097891323037097e-06,0.0,0.0,0.0,0.0,0.06199930591100914,0.0
1727820840.0,3.6097891323037097e-06,3.6097891323037097e-06,3.6097891323037097e-06,3.6097891323037097e-06,0.0,0.0,0.0,0.0,0.06199930591100914,0.0
1727820900.0,3.6097891323037097e-06,3.6097891323037097e-06,3.6097891323037097e-06,3.6097891323037097e-06,0.0,0.0,0.0,0.0,0.06199930591100914,0.0
1727820960.0,3.6097891323037097e-06,3.6097891323037097e-06,3.6097891323037097e-06,3.6097891323037097e-06,0.0,0.0,0.0,0.0,0.06199930591100914,0.0
1727821020.0,3.6097891323037097e-06,3.6097891323037097e-06,3.6097891323037097e-06,3.6097891323037097e-06,0.0,0.0,0.0,0.0,0.06199930591100914,0.0
1727821080.0,3.6097891323037097e-06,3.6097891323037097e-06,3.6097891323037097e-06,3.6097891323037097e-06,0.0,0.0,0.0,0.0,0.06199930591100914,0.0
1727821140.0,3.6097891323037097e-06,3.6097891323037097e-06,3.6097891323037097e-06,3.6097891323037097e-06,0.0,0.0,0.0,0.0,0.06199930591100914,0.0
1727821200.0,3.6097891323037097e-06,3.6097891323037097e-06,3.6097891323037097e-06,3.6097891323037097e-06,0.0,0.0,0.0,0.0,0.06199930591100914,0.0
1727821260.0,3.6097891323037097e-06,3.6097891323037097e-06,3.6097891323037097e-06,3.6097891323037097e-06,0.0,0.0,0.0,0.0,0.06199930591100914,0.0
1727821320.0,3.6097891323037097e-06,3.6097891323037097e-06,3.6097891323037097e-06,3.6097891323037097e-06,0.0,0.0,0.0,0.0,0.06199930591100914,0.0
1727821380.0,3.6097891323037097e-06,3.6097891323037097e-06,3.6097891323037097e-06,3.6097891323037097e-06,0.0,0.0,0.0,0.0,0.06199930591100914,0.0
1727821440.0,3.6097891323037097e-06,3.6097891323037097e-06,3.6097891323037097e-06,3.6097891323037097e-06,0.0,0.0,0.0,0.0,0.06199930591100914,0.0
1727821500.0,3.6097891323037097e-06,3.6097891323037097e-06,3.6097891323037097e-06,3.6097891323037097e-06,0.0,0.0,0.0,0.0,0.06199930591100914,0.0
1727821560.0,3.6097891323037097e-06,3.6097891323037097e-06,3.6097891323037097e-06,3.6097891323037097e-06,0.0,0.0,0.0,0.0,0.06199930591100914,0.0
1727821620.0,3.6097891323037097e-06,3.6097891323037097e-06,3.6097891323037097e-06,3.6097891323037097e-06,0.0,0.0,0.0,0.0,0.06199930591100914,0.0
1727821680.0,3.6097891323037097e-06,3.6097891323037097e-06,3.6097891323037097e-06,3.6097891323037097e-06,0.0,0.0,0.0,0.0,0.06199930591100914,0.0
1727821740.0,3.6097891323037097e-06,3.6097891323037097e-06,3.6097891323037097e-06,3.6097891323037097e-06,0.0,0.0,0.0,0.0,0.06199930591100914,0.0
1727821800.0,3.6097891323037097e-06,3.6097891323037097e-06,3.6097891323037097e-06,3.6097891323037097e-06,0.0,0.0,0.0,0.0,0.06199930591100914,0.0
1727821860.0,3.6097891323037097e-06,3.6097891323037097e-06,3.6097891323037097e-06,3.6097891323037097e-06,0.0,0.0,0.0,0.0,0.06199930591100914,0.0
1727821920.0,3.6097891323037097e-06,3.6097891323037097e-06,3.6097891323037097e-06,3.6097891323037097e-06,0.0,0.0,0.0,0.0,0.06199930591100914,0.0
1727821980.0,3.6097891323037097e-06,3.6097891323037097e-06,3.6097891323037097e-06,3.6097891323037097e-06,0.0,0.0,0.0,0.0,0.06199930591100914,0.0
1727822040.0,3.6097891323037097e-06,3.6097891323037097e-06,3.6097891323037097e-06,3.6097891323037097e-06,0.0,0.0,0.0,0.0,0.06199930591100914,0.0
1727822100.0,3.6097891323037097e-06,3.6097891323037097e-06,3.6097891323037097e-06,3.6097891323037097e-06,0.0,0.0,0.0,0.0,0.06199930591100914,0.0
1727822160.0,3.6097891323037097e-06,3.6097891323037097e-06,3.6097891323037097e-06,3.6097891323037097e-06,0.0,0.0,0.0,0.0,0.06199930591100914,0.0
1727822220.0,3.6097891323037097e-06,3.6097891323037097e-06,3.6097891323037097e-06,3.6097891323037097e-06,0.0,0.0,0.0,0.0,0.06199930591100914,0.0
1727822280.0,3.6097891323037097e-06,3.6097891323037097e-06,3.6097891323037097e-06,3.6097891323037097e-06,0.0,0.0,0.0,0.0,0.06199930591100914,0.0
1727822340.0,3.6097891323037097e-06,3.6097891323037097e-06,3.6097891323037097e-06,3.6097891323037097e-06,0.0,0.0,0.0,0.0,0.06199930591100914,0.0
1727822400.0,3.6097891323037097e-06,3.6097891323037097e-06,3.6097891323037097e-06,3.6097891323037097e-06,0.0,0.0,0.0,0.0,0.06199930591100914,0.0
1727822460.0,3.6097891323037097e-06,3.6097891323037097e-06,3.6097891323037097e-06,3.6097891323037097e-06,0.0,0.0,0.0,0.0,0.06199930591100914,0.0
1727822520.0,3.6097891323037097e-06,3.6097891323037097e-06,3.6097891323037097e-06,3.6097891323037097e-06,0.0,0.0,0.0,0.0,0.06199930591100914,0.0
1727822580.0,3.6097891323037097e-06,3.6097891323037097e-06,3.6097891323037097e-06,3.6097891323037097e-06,0.0,0.0,0.0,0.0,0.06199930591100914,0.0
1727822640.0,3.6097891323037097e-06,3.6097891323037097e-06,3.6097891323037097e-06,3.6097891323037097e-06,0.0,0.0,0.0,0.0,0.06199930591100914,0.0
1727822700.0,3.6097891323037097e-06,3.6264423750568768e-06,3.6097891323037097e-06,3.6264423750568768e-06,28.836331572666385,0.00010433318554141267,0.004613356111064371,0.0,0.06199930591100914,0.004613356111064371
1727822760.0,3.6264423750568768e-06,3.6264423750568768e-06,3.6264423750568768e-06,3.6264423750568768e-06,0.0,0.0,0.0,-1.0,0.062285330787815445,0.0
1727822820.0,3.6264423750568768e-06,3.6264423750568768e-06,3.6264423750568768e-06,3.6264423750568768e-06,0.0,0.0,0.0,0.0,0.062285330787815445,0.0
1727822880.0,3.6264423750568768e-06,3.6264423750568768e-06,3.6264423750568768e-06,3.6264423750568768e-06,0.0,0.0,0.0,0.0,0.062285330787815445,0.0
1727822940.0,3.6264423750568768e-06,3.6264423750568768e-06,3.6264423750568768e-06,3.6264423750568768e-06,0.0,0.0,0.0,0.0,0.062285330787815445,0.0
1727823000.0,3.6264423750568768e-06,3.6264423750568768e-06,3.6264423750568768e-06,3.6264423750568768e-06,0.0,0.0,0.0,0.0,0.062285330787815445,0.0
1727823060.0,3.6264423750568768e-06,3.6264423750568768e-06,3.6264423750568768e-06,3.6264423750568768e-06,0.0,0.0,0.0,0.0,0.062285330787815445,0.0
1727823120.0,3.6264423750568768e-06,3.6264423750568768e-06,3.6264423750568768e-06,3.6264423750568768e-06,0.0,0.0,0.0,0.0,0.062285330787815445,0.0
1727823180.0,3.6264423750568768e-06,3.6264423750568768e-06,3.6264423750568768e-06,3.6264423750568768e-06,0.0,0.0,0.0,0.0,0.062285330787815445,0.0
1727823240.0,3.6264423750568768e-06,3.6264423750568768e-06,3.6264423750568768e-06,3.6264423750568768e-06,0.0,0.0,0.0,0.0,0.062285330787815445,0.0
1727823300.0,3.6264423750568768e-06,3.6264423750568768e-06,3.6264423750568768e-06,3.6264423750568768e-06,0.0,0.0,0.0,0.0,0.062285330787815445,0.0
1727823360.0,3.6264423750568768e-06,3.6264423750568768e-06,3.6264423750568768e-06,3.6264423750568768e-06,0.0,0.0,0.0,0.0,0.062285330787815445,0.0
1727823420.0,3.6264423750568768e-06,3.6681366169029705e-06,3.6264423750568768e-06,3.6681366169029705e-06,1.0115416663776444,3.6893852945252104e-06,0.01149728508934043,0.0,0.062285330787815445,0.01149728508934043
1727823480.0,3.6681366169029705e-06,3.6681366169029705e-06,3.6681366169029705e-06,3.6681366169029705e-06,0.0,0.0,0.0,-1.0,0.06300144299276683,0.0
1727823540.0,3.6681366169029705e-06,3.6681366169029705e-06,3.6681366169029705e-06,3.6681366169029705e-06,0.0,0.0,0.0,0.0,0.06300144299276683,0.0
1727823600.0,3.6681366169029705e-06,3.6681366169029705e-06,3.6681366169029705e-06,3.6681366169029705e-06,0.0,0.0,0.0,0.0,0.06300144299276683,0.0
1727823660.0,3.6681366169029705e-06,3.6681366169029705e-06,3.6681366169029705e-06,3.6681366169029705e-06,0.0,0.0,0.0,0.0,0.06300144299276683,0.0
1727823720.0,3.6681366169029705e-06,3.6681366169029705e-06,3.6681366169029705e-06,3.6681366169029705e-06,0.0,0.0,0.0,0.0,0.06300144299276683,0.0
1727823780.0,3.6681366169029705e-06,3.6681366169029705e-06,3.6681366169029705e-06,3.6681366169029705e-06,0.0,0.0,0.0,0.0,0.06300144299276683,0.0
1727823840.0,3.6681366169029705e-06,3.6681366169029705e-06,3.649868046126256e-06,3.649868046126256e-06,0.7219624041248256,2.6416621199586325e-06,-0.004980340888213338,0.0,0.06300144299276683,0.004980340888213338
1727823900.0,3.649868046126256e-06,3.649868046126256e-06,3.649868046126256e-06,3.649868046126256e-06,0.0,0.0,0.0,-1.0,0.06268767433021351,0.0
1727823960.0,3.649868046126256e-06,3.649868046126256e-06,3.649868046126256e-06,3.649868046126256e-06,0.0,0.0,0.0,0.0,0.06268767433021351,0.0
1727824020.0,3.649868046126256e-06,3.649868046126256e-06,3.649868046126256e-06,3.649868046126256e-06,0.0,0.0,0.0,0.0,0.06268767433021351,0.0
1727824080.0,3.649868046126256e-06,3.649868046126256e-06,3.649868046126256e-06,3.649868046126256e-06,0.0,0.0,0.0,0.0,0.06268767433021351,0.0
1727824140.0,3.649868046126256e-06,3.649868046126256e-06,3.649868046126256e-06,3.649868046126256e-06,0.0,0.0,0.0,0.0,0.06268767433021351,0.0
1727824200.0,3.649868046126256e-06,3.649868046126256e-06,3.649868046126256e-06,3.649868046126256e-06,0.0,0.0,0.0,0.0,0.06268767433021351,0.0
1727824260.0,3.649868046126256e-06,3.649868046126256e-06,3.649868046126256e-06,3.649868046126256e-06,0.0,0.0,0.0,0.0,0.06268767433021351,0.0
1727824320.0,3.649868046126256e-06,3.649868046126256e-06,3.649868046126256e-06,3.649868046126256e-06,0.0,0.0,0.0,0.0,0.06268767433021351,0.0
1727824380.0,3.649868046126256e-06,3.649868046126256e-06,3.649868046126256e-06,3.649868046126256e-06,0.0,0.0,0.0,0.0,0.06268767433021351,0.0
1727824440.0,3.649868046126256e-06,3.649868046126256e-06,3.649868046126256e-06,3.649868046126256e-06,0.0,0.0,0.0,0.0,0.06268767433021351,0.0
1727824500.0,3.649868046126256e-06,3.649868046126256e-06,3.649868046126256e-06,3.649868046126256e-06,0.0,0.0,0.0,0.0,0.06268767433021351,0.0
1727824560.0,3.649868046126256e-06,3.649868046126256e-06,3.649868046126256e-06,3.649868046126256e-06,0.0,0.0,0.0,0.0,0.06268767433021351,0.0
1727824620.0,3.649868046126256e-06,3.649868046126256e-06,3.649868046126256e-06,3.649868046126256e-06,0.0,0.0,0.0,0.0,0.06268767433021351,0.0
1727824680.0,3.649868046126256e-06,3.649868046126256e-06,3.649868046126256e-06,3.649868046126256e-06,0.0,0.0,0.0,0.0,0.06268767433021351,0.0
1727824740.0,3.649868046126256e-06,3.649868046126256e-06,3.649868046126256e-06,3.649868046126256e-06,0.0,0.0,0.0,0.0,0.06268767433021351,0.0
1727824800.0,3.649868046126256e-06,3.649868046126256e-06,3.649868046126256e-06,3.649868046126256e-06,0.0,0.0,0.0,0.0,0.06268767433021351,0.0
1727824860.0,3.649868046126256e-06,3.649868046126256e-06,3.649868046126256e-06,3.649868046126256e-06,0.0,0.0,0.0,0.0,0.06268767433021351,0.0
1727824920.0,3.649868046126256e-06,3.649868046126256e-06,3.649868046126256e-06,3.649868046126256e-06,0.0,0.0,0.0,0.0,0.06268767433021351,0.0
1727824980.0,3.649868046126256e-06,3.649868046126256e-06,3.649868046126256e-06,3.649868046126256e-06,0.0,0.0,0.0,0.0,0.06268767433021351,0.0
1727825040.0,3.649868046126256e-06,3.649868046126256e-06,3.649868046126256e-06,3.649868046126256e-06,0.0,0.0,0.0,0.0,0.06268767433021351,0.0
1727825100.0,3.649868046126256e-06,3.649868046126256e-06,3.649868046126256e-06,3.649868046126256e-06,0.0,0.0,0.0,0.0,0.06268767433021351,0.0
1727825160.0,3.649868046126256e-06,3.649868046126256e-06,3.649868046126256e-06,3.649868046126256e-06,0.0,0.0,0.0,0.0,0.06268767433021351,0.0
1727825220.0,3.649868046126256e-06,3.649868046126256e-06,3.649868046126256e-06,3.649868046126256e-06,0.0,0.0,0.0,0.0,0.06268767433021351,0.0
1727825280.0,3.649868046126256e-06,3.649868046126256e-06,3.649868046126256e-06,3.649868046126256e-06,0.0,0.0,0.0,0.0,0.06268767433021351,0.0
1727825340.0,3.649868046126256e-06,3.649868046126256e-06,3.649868046126256e-06,3.649868046126256e-06,0.0,0.0,0.0,0.0,0.06268767433021351,0.0
1727825400.0,3.649868046126256e-06,3.649868046126256e-06,3.649868046126256e-06,3.649868046126256e-06,0.0,0.0,0.0,0.0,0.06268767433021351,0.0
1727825460.0,3.649868046126256e-06,3.649868046126256e-06,3.649868046126256e-06,3.649868046126256e-06,0.0,0.0,0.0,0.0,0.06268767433021351,0.0
1727825520.0,3.649868046126256e-06,3.649868046126256e-06,3.649868046126256e-06,3.649868046126256e-06,0.0,0.0,0.0,0.0,0.06268767433021351,0.0
1727825580.0,3.649868046126256e-06,3.649868046126256e-06,3.649868046126256e-06,3.649868046126256e-06,0.0,0.0,0.0,0.0,0.06268767433021351,0.0
1727825640.0,3.649868046126256e-06,3.649868046126256e-06,3.649868046126256e-06,3.649868046126256e-06,0.0,0.0,0.0,0.0,0.06268767433021351,0.0
1727825700.0,3.649868046126256e-06,3.649868046126256e-06,3.620908951458182e-06,3.620908951458182e-06,24.08621960684152,8.756276573809531e-05,-0.007934285377469865,0.0,0.06268767433021351,0.007934285377469865
1727825760.0,3.620908951458182e-06,3.620908951458182e-06,3.620908951458182e-06,3.620908951458182e-06,0.0,0.0,0.0,-1.0,0.062190292432427706,0.0
1727825820.0,3.620908951458182e-06,3.620908951458182e-06,3.620908951458182e-06,3.620908951458182e-06,0.0,0.0,0.0,0.0,0.062190292432427706,0.0
1727825880.0,3.620908951458182e-06,3.620908951458182e-06,3.620908951458182e-06,3.620908951458182e-06,0.0,0.0,0.0,0.0,0.062190292432427706,0.0
1727825940.0,3.620908951458182e-06,3.620908951458182e-06,3.620908951458182e-06,3.620908951458182e-06,0.0,0.0,0.0,0.0,0.062190292432427706,0.0
1727826000.0,3.620908951458182e-06,3.620908951458182e-06,3.620908951458182e-06,3.620908951458182e-06,0.0,0.0,0.0,0.0,0.062190292432427706,0.0
1727826060.0,3.620908951458182e-06,3.620908951458182e-06,3.620908951458182e-06,3.620908951458182e-06,0.0,0.0,0.0,0.0,0.062190292432427706,0.0
1727826120.0,3.620908951458182e-06,3.620908951458182e-06,3.620908951458182e-06,3.620908951458182e-06,0.0,0.0,0.0,0.0,0.062190292432427706,0.0
1727826180.0,3.620908951458182e-06,3.620908951458182e-06,3.620908951458182e-06,3.620908951458182e-06,0.0,0.0,0.0,0.0,0.062190292432427706,0.0
1727826240.0,3.620908951458182e-06,3.620908951458182e-06,3.620908951458182e-06,3.620908951458182e-06,0.0,0.0,0.0,0.0,0.062190292432427706,0.0
1727826300.0,3.620908951458182e-06,3.620908951458182e-06,3.620908951458182e-06,3.620908951458182e-06,0.0,0.0,0.0,0.0,0.062190292432427706,0.0
1727826360.0,3.620908951458182e-06,3.620908951458182e-06,3.620908951458182e-06,3.620908951458182e-06,0.0,0.0,0.0,0.0,0.062190292432427706,0.0
1727826420.0,3.620908951458182e-06,3.620908951458182e-06,3.620908951458182e-06,3.620908951458182e-06,0.0,0.0,0.0,0.0,0.062190292432427706,0.0
1727826480.0,3.620908951458182e-06,3.620908951458182e-06,3.620908951458182e-06,3.620908951458182e-06,0.0,0.0,0.0,0.0,0.062190292432427706,0.0
1727826540.0,3.620908951458182e-06,3.620908951458182e-06,3.620908951458182e-06,3.620908951458182e-06,0.0,0.0,0.0,0.0,0.062190292432427706,0.0
1727826600.0,3.620908951458182e-06,3.620908951458182e-06,3.620908951458182e-06,3.620908951458182e-06,0.0,0.0,0.0,0.0,0.062190292432427706,0.0
1727826660.0,3.620908951458182e-06,3.620908951458182e-06,3.620908951458182e-06,3.620908951458182e-06,0.0,0.0,0.0,0.0,0.062190292432427706,0.0
1727826720.0,3.620908951458182e-06,3.620908951458182e-06,3.620908951458182e-06,3.620908951458182e-06,0.0,0.0,0.0,0.0,0.062190292432427706,0.0
1727826780.0,3.620908951458182e-06,3.620908951458182e-06,3.620908951458182e-06,3.620908951458182e-06,0.0,0.0,0.0,0.0,0.062190292432427706,0.0
1727826840.0,3.620908951458182e-06,3.620908951458182e-06,3.620908951458182e-06,3.620908951458182e-06,0.0,0.0,0.0,0.0,0.062190292432427706,0.0
1727826900.0,3.620908951458182e-06,3.620908951458182e-06,3.620908951458182e-06,3.620908951458182e-06,0.0,0.0,0.0,0.0,0.062190292432427706,0.0
1727826960.0,3.620908951458182e-06,3.620908951458182e-06,3.620908951458182e-06,3.620908951458182e-06,0.0,0.0,0.0,0.0,0.062190292432427706,0.0
1727827020.0,3.620908951458182e-06,3.620908951458182e-06,3.620908951458182e-06,3.620908951458182e-06,0.0,0.0,0.0,0.0,0.062190292432427706,0.0
1727827080.0,3.620908951458182e-06,3.620908951458182e-06,3.620908951458182e-06,3.620908951458182e-06,0.0,0.0,0.0,0.0,0.062190292432427706,0.0
1727827140.0,3.620908951458182e-06,3.620908951458182e-06,3.620908951458182e-06,3.620908951458182e-06,0.0,0.0,0.0,0.0,0.062190292432427706,0.0
1727827200.0,3.620908951458182e-06,3.620908951458182e-06,3.620908951458182e-06,3.620908951458182e-06,0.0,0.0,0.0,0.0,0.062190292432427706,0.0
1727827260.0,3.620908951458182e-06,3.620908951458182e-06,3.620908951458182e-06,3.620908951458182e-06,0.0,0.0,0.0,0.0,0.062190292432427706,0.0
1727827320.0,3.620908951458182e-06,3.620908951458182e-06,3.620908951458182e-06,3.620908951458182e-06,0.0,0.0,0.0,0.0,0.062190292432427706,0.0
1727827380.0,3.620908951458182e-06,3.620908951458182e-06,3.620908951458182e-06,3.620908951458182e-06,0.0,0.0,0.0,0.0,0.062190292432427706,0.0
1727827440.0,3.620908951458182e-06,3.620908951458182e-06,3.620908951458182e-06,3.620908951458182e-06,0.0,0.0,0.0,0.0,0.062190292432427706,0.0
1727827500.0,3.620908951458182e-06,3.620908951458182e-06,3.620908951458182e-06,3.620908951458182e-06,0.0,0.0,0.0,0.0,0.062190292432427706,0.0
1727827560.0,3.620908951458182e-06,3.620908951458182e-06,3.620908951458182e-06,3.620908951458182e-06,0.0,0.0,0.0,0.0,0.062190292432427706,0.0
1727827620.0,3.620908951458182e-06,3.620908951458182e-06,3.5999549606715797e-06,3.5999549606715797e-06,6.7599051707790725,2.4406177648548988e-05,-0.005786942192557445,0.0,0.062190292432427706,0.005786942192557445
1727827680.0,3.5999549606715797e-06,3.5999549606715797e-06,3.5999549606715797e-06,3.5999549606715797e-06,0.0,0.0,0.0,-1.0,0.061830400805183004,0.0
1727827740.0,3.5999549606715797e-06,3.5999549606715797e-06,3.5999549606715797e-06,3.5999549606715797e-06,0.0,0.0,0.0,0.0,0.061830400805183004,0.0
1727827800.0,3.5999549606715797e-06,3.5999549606715797e-06,3.5999549606715797e-06,3.5999549606715797e-06,0.0,0.0,0.0,0.0,0.061830400805183004,0.0
1727827860.0,3.5999549606715797e-06,3.5999549606715797e-06,3.5999549606715797e-06,3.5999549606715797e-06,0.0,0.0,0.0,0.0,0.061830400805183004,0.0
1727827920.0,3.5999549606715797e-06,3.5999549606715797e-06,3.5999549606715797e-06,3.5999549606715797e-06,0.0,0.0,0.0,0.0,0.061830400805183004,0.0
1727827980.0,3.5999549606715797e-06,3.5999549606715797e-06,3.5999549606715797e-06,3.5999549606715797e-06,0.0,0.0,0.0,0.0,0.061830400805183004,0.0
1727828040.0,3.5999549606715797e-06,3.5999549606715797e-06,3.5999549606715797e-06,3.5999549606715797e-06,0.0,0.0,0.0,0.0,0.061830400805183004,0.0
1727828100.0,3.5999549606715797e-06,3.5999549606715797e-06,3.5999549606715797e-06,3.5999549606715797e-06,0.0,0.0,0.0,0.0,0.061830400805183004,0.0
1727828160.0,3.5999549606715797e-06,3.5999549606715797e-06,3.5999549606715797e-06,3.5999549606715797e-06,0.0,0.0,0.0,0.0,0.061830400805183004,0.0
1727828220.0,3.5999549606715797e-06,3.5999549606715797e-06,3.5999549606715797e-06,3.5999549606715797e-06,0.0,0.0,0.0,0.0,0.061830400805183004,0.0
1727828280.0,3.5999549606715797e-06,3.5999549606715797e-06,3.5999549606715797e-06,3.5999549606715797e-06,0.0,0.0,0.0,0.0,0.061830400805183004,0.0
1727828340.0,3.5999549606715797e-06,3.5999549606715797e-06,3.5999549606715797e-06,3.5999549606715797e-06,0.0,0.0,0.0,0.0,0.061830400805183004,0.0
1727828400.0,3.5999549606715797e-06,3.5999549606715797e-06,3.5999549606715797e-06,3.5999549606715797e-06,0.0,0.0,0.0,0.0,0.061830400805183004,0.0
1727828460.0,3.5999549606715797e-06,3.5999549606715797e-06,3.5999549606715797e-06,3.5999549606715797e-06,0.0,0.0,0.0,0.0,0.061830400805183004,0.0
1727828520.0,3.5999549606715797e-06,3.5999549606715797e-06,3.5999549606715797e-06,3.5999549606715797e-06,0.0,0.0,0.0,0.0,0.061830400805183004,0.0
1727828580.0,3.5999549606715797e-06,3.5999549606715797e-06,3.5999549606715797e-06,3.5999549606715797e-06,0.0,0.0,0.0,0.0,0.061830400805183004,0.0
1727828640.0,3.5999549606715797e-06,3.5999549606715797e-06,3.5999549606715797e-06,3.5999549606715797e-06,0.0,0.0,0.0,0.0,0.061830400805183004,0.0
1727828700.0,3.5999549606715797e-06,3.5999549606715797e-06,3.5999549606715797e-06,3.5999549606715797e-06,0.0,0.0,0.0,0.0,0.061830400805183004,0.0
1727828760.0,3.5999549606715797e-06,3.5999549606715797e-06,3.5999549606715797e-06,3.5999549606715797e-06,0.0,0.0,0.0,0.0,0.061830400805183004,0.0
1727828820.0,3.5999549606715797e-06,3.5999549606715797e-06,3.5999549606715797e-06,3.5999549606715797e-06,0.0,0.0,0.0,0.0,0.061830400805183004,0.0
1727828880.0,3.5999549606715797e-06,3.5999549606715797e-06,3.5999549606715797e-06,3.5999549606715797e-06,0.0,0.0,0.0,0.0,0.061830400805183004,0.0
1727828940.0,3.5999549606715797e-06,3.5999549606715797e-06,3.5999549606715797e-06,3.5999549606715797e-06,0.0,0.0,0.0,0.0,0.061830400805183004,0.0
1727829000.0,3.5999549606715797e-06,3.5999549606715797e-06,3.5999549606715797e-06,3.5999549606715797e-06,0.0,0.0,0.0,0.0,0.061830400805183004,0.0
1727829060.0,3.5999549606715797e-06,3.5999549606715797e-06,3.5999549606715797e-06,3.5999549606715797e-06,0.0,0.0,0.0,0.0,0.061830400805183004,0.0
1727829120.0,3.5999549606715797e-06,3.5999549606715797e-06,3.5999549606715797e-06,3.5999549606715797e-06,0.0,0.0,0.0,0.0,0.061830400805183004,0.0
1727829180.0,3.5999549606715797e-06,3.5999549606715797e-06,3.5999549606715797e-06,3.5999549606715797e-06,0.0,0.0,0.0,0.0,0.061830400805183004,0.0
1727829240.0,3.5999549606715797e-06,3.5999549606715797e-06,3.5999549606715797e-06,3.5999549606715797e-06,0.0,0.0,0.0,0.0,0.061830400805183004,0.0
1727829300.0,3.5999549606715797e-06,3.5999549606715797e-06,3.5999549606715797e-06,3.5999549606715797e-06,0.0,0.0,0.0,0.0,0.061830400805183004,0.0
1727829360.0,3.5999549606715797e-06,3.5999549606715797e-06,3.5999549606715797e-06,3.5999549606715797e-06,0.0,0.0,0.0,0.0,0.061830400805183004,0.0
1727829420.0,3.5999549606715797e-06,3.5999549606715797e-06,3.5999549606715797e-06,3.5999549606715797e-06,0.0,0.0,0.0,0.0,0.061830400805183004,0.0
1727829480.0,3.5999549606715797e-06,3.5999549606715797e-06,3.5999549606715797e-06,3.5999549606715797e-06,0.0,0.0,0.0,0.0,0.061830400805183004,0.0
1727829540.0,3.5999549606715797e-06,3.5999549606715797e-06,3.5999549606715797e-06,3.5999549606715797e-06,0.0,0.0,0.0,0.0,0.061830400805183004,0.0
1727829600.0,3.5999549606715797e-06,3.5999549606715797e-06,3.5999549606715797e-06,3.5999549606715797e-06,0.0,0.0,0.0,0.0,0.061830400805183004,0.0
1727829660.0,3.5999549606715797e-06,3.5999549606715797e-06,3.5999549606715797e-06,3.5999549606715797e-06,0.0,0.0,0.0,0.0,0.061830400805183004,0.0
1727829720.0,3.5999549606715797e-06,3.5999549606715797e-06,3.5999549606715797e-06,3.5999549606715797e-06,0.0,0.0,0.0,0.0,0.061830400805183004,0.0
1727829780.0,3.5999549606715797e-06,3.5999549606715797e-06,3.5999549606715797e-06,3.5999549606715797e-06,0.0,0.0,0.0,0.0,0.061830400805183004,0.0
1727829840.0,3.5999549606715797e-06,3.5999549606715797e-06,3.5999549606715797e-06,3.5999549606715797e-06,0.0,0.0,0.0,0.0,0.061830400805183004,0.0
1727829900.0,3.5999549606715797e-06,3.5999549606715797e-06,3.5999549606715797e-06,3.5999549606715797e-06,0.0,0.0,0.0,0.0,0.061830400805183004,0.0
1727829960.0,3.5999549606715797e-06,3.5999549606715797e-06,3.5999549606715797e-06,3.5999549606715797e-06,0.0,0.0,0.0,0.0,0.061830400805183004,0.0
1727830020.0,3.5999549606715797e-06,3.5999549606715797e-06,3.5999549606715797e-06,3.5999549606715797e-06,0.0,0.0,0.0,0.0,0.061830400805183004,0.0
1727830080.0,3.5999549606715797e-06,3.5999549606715797e-06,3.5999549606715797e-06,3.5999549606715797e-06,0.0,0.0,0.0,0.0,0.061830400805183004,0.0
1727830140.0,3.5999549606715797e-06,3.5999549606715797e-06,3.5999549606715797e-06,3.5999549606715797e-06,0.0,0.0,0.0,0.0,0.061830400805183004,0.0
1727830200.0,3.5999549606715797e-06,3.5999549606715797e-06,3.5999549606715797e-06,3.5999549606715797e-06,0.0,0.0,0.0,0.0,0.061830400805183004,0.0
1727830260.0,3.5999549606715797e-06,3.5999549606715797e-06,3.5999549606715797e-06,3.5999549606715797e-06,0.0,0.0,0.0,0.0,0.061830400805183004,0.0
1727830320.0,3.5999549606715797e-06,3.5999549606715797e-06,3.5999549606715797e-06,3.5999549606715797e-06,0.0,0.0,0.0,0.0,0.061830400805183004,0.0
1727830380.0,3.5999549606715797e-06,3.5999549606715797e-06,3.5999549606715797e-06,3.5999549606715797e-06,0.0,0.0,0.0,0.0,0.061830400805183004,0.0
1727830440.0,3.5999549606715797e-06,3.5999549606715797e-06,3.5999549606715797e-06,3.5999549606715797e-06,0.0,0.0,0.0,0.0,0.061830400805183004,0.0
1727830500.0,3.5999549606715797e-06,3.5999549606715797e-06,3.577463575007043e-06,3.577463575007043e-06,0.1537966666222942,5.5193152287022e-07,-0.006247685293357422,0.0,0.061830400805183004,0.006247685293357422
1727830560.0,3.577463575007043e-06,3.577463575007043e-06,3.577463575007043e-06,3.577463575007043e-06,0.0,0.0,0.0,-1.0,0.061444103919390064,0.0
1727830620.0,3.577463575007043e-06,3.577463575007043e-06,3.577463575007043e-06,3.577463575007043e-06,0.0,0.0,0.0,0.0,0.061444103919390064,0.0
1727830680.0,3.577463575007043e-06,3.577463575007043e-06,3.577463575007043e-06,3.577463575007043e-06,0.0,0.0,0.0,0.0,0.061444103919390064,0.0
1727830740.0,3.577463575007043e-06,3.577463575007043e-06,3.577463575007043e-06,3.577463575007043e-06,0.0,0.0,0.0,0.0,0.061444103919390064,0.0
1727830800.0,3.577463575007043e-06,3.577463575007043e-06,3.577463575007043e-06,3.577463575007043e-06,0.0,0.0,0.0,0.0,0.061444103919390064,0.0
1727830860.0,3.577463575007043e-06,3.577463575007043e-06,3.577463575007043e-06,3.577463575007043e-06,0.0,0.0,0.0,0.0,0.061444103919390064,0.0
1727830920.0,3.577463575007043e-06,3.577463575007043e-06,3.577463575007043e-06,3.577463575007043e-06,0.0,0.0,0.0,0.0,0.061444103919390064,0.0
1727830980.0,3.577463575007043e-06,3.577463575007043e-06,3.577463575007043e-06,3.577463575007043e-06,0.0,0.0,0.0,0.0,0.061444103919390064,0.0
1727831040.0,3.577463575007043e-06,3.577463575007043e-06,3.577463575007043e-06,3.577463575007043e-06,0.0,0.0,0.0,0.0,0.061444103919390064,0.0
1727831100.0,3.577463575007043e-06,3.577463575007043e-06,3.577463575007043e-06,3.577463575007043e-06,0.0,0.0,0.0,0.0,0.061444103919390064,0.0
1727831160.0,3.577463575007043e-06,3.577463575007043e-06,3.577463575007043e-06,3.577463575007043e-06,0.0,0.0,0.0,0.0,0.061444103919390064,0.0
1727831220.0,3.577463575007043e-06,3.577463575007043e-06,3.577463575007043e-06,3.577463575007043e-06,0.0,0.0,0.0,0.0,0.061444103919390064,0.0
1727831280.0,3.577463575007043e-06,3.577463575007043e-06,3.577463575007043e-06,3.577463575007043e-06,0.0,0.0,0.0,0.0,0.061444103919390064,0.0
1727831340.0,3.577463575007043e-06,3.577463575007043e-06,3.577463575007043e-06,3.577463575007043e-06,0.0,0.0,0.0,0.0,0.061444103919390064,0.0
1727831400.0,3.577463575007043e-06,3.577463575007043e-06,3.577463575007043e-06,3.577463575007043e-06,0.0,0.0,0.0,0.0,0.061444103919390064,0.0
1727831460.0,3.577463575007043e-06,3.577463575007043e-06,3.577463575007043e-06,3.577463575007043e-06,0.0,0.0,0.0,0.0,0.061444103919390064,0.0
1727831520.0,3.577463575007043e-06,3.577463575007043e-06,3.577463575007043e-06,3.577463575007043e-06,0.0,0.0,0.0,0.0,0.061444103919390064,0.0
1727831580.0,3.577463575007043e-06,3.577463575007043e-06,3.577463575007043e-06,3.577463575007043e-06,0.0,0.0,0.0,0.0,0.061444103919390064,0.0
1727831640.0,3.577463575007043e-06,3.577463575007043e-06,3.577463575007043e-06,3.577463575007043e-06,0.0,0.0,0.0,0.0,0.061444103919390064,0.0
1727831700.0,3.577463575007043e-06,3.577463575007043e-06,3.577463575007043e-06,3.577463575007043e-06,0.0,0.0,0.0,0.0,0.061444103919390064,0.0
1727831760.0,3.577463575007043e-06,3.577463575007043e-06,3.577463575007043e-06,3.577463575007043e-06,0.0,0.0,0.0,0.0,0.061444103919390064,0.0
1727831820.0,3.577463575007043e-06,3.577463575007043e-06,3.577463575007043e-06,3.577463575007043e-06,0.0,0.0,0.0,0.0,0.061444103919390064,0.0
1727831880.0,3.577463575007043e-06,3.577463575007043e-06,3.577463575007043e-06,3.577463575007043e-06,0.0,0.0,0.0,0.0,0.061444103919390064,0.0
1727831940.0,3.577463575007043e-06,3.577463575007043e-06,3.577463575007043e-06,3.577463575007043e-06,0.0,0.0,0.0,0.0,0.061444103919390064,0.0
1727832000.0,3.577463575007043e-06,3.577463575007043e-06,3.577463575007043e-06,3.577463575007043e-06,0.0,0.0,0.0,0.0,0.061444103919390064,0.0
1727832060.0,3.577463575007043e-06,3.577463575007043e-06,3.577463575007043e-06,3.577463575007043e-06,0.0,0.0,0.0,0.0,0.061444103919390064,0.0
1727832120.0,3.577463575007043e-06,3.577463575007043e-06,3.577463575007043e-06,3.577463575007043e-06,0.0,0.0,0.0,0.0,0.061444103919390064,0.0
1727832180.0,3.577463575007043e-06,3.577463575007043e-06,3.577463575007043e-06,3.577463575007043e-06,0.0,0.0,0.0,0.0,0.061444103919390064,0.0
1727832240.0,3.577463575007043e-06,3.577463575007043e-06,3.577463575007043e-06,3.577463575007043e-06,0.0,0.0,0.0,0.0,0.061444103919390064,0.0
1727832300.0,3.577463575007043e-06,3.577463575007043e-06,3.577463575007043e-06,3.577463575007043e-06,0.0,0.0,0.0,0.0,0.061444103919390064,0.0
1727832360.0,3.577463575007043e-06,3.577463575007043e-06,3.577463575007043e-06,3.577463575007043e-06,0.0,0.0,0.0,0.0,0.061444103919390064,0.0
1727832420.0,3.577463575007043e-06,3.577463575007043e-06,3.577463575007043e-06,3.577463575007043e-06,0.0,0.0,0.0,0.0,0.061444103919390064,0.0
1727832480.0,3.577463575007043e-06,3.577463575007043e-06,3.577463575007043e-06,3.577463575007043e-06,0.0,0.0,0.0,0.0,0.061444103919390064,0.0
1727832540.0,3.577463575007043e-06,3.577463575007043e-06,3.577463575007043e-06,3.577463575007043e-06,0.0,0.0,0.0,0.0,0.061444103919390064,0.0
1727832600.0,3.577463575007043e-06,3.577463575007043e-06,3.577463575007043e-06,3.577463575007043e-06,0.0,0.0,0.0,0.0,0.061444103919390064,0.0
1727832660.0,3.577463575007043e-06,3.577463575007043e-06,3.577463575007043e-06,3.577463575007043e-06,0.0,0.0,0.0,0.0,0.061444103919390064,0.0
1727832720.0,3.577463575007043e-06,3.577463575007043e-06,3.577463575007043e-06,3.577463575007043e-06,0.0,0.0,0.0,0.0,0.061444103919390064,0.0
1727832780.0,3.577463575007043e-06,3.577463575007043e-06,3.577463575007043e-06,3.577463575007043e-06,0.0,0.0,0.0,0.0,0.061444103919390064,0.0
1727832840.0,3.577463575007043e-06,3.577463575007043e-06,3.577463575007043e-06,3.577463575007043e-06,0.0,0.0,0.0,0.0,0.061444103919390064,0.0
1727832900.0,3.577463575007043e-06,3.577463575007043e-06,3.577463575007043e-06,3.577463575007043e-06,0.0,0.0,0.0,0.0,0.061444103919390064,0.0
1727832960.0,3.577463575007043e-06,3.577463575007043e-06,3.577463575007043e-06,3.577463575007043e-06,0.0,0.0,0.0,0.0,0.061444103919390064,0.0
1727833020.0,3.577463575007043e-06,3.58007769153911e-06,3.577463575007043e-06,3.58007769153911e-06,24.681221628154596,8.832843115614398e-05,0.0007307178612048184,0.0,0.061444103919390064,0.0007307178612048184
1727833080.0,3.58007769153911e-06,3.58007769153911e-06,3.58007769153911e-06,3.58007769153911e-06,0.0,0.0,0.0,-1.0,0.06148900222358969,0.0
1727833140.0,3.58007769153911e-06,3.58007769153911e-06,3.58007769153911e-06,3.58007769153911e-06,0.0,0.0,0.0,0.0,0.06148900222358969,0.0
1727833200.0,3.58007769153911e-06,3.58007769153911e-06,3.58007769153911e-06,3.58007769153911e-06,0.0,0.0,0.0,0.0,0.06148900222358969,0.0
1727833260.0,3.58007769153911e-06,3.58007769153911e-06,3.58007769153911e-06,3.58007769153911e-06,0.0,0.0,0.0,0.0,0.06148900222358969,0.0
1727833320.0,3.58007769153911e-06,3.58007769153911e-06,3.58007769153911e-06,3.58007769153911e-06,0.0,0.0,0.0,0.0,0.06148900222358969,0.0
1727833380.0,3.58007769153911e-06,3.58007769153911e-06,3.58007769153911e-06,3.58007769153911e-06,0.0,0.0,0.0,0.0,0.06148900222358969,0.0
1727833440.0,3.58007769153911e-06,3.58007769153911e-06,3.58007769153911e-06,3.58007769153911e-06,0.0,0.0,0.0,0.0,0.06148900222358969,0.0
1727833500.0,3.58007769153911e-06,3.58007769153911e-06,3.58007769153911e-06,3.58007769153911e-06,0.0,0.0,0.0,0.0,0.06148900222358969,0.0
1727833560.0,3.58007769153911e-06,3.58007769153911e-06,3.58007769153911e-06,3.58007769153911e-06,0.0,0.0,0.0,0.0,0.06148900222358969,0.0
1727833620.0,3.58007769153911e-06,3.58007769153911e-06,3.58007769153911e-06,3.58007769153911e-06,0.0,0.0,0.0,0.0,0.06148900222358969,0.0
1727833680.0,3.58007769153911e-06,3.58007769153911e-06,3.58007769153911e-06,3.58007769153911e-06,0.0,0.0,0.0,0.0,0.06148900222358969,0.0
1727833740.0,3.58007769153911e-06,3.58007769153911e-06,3.58007769153911e-06,3.58007769153911e-06,0.0,0.0,0.0,0.0,0.06148900222358969,0.0
1727833800.0,3.58007769153911e-06,3.58007769153911e-06,3.58007769153911e-06,3.58007769153911e-06,0.0,0.0,0.0,0.0,0.06148900222358969,0.0
1727833860.0,3.58007769153911e-06,3.58007769153911e-06,3.58007769153911e-06,3.58007769153911e-06,0.0,0.0,0.0,0.0,0.06148900222358969,0.0
1727833920.0,3.58007769153911e-06,3.58007769153911e-06,3.58007769153911e-06,3.58007769153911e-06,0.0,0.0,0.0,0.0,0.06148900222358969,0.0
1727833980.0,3.58007769153911e-06,3.58007769153911e-06,3.58007769153911e-06,3.58007769153911e-06,0.0,0.0,0.0,0.0,0.06148900222358969,0.0
1727834040.0,3.58007769153911e-06,3.58007769153911e-06,3.58007769153911e-06,3.58007769153911e-06,0.0,0.0,0.0,0.0,0.06148900222358969,0.0
1727834100.0,3.58007769153911e-06,3.58007769153911e-06,3.58007769153911e-06,3.58007769153911e-06,0.0,0.0,0.0,0.0,0.06148900222358969,0.0
1727834160.0,3.58007769153911e-06,3.58007769153911e-06,3.58007769153911e-06,3.58007769153911e-06,0.0,0.0,0.0,0.0,0.06148900222358969,0.0
1727834220.0,3.58007769153911e-06,3.58007769153911e-06,3.58007769153911e-06,3.58007769153911e-06,0.0,0.0,0.0,0.0,0.06148900222358969,0.0
1727834280.0,3.58007769153911e-06,3.58007769153911e-06,3.58007769153911e-06,3.58007769153911e-06,0.0,0.0,0.0,0.0,0.06148900222358969,0.0
1727834340.0,3.58007769153911e-06,3.58007769153911e-06,3.58007769153911e-06,3.58007769153911e-06,0.0,0.0,0.0,0.0,0.06148900222358969,0.0
1727834400.0,3.58007769153911e-06,3.58007769153911e-06,3.58007769153911e-06,3.58007769153911e-06,0.0,0.0,0.0,0.0,0.06148900222358969,0.0
1727834460.0,3.58007769153911e-06,3.58007769153911e-06,3.58007769153911e-06,3.58007769153911e-06,0.0,0.0,0.0,0.0,0.06148900222358969,0.0
1727834520.0,3.58007769153911e-06,3.58007769153911e-06,3.58007769153911e-06,3.58007769153911e-06,0.0,0.0,0.0,0.0,0.06148900222358969,0.0
1727834580.0,3.58007769153911e-06,3.58007769153911e-06,3.58007769153911e-06,3.58007769153911e-06,0.0,0.0,0.0,0.0,0.06148900222358969,0.0
1727834640.0,3.58007769153911e-06,3.58007769153911e-06,3.58007769153911e-06,3.58007769153911e-06,0.0,0.0,0.0,0.0,0.06148900222358969,0.0
1727834700.0,3.58007769153911e-06,3.58007769153911e-06,3.58007769153911e-06,3.58007769153911e-06,0.0,0.0,0.0,0.0,0.06148900222358969,0.0
1727834760.0,3.58007769153911e-06,3.58007769153911e-06,3.58007769153911e-06,3.58007769153911e-06,0.0,0.0,0.0,0.0,0.06148900222358969,0.0
1727834820.0,3.58007769153911e-06,3.58007769153911e-06,3.58007769153911e-06,3.58007769153911e-06,0.0,0.0,0.0,0.0,0.06148900222358969,0.0
1727834880.0,3.58007769153911e-06,3.58007769153911e-06,3.58007769153911e-06,3.58007769153911e-06,0.0,0.0,0.0,0.0,0.06148900222358969,0.0
1727834940.0,3.58007769153911e-06,3.58007769153911e-06,3.58007769153911e-06,3.58007769153911e-06,0.0,0.0,0.0,0.0,0.06148900222358969,0.0
1727835000.0,3.58007769153911e-06,3.58007769153911e-06,3.58007769153911e-06,3.58007769153911e-06,0.0,0.0,0.0,0.0,0.06148900222358969,0.0
1727835060.0,3.58007769153911e-06,3.58007769153911e-06,3.5440065322560943e-06,3.5440065322560943e-06,16.25469053741778,5.7899892210145604e-05,-0.010075524162021312,0.0,0.06148900222358969,0.010075524162021312
1727835120.0,3.5440065322560943e-06,3.5440065322560943e-06,3.5440065322560943e-06,3.5440065322560943e-06,0.0,0.0,0.0,-1.0,0.06086946829598733,0.0
1727835180.0,3.5440065322560943e-06,3.5440065322560943e-06,3.5440065322560943e-06,3.5440065322560943e-06,0.0,0.0,0.0,0.0,0.06086946829598733,0.0
1727835240.0,3.5440065322560943e-06,3.5440065322560943e-06,3.5440065322560943e-06,3.5440065322560943e-06,0.0,0.0,0.0,0.0,0.06086946829598733,0.0
1727835300.0,3.5440065322560943e-06,3.5440065322560943e-06,3.5440065322560943e-06,3.5440065322560943e-06,0.0,0.0,0.0,0.0,0.06086946829598733,0.0
1727835360.0,3.5440065322560943e-06,3.5440065322560943e-06,3.5440065322560943e-06,3.5440065322560943e-06,0.0,0.0,0.0,0.0,0.06086946829598733,0.0
1727835420.0,3.5440065322560943e-06,3.5440065322560943e-06,3.5440065322560943e-06,3.5440065322560943e-06,0.0,0.0,0.0,0.0,0.06086946829598733,0.0
1727835480.0,3.5440065322560943e-06,3.5440065322560943e-06,3.5440065322560943e-06,3.5440065322560943e-06,0.0,0.0,0.0,0.0,0.06086946829598733,0.0
1727835540.0,3.5440065322560943e-06,3.5440065322560943e-06,3.5440065322560943e-06,3.5440065322560943e-06,0.0,0.0,0.0,0.0,0.06086946829598733,0.0
1727835600.0,3.5440065322560943e-06,3.5440065322560943e-06,3.5440065322560943e-06,3.5440065322560943e-06,0.0,0.0,0.0,0.0,0.06086946829598733,0.0
1727835660.0,3.5440065322560943e-06,3.5440065322560943e-06,3.5440065322560943e-06,3.5440065322560943e-06,0.0,0.0,0.0,0.0,0.06086946829598733,0.0
1727835720.0,3.5440065322560943e-06,3.5440065322560943e-06,3.5440065322560943e-06,3.5440065322560943e-06,0.0,0.0,0.0,0.0,0.06086946829598733,0.0
1727835780.0,3.5440065322560943e-06,3.5440065322560943e-06,3.5440065322560943e-06,3.5440065322560943e-06,0.0,0.0,0.0,0.0,0.06086946829598733,0.0
1727835840.0,3.5440065322560943e-06,3.5440065322560943e-06,3.5440065322560943e-06,3.5440065322560943e-06,0.0,0.0,0.0,0.0,0.06086946829598733,0.0
1727835900.0,3.5440065322560943e-06,3.5440065322560943e-06,3.5440065322560943e-06,3.5440065322560943e-06,0.0,0.0,0.0,0.0,0.06086946829598733,0.0
1727835960.0,3.5440065322560943e-06,3.5440065322560943e-06,3.5440065322560943e-06,3.5440065322560943e-06,0.0,0.0,0.0,0.0,0.06086946829598733,0.0
1727836020.0,3.5440065322560943e-06,3.5440065322560943e-06,3.5440065322560943e-06,3.5440065322560943e-06,0.0,0.0,0.0,0.0,0.06086946829598733,0.0
1727836080.0,3.5440065322560943e-06,3.5440065322560943e-06,3.5440065322560943e-06,3.5440065322560943e-06,0.0,0.0,0.0,0.0,0.06086946829598733,0.0
1727836140.0,3.5440065322560943e-06,3.5440065322560943e-06,3.5440065322560943e-06,3.5440065322560943e-06,0.0,0.0,0.0,0.0,0.06086946829598733,0.0
1727836200.0,3.5440065322560943e-06,3.5440065322560943e-06,3.5440065322560943e-06,3.5440065322560943e-06,0.0,0.0,0.0,0.0,0.06086946829598733,0.0
1727836260.0,3.5440065322560943e-06,3.5440065322560943e-06,3.5440065322560943e-06,3.5440065322560943e-06,0.0,0.0,0.0,0.0,0.06086946829598733,0.0
1727836320.0,3.5440065322560943e-06,3.5440065322560943e-06,3.5440065322560943e-06,3.5440065322560943e-06,0.0,0.0,0.0,0.0,0.06086946829598733,0.0
1727836380.0,3.5440065322560943e-06,3.5440065322560943e-06,3.5440065322560943e-06,3.5440065322560943e-06,0.0,0.0,0.0,0.0,0.06086946829598733,0.0
1727836440.0,3.5440065322560943e-06,3.5440065322560943e-06,3.5440065322560943e-06,3.5440065322560943e-06,0.0,0.0,0.0,0.0,0.06086946829598733,0.0
1727836500.0,3.5440065322560943e-06,3.5440065322560943e-06,3.5440065322560943e-06,3.5440065322560943e-06,0.0,0.0,0.0,0.0,0.06086946829598733,0.0
1727836560.0,3.5440065322560943e-06,3.5440065322560943e-06,3.5440065322560943e-06,3.5440065322560943e-06,0.0,0.0,0.0,0.0,0.06086946829598733,0.0
1727836620.0,3.5440065322560943e-06,3.5440065322560943e-06,3.5440065322560943e-06,3.5440065322560943e-06,0.0,0.0,0.0,0.0,0.06086946829598733,0.0
1727836680.0,3.5440065322560943e-06,3.5440065322560943e-06,3.5440065322560943e-06,3.5440065322560943e-06,0.0,0.0,0.0,0.0,0.06086946829598733,0.0
1727836740.0,3.5440065322560943e-06,3.5440065322560943e-06,3.5440065322560943e-06,3.5440065322560943e-06,0.0,0.0,0.0,0.0,0.06086946829598733,0.0
1727836800.0,3.5440065322560943e-06,3.5440065322560943e-06,3.5440065322560943e-06,3.5440065322560943e-06,0.0,0.0,0.0,0.0,0.06086946829598733,0.0
1727836860.0,3.5440065322560943e-06,3.5440065322560943e-06,3.5440065322560943e-06,3.5440065322560943e-06,0.0,0.0,0.0,0.0,0.06086946829598733,0.0
1727836920.0,3.5440065322560943e-06,3.5440065322560943e-06,3.5440065322560943e-06,3.5440065322560943e-06,0.0,0.0,0.0,0.0,0.06086946829598733,0.0
1727836980.0,3.5440065322560943e-06,3.5440065322560943e-06,3.5440065322560943e-06,3.5440065322560943e-06,0.0,0.0,0.0,0.0,0.06086946829598733,0.0
1727837040.0,3.5440065322560943e-06,3.5440065322560943e-06,3.5440065322560943e-06,3.5440065322560943e-06,0.0,0.0,0.0,0.0,0.06086946829598733,0.0
1727837100.0,3.5440065322560943e-06,3.5440065322560943e-06,3.5440065322560943e-06,3.5440065322560943e-06,0.0,0.0,0.0,0.0,0.06086946829598733,0.0
1727837160.0,3.5440065322560943e-06,3.5440065322560943e-06,3.5440065322560943e-06,3.5440065322560943e-06,0.0,0.0,0.0,0.0,0.06086946829598733,0.0
1727837220.0,3.5440065322560943e-06,3.5440065322560943e-06,3.5440065322560943e-06,3.5440065322560943e-06,0.0,0.0,0.0,0.0,0.06086946829598733,0.0
1727837280.0,3.5440065322560943e-06,3.5440065322560943e-06,3.5440065322560943e-06,3.5440065322560943e-06,0.0,0.0,0.0,0.0,0.06086946829598733,0.0
1727837340.0,3.5440065322560943e-06,3.5440065322560943e-06,3.5440065322560943e-06,3.5440065322560943e-06,0.0,0.0,0.0,0.0,0.06086946829598733,0.0
1727837400.0,3.5440065322560943e-06,3.5440065322560943e-06,3.5440065322560943e-06,3.5440065322560943e-06,0.0,0.0,0.0,0.0,0.06086946829598733,0.0
1727837460.0,3.5440065322560943e-06,3.5440065322560943e-06,3.5440065322560943e-06,3.5440065322560943e-06,0.0,0.0,0.0,0.0,0.06086946829598733,0.0
1727837520.0,3.5440065322560943e-06,3.5440065322560943e-06,3.5440065322560943e-06,3.5440065322560943e-06,0.0,0.0,0.0,0.0,0.06086946829598733,0.0
1727837580.0,3.5440065322560943e-06,3.5440065322560943e-06,3.5440065322560943e-06,3.5440065322560943e-06,0.0,0.0,0.0,0.0,0.06086946829598733,0.0
1727837640.0,3.5440065322560943e-06,3.5440065322560943e-06,3.5440065322560943e-06,3.5440065322560943e-06,0.0,0.0,0.0,0.0,0.06086946829598733,0.0
1727837700.0,3.5440065322560943e-06,3.5440065322560943e-06,3.5440065322560943e-06,3.5440065322560943e-06,0.0,0.0,0.0,0.0,0.06086946829598733,0.0
1727837760.0,3.5440065322560943e-06,3.5440065322560943e-06,3.5440065322560943e-06,3.5440065322560943e-06,0.0,0.0,0.0,0.0,0.06086946829598733,0.0
1727837820.0,3.5440065322560943e-06,3.5440065322560943e-06,3.5440065322560943e-06,3.5440065322560943e-06,0.0,0.0,0.0,0.0,0.06086946829598733,0.0
1727837880.0,3.5440065322560943e-06,3.5440065322560943e-06,3.5440065322560943e-06,3.5440065322560943e-06,0.0,0.0,0.0,0.0,0.06086946829598733,0.0
1727837940.0,3.5440065322560943e-06,3.5440065322560943e-06,3.5440065322560943e-06,3.5440065322560943e-06,0.0,0.0,0.0,0.0,0.06086946829598733,0.0
1727838000.0,3.5440065322560943e-06,3.5440065322560943e-06,3.5440065322560943e-06,3.5440065322560943e-06,0.0,0.0,0.0,0.0,0.06086946829598733,0.0
1727838060.0,3.5440065322560943e-06,3.5440065322560943e-06,3.5440065322560943e-06,3.5440065322560943e-06,0.0,0.0,0.0,0.0,0.06086946829598733,0.0
1727838120.0,3.5440065322560943e-06,3.5440065322560943e-06,3.5440065322560943e-06,3.5440065322560943e-06,0.0,0.0,0.0,0.0,0.06086946829598733,0.0
1727838180.0,3.5440065322560943e-06,3.5440065322560943e-06,3.5440065322560943e-06,3.5440065322560943e-06,0.0,0.0,0.0,0.0,0.06086946829598733,0.0
1727838240.0,3.5440065322560943e-06,3.5440065322560943e-06,3.5440065322560943e-06,3.5440065322560943e-06,0.0,0.0,0.0,0.0,0.06086946829598733,0.0
1727838300.0,3.5440065322560943e-06,3.5440065322560943e-06,3.5440065322560943e-06,3.5440065322560943e-06,0.0,0.0,0.0,0.0,0.06086946829598733,0.0
1727838360.0,3.5440065322560943e-06,3.5440065322560943e-06,3.5440065322560943e-06,3.5440065322560943e-06,0.0,0.0,0.0,0.0,0.06086946829598733,0.0
1727838420.0,3.5440065322560943e-06,3.5440065322560943e-06,3.5440065322560943e-06,3.5440065322560943e-06,0.0,0.0,0.0,0.0,0.06086946829598733,0.0
1727838480.0,3.5440065322560943e-06,3.5440065322560943e-06,3.5440065322560943e-06,3.5440065322560943e-06,0.0,0.0,0.0,0.0,0.06086946829598733,0.0
1727838540.0,3.5440065322560943e-06,3.5440065322560943e-06,3.5440065322560943e-06,3.5440065322560943e-06,0.0,0.0,0.0,0.0,0.06086946829598733,0.0
1727838600.0,3.5440065322560943e-06,3.5440065322560943e-06,3.5440065322560943e-06,3.5440065322560943e-06,0.0,0.0,0.0,0.0,0.06086946829598733,0.0
1727838660.0,3.5440065322560943e-06,3.5440065322560943e-06,3.5440065322560943e-06,3.5440065322560943e-06,0.0,0.0,0.0,0.0,0.06086946829598733,0.0
1727838720.0,3.5440065322560943e-06,3.5440065322560943e-06,3.5440065322560943e-06,3.5440065322560943e-06,0.0,0.0,0.0,0.0,0.06086946829598733,0.0
