time,open,high,low,close,volume,usd_vol,price_change,vol_change,norm_open,mov_in_min
1738435380.0,8.81496086421824e-05,0.0002090920485601,8.74183476369399e-05,0.000129332676871,30854.26765629193,3.3551283238629153,0.46719513408151625,0.0,1.0,1.380309031399776
1738435440.0,0.000129332676871,0.0003396693677807,0.0001292467716404,0.000260908648563,75340.02575748684,14.700395754916682,1.0173451510884408,3.381470494097654,1.4671951340815161,1.6269870942993112
1738435500.0,0.000260908648563,0.0003010940031374,0.0002020427475786,0.0003010940031374,16494.95007182297,4.635102840015106,0.15402078388634455,-0.6846953702953981,2.9598389894399015,0.3796396022299074
1738435560.0,0.0003010940031374,0.0003367059759456,0.000268678446926,0.0002746922558545,21177.75311656304,6.0969296204199415,-0.08768606152163032,0.3153817360393391,3.4157157107708014,0.22593451982023235
1738435620.0,0.0002746922558545,0.0002767238228402,0.0001634499329511,0.0001678924057502,16414.91889216103,3.6324956615778436,-0.38879818352385637,-0.4042090219621649,3.1162050528157534,0.41236652098812465
1738435680.0,0.0001678924057502,0.0001919219160395,0.0001677995415266,0.0001806166730327,6493.48580416278,1.1315193778493047,0.07578822416442044,-0.6885008315859054,1.9046301887931256,0.1436775797279995
1738435740.0,0.0001806166730327,0.0002422175403785,0.0001806166730327,0.0002394603981211,8122.12144441893,1.705958493963488,0.3257934281501607,0.5076705952716675,2.0489787284917016,0.34105858729137034
1738435800.0,0.0002394603981211,0.0003328170527463,0.0002391794010408,0.000327251581139,12403.65800621017,3.5146507893823755,0.3666208847339434,1.0602205750133558,2.7165225326537703,0.3910360645861181
1738435860.0,0.000327251581139,0.0003795026074073,0.0002817811859316,0.0002817811859316,21055.4594752036,6.4117323730630655,-0.13894629645222847,0.8242871788095312,3.7124564269749882,0.2986125265936999
1738435920.0,0.0002817811859316,0.0002855296499589,0.000242902793605,0.0002491998779242,9546.88178555188,2.5346067234989484,-0.11562627185233318,-0.6046923707939957,3.1966243557065406,0.15127644598758733
1738435980.0,0.0002491998779242,0.0002971280201788,0.0002478558673599,0.0002895306286655,7434.69092075177,2.002647403037222,0.16184097310660622,-0.20987844604443118,2.8270105989438266,0.19772141635593934
1738436040.0,0.0002895306286655,0.0003238118277102,0.0002895306286655,0.0003238118277102,2803.54884512728,0.8597677676198114,0.11840266849385969,-0.5706844018992636,3.2845367452595853,0.11840266849385969
1738436100.0,0.0003238118277102,0.0003440471127405,0.0002685758626962,0.0002685758626962,9596.27158299396,2.84235657978118,-0.17058044298318276,2.305958523718544,3.673434660664457,0.23307131977848577
1738436160.0,0.0002685758626962,0.0003242334708721,0.0002685758626962,0.0002903369435339,9390.46545893853,2.624225700731079,0.08102396328263899,-0.07674296764936298,3.0468185489785364,0.20723235370878115
1738436220.0,0.0002903369435339,0.0003267045786536,0.0002899932565169,0.0003247164557749,2611.82507921752,0.8032059466863557,0.11841246181950583,-0.693926499362234,3.2936838632198366,0.12644385412982606
1738436280.0,0.0003247164557749,0.0003417907175128,0.0003242073981262,0.0003326826814281,2498.1424192378,0.8211383355085723,0.024532867095353933,0.022326016006476383,3.683697077918878,0.05414976381359965
1738436340.0,0.0003326826814281,0.0003838587944105,0.0003324967805449,0.0003819455888081,3924.81810831661,1.402392987869007,0.1480777633765911,0.7078644696334075,3.7740687287510055,0.15438739896263726
1738436400.0,0.0003819455888081,0.0004318959635104,0.0003781812484886,0.0004217479603536,6998.26983485196,2.812232160781718,0.10420953327333182,1.0053096279774039,4.332924384933989,0.14063446887663306
1738436460.0,0.0004217479603536,0.0004376256792081,0.0003862751521943,0.000398834815528,4795.87028073691,1.967704273867581,-0.05432899973336989,-0.3003051805934056,4.784456412796598,0.12175643237431878
1738436520.0,0.000398834815528,0.0004588729905633,0.000397090024941,0.0004588729905633,4273.31519346216,1.832627899660524,0.15053393710330448,-0.06864668436256444,4.524521681621452,0.15490865695992012
1738436580.0,0.0004588729905633,0.0004614417136559,0.000408655091407,0.000408655091407,4573.9141300098,1.9839994761521274,-0.10943747003861326,0.08259809671109085,5.205615743865193,0.1150353656337467
1738436640.0,0.000408655091407,0.0004787483636302,0.0004063686665421,0.0004459728116633,5674.10357624522,2.424623620585071,0.09131837836111388,0.22208884111578148,4.635926326863412,0.17711683669202946
1738436700.0,0.0004459728116633,0.0004574560826712,0.0004026117426484,0.0004101491015156,7028.31200055751,3.0085459581677587,-0.08032711683497447,0.2408300952878555,5.059271601234174,0.12297686896708468
1738436760.0,0.0004101491015156,0.0004980585975462,0.0003971671004362,0.0004571674573861,12956.74134397653,5.618798158518556,0.11463722752714997,0.8676125399594934,4.652874900221969,0.24598736590469553
1738436820.0,0.0004571674573861,0.0005232996236062,0.0004456319168997,0.0004599595628034,11171.74899135082,5.122956431371315,0.006107401942526994,-0.08824693700653834,5.186267578814079,0.1698889661800793
1738436880.0,0.0004599595628034,0.000556005433383,0.0004245331794108,0.000483589591686,16180.14237740251,7.633379829858123,0.05137414414992857,0.49003411059945656,5.217942199499394,0.28583437459347927
1738436940.0,0.000483589591686,0.0005036216832656,0.000483589591686,0.0005036216832656,1184.22253307,0.5845389183492241,0.041423744274064304,-0.9234233155721154,5.486009514222471,0.041423744274064304
1738437000.0,0.0005036216832656,0.0005124547576795,0.0004696246308477,0.0005124547576795,5742.96917144563,2.9176478380899526,0.01753910664970623,3.9913662657904454,5.713260569424706,0.08504424701112837
1738437060.0,0.0005124547576795,0.000524309171737,0.0004592809497441,0.0004597451618569,4825.83340645641,2.345837424726496,-0.10285707183455525,-0.19598335546136164,5.813466055869407,0.12689553764192002
1738437120.0,0.0004597451618569,0.000515458654596,0.0004451035493411,0.0004600817467811,8933.11777263744,4.108461052652137,0.0007321119440181241,0.7513835397741372,5.215509960153099,0.15303065935645174
1738437180.0,0.0004600817467811,0.0004809791438136,0.0004534148757628,0.0004773395747967,1760.15591587717,0.8250038424222798,0.037510351445894284,-0.799193948330187,5.219328297289072,0.05991167492222777
1738437240.0,0.0004773395747967,0.0004794316637674,0.0003460759999314,0.0003590987930082,14567.93864970086,6.092591413218853,-0.24770789607976468,6.384924893598675,5.415107136031887,0.27937273772617005
1738437300.0,0.0003590987930082,0.000360585944874,0.0003449587828345,0.0003564741896465,3385.06753857363,1.211131437532368,-0.007308861552313913,-0.8012124307393034,4.073742340318908,0.043517723656462365
1738437360.0,0.0003564741896465,0.0004092388292653,0.0003494981798054,0.0004054860185532,3730.35258025168,1.4211901143534291,0.13749054021359264,0.1734400332709117,4.043967921553718,0.16758758753092953
1738437420.0,0.0004054860185532,0.0004065276275547,0.0003538369978734,0.000363011795263,5630.63090498329,2.163563770442795,-0.10474892190303069,0.5223605544337105,4.599975255694578,0.12994438099075156
1738437480.0,0.000363011795263,0.0004164489521069,0.0003607905450112,0.0003608405662553,8626.16145534043,3.122033670143153,-0.005981152778043875,0.44300515325425227,4.118132806879953,0.15332396308328153
1738437540.0,0.0003608405662553,0.0003788691205101,0.0003591478413795,0.0003788691205101,2164.65351352836,0.8006075862238429,0.04996265924836326,-0.7435621550528849,4.093501625401729,0.05465371960603477
1738437600.0,0.0003788691205101,0.0003852492967906,0.000371887879275,0.0003852492967906,1931.67379387655,0.738013761059094,0.016840053557043416,-0.07818290288751796,4.298023852244297,0.03526657833082453
1738437660.0,0.0003852492967906,0.0004376735760998,0.0003831779671545,0.0004035060317427,5792.0736240479,2.2842644671124814,0.0473894050013628,2.0951515915291674,4.370402804105541,0.14145544041037086
1738437720.0,0.0004035060317427,0.0004046477966795,0.0003741028920186,0.0003741028920186,2202.28980633744,0.8562601030582693,-0.07286914546756813,-0.6251484382013524,4.5775135926083905,0.07569875604827953
1738437780.0,0.0003741028920186,0.0003741028920186,0.000349143938691,0.0003606740543834,2115.85871570028,0.7773421030701545,-0.035896107519351565,-0.09216591980199308,4.243954088748839,0.06671681470550912
1738437840.0,0.0003606740543834,0.000374981648765,0.0003606740543834,0.000373046069716,828.06653449338,0.3037845402255214,0.034302482205854606,-0.6092009695271773,4.091612656471919,0.0396690424712139
1738437900.0,0.000373046069716,0.0003787965073829,0.0003709218895195,0.0003709218895195,752.99622335065,0.2801025317991109,-0.005694149781867714,-0.07795659518693633,4.2319651268137966,0.021108968845040856
1738437960.0,0.0003709218895195,0.0003777807835812,0.0003668833466782,0.0003777807835812,1066.18693439313,0.3991285039025886,0.018491478274806454,0.42493715190280024,4.207867683510078,0.02937933082654347
1738438020.0,0.0003777807835812,0.0004309830027511,0.0003388458363833,0.0003610398842105,16098.62414103978,5.946998119205297,-0.044313792808632124,13.899958437087028,4.285677377362965,0.24389055868426945
1738438080.0,0.0003610398842105,0.0004655911238619,0.0003601621547912,0.0004471596022139,6293.71191259486,2.543287367731147,0.23853242195587698,-0.5723409833411871,4.095762758017861,0.2920147431944968
1738438140.0,0.0004471596022139,0.0004498615803685,0.0004191617211379,0.0004204828224056,1560.1102597837,0.6768089242362437,-0.059658295776770676,-0.7338842111105905,5.072734968444543,0.06865526107144768
1738438200.0,0.0004204828224056,0.0004227447554881,0.0004175750900958,0.0004206059633714,808.0247405063,0.3398102739351097,0.00029285611501441176,-0.4979228822690625,4.770104245299911,0.012294593540644787
1738438260.0,0.0004206059633714,0.0005065409044901,0.0004125414313155,0.0005038782995745,5104.54005620261,2.3595334757681465,0.19798182492617095,5.943679037258079,4.771501199497403,0.22348583082641016
1738438320.0,0.0005038782995745,0.0005565949073196,0.0005038782995745,0.0005287768654139,4789.74854399578,2.4730792864764557,0.0494138482653957,0.048122144429989196,5.716171714611313,0.10462170684789662
1738438380.0,0.0005287768654139,0.0005520292780073,0.0005229278680021,0.0005255643183711,2663.47483393038,1.4041056046938565,-0.006075430399711941,-0.43224399946579556,5.998629756376063,0.055035331363108966
1738438440.0,0.0005255643183711,0.0005255643183711,0.0004856453418711,0.0004856453418711,2230.23771759718,1.127618962335392,-0.07595450281655773,-0.1969129967391221,5.9621854987975595,0.07595450281655773
1738438500.0,0.0004856453418711,0.0004876986867283,0.0004826921139468,0.0004826921139468,388.77748199514,0.18823389889723166,-0.006081038300340198,-0.8330695871703118,5.509330663536301,0.010309113152842324
1738438560.0,0.0004826921139468,0.0004982150052953,0.0004772542898644,0.0004982150052953,1317.43349735626,0.6461399483423869,0.03215899100065021,2.4326439186979494,5.475828212762098,0.04342460716731368
1738438620.0,0.0004982150052953,0.0005066894559466,0.0004464171824046,0.0004490460548217,3152.2350765513,1.4929947701759885,-0.09869022400169734,1.3106368426934916,5.65192532297742,0.12097643166382681
1738438680.0,0.0004490460548217,0.0004528133845543,0.0004294291987949,0.0004329160259793,1879.92588177614,0.8290116712214696,-0.03592065595321761,-0.4447323675998216,5.094135546811914,0.05207525042990314
1738438740.0,0.0004329160259793,0.0004347246135852,0.0004298642758889,0.0004347246135852,264.44992026709,0.11472374897665952,0.004177686889296304,-0.8616138313135869,4.911150856455826,0.011226975682652112
1738438800.0,0.0004347246135852,0.0004374100951819,0.0004078072164311,0.0004097142736658,2037.16607349194,0.8601311261225114,-0.057531455863835734,6.497411249152123,4.931668107000198,0.06809570432799587
1738438860.0,0.0004097142736658,0.0004097142736658,0.0004028509439517,0.0004028509439517,471.78909186947,0.1916797030522393,-0.016751502584209113,-0.777150602703642,4.64794206096723,0.016751502584209113
1738438920.0,0.0004028509439517,0.0007057695649463,0.0004028509439517,0.0007014159411778,29962.36677547435,16.543224715130343,0.7411301914732428,85.3066065509385,4.570082047521684,0.7519372252753578
1738438980.0,0.0007014159411778,0.0007074852784994,0.0005349597260901,0.0005578688827434,11607.31880361981,7.308460207906803,-0.20465325922498917,-0.558220338914787,7.957107830449858,0.24596753834764484
1738439040.0,0.0005578688827434,0.0007420909782349,0.0005578688827434,0.0006649764424035,12649.21212236009,7.734014955309767,0.19199414588851643,0.058227688910800754,6.328659778943612,0.3302247198043411
1738439100.0,0.0006649764424035,0.0007438333944668,0.0005381729681486,0.000540918071615,17202.18097229939,10.37200783182463,-0.1865605499348243,0.3410897046046901,7.543725407820897,0.3092747550196788
1738439160.0,0.000540918071615,0.0006206028125133,0.0004438093487219,0.0005074527200426,18193.15287034464,9.536585038715474,-0.06186769000429892,-0.08054590843499103,6.136363847180524,0.3268396325964003
1738439220.0,0.0005074527200426,0.0006703246350549,0.0005053262148816,0.0006148853785429,10130.6210082515,5.684990959945655,0.21170969088761826,-0.40387560779184406,5.756721190929572,0.325150331560837
1738439280.0,0.0006148853785429,0.0006148853785429,0.0005876664957192,0.0006102400396196,2549.39159247514,1.5616622203955337,-0.007554804660192237,-0.7253008436779533,6.975474854787474,0.044266596301575464
1738439340.0,0.0006102400396196,0.0006693297267314,0.0006032834264905,0.0006615434550269,6519.61044625651,4.145766478536966,0.08407087715725853,1.6547139479925028,6.922776504847472,0.10823003400771722
1738439400.0,0.0006615434550269,0.0006744547401914,0.0006370991096625,0.0006370991096625,2150.71532431045,1.3965052323396585,-0.036950475707458956,-0.6631490848388347,7.50478039797366,0.05646738735761666
1738439460.0,0.0006370991096625,0.0006455189474965,0.0006017751975988,0.0006017751975988,2853.59193015017,1.7676208628356138,-0.05544492454621809,0.26574596492861,7.227475192188519,0.06866082409198941
1738439520.0,0.0006017751975988,0.0006719453388367,0.0005808013415889,0.0005978706705125,7496.83064347126,4.496770952685238,-0.006488348309933295,1.5439680234773465,6.826748375497964,0.15145854733043543
1738439580.0,0.0005978706705125,0.0005978706705125,0.000558169869022,0.000583366336198,3353.47503440314,1.9806244058583782,-0.02425998636472134,-0.5595451877139412,6.782454054213462,0.06640366127421522
1738439640.0,0.000583366336198,0.0005856921047616,0.0005399915882722,0.0005427838233871,2282.76734849933,1.285369406904088,-0.0695660861670392,-0.35102818934162094,6.617911811338894,0.07833931040184115
1738439700.0,0.0005427838233871,0.0005434980260384,0.0005215872915454,0.0005432073616368,2400.96013724897,1.3037107723230772,0.0007803074289448906,0.01426933402994695,6.157529588025426,0.040367331429060925
1738439760.0,0.0005432073616368,0.0005432073616368,0.0005111133543384,0.000514362510161,2954.65055990439,1.562374706922692,-0.05310099515014726,0.19840591954203357,6.16233435410691,0.0590824233340541
1738439820.0,0.000514362510161,0.0005982991647137,0.000514362510161,0.0005190906438346,7658.27938444134,3.9572364920151926,0.009192220623000083,1.532834456728696,5.835108267455894,0.1631857938604955
1738439880.0,0.0005190906438346,0.0005997667390226,0.0005190906438346,0.0005333005996806,6537.63520429388,3.440075021147792,0.027374710014090965,-0.1306875320469007,5.88874587000944,0.15541812619089723
1738439940.0,0.0005333005996806,0.000546400147822,0.0005333005996806,0.0005401413667785,1100.59884605714,0.5907144947970963,0.01282722558721481,-0.8282844149718565,6.049948580547624,0.024563160343801422
1738440000.0,0.0005401413667785,0.0005432855291272,0.0005371448494668,0.0005432855291272,274.87143961605,0.14890155529817406,0.005820998986714025,-0.7479297416777964,6.127552635781359,0.011368652797366898
1738440060.0,0.0005432855291272,0.0005713878875627,0.0005432855291272,0.0005713878875627,1542.76728606901,0.8598408409599739,0.05172668316906414,4.7745591658740585,6.163221113465279,0.05172668316906414
1738440120.0,0.0005713878875627,0.0005834148787865,0.0005703696255076,0.0005828647217457,648.3493306796,0.37417945334014147,0.020085889870636416,-0.5648270755290168,6.482024099302384,0.022830818718516464
1738440180.0,0.0005828647217457,0.0006311821311007,0.0005828647217457,0.0006294215043212,2753.56993153819,1.6690574502578621,0.07987579422556386,3.460580171783601,6.612221321499782,0.08289643814826818
1738440240.0,0.0006294215043212,0.0006409593384702,0.0006291202703549,0.0006409593384702,1346.76883118287,0.8554546614016415,0.0183308547130796,-0.4874624230163692,7.140377751149785,0.018809443328549523
1738440300.0,0.0006409593384702,0.0006687912914636,0.0006187707528521,0.0006458860223546,7836.49043628256,5.042175681539063,0.007686421881548189,4.89414718166078,7.271266978302618,0.07804011207775784
1738440360.0,0.0006458860223546,0.000702264063789,0.0006294475819485,0.0006997285755478,10577.65949587499,7.116726514645165,0.08336231367403668,0.41143961736630136,7.327157003911222,0.112738903336296
1738440420.0,0.0006997285755478,0.0007038488414006,0.0006575255997252,0.0006911954812154,7147.73433114942,4.970977816273974,-0.012194863309276228,-0.3015078201973279,7.937965764410184,0.06620172920497734
1738440480.0,0.0006911954812154,0.0006911954812154,0.0005878951832602,0.0005878951832602,5301.32568368116,3.3904380956706497,-0.14945163960498764,-0.31795348501233656,7.841163356959488,0.14945163960498764
1738440540.0,0.0005878951832602,0.0006398622062277,0.0005809413813593,0.000631802614749,3681.48313941473,2.2451484392760714,0.07468581600772643,-0.3377999019822932,6.669288636851343,0.10022335026058868
1738440600.0,0.000631802614749,0.0006341704904183,0.0006262985398752,0.0006283224601837,385.37774757612,0.24281208152087666,-0.005508294021040934,-0.8918503216655157,7.167389900885643,0.012459509282384677
1738440660.0,0.0006283224601837,0.0006308790243314,0.0005576275650443,0.0005610173902701,3466.00665591708,2.0611299189101477,-0.10711867580529003,7.488580576386742,7.127909809948125,0.1165825892419694
1738440720.0,0.0005610173902701,0.0005639164605916,0.0005590165786687,0.0005639164605916,297.05821197833,0.16708541916543695,0.0051675230960385845,-0.9189350377031129,6.364377549846946,0.008733921635728547
1738440780.0,0.0005639164605916,0.0005646520539437,0.0004807890222291,0.0004942356605947,10502.79647129797,5.556778182245967,-0.1235658202347888,32.2571101057239,6.397265617827689,0.14871534628838465
1738440840.0,0.0004942356605947,0.000522190943674,0.0004819319905952,0.000522190943674,3742.7980887798,1.9021397759209164,0.05656265888556519,-0.6576901734177016,5.606782244500998,0.08145699772120354
1738440900.0,0.000522190943674,0.0005470589402688,0.000522190943674,0.0005395341703081,811.42690792588,0.43075616315287396,0.0332124232413484,-0.7735412672581727,5.923916756042352,0.047622420296750484
1738440960.0,0.0005395341703081,0.000559805516897,0.0005347294215493,0.000559805516897,1293.79303491215,0.7111590151542301,0.03757194206499306,0.6509549392142813,6.120664386590546,0.04647730714327216
1738441020.0,0.000559805516897,0.000559805516897,0.0005527370996831,0.0005527370996831,487.35161438468,0.2710997201310339,-0.012626558689668329,-0.6187916986860665,6.350629634322792,0.012626558689668329
1738441080.0,0.0005527370996831,0.0005527370996831,0.00053517018739,0.0005378643855448,838.75627223855,0.4573744181237897,-0.026907392586506252,0.6871076735258945,6.270443036528668,0.03178167758808233
1738441140.0,0.0005378643855448,0.0005378643855448,0.0005316337146659,0.0005316337146659,245.7333916615,0.13140569777015304,-0.011584092656718512,-0.7126955672134079,6.101721764053467,0.011584092656718512
1738441200.0,0.0005316337146659,0.0005447030278598,0.000526489488392,0.000526489488392,2005.93867487442,1.0612651278979206,-0.00967626042515541,7.076248944351119,6.031038853773156,0.034259564368008685
1738441260.0,0.000526489488392,0.000526489488392,0.0005071178371078,0.0005071178371078,530.37620139034,0.2741003635139064,-0.03679399439362925,-0.7417230093512777,5.972680951189816,0.03679399439362925
1738441320.0,0.0005071178371078,0.0005105418630937,0.0005060982009765,0.0005094781729632,323.18116820027,0.16427234306123964,0.004654413003615662,-0.4006854242901967,5.752922161756802,0.008762582958121155
1738441380.0,0.0005094781729632,0.0005094781729632,0.00038192153611,0.00038192153611,7556.85099694643,3.368087390093785,-0.25036722596242317,19.503070251078018,5.7796986374752715,0.25036722596242317
1738441440.0,0.00038192153611,0.00038192153611,0.0003241577849496,0.0003375791317551,4462.21011602707,1.6052815793179414,-0.11610344053006902,-0.5233848195152555,4.3326515227117905,0.15124507444315224
1738441500.0,0.0003375791317551,0.0004102617267393,0.0003301534447409,0.0003619045526378,15480.82088767075,5.414290815967251,0.07205842599401885,2.372798196729883,3.829615774307109,0.2373022336478883
1738441560.0,0.0003619045526378,0.0004003378047291,0.0003619045526378,0.0003798551048532,3265.75861613988,1.2112039962780998,0.04960023874959418,-0.7762949872019903,4.105571859165545,0.10619720534371005
1738441620.0,0.0003798551048532,0.0003843573995684,0.0003303647429856,0.0003338502793942,4420.0689556581,1.5773135061989842,-0.12111151033965739,0.3022690736208762,4.309209203583771,0.14214013683893015
1738441680.0,0.0003338502793942,0.0003338502793942,0.0003002398384057,0.0003002398384057,1737.12772707794,0.5507477625481617,-0.10067519203365362,-0.6508317716270903,3.7873143685681887,0.10067519203365362
1738441740.0,0.0003002398384057,0.0003018341182284,0.000273080189613,0.0002731788681128,1738.46086489341,0.49843299024010596,-0.09013117791628227,-0.09498862431325981,3.406025767220771,0.09576986441268395
1738441800.0,0.0002731788681128,0.0002796813916522,0.0002295035366413,0.0002580942097321,10619.12803046724,2.820828416387691,-0.055218979728956584,4.659393482419446,3.099036652807954,0.18368131970654747
1738441860.0,0.0002580942097321,0.0003114728452517,0.0002545098554376,0.0003114728452517,4738.30715394304,1.3493918256400044,0.20681841555068836,-0.5216327878006793,2.9279110106972577,0.2207061904768307
1738441920.0,0.0003114728452517,0.0003215297724797,0.0003114728452517,0.0003155007723647,989.97892934544,0.31034533534786046,0.012931872471081901,-0.7700109564539073,3.5334569268030793,0.032288295372500365
1738441980.0,0.0003155007723647,0.0004197393948957,0.0003155007723647,0.0003903780830846,12445.26789181737,4.392425727617984,0.23732845456665416,13.15334863240201,3.5791511411625576,0.3303910217072508
1738442040.0,0.0003903780830846,0.0003903780830846,0.0003497696563968,0.0003555422933049,3113.14183796406,1.1610779657640258,-0.08923602858142692,-0.735663608729093,4.4285855501551445,0.10402332622500123
1738442100.0,0.0003555422933049,0.000356859800912,0.0003374983097957,0.0003451299090506,1800.76201481121,0.630871943417949,-0.02928592308249166,-0.4566498012880509,4.033396163426206,0.05445622498614051
1738442160.0,0.0003451299090506,0.0003470580438688,0.0003449582682926,0.0003449582682926,41.02821353256,0.014156542548165972,-0.0004973221778203162,-0.9775603548455992,3.915274433622889,0.006084015094420944
1738442220.0,0.0003449582682926,0.0003565137301937,0.0003442805178315,0.0003565137301937,610.44863975084,0.2141063136496326,0.033498144451775964,14.124195256091735,3.913327280814795,0.03546287619876269
1738442280.0,0.0003565137301937,0.0003760992901758,0.0003547759338322,0.0003760992901758,1043.784980625,0.38234523363600065,0.05493634136182868,0.7857728112664498,4.044416483354604,0.059810757728782825
1738442340.0,0.0003760992901758,0.0003937158914628,0.000375375067586,0.0003937158914628,971.77341911607,0.37404296557420047,0.04684029389889425,-0.021714061877659188,4.26660192789358,0.04876590931141335
1738442400.0,0.0003937158914628,0.0004121972695967,0.0003937158914628,0.0004121972695967,1097.00604862632,0.4420458061749146,0.04694089960462314,0.18180489104058326,4.466450816145704,0.04694089960462314
1738442460.0,0.0004121972695967,0.0004172198293988,0.0004121972695967,0.0004144767026995,566.77084612551,0.23426735337412685,0.005529956821475835,-0.4700382853956343,4.676110035495387,0.012184844909366208
1738442520.0,0.0004144767026995,0.0004155434813286,0.0004107366871772,0.0004107366871772,464.3409335139,0.19159017790175836,-0.009023463798908709,-0.18217295264446298,4.701968722084146,0.011597260159843035
1738442580.0,0.0004107366871772,0.0004139388293121,0.0004107366871772,0.0004139388293121,46.61735752701,0.019222096697976664,0.007796094760628285,-0.899670761265052,4.659540677536818,0.007796094760628285
1738442640.0,0.0004139388293121,0.0004187530296634,0.0004098041663725,0.0004187530296634,1131.68024063635,0.4711704616706617,0.011630221690727699,23.511918188417894,4.695866898199898,0.021618806106621122
1738442700.0,0.0004187530296634,0.0004340431291679,0.0004187530296634,0.0004340431291679,745.75044249102,0.31798655640154205,0.03651340628338959,-0.32511355810796133,4.750480871256112,0.03651340628338959
1738442760.0,0.0004340431291679,0.0004362373953697,0.0004164462300857,0.0004225809791766,2032.3068819643,0.8704615353225297,-0.026407859544451306,1.737416151088293,4.923937109349757,0.04559723205834739
1738442820.0,0.0004225809791766,0.0004225809791766,0.0004150715368655,0.0004150715368655,275.86120608916,0.11553791667949659,-0.017770421957306572,-0.8672682111832929,4.793906469760337,0.017770421957306572
1738442880.0,0.0004150715368655,0.0004167141749708,0.0004016495991099,0.0004016495991099,776.90820537654,0.3172586760218686,-0.03233644459689671,1.7459269228641843,4.7087167289688345,0.03629392652327671
1738442940.0,0.0004016495991099,0.0004016495991099,0.000395735167944,0.000395735167944,208.01788015981,0.0829351444571381,-0.01472535060163645,-0.7385882539224194,4.556453571340053,0.01472535060163645
1738443000.0,0.000395735167944,0.000395735167944,0.0003921190247686,0.0003921190247686,171.97194850089,0.06774441032769075,-0.00913778574238746,-0.18316401603783422,4.4893581950019925,0.00913778574238746
1738443060.0,0.0003921190247686,0.0003921190247686,0.0003918202260106,0.0003919426613701,11.88978414624,0.004661162102763059,-0.00044977006306712254,-0.9311948826446896,4.448335401695233,0.0007620103568713972
1738443120.0,0.0003919426613701,0.0003956087926309,0.0003915649812065,0.0003956087926309,241.7144566412,0.09518128589041937,0.009353743856268287,19.42007632259721,4.4463346736010685,0.010317354610657104
1738443180.0,0.0003956087926309,0.0003956087926309,0.0003888703764084,0.0003888703764084,349.98821742628,0.13727923299005698,-0.01703302946754001,0.44229227106791014,4.487924549237177,0.01703302946754001
1738443240.0,0.0003888703764084,0.0003888703764084,0.0003862521721055,0.000388230846712,51.47678699986,0.020001337069949755,-0.0016445832215523507,-0.8543018005396459,4.411481598141924,0.006732845857485125
1738443300.0,0.000388230846712,0.000388230846712,0.0003849555984058,0.0003849555984058,76.05555589008,0.029402562445054556,-0.008436342279184378,0.470029845616137,4.4042265495234325,0.008436342279184378
1738443360.0,0.0003849555984058,0.0003849803856511,0.0003818909114494,0.0003818909114494,181.40647231562,0.06955546008018858,-0.007961144010092644,1.3656257923155146,4.367070986876582,0.008025533891426193
1738443420.0,0.0003818909114494,0.0003839629060648,0.0003816450455917,0.0003825088195921,95.87181977748,0.036642196626182434,0.0016180226451444797,-0.4731945330540744,4.3323041058477605,0.00606943083380268
1738443480.0,0.0003825088195921,0.000382539118325,0.0003825088195921,0.000382539118325,0.30603129466,0.00011706430545886671,7.921054717721507e-05,-0.9968052050303333,4.339313871996675,7.921054717721507e-05
1738443540.0,0.000382539118325,0.0003827314210977,0.0003824947163883,0.0003824947163883,16.45262921031,0.006293409007939756,-0.00011607162398037249,52.76027289677205,4.339657591422848,0.0006187725596179861
1738443600.0,0.0003824947163883,0.0003824947163883,0.0003334599215171,0.0003336700628851,4426.0011774945,1.5848730781720783,-0.12764791619666274,250.83061774192723,4.339153880318694,0.12819731298306608
1738443660.0,0.0003336700628851,0.0003336700628851,0.0003330295226869,0.0003330295226869,49.20486560775,0.01640243175440644,-0.0019196813542741876,-0.9896506338707424,3.785269929439349,0.0019196813542741876
1738443720.0,0.0003330295226869,0.0003848234885232,0.0003312138617818,0.0003838713136683,3051.72781683396,1.093893112108347,0.1526645162603174,65.69091074343154,3.7780034173349093,0.16097559852614457
1738443780.0,0.0003838713136683,0.0003878596432809,0.0003838713136683,0.000386925358888,244.9031012702,0.09438524777889436,0.00795590894905728,-0.9137162061501802,4.35477048147217,0.01038975685493998
1738443840.0,0.000386925358888,0.000386925358888,0.0003854999408459,0.0003862688446579,159.43132034838,0.06163568637851846,-0.0016967464525632881,-0.34697754332429775,4.389416638916805,0.0036839612844103034
1738443900.0,0.0003862688446579,0.0003862688446579,0.0003660898603084,0.0003660898603084,1612.26680638668,0.6065014832566175,-0.052240776414084276,8.84010268875659,4.3819689118059,0.052240776414084276
1738443960.0,0.0003660898603084,0.0003660898603084,0.0003521509058115,0.0003657112451684,1504.1310746564,0.5503623916077803,-0.0010342136755194747,-0.09256216711523532,4.15305145363078,0.03807522689964041
1738444020.0,0.0003657112451684,0.0003791045729131,0.0003657112451684,0.0003782364271707,114.77129046994,0.042691917198233294,0.03424882928205419,-0.9224294431283415,4.148756311022299,0.03662268503264841
1738444080.0,0.0003782364271707,0.0003782364271707,0.0003772562957154,0.0003772562957154,48.28211771472,0.01823839428950051,-0.002591319568640288,-0.5727904604327476,4.290846357651347,0.002591319568640288
1738444140.0,0.0003772562957154,0.0003820715205911,0.0003767575493614,0.0003820715205911,381.86775102174,0.14498140275060603,0.012763802567081848,6.949241608076706,4.279727403518736,0.014085838434115504
1738444200.0,0.0003820715205911,0.0003841776625907,0.0003804622199081,0.0003807210721819,363.69841170508,0.13871322722597,-0.0035345434988474237,-0.043234341823953984,4.334352999138178,0.00972446906498517
1738444260.0,0.0003807210721819,0.0003807210721819,0.0003758843282883,0.0003758843282883,300.71725694516,0.1137621503096464,-0.01270416650667835,-0.17987525353784165,4.319033039923365,0.01270416650667835
1738444320.0,0.0003758843282883,0.0003758843282883,0.0003741949342693,0.0003741949342693,8.2745406144,0.003103280661026031,-0.00449445186154255,-0.972721325567605,4.264163325036334,0.00449445186154255
1738444380.0,0.0003741949342693,0.0003759270766368,0.0003564928302968,0.0003582059666573,914.53469214815,0.33490301622896795,-0.04272897933057824,106.91902274099812,4.244998248242203,0.05193615562420634
1738444440.0,0.0003582059666573,0.0003582059666573,0.0003559112319336,0.0003559112319336,39.66786013463,0.014163750576718807,-0.006406187884344689,-0.957707903809874,4.063613805834721,0.006406187884344689
1738444500.0,0.0003559112319336,0.0003576000860703,0.0003552992300574,0.0003552992300574,34.29382297711,0.012195062841493987,-0.001719535157334415,-0.13899480399356828,4.0375815323051265,0.006464690648844856
1738444560.0,0.0003552992300574,0.0003552992300574,0.0003547766295481,0.0003547766295481,41.96887699002,0.01490054320268297,-0.001470874308440105,0.22185046492614394,4.030638768909723,0.001470874308440105
1738444620.0,0.0003547766295481,0.0003600699857787,0.0003544176133967,0.0003600699857787,314.56532452136,0.11243297876663533,0.014920250630213317,6.545562415898423,4.024710205897931,0.015932200464274546
1738444680.0,0.0003600699857787,0.0003801311854334,0.0003600699857787,0.0003793058005162,1708.9644238398,0.6317834573132816,0.05342243313032591,4.619200560581113,4.084759890883906,0.05571472337888682
1738444740.0,0.0003793058005162,0.0003912332268198,0.0003793058005162,0.0003912332268198,604.97525807449,0.23307852345953153,0.031445409712606134,-0.631078464050452,4.3029777030080885,0.031445409712606134
1738444800.0,0.0003912332268198,0.0004025994324792,0.0003898675218416,0.0004025994324792,567.61379479233,0.2252951840873961,0.029052250371963476,-0.03339363600133164,4.438286599863387,0.032543019776447135
1738444860.0,0.0004025994324792,0.0004089897149059,0.0004025994324792,0.0004089897149059,319.47394111512,0.12964079174068893,0.015872556966483493,-0.42457362208684,4.567228813385149,0.015872556966483493
1738444920.0,0.0004089897149059,0.0004161773691794,0.0004089897149059,0.0004161773691794,326.31235795433,0.1346311084570866,0.017574168766453492,0.03849341437515613,4.639722412904569,0.017574168766453492
1738444980.0,0.0004161773691794,0.0004437108699439,0.0004140942773803,0.0004341536139418,2777.8590222894,1.1810497966977205,0.04319371040728327,7.772488099020427,4.721261677618451,0.07116339031600083
1738445040.0,0.0004341536139418,0.0004459097982633,0.000433383118698,0.0004459097982633,624.17585800485,0.2746571677058972,0.02707839793100501,-0.7674465814448691,4.925190487278507,0.028853104438235157
1738445100.0,0.0004459097982633,0.0004463882190906,0.0004399520274306,0.0004399520274306,380.43959995734,0.1685084592922331,-0.01336093276241947,-0.38647710999236734,5.058556755179034,0.014433842192002078
1738445160.0,0.0004399520274306,0.0004399520274306,0.0004351291256578,0.0004360965042796,134.75758379368,0.0590270917096338,-0.00876350808863639,-0.6497084362556125,4.990969718498205,0.010962335600466808
1738445220.0,0.0004360965042796,0.0004389550777736,0.0004360965042796,0.0004373610800959,116.37741738858,0.0508253689340442,0.002899761414939609,-0.13894844787433427,4.947231315000006,0.0065549103603161725
1738445280.0,0.0004373610800959,0.000440157391051,0.0004373610800959,0.000440157391051,87.75904767129,0.03850509267090916,0.006393598064297017,-0.24240406949377966,4.961577105478025,0.006393598064297017
1738445340.0,0.000440157391051,0.000440157391051,0.0004388632549523,0.0004388632549523,7.89334799855,0.0034692079284071383,-0.00294016668812466,-0.9099026209842589,4.993299435255469,0.00294016668812466
1738445400.0,0.0004388632549523,0.0004466086277677,0.0004388632549523,0.0004466086277677,286.92170719034,0.12703055212953346,0.017648715694463513,35.616586480551085,4.978618302592099,0.017648715694463513
1738445460.0,0.0004466086277677,0.0004558345379749,0.0004466086277677,0.0004549247321475,461.92024070194,0.20821825330642893,0.01862056364957995,0.6391194859493967,5.066484521565799,0.020657707069642154
1738445520.0,0.0004549247321475,0.0004565311615162,0.0004516035791019,0.0004529468805529,266.54520296788,0.12099441163800233,-0.004347645785850015,-0.4189058369443803,5.160825319079227,0.010831643272149648
1738445580.0,0.0004529468805529,0.0004534352776891,0.0004432167750355,0.0004442972945508,465.59659878688,0.20887691810481124,-0.01909624808883035,0.7263352519927994,5.138387878629224,0.022560046425590886
1738445640.0,0.0004442972945508,0.0004442972945508,0.0004438090844704,0.0004438090844704,17.43898140782,0.007743835315958523,-0.0010988364916639866,-0.9629263233763686,5.0402639489222825,0.0010988364916639866
1738445700.0,0.0004438090844704,0.0004438090844704,0.0004426747595142,0.0004426747595142,45.76297955615,0.02028407101456226,-0.0025558849421786533,1.6193830559336369,5.034725522967588,0.0025558849421786533
1738445760.0,0.0004426747595142,0.0004426747595142,0.0004413523367238,0.0004413523367238,64.71052694545,0.02860292961580851,-0.0029873462671584704,0.4101178010703084,5.021857343815433,0.0029873462671584704
1738445820.0,0.0004413523367238,0.0004417676632132,0.0004400550283453,0.0004417676632132,72.70924917133,0.03210549606180213,0.0009410315859727976,0.12245481470044212,5.006855317025183,0.003880425513577234
1738445880.0,0.0004417676632132,0.0004417676632132,0.0004171598434094,0.0004171598434094,1065.97052471458,0.45779570246313944,-0.05570308072079077,13.259106963552167,5.0115669260249,0.05570308072079077
1738445940.0,0.0004171598434094,0.000419138596989,0.0004161120208385,0.000419138596989,102.33783380241,0.042792485401353074,0.004743394194963444,-0.9065249298516546,4.732407209006889,0.007255195336550522
1738446000.0,0.000419138596989,0.000419138596989,0.000419138596989,0.000419138596989,0.0,0.0,0.0,-1.0,4.754854881890296,0.0
1738446060.0,0.000419138596989,0.000419138596989,0.0004029262917915,0.0004096667227015,941.40960097672,0.3901226426486082,-0.022598430102939455,0.0,4.754854881890296,0.03868005789484832
1738446120.0,0.0004096667227015,0.0005268699051348,0.0004034312544274,0.0004094103471825,11055.84192344812,4.527793303879286,-0.0006258148509337937,10.60607667665567,4.647402626192277,0.30131480998358395
1738446180.0,0.0004094103471825,0.0004094103471825,0.0004091545155201,0.0004091545155201,3.35557100334,0.0013733762588189165,-0.0006248783504389273,-0.9996966786762015,4.644494212610538,0.0006248783504389273
1738446240.0,0.0004091545155201,0.0004161109845052,0.0004087501028097,0.0004161109845052,457.51868607206,0.18878719361608842,0.017002058443024257,136.46210654496286,4.6415919687283385,0.017990469165770226
1738446300.0,0.0004161109845052,0.0004231147940026,0.0004161109845052,0.0004231147940026,198.676418518,0.08336718600095501,0.01683159002814661,-0.5584065613555979,4.72050858664933,0.01683159002814661
1738446360.0,0.0004231147940026,0.0004231147940026,0.0004130109233312,0.0004159867395635,627.72027684221,0.26336052347441763,-0.016846620681044304,2.15904297731005,4.799962251904157,0.02387973858304249
1738446420.0,0.0004159867395635,0.0004159867395635,0.0004145038454172,0.0004145038454172,16.71068357299,0.006939032687979919,-0.003564763020705932,-0.9736519634893043,4.719099108562997,0.003564763020705932
1738446480.0,0.0004145038454172,0.0004162723785701,0.0004142025035626,0.0004144454753184,38.43966006187,0.015932265048797255,-0.00014081919732557432,1.2960354512230194,4.702276638569745,0.004993620759818655
1738446540.0,0.0004144454753184,0.0004144454753184,0.0004144454753184,0.0004144454753184,0.0,0.0,0.0,-1.0,4.701614467747898,0.0
1738446600.0,0.0004144454753184,0.0004144454753184,0.0004131704632292,0.0004131704632292,6.12919246004,0.002536308685177439,-0.0030764290241568153,0.0,4.701614467747898,0.0030764290241568153
1738446660.0,0.0004131704632292,0.0004131704632292,0.0004086509938914,0.0004086509938914,393.8104676357,0.1618209461708579,-0.010938510227660887,62.80175532913771,4.687150284538923,0.010938510227660887
1738446720.0,0.0004086509938914,0.0004086509938914,0.0004069419638215,0.0004069419638215,21.663,0.008834095121467277,-0.004182126302020363,-0.9454082099350734,4.635879843212911,0.004182126302020363
1738446780.0,0.0004069419638215,0.0004069419638215,0.000404890860219,0.000404890860219,28.58791900752,0.011604305510658025,-0.005040285310560109,0.3135816799684444,4.6164920081876035,0.005040285310560109
1738446840.0,0.000404890860219,0.0004076480142738,0.000404890860219,0.000406042703139,62.71692960198,0.025429631602503236,0.002844823218229641,1.1913962519469417,4.593223571332418,0.006809622853202179
1738446900.0,0.000406042703139,0.000406042703139,0.0003842743373391,0.000385515785009,1028.22905628342,0.4069517186307744,-0.05055359441583924,15.0030520690168,4.606290480394664,0.05361102571629779
1738446960.0,0.000385515785009,0.000385515785009,0.0003780405804948,0.0003833840206499,637.16599663703,0.24495840549333586,-0.005529642214391363,-0.39806518985220063,4.373425939687251,0.019390138626944806
1738447020.0,0.0003833840206499,0.0003855439087638,0.0003833840206499,0.0003837126477376,151.84391008185,0.05823947876935912,0.0008571747125583233,-0.762247477680681,4.349242458989642,0.005633745794200432
1738447080.0,0.0003837126477376,0.0003869145759832,0.0003837126477376,0.0003869145759832,76.17738566388,0.02935218361223226,0.008344599179825893,-0.496008820263086,4.3529705196442725,0.008344599179825893
1738447140.0,0.0003869145759832,0.0003889587656013,0.0003869145759832,0.0003877764019719,84.65563737252,0.03279097925276492,0.0022274322090605043,0.11715638216093649,4.389294313872303,0.005283309921590335
1738447200.0,0.0003877764019719,0.000403395014955,0.0003877066895021,0.000403395014955,913.28044812626,0.3612806930978436,0.0402773683588714,10.017685391856073,4.3990711694020685,0.04045714327412027
1738447260.0,0.000403395014955,0.0004112822885641,0.000403395014955,0.0004112822885641,171.41714983435,0.0698248307019889,0.019552233708142977,-0.8067296923528691,4.576254179328966,0.019552233708142977
1738447320.0,0.0004112822885641,0.0004120176696099,0.0004091938482463,0.0004120176696099,46.28090475282,0.01905153347362579,0.00178802021445525,-0.7271524573408937,4.665730170551073,0.006865895863054922
1738447380.0,0.0004120176696099,0.0004120176696099,0.0004100254565766,0.0004100254565766,26.90194306363,0.011057278688258817,-0.004835261155635027,-0.4196121428458193,4.674072590411211,0.004835261155635027
1738447440.0,0.0004100254565766,0.0004100254565766,0.0004100254565766,0.0004100254565766,0.0,0.0,0.0,-1.0,4.651472228776178,0.0
1738447500.0,0.0004100254565766,0.0004100254565766,0.0004089513015457,0.0004089513015457,64.34446499021,0.026348310670398008,-0.0026197276624441383,0.0,4.651472228776178,0.0026197276624441383
1738447560.0,0.0004089513015457,0.000413439184168,0.0004089513015457,0.000413439184168,184.08493574765,0.07569484986104258,0.010974124804927425,1.8728540060097585,4.639286638307362,0.010974124804927425
1738447620.0,0.000413439184168,0.000414738196473,0.0004125504064761,0.0004125504064761,30.7897427964,0.01271600352421778,-0.0021497180865635373,-0.8320096605309174,4.690198748881979,0.005291685163569282
1738447680.0,0.0004125504064761,0.0004223540284528,0.0004122315821937,0.0004223540284528,780.48848419749,0.32581664843370955,0.02376345247224469,24.622566698191605,4.68011614380193,0.024536265387697424
1738447740.0,0.0004223540284528,0.0004588861108753,0.0004223540284528,0.0004588861108753,1308.03189290462,0.5763451037744328,0.08649635131059863,0.7689246591452051,4.791331861349752,0.08649635131059863
1738447800.0,0.0004588861108753,0.0004758288348832,0.0004262351899585,0.0004295405693951,3132.08468960619,1.3913138015562867,-0.06394950900611263,1.4140290122093453,5.205764585274725,0.10807397249418342
1738447860.0,0.0004295405693951,0.000429923813385,0.0004275964911305,0.0004276979639595,43.5400244848,0.018662093365786663,-0.0042897122341548095,-0.9865867115348732,4.872858496044997,0.005418166339392427
1738447920.0,0.0004276979639595,0.0004276979639595,0.0004272901147774,0.0004272901147774,22.639297404,0.009678164695699624,-0.0009535915914217337,-0.48139983516304413,4.851955335339207,0.0009535915914217337
1738447980.0,0.0004272901147774,0.0004306941428279,0.0004272901147774,0.0004295891066807,151.15894832829,0.06476248097998515,0.005380400397274926,5.6916076566419225,4.847328551529474,0.007966549968686629
1738448040.0,0.0004295891066807,0.000432665989152,0.0004295891066807,0.0004326438257258,91.40156858357,0.039404721253182694,0.007110792609949649,-0.39155015902863993,4.873409119993846,0.0071623847612759545
1738448100.0,0.0004326438257258,0.0004326438257258,0.0004280063243897,0.0004280063243897,111.13865309408,0.04782574923452722,-0.010718981897684946,0.21370606652024884,4.908062921549559,0.010718981897684946
1738448160.0,0.0004280063243897,0.0004799985591968,0.0004267074970253,0.000477675570748,2408.6520794503,1.0907362900219548,0.11604792622895022,21.806465292853392,4.85545348394077,0.12450998766779546
1738448220.0,0.000477675570748,0.0004845639052677,0.0004617634981696,0.0004617634981696,1548.42976423386,0.7273277079980781,-0.03331146399947364,-0.3331773090785875,5.418918791653228,0.04773199320701392
1738448280.0,0.0004617634981696,0.0004617634981696,0.0004591940078526,0.0004591940078526,27.2146803534,0.012531782072729314,-0.005564515877035104,-0.9827701022043802,5.238406673409,0.005564515877035104
1738448340.0,0.0004591940078526,0.0004591940078526,0.0004589133351554,0.0004589133351554,8.32378109064,0.0038210622704538616,-0.0006112290064771177,-0.6950902714172665,5.209257476304449,0.0006112290064771177
1738448400.0,0.0004589133351554,0.0004627794093552,0.0004587844255235,0.0004627794093552,154.40717571736,0.071157986779532,0.008424410239660706,17.62256664324916,5.206073427032725,0.008705312148637324
1738448460.0,0.0004627794093552,0.0004730864480063,0.0004627794093552,0.0004730864480063,431.2713766222,0.2018060783190048,0.02227203380863681,1.8360284973246688,5.249931525319845,0.02227203380863681
1738448520.0,0.0004730864480063,0.000474541323743,0.0004730864480063,0.000474541323743,204.13452137364,0.09672177081320617,0.0030752851679248495,-0.5207192388907469,5.366858177744796,0.0030752851679248495
1738448580.0,0.000474541323743,0.000477542114746,0.0004744781135028,0.000477542114746,47.5484280264,0.022635035425060825,0.0063235609900754285,-0.7659778637761427,5.3833627970971705,0.006456763805167308
1738448640.0,0.000477542114746,0.0004776974934574,0.0004751742963947,0.0004751742963947,67.24495633212,0.03203268673202522,-0.00495834456937776,0.4151816478519669,5.417404820076318,0.005283716314826154
1738448700.0,0.0004751742963947,0.0004792672787806,0.0004751742963947,0.0004760405516574,207.57349483462,0.09872349517437821,0.0018230263490103746,2.0819611230324218,5.390543460306572,0.008613644334204952
1738448760.0,0.0004760405516574,0.0004798540363425,0.0004760405516574,0.0004798540363425,303.81273492,0.14520647453773813,0.008010839983742683,0.47084009010474825,5.400370563070196,0.008010839983742683
1738448820.0,0.0004798540363425,0.0004832211615471,0.0004792523410264,0.0004830762481558,208.89840332694,0.10057729947342549,0.006714983243362949,-0.30734975975684775,5.443632067503866,0.008270891187976259
1738448880.0,0.0004830762481558,0.0004830762481558,0.0004830762481558,0.0004830762481558,0.0,0.0,0.0,-1.0,5.480185965620187,0.0
1738448940.0,0.0004830762481558,0.0004832979506381,0.0004807153158529,0.0004832979506381,32.3316471037,0.015622234782762603,0.00045893890073547876,0.0,5.480185965620187,0.005346225973766152
1738449000.0,0.0004832979506381,0.0004832979506381,0.0004809037437305,0.0004809037437305,4.13462563788,0.0019933065228118748,-0.004953894185644554,-0.8724058016967415,5.482701036143075,0.004953894185644554
1738449060.0,0.0004809037437305,0.0004830758720084,0.0004809037437305,0.0004830758720084,8.594,0.0041422204088300526,0.00451676308662151,1.0780649445659738,5.4555403153584985,0.00451676308662151
1738449120.0,0.0004830758720084,0.0004832438012839,0.000479951839851,0.0004808845882027,145.9130802431,0.07032721999097892,-0.004536106919581238,15.978145306092598,5.480181698472485,0.006814584672204009
1738449180.0,0.0004808845882027,0.000489847349949,0.000479529097201,0.0004896532858774,771.16609007168,0.37422294881041557,0.01823451591050766,4.321167946897635,5.455323008349482,0.021456817292823466
1738449240.0,0.0004896532858774,0.000497852796238,0.0004872308388322,0.0004974570534257,670.99830440697,0.3311746819674845,0.015937333156697982,-0.11503374386785581,5.554798182542189,0.02169281349101284
1738449300.0,0.0004974570534257,0.0004974570534257,0.0004942487545149,0.0004971845755264,265.77358099289,0.13217473376560052,-0.0005477415536148304,-0.6008911883590856,5.643326851795584,0.006449398774640674
1738449360.0,0.0004971845755264,0.0004994788623735,0.0004960616863168,0.0004994788623735,189.04148755974,0.09420536944850083,0.004614557570839589,-0.2872664331175033,5.6402357671782255,0.006873053237989301
1738449420.0,0.0004994788623735,0.0005014906053661,0.0004981382602692,0.0005014906053661,179.80675568501,0.08999053626700437,0.004027683940498003,-0.04474090177843395,5.666262959838978,0.006711685617625021
1738449480.0,0.0005014906053661,0.0005089355652791,0.0005014906053661,0.0005089355652791,278.6455497453,0.14077537789823502,0.01484566177977553,0.5643353594488052,5.68908487616496,0.01484566177977553
1738449540.0,0.0005089355652791,0.0005135845149838,0.0005084051520683,0.0005135845149838,191.95737046653,0.09814013292824574,0.009134652835964804,-0.3028600995893603,5.773543106072942,0.010176853945468939
1738449600.0,0.0005135845149838,0.0005152756750762,0.0005113795760012,0.0005122341910246,259.34908336948,0.13302257055327232,-0.0026292147052811125,0.35543499467776923,5.826282417980395,0.00758609140527302
1738449660.0,0.0005122341910246,0.0005122528503495,0.0005096526436335,0.0005122528503495,4.01912040838,0.0020587683880537453,3.6427331925363404e-05,-0.9845231649073474,5.81096387056992,0.005076206863112508
1738449720.0,0.0005122528503495,0.0005122528503495,0.000509700467551,0.000509700467551,6.51370986078,0.003328353702032662,-0.004982661973981318,0.6166722402315095,5.81117554847964,0.004982661973981318
1738449780.0,0.000509700467551,0.000509700467551,0.0004993803867041,0.0004994159145707,465.38482460663,0.23481372525069216,-0.020177640859768076,69.54951074078721,5.782220425050101,0.020247344281408543
1738449840.0,0.0004994159145707,0.0005282483697498,0.0004989530097797,0.0005267846844674,1427.05901141192,0.7322244061868156,0.05480155737573232,2.1183203000807436,5.665548857941424,0.05865924395958128
1738449900.0,0.0005267846844674,0.0005330539622824,0.0005267846844674,0.0005325375978161,384.93894898788,0.20388720299082644,0.01092080601112465,-0.721550932653824,5.976029758744916,0.011901025219323687
1738449960.0,0.0005325375978161,0.000533419718908,0.0005303166910409,0.0005325258164103,109.02634235792,0.05805998421617132,-2.2123143696074382e-05,-0.7152347799936045,6.041292820456877,0.005826870966153893
1738450020.0,0.0005325258164103,0.0005325258164103,0.0005325258164103,0.0005325258164103,0.0,0.0,0.0,-1.0,6.0411591680677,0.0
1738450080.0,0.0005325258164103,0.0005326066552318,0.0005236414621533,0.000525901540176,317.3888051697,0.16796649703292488,-0.012439352290849508,0.0,6.0411591680677,0.01683522714247626
1738450140.0,0.000525901540176,0.000537386033784,0.0005227105340118,0.0005307814196132,1868.4892947167,0.9872003991378389,0.009279074245659885,4.877364930366603,5.96601106093101,0.02790541318302402
1738450200.0,0.0005307814196132,0.0005356710559752,0.0005300892552819,0.0005342740781518,352.00017756116,0.1874498621628848,0.006580220048292564,-0.8101197463791625,6.021370120515818,0.010516194589794954
1738450260.0,0.0005342740781518,0.0005342740781518,0.0005336314073755,0.0005336314073755,5.14297650924,0.0027461064130777204,-0.0012028859392227212,-0.9853501817425105,6.060992060901025,0.0012028859392227212
1738450320.0,0.0005336314073755,0.000536223960369,0.0004718613676714,0.0004718613676714,2652.14275064727,1.3333551870844211,-0.11575413075459089,484.54388888013,6.053701378773227,0.12061245235573251
1738450380.0,0.0004718613676714,0.0004718613676714,0.0004718613676714,0.0004718613676714,0.0,0.0,0.0,-1.0,5.352960437825464,0.0
1738450440.0,0.0004718613676714,0.0004718613676714,0.0004696195994261,0.0004696195994261,33.70675744775,0.015867135299814265,-0.004750904394574521,0.0,5.352960437825464,0.004750904394574521
1738450500.0,0.0004696195994261,0.0004696195994261,0.0004693267990598,0.0004693267990598,15.1380265036,0.007106897732869662,-0.0006234841277021744,-0.5520995063959118,5.327529034557416,0.0006234841277021744
1738450560.0,0.0004693267990598,0.0004748434133757,0.0004693267990598,0.0004748434133757,297.38103070377,0.14038915546693326,0.011754313469743103,18.75392931540696,5.324207404764496,0.011754313469743103
1738450620.0,0.0004748434133757,0.0004748434133757,0.0004745525869055,0.0004745525869055,104.06219923034,0.04939811786487508,-0.000612468156886723,-0.6481343754752472,5.386789807578026,0.000612468156886723
1738450680.0,0.0004745525869055,0.0004745525869055,0.0004733057283029,0.0004733057283029,8.5381990306,0.004046501474029254,-0.002627440323801829,-0.918083893700198,5.383490570353042,0.002627440323801829
1738450740.0,0.0004733057283029,0.0004733057283029,0.0004733057283029,0.0004733057283029,0.0,0.0,0.0,-1.0,5.3693457701456895,0.0
1738450800.0,0.0004733057283029,0.000473347364546,0.0004717679634036,0.0004717679634036,143.63564683636,0.0678731355081449,-0.0032489885656230427,0.0,5.3693457701456895,0.0033369575898925512
1738450860.0,0.0004717679634036,0.0004804600530324,0.0004717679634036,0.0004804600530324,717.27428801348,0.3415043362578101,0.018424501668342176,4.031509649599568,5.35190082713361,0.018424501668342176
1738450920.0,0.0004804600530324,0.0004804600530324,0.0004804600530324,0.0004804600530324,0.0,0.0,0.0,-1.0,5.450506932851935,0.0
1738450980.0,0.0004804600530324,0.0004845498047641,0.0004804600530324,0.0004845498047641,728.51228101746,0.3515107663538315,0.008512157682803626,0.0,5.450506932851935,0.008512157682803626
1738451040.0,0.0004845498047641,0.0004854428373929,0.0004729634214129,0.0004729634214129,490.82676801958,0.234986561070229,-0.02391164589745481,-0.33149540906610236,5.496902507315585,0.025754661042687994
1738451100.0,0.0004729634214129,0.0004729634214129,0.0004729634214129,0.0004729634214129,0.0,0.0,0.0,-1.0,5.3654625210278235,0.0
1738451160.0,0.0004729634214129,0.0004729634214129,0.0004711666240427,0.0004711666240427,92.11319541405,0.0434834176866638,-0.003799019731446301,0.0,5.3654625210278235,0.003799019731446301
1738451220.0,0.0004711666240427,0.0004711666240427,0.0004711666240427,0.0004711666240427,0.0,0.0,0.0,-1.0,5.345079023042103,0.0
1738451280.0,0.0004711666240427,0.0004711666240427,0.0004711666240427,0.0004711666240427,0.0,0.0,0.0,0.0,5.345079023042103,0.0
1738451340.0,0.0004711666240427,0.0004737997675451,0.0004711666240427,0.0004737997675451,152.20953678548,0.07191644837071277,0.005588561175677349,0.0,5.345079023042103,0.005588561175677349
1738451400.0,0.0004737997675451,0.0004775152474881,0.0004737997675451,0.0004775152474881,214.17076876536,0.10187193405384523,0.00784187793559087,0.4165317721019649,5.374950324151204,0.00784187793559087
1738451460.0,0.0004775152474881,0.0004775152474881,0.0004741344208277,0.0004742646688499,276.61774060537,0.13163960500549282,-0.006807277160884841,0.2922067910864797,5.417100028503062,0.00708003917819243
1738451520.0,0.0004742646688499,0.0004742646688499,0.0004716497989622,0.0004738205839421,60.18157992801,0.028528634209734657,-0.0009363651500267573,-0.7832822864475758,5.380224327200804,0.005513524534815401
1738451580.0,0.0004738205839421,0.0004738205839421,0.0004659009200072,0.0004659009200072,261.45277389312,0.12284639694727952,-0.016714478440362095,3.3060735415564118,5.375186472641487,0.016714478440362095
1738451640.0,0.0004659009200072,0.0004681077538376,0.0004652704763279,0.0004681077538376,62.09195969403,0.028997214465122864,0.00473670202318102,-0.7639555152963319,5.2853430342315955,0.006089873163710658
1738451700.0,0.0004681077538376,0.0004681077538376,0.0004681077538376,0.0004681077538376,0.0,0.0,0.0,-1.0,5.310378129275046,0.0
1738451760.0,0.0004681077538376,0.0004681869616053,0.0004681077538376,0.0004681869616053,21.275607,0.009960119200969985,0.00016920840778786514,0.0,5.310378129275046,0.00016920840778786514
1738451820.0,0.0004681869616053,0.0004681869616053,0.0004660619781023,0.0004660619781023,0.3810055119,0.00017797699775766318,-0.004538749852652784,-0.9821310373734955,5.3112766899030515,0.004538749852652784
1738451880.0,0.0004660619781023,0.0004677732166636,0.000465757219252,0.0004677732166636,42.48599838793,0.01983746028970816,0.003671697417300116,110.46080976553621,5.287170133609356,0.004325599397334846
1738451940.0,0.0004677732166636,0.0004677732166636,0.0004649363889528,0.0004649363889528,64.5340098871,0.030095745455320948,-0.006064536424367609,0.5171168595072057,5.306583022533756,0.006064536424367609
1738452000.0,0.0004649363889528,0.0004696078677959,0.0004649363889528,0.0004682735091079,363.98173902564,0.16983568078603692,0.007177584362919811,4.643179067890802,5.2744010565046695,0.010047565546809186
1738452060.0,0.0004682735091079,0.0004682735091079,0.0004682735091079,0.0004682735091079,0.0,0.0,0.0,-1.0,5.312258515051605,0.0
1738452120.0,0.0004682735091079,0.0004729919765836,0.0004682735091079,0.0004724553280356,293.95599564882,0.1382664409790371,0.00893029147787303,0.0,5.312258515051605,0.010076306653966098
1738452180.0,0.0004724553280356,0.0004724553280356,0.0004724553280356,0.0004724553280356,0.0,0.0,0.0,-1.0,5.359698531996829,0.0
1738452240.0,0.0004724553280356,0.0004812394891274,0.0004724553280356,0.0004812394891274,382.023305354,0.18216682317579397,0.018592574938932897,0.0,5.359698531996829,0.018592574938932897
1738452300.0,0.0004812394891274,0.0005123864567901,0.0004798891195361,0.0005123864567901,1663.40592209729,0.8264016413943454,0.0647223853536557,3.5365101448624054,5.459349128603068,0.06752840942651087
1738452360.0,0.0005123864567901,0.0005188528495143,0.0005123376888279,0.0005162343665982,677.72379357873,0.3485604032903977,0.007509780473523187,-0.5782191299834673,5.81269122668466,0.012715325707894383
1738452420.0,0.0005162343665982,0.0005239664563839,0.0005132368393185,0.0005157841318417,1219.21838213913,0.6291279620027745,-0.0008721518473612332,0.8049323906669522,5.856343261757437,0.020784391275815915
1738452480.0,0.0005157841318417,0.0005160641929713,0.0005157841318417,0.0005160641929713,331.93145679078,0.1712514588211525,0.000542981282886556,-0.7277955055820627,5.851235641162913,0.000542981282886556
1738452540.0,0.0005160641929713,0.0005160641929713,0.0005036203337036,0.0005036203337036,775.82625988808,0.3955490162979674,-0.024113006554578004,1.3097556016212475,5.854412752597823,0.024113006554578004
1738452600.0,0.0005036203337036,0.0005036203337036,0.0004943641111662,0.0004943641111662,36.19367047392,0.018060360067857762,-0.018379366197012276,-0.9543410315189537,5.713245259521227,0.018379366197012276
1738452660.0,0.0004943641111662,0.0004943641111662,0.0004937463055967,0.0004937463055967,20.71213959648,0.010232940444364607,-0.0012496974508175028,-0.43340329838848046,5.608239432723142,0.0012496974508175028
1738452720.0,0.0004937463055967,0.0004983208460623,0.0004937463055967,0.0004983208460623,197.31823532928,0.09787646984674953,0.00926496140578031,8.564843104373892,5.601230830200493,0.00926496140578031
1738452780.0,0.0004983208460623,0.000501701659611,0.0004983208460623,0.000501701659611,48.67441654706,0.024337755998788433,0.006784411239094128,-0.7513421148423582,5.6531260176671685,0.006784411239094128
1738452840.0,0.000501701659611,0.000501701659611,0.0004986569633291,0.0004986569633291,85.41354700302,0.04272208913018529,-0.006068738708699352,0.7553832461921327,5.691479149357445,0.006068738708699352
1738452900.0,0.0004986569633291,0.0004986569633291,0.0004974127443159,0.0004974127443159,10.20911116016,0.005084493184307939,-0.0024951401558567184,-0.8809867848734136,5.6569390495339835,0.0024951401558567184
1738452960.0,0.0004974127443159,0.0004974127443159,0.0004974127443159,0.0004974127443159,0.0,0.0,0.0,-1.0,5.642824193752258,0.0
1738453020.0,0.0004974127443159,0.0004974127443159,0.0004974127443159,0.0004974127443159,0.0,0.0,0.0,0.0,5.642824193752258,0.0
1738453080.0,0.0004974127443159,0.0004974127443159,0.0004974127443159,0.0004974127443159,0.0,0.0,0.0,0.0,5.642824193752258,0.0
1738453140.0,0.0004974127443159,0.0004974127443159,0.0004974127443159,0.0004974127443159,0.0,0.0,0.0,0.0,5.642824193752258,0.0
1738453200.0,0.0004974127443159,0.0004974127443159,0.0004974127443159,0.0004974127443159,0.0,0.0,0.0,0.0,5.642824193752258,0.0
1738453260.0,0.0004974127443159,0.0004974127443159,0.0004966110437711,0.0004966110437711,120.7060696232,0.0599923522859732,-0.001611741062048041,0.0,5.642824193752258,0.001611741062048041
1738453320.0,0.0004966110437711,0.0004966110437711,0.0004946987055151,0.0004946987055151,19.3288145568,0.009580421156150432,-0.0038507767396357773,-0.8403059591582238,5.6337294222932695,0.0038507767396357773
1738453380.0,0.0004946987055151,0.0005000677099019,0.0004946987055151,0.0005000677099019,170.165196,0.08463731102682562,0.010853079514751523,7.834404004513958,5.612035188076501,0.010853079514751523
1738453440.0,0.0005000677099019,0.0005078021869628,0.0005000677099019,0.0005078021869628,313.53151650409,0.15799948860140509,0.01546685960270703,0.8667829434151976,5.672943052212278,0.01546685960270703
1738453500.0,0.0005078021869628,0.0005078021869628,0.0005078021869628,0.0005078021869628,0.0,0.0,0.0,-1.0,5.760685665934997,0.0
1738453560.0,0.0005078021869628,0.0005078021869628,0.0005078021869628,0.0005078021869628,0.0,0.0,0.0,0.0,5.760685665934997,0.0
1738453620.0,0.0005078021869628,0.0005078021869628,0.0005078021869628,0.0005078021869628,0.0,0.0,0.0,0.0,5.760685665934997,0.0
1738453680.0,0.0005078021869628,0.0005101858079762,0.0005078021869628,0.0005101858079762,75.96970971784,0.038668126235880895,0.004693995170947573,0.0,5.760685665934997,0.004693995170947573
1738453740.0,0.0005101858079762,0.0005124438102884,0.0005101858079762,0.0005124438102884,111.98624543417,0.057260225709615524,0.004425843049529409,0.4808120093619293,5.787726296632243,0.004425843049529409
1738453800.0,0.0005124438102884,0.0005400499314302,0.0005124438102884,0.0005360589589591,3416.81501598024,1.7912700031308615,0.04608339138179773,30.282971398243358,5.813341864834772,0.053871508617234554
1738453860.0,0.0005360589589591,0.0005514384093269,0.0005360589589591,0.0005491050465799,230.46295333684,0.1250450507856765,0.02433703868345457,-0.9301919584612498,6.081240373228143,0.02868984858990738
1738453920.0,0.0005491050465799,0.0005491050465799,0.0005257561641696,0.0005257561641696,1027.19371316847,0.5520453391052681,-0.04252170428177368,3.414771601408339,6.229239755434782,0.04252170428177368
1738453980.0,0.0005257561641696,0.0005367180900434,0.0005257561641696,0.0005367180900434,436.59790482096,0.23193701665780392,0.020849828534323937,-0.579858753931846,5.964361864653916,0.020849828534323937
1738454040.0,0.0005367180900434,0.0005367180900434,0.0005272352251586,0.0005272352251586,404.41095529971,0.21513718829756714,-0.017668241597806316,-0.07243271730541816,6.08871778684861,0.017668241597806316
1738454100.0,0.0005272352251586,0.0005273981588361,0.0005214534891163,0.0005214534891163,367.23174871999,0.19255589520304472,-0.010966141423044612,-0.10496229532984827,5.981140849969709,0.011275175549986608
1738454160.0,0.0005214534891163,0.0005214534891163,0.0005167240490666,0.0005167240490666,214.15,0.11116285990093402,-0.009069725581307187,-0.4226982259685379,5.915550813537791,0.009069725581307187
1738454220.0,0.0005167240490666,0.0005170460906795,0.0005146547243818,0.0005146547243818,26.70378986608,0.013770861019250704,-0.004004699778417562,-0.8761199466123577,5.861898390996725,0.004627936907561596
1738454280.0,0.0005146547243818,0.0005146547243818,0.0004898014823748,0.0004898014823748,1169.35396787298,0.5872824254627363,-0.048291098535729035,41.6467469711412,5.838423247809194,0.048291098535729035
1738454340.0,0.0004898014823748,0.0004898014823748,0.0004836423701648,0.0004836423701648,292.03112208752,0.14213795027316886,-0.012574711248601362,-0.7579734313330176,5.556479375455949,0.012574711248601362
1738454400.0,0.0004836423701648,0.0004898216971619,0.0004836423701648,0.0004898216971619,482.77121340426,0.23498021449437861,0.01277664526165153,0.6531842062079843,5.486608251750782,0.01277664526165153
1738454460.0,0.0004898216971619,0.0004898216971619,0.0004837650122688,0.0004837650122688,221.5838860059,0.10786556321967576,-0.012365080861450927,-0.5409589549836068,5.556708699073052,0.012365080861450927
1738454520.0,0.0004837650122688,0.0004837650122688,0.0004820310048622,0.0004820310048622,73.01811596515,0.03526030278877568,-0.003584400199732742,-0.6731088056624188,5.487999546685486,0.003584400199732742
1738454580.0,0.0004820310048622,0.0004937586371443,0.0004684037037603,0.0004937586371443,1706.66727687809,0.8326741255645398,0.02432962229359617,22.615058853935956,5.468328360014213,0.05260021270052594
1738454640.0,0.0004937586371443,0.0004937586371443,0.0004908313349929,0.0004908313349929,50.46575061184,0.02484403599439721,-0.005928609509152623,-0.9701635547068869,5.601370723590719,0.005928609509152623
1738454700.0,0.0004908313349929,0.0004908313349929,0.0004902578999544,0.0004902578999544,16.92366948508,0.008301814973809052,-0.001168293459724477,-0.6658427408621826,5.56816238385455,0.001168293459724477
1738454760.0,0.0004902578999544,0.0004932126908378,0.0004869363191502,0.0004869363191502,373.68198690818,0.18257993869509714,-0.006775170383810046,20.99277378152955,5.561657136158809,0.012802183683697378
1738454820.0,0.0004869363191502,0.0004869363191502,0.000483291395956,0.0004855833976553,119.12821635899,0.05792726961849464,-0.0027784361972857633,-0.6827292744619036,5.523975961445,0.00748542068203322
1738454880.0,0.0004855833976553,0.0004861682409563,0.0004855833976553,0.0004861682409563,4.276,0.002077605003351601,0.0012044137090023316,-0.9641342494297664,5.508627946680785,0.0012044137090023316
1738454940.0,0.0004861682409563,0.0004861682409563,0.0004838862169912,0.0004838862169912,25.10614983682,0.012177166285552569,-0.004693897652819101,4.861155641186999,5.51526261369756,0.004693897652819101
1738455000.0,0.0004838862169912,0.0004838862169912,0.0004838862169912,0.0004838862169912,0.0,0.0,0.0,-1.0,5.489374535460445,0.0
1738455060.0,0.0004838862169912,0.0004838862169912,0.0004838862169912,0.0004838862169912,0.0,0.0,0.0,0.0,5.489374535460445,0.0
1738455120.0,0.0004838862169912,0.0004873388102392,0.0004838862169912,0.0004873388102392,21.444,0.010413474741964348,0.0071351345146141165,0.0,5.489374535460445,0.0071351345146141165
1738455180.0,0.0004873388102392,0.0004873388102392,0.0004814364607539,0.0004814364607539,225.14321025581,0.10905658726391441,-0.012111388137552465,9.472641454099547,5.528541961172052,0.012111388137552465
1738455240.0,0.0004814364607539,0.000497327775999,0.0004814364607539,0.000497327775999,765.37219496649,0.37455946611913415,0.03300812576640983,2.4345423372978736,5.461583643645552,0.03300812576640983
1738455300.0,0.000497327775999,0.0004999811286982,0.000497327775999,0.0004999811286982,19.66659254913,0.009806833937149479,0.005335219199993764,-0.9738176849760078,5.641860283438771,0.005335219199993764
1738455360.0,0.0004999811286982,0.0004999811286982,0.0004999811286982,0.0004999811286982,0.0,0.0,0.0,-1.0,5.671960844746656,0.0
1738455420.0,0.0004999811286982,0.0005118634491962,0.0004999811286982,0.0005114173471883,512.36422424271,0.2591021977489229,0.022873300278105444,0.0,5.671960844746656,0.023765537969278803
1738455480.0,0.0005114173471883,0.0005130038390718,0.0005114173471883,0.0005130038390718,29.63423462506,0.015178968894257046,0.003102147184138964,-0.9414170584961001,5.8016973083142025,0.003102147184138964
1738455540.0,0.0005130038390718,0.0005134228014008,0.0005130038390718,0.0005134228014008,9.9237740483,0.005093013028602871,0.0008166845880881326,-0.6644691043190812,5.819695027282417,0.0008166845880881326
1738455600.0,0.0005134228014008,0.0005150581172438,0.0005106799566849,0.0005150581172438,222.81740448799,0.11458172442890668,0.003185125083144533,21.497826686365073,5.824447882518571,0.008527397978731855
1738455660.0,0.0005150581172438,0.0005269800079859,0.000514599882602,0.0005174858776247,802.42143783348,0.41426771849435357,0.004713565905710653,2.6154781275908436,5.842999477564649,0.024036365935069835
1738455720.0,0.0005174858776247,0.0005174858776247,0.0005174858776247,0.0005174858776247,0.0,0.0,0.0,-1.0,5.870540840689183,0.0
1738455780.0,0.0005174858776247,0.000536852065467,0.0005174858776247,0.000536852065467,28.34973556812,0.014945100943042624,0.03742360647829139,0.0,5.870540840689183,0.03742360647829139
1738455840.0,0.000536852065467,0.0005447834431565,0.000536852065467,0.0005447834431565,377.37302979172,0.20409003450977914,0.014773860807633463,12.65598233746216,6.090237650925872,0.014773860807633463
1738455900.0,0.0005447834431565,0.000545957203423,0.0005395765863377,0.0005429620777409,702.90387549529,0.38229027109571273,-0.0033432833513567903,0.8731452126703177,6.18021397426606,0.01171220815436393
1738455960.0,0.0005429620777409,0.0005429620777409,0.0005429620777409,0.0005429620777409,0.0,0.0,0.0,-1.0,6.159551767778074,0.0
1738456020.0,0.0005429620777409,0.0005429620777409,0.0005429620777409,0.0005429620777409,0.0,0.0,0.0,0.0,6.159551767778074,0.0
1738456080.0,0.0005429620777409,0.0005429620777409,0.0005428910452923,0.0005428910452923,7.44381839526,0.004041446725892526,-0.00013082395900574061,0.0,6.159551767778074,0.00013082395900574061
1738456140.0,0.0005428910452923,0.0005432954952178,0.0005428910452923,0.0005431293409864,13.69188624717,0.007434833795517792,0.0004389383397762911,0.8396466166149597,6.158745950830112,0.0007449928102650347
1738456200.0,0.0005431293409864,0.0005477749713577,0.0005431293409864,0.0005449332990325,88.10935922492,0.047934251004320035,0.0033214151951794116,5.447252530812183,6.161449260552874,0.008553451306576275
1738456260.0,0.0005449332990325,0.0005489385429066,0.0005449332990325,0.0005489385429066,62.9317847485,0.034419653649678326,0.007349970870216805,-0.2819403051363777,6.181913991751201,0.007349970870216805
1738456320.0,0.0005489385429066,0.0005489385429066,0.0005443937180845,0.0005443937180845,163.85203028623,0.08957235537041303,-0.008279296254249955,1.6023607408161742,6.227350879512758,0.008279296254249955
1738456380.0,0.0005443937180845,0.000549947199197,0.0005443937180845,0.0005455700418871,604.68988881726,0.3295450324160347,0.0021607960627081763,2.6790930756844644,6.175792796702108,0.010201221887791944
1738456440.0,0.0005455700418871,0.0005483975515975,0.0005455700418871,0.0005483975515975,77.699135727,0.04250016826354974,0.005182670405837928,-0.8710338069672514,6.189137425461324,0.005182670405837928
1738456500.0,0.0005483975515975,0.0005497583336671,0.0005483975515975,0.0005497583336671,96.99009296592,0.05325512070144287,0.0024813788202299523,0.25305670253350765,6.221213684833926,0.0024813788202299523
1738456560.0,0.0005497583336671,0.0005497583336671,0.000548260990663,0.000548260990663,2.7065541152,0.0014859243604173778,-0.0027236385742661464,-0.9720980003266217,6.236650872707598,0.0027236385742661464
1738456620.0,0.000548260990663,0.0005593677797262,0.000548260990663,0.0005545687206222,626.10472928655,0.3452434489166921,0.011504976765850434,231.3425459016753,6.21966448981646,0.020258215069740355
1738456680.0,0.0005545687206222,0.0005572290502483,0.0005545687206222,0.0005572290502483,9.45357854397,0.0052552337759675175,0.004797114455202646,-0.9847781795933929,6.291221585263184,0.004797114455202646
1738456740.0,0.0005572290502483,0.0005572290502483,0.0005537577831429,0.0005558149684215,115.0468283853,0.06402609210059457,-0.002537702989766825,11.183300463889832,6.321401295270733,0.006229515679150597
1738456800.0,0.0005558149684215,0.0005568704570591,0.0005512074003808,0.0005512074003808,226.76659090125,0.12551784431236193,-0.008289751630448816,0.9604170767623085,6.305359456304208,0.010188744456420349
1738456860.0,0.0005512074003808,0.0005547447998113,0.0005507466555615,0.0005547447998113,105.34840745026,0.05825515150317443,0.006417547057706826,-0.5358815169084526,6.253089592470745,0.007253429919550953
1738456920.0,0.0005547447998113,0.0005556328220256,0.0005547447998113,0.0005556328220256,47.95964909235,0.026626660551647915,0.0016007760948854581,-0.542930369854124,6.293219089186483,0.0016007760948854581
1738456980.0,0.0005556328220256,0.0005594221566089,0.0005556328220256,0.0005594221566089,87.2525987253,0.048645722303721994,0.006819853747094544,0.826955438492317,6.303293123864329,0.006819853747094544
1738457040.0,0.0005594221566089,0.0005594221566089,0.0005568200186454,0.0005568200186454,16.88464287689,0.009423675246645856,-0.004651474620300349,-0.8062794671274759,6.34628066109415,0.004651474620300349
1738457100.0,0.0005568200186454,0.0005596213639829,0.0005568200186454,0.0005568366104245,3.52009098664,0.0019600863311004207,2.9797382537369358e-05,-0.7920040451523338,6.3167610976657675,0.0050309709487725545
1738457160.0,0.0005568366104245,0.0005568366104245,0.0005568366104245,0.0005568366104245,0.0,0.0,0.0,-1.0,6.316949320612593,0.0
1738457220.0,0.0005568366104245,0.0005568366104245,0.0005559027701882,0.0005559027701882,73.20083373959,0.0407267251978623,-0.001677045328589412,0.0,6.316949320612593,0.001677045328589412
1738457280.0,0.0005559027701882,0.0005559027701882,0.0005499046809695,0.0005499046809695,415.08394359376,0.22950145884095116,-0.010789817105371484,4.635156220539859,6.306355510263523,0.010789817105371484
1738457340.0,0.0005499046809695,0.0005499046809695,0.0005492155181647,0.0005492155181647,49.26463701294,0.027073878821968343,-0.0012532404772132746,-0.882031778975614,6.238311087706328,0.0012532404772132746
1738457400.0,0.0005492155181647,0.0005500974108509,0.0005472536278857,0.0005472536278857,23.25851578908,0.012751122472826146,-0.0035721683275738835,-0.5290249115512918,6.230492983741766,0.00517789987927333
1738457460.0,0.0005472536278857,0.0005472536278857,0.0005463130200083,0.0005463130200083,41.07677300243,0.022460094479285066,-0.001718778696879473,0.7614209672246237,6.208236614040072,0.001718778696879473
1738457520.0,0.0005463130200083,0.0005463130200083,0.0005345556778613,0.0005345556778613,506.46645078092,0.27371186658510543,-0.021521255610604677,11.186585717061421,6.197566029202673,0.021521255610604677
1738457580.0,0.0005345556778613,0.0005345556778613,0.0005345556778613,0.0005345556778613,0.0,0.0,0.0,-1.0,6.064186626524602,0.0
1738457640.0,0.0005345556778613,0.0005345556778613,0.0005004692747488,0.0005004692747488,1526.97086123838,0.7902264716451289,-0.06376586111455412,0.0,6.064186626524602,0.06376586111455412
1738457700.0,0.0005004692747488,0.0005661139807838,0.0005004692747488,0.0005661139807838,2911.38971710529,1.552619761297148,0.1311663059994022,0.9647782211912421,5.677498544324898,0.1311663059994022
1738457760.0,0.0005661139807838,0.0005661139807838,0.0005661139807838,0.0005661139807838,0.0,0.0,0.0,-1.0,6.422195055700978,0.0
1738457820.0,0.0005661139807838,0.0005661139807838,0.0005627768112154,0.0005627768112154,83.38854733746,0.047068281623724006,-0.00589487220184806,0.0,6.422195055700978,0.00589487220184806
1738457880.0,0.0005627768112154,0.0005758997287078,0.0005627768112154,0.0005758997287078,872.3802,0.4966794338167546,0.023318156027180743,9.552317116382923,6.38433703659228,0.023318156027180743
1738457940.0,0.0005758997287078,0.00057671008468,0.0005579485984198,0.0005579485984198,1058.32447526531,0.5999897179188833,-0.031170582990685942,0.20800193659768912,6.533208003741648,0.0325776959511631
1738458000.0,0.0005579485984198,0.0005754890344147,0.0005579485984198,0.0005733421852545,716.05508286911,0.40503325792648065,0.027589614667546673,-0.32493300163313826,6.329564101465605,0.03143736904183893
1738458060.0,0.0005733421852545,0.0005733421852545,0.0005733421852545,0.0005733421852545,0.0,0.0,0.0,-1.0,6.504194336038577,0.0
1738458120.0,0.0005733421852545,0.0005733421852545,0.0005659573267552,0.0005659573267552,342.11271161415,0.19488442269715817,-0.012880368284817473,0.0,6.504194336038577,0.012880368284817473
1738458180.0,0.0005659573267552,0.0005659573267552,0.0005632789938444,0.0005632789938444,60.75288392725,0.03430218155591118,-0.004732393740983471,-0.823987053038019,6.420417917594377,0.004732393740983471
1738458240.0,0.0005632789938444,0.0005675629123209,0.0005632789938444,0.0005652159044522,265.49111814376,0.14980268618414652,0.003438634546941869,3.367147492936394,6.390033972026655,0.007605322625759821
1738458300.0,0.0005652159044522,0.0005665439481019,0.000563646531746,0.0005665439481019,24.12618348548,0.013652522932110002,0.002349621868809889,-0.9088632969149332,6.412006963598998,0.005126211653064095
1738458360.0,0.0005665439481019,0.0005665439481019,0.0005571168129465,0.0005599935625597,310.42465743071,0.17485251041498603,-0.011562007791532882,11.807340539508804,6.427072755383631,0.016639724397346164
1738458420.0,0.0005599935625597,0.000560164930197,0.0005572488800617,0.000560164930197,9.52700041646,0.005335875213497144,0.00030601715583410084,-0.969483565315515,6.352762890109137,0.005207292244523005
1738458480.0,0.000560164930197,0.0005621028012504,0.000560164930197,0.0005621028012504,41.24968223496,0.023146593652377336,0.0034594651484492252,3.3379188467203695,6.354706944540457,0.0034594651484492252
1738458540.0,0.0005621028012504,0.0005685062375676,0.0005621028012504,0.0005685062375676,225.88228307342,0.12769227547582737,0.011391930983008003,4.516676768666234,6.376690831743703,0.011391930983008003
1738458600.0,0.0005685062375676,0.0005685062375676,0.0005603223491762,0.0005608131147741,269.16366505067,0.15198586794447044,-0.013532169543848189,0.1902510733567587,6.449333653598907,0.014395424096691376
1738458660.0,0.0005608131147741,0.0005608131147741,0.0005608131147741,0.0005608131147741,0.0,0.0,0.0,-1.0,6.362060177153561,0.0
1738458720.0,0.0005608131147741,0.0005629446677413,0.0005608131147741,0.0005627706068719,2.65755697854,0.0014929938802171361,0.0034904534973090357,0.0,6.362060177153561,0.003800825820663223
1738458780.0,0.0005627706068719,0.0005632984722581,0.0005599925808661,0.0005599925808661,139.6615780603,0.07840343929375099,-0.004936338131163868,51.51424023409142,6.384266652348997,0.005874314243907238
1738458840.0,0.0005599925808661,0.0005619374984392,0.0005599925808661,0.0005619374984392,9.25284708047,0.005190523729395761,0.0034731131081985715,-0.9337972444046921,6.3527517534334885,0.0034731131081985715
1738458900.0,0.0005619374984392,0.0005620082559936,0.0005619374984392,0.0005620082559936,0.61295243516,0.00034446264358366403,0.00012591712529687159,-0.9336362452920018,6.37481557882147,0.00012591712529687159
1738458960.0,0.0005620082559936,0.0005620264570599,0.0005620082559936,0.0005620264570599,0.8854556048,0.0004976414183314906,3.238576320873168e-05,0.4446890761628324,6.375618277273452,3.238576320873168e-05
1738459020.0,0.0005620264570599,0.0005620264570599,0.0005106983897666,0.0005106983897666,2150.52691793366,1.1534618293183254,-0.09132678123697205,2316.8573704449527,6.375824756537289,0.09132678123697205
1738459080.0,0.0005106983897666,0.0005156451818206,0.0005106983897666,0.0005156451818206,319.76243421824,0.1640930593974828,0.009686327885742481,-0.8577386305930395,5.793541203791738,0.009686327885742481
1738459140.0,0.0005156451818206,0.0005186619519231,0.0005156451818206,0.0005186619519231,18.7494858984,0.009696363509371014,0.005850476662748249,-0.9409093623766043,5.849659343511224,0.005850476662748249
1738459200.0,0.0005186619519231,0.0005214445392771,0.0005186619519231,0.0005214445392771,213.48137555855,0.11102168223439782,0.00536493441187012,10.449826744542047,5.8838826389854635,0.00536493441187012
1738459260.0,0.0005214445392771,0.0005240070521667,0.0005211937535651,0.0005240070521667,54.42800469728,0.028450922064940997,0.004914257790775916,-0.7437354443533548,5.915449283430762,0.005395201962418267
1738459320.0,0.0005240070521667,0.0005240070521667,0.0005240070521667,0.0005240070521667,0.0,0.0,0.0,-1.0,5.944519326157802,0.0
1738459380.0,0.0005240070521667,0.0005240070521667,0.0005240070521667,0.0005240070521667,0.0,0.0,0.0,0.0,5.944519326157802,0.0
1738459440.0,0.0005240070521667,0.0005240070521667,0.0005216528683156,0.0005216528683156,6.24223564128,0.0032636278121463123,-0.004492656809418459,0.0,5.944519326157802,0.004492656809418459
1738459500.0,0.0005216528683156,0.0005240355051729,0.0005216528683156,0.0005240355051729,0.57109221872,0.00029859224665262777,0.004567475810098422,-0.9085090997382267,5.917812640928419,0.004567475810098422
1738459560.0,0.0005240355051729,0.0005240355051729,0.0005189892174357,0.0005189892174357,214.85963755014,0.11205195692775956,-0.00962966762249262,374.26746988215353,5.944842107014554,0.00962966762249262
1738459620.0,0.0005189892174357,0.0005190937056574,0.0005189176895905,0.0005190937056574,16.98039121663,0.008813527074711834,0.00020133023613925818,-0.9213442824528807,5.887595253455806,0.000339151683670285
1738459680.0,0.0005190937056574,0.0005192994376952,0.0005115752905801,0.0005115752905801,465.4165630314,0.2398452109259401,-0.014483733852596761,26.213306193171483,5.888780604398476,0.014880063138731118
1738459740.0,0.0005115752905801,0.0005115752905801,0.0005039565771494,0.0005043092556813,218.3656829784,0.11091716138578632,-0.014203256163058047,-0.537546899695923,5.803489073408034,0.014892653282884026
1738459800.0,0.0005043092556813,0.0005047008522955,0.0005020238946246,0.0005047008522955,40.69098410564,0.020528807133057037,0.0007765009461722821,-0.8149176657915469,5.721060631458912,0.005308166845527257
1738459860.0,0.0005047008522955,0.0005053616443258,0.0005047008522955,0.0005053616443258,27.76199987232,0.014020677451117876,0.0013092746471392168,-0.3170242498629781,5.725503040452349,0.0013092746471392168
1738459920.0,0.0005053616443258,0.0005053616443258,0.0004997480800868,0.0004997480800868,248.9511428182,0.1251116072751014,-0.011108014037133884,7.923363918134083,5.732999296425332,0.011108014037133884
1738459980.0,0.0004997480800868,0.0004997480800868,0.0004997480800868,0.0004997480800868,0.0,0.0,0.0,-1.0,5.66931705976576,0.0
1738460040.0,0.0004997480800868,0.0004999116800757,0.0004910232871057,0.0004910232871057,474.99291043207,0.23530468763776335,-0.01745838219045194,0.0,5.66931705976576,0.017785747107735034
1738460100.0,0.0004910232871057,0.0004936896006056,0.000415013632653,0.000415013632653,5403.49382042597,2.4478824484969577,-0.15479847178070358,9.403033076269681,5.57033995577752,0.16022858796850473
1738460160.0,0.000415013632653,0.0004268556804705,0.0004143156683591,0.0004159228958978,1728.63934837284,0.7181947896266223,0.0021909237992676577,-0.7066056868590213,4.708059843324168,0.030215904068589768
1738460220.0,0.0004159228958978,0.0004159228958978,0.0004137218089075,0.0004137218089075,18.40997093122,0.0076368674493530846,-0.0052920553593204045,-0.9893665791514258,4.718374843683283,0.0052920553593204045
1738460280.0,0.0004137218089075,0.0004137218089075,0.0004078555060724,0.0004078555060724,533.43191761776,0.2191277813004892,-0.014179341549798658,27.693411631630642,4.693404942804487,0.014179341549798658
1738460340.0,0.0004078555060724,0.0004078555060724,0.0004018480244439,0.0004018480244439,21.39758847542,0.008662851466541234,-0.014729436133770429,-0.9604666673703876,4.626855551088949,0.014729436133770429
1738460400.0,0.0004018480244439,0.0004450780903466,0.0004018480244439,0.0004450780903466,1947.61781934135,0.8247441964157578,0.1075781471428763,94.20470247021892,4.558704577749003,0.1075781471428763
1738460460.0,0.0004450780903466,0.0004973306388354,0.0004450780903466,0.0004969601752943,2424.30362943588,1.1418933932303577,0.11656849904091511,0.38454250201807216,5.0491215695949885,0.1174008553153197
1738460520.0,0.0004969601752943,0.0004976111755614,0.0004366282978675,0.0004508066412077,5449.53299988344,2.582443271361061,-0.09287169552221734,1.2615449801802094,5.637690092437786,0.12271180011111738
1738460580.0,0.0004508066412077,0.0004591002379714,0.0004416352583192,0.0004416352583192,903.47857989668,0.4031510700124296,-0.020344382824374677,-0.8438877343470352,5.114108254724282,0.03874162014430784
1738460640.0,0.0004416352583192,0.0004467111739357,0.0004416352583192,0.0004467111739357,275.49098714888,0.12236571777604402,0.011493456468621174,-0.69647676298547,5.010064878584878,0.011493456468621174
1738460700.0,0.0004467111739357,0.0004501914322037,0.0004467111739357,0.0004501914322037,66.44524131306,0.029797455049622418,0.007790846683635711,-0.7564885362405321,5.06764784117186,0.007790846683635711
1738460760.0,0.0004501914322037,0.0004605099394328,0.0004463968946445,0.0004580016648462,836.861280434,0.3800158190392497,0.017348692320217424,11.753297837228052,5.1071291085490875,0.031348985739724694
1738460820.0,0.0004580016648462,0.0004599365492807,0.0004393100162569,0.0004393100162569,870.64120780383,0.390618262906044,-0.04081131145140436,0.027900006619722462,5.195731120092932,0.045035934598024935
1738460880.0,0.0004393100162569,0.0004410519870732,0.0004344055181929,0.0004344055181929,430.9251418537,0.18825299531128067,-0.011164093424931031,-0.518064020072299,4.983686519133066,0.015129336082365294
1738460940.0,0.0004344055181929,0.0004344055181929,0.0003717796521061,0.0003773579341105,4528.11931407864,1.83788088341909,-0.13132334119445452,8.762824120700506,4.928048177232895,0.14416452706982114
1738461000.0,0.0003773579341105,0.0003779354283618,0.0003773579341105,0.0003779354283618,24.77270826468,0.009355331061387745,0.001530362022627875,-0.9949097184992841,4.280880425031429,0.001530362022627875
1738461060.0,0.0003779354283618,0.0003782344457269,0.0003718357194735,0.0003753795305448,359.57420219244,0.1354363126742357,-0.006762789686266794,13.476912873048603,4.287431721857309,0.01693073941529108
1738461120.0,0.0003753795305448,0.0003753795305448,0.0003590271735862,0.000368039822832,1577.5968322506,0.5864080084605146,-0.019552764910083592,3.329769445739407,4.258436722828159,0.04356219673157812
1738461180.0,0.000368039822832,0.0003753522868653,0.000368039822832,0.0003753522868653,243.02635406186,0.09033193702904453,0.01986867610421043,-0.8459571906833415,4.175172510702233,0.01986867610421043
1738461240.0,0.0003753522868653,0.0004450294273198,0.0003753522868653,0.0004387461270032,3606.0236603841,1.467829071145489,0.16889157827523701,15.249281476976812,4.258127660996579,0.1856313199431886
1738461300.0,0.0004387461270032,0.0004406621773532,0.0004372124934438,0.0004378673024199,126.48254067036,0.0554381468695955,-0.002003036674768448,-0.9622311971063963,4.977289562159735,0.007862596834672012
1738461360.0,0.0004378673024199,0.0004378673024199,0.0004349891145946,0.0004365850289773,76.1875549056,0.03331119250532705,-0.002928452148661024,-0.39912867968542726,4.967319868625786,0.006573196512718536
1738461420.0,0.0004365850289773,0.0004402481421962,0.0004365850289773,0.0004393740760559,221.24462895852,0.09690062358795379,0.006388325053502896,1.9089509050886626,4.952773310083423,0.00839037753420176
1738461480.0,0.0004393740760559,0.0004393740760559,0.0004094805811833,0.0004147682550399,2212.12484970714,0.9447347379019014,-0.05600198636405097,8.74952175663136,4.984413235904549,0.06803654676430378
1738461540.0,0.0004147682550399,0.0004147682550399,0.0004147682550399,0.0004147682550399,0.0,0.0,0.0,-1.0,4.705276193834627,0.0
1738461600.0,0.0004147682550399,0.0004227505996701,0.0004147682550399,0.0004227505996701,348.54355924036,0.1459559012757667,0.019245312371922257,0.0,4.705276193834627,0.019245312371922257
1738461660.0,0.0004227505996701,0.0004227505996701,0.0004169552765167,0.0004169552765167,349.41640945204,0.14670350612648547,-0.013708610130706993,0.005122128287956468,4.795830703981144,0.013708610130706993
1738461720.0,0.0004169552765167,0.0004180753029861,0.0004154592700936,0.0004180753029861,187.47184409205,0.07827236130632154,0.0026862028914871523,-0.466458823152895,4.730086530607393,0.006274133078143665
1738461780.0,0.0004180753029861,0.0004191561243692,0.0004180753029861,0.0004191561243692,23.27315183745,0.009742507065962443,0.0025852313575575226,-0.875530686651514,4.742792502722895,0.0025852313575575226
1738461840.0,0.0004191561243692,0.0004196868086527,0.0004191561243692,0.0004196868086527,32.3357895,0.013562324252879378,0.0012660778470041894,0.3920774356184244,4.755053718623323,0.0012660778470041894
1738461900.0,0.0004196868086527,0.0004223015510791,0.0004124041684344,0.0004223015510791,1783.46201997965,0.7508271304233142,0.006230223043688155,54.3612431338167,4.761073986797786,0.023582782304912217
1738461960.0,0.0004223015510791,0.0004369570116173,0.0004223015510791,0.0004239290407703,672.6845129345,0.2846231067542436,0.003853856769034601,-0.6209205884798357,4.790736539663039,0.03470378098482269
1738462020.0,0.0004239290407703,0.0004239290407703,0.0004220590096023,0.0004220590096023,57.7218191584,0.024415984626887304,-0.00441118910986153,-0.9142164355335732,4.80919935210508,0.00441118910986153
1738462080.0,0.0004220590096023,0.0004220590096023,0.0004179998509203,0.0004179998509203,214.74466515729,0.09019907935767016,-0.009617514588362599,2.694263439957337,4.787985064295921,0.009617514588362599
1738462140.0,0.0004179998509203,0.0004187316329806,0.0004179998509203,0.0004187316329806,4.95407854543,0.002072616746339628,0.0017506754097850847,-0.9770217527595709,4.741936548091193,0.0017506754097850847
1738462200.0,0.0004187316329806,0.0004187316329806,0.0004156168338382,0.0004178718568552,151.33104716958,0.06330204109128834,-0.002053286777690883,29.542087051590094,4.750238139800698,0.00743865258095827
1738462260.0,0.0004178718568552,0.0004178718568552,0.0004178718568552,0.0004178718568552,0.0,0.0,0.0,-1.0,4.740484538637362,0.0
1738462320.0,0.0004178718568552,0.0004178718568552,0.0004142601911298,0.0004156741390464,134.11480723281,0.05589543028001186,-0.005259310414775274,0.0,4.740484538637362,0.008642998244917797
1738462380.0,0.0004156741390464,0.0004160189793865,0.0004156741390464,0.0004160189793865,36.99053738256,0.015382387694105043,0.0008295929616673249,-0.7248006211411925,4.715552858932225,0.0008295929616673249
1738462440.0,0.0004160189793865,0.0004160189793865,0.0004160189793865,0.0004160189793865,0.0,0.0,0.0,-1.0,4.719464848394365,0.0
1738462500.0,0.0004160189793865,0.0004160189793865,0.000355065572011,0.0003585463323999,4370.38532798511,1.6925744370987472,-0.13814909856121105,0.0,4.719464848394365,0.1465159293102145
1738462560.0,0.0003585463323999,0.000360166813382,0.0003584604310876,0.000360166813382,62.588620204,0.02249163205848271,0.004519585993959243,-0.986711584692821,4.067475033897361,0.00475916817494275
1738462620.0,0.000360166813382,0.0003650290054298,0.000360166813382,0.0003650290054298,485.5644039666,0.17606463776021108,0.013499833596947878,6.828006313744066,4.085858337091342,0.013499833596947878
1738462680.0,0.0003650290054298,0.0003650290054298,0.0003328433682103,0.0003356212746485,2394.9835420566,0.8390229447624379,-0.08056272335584444,3.7654256722757364,4.141016744742778,0.08817282117513733
1738462740.0,0.0003356212746485,0.0003447163300292,0.0003356212746485,0.0003447163300292,756.64322412252,0.2573864193475637,0.0270991622632545,-0.6932307740160307,3.807405158324146,0.0270991622632545
1738462800.0,0.0003447163300292,0.0003499474136963,0.0003447163300292,0.0003464422415107,401.59525992228,0.13878300309253894,0.005006758691570489,-0.4607990450920712,3.9105826485115243,0.015175038753333508
1738462860.0,0.0003464422415107,0.0003477389139557,0.0003464422415107,0.0003477389139557,77.94113868987,0.027052634857050447,0.0037428243142226462,-0.8050724205830013,3.930161992176064,0.0037428243142226462
1738462920.0,0.0003477389139557,0.0003495288274172,0.0003477389139557,0.0003486957085803,116.59414552244,0.04060009986341398,0.0027514741267118557,0.5007817197086367,3.944871898039214,0.005147291228177071
1738462980.0,0.0003486957085803,0.0003486957085803,0.000348539007032,0.000348539007032,21.78742921506,0.007595476006342738,-0.0004493933949975938,-0.8129197703479726,3.955726110999862,0.0004493933949975938
1738463040.0,0.000348539007032,0.0003639316254426,0.000348539007032,0.000355469744929,1273.7077342393,0.4483506961724414,0.019885114025024117,58.02865018572083,3.953948433813159,0.04416325891806644
1738463100.0,0.000355469744929,0.0004230222802055,0.000355469744929,0.000395799841642,4364.82641009594,1.6395806662834798,0.11345577869378269,2.6569156249349866,4.032573149268599,0.19003736953757516
1738463160.0,0.000395799841642,0.000396255734854,0.0003923446148565,0.0003923446148565,674.14181222223,0.26566056609840166,-0.008729732612236021,-0.8379704203876788,4.490091876058508,0.009881560288843157
1738463220.0,0.0003923446148565,0.0004005645691751,0.0003894250516964,0.0003894250516964,1451.2184781063,0.5672592928622845,-0.007441323391600168,1.1352784916229137,4.450894574576144,0.0283921763085096
1738463280.0,0.0003894250516964,0.0003894250516964,0.0003816949804122,0.0003816949804122,558.51410156836,0.21534070596724983,-0.019849958934399548,-0.6203839960370136,4.417774028664804,0.019849958934399548
1738463340.0,0.0003816949804122,0.0003882724760253,0.0003816949804122,0.0003856738673274,823.1471707992,0.3158287479881469,0.010424257900649143,0.46664675668045713,4.330081395614351,0.017232334588201375
1738463400.0,0.0003856738673274,0.0003856738673274,0.0003856738673274,0.0003856738673274,0.0,0.0,0.0,-1.0,4.375219280813037,0.0
1738463460.0,0.0003856738673274,0.0003856738673274,0.0003856738673274,0.0003856738673274,0.0,0.0,0.0,0.0,4.375219280813037,0.0
1738463520.0,0.0003856738673274,0.0003856738673274,0.0003343059956247,0.0003392124648154,3963.83028313962,1.4366631975908177,-0.12046811165600374,0.0,4.375219280813037,0.13318992043371616
1738463580.0,0.0003392124648154,0.0003392124648154,0.0003288183058166,0.0003288183058166,657.80957006219,0.2197185170088747,-0.030642031401931336,-0.847063307964367,3.8481448759725523,0.030642031401931336
1738463640.0,0.0003288183058166,0.0003288183058166,0.000321947856713,0.0003247385210157,164.16225724123,0.053644681964103026,-0.012407413847498805,-0.7558481520156253,3.73022989984382,0.02089436318497427
1738463700.0,0.0003247385210157,0.0003247385210157,0.00032169707966,0.00032169707966,213.1736941677,0.06890153251877756,-0.009365816368773048,0.2844056483526893,3.683947393730144,0.009365816368773048
1738463760.0,0.00032169707966,0.000328059425062,0.00032169707966,0.000328059425062,371.55851622851,0.12071128140216458,0.019777442209684623,0.7519389916221012,3.649444218928247,0.019777442209684623
1738463820.0,0.000328059425062,0.0003286034250087,0.0003268238915038,0.0003268238915038,97.25309758004,0.03184471554475699,-0.003766188268989649,-0.7361910570838663,3.721620891065568,0.005424424262658219
1738463880.0,0.0003268238915038,0.0003268238915038,0.0003160699926267,0.0003160699926267,524.2123084426,0.1685064435418394,-0.03290426176500916,4.291504121147121,3.7076045661240102,0.03290426176500916
1738463940.0,0.0003160699926267,0.0003199144186961,0.0003160699926267,0.0003188917036285,172.193566985,0.0546681596885145,0.008927487795820657,-0.6755722894659477,3.5856085749591227,0.012163211184493965
1738464000.0,0.0003188917036285,0.000332057520851,0.0003188917036285,0.000332057520851,1114.51980603659,0.3627479017032804,0.04128617042304058,5.635451124935011,3.6176190517526603,0.04128617042304058
1738464060.0,0.000332057520851,0.000332057520851,0.0003309955239306,0.0003309955239306,787.6640913064,0.26113153700292036,-0.0031982317933298963,-0.28012943485881264,3.766976688448959,0.0031982317933298963
1738464120.0,0.0003309955239306,0.0003309955239306,0.000315998799237,0.0003170877886439,448.38391609996,0.14529506682559437,-0.04201789535261532,-0.4435943337477102,3.754929023839229,0.045307938051586456
1738464180.0,0.0003170877886439,0.000318949595142,0.0003170877886439,0.000318949595142,192.99525335264,0.061376098012755044,0.005871580567837206,-0.5775761741007481,3.597154809059054,0.005871580567837206
1738464240.0,0.000318949595142,0.0003206760006283,0.000318695426081,0.0003206760006283,144.5306796075,0.04622276102551676,0.005412784692613812,-0.24689313067913096,3.6182757933354273,0.006209678825327281
1738464300.0,0.0003206760006283,0.0003206760006283,0.0003162743442833,0.0003182410364252,262.17158153,0.08375294503538885,-0.007593222437379579,0.8119416317245516,3.6378607411632484,0.013726179496986986
1738464360.0,0.0003182410364252,0.0003182410364252,0.0003182410364252,0.0003182410364252,0.0,0.0,0.0,-1.0,3.6102376553593856,0.0
1738464420.0,0.0003182410364252,0.0003182410364252,0.0003171797047456,0.0003171797047456,11.04390043904,0.00350876170119566,-0.003334993159656468,0.0,3.6102376553593856,0.003334993159656468
1738464480.0,0.0003171797047456,0.0003171797047456,0.0003026049341243,0.0003026049341243,1511.83866955436,0.4685071919196495,-0.045951145055103636,132.52493894355922,3.598197537474028,0.045951145055103636
1738464540.0,0.0003026049341243,0.0003221511851667,0.000293236382905,0.0003192756029252,2291.7505393384,0.7125975280936226,0.055090538590002826,0.5209959214795478,3.432856240492642,0.09555297683884681
1738464600.0,0.0003192756029252,0.0003195809534877,0.000318607887231,0.0003195809534877,71.4128662448,0.02281128890636398,0.0009563855167836016,-0.9679885376989871,3.621974139683434,0.0030477313261170146
1738464660.0,0.0003195809534877,0.0003195809534877,0.0003177962380947,0.0003177962380947,3.62855149852,0.0011563779818193935,-0.005584548683276558,-0.949306767076332,3.625438143292792,0.005584548683276558
1738464720.0,0.0003177962380947,0.0003236632272511,0.0003176784904481,0.0003236632272511,429.34607935186,0.13770405325467977,0.01846148082675448,118.08221655865702,3.6051917074833657,0.01883199385518411
1738464780.0,0.0003236632272511,0.0003251683082071,0.0003236632272511,0.0003251683082071,13.7564070714,0.004462795361262251,0.004650145055966901,-0.967591401590711,3.671748885067844,0.004650145055966901
1738464840.0,0.0003251683082071,0.0003251683082071,0.0003224310140244,0.000324525461833,109.57158477003,0.0355939879992546,-0.001976965029724172,6.975715917475375,3.6888230499924943,0.008418084153996405
1738464900.0,0.000324525461833,0.0003252487053147,0.0003020060921436,0.0003020060921436,1265.05622779183,0.3962988221330955,-0.06939168828912541,10.133869633866107,3.6815303758218185,0.07162030689308631
1738464960.0,0.0003020060921436,0.0003020060921436,0.0003020060921436,0.0003020060921436,0.0,0.0,0.0,-1.0,3.426062767555844,0.0
1738465020.0,0.0003020060921436,0.0003020060921436,0.000298172001276,0.000298172001276,194.67468851917,0.05841974169624497,-0.012695409024321693,0.0,3.426062767555844,0.012695409024321693
1738465080.0,0.000298172001276,0.0003020739213527,0.000298172001276,0.0003020739213527,162.23329027272,0.048689935500419265,0.013086138403344664,-0.16654996946778872,3.382567499378723,0.013086138403344664
1738465140.0,0.0003020739213527,0.0003020739213527,0.0002987459779327,0.0002995766297709,316.36445232745,0.09517042354936309,-0.008267153849683635,0.954622091223423,3.4268322458342486,0.011016983541966624
1738465200.0,0.0002995766297709,0.0003040420072276,0.0002995766297709,0.0003002413225501,752.84687184741,0.22578553454139183,0.0022187738065826894,1.3724338520389285,3.39850209644088,0.01490562685118289
1738465260.0,0.0003002413225501,0.0003081411942838,0.0002983186399897,0.0002983186399897,1128.27207658916,0.337669245948955,-0.00640379060440339,0.4955309100506269,3.4060426038740794,0.032715530995774
1738465320.0,0.0002983186399897,0.0002983186399897,0.0002603461114474,0.0002603461114474,2296.51918177376,0.641492158928085,-0.127288487717734,0.899764833854779,3.3842310202491928,0.127288487717734
1738465380.0,0.0002603461114474,0.0002815543220437,0.0002603461114474,0.0002815543220437,3798.01727081584,1.0290736027308942,0.08146159924721952,0.6041873441609118,2.953457371594229,0.08146159924721952
1738465440.0,0.0002815543220437,0.0002992880949438,0.0002815543220437,0.0002988135768341,52.709899838,0.015295566909519675,0.061299910671309715,-0.9851365666470026,3.1940507323927845,0.06298526256452744
1738465500.0,0.0002988135768341,0.0002988135768341,0.0002985953634749,0.0002985953634749,70.40766493985,0.021031084250673456,-0.0007302658785184953,0.37497906256642916,3.3898457569680933,0.0007302658785184953
1738465560.0,0.0002985953634749,0.0002985953634749,0.0002379993932577,0.0002541714719705,5649.81522443222,1.5615152412303204,-0.1487762267552232,73.24796661067619,3.387370268278339,0.20293674192397065
1738465620.0,0.0002541714719705,0.0002541714719705,0.0002354015351422,0.0002354015351422,1257.25305751121,0.3077585800336997,-0.0738475356135896,-0.8029102938558472,2.8834101011410596,0.0738475356135896
1738465680.0,0.0002354015351422,0.0002354015351422,0.0002131740720265,0.0002152718811032,1725.86683735546,0.3889011517878146,-0.08551199135910553,0.26365657050155916,2.6704773710084613,0.09442361156342059
1738465740.0,0.0002152718811032,0.0002190974525953,0.0002152718811032,0.0002190974525953,235.15700577341,0.05107249595616521,0.017770883370810626,-0.868674865781754,2.442119533134099,0.017770883370810626
1738465800.0,0.0002190974525953,0.0002190974525953,0.0002018764646451,0.0002018764646451,1750.4613833934,0.36844929277258465,-0.07859967218336075,6.214240970106873,2.4855181545350034,0.07859967218336075
1738465860.0,0.0002018764646451,0.0002034704455194,0.0001752653079629,0.0001752653079629,2595.57229134364,0.48944936744477424,-0.13181901480681543,0.3284036013793453,2.2901572423827603,0.1397148380128649
1738465920.0,0.0001752653079629,0.0001752653079629,0.0001398520721145,0.0001398520721145,3744.92135769066,0.5900449034156902,-0.20205502309616374,0.2055279721702089,1.9882709709391717,0.20205502309616374
1738465980.0,0.0001398520721145,0.0001398520721145,7.73848297938402e-05,7.73848297938402e-05,7353.21066121347,0.798694351560696,-0.44666654827621344,0.35361621960830847,1.5865308339846254,0.44666654827621344
1738466040.0,7.73848297938402e-05,7.73848297938402e-05,5.64539784545526e-05,5.64539784545526e-05,2316.64333329025,0.15502839143207567,-0.27047744881069297,-0.8058977240428193,0.8778805826349305,0.27047744881069297
1738466100.0,5.64539784545526e-05,5.64539784545526e-05,3.77194523743889e-05,3.79342166073128e-05,3357.59836074741,0.15845882450681303,-0.3280506060728536,0.02212777313270634,0.6404336822833898,0.3318548416431915
1738466160.0,3.79342166073128e-05,3.79342166073128e-05,2.49932718738332e-05,2.49932718738332e-05,2525.48273138152,0.07946114274417186,-0.34114174196455926,-0.4985375980701196,0.43033902466085444,0.34114174196455926
1738466220.0,2.49932718738332e-05,2.49932718738332e-05,2.17942361943391e-05,2.19520527773216e-05,902.80762148538,0.02119129844408402,-0.12168151140289946,-0.7333124378501553,0.2835324201527211,0.12799587407534832
1738466280.0,2.19520527773216e-05,2.94332551296988e-05,2.19520527773216e-05,2.94332551296988e-05,1721.79726578068,0.04423754132780304,0.3407973927661992,1.0875333073397795,0.24903176673681612,0.3407973927661992
1738466340.0,2.94332551296988e-05,2.94332551296988e-05,2.42981968146951e-05,2.57754649542875e-05,1874.70564545691,0.0517500496099497,-0.12427406208702041,0.16982201217916904,0.3339011435566833,0.17446450596020946
1738466400.0,2.57754649542875e-05,2.60993741260373e-05,2.57109922845618e-05,2.60682262379106e-05,452.74261493964,0.011735924159239476,0.011358137831550574,-0.7732190742290018,0.29240589211139295,0.01506788886890278
1738466460.0,2.60682262379106e-05,2.62215135819245e-05,2.60682262379106e-05,2.62215135819245e-05,6.27355701489,0.00016402133202674972,0.005880236829883682,-0.9860239952302675,0.2957270785367517,0.005880236829883682
1738466520.0,2.62215135819245e-05,2.66209209488574e-05,2.62215135819245e-05,2.65164546618599e-05,126.77853126,0.003343021077791754,0.011248057020579964,19.38162375883249,0.29746602379555737,0.015232048511807686
1738466580.0,2.65164546618599e-05,2.97583421158584e-05,2.6372301891297e-05,2.97583421158584e-05,689.53432208535,0.019401701923307417,0.12225946097769581,4.803643312989007,0.300811938592895,0.1276958125714948
1738466640.0,2.97583421158584e-05,3.04751226816062e-05,2.97583421158584e-05,3.04751226816062e-05,73.4210823331,0.0022112030890512643,0.024086710306546997,-0.8860304576478969,0.3375890440609181,0.024086710306546997
1738466700.0,3.04751226816062e-05,3.0906639712358e-05,3.04751226816062e-05,3.04922994685021e-05,108.75493576683,0.0033152540399021186,0.0005636330680390405,0.49929875564915066,0.34572045356787756,0.014159648683293165
1738466760.0,3.04922994685021e-05,3.16428005699538e-05,3.04922994685021e-05,3.14800966495516e-05,352.27553072791,0.010915679366483818,0.03239497178852891,2.2925619681338505,0.3459153130478059,0.037730873745358086
1738466820.0,3.14800966495516e-05,3.16077694144193e-05,2.69239320754717e-05,2.69239320754717e-05,803.37873255908,0.02346027728672666,-0.14473159421334872,1.149227409405278,0.35712122985520967,0.1487872604423633
1738466880.0,2.69239320754717e-05,2.69239320754717e-05,2.65564615461351e-05,2.65564615461351e-05,104.8269397944,0.0028030930011764947,-0.013648471861633184,-0.880517482086095,0.30543450493083346,0.013648471861633184
1738466940.0,2.65564615461351e-05,2.65564615461351e-05,2.62811418184403e-05,2.62811418184403e-05,14.23636311734,0.00037610765387404056,-0.01036733479031089,-0.865824054458349,0.3012657906847131,0.01036733479031089
1738467000.0,2.62811418184403e-05,2.67956496945409e-05,2.33942142917928e-05,2.33942142917928e-05,967.17078780851,0.024022276651901216,-0.10984787291935211,62.87074659200192,0.29814246737181693,0.12942494760107665
1738467060.0,2.33942142917928e-05,2.33942142917928e-05,2.18599081668836e-05,2.18599081668836e-05,387.05023428258,0.008757809349941633,-0.06558485383488466,-0.6354296690172991,0.2653921515040955,0.06558485383488466
1738467120.0,2.18599081668836e-05,2.18599081668836e-05,2.07631498280918e-05,2.07631498280918e-05,72.80099489832,0.001551500513821501,-0.050172138438043315,-0.8228437669938726,0.24798644603877384,0.050172138438043315
1738467180.0,2.07631498280918e-05,2.07653454610774e-05,2.04830237568827e-05,2.07653454610774e-05,4.19051682186,8.701292904789866e-05,0.00010574662340622314,-0.9439169189615173,0.23554443573735814,0.013597248323697502
1738467240.0,2.07653454610774e-05,2.07653454610774e-05,2.07653454610774e-05,2.07653454610774e-05,0.0,0.0,0.0,-1.0,0.23556934376609948,0.0
1738467300.0,2.07653454610774e-05,2.07653454610774e-05,2.07490543590853e-05,2.07490543590853e-05,0.20118616492,4.176061444387036e-06,-0.0007845331551374566,0.0,0.23556934376609948,0.0007845331551374566
1738467360.0,2.07490543590853e-05,2.11017797049811e-05,2.07483647506752e-05,2.11017797049811e-05,105.4873370867,0.0022073665201378595,0.016999586573513102,527.5761595066419,0.235384531805581,0.017032822228409402
1738467420.0,2.11017797049811e-05,2.13339483558637e-05,2.11017797049811e-05,2.13339483558637e-05,8.08821397939,0.0001716146244636587,0.011002325591892766,-0.9222536797138063,0.23938597153207583,0.011002325591892766
1738467480.0,2.13339483558637e-05,2.13339483558637e-05,2.13339483558637e-05,2.13339483558637e-05,0.0,0.0,0.0,-1.0,0.2420197739330033,0.0
1738467540.0,2.13339483558637e-05,2.13339483558637e-05,2.11825323841267e-05,2.11825323841267e-05,10.91423602962,0.00023201745297252402,-0.007097419062392203,0.0,0.2420197739330033,0.007097419062392203
1738467600.0,2.11825323841267e-05,2.15227906880144e-05,2.11825323841267e-05,2.14537055282067e-05,62.08102678283,0.001323450713877341,0.012801733955247313,4.704099829223049,0.24030205817601535,0.01606315513732788
1738467660.0,2.14537055282067e-05,2.14537055282067e-05,2.08821729487686e-05,2.08821729487686e-05,113.63612159986,0.0024054425173232305,-0.02664027334050373,0.8175535304038302,0.24337834119368307,0.02664027334050373
1738467720.0,2.08821729487686e-05,2.08821729487686e-05,1.98531966988291e-05,1.98531966988291e-05,423.77219104896,0.008631258424375888,-0.04927534373285495,2.588220613137215,0.23689467565912495,0.04927534373285495
1738467780.0,1.98531966988291e-05,1.98531966988291e-05,1.89837843686383e-05,1.89837843686383e-05,109.1298178446,0.002119136334763448,-0.04379205743939856,-0.75448118564279,0.22522160908753838,0.04379205743939856
1738467840.0,1.89837843686383e-05,1.89837843686383e-05,1.88308398589949e-05,1.88308398589949e-05,10.9768562288,0.0002075428467464134,-0.008056586962506213,-0.9020625321071752,0.21535869144578315,0.008056586962506213
1738467900.0,1.88308398589949e-05,1.88308398589949e-05,1.87237888392744e-05,1.87237888392744e-05,29.35163775165,0.0005511449287246597,-0.005684877600898111,1.6555717884995438,0.21362363542001864,0.005684877600898111
1738467960.0,1.87237888392744e-05,1.88970392802798e-05,1.87237888392744e-05,1.8805297048689e-05,32.07049024431,0.0006017880914239012,0.004353189950723745,0.09188719710517695,0.21240921119999695,0.009252958495344495
1738468020.0,1.8805297048689e-05,1.8805297048689e-05,1.8805297048689e-05,1.8805297048689e-05,0.0,0.0,0.0,-1.0,0.21333386884363395,0.0
1738468080.0,1.8805297048689e-05,1.8805297048689e-05,1.8805297048689e-05,1.8805297048689e-05,0.0,0.0,0.0,0.0,0.21333386884363395,0.0
1738468140.0,1.8805297048689e-05,1.93538326423771e-05,1.8805297048689e-05,1.93538326423771e-05,109.2884,0.002085175114664554,0.029169206541533446,0.0,0.21333386884363395,0.029169206541533446
1738468200.0,1.93538326423771e-05,1.93538326423771e-05,1.93105945190543e-05,1.93105945190543e-05,1.58444379093,3.0630805772897614e-05,-0.002234085833114322,-0.9853101998208793,0.2195566485262383,0.002234085833114322
1738468260.0,1.93105945190543e-05,1.93105945190543e-05,1.93105945190543e-05,1.93105945190543e-05,0.0,0.0,0.0,-1.0,0.21906614012819978,0.0
1738468320.0,1.93105945190543e-05,1.9756184268306e-05,1.93105945190543e-05,1.9756184268306e-05,79.9980472862,0.0015626330083753823,0.02307488507472015,0.0,0.21906614012819978,0.02307488507472015
1738468380.0,1.9756184268306e-05,1.9756184268306e-05,1.96527768055142e-05,1.96527768055142e-05,0.54959598254,1.0829503341123414e-05,-0.0052341819344988594,-0.9930697078053006,0.22412106613542052,0.0052341819344988594
1738468440.0,1.96527768055142e-05,1.96527768055142e-05,1.96527768055142e-05,1.96527768055142e-05,0.0,0.0,0.0,-1.0,0.2229479756999139,0.0
1738468500.0,1.96527768055142e-05,1.97997707385058e-05,1.96527768055142e-05,1.97435229937392e-05,36.92441621642,0.0007273426855872482,0.004617474116916562,0.0,0.2229479756999139,0.007479550317304606
1738468560.0,1.97435229937392e-05,1.97435229937392e-05,1.97435229937392e-05,1.97435229937392e-05,0.0,0.0,0.0,-1.0,0.22397743220712718,0.0
1738468620.0,1.97435229937392e-05,1.97435229937392e-05,1.9495257026188e-05,1.9495257026188e-05,95.598565692,0.0018755855447044737,-0.0125745525573084,0.0,0.22397743220712718,0.0125745525573084
1738468680.0,1.9495257026188e-05,1.9495257026188e-05,1.93321469921619e-05,1.93618274904336e-05,19.38306519324,0.00037658470120245657,-0.006844205007154556,-0.7992175284855947,0.22116101621418768,0.008366652145544745
1738468740.0,1.93618274904336e-05,1.93618274904336e-05,1.93618274904336e-05,1.93618274904336e-05,0.0,0.0,0.0,-1.0,0.21964734487962714,0.0
1738468800.0,1.93618274904336e-05,2.06065839290339e-05,1.93618274904336e-05,2.05790299040911e-05,511.26450616125,0.010210171365734289,0.06286609124365464,0.0,0.21964734487962714,0.06428920199889784
1738468860.0,2.05790299040911e-05,2.05790299040911e-05,2.05790299040911e-05,2.05790299040911e-05,0.0,0.0,0.0,-1.0,0.23345571490425626,0.0
1738468920.0,2.05790299040911e-05,2.05790299040911e-05,1.77949464639845e-05,1.77949464639845e-05,533.53195873068,0.0102368713879721,-0.13528739950725885,0.0,0.23345571490425626,0.13528739950725885
1738468980.0,1.77949464639845e-05,1.77949464639845e-05,1.57386642224898e-05,1.57386642224898e-05,475.0677920445,0.007965369194051596,-0.11555428085476098,-0.2218941811254389,0.20187209833475142,0.11555428085476098
1738469040.0,1.57386642224898e-05,1.57386642224898e-05,1.35486398075855e-05,1.35486398075855e-05,575.21922033579,0.008423310094958577,-0.13914931940506475,0.0574914846695322,0.17854491318703763,0.13914931940506475
1738469100.0,1.35486398075855e-05,1.35486398075855e-05,1.35486398075855e-05,1.35486398075855e-05,0.0,0.0,0.0,-1.0,0.15370051003382498,0.0
1738469160.0,1.35486398075855e-05,1.35486398075855e-05,1.33766305281836e-05,1.33766305281836e-05,23.21167977674,0.00031249037646801454,-0.01269568619763569,0.0,0.15370051003382498,0.01269568619763569
1738469220.0,1.33766305281836e-05,1.34615638253511e-05,1.33766305281836e-05,1.34615638253511e-05,41.624,0.0005585565008857642,0.006349379015033072,0.7874358474618053,0.15174917659001896,0.006349379015033072
1738469280.0,1.34615638253511e-05,1.3658907482804e-05,1.34615638253511e-05,1.36557905415972e-05,96.7245027068,0.0013114563079335726,0.014428243164462676,1.347938491189079,0.1527126896274082,0.014659786932128884
1738469340.0,1.36557905415972e-05,1.38778221358681e-05,1.3580925843588e-05,1.38778221358681e-05,106.5613490392,0.0014670094554167607,0.016259153477388533,0.11861100254898245,0.15491606544765155,0.021741421075236654
1738469400.0,1.38778221358681e-05,1.43096727895436e-05,1.38778221358681e-05,1.43096727895436e-05,104.585,0.0014739945783870912,0.031118042114068815,0.00476147099429981,0.15743486953187807,0.031118042114068815
1738469460.0,1.43096727895436e-05,1.46776057962799e-05,1.43096727895436e-05,1.46776057962799e-05,41.872,0.0006068776644728008,0.02571218868157196,-0.5882768679265614,0.162333934432194,0.02571218868157196
1738469520.0,1.46776057962799e-05,1.48434842549589e-05,1.46776057962799e-05,1.47869401714771e-05,43.6033279287,0.0006423761300511819,0.007449060610751063,0.05849361025540276,0.1665078951837365,0.011301465714595083
1738469580.0,1.47869401714771e-05,1.48062321697238e-05,1.45543186583949e-05,1.45543186583949e-05,97.26710737192,0.001426969686516228,-0.015731551651971265,1.2213927631503567,0.16774822258712874,0.01703621631031025
1738469640.0,1.45543186583949e-05,1.45543186583949e-05,1.437138340143e-05,1.437138340143e-05,1.0044588836,1.4527339199178968e-05,-0.012569139185322415,-0.9898194479276952,0.16510928275897294,0.012569139185322415
1738469700.0,1.437138340143e-05,1.45715244630929e-05,1.437138340143e-05,1.45715244630929e-05,64.21776945,0.0009293244922282618,0.013926360189025827,62.970729910456264,0.16303400120318667,0.013926360189025827
1738469760.0,1.45715244630929e-05,1.48764972898737e-05,1.45715244630929e-05,1.48764972898737e-05,62.63639175122,0.0009222589134086323,0.02092936998824258,-0.007602918979019046,0.1653044714270003,0.02092936998824258
1738469820.0,1.48764972898737e-05,1.48764972898737e-05,1.48764972898737e-05,1.48764972898737e-05,0.0,0.0,0.0,-1.0,0.1687641898702069,0.0
1738469880.0,1.48764972898737e-05,1.48764972898737e-05,1.48764972898737e-05,1.48764972898737e-05,0.0,0.0,0.0,0.0,0.1687641898702069,0.0
1738469940.0,1.48764972898737e-05,1.48764972898737e-05,1.48764972898737e-05,1.48764972898737e-05,0.0,0.0,0.0,0.0,0.1687641898702069,0.0
1738470000.0,1.48764972898737e-05,1.48764972898737e-05,1.48764972898737e-05,1.48764972898737e-05,0.0,0.0,0.0,0.0,0.1687641898702069,0.0
1738470060.0,1.48764972898737e-05,1.48764972898737e-05,1.48622476210709e-05,1.48622476210709e-05,1.6381266699,2.4357915583985626e-05,-0.0009578645110566205,0.0,0.1687641898702069,0.0009578645110566205
1738470120.0,1.48622476210709e-05,1.48622476210709e-05,1.48622476210709e-05,1.48622476210709e-05,0.0,0.0,0.0,-1.0,0.16860253664199298,0.0
1738470180.0,1.48622476210709e-05,1.48685535099648e-05,1.48622476210709e-05,1.48685535099648e-05,5.79984359227,8.621699821644554e-05,0.0004242890479741718,0.0,0.16860253664199298,0.0004242890479741718
1738470240.0,1.48685535099648e-05,1.48685535099648e-05,1.46116942763399e-05,1.46116942763399e-05,69.75235126212,0.0010281582994423305,-0.01727533437955183,10.925238882258062,0.16867407285175084,0.01727533437955183
1738470300.0,1.46116942763399e-05,1.46116942763399e-05,1.46116942763399e-05,1.46116942763399e-05,0.0,0.0,0.0,-1.0,0.16576017184207595,0.0
1738470360.0,1.46116942763399e-05,1.46116942763399e-05,1.45931903296438e-05,1.45931903296438e-05,13.41107934712,0.0001958345123871654,-0.0012663792676022227,0.0,0.16576017184207595,0.0012663792676022227
1738470420.0,1.45931903296438e-05,1.45931903296438e-05,1.45931903296438e-05,1.45931903296438e-05,0.0,0.0,0.0,-1.0,0.16555025659706096,0.0
1738470480.0,1.45931903296438e-05,1.45931903296438e-05,1.45931903296438e-05,1.45931903296438e-05,0.0,0.0,0.0,0.0,0.16555025659706096,0.0
1738470540.0,1.45931903296438e-05,1.45931903296438e-05,1.45931903296438e-05,1.45931903296438e-05,0.0,0.0,0.0,0.0,0.16555025659706096,0.0
1738470600.0,1.45931903296438e-05,1.45931903296438e-05,1.45931903296438e-05,1.45931903296438e-05,0.0,0.0,0.0,0.0,0.16555025659706096,0.0
1738470660.0,1.45931903296438e-05,1.45931903296438e-05,1.44832957746479e-05,1.44832957746479e-05,2.056628e-05,2.9899757731848614e-10,-0.007530536675908766,0.0,0.16555025659706096,0.007530536675908766
1738470720.0,1.44832957746479e-05,1.44832957746479e-05,1.44832957746479e-05,1.44832957746479e-05,0.0,0.0,0.0,-1.0,0.1643035743180507,0.0
1738470780.0,1.44832957746479e-05,1.44832957746479e-05,1.44832957746479e-05,1.44832957746479e-05,0.0,0.0,0.0,0.0,0.1643035743180507,0.0
1738470840.0,1.44832957746479e-05,1.45095211267606e-05,1.44832957746479e-05,1.45095211267606e-05,2.060352e-05,2.9867704144225407e-10,0.0018107309635010526,0.0,0.1643035743180507,0.0018107309635010526
1738470900.0,1.45095211267606e-05,1.4577999016294e-05,1.44940575924165e-05,1.44940575924165e-05,42.08355330048,0.0006102868254665785,-0.0010657508410515048,2043299.0893527693,0.1646010838874823,0.005785264940459251
1738470960.0,1.44940575924165e-05,1.44940575924165e-05,1.44940575924165e-05,1.44940575924165e-05,0.0,0.0,0.0,-1.0,0.1644256601438912,0.0
1738471020.0,1.44940575924165e-05,1.44940575924165e-05,1.44940575924165e-05,1.44940575924165e-05,0.0,0.0,0.0,0.0,0.1644256601438912,0.0
1738471080.0,1.44940575924165e-05,1.44940575924165e-05,1.44940575924165e-05,1.44940575924165e-05,0.0,0.0,0.0,0.0,0.1644256601438912,0.0
1738471140.0,1.44940575924165e-05,1.44940575924165e-05,1.44940575924165e-05,1.44940575924165e-05,0.0,0.0,0.0,0.0,0.1644256601438912,0.0
1738471200.0,1.44940575924165e-05,1.44940575924165e-05,1.44940575924165e-05,1.44940575924165e-05,0.0,0.0,0.0,0.0,0.1644256601438912,0.0
1738471260.0,1.44940575924165e-05,1.44940575924165e-05,1.44940575924165e-05,1.44940575924165e-05,0.0,0.0,0.0,0.0,0.1644256601438912,0.0
1738471320.0,1.44940575924165e-05,1.44940575924165e-05,1.44940575924165e-05,1.44940575924165e-05,0.0,0.0,0.0,0.0,0.1644256601438912,0.0
