0,1,2,3,4,5
1732821120,0.000295387571740145,0.000309025804662081,0.000283423536310085,0.000289441571281937,5992.68718899282
1732821060,0.000286929415503389,0.000305552495441175,0.000286759991227567,0.000295387571740145,6175.13721402568
1732821000,0.000281540179933748,0.000287240036616996,0.000274447580354859,0.000286929415503389,2776.41008473774
1732820940,0.000287918448356949,0.000288878923370202,0.000277895047252277,0.000281540179933748,3493.25837157019
1732820880,0.000280928040540557,0.000287918448356949,0.000280928040540557,0.000287918448356949,1509.36536648173
1732820820,0.000284096075876993,0.000293137050860715,0.000279404213480671,0.000280928040540557,3033.421484078
1732820760,0.000305465608284108,0.000310212010584003,0.000281169253131996,0.000284096075876993,8389.96307258798
1732820700,0.000317763895332263,0.00031840291235777,0.000303550278745797,0.000305465608284108,5303.523305916
1732820640,0.000326204694365644,0.00032703469590637,0.000315182494055172,0.000317763895332263,2167.91163032658
1732820580,0.000346903880971937,0.000349802128422991,0.00032481166844676,0.000326204694365644,3676.42317999972
1732820520,0.000316279930799696,0.000446250529930957,0.000314218721565197,0.000346903880971937,32377.09509275802
1732820460,0.000408502304416549,0.000410180952857289,0.000302147193273435,0.000316279930799696,26823.00150243848
1732820400,0.000432018931017942,0.000434036202277198,0.000408502304416549,0.000408502304416549,2611.36205319729
1732820340,0.000436037937297403,0.000439322019964865,0.000403244273117634,0.000432018931017942,7131.87275945878
1732820280,0.000415113621823143,0.000436037937297403,0.000415113621823143,0.000436037937297403,3628.78739549758
1732820220,0.000439061050784181,0.000447132969323705,0.000413375815232173,0.000415113621823143,10429.2059206366
1732820160,0.000413595681431164,0.000441173774121872,0.000411919769614691,0.000439061050784181,2386.85300037127
1732820100,0.000411436266888542,0.000422171312891422,0.000409404875102569,0.000413595681431164,2070.22742924049
1732820040,0.000409301840594205,0.000423029545359514,0.000393510213462492,0.000411436266888542,5902.07427576985
1732819980,0.000420916785693114,0.000428159394097081,0.000400812069763504,0.000409301840594205,6031.76977868529
1732819920,0.000406918094934311,0.000423034200031647,0.000406918094934311,0.000420916785693114,1783.48681579054
1732819860,0.00040835984173819,0.000416843887022323,0.000405838198468081,0.000406918094934311,2686.52121698528
1732819800,0.000409727133836949,0.00041245946754833,0.000392845556567872,0.00040835984173819,3131.50868396837
1732819740,0.000402048155508501,0.00041014189494566,0.000396709860720195,0.000409727133836949,3769.2337063779
1732819680,0.000382519601235155,0.000402566320156811,0.000382519601235155,0.000402048155508501,3300.84115340097
1732819620,0.000391344942683389,0.000392249290216605,0.000373432685359335,0.000382519601235155,5202.44210526499
1732819560,0.00037698285073885,0.000401585585531143,0.000375376809883419,0.000391344942683389,6164.01652184992
1732819500,0.000372190671742567,0.000377963961462799,0.000370293031763544,0.00037698285073885,796.03822486533
1732819440,0.000377124167676661,0.000377822611159349,0.000369206392444329,0.000372190671742567,1534.8153204983
1732819380,0.000357974976478837,0.000377124167676661,0.000357974976478837,0.000377124167676661,1678.17355238264
1732819320,0.000367480453046216,0.00036766148529737,0.00035682688824675,0.000357974976478837,3161.32716755517
1732819260,0.000374234343740048,0.000381290251073542,0.000363386235621991,0.000367480453046216,5608.61847501091
1732819200,0.000373496988529891,0.00038349896578178,0.00037123957545503,0.000374234343740048,3197.28205754392
1732819140,0.000363374467899814,0.000390424876836867,0.000363374467899814,0.000373496988529891,5992.43460745825
1732819080,0.000348220487005669,0.000375495664144512,0.000348086167483571,0.000363374467899814,4971.76305980821
1732819020,0.00035771798097301,0.000358843914093039,0.000347168079284158,0.000348220487005669,1799.67678796419
1732818960,0.000359080698283962,0.00035939581394562,0.00035058556423512,0.00035771798097301,3310.69366322609
1732818900,0.000373486251734471,0.000373486251734471,0.000356225784224401,0.000359080698283962,3529.99830068989
1732818840,0.000346128073025644,0.000373486251734471,0.000346128073025644,0.000373486251734471,6330.9998087125
1732818780,0.000342134492799019,0.000359421832815422,0.00033734672002576,0.000346128073025644,5216.73122660465
1732818720,0.000335181148778176,0.000349545175378273,0.000335181148778176,0.000342134492799019,2959.77722804907
1732818660,0.000337212409334387,0.00044076733375895,0.000334282748683845,0.000335181148778176,16167.7130207817
1732818600,0.000324037999789577,0.00034301756856168,0.000322397334631811,0.000337212409334387,2714.02615455414
1732818540,0.000324661878274669,0.000357801010652017,0.000322240858795642,0.000324037999789577,7152.39377061173
1732818480,0.000320357734691502,0.000324871928227344,0.000318383450639412,0.000324661878274669,613.3058436565
1732818420,0.00031981563574702,0.000320357734691502,0.000316340098560275,0.000320357734691502,638.23742662747
1732818360,0.000324931256974045,0.000324931256974045,0.000319778548302739,0.00031981563574702,365.19419246664
1732818300,0.000326890959503115,0.000326890959503115,0.000317734415428276,0.000324931256974045,1741.59511396901
1732818240,0.000326580598648196,0.000330944695243711,0.000323785471942818,0.000326890959503115,1426.37299283204
1732818180,0.000309785874393927,0.000326580598648196,0.000306716355991262,0.000326580598648196,2214.11682685952
1732818120,0.000318013342477587,0.000318013342477587,0.000300718453218967,0.000309785874393927,3562.72251183758
1732818060,0.000303848389868551,0.000318013342477587,0.000299751289157384,0.000318013342477587,3813.7736272211
1732818000,0.000297314857438829,0.000314596013626927,0.00029635197993275,0.000303848389868551,2920.80221614621
1732817940,0.000275363696808936,0.000297908698831811,0.000275147151392236,0.000297314857438829,3113.15694075364
1732817880,0.000272150212719579,0.000283417446577461,0.000268636023630447,0.000275363696808936,5148.13952271034
1732817820,0.000288450388051258,0.000292450432235647,0.000265616036724991,0.000272150212719579,4095.56792971825
1732817760,0.000286037136281079,0.000298804451213221,0.000286037136281079,0.000288450388051258,4088.81534797908
1732817700,0.000310883280437149,0.000316102699398784,0.00028437084713973,0.000286037136281079,3011.19377186558
1732817640,0.00032088647578986,0.000324746472285545,0.000303578004638952,0.000310883280437149,4902.7148771536
1732817580,0.000335929896768159,0.000335929896768159,0.000320302374028792,0.00032088647578986,2359.11507450776
1732817520,0.00032742895524689,0.00033612008146668,0.00032742895524689,0.000335929896768159,1434.03119027338
1732817460,0.000351006228301663,0.000354507700153965,0.000323984693937021,0.00032742895524689,4947.72057691364
1732817400,0.000332195306945455,0.000352685458810673,0.000331331322507048,0.000351006228301663,2418.92884265742
1732817340,0.000320234564080703,0.000343869019329669,0.000318965412745304,0.000332195306945455,4679.63362993669
1732817280,0.00034730384608655,0.00034730384608655,0.000309784123053095,0.000320234564080703,6863.59685534802
1732817220,0.000361737995382353,0.000375805475740775,0.000339586977964,0.00034730384608655,7652.43824668829
1732817160,0.000400153233331984,0.000401831518915218,0.000359060299032482,0.000361737995382353,6273.9859097612
1732817100,0.000391629106395202,0.000408766431561684,0.000391629106395202,0.000400153233331984,4089.9104882774
1732817040,0.000364474655688836,0.000534468962761468,0.000364474655688836,0.000391629106395202,23533.67691040886
1732816980,0.00038506972572631,0.0003871438230178,0.000364474655688836,0.000364474655688836,6020.47537392427
1732816920,0.000401168304588861,0.000406933891173375,0.00038506972572631,0.00038506972572631,4217.45482245097
1732816860,0.000403053047101663,0.000403281837161581,0.000380514540035075,0.000401168304588861,5058.32012988524
1732816800,0.000395810298971886,0.000403053047101663,0.000394008524697105,0.000403053047101663,1760.28761238032
1732816740,0.000401380044930158,0.000401490280937023,0.000388989935328493,0.000395810298971886,3411.40755609817
1732816680,0.000389017079609008,0.000424420417075272,0.000389017079609008,0.000401380044930158,5904.88325657785
1732816620,0.000367333039372292,0.000390947952070466,0.000367333039372292,0.000389017079609008,5778.4838185174
1732816560,0.000364358645148813,0.000368728788204641,0.000355899773916453,0.000367333039372292,3400.81844440423
1732816500,0.000400076701711902,0.000406133969106862,0.000364358645148813,0.000364358645148813,5820.81868686852
1732816440,0.000445331831225332,0.000471455019848419,0.000397404333874912,0.000400076701711902,14116.18649652528
1732816380,0.000437851857505207,0.000453824025719175,0.000419101501445626,0.000445331831225332,7396.59636937485
1732816320,0.00045047503773316,0.000459990091621713,0.000410331444222503,0.000437851857505207,13156.83966715555
1732816260,0.000445954014418354,0.000453566661251621,0.00043310424728396,0.00045047503773316,5171.79233313941
1732816200,0.000393969478729259,0.000455162831844425,0.000391235651479842,0.000445954014418354,9193.09641331873
1732816140,0.000366981239386173,0.000393969478729259,0.000366981239386173,0.000393969478729259,6725.97961583549
1732816080,0.000327170887849299,0.000376572221207716,0.000317408711051531,0.000366981239386173,10756.80329066706
1732816020,0.000276486961921574,0.000331344851415344,0.000269375922424848,0.000327170887849299,16765.07292761478
1732815960,0.000220712604886568,0.000288813748368586,0.000217481483228802,0.000276486961921574,15057.37707909222
1732815900,0.000202806036615609,0.000223082643589832,0.000198849673935215,0.000220712604886568,5467.21002079793
1732815840,0.000230445301105285,0.000230445301105285,0.000198689857147232,0.000202806036615609,4866.62785813145
1732815780,0.000216699197707611,0.000274487092821751,0.000207251495132281,0.000230445301105285,17314.79374168404
1732815720,0.00023474403581262,0.000246540447256143,0.000213166925195154,0.000216699197707611,11708.01975013322
1732815660,0.000256160570540524,0.000258602376697004,0.000223306416152441,0.00023474403581262,10209.83096291688
1732815600,0.000265710843610817,0.000265710843610817,0.00025352392659852,0.000256160570540524,1958.73903015522
1732815540,0.000282844428324072,0.000282844428324072,0.000257659476082352,0.000265710843610817,4561.50007767122
1732815480,0.000259311223419255,0.000323969579951741,0.000251458553636123,0.000282844428324072,24790.14561230518
1732815420,0.000269133402695527,0.000270972073977529,0.0002466005961011,0.000259311223419255,10280.02602751448
1732815360,0.000299204651512693,0.000319904054629745,0.000267321054650963,0.000269133402695527,20739.68763819355
1732815300,0.000319950011189064,0.000319950011189064,0.000296953763990929,0.000299204651512693,3335.64305363712
1732815240,0.000339522429482428,0.000350811825609057,0.000305296804750749,0.000319950011189064,19574.1194123021
1732815180,0.000380687809869952,0.000384805818548295,0.000318619991811092,0.000339522429482428,9016.11556913921
1732815120,0.000377945779185372,0.000391337389056716,0.000362156986791241,0.000380687809869952,11255.00677245849
1732815060,0.000359252094529979,0.000377945779185372,0.000338351581615878,0.000377945779185372,10668.80754973251
1732815000,0.000375514007464418,0.000381710919782281,0.000348498894965998,0.000359252094529979,12051.80393260151
1732814940,0.000397239264455499,0.000401690593173429,0.000371044006003171,0.000375514007464418,10131.57761793536
1732814880,0.000407640866018016,0.000410492161310145,0.000391881492971814,0.000397239264455499,2145.53623030987
1732814820,0.000421880099131921,0.000424063408552501,0.000392200545481434,0.000407640866018016,8924.78605880957
1732814760,0.000412859135979684,0.000432640558464073,0.000404023958385879,0.000421880099131921,6916.27647683691
1732814700,0.000407723041916667,0.000418835262448796,0.000401725538828655,0.000412859135979684,4915.59543134187
1732814640,0.000380395309225722,0.000429169236195934,0.00036351799426204,0.000407723041916667,31728.50524939954
1732814580,0.000398650399403519,0.00042046522882698,0.000354324159275139,0.000380395309225722,18354.0269199105
1732814520,0.000452438311473966,0.000452882029558054,0.000378244816740612,0.000398650399403519,15504.62298958684
1732814460,0.000493563111701689,0.000512948293151197,0.000418245147616559,0.000452438311473966,15592.56205993143
1732814400,0.000558138546876759,0.000558138546876759,0.000489299402089217,0.000493563111701689,8726.96799093701
1732814340,0.000541686587414375,0.000559925470201753,0.000540178897426872,0.000558138546876759,1496.92754360984
1732814280,0.00057837399866569,0.000581231200250391,0.000530677045489943,0.000541686587414375,4486.4348212376
1732814220,0.000574283102166245,0.000580700318244718,0.000565405700033925,0.00057837399866569,1384.39879055665
1732814160,0.000597999138233702,0.00060197409732757,0.00052210018307869,0.000574283102166245,10624.01871056445
1732814100,0.000595700522236914,0.000602832104507251,0.000593444004118606,0.000597999138233702,895.84520826009
1732814040,0.00059616004732009,0.000608873238212335,0.000576632128385345,0.000595700522236914,3011.88879933887
1732813980,0.000601639505323293,0.000612593022656614,0.00059616004732009,0.00059616004732009,4503.8310394385
1732813920,0.00060614880258412,0.000624224631552131,0.000596728120817425,0.000601639505323293,5852.86562340781
1732813860,0.000630325393178906,0.000630859946097682,0.000598620682008953,0.00060614880258412,4651.56161317474
1732813800,0.000620008702559521,0.00064059102716798,0.000565633296168813,0.000630325393178906,19553.71828740022
1732813740,0.000629383695669758,0.000632887153925034,0.000616241609923616,0.000620008702559521,3014.42083070979
1732813680,0.000633554641202861,0.000638304905576057,0.000593712724496282,0.000629383695669758,5841.62726843842
1732813620,0.00061320433376188,0.000633554641202861,0.000612183539942645,0.000633554641202861,2140.1701188185
1732813560,0.000604105208493776,0.00061320433376188,0.000601433325963603,0.00061320433376188,1897.00870250555
1732813500,0.000622304193182701,0.000623310925581339,0.000589397437071697,0.000604105208493776,5095.66194622401
1732813440,0.000597698226454917,0.000782492334579478,0.000596726359358519,0.000622304193182701,23431.6628800738
1732813380,0.000595919382987061,0.000609426069885024,0.000512293957254532,0.000597698226454917,15458.19233331628
1732813320,0.000603534321757071,0.000617635571930004,0.00059272871672797,0.000595919382987061,3798.30411001675
1732813260,0.000623881518177321,0.000642288179911624,0.000603222827502233,0.000603534321757071,4479.11520027542
1732813200,0.0006343577982392,0.00064186214296426,0.000604232203123748,0.000623881518177321,4389.19902122774
1732813140,0.000618420061721739,0.000639453104429722,0.000605485475741478,0.0006343577982392,6987.68228313651
1732813080,0.000602454465576647,0.000618420061721739,0.000592573058581412,0.000618420061721739,3556.06863926071
1732813020,0.000584904233585459,0.000658362725771886,0.000584904233585459,0.000602454465576647,9326.65098324152
1732812960,0.000615437977787303,0.000627392835022301,0.000563505971188484,0.000584904233585459,7050.15639302946
1732812900,0.000581068850132132,0.000618183689622122,0.000581068850132132,0.000615437977787303,4264.6284179444
1732812840,0.000604733689874592,0.00062278541046825,0.000514414660581366,0.000581068850132132,16491.11631208134
1732812780,0.000571366540725488,0.000727432837692814,0.000559618461015643,0.000604733689874592,23151.14541840751
1732812720,0.000592535987502168,0.000831362545600482,0.000558971136065747,0.000571366540725488,29428.14086748516
1732812660,0.000589801162317265,0.000603917074471629,0.0005845494782475,0.000592535987502168,3110.56295576088
1732812600,0.000578469869888212,0.000589801162317265,0.000548961814450538,0.000589801162317265,5133.06485988389
1732812540,0.00057007408182924,0.00062407525191961,0.000561829065796341,0.000578469869888212,9013.82928321657
1732812480,0.000576521350771261,0.000586126760660072,0.00050491497202394,0.00057007408182924,16334.07782478763
1732812420,0.000573163924349,0.000654192976472071,0.000544126567313449,0.000576521350771261,19445.81275890287
1732812360,0.000550483539592965,0.000697725722883026,0.000516630686250677,0.000573163924349,32931.36560184071
1732812300,0.000572301050272885,0.000598127612571123,0.000544406129508251,0.000550483539592965,7095.17843630184
1732812240,0.000586027228816889,0.000601856848411243,0.000568919638166252,0.000572301050272885,4550.54603821218
1732812180,0.000570827894361237,0.000589816233118782,0.000566213900259886,0.000586027228816889,2233.92316544954
1732812120,0.000585282542597198,0.000588140244041337,0.000558601876014153,0.000570827894361237,2956.09659433767
1732812060,0.000536240089409985,0.000585988788733138,0.000536240089409985,0.000585282542597198,4579.39085347318
1732812000,0.00053743793646203,0.000547643289004586,0.000522956876799015,0.000536240089409985,5006.39019179474
1732811940,0.000540640619207526,0.000542458661180398,0.000530210453829739,0.00053743793646203,2553.11515542743
1732811880,0.000510696046592993,0.000540640619207526,0.000510696046592993,0.000540640619207526,3582.4218615198
1732811820,0.000462506837858605,0.000510696046592993,0.000461665497904501,0.000510696046592993,9954.95933544444
1732811760,0.000457660454471504,0.00046890139583433,0.000457435210773624,0.000462506837858605,2523.15267757713
1732811700,0.000462212348420152,0.000474254743747179,0.000457660454471504,0.000457660454471504,4939.93389105405
1732811640,0.000417290850656659,0.000475862323045476,0.000411172964195053,0.000462212348420152,11190.68958937415
1732811580,0.000455154764373626,0.000485460212929986,0.000403543754013563,0.000417290850656659,26409.98974609803
1732811520,0.000494353957773211,0.000522992126834017,0.000452703015666851,0.000455154764373626,14035.4857430435
1732811460,0.000519155530988131,0.000531941163186328,0.000458070284417203,0.000494353957773211,13645.96256404156
1732811400,0.000555927694775633,0.000562783133648675,0.000473424594662436,0.000519155530988131,21491.3690868828
1732811340,0.000529417673308156,0.000561331709317484,0.000529417673308156,0.000555927694775633,5997.11489290016
1732811280,0.000564430485875816,0.000672968087235866,0.000498469760830255,0.000529417673308156,28720.02002410471
1732811220,0.000589657506184512,0.000589657506184512,0.000564430485875816,0.000564430485875816,2282.2563982321
1732811160,0.00061700994831369,0.000621172404634633,0.000588860192060165,0.000589657506184512,5941.09444446624
1732811100,0.000612015164639374,0.00061700994831369,0.000541804127162963,0.00061700994831369,14008.1992132292
1732811040,0.000587991472752838,0.000687642540442988,0.000565603304177075,0.000612015164639374,19842.1244547316
1732810980,0.000612048723664754,0.000633398646565315,0.000576782175821315,0.000587991472752838,8313.35913348441
1732810920,0.000583340057535027,0.000735253755045262,0.000556751985751912,0.000612048723664754,35405.97529794911
1732810860,0.000573413975335875,0.000585575456004733,0.00056011451008473,0.000583340057535027,3970.34333904204
1732810800,0.000555861649923111,0.000584655142039794,0.000538895357775765,0.000573413975335875,10337.6416777246
1732810740,0.000590239193176313,0.000604020359937814,0.000547935685119864,0.000555861649923111,6933.9633468571
1732810680,0.000633243527847906,0.000703237117193971,0.000522326366103521,0.000590239193176313,50312.13568078186
1732810620,0.000609873282946242,0.000671492493682749,0.000597865201794411,0.000633243527847906,9131.93349215404
1732810560,0.000617489521226383,0.000623665784446009,0.000601837308314579,0.000609873282946242,7533.07628237006
1732810500,0.00058708015208866,0.000630762432140526,0.00058708015208866,0.000617489521226383,7291.67190093891
1732810440,0.000574584420250956,0.00058708015208866,0.000574095584643246,0.00058708015208866,2502.91185042157
1732810380,0.000557359976903909,0.00066478501220631,0.000556787268151715,0.000574584420250956,12599.70091106912
1732810320,0.000571300726376902,0.000599160678937544,0.000541170915968715,0.000557359976903909,10869.6781532857
1732810260,0.000570645782745081,0.000599788344770705,0.000549824540465822,0.000571300726376902,9963.178768933
1732810200,0.000565920399008446,0.00059954404206655,0.000541141156638485,0.000570645782745081,16304.8222986666
1732810140,0.000553033002802933,0.000565920399008446,0.000548949818915628,0.000565920399008446,1203.4366671344
1732810080,0.000526565201263833,0.000553033002802933,0.000506989131260576,0.000553033002802933,10506.0446462916
1732810020,0.000529799919368224,0.000532289531387911,0.000522455496203011,0.000526565201263833,1929.11380690784
1732809960,0.000509592494224529,0.000535737400475642,0.000494337718484303,0.000529799919368224,8601.68691879766
1732809900,0.000502184432070705,0.000511789597058354,0.000500040928648089,0.000509592494224529,2756.45976117396
1732809840,0.000499166200251787,0.00050218596365304,0.000460282192054399,0.000502184432070705,9088.52671103994
1732809780,0.000517306383628384,0.000521138763995818,0.000494673359264796,0.000499166200251787,3870.83849607079
1732809720,0.000496684882690835,0.000517306383628384,0.000496684882690835,0.000517306383628384,4477.31852437985
1732809660,0.000471536635987711,0.000507140679566038,0.000470933085077446,0.000496684882690835,8078.00379983315
1732809600,0.000486051330612037,0.000500715832979717,0.000456280652548666,0.000471536635987711,8680.35892381382
1732809540,0.000490110064383662,0.000499528995282701,0.000486051330612037,0.000486051330612037,2359.03033379431
1732809480,0.000489865635222808,0.000491686649905439,0.000484622295786253,0.000490110064383662,1228.25833278007
1732809420,0.000463185058175459,0.000489865635222808,0.000459124629106135,0.000489865635222808,5340.86288231748
1732809360,0.000486140338639507,0.000493832535540724,0.000445997832516989,0.000463185058175459,12992.24496304692
1732809300,0.000448594473146533,0.000486140338639507,0.000448551709846154,0.000486140338639507,3132.34245558295
1732809240,0.000439218556048836,0.000463701249110175,0.00042863389523874,0.000448594473146533,7877.64557666458
1732809180,0.000400242393357986,0.000439218556048836,0.000368925514608987,0.000439218556048836,11566.05843705277
1732809120,0.00042905177163121,0.00046520016490529,0.000394037394843236,0.000400242393357986,11944.7097019374
1732809060,0.000413284273522207,0.000437321557317273,0.000410979623666987,0.00042905177163121,4575.85281902285
1732809000,0.000390124198150477,0.000456549623329657,0.000390124198150477,0.000413284273522207,8225.12158542179
1732808940,0.000375417394113902,0.000393406843205497,0.000375417394113902,0.000390124198150477,1940.9842390242
1732808880,0.000421075654810891,0.00042400734898046,0.000345063611513552,0.000375417394113902,8177.94239444871
1732808820,0.000390725988668949,0.000426839164863807,0.000390725988668949,0.000421075654810891,6669.29923682286
1732808760,0.000368882149172669,0.000403569204883061,0.000366936272655777,0.000390725988668949,5863.75415100078
1732808700,0.00037342375171775,0.000383249157766526,0.000366693127336625,0.000368882149172669,2098.01866415631
1732808640,0.000388941823938117,0.000395190908143049,0.000364190818162307,0.00037342375171775,7021.19439367988
1732808580,0.000422833971892561,0.000422947487276676,0.000387102946990008,0.000388941823938117,2750.464089453
1732808520,0.000406683631934724,0.000433155766610138,0.000402279003406953,0.000422833971892561,4396.23378760991
1732808460,0.000420156466019077,0.00043155565213791,0.000393012357790682,0.000406683631934724,9436.44447347686
1732808400,0.000410667966767958,0.000423949143474354,0.000385406455384115,0.000420156466019077,7522.24846274594
1732808340,0.000405898186767904,0.000419973123379241,0.000403062729962752,0.000410667966767958,6637.76251566494
1732808280,0.000415253297262309,0.000445973706231283,0.000401143784584343,0.000405898186767904,11092.65126196909
1732808220,0.00033788365029017,0.000450388370849975,0.000334660267706384,0.000415253297262309,37529.51630916568
1732808160,0.000397011834853415,0.000450289421756881,0.000267820319298059,0.00033788365029017,72910.86237739083
1732808100,0.000517910306751954,0.000521643276231431,0.000377769380470142,0.000397011834853415,16607.06302054542
1732808040,0.000558972325732614,0.000561631145319376,0.00051024041485096,0.000517910306751954,6676.4640903025
1732807980,0.000569782046096389,0.000580594575017944,0.000487188511732228,0.000558972325732614,17884.04531124412
1732807920,0.000555933814253409,0.000569782046096389,0.000553269538605231,0.000569782046096389,2266.69666826801
1732807860,0.000566180218519067,0.000567755551251072,0.000547571426790683,0.000555933814253409,3974.56287726049
1732807800,0.000586580587212884,0.000596644299244626,0.000538661022598973,0.000566180218519067,7133.80150679382
1732807740,0.00057414158289375,0.000611246463872257,0.000566232326640439,0.000586580587212884,7077.83015719428
1732807680,0.000541915181279959,0.000591654718253087,0.000538480769529077,0.00057414158289375,12569.98988937607
1732807620,0.000525796226379097,0.000571333971407647,0.000523582683571818,0.000541915181279959,12569.01523140844
1732807560,0.000527800652215909,0.000579133740058827,0.000525796226379097,0.000525796226379097,8009.37758803989
1732807500,0.000513875912413661,0.000670229299790485,0.000497032753734215,0.000527800652215909,43577.27008256319
1732807440,0.000530996350996469,0.000556109919746989,0.000462204878808879,0.000513875912413661,12340.35466760416
1732807380,0.000559452938599636,0.000563638968178796,0.000515684649002756,0.000530996350996469,7203.94839645501
1732807320,0.000496060547959127,0.00056150294786572,0.000496060547959127,0.000559452938599636,12762.66899357572
1732807260,0.000524888758963493,0.000547450282325155,0.000493897145842755,0.000496060547959127,6386.99372937772
1732807200,0.000513287745011923,0.000533407004765695,0.000513287745011923,0.000524888758963493,4371.60199675561
1732807140,0.000548737454001038,0.000551384387834223,0.000459109001278053,0.000513287745011923,11957.51750696692
1732807080,0.000546695781967444,0.000554664208211942,0.000541375698547176,0.000548737454001038,3080.18963783266
1732807020,0.000515584533912275,0.000548438689004789,0.000440659335871761,0.000546695781967444,19575.83414945631
1732806960,0.000476039870099841,0.000548696443833585,0.000472596642782664,0.000515584533912275,9141.25814418063
1732806900,0.000514194958135771,0.000579562768653122,0.000466356791976726,0.000476039870099841,23012.46443296196
1732806840,0.000512058403977961,0.000514944928039121,0.000476548922624556,0.000514194958135771,7712.1038030114
1732806780,0.000499787683904552,0.000585239252829853,0.000452344454657859,0.000512058403977961,20230.40009168092
1732806720,0.00048330718283332,0.000543115765779701,0.000483012273603703,0.000499787683904552,10292.84583540651
1732806660,0.000466721542238241,0.000588227812686959,0.000466721542238241,0.00048330718283332,14034.67602262564
1732806600,0.000445234297413692,0.000468262997064102,0.000441030396458788,0.000466721542238241,2864.4416686717
1732806540,0.00046548326810205,0.00046548326810205,0.000425687794588097,0.000445234297413692,8333.62535694587
1732806480,0.000410735727955529,0.000493516065060407,0.000408595293082852,0.00046548326810205,25006.22529990939
1732806420,0.000417076456237174,0.000417076456237174,0.000404553955781818,0.000410735727955529,1555.99324126116
1732806360,0.000415388714237751,0.000419150816438868,0.000405785003462592,0.000417076456237174,4743.28488504589
1732806300,0.000386856686837734,0.000454006866330187,0.000386856686837734,0.000415388714237751,13331.33146742284
1732806240,0.000383179769229803,0.000454889054872926,0.000366179722222646,0.000386856686837734,17789.64935947574
1732806180,0.000416613094749128,0.000453792014026263,0.00036746545455523,0.000383179769229803,24976.87690853951
1732806120,0.000420966091593729,0.000431975716160593,0.000414683715839197,0.000416613094749128,3334.21332684324
1732806060,0.000405937192544122,0.000465894690888791,0.000399800823614393,0.000420966091593729,9852.565043522
1732806000,0.000379553709183733,0.000422083789231381,0.000379253055406987,0.000405937192544122,8248.97905633337
1732805940,0.000356908746965378,0.000382712463160533,0.000355066537858771,0.000379553709183733,3713.6542933659
1732805880,0.000398476366004809,0.000445506379289254,0.000339085063343641,0.000356908746965378,29070.03544812064
1732805820,0.000403879686023711,0.000404343113895769,0.000360946891276255,0.000398476366004809,8329.29162222954
1732805760,0.000412449777456921,0.000414665842514427,0.000372133921135817,0.000403879686023711,9036.64640891872
1732805700,0.000380676115282699,0.000415862180919151,0.000380676115282699,0.000412449777456921,4957.70693788882
1732805640,0.00037373506674923,0.000387859129884598,0.00037373506674923,0.000380676115282699,3862.11757845092
1732805580,0.000370006775306148,0.000374512482848362,0.00035181463404601,0.00037373506674923,5653.71720190128
1732805520,0.000351719046974701,0.000370789745778669,0.000333649684057571,0.000370006775306148,8584.89244481905
1732805460,0.000339292735255532,0.000354356558515044,0.000339292735255532,0.000351719046974701,1987.49114407788
1732805400,0.000324161432125959,0.000339292735255532,0.000306138623722678,0.000339292735255532,4992.77738520671
1732805340,0.000315886856966916,0.000324161432125959,0.000306836490547029,0.000324161432125959,3042.76396262537
1732805280,0.000309148137185896,0.000330660093876461,0.000309148137185896,0.000315886856966916,2248.11603537059
1732805220,0.000299462784475091,0.00043045982297199,0.000278126963446074,0.000309148137185896,36234.02676839187
1732805160,0.000339257331633535,0.000351073401805217,0.000281368025478926,0.000299462784475091,10399.74361534258
1732805100,0.000338714019515448,0.000357868651439006,0.000336437134484599,0.000339257331633535,6237.57289749439
1732805040,0.000332488049137528,0.000356284890830636,0.000325241738873934,0.000338714019515448,6677.74372258596
1732804980,0.000307037480178346,0.000332488049137528,0.000300479098398717,0.000332488049137528,3771.5244868014
1732804920,0.000295393838995767,0.000307037480178346,0.000295393838995767,0.000307037480178346,1688.91501721395
1732804860,0.000287187872473884,0.000295393838995767,0.000282047409445143,0.000295393838995767,1587.89535094694
1732804800,0.000281873535257458,0.000287830683405059,0.00026954959956164,0.000287187872473884,2057.34643559841
1732804740,0.00026902937770767,0.000285729319585798,0.000268535701936266,0.000281873535257458,4905.16537553485
1732804680,0.000316082760007203,0.000316082760007203,0.000241048713367415,0.00026902937770767,10287.94585097415
1732804620,0.000301545337493744,0.000339484620974261,0.000299766955111471,0.000316082760007203,8077.99574231559
1732804560,0.00028750856605758,0.000303807583635886,0.00028750856605758,0.000301545337493744,2595.11842544286
1732804500,0.000272143959829131,0.00028750856605758,0.000272143959829131,0.00028750856605758,3817.51982336414
1732804440,0.00026930802559943,0.000272143959829131,0.000263577557995988,0.000272143959829131,1387.00111483655
1732804380,0.000239753962145106,0.00026930802559943,0.000238185441456431,0.00026930802559943,3049.98839330066
1732804320,0.000242272484819578,0.000242272484819578,0.00023732228234419,0.000239753962145106,983.15534250603
1732804260,0.000250753364444956,0.000251568971734447,0.000239170192875026,0.000242272484819578,2179.13078476596
1732804200,0.000231841892072268,0.000295969069018913,0.000227662006785322,0.000250753364444956,12132.96993094467
1732804140,0.000211180820545616,0.000288734854024652,0.000209455339001035,0.000231841892072268,13104.43567340912
1732804080,0.000213461139927938,0.000218465289828176,0.000211180820545616,0.000211180820545616,2215.62167020328
1732804020,0.000211872584708538,0.000214575509782061,0.000210887302422063,0.000213461139927938,605.9009857711
1732803960,0.000221580925156391,0.000221580925156391,0.000209715534756574,0.000211872584708538,861.40964529636
1732803900,0.000206174924977069,0.000232969850554491,0.000204877181237233,0.000221580925156391,4767.35283627096
1732803840,0.000214982127784342,0.000214982127784342,0.000192836941632835,0.000206174924977069,3955.92348224582
1732803780,0.000214040469140087,0.000220675024343748,0.000204203431752671,0.000214982127784342,4173.03900253276
1732803720,0.000187349036018003,0.000220007317219774,0.00018643922391624,0.000214040469140087,12197.8585569426
1732803660,0.000189568097176811,0.000189568097176811,0.00018157972540735,0.000187349036018003,2173.85157739359
1732803600,0.000202301295910829,0.000202301295910829,0.000181524664375968,0.000189568097176811,4355.47767925343
1732803540,0.000202391847580191,0.00020799957172101,0.000199759905640245,0.000202301295910829,2044.72848542676
1732803480,0.000207316895097122,0.000209649142204995,0.000202391847580191,0.000202391847580191,1695.60839740012
1732803420,0.000211427703599913,0.000216132863677295,0.000204622353303783,0.000207316895097122,2302.65041587741
1732803360,0.000217161276595117,0.000219207485862341,0.000208234140951286,0.000211427703599913,2335.97596730259
1732803300,0.000207326854184066,0.000233709883844412,0.000207326854184066,0.000217161276595117,4016.54002502662
1732803240,0.000178889328612983,0.000207326854184066,0.000177066797781207,0.000207326854184066,5564.13264852684
1732803180,0.000196104963473077,0.000200594156381268,0.000173029859070077,0.000178889328612983,5778.84836561855
1732803120,0.000242291189888446,0.000253593634464184,0.00018569219130126,0.000196104963473077,21569.58399327409
1732803060,0.000233699858043049,0.000271074741212777,0.000223402183731525,0.000242291189888446,14263.25285795216
1732803000,0.000223878514798375,0.000237230434397027,0.000223286227979919,0.000233699858043049,1539.81311806774
1732802940,0.000214809895869363,0.000229259203405563,0.000214653542937776,0.000223878514798375,1471.76619680715
1732802880,0.000229688193761338,0.000233791118304404,0.00021227080188486,0.000214809895869363,3768.08897550837
1732802820,0.000252440171334468,0.000259162915006259,0.000228397463649205,0.000229688193761338,7070.44218020586
1732802760,0.000233287150499678,0.000256976057951185,0.00023076939623703,0.000252440171334468,2609.41267313367
1732802700,0.000231631254825246,0.000413013740956692,0.000226912897966364,0.000233287150499678,28658.13848475719
1732802640,0.000206842409605717,0.000233568805748455,0.000202859094073763,0.000231631254825246,7702.61333632221
1732802580,0.000209715140436171,0.000209715140436171,0.000197462565066555,0.000206842409605717,2746.7378074674
1732802520,0.000217634856032935,0.000218790491599209,0.000208224327227402,0.000209715140436171,2975.44614146604
1732802460,0.000224375253825112,0.000224375253825112,0.000214767736658071,0.000217634856032935,1487.29796381683
1732802400,0.000246106470023547,0.000246435641617984,0.000220641702807847,0.000224375253825112,4117.30951010869
1732802340,0.000240856886027409,0.000252526682204849,0.000240856886027409,0.000246106470023547,2739.53153383608
1732802280,0.000219536309570685,0.000240856886027409,0.000215032237058395,0.000240856886027409,3077.69392274046
1732802220,0.000228219274896934,0.000228219274896934,0.000208455157712808,0.000219536309570685,6191.81040503538
1732802160,0.000230528551722399,0.000321277551170353,0.000218528757658492,0.000228219274896934,25811.51181024687
1732802100,0.000213945274179234,0.000230528551722399,0.000213945274179234,0.000230528551722399,3492.80446295054
1732802040,0.000204843530905017,0.000215609479778673,0.000199374793090069,0.000213945274179234,8511.75457621837
1732801980,0.000175679212268271,0.000206610523009752,0.000172372677240344,0.000204843530905017,5575.80733457868
1732801920,0.000186886135474482,0.000191025141493423,0.000174794288822749,0.000175679212268271,4226.608326147
1732801860,0.000196493142657918,0.000196534795937096,0.000185577401869813,0.000186886135474482,2077.70895726456
1732801800,0.000198716869928677,0.000278818598273184,0.000188565411321824,0.000196493142657918,15726.37212008385
1732801740,0.000190602203417828,0.00020652482643723,0.000188746259337163,0.000198716869928677,4870.37294578294
1732801680,0.00020031127037075,0.000219813087695138,0.000185844304422717,0.000190602203417828,10728.15695061038
1732801620,0.000209322921450279,0.000244550048169969,0.000195930022995643,0.00020031127037075,11518.90129504214
1732801560,0.000209375338159338,0.000213857516804973,0.000193333883052078,0.000209322921450279,4553.19278690309
1732801500,0.000253838414011711,0.000253854971905136,0.000206746460745065,0.000209375338159338,6338.71574828821
1732801440,0.000234901570025021,0.00025719456875267,0.000234901570025021,0.000253838414011711,5077.96281538613
1732801380,0.000255936635536061,0.000289088801514675,0.000221409086020064,0.000234901570025021,20521.60075696622
1732801320,0.000282493910901684,0.000283679339644729,0.000255014467443037,0.000255936635536061,6394.30691251545
1732801260,0.000282487972086311,0.000300412029055294,0.000270145145136135,0.000282493910901684,7961.64161216916
1732801200,0.000293209508794873,0.000297431108433814,0.000274912282340192,0.000282487972086311,5605.38048162725
1732801140,0.000255073501956102,0.0003262536816636,0.000255073501956102,0.000293209508794873,12321.73647947156
1732801080,0.000248592655017259,0.000270343960018264,0.000237419759756314,0.000255073501956102,16116.50967154188
1732801020,0.000280086211542,0.000280086211542,0.000244376933100658,0.000248592655017259,9025.11911899032
1732800960,0.000297264450413034,0.000304978482498218,0.000272714282548882,0.000280086211542,13826.72262716656
1732800900,0.000344748611087,0.000350916323452009,0.000267027976623093,0.000297264450413034,22794.91563405965
1732800840,0.000364331303222321,0.000384631023630946,0.000344748611087,0.000344748611087,5609.1316050863
1732800780,0.00035854843294359,0.00037513187166834,0.000355715902138603,0.000364331303222321,3274.50285819146
1732800720,0.000360009814689003,0.00037185807884112,0.000337933954608635,0.00035854843294359,8530.3287217062
1732800660,0.000347026515997065,0.000394320385582011,0.000347026515997065,0.000360009814689003,9054.80363008695
1732800600,0.00032579316,0.000356663237810476,0.00032579316,0.000347026515997065,8193.48909471977
1732800540,0.000378076300602453,0.000380747036780527,0.00032579316,0.00032579316,4363.07414825353
1732800480,0.000398904728025559,0.00040129560732809,0.000375820447570777,0.000378076300602453,3879.75882052097
1732800420,0.000389845072676593,0.000400758458519953,0.000378746564355116,0.000398904728025559,4171.73225593867
1732800360,0.00036661637795277,0.000395879443497472,0.000356329053833209,0.000389845072676593,10050.62153100367
1732800300,0.000406052096696884,0.000409770587456885,0.000363196819597465,0.00036661637795277,6468.20760520547
1732800240,0.000412660846101119,0.000421730304956423,0.000389249358006667,0.000406052096696884,7550.35949970267
1732800180,0.000429050120169248,0.000443553195135234,0.000402296756225588,0.000412660846101119,9027.64494605565
1732800120,0.000370691680512598,0.000431375229581503,0.000370691680512598,0.000429050120169248,7194.50643233086
1732800060,0.000373289991233523,0.000383348379852062,0.00035649841273086,0.000370691680512598,10613.0345785969
1732800000,0.000424378822165545,0.000465043006267625,0.000348149932547785,0.000373289991233523,50102.12297087995
1732799940,0.000499754627105293,0.000538220114440355,0.000424378822165545,0.000424378822165545,13624.53027915736
1732799880,0.000456136489819124,0.000534663824407856,0.000440249531561031,0.000499754627105293,14886.12937273549
1732799820,0.000440865708040379,0.000463706849190125,0.00040916351876242,0.000456136489819124,19202.9667094723
1732799760,0.000394994557107226,0.000564942089404357,0.000388919597670627,0.000440865708040379,25927.85232645477
1732799700,0.000345910854339863,0.000505733637355582,0.000340699274584105,0.000394994557107226,23804.50940942719
1732799640,0.000306249153077839,0.000452510410706731,0.000306249153077839,0.000345910854339863,30503.54285736849
1732799580,0.00028593282331185,0.000308987722826663,0.000247573383751107,0.000306249153077839,20572.29200875947
1732799520,0.00029220975945502,0.000326751191488649,0.000263470696097858,0.00028593282331185,17687.50785707579
1732799460,0.00028561830983496,0.00029996852015329,0.000266537773318293,0.00029220975945502,12646.22693555175
1732799400,0.000313339073169489,0.000349427138985816,0.000234613844856662,0.00028561830983496,47069.16946741216
1732799340,0.000221883327130377,0.00035831401419753,0.000197037909039804,0.000313339073169489,41182.91789429841
1732799280,0.000175472656665437,0.000272548256538346,0.000175262092252419,0.000221883327130377,24008.28111691527
1732799220,0.000167155295851631,0.00025965734803397,0.000153141456280971,0.000175472656665437,61117.83306872603
1732799160,0.000211127636200437,0.000245485818772694,0.000162153380986192,0.000167155295851631,32732.76555340983
1732799100,0.000282672853968106,0.000400868412453622,0.000195843806585967,0.000211127636200437,46576.18307068738
1732799040,0.000374394224765155,0.000424660472827798,0.00028137289339959,0.000282672853968106,45049.5405338994
1732798980,0.000372666825553819,0.000434971480627776,0.000299626369670851,0.000374394224765155,23811.44357792757
1732798920,0.000453743056381594,0.000456471388127491,0.000353892114360145,0.000372666825553819,56320.67994592112
1732798860,0.000471671962191273,0.000477444392189619,0.000453743056381594,0.000453743056381594,5464.97037087365
1732798800,0.0004643702738902,0.000486352725037911,0.0004597052699574,0.000471671962191273,9059.38749148523
1732798740,0.000453836663209507,0.000527718789865321,0.000437875219417698,0.0004643702738902,20152.63968746903
1732798680,0.000580124569689162,0.000652010946855117,0.00043155057347873,0.000453836663209507,21927.76542646843
1732798620,0.000614775061096031,0.00065017984935298,0.000571157996393841,0.000580124569689162,14798.6051425608
1732798560,0.000552122875854011,0.000625349199935811,0.000551359743781806,0.000614775061096031,8902.78911387077
1732798500,0.000548950965149071,0.000555761979366604,0.000528918558897469,0.000552122875854011,5156.80313406178
1732798440,0.000582577041407325,0.000587844508314271,0.000536464961824934,0.000548950965149071,9288.35467156039
1732798380,0.000570061900374603,0.00130729424485165,0.000434675647851106,0.000582577041407325,79256.90568240314
1732798320,0.00051289947930733,0.000573291552641711,0.00051289947930733,0.000570061900374603,14342.04563089224
1732798260,0.000536001356474324,0.000544209482709411,0.000440230167474127,0.00051289947930733,50300.46698225116
1732798200,0.000497777921866174,0.000585280628910687,0.000396987673658454,0.000536001356474324,44838.13657760653
1732798140,0.000586716385194354,0.000591740736752943,0.000344703880807125,0.000497777921866174,85342.578866109
1732798080,0.000699164459361588,0.000757652642330725,0.00056946944972843,0.000586716385194354,43688.23026517247
1732798020,0.000667757259390092,0.00075414970475649,0.000580606204866268,0.000699164459361588,42342.45283643003
1732797960,0.000571241721628173,0.000781781479781521,0.000571241721628173,0.000667757259390092,36715.68464042679
1732797900,0.000645436874691158,0.000976392614243793,0.000498847830155397,0.000571241721628173,103989.08651353559
1732797840,0.000477456760710032,0.000799728560199431,0.000474338207352383,0.000645436874691158,73761.84044413429
1732797780,0.000329646041006887,0.000635977173156216,0.000323504408798372,0.000477456760710032,67481.40862239207
1732797720,0.00039054877550003,0.000429822928103167,0.000274534101875948,0.000329646041006887,99479.72207194257
1732797660,0.000890554623171996,0.000902969616026755,0.000361709525115657,0.00039054877550003,85594.98185883657
1732797600,0.00100310941246326,0.00100310941246326,0.000530854277086941,0.000890554623171996,104536.58817903895
1732797540,0.00101782813489229,0.00121097424350727,0.000729763273285464,0.00100310941246326,107715.21208679164
1732797480,0.000988349563105512,0.00140999240610949,0.000823232503920446,0.00101782813489229,63905.35749905455
1732797420,0.000985998872891101,0.00105238236490057,0.000726390558678304,0.000988349563105512,51941.3332223796
1732797360,0.000982939099493645,0.00138292612830005,0.000673745908559113,0.000985998872891101,154752.5371187885
1732797300,0.00101291130359628,0.00101700792014913,0.000671983636329237,0.000982939099493645,88335.14166620784
1732797240,0.00092900654505816,0.00120161388744561,0.000759100572832269,0.00101291130359628,82477.94448454848
1732797180,0.000826130477579232,0.00127646860890467,0.000649559946264554,0.00092900654505816,98747.69173979179
1732797120,0.000798392679851924,0.000942448860626744,0.00069496856198922,0.000826130477579232,60339.10015270704
1732797060,0.000754781206024006,0.00118831137108994,0.000745995270624324,0.000798392679851924,79430.20204436532
1732797000,0.000659421405558941,0.00076705842968649,0.000593061536103341,0.000754781206024006,39111.84292060314
1732796940,0.000754795645400515,0.00078382372956985,0.000498276039697501,0.000659421405558941,68932.282407738
1732796880,0.000735770940373026,0.000870821805690946,0.000665169820998625,0.000754795645400515,31317.4475168082
1732796820,0.000717254389451244,0.0007490002985361,0.000625644459982997,0.000735770940373026,33289.7411900458
1732796760,0.00068902259321014,0.000872615471243058,0.000541110376929602,0.000717254389451244,54936.65912913134
1732796700,0.00065947349902424,0.000698965553852028,0.000656169918297541,0.00068902259321014,8443.06182072331
1732796640,0.000625578057412624,0.000664309261174405,0.000582925061894881,0.00065947349902424,11359.18935041235
1732796580,0.000626106268615604,0.000657079999194923,0.00051409869464142,0.000625578057412624,40553.7246375025
1732796520,0.000584639933870916,0.000626106268615604,0.000561566628855495,0.000626106268615604,9272.82060661912
1732796460,0.000570114987334538,0.00071483862622611,0.000519129979338084,0.000584639933870916,43872.55216285214
1732796400,0.000641175529204637,0.000643748789172709,0.000546725798568663,0.000570114987334538,28069.82878886758
1732796340,0.000587308376590992,0.000820132878820418,0.000575677494572806,0.000641175529204637,48447.24766349209
1732796280,0.000558096207639486,0.000587308376590992,0.000527393881089612,0.000587308376590992,10514.20039389873
1732796220,0.000536670797593442,0.000562887529941597,0.000504342256622135,0.000558096207639486,7798.74494420169
1732796160,0.000521241497781344,0.000570827191515291,0.000420720832271703,0.000536670797593442,29185.22684351886
1732796100,0.000538048170490473,0.000632723072844066,0.000495876627623614,0.000521241497781344,17525.34978980761
1732796040,0.000469029238411641,0.000542919785575389,0.000456017168550103,0.000538048170490473,11888.83363033877
1732795980,0.000476725565765602,0.000511169873203706,0.000444851233605471,0.000469029238411641,33560.2437155331
1732795920,0.000488643659509186,0.000554207938828295,0.00046567604691109,0.000476725565765602,23877.89649159463
1732795860,0.000482825025365505,0.000531213196503157,0.000482825025365505,0.000488643659509186,9298.35152796882
1732795800,0.000502598536583686,0.000551267000927737,0.000482825025365505,0.000482825025365505,19867.28424191492
1732795740,0.000523215568455007,0.000600384484611713,0.000324470203311769,0.000502598536583686,65544.17609761935
1732795680,0.00049113680070755,0.000641630235242303,0.000485527697280026,0.000523215568455007,27770.32883177202
1732795620,0.000485606195160013,0.000522480480488096,0.000418206111022264,0.00049113680070755,20645.18833792106
1732795560,0.000488078801239096,0.000522627639521903,0.000483217200502761,0.000485606195160013,8601.96460404432
1732795500,0.000482185388332931,0.000507574609510509,0.000443962701942231,0.000488078801239096,28978.15031582926
1732795440,0.000395870587442676,0.000639474589617925,0.000384008100523353,0.000482185388332931,65055.54336078186
1732795380,0.000456816802514771,0.000464430768162597,0.000352183047314158,0.000395870587442676,37945.62203211954
1732795320,0.000393810350901027,0.000468845342823437,0.000388217097009628,0.000456816802514771,23345.7307491356
1732795260,0.000355067754215845,0.000412092528940513,0.00033671639434456,0.000393810350901027,13643.61552044874
1732795200,0.0003515837909499,0.000362787028959312,0.000343500747218469,0.000355067754215845,5857.13769872401
1732795140,0.000324964018560755,0.000352238815830642,0.00030968799896626,0.0003515837909499,7318.94787948082
1732795080,0.000304187298170075,0.000356450004630123,0.000239605127725377,0.000324964018560755,21935.42842310352
1732795020,0.000299634469951252,0.000308737560599252,0.000279688079135519,0.000304187298170075,8176.39644867804
1732794960,0.000258409972759707,0.000302567151893294,0.000234608175728073,0.000299634469951252,17751.95485874835
1732794900,0.000218276825068838,0.000329485890135255,0.000216863813514809,0.000258409972759707,28554.67806416573
1732794840,0.000255405441704523,0.000312444574742095,0.000158813112386782,0.000218276825068838,49752.72449706924
1732794780,0.00024415829963764,0.000259437465885199,0.00019373332270223,0.000255405441704523,14142.89543359169
1732794720,0.000225727485313799,0.00036038872082321,0.000225649379528918,0.00024415829963764,26437.25660138986
1732794660,0.000254526439333824,0.000257415469883176,0.000224834572290112,0.000225727485313799,4986.57514246821
1732794600,0.000250608234741165,0.000293385148258611,0.000247888638662084,0.000254526439333824,8882.53811030502
1732794540,0.00023696229199585,0.000251707605534121,0.000229641566821799,0.000250608234741165,8694.03479424087
1732794480,0.000241605377035368,0.00032122081720052,0.00017366040082852,0.00023696229199585,45414.25588820015
1732794420,0.000237585891946987,0.000241905368443966,0.000220567948513586,0.000241605377035368,7108.69823863058
1732794360,0.000220344893568487,0.000238206986626957,0.000213742743959311,0.000237585891946987,6273.82198089324
1732794300,0.000210465507249424,0.000221839954146265,0.000206505629181807,0.000220344893568487,6137.61595282798
1732794240,0.000212981630985034,0.00022070954420292,0.000193596408752218,0.000210465507249424,6381.78868102026
1732794180,0.000185924835607022,0.000220809478682445,0.000183236613354664,0.000212981630985034,14650.72775314176
1732794120,0.000170119050155609,0.000188591750454519,0.000158568842113161,0.000185924835607022,18480.64130048361
1732794060,0.000174782883578631,0.000186399839104899,0.000152514620698764,0.000170119050155609,11346.98395210889
1732794000,0.000180092068918852,0.000180092068918852,0.000126292795147566,0.000174782883578631,26866.9061748252
1732793940,0.000152423864282838,0.000180996472479607,0.000136504317921005,0.000180092068918852,13782.44151110017
1732793880,0.000144283489084514,0.000161714412585554,0.000119382054370684,0.000152423864282838,21468.29087295483
1732793820,0.000134902528074946,0.000205277086966441,0.000133387715935972,0.000144283489084514,16959.66562449104
1732793760,0.000133897220649982,0.000153144497395826,0.000107269139919003,0.000134902528074946,25107.36239136954
1732793700,0.000127288289656586,0.000133897220649982,9.68013498995176e-05,0.000133897220649982,9801.16045663975
1732793640,0.000118859448773631,0.000141403085042442,9.75170136035615e-05,0.000127288289656586,17642.29963107612
1732793580,0.000113538967025868,0.000118859448773631,0.000113494451648361,0.000118859448773631,1567.31766199153
1732793520,0.000106456269240719,0.000113538967025868,0.000106456269240719,0.000113538967025868,1674.46845400128
1732793460,9.99471566425461e-05,0.000106456269240719,9.94268453139798e-05,0.000106456269240719,1293.48115783593
1732793400,0.000102295932289217,0.000110101719882913,9.75598673882641e-05,9.99471566425461e-05,5540.2649957575
1732793340,7.23160977604e-05,0.000102295932289217,7.1928841780774e-05,0.000102295932289217,6980.06599509363
1732793280,9.70923732165475e-05,9.91754241198732e-05,6.65941475288893e-05,7.23160977604e-05,19429.71931073937
1732793220,0.000104730779612902,0.000108992130423764,7.86853393388773e-05,9.70923732165475e-05,10296.51196792514
1732793160,0.000100793856840829,0.000108121870838117,0.000100793856840829,0.000104730779612902,2386.91433387967
1732793100,9.47977384747725e-05,0.0001008050290506,9.01058153227841e-05,0.000100793856840829,2809.26283050706
1732793040,0.000103653437245424,0.000104906681155757,8.91309930644516e-05,9.47977384747725e-05,7152.41148104832
1732792980,9.95279238061494e-05,0.000104338398673459,9.95279238061494e-05,0.000103653437245424,1410.50235936517
1732792920,0.000100064014253607,0.000100064014253607,9.43609533413816e-05,9.95279238061494e-05,1820.11151959125
1732792860,0.000100872201008609,0.000100872201008609,8.94465886387019e-05,0.000100064014253607,3899.6738371695
1732792800,8.46435888401073e-05,0.000105006357738943,8.46435888401073e-05,0.000100872201008609,7886.93120272356
1732792740,9.60799064944061e-05,9.6173557573932e-05,8.35739487238552e-05,8.46435888401073e-05,1957.42569239798
1732792680,9.09169722797002e-05,9.83406374816082e-05,7.46532812237087e-05,9.60799064944061e-05,7027.46580131089
1732792620,8.46575518873481e-05,9.09169722797002e-05,7.06912838269942e-05,9.09169722797002e-05,5586.32727143948
1732792560,9.19511190815841e-05,9.27532154505981e-05,8.46575518873481e-05,8.46575518873481e-05,2888.1716116721
1732792500,8.50200365919823e-05,9.34719974965409e-05,8.44796629656404e-05,9.19511190815841e-05,1890.62666698118
1732792440,8.03810205720252e-05,8.61360523566255e-05,7.66792768172578e-05,8.50200365919823e-05,2332.84368945897
1732792380,8.03418207963862e-05,8.17856331001894e-05,6.61510139371476e-05,8.03810205720252e-05,10091.40614367736
1732792320,7.66806239402652e-05,8.07025890451474e-05,7.62185106645824e-05,8.03418207963862e-05,1322.83216898401
1732792260,6.87012649925968e-05,7.66806239402652e-05,6.87012649925968e-05,7.66806239402652e-05,1021.86384163888
1732792200,6.86084872313069e-05,6.94832666039626e-05,6.86084872313069e-05,6.87012649925968e-05,455.57498843399
1732792140,6.76128644775402e-05,7.21865225045826e-05,6.17605933857329e-05,6.86084872313069e-05,4198.17522974048
1732792080,6.69063182088809e-05,6.78700091541153e-05,6.28924982182381e-05,6.76128644775402e-05,1478.91072744406
1732792020,6.54314008574377e-05,6.69063182088809e-05,6.54314008574377e-05,6.69063182088809e-05,249.09756525668
1732791960,6.27191912326785e-05,6.78759480016563e-05,6.27191912326785e-05,6.54314008574377e-05,1570.79192768048
1732791900,6.10211784325884e-05,6.27191912326785e-05,6.06304182018087e-05,6.27191912326785e-05,537.84147758391
1732791840,6.06988776253654e-05,6.10211784325884e-05,6.04373815142483e-05,6.10211784325884e-05,123.02439813836
1732791780,6.13342601150186e-05,6.14813754649946e-05,5.9871615187976e-05,6.06988776253654e-05,605.48412121416
1732791720,5.78634915485519e-05,6.23767623068423e-05,5.78634915485519e-05,6.13342601150186e-05,985.0614321121
1732791660,6.06889202506835e-05,6.13414395984847e-05,5.73806162991136e-05,5.78634915485519e-05,969.30849205397
1732791600,5.62068222509977e-05,6.1326631285209e-05,5.58276671907872e-05,6.06889202506835e-05,1207.84658516313
1732791540,5.59806122334021e-05,5.69506621066199e-05,5.56252778693039e-05,5.62068222509977e-05,504.62248563624
1732791480,5.6603827931941e-05,5.99395572484722e-05,5.59806122334021e-05,5.59806122334021e-05,872.98980239828
1732791420,5.39349482446103e-05,5.6603827931941e-05,5.29848062693365e-05,5.6603827931941e-05,1823.75759463107
1732791360,4.56949819392509e-05,5.39349482446103e-05,4.56949819392509e-05,5.39349482446103e-05,1322.81980455432
1732791300,5.19051216439059e-05,5.19051216439059e-05,4.48379444289306e-05,4.56949819392509e-05,1387.78429414825
1732791240,5.01149591896146e-05,5.48303969641233e-05,5.01149591896146e-05,5.19051216439059e-05,1690.02700335488
1732791180,5.12008768137692e-05,5.14474258340079e-05,4.79767305965035e-05,5.01149591896146e-05,1208.18929779511
1732791120,4.09683425820393e-05,5.13743261719437e-05,4.01135608181456e-05,5.12008768137692e-05,2999.45744219562
1732791060,4.36100072380326e-05,4.69684539351153e-05,3.76372832230669e-05,4.09683425820393e-05,5966.43177683381
1732791000,3.86877243488059e-05,4.42958994704322e-05,3.86877243488059e-05,4.36100072380326e-05,1012.9673144576
1732790940,3.71108633428748e-05,3.86877243488059e-05,3.71108633428748e-05,3.86877243488059e-05,245.72388675646
1732790880,3.64980439765511e-05,3.71108633428748e-05,3.64980439765511e-05,3.71108633428748e-05,104.74427572941
1732790760,3.62120357176537e-05,3.64980439765511e-05,3.62120357176537e-05,3.64980439765511e-05,73.9999431814
1732790700,3.60678845078157e-05,3.6218888411828e-05,3.60148601280003e-05,3.62120357176537e-05,100.26202832879
1732790640,3.60793160383331e-05,3.60793160383331e-05,3.59494112302513e-05,3.60678845078157e-05,43.59636286598
1732790580,3.61678913835017e-05,3.63082525574761e-05,3.60793160383331e-05,3.60793160383331e-05,14.05561286065
1732790520,3.60815335831463e-05,3.63236461155382e-05,3.60815335831463e-05,3.61678913835017e-05,38.57239986726
1732790460,3.58613448836032e-05,3.63144508858974e-05,3.50816171435634e-05,3.60815335831463e-05,359.9706786378
1732790400,3.48097972861792e-05,3.58613448836032e-05,3.48097972861792e-05,3.58613448836032e-05,169.4268418038
1732790340,3.63960938329973e-05,3.71473595559278e-05,3.46600169688255e-05,3.48097972861792e-05,502.50720151823
1732790280,3.50687350884247e-05,3.63960938329973e-05,3.50687350884247e-05,3.63960938329973e-05,319.17215241216
1732790220,3.49988231037631e-05,3.50687350884247e-05,3.4760635393314e-05,3.50687350884247e-05,81.33600329944
1732790160,3.84511276178579e-05,3.84511276178579e-05,3.49988231037631e-05,3.49988231037631e-05,641.78144623475
1732790100,3.86329520509573e-05,3.86329520509573e-05,3.83060545979876e-05,3.84511276178579e-05,43.330950102
1732790040,4.40657092953e-05,4.41179578327144e-05,3.7133407880154e-05,3.86329520509573e-05,1810.05262091091
1732789980,4.59546503192423e-05,4.59546503192423e-05,4.40657092953e-05,4.40657092953e-05,256.56596322237
1732789920,4.15625679267424e-05,4.59546503192423e-05,4.15625679267424e-05,4.59546503192423e-05,1395.2169797446
1732789860,4.01890290693071e-05,4.15625679267424e-05,3.98919803729361e-05,4.15625679267424e-05,274.62080804273
1732789800,3.92840229506451e-05,5.7069758862141e-05,3.92840229506451e-05,4.01890290693071e-05,5656.40639565107
1732789740,3.78251931740115e-05,3.95944326402022e-05,3.78251931740115e-05,3.92840229506451e-05,333.7060973932
1732789680,3.31305718237966e-05,3.78251931740115e-05,3.19581746764925e-05,3.78251931740115e-05,1020.92414336
1732789620,3.51246149799857e-05,3.52068081085232e-05,2.9458475704535e-05,3.31305718237966e-05,2531.19042847377
1732789560,3.72712325605905e-05,3.7998367400201e-05,3.51246149799857e-05,3.51246149799857e-05,633.01597252441
1732789500,3.46427613037179e-05,3.72712325605905e-05,3.46427613037179e-05,3.72712325605905e-05,541.09931402428
1732789440,3.45452763011854e-05,3.47848816637845e-05,3.45452763011854e-05,3.46427613037179e-05,37.25393472306
1732789380,3.38286098160662e-05,3.46254939341287e-05,3.38286098160662e-05,3.45452763011854e-05,193.74775394618
1732789320,3.38411151978982e-05,3.38411151978982e-05,3.36704865214704e-05,3.38286098160662e-05,18.18539824194
1732789260,3.34686135147828e-05,3.38411151978982e-05,3.34686135147828e-05,3.38411151978982e-05,49.90298252514
1732789200,3.21459978765253e-05,3.34686135147828e-05,3.21459978765253e-05,3.34686135147828e-05,219.12831316562
1732789140,2.96941547192823e-05,3.21459978765253e-05,2.96941547192823e-05,3.21459978765253e-05,279.8661391109
1732789080,2.94114189899311e-05,3.0209415517247e-05,2.932544290339e-05,2.96941547192823e-05,272.96089160542
1732789020,2.66631421587564e-05,2.94114189899311e-05,2.66631421587564e-05,2.94114189899311e-05,512.35284019254
1732788960,2.60825657211846e-05,2.66631421587564e-05,2.57332480893673e-05,2.66631421587564e-05,376.533503961
1732788900,2.63770301911457e-05,2.63770301911457e-05,2.60825657211846e-05,2.60825657211846e-05,46.80223352376
1732788840,2.67124915812416e-05,2.67124915812416e-05,2.62521974413308e-05,2.63770301911457e-05,100.00657387062
1732788780,2.81215404516051e-05,2.81215404516051e-05,2.67124915812416e-05,2.67124915812416e-05,275.79671882028
1732788720,2.76230371856569e-05,2.86070270580779e-05,2.76230371856569e-05,2.81215404516051e-05,357.45025995377
1732788660,2.61464742141856e-05,2.76230371856569e-05,2.61464742141856e-05,2.76230371856569e-05,404.1779228465
1732788600,2.58140182902104e-05,2.63566691541823e-05,2.58140182902104e-05,2.61464742141856e-05,179.2113798799
1732788540,2.55190627719212e-05,2.58140182902104e-05,2.54443936349007e-05,2.58140182902104e-05,96.69253727394
1732788480,2.48307161062757e-05,3.22004978146644e-05,2.48307161062757e-05,2.55190627719212e-05,2990.1518546073
1732788420,2.41523328362523e-05,2.48307161062757e-05,2.3995718407289e-05,2.48307161062757e-05,179.52572599161
1732788360,2.31463340935145e-05,2.44060684690323e-05,2.31287613284173e-05,2.41523328362523e-05,475.25051756144
1732788300,2.15288810126282e-05,2.31463340935145e-05,2.15288810126282e-05,2.31463340935145e-05,560.45298633114
1732788240,2.06901041424762e-05,3.70422017444297e-05,2.06901041424762e-05,2.15288810126282e-05,6418.30681447498
1732788180,2.14038985241805e-05,2.14038985241805e-05,2.06416979235991e-05,2.06901041424762e-05,196.93943371203
1732788120,2.09986952240851e-05,3.15866145157369e-05,2.09986952240851e-05,2.14038985241805e-05,4351.87405031402
1732788060,2.13683249306014e-05,2.13683249306014e-05,1.8611184097592e-05,2.09986952240851e-05,1372.52332689054
1732788000,2.68209230717099e-05,2.69604460473951e-05,2.13683249306014e-05,2.13683249306014e-05,1898.49553111492
1732787940,2.66233463080188e-05,2.68209230717099e-05,2.65334924843902e-05,2.68209230717099e-05,81.61399521795
1732787880,2.40693289469439e-05,2.68613919882725e-05,2.40693289469439e-05,2.66233463080188e-05,667.82101060311
1732787820,2.38890704336128e-05,2.4411911257088e-05,2.37537631763802e-05,2.40693289469439e-05,418.2976282103
1732787760,2.09653266373669e-05,2.45713190863346e-05,2.07315269728916e-05,2.38890704336128e-05,2921.24413982784
1732787700,3.91963379577849e-05,3.91963379577849e-05,1.98273071755751e-05,2.09653266373669e-05,4242.79951830259
1732787640,3.48551855066865e-05,4.26321055656479e-05,3.47938856257711e-05,3.91963379577849e-05,3632.73402522122
1732787580,3.82177731542797e-05,5.69967562170934e-05,3.44407548067963e-05,3.48551855066865e-05,6806.35058439248
1732787520,3.61052411211854e-05,4.1740427692478e-05,3.56518337004744e-05,3.82177731542797e-05,1963.67913796074
1732787460,3.00091252652189e-05,4.0145831933067e-05,2.98133847858667e-05,3.61052411211854e-05,4316.58318626518
1732787400,3.0576670447179e-05,3.0576670447179e-05,2.93012966944065e-05,3.00091252652189e-05,717.61461436138
1732787340,3.00193376856511e-05,4.05073481996576e-05,2.99119879011525e-05,3.0576670447179e-05,4584.41682154732
1732787280,3.24131184419424e-05,4.3272359284533e-05,2.54849435218989e-05,3.00193376856511e-05,10439.16404074255
1732787220,5.08153551735976e-05,5.08153551735976e-05,2.59926219169586e-05,3.24131184419424e-05,4667.77696652237
1732787160,5.42336226474351e-05,5.96135084686061e-05,4.26476839915058e-05,5.08153551735976e-05,6064.20237067419
1732787100,5.62205207047813e-05,5.67495106943185e-05,5.0624838573309e-05,5.42336226474351e-05,1874.42224420308
1732787040,6.23966034452084e-05,6.23966034452084e-05,5.62205207047813e-05,5.62205207047813e-05,1565.5056497637
1732786980,6.49263132113595e-05,6.49263132113595e-05,5.86863844030817e-05,6.23966034452084e-05,1488.38687041952
1732786920,5.88463146462782e-05,7.38456171264979e-05,5.88463146462782e-05,6.49263132113595e-05,4504.6581099889
1732786860,6.60052044091494e-05,6.60052044091494e-05,4.80760703868333e-05,5.88463146462782e-05,6204.01948050167
1732786800,5.9871857939421e-05,8.09523244962038e-05,5.71710636520538e-05,6.60052044091494e-05,8061.08220172761
1732786740,4.24839708157622e-05,7.55678908509258e-05,4.24839708157622e-05,5.9871857939421e-05,6419.34892093563
1732786680,4.24712803363915e-05,4.26914433349085e-05,4.09607634368e-05,4.24839708157622e-05,1033.84273545335
1732786620,4.06837777687501e-05,4.28041933563098e-05,3.99791760945329e-05,4.24712803363915e-05,1614.73188877395
1732786560,4.18464766173741e-05,4.80004929101898e-05,4.06532810928709e-05,4.06837777687501e-05,2602.3636934691
1732786500,3.75739097117494e-05,4.19575974212477e-05,3.45731825571653e-05,4.18464766173741e-05,2282.63003426953
1732786440,4.55205674915827e-05,4.89304405261486e-05,3.73858913253837e-05,3.75739097117494e-05,4740.61485058376
1732786380,2.94707116042346e-05,4.71584624654419e-05,2.94707116042346e-05,4.55205674915827e-05,4886.49072242541
1732786320,2.49758995235564e-05,3.05656287656715e-05,2.30866195132503e-05,2.94707116042346e-05,4757.81854892517
1732786260,3.91172869979198e-05,0.000107003434613935,2.38688773457107e-05,2.49758995235564e-05,42333.73782988145
1732786200,0.000124838515805602,0.000133294201396379,3.8835560215778e-05,3.91172869979198e-05,28905.29597085072
1732786140,0.000129231107328534,0.000151855917315416,0.000115873287692729,0.000124838515805602,11804.73703890299
1732786080,0.000102903567777737,0.000140070713602718,0.000102319796221703,0.000129231107328534,6188.97074252687
1732786020,0.000103531430335104,0.000120677840940404,0.000101747126861233,0.000102903567777737,6415.03108370638
1732785960,9.40980247557269e-05,0.000108455204617332,8.41517517099673e-05,0.000103531430335104,15475.58536649349
1732785900,9.04675056600376e-05,9.79823865176792e-05,7.92323983323493e-05,9.40980247557269e-05,6215.16826777762
1732785840,6.57500248483808e-05,9.05259949930329e-05,6.50056491111786e-05,9.04675056600376e-05,11339.21295434141
1732785780,8.62214039870059e-05,8.62214039870059e-05,6.38622905694456e-05,6.57500248483808e-05,7008.88421142522
1732785720,6.35207984861654e-05,9.67936626604956e-05,6.30383031239405e-05,8.62214039870059e-05,11509.4577163062
1732785660,6.77283958788706e-05,7.22692518462893e-05,4.50788802191231e-05,6.35207984861654e-05,29389.52283099152
1732785600,3.63779793947241e-05,7.93359114058113e-05,3.63779793947241e-05,6.77283958788706e-05,16521.38197411364
1732785540,3.35008156842304e-05,4.24313408584672e-05,3.30685739041743e-05,3.63779793947241e-05,6986.0028956954
1732785480,3.49963357190383e-05,3.88795750027001e-05,3.14588812122429e-05,3.35008156842304e-05,3211.12234650997
1732785420,3.87693717684909e-05,4.18009515562814e-05,2.67540332228424e-05,3.49963357190383e-05,17882.65086451536
1732785360,3.11760959605553e-05,4.63692376791744e-05,3.04095250277938e-05,3.87693717684909e-05,13770.1771123252
1732785300,4.79615186090034e-05,0.000195335359365948,2.66015290188384e-05,3.11760959605553e-05,90549.338467799
1732785240,9.13347297462357e-05,0.00010683036968509,4.79615186090034e-05,4.79615186090034e-05,33240.66581795601
