0,1,2,3,4,5
1738006440,8.34736694446453e-05,8.35429252053063e-05,7.58064472917873e-05,7.61721621160246e-05,1629.84920741986
1738006380,8.34885575522559e-05,8.83982315763117e-05,7.98756853659546e-05,8.34736694446453e-05,5446.43737809264
1738006320,8.61147725012369e-05,8.61147725012369e-05,8.34885575522559e-05,8.34885575522559e-05,332.98451411954
1738006260,8.56169207543222e-05,8.61410131843223e-05,8.51455852793849e-05,8.61147725012369e-05,516.17627397246
1738006200,8.1683249912365e-05,8.56169207543222e-05,8.14341994344461e-05,8.56169207543222e-05,1969.65845366332
1738006140,8.17435683359728e-05,8.21014025978356e-05,8.16642624193105e-05,8.1683249912365e-05,22.7359977573
1738006080,8.17826471172404e-05,8.17826471172404e-05,8.10638227885412e-05,8.17435683359728e-05,274.56856072844
1738006020,7.88681907430651e-05,8.24964334501925e-05,7.76582738305743e-05,8.17826471172404e-05,2052.66205454965
1738005960,8.03901628012122e-05,8.03901628012122e-05,7.82852759141323e-05,7.88681907430651e-05,467.71316817809
1738005900,8.09910391591698e-05,8.44071608517151e-05,8.03901628012122e-05,8.03901628012122e-05,1270.10749525475
1738005840,8.11535327264e-05,8.52249533939434e-05,7.91977063029163e-05,8.09910391591698e-05,3689.84658227494
1738005780,8.32386310850308e-05,8.33597478432538e-05,8.11535327264e-05,8.11535327264e-05,803.13605792753
1738005720,8.51517590955739e-05,8.51517590955739e-05,8.29476939127856e-05,8.32386310850308e-05,843.81460650105
1738005660,9.34574450426073e-05,9.49255897496212e-05,8.48061389416028e-05,8.51517590955739e-05,1648.13234795622
1738005600,8.90703316960699e-05,9.37490013438133e-05,8.83001382757435e-05,9.34574450426073e-05,1971.17228708847
1738005540,8.94159715824923e-05,8.99254201359957e-05,8.8018621963905e-05,8.90703316960699e-05,453.38526798228
1738005480,9.34450522442306e-05,9.81897358398484e-05,8.94159715824923e-05,8.94159715824923e-05,2362.69998324732
1738005420,8.64791041622206e-05,9.43839175406833e-05,8.60082337003195e-05,9.34450522442306e-05,2502.33874883862
1738005360,8.51823822533686e-05,8.97504683501526e-05,8.39401031352986e-05,8.64791041622206e-05,2463.63822584416
1738005300,8.58196549897532e-05,8.8320177640428e-05,8.31363456567815e-05,8.51823822533686e-05,2609.04435692714
1738005240,8.82847998186337e-05,8.83126873697031e-05,8.54724676233951e-05,8.58196549897532e-05,633.99755460664
1738005180,8.80330833910654e-05,9.12875029853753e-05,8.75324553244111e-05,8.82847998186337e-05,942.14814673886
1738005120,8.95964642586769e-05,8.96665697315149e-05,8.66244393274661e-05,8.80330833910654e-05,1176.95557958988
1738005060,8.99890839537805e-05,8.99890839537805e-05,8.8179045007874e-05,8.95964642586769e-05,387.48762802756
1738005000,9.19993669217064e-05,9.20749720278286e-05,8.97079822533638e-05,8.99890839537805e-05,647.29238561696
1738004940,9.50711214122056e-05,9.66623431721529e-05,9.1929474883725e-05,9.19993669217064e-05,1024.33731354508
1738004880,9.47126929862304e-05,9.88131863380222e-05,9.29949944504557e-05,9.50711214122056e-05,2454.02477910065
1738004820,9.72555382195288e-05,9.79363234144473e-05,8.54663033450529e-05,9.47126929862304e-05,4917.50273062323
1738004760,0.000101426855344206,0.000102229919615037,9.60509152333713e-05,9.72555382195288e-05,3529.33147390472
1738004700,0.000108691032253298,0.000111128714739355,0.000101426855344206,0.000101426855344206,4337.28850730061
1738004640,0.000108463128473457,0.000110406561375817,0.000106721268030262,0.000108691032253298,827.68822721168
1738004580,0.000109030971313546,0.000109030971313546,0.000107429809491518,0.000108463128473457,323.49682180021
1738004520,0.000116465553243917,0.000120687735793182,0.000106672789981339,0.000109030971313546,2533.42554185399
1738004460,0.000108796079606832,0.000116465553243917,0.000108796079606832,0.000116465553243917,1426.06416840737
1738004400,0.00010613734306435,0.000109040272538936,0.00010613734306435,0.000108796079606832,744.11455539927
1738004340,0.00010716410396737,0.000108192899761665,0.00010613734306435,0.00010613734306435,629.85048562732
1738004280,0.000106140263612489,0.00010716410396737,0.000102975725078359,0.00010716410396737,1516.66893813542
1738004220,0.000111561909111303,0.000111561909111303,0.000106140263612489,0.000106140263612489,1025.06827102807
1738004160,0.000108174665585232,0.000111561909111303,0.000105471085794554,0.000111561909111303,1489.05593595231
1738004100,0.000104873909257633,0.000108174665585232,0.000104873909257633,0.000108174665585232,397.35216864054
1738004040,0.000105424463395168,0.000105424463395168,0.000103684678071617,0.000104873909257633,579.04847529494
1738003980,0.000107794960507921,0.000107794960507921,0.000102084936572087,0.000105424463395168,1955.89337904506
1738003920,0.000111345534954777,0.000112146864728073,0.000105324822762029,0.000107794960507921,2611.5784942565
1738003860,0.00011259549984606,0.000113765739252781,0.000110927126984534,0.000111345534954777,834.69110068452
1738003800,0.000114181340238451,0.000114770559037726,0.00011259549984606,0.00011259549984606,561.87328440458
1738003740,0.000116708403417705,0.000116775949374796,0.000114181340238451,0.000114181340238451,650.49522502963
1738003680,0.00011815868830129,0.00011815868830129,0.00011497747965131,0.000116708403417705,963.98958400734
1738003620,0.000120219508664251,0.000120219508664251,0.000117366566128794,0.00011815868830129,1025.39707845132
1738003560,0.00012507420497833,0.000125387172449178,0.000120219508664251,0.000120219508664251,810.65737952512
1738003500,0.000119347523544907,0.000125712673878107,0.000115983086353257,0.00012507420497833,1918.84509118634
1738003440,0.000120287481105084,0.000123221844774819,0.000118297125779818,0.000119347523544907,985.01257367237
1738003380,0.000123247236927892,0.000123893364856225,0.000120287481105084,0.000120287481105084,457.40079476797
1738003320,0.000127301310312685,0.000127301310312685,0.000121902096208647,0.000123247236927892,1144.86622821751
1738003260,0.000127524417069053,0.000127524417069053,0.000125161295610786,0.000127301310312685,623.14526838714
1738003200,0.000128176276756198,0.000128480041923636,0.000123506645097025,0.000127524417069053,1678.16957826379
1738003140,0.000129907336541983,0.000131374464371712,0.000127588264341818,0.000128176276756198,621.43296971407
1738003080,0.000138123804850798,0.000138123804850798,0.000129907336541983,0.000129907336541983,1233.19950957756
1738003020,0.000137304578148653,0.000138622786098304,0.000128956333761869,0.000138123804850798,1704.13711330618
1738002960,0.000134506582217107,0.000137304578148653,0.000127727229937598,0.000137304578148653,3595.12245927179
1738002900,0.00013708587658132,0.000139414528441516,0.000133970275403087,0.000134506582217107,1280.80431276658
1738002840,0.000137122132499737,0.000137169826633303,0.000126484362976421,0.00013708587658132,3234.68505734214
1738002780,0.00014295739135575,0.00014295739135575,0.000137122132499737,0.000137122132499737,978.20849472918
1738002720,0.000141300820454126,0.000144935510741274,0.000139035935084049,0.00014295739135575,1938.29715383004
1738002660,0.000146745141859773,0.000147005190865694,0.000141300820454126,0.000141300820454126,615.59061022566
1738002600,0.000151750230768717,0.00015571545952323,0.000146549993159226,0.000146745141859773,1711.79786849618
1738002540,0.000144731706499404,0.00015499341706835,0.000141202368408741,0.000151750230768717,5721.42138572077
1738002480,0.00012951866069734,0.000145383930539048,0.00012951866069734,0.000144731706499404,3137.56895092742
1738002420,0.000126187688892001,0.00012951866069734,0.000125636001020721,0.00012951866069734,1944.13601942414
1738002360,0.000130952194877814,0.000131620000382773,0.00012613616559286,0.000126187688892001,1184.85055620396
1738002300,0.000125489691953467,0.00013423705311532,0.000123761645198404,0.000130952194877814,3824.98142397243
1738002240,0.000126837325526937,0.000126837325526937,0.000122463599717543,0.000125489691953467,1662.13352558565
1738002180,0.000129494323016999,0.000131689669719423,0.000125664698781009,0.000126837325526937,1219.5818217361
1738002120,0.000129830761248148,0.000134415013402245,0.000123845681734395,0.000129494323016999,3340.22779702223
1738002060,0.000134304395409393,0.000146898629208399,0.000128950976091024,0.000129830761248148,3648.69700626922
1738002000,0.000135476450573223,0.000135476450573223,0.000131464939709325,0.000134304395409393,1024.63418642868
1738001940,0.000138358916663826,0.000138358916663826,0.000131454141015512,0.000135476450573223,1146.4557638081
1738001880,0.000129403125126284,0.000142211400626121,0.000128785476384479,0.000138358916663826,5679.49061913411
1738001820,0.000136227974258094,0.000137555000294812,0.000128558092106978,0.000129403125126284,2091.99884036181
1738001760,0.000126460497633449,0.000136227974258094,0.000124493367038704,0.000136227974258094,2728.08292968725
1738001700,0.000130093830337581,0.000132690543682558,0.000126460497633449,0.000126460497633449,2446.97401809369
1738001640,0.000134437528000578,0.000138552027830718,0.000125509912077346,0.000130093830337581,4590.92070618799
1738001580,0.000129989941967598,0.000134437528000578,0.000128833649208545,0.000134437528000578,3242.1376967607
1738001520,0.000140300365745729,0.000150317023917703,0.00012812073191103,0.000129989941967598,6517.26082556347
1738001460,0.000152394596672878,0.000154094195237362,0.000136334948671242,0.000140300365745729,4867.50935680888
1738001400,0.000153734865354862,0.000153897232194289,0.000152135090605368,0.000152394596672878,605.85279849964
1738001340,0.000158741255597513,0.000161327341424458,0.000147551544603395,0.000153734865354862,6480.1571873777
1738001280,0.000172509119114146,0.000185267149552606,0.000156008856891951,0.000158741255597513,14468.4193453659
1738001220,0.000183602505974321,0.000183602505974321,0.000172168208676993,0.000172509119114146,2601.59262470479
1738001160,0.000188714161965639,0.000192993650566628,0.000183440300237047,0.000183602505974321,3848.83245557659
1738001100,0.00017642433258797,0.000190356292101968,0.000170307992083358,0.000188714161965639,3816.76198760713
1738001040,0.000204461293055943,0.000204461293055943,0.000175960961639474,0.00017642433258797,3558.75930926433
1738000980,0.000193597461934947,0.000216957902892941,0.000193597461934947,0.000204461293055943,3897.29572608243
1738000920,0.00018231573940617,0.000199475951728825,0.00018231573940617,0.000193597461934947,3159.9751395358
1738000860,0.000166034494545661,0.000190796904453066,0.00016423542793043,0.00018231573940617,5772.8356568863
1738000800,0.000165007986444805,0.000166034494545661,0.000157319080893127,0.000166034494545661,3615.76664203609
1738000740,0.000177461870905755,0.000177461870905755,0.000164551668331877,0.000165007986444805,2671.99197984832
1738000680,0.000189113171656551,0.000189113171656551,0.000172332641444237,0.000177461870905755,5312.29886577498
1738000620,0.000214700015668836,0.00021536528295515,0.000164372561387011,0.000189113171656551,28151.28557430755
1738000560,0.000229568627831877,0.000229568627831877,0.00020434945008318,0.000214700015668836,6772.52984828332
1738000500,0.000239461825496396,0.000243973487704895,0.000229568627831877,0.000229568627831877,3199.08855011606
1738000440,0.000246244522159571,0.000246244522159571,0.000234138459985093,0.000239461825496396,1692.90827607781
1738000380,0.000252033908725815,0.000253802913796228,0.000238490376893146,0.000246244522159571,5161.36514395801
1738000320,0.000259614626861413,0.000260196649840266,0.000242025462533625,0.000252033908725815,3799.80848289603
1738000260,0.000251802637764453,0.000268016905740363,0.000243028618242388,0.000259614626861413,10557.62695343748
1738000200,0.000264409244204134,0.000267840003690479,0.000251181900831994,0.000251802637764453,3659.34381105596
1738000140,0.000274819040002674,0.000294126009890162,0.000262041150086741,0.000264409244204134,7584.34880226708
1738000080,0.000277101406706157,0.000281337699455191,0.000267022744433306,0.000274819040002674,3599.00551980283
1738000020,0.000286697080541507,0.000288512821984733,0.000264876281139761,0.000277101406706157,7089.74453279728
1737999960,0.000280891581990952,0.000297160986827907,0.000255228704572417,0.000286697080541507,9735.12697508704
1737999900,0.000310956250949578,0.000324141122224737,0.000267145570877206,0.000280891581990952,10870.92490774501
1737999840,0.000294965358495291,0.000332637684333634,0.00029028479110495,0.000310956250949578,7680.4887902486
1737999780,0.000375377298422062,0.000375377298422062,0.000294965358495291,0.000294965358495291,7921.16915134421
1737999720,0.000412512241782351,0.000416040304145975,0.000360540632995427,0.000375377298422062,8537.27888839896
1737999660,0.000420917034957411,0.000425836806573144,0.000411151272366831,0.000412512241782351,2217.37350594668
1737999600,0.000416845607854214,0.000434107601283747,0.000416307614277376,0.000420917034957411,2411.67418259451
1737999540,0.000418149677494357,0.000421528474769525,0.000401753314917566,0.000416845607854214,3256.13234150645
1737999480,0.000414366707938608,0.000419985060408167,0.000414366707938608,0.000418149677494357,464.21151994639
1737999420,0.000379357339641184,0.000414366707938608,0.000371680160464857,0.000414366707938608,4231.6661317308
1737999360,0.000420665627263339,0.000420665627263339,0.00037745868400021,0.000379357339641184,2972.9044548308
1737999300,0.000429359510824587,0.000477581436068983,0.000399649497653624,0.000420665627263339,15308.62402392916
1737999240,0.000424761469071945,0.0004636473934581,0.000423723264939712,0.000429359510824587,8558.41535623703
1737999180,0.00040065338498008,0.000425996491785547,0.00040065338498008,0.000424761469071945,4171.57371349825
1737999120,0.000403321352461156,0.000425174894956829,0.000370909665039828,0.00040065338498008,9611.37075278244
1737999060,0.000396092063234085,0.000423717829041793,0.000394936994689266,0.000403321352461156,3266.17014106553
1737999000,0.0003341769765627,0.000474712732084547,0.0003341769765627,0.000396092063234085,20770.94883731149
1737998940,0.000396394830892734,0.000399046936128264,0.000321324315724382,0.0003341769765627,10619.84886481062
1737998880,0.000385597597552433,0.000400428777621035,0.000385597597552433,0.000396394830892734,1656.50667009243
1737998820,0.000402021872186463,0.000402021872186463,0.00037642510284669,0.000385597597552433,3427.17060229112
1737998760,0.000371817641640008,0.000429538496821331,0.000369899922780855,0.000402021872186463,6759.92315729181
1737998700,0.000383797594493092,0.000383797594493092,0.000353933582381915,0.000371817641640008,9531.49863556387
1737998640,0.000406096531946604,0.00041042688137501,0.000383083089021664,0.000383797594493092,4030.50958171061
1737998580,0.000378219012268885,0.000418503330385027,0.000369718566981653,0.000406096531946604,11694.82838723802
1737998520,0.000405611477370591,0.000427216513589051,0.000378219012268885,0.000378219012268885,8130.52510985008
1737998460,0.00037739450563463,0.000406430397124698,0.00037739450563463,0.000405611477370591,4005.60950006596
1737998400,0.000340109585772536,0.000378116816718396,0.000340109585772536,0.00037739450563463,4295.25787341978
1737998340,0.000296658279965073,0.000341719794495469,0.000296658279965073,0.000340109585772536,5990.89258123409
1737998280,0.000309393431278589,0.000324993348026467,0.000295170383753419,0.000296658279965073,3699.10760508111
1737998220,0.000299262182403286,0.000315600763690991,0.000299262182403286,0.000309393431278589,2214.27864237769
1737998160,0.000270477637171804,0.000301701262848464,0.000270477637171804,0.000299262182403286,4380.50680036782
1737998100,0.00026875774303589,0.00027391915814602,0.000258339526701598,0.000270477637171804,5345.69648683613
1737998040,0.000254402364144699,0.000269227087207556,0.000248001743603439,0.00026875774303589,3942.34601120048
1737997980,0.000229368167013834,0.000254402364144699,0.000229368167013834,0.000254402364144699,2860.24880059214
1737997920,0.000209259238077013,0.000236866312931128,0.000208013474430774,0.000229368167013834,5689.5011875387
1737997860,0.000212578104356849,0.000212578104356849,0.000208278016047742,0.000209259238077013,676.5090607014
1737997800,0.000205802818478406,0.000217552365543993,0.000204425181598023,0.000212578104356849,1958.96672093316
1737997740,0.000230025949902688,0.000271312603250006,0.00019553411354255,0.000205802818478406,14941.46986682904
1737997680,0.000216793785118127,0.000230025949902688,0.000206234827921765,0.000230025949902688,5790.45407208791
1737997620,0.000219221193022067,0.000222945294761105,0.000216793785118127,0.000216793785118127,1688.80451592144
1737997560,0.000237604219050672,0.00024348172992522,0.000219221193022067,0.000219221193022067,3420.0331789684
1737997500,0.000249301371015521,0.000249301371015521,0.000237458952583349,0.000237604219050672,1106.0282967683
1737997440,0.000251918196535387,0.00025254025031457,0.00023261807190701,0.000249301371015521,5676.43620951189
1737997380,0.00027959945988398,0.00027959945988398,0.000251180090303365,0.000251918196535387,3210.57907103489
1737997320,0.000255572294949267,0.000288475241611308,0.000255572294949267,0.00027959945988398,6914.08156293315
1737997260,0.000221140818801657,0.000255714585346847,0.000221140818801657,0.000255572294949267,3399.61199791505
1737997200,0.000224007064354148,0.000224007064354148,0.000221129195956013,0.000221140818801657,194.87692797218
1737997140,0.000222142349219371,0.000232476798928865,0.000218374463546509,0.000224007064354148,2381.42723015487
1737997080,0.000222846810429011,0.00023337397993967,0.000222057259870969,0.000222142349219371,3897.64362584185
1737997020,0.000212652148242142,0.000224891485076402,0.000212652148242142,0.000222846810429011,1673.83156920808
1737996960,0.000209838411548256,0.000214818116610341,0.000205232063231726,0.000212652148242142,2630.23659754974
1737996900,0.000204404157631563,0.000210775187574078,0.000199301223258787,0.000209838411548256,2317.4400153787
1737996840,0.000212973927462594,0.000212973927462594,0.000187891598163341,0.000204404157631563,6524.91374024216
1737996780,0.000222795019558825,0.000224468939978272,0.000212973927462594,0.000212973927462594,1512.41076192589
1737996720,0.000237386998173688,0.000250825176056155,0.000218870494524346,0.000222795019558825,5284.92689759706
1737996660,0.000242328428813415,0.000270651783964411,0.000235171845814958,0.000237386998173688,6824.30870594997
1737996600,0.00025328923397985,0.000257154026864484,0.000242328428813415,0.000242328428813415,2737.04906367658
1737996540,0.000263481678391918,0.00026354091667724,0.00025328923397985,0.00025328923397985,2282.77798239706
1737996480,0.000242634687293544,0.000264557379054117,0.000241712211937287,0.000263481678391918,3158.75530803219
1737996420,0.000216372882975797,0.000242634687293544,0.00021297127549294,0.000242634687293544,3666.31683046872
1737996360,0.000219544319389037,0.000225461535840118,0.000212442321318277,0.000216372882975797,4359.96360485093
1737996300,0.000223536151457105,0.000223717296837486,0.000219544319389037,0.000219544319389037,760.43445334578
1737996240,0.000223414323966109,0.000224874000296047,0.000215852761377929,0.000223536151457105,2723.25147633116
1737996180,0.000238825471195449,0.000243592846577462,0.000223414323966109,0.000223414323966109,2252.94788636499
1737996120,0.000243886766452079,0.000243886766452079,0.000233494690984321,0.000238825471195449,1828.96037013562
1737996060,0.000227104958665181,0.000245050148194157,0.000227104958665181,0.000243886766452079,2009.26838368544
1737996000,0.000208587110431815,0.000236683912323059,0.000207620959895984,0.000227104958665181,4366.2414084681
1737995940,0.000199011284214687,0.000209518420343601,0.000199011284214687,0.000208587110431815,2402.3769816441
1737995880,0.000203079413637679,0.000205012663198803,0.000193912993525703,0.000199011284214687,3550.36321410369
1737995820,0.000189496239036224,0.000211884701294659,0.000189496239036224,0.000203079413637679,5829.09385843208
1737995760,0.000208477002842308,0.000208477002842308,0.000177379857040462,0.000189496239036224,7795.73501102126
1737995700,0.000227133061942479,0.000227133061942479,0.000208477002842308,0.000208477002842308,2331.23692835552
1737995640,0.000215683030263565,0.000227133061942479,0.000208121803958763,0.000227133061942479,3147.27171878105
1737995580,0.000219816102487588,0.000231103506921496,0.000207187462041403,0.000215683030263565,7746.66830450402
1737995520,0.000232125203274805,0.000232457489814392,0.000219816102487588,0.000219816102487588,2368.76979956131
1737995460,0.000240543069186298,0.000242485139726632,0.000232125203274805,0.000232125203274805,1586.61184380539
1737995400,0.00023301928639411,0.000240543069186298,0.000231867496158778,0.000240543069186298,2140.54101601138
1737995340,0.000241183502343979,0.000241376982342265,0.00023301928639411,0.00023301928639411,2259.43776535108
1737995280,0.000234815115725005,0.000243523364758322,0.000233491322313455,0.000241183502343979,2994.7939080093
1737995220,0.000249087609607851,0.000251147791872431,0.000233049975152996,0.000234815115725005,8097.85884515874
1737995160,0.000274364473638486,0.000274364473638486,0.000248607337742727,0.000249087609607851,2988.82887707668
1737995100,0.000274607898420993,0.000278046695288477,0.000271839568676493,0.000274364473638486,1151.95325003239
1737995040,0.000260292447450042,0.00027630002110112,0.000255704176060198,0.000274607898420993,2587.80720527336
1737994980,0.000266471534291889,0.000266471534291889,0.000251850636481826,0.000260292447450042,3544.06238506915
1737994920,0.000276555969492072,0.000287987880126634,0.000262854838975231,0.000266471534291889,4813.43365553704
1737994860,0.000268938089761606,0.000286123546478367,0.000268124635984104,0.000276555969492072,3376.95196352963
1737994800,0.000278439903927124,0.00030079206963942,0.000262742785261129,0.000268938089761606,10990.95903273636
1737994740,0.000320845105677731,0.000320845105677731,0.000269073559489927,0.000278439903927124,6974.99190285265
1737994680,0.000303083358571068,0.000336719889285084,0.000303083358571068,0.000320845105677731,6072.11653518433
1737994620,0.000334808486636082,0.000334913723203429,0.000299166335457288,0.000303083358571068,4233.53905658054
1737994560,0.000382442556805869,0.000382442556805869,0.000334383427638914,0.000334808486636082,5103.97591987716
1737994500,0.000380007826840578,0.000387830182102538,0.000378290249432987,0.000382442556805869,2560.39093479675
1737994440,0.00036511456308326,0.000383000672786906,0.000358887859673877,0.000380007826840578,6257.01662912127
1737994380,0.000356708091170323,0.000371887738122599,0.000352919624127287,0.00036511456308326,1928.78884830423
1737994320,0.000320460454588477,0.000378949934019276,0.000320460454588477,0.000356708091170323,10343.18800050031
1737994260,0.000317436498787806,0.000322136866912073,0.000304028265264217,0.000320460454588477,2736.71835406689
1737994200,0.000328141957991151,0.0003330700626804,0.000311098171221314,0.000317436498787806,4103.464209956
1737994140,0.000334257060439254,0.000340404523818834,0.000327343152742482,0.000328141957991151,3781.25451909078
1737994080,0.000353694798459328,0.000366974550976597,0.000334257060439254,0.000334257060439254,6759.26572579248
1737994020,0.000296889226299004,0.000355504027160316,0.000272356045150526,0.000353694798459328,11822.6360109934
1737993960,0.000306733676768032,0.000313582905306473,0.000295604826064839,0.000296889226299004,2013.5308511518
1737993900,0.000315980011199076,0.000328301034210472,0.000302149624675665,0.000306733676768032,9538.1460757491
1737993840,0.000310660631091526,0.000317572837254005,0.000305154465710541,0.000315980011199076,1599.08276004086
1737993780,0.000325870989290615,0.000332201010144966,0.000301361254998457,0.000310660631091526,4548.93570323841
1737993720,0.000330023497089929,0.000330307224239188,0.000323448000842016,0.000325870989290615,1219.31637799122
1737993660,0.000314422318530731,0.000335348650142769,0.000314422318530731,0.000330023497089929,3749.1800753488
1737993600,0.000298092794548901,0.000320696549328082,0.000298092794548901,0.000314422318530731,3558.5520413154
1737993540,0.000289141065963017,0.000309516582808494,0.000289141065963017,0.000298092794548901,4301.03204995163
1737993480,0.000284074025536277,0.000294608803192211,0.000282890438192054,0.000289141065963017,2082.10990866762
1737993420,0.000293594996290228,0.000318362098842368,0.000280991330770224,0.000284074025536277,9381.07079946197
1737993360,0.000340314827692461,0.000350566344545614,0.00028422181215218,0.000293594996290228,11750.81316759118
1737993300,0.000272252505113862,0.000340317723437193,0.000272252505113862,0.000340314827692461,8499.81150438273
1737993240,0.000328997375022034,0.000334849776317032,0.000272252505113862,0.000272252505113862,20179.10875166588
1737993180,0.000338577034573689,0.000340518503533662,0.000323085663036808,0.000328997375022034,3391.40024278003
1737993120,0.000327285353028229,0.000338577034573689,0.000322534075703359,0.000338577034573689,3670.25943466278
1737993060,0.000391217003112815,0.000392382652944467,0.000295756333300084,0.000327285353028229,25907.8954730124
1737993000,0.000404281426182947,0.000404281426182947,0.000390614444197406,0.000391217003112815,3130.97199544311
1737992940,0.000437523909017111,0.000444389014634788,0.000402725665588324,0.000404281426182947,11374.58964064954
1737992880,0.000448462939635584,0.000448462939635584,0.000403150810587948,0.000437523909017111,6888.30092594058
1737992820,0.000461105358771936,0.000468940301744753,0.000448462939635584,0.000448462939635584,2784.34907989791
1737992760,0.000446317299434286,0.000490754626070466,0.000446317299434286,0.000461105358771936,5637.98217456064
1737992700,0.00046025961104035,0.00046025961104035,0.000440655151059491,0.000446317299434286,4970.69532212793
1737992640,0.000448262513829224,0.000478322428543832,0.000443071918310073,0.00046025961104035,7722.40178662297
1737992580,0.000406494101459015,0.000453298395916855,0.000406494101459015,0.000448262513829224,7062.4894963864
1737992520,0.000378245492743764,0.000434732445751457,0.000378245492743764,0.000406494101459015,12828.6198207896
1737992460,0.000373854305671546,0.000509881998144544,0.000367306881530753,0.000378245492743764,22068.93882520618
1737992400,0.000401309840719052,0.000421720711820056,0.000353072815294195,0.000373854305671546,17107.60230816422
1737992340,0.000429902015557699,0.000440952364227199,0.000399954912896832,0.000401309840719052,10770.75221363896
1737992280,0.00044810433465545,0.00044810433465545,0.000421463080340756,0.000429902015557699,5875.21055499599
1737992220,0.000442986102108808,0.000483688058464841,0.000430750048064324,0.00044810433465545,10276.0577544194
1737992160,0.000435349685484203,0.000454657296696186,0.000374250029257685,0.000442986102108808,32587.87215903407
1737992100,0.000523428901961747,0.000531465247811757,0.000403252904695206,0.000435349685484203,25899.82578500015
1737992040,0.000569587774525098,0.000578479719187992,0.00052180512084269,0.000523428901961747,5676.58598718446
1737991980,0.000592083792160639,0.000605887352613939,0.000568963251509875,0.000569587774525098,4555.43338708042
1737991920,0.000669945516040081,0.000673527317857452,0.000592083792160639,0.000592083792160639,7324.83695985673
1737991860,0.000671609269562127,0.00067846165596682,0.00066541660758928,0.000669945516040081,1212.83557255434
1737991800,0.000618572768213496,0.000691971137228531,0.000618572768213496,0.000671609269562127,8646.5108025609
1737991740,0.000626652933077025,0.000669565596437576,0.000603251051787639,0.000618572768213496,12650.5472798281
1737991680,0.000672169493123176,0.000673484378358565,0.000620382158748232,0.000626652933077025,4307.07615971412
1737991620,0.00066030812797522,0.000712192367394882,0.000653109225596617,0.000672169493123176,8464.49828225767
1737991560,0.000662879664633194,0.000677212396347161,0.000649719983228059,0.00066030812797522,2479.00899492164
1737991500,0.000640488925242788,0.000665878158826593,0.000630616207345156,0.000662879664633194,2682.27027907377
1737991440,0.000628959703345257,0.000655612076209539,0.000614172690050812,0.000640488925242788,5441.65468166785
1737991380,0.0005871332779317,0.000637245169212765,0.00058532501345476,0.000628959703345257,7243.98532692264
1737991320,0.000561280147105199,0.0005871332779317,0.000540278464124452,0.0005871332779317,5594.42087049078
1737991260,0.000598433555136806,0.000621958854866342,0.000544584058493949,0.000561280147105199,7166.20789108128
1737991200,0.000616211120410531,0.000621488861113715,0.000598433555136806,0.000598433555136806,3100.70262692983
1737991140,0.000668123788218426,0.000686221091807801,0.00060107973810403,0.000616211120410531,14510.61596434937
1737991080,0.000606123369427528,0.000823237639534994,0.000534124091363165,0.000668123788218426,43862.45538415417
1737991020,0.000569878934887383,0.000617553098378161,0.000565341606595224,0.000606123369427528,8267.47251118489
1737990960,0.00062901102497632,0.000651298152033239,0.000515011501938047,0.000569878934887383,21577.10958542961
1737990900,0.000625616102317477,0.000655430942074629,0.000611025870840957,0.00062901102497632,7472.98143227282
1737990840,0.00072476510244748,0.000728265658791728,0.000594340662946827,0.000625616102317477,12484.63940639279
1737990780,0.000716538695927984,0.000733109973780807,0.000710529098808436,0.00072476510244748,3836.41495989724
1737990720,0.000668481794273371,0.000793244690750797,0.000668481794273371,0.000716538695927984,14698.76540335083
1737990660,0.00061918440446331,0.000672114469395241,0.00060743451141506,0.000668481794273371,7516.65800932595
1737990600,0.000641618332974037,0.000732797323508548,0.000612478840479942,0.00061918440446331,19183.67917562839
1737990540,0.000522312764360396,0.000659439169974794,0.000522312764360396,0.000641618332974037,13595.59632927904
1737990480,0.000528626344805529,0.000541603148688425,0.000522312764360396,0.000522312764360396,4069.11752867236
1737990420,0.000512420031837946,0.000535900631566022,0.000503336278437777,0.000528626344805529,4656.92514428617
1737990360,0.000467405958639103,0.000512420031837946,0.000465085104447623,0.000512420031837946,4738.64706827114
1737990300,0.00042727616062583,0.000483693928472493,0.00042727616062583,0.000467405958639103,4475.60881257642
1737990240,0.00051473497342311,0.00051473497342311,0.000427158797581537,0.00042727616062583,10856.19028257448
1737990180,0.00051754900357407,0.000539379854300525,0.000497211573617906,0.00051473497342311,10806.32835858986
1737990120,0.000540423614172746,0.000561199513627503,0.000510493520291182,0.00051754900357407,7974.65514829174
1737990060,0.000572666987588211,0.000575124162286538,0.000525909540347484,0.000540423614172746,9132.20151033629
1737990000,0.000565401842035892,0.000576497979379431,0.000551156581606284,0.000572666987588211,4535.25353440322
1737989940,0.000540671588256425,0.000572167786934433,0.000539064286606651,0.000565401842035892,4217.54167948577
1737989880,0.000455893091434123,0.000540810266611661,0.000455893091434123,0.000540671588256425,10875.59651987696
1737989820,0.000450257129600154,0.000457220479018872,0.000446195214505129,0.000455893091434123,2456.64997201368
1737989760,0.000485582996833989,0.000487536784496,0.000446878339449268,0.000450257129600154,3729.46072311052
1737989700,0.00047878844725847,0.000488877792606858,0.000451913643663642,0.000485582996833989,6698.50962555347
1737989640,0.000465262616124089,0.000479112730376938,0.000440101791406347,0.00047878844725847,5008.59589519043
1737989580,0.000482562642251175,0.000533445277940671,0.00046384793129321,0.000465262616124089,14821.06850989459
1737989520,0.000438006067532529,0.000507223985524046,0.000427272090807764,0.000482562642251175,12901.46294441325
1737989460,0.000373451094978264,0.00045224281398579,0.000373451094978264,0.000438006067532529,11598.87747080326
1737989400,0.00033584946548796,0.000379023747597218,0.00033584946548796,0.000373451094978264,6428.901587756
1737989340,0.000345102309522119,0.000353102026460601,0.000332607589946887,0.00033584946548796,7852.45117458456
1737989280,0.000312340443677387,0.000348769839268473,0.000311072177307397,0.000345102309522119,4162.54393701516
1737989220,0.00027244740725189,0.000315037882903663,0.000271711787086965,0.000312340443677387,6069.78997885751
1737989160,0.000268490946080462,0.000273142357684288,0.00026549570172646,0.00027244740725189,2265.17137040295
1737989100,0.000292564855531685,0.000295815671984873,0.000250858535664154,0.000268490946080462,7701.54373217837
1737989040,0.000314910407447849,0.000329825221174257,0.000292564855531685,0.000292564855531685,4751.74737191689
1737988980,0.000325923920050058,0.000349652371893612,0.000309482931868128,0.000314910407447849,7775.77541929806
1737988920,0.000287670584361662,0.000326448776194202,0.000284880758388307,0.000325923920050058,4404.30162068102
1737988860,0.000285764663206413,0.000288961281233266,0.000276488375288382,0.000287670584361662,3534.33372507482
1737988800,0.000332964652745398,0.000332964652745398,0.000285764663206413,0.000285764663206413,4031.40713353866
1737988740,0.000333403350501927,0.000343449493572269,0.00031994922516909,0.000332964652745398,7689.74720734761
1737988680,0.000316799294353148,0.000334930976084353,0.00031089685952283,0.000333403350501927,3718.77692136495
1737988620,0.000292143300524766,0.000318079924926109,0.000285319141561899,0.000316799294353148,4167.40780647857
1737988560,0.000359794449342985,0.000359794449342985,0.00027269507204085,0.000292143300524766,28195.8284749457
1737988500,0.000372004182841746,0.000372004182841746,0.000357909983243684,0.000359794449342985,1386.40978602838
1737988440,0.000375030380644814,0.000380656447669073,0.000372004182841746,0.000372004182841746,1224.37776110989
1737988380,0.000374858785549564,0.000409372867874518,0.000372667780732061,0.000375030380644814,5669.46660299822
1737988320,0.000400098822496317,0.000400098822496317,0.000349071852263576,0.000374858785549564,8038.1214638605
1737988260,0.000413129178946914,0.000419038776518367,0.000396483076598542,0.000400098822496317,2431.8076965618
1737988200,0.000402328073595605,0.00041754757744253,0.000362471064765348,0.000413129178946914,14653.24147950785
1737988140,0.000435197338969542,0.000437926081784608,0.000402328073595605,0.000402328073595605,4046.73472382235
1737988080,0.000467162200654611,0.000471403803037464,0.00040631836120241,0.000435197338969542,8402.81636738758
1737988020,0.000516934076977536,0.000529913875070029,0.000459870042946242,0.000467162200654611,5856.90062666457
1737987960,0.000497037690247337,0.000557774227882266,0.000495461978612075,0.000516934076977536,18087.5258069351
1737987900,0.000447867417856103,0.000497037690247337,0.000442706221808315,0.000497037690247337,6268.18143625561
1737987840,0.00044628660293069,0.00045141438349039,0.000425044254290788,0.000447867417856103,3390.00682443132
1737987780,0.000459937301283627,0.000465690054864334,0.000438044278509608,0.00044628660293069,7204.06779815488
1737987720,0.000509184890727264,0.000544832526513735,0.000458895134324319,0.000459937301283627,10532.36268120765
1737987660,0.000438151600126854,0.000530439257129529,0.000437201243259999,0.000509184890727264,8534.85063764861
1737987600,0.000437049779743683,0.000462205061154962,0.000437049779743683,0.000438151600126854,3981.0334552708
1737987540,0.000430704509284785,0.000441736272419992,0.000418942276605045,0.000437049779743683,5540.07230382547
1737987480,0.000430694764889076,0.000444962844691908,0.000403908010254149,0.000430704509284785,10819.50937560059
1737987420,0.000472002537351592,0.00047410905993604,0.000428434346311514,0.000430694764889076,7093.94575500491
1737987360,0.000426479976783378,0.000485136396546435,0.000426479976783378,0.000472002537351592,14549.23566302175
1737987300,0.000535639245335798,0.000549975513853041,0.000421438699667343,0.000426479976783378,44168.04403734432
1737987240,0.000576787707229465,0.000647953590496145,0.000500130022697608,0.000535639245335798,26972.03544510259
1737987180,0.000497664871890024,0.000601007278759324,0.000496689591249468,0.000576787707229465,25232.32518001888
1737987120,0.000488985242323168,0.000561593027666522,0.000462894600844555,0.000497664871890024,27680.52260190666
1737987060,0.000434783519243167,0.000526337561423006,0.000417267905197309,0.000488985242323168,29037.94982642919
1737987000,0.00030492240528918,0.000438494590754512,0.00030492240528918,0.000434783519243167,25998.94410063078
1737986940,0.000280664103306795,0.000311248246927318,0.000276651307877652,0.00030492240528918,5338.08439703417
1737986880,0.000268957496233936,0.000284971880352509,0.000248920243975777,0.000280664103306795,7442.13772553006
1737986820,0.000286002451000804,0.000287401317354254,0.000238814008840175,0.000268957496233936,11064.22658346521
1737986760,0.000303931811160342,0.000323586745165746,0.000283925286238381,0.000286002451000804,12336.94928029796
1737986700,0.000283952688954649,0.000310648941895883,0.00028217911229125,0.000303931811160342,7150.30542333618
1737986640,0.000334927463328133,0.000334927463328133,0.000264127464772322,0.000283952688954649,11085.36434622934
1737986580,0.000339680993410172,0.000342113447347522,0.000333294007462806,0.000334927463328133,1677.15265181
1737986520,0.000369851091337906,0.000388556608839191,0.000332540794075543,0.000339680993410172,9530.67765430197
1737986460,0.000364542430704597,0.000369973157303942,0.000344803882767021,0.000369851091337906,3889.79082270866
1737986400,0.000383732418451589,0.000384520692935064,0.000308435738926945,0.000364542430704597,14888.60206430271
1737986340,0.000388903187879637,0.000400394660945428,0.000381760466769818,0.000383732418451589,4034.7334093686
1737986280,0.000392277820016057,0.000407016151367499,0.000384995217096761,0.000388903187879637,3437.15712507114
1737986220,0.000384629024516681,0.000410571992742649,0.000383695780674515,0.000392277820016057,3653.4072542334
1737986160,0.000383150041686961,0.000409348349728704,0.000376123554780352,0.000384629024516681,8723.69930186265
1737986100,0.000366285469571777,0.000405330322746681,0.000355486367584929,0.000383150041686961,10894.92868685626
1737986040,0.00033792268885895,0.000368897505417575,0.000329594812041942,0.000366285469571777,8733.034729980975
1737985980,0.000341631941051505,0.00035396711152117,0.000330354777832054,0.00033792268885895,4162.14315020361
1737985920,0.000327792113871783,0.000353310942585801,0.000327792113871783,0.000341631941051505,5566.07012099041
1737985860,0.000377274082275906,0.000390639590907561,0.000323034391634211,0.000327792113871783,12078.83078306718
1737985800,0.000379177788183211,0.000380634825514869,0.000366056740816519,0.000377274082275906,2627.64391129777
1737985740,0.000380650424830995,0.000387574571535509,0.00036394873369751,0.000379177788183211,5789.91167959013
1737985680,0.000378053500444645,0.000421892083824047,0.000378053500444645,0.000380650424830995,12396.57947743439
1737985620,0.000400868781476121,0.000426817568722148,0.000355048069302868,0.000378053500444645,17454.44204698108
1737985560,0.000375436267983762,0.000408568359670217,0.000356420880252881,0.000400868781476121,13203.49517110535
1737985500,0.000334519919865414,0.000385086928027444,0.000326521004763573,0.000375436267983762,12467.62087569372
1737985440,0.000288094456676838,0.000336665857263127,0.000287862248011562,0.000334519919865414,8891.56129412306
1737985380,0.000346930182944012,0.000346930182944012,0.000286501468088597,0.000288094456676838,10157.26296067674
1737985320,0.000263002075073315,0.000346930182944012,0.000263002075073315,0.000346930182944012,12625.69969913326
1737985260,0.000245107068646264,0.000267718123669292,0.000218304075120975,0.000263002075073315,14674.17455843192
1737985200,0.000248377488721129,0.000278497518452743,0.000229741965527921,0.000245107068646264,19522.43929141637
1737985140,0.000329301257318043,0.000345590548270597,0.000244020166972313,0.000248377488721129,15433.94688344123
1737985080,0.000322424094775834,0.000349026906699041,0.000320559910733915,0.000329301257318043,8461.42871041101
1737985020,0.000330761843448943,0.000356226920859418,0.00028595616523242,0.000322424094775834,23512.52852398278
1737984960,0.000413588418356845,0.000413588418356845,0.0003058824566655,0.000330761843448943,25627.22208811246
1737984900,0.000415301862807288,0.000433608258768848,0.000400395332609024,0.000413588418356845,6842.76269025735
1737984840,0.000413437174101924,0.000417479625392476,0.000385440708034069,0.000415301862807288,7520.31150156646
1737984780,0.000418347858796994,0.000444905675274212,0.000356034604231418,0.000413437174101924,26478.28490132786
1737984720,0.000386444240518216,0.00043845988749172,0.0003617804971037,0.000418347858796994,19117.53921026514
1737984660,0.000420806303090445,0.0004730192850764,0.000386289440286234,0.000386444240518216,15815.7410654003
1737984600,0.000449633618873138,0.000526241591005367,0.000386623771930346,0.000420806303090445,43714.54396622199
1737984540,0.000513481414819521,0.000513481414819521,0.000418126796803399,0.000449633618873138,16254.9457938069
1737984480,0.000456315152669157,0.000522689240968896,0.000438364934547218,0.000513481414819521,19226.55551382496
1737984420,0.000574964488677098,0.000577984374348807,0.000393565439454593,0.000456315152669157,52887.01338599404
1737984360,0.000608336948581323,0.000608336948581323,0.000542081373930009,0.000574964488677098,9286.70904835574
1737984300,0.000607442681888263,0.000619554727248622,0.000571896967075597,0.000608336948581323,8133.11552530389
1737984240,0.000639512208629373,0.000684430673355887,0.00059476015906171,0.000607442681888263,14393.70497882586
1737984180,0.00073247246548985,0.000735998571431449,0.000633396182259807,0.000639512208629373,10530.80269371825
1737984120,0.000719640503238733,0.000805973806913848,0.000717307903415432,0.00073247246548985,8169.88482095633
1737984060,0.000719716009529135,0.000891370107663154,0.00068879126282211,0.000719640503238733,25545.65157159746
1737984000,0.00064669055859544,0.000724022867928604,0.000621920093497165,0.000719716009529135,13573.88774141685
1737983940,0.000659004664780263,0.000663929140575024,0.00062139805432293,0.00064669055859544,6736.8454128517
1737983880,0.000675472884467379,0.000796675151147636,0.00053485307316612,0.000659004664780263,59595.89873082876
1737983820,0.00072004503404668,0.000728285776963728,0.000672061464835382,0.000675472884467379,7355.90262889187
1737983760,0.000742482258115396,0.000784044537015598,0.000685058626492902,0.00072004503404668,20655.93964076878
1737983700,0.000756404954171982,0.000808111566980482,0.000687565241419612,0.000742482258115396,15371.68562023988
1737983640,0.000853796854527842,0.000871561641978329,0.000736028485924502,0.000756404954171982,16653.71913338399
1737983580,0.000918528922372695,0.00093730047678397,0.000773961040693517,0.000853796854527842,35373.09822960568
1737983520,0.000969283086154593,0.000977476861749313,0.000917898027368974,0.000918528922372695,6682.29640040706
1737983460,0.000997644586843122,0.000997644586843122,0.000875094316857101,0.000969283086154593,19920.11570857705
1737983400,0.0010235176255055,0.00104851213242005,0.00097743272641549,0.000997644586843122,8348.58029540972
1737983340,0.000982651210971608,0.00103173026587774,0.000978400303661611,0.0010235176255055,8904.9299354364
1737983280,0.000875098691234442,0.000996831053121527,0.000875098691234442,0.000982651210971608,9994.7649525048
1737983220,0.000883856378050481,0.000892372804251049,0.000829737540721189,0.000875098691234442,10253.44617868404
1737983160,0.000850226261363541,0.000936764229152502,0.000827831992690638,0.000883856378050481,14354.43152460744
1737983100,0.000827962742512481,0.000874184292318113,0.00076611495008456,0.000850226261363541,14795.64706444297
1737983040,0.000865062045768224,0.000882994143564588,0.000803608716850616,0.000827962742512481,14512.82811104952
1737982980,0.000798905178322047,0.000872330950957897,0.000798905178322047,0.000865062045768224,8005.91401259061
1737982920,0.000707431386150434,0.000802202532943007,0.000687101747462395,0.000798905178322047,11456.4126476556
1737982860,0.000778204808940292,0.000794049559364667,0.000701792000518332,0.000707431386150434,14520.36526823868
1737982800,0.000769885775689535,0.000841501118230849,0.00075703011000154,0.000778204808940292,19175.37883172985
1737982740,0.000642275869639766,0.000793402353076908,0.000609500950492612,0.000769885775689535,17410.22086152576
1737982680,0.000743514848240967,0.000744749207163598,0.000597107667268318,0.000642275869639766,17905.2282892705
1737982620,0.000717447104716237,0.000787857124810914,0.000705999591194465,0.000743514848240967,14741.06029991983
1737982560,0.000930556963046751,0.000930556963046751,0.000678730900232573,0.000717447104716237,24710.19935310599
1737982500,0.000919725978724929,0.000941645963488015,0.000900312632658847,0.000930556963046751,4321.65452689308
1737982440,0.000861498961266109,0.000980403803935766,0.000841921433586114,0.000919725978724929,22024.64874295309
1737982380,0.000887219874752291,0.000910664285774811,0.000819558881141794,0.000861498961266109,15683.85008909322
1737982320,0.000961441470484688,0.000972445991886429,0.000739733616628077,0.000887219874752291,29331.06954638406
1737982260,0.00101632548826248,0.00106300331171776,0.000938938738423738,0.000961441470484688,22362.01890447469
1737982200,0.000881175598617838,0.00102139217951886,0.000878494368359955,0.00101632548826248,16164.38110936794
1737982140,0.000779277493639047,0.000884341608226672,0.000769903605951076,0.000881175598617838,20757.73421157039
1737982080,0.000779981852600448,0.000781147949718424,0.000763465059574077,0.000779277493639047,2263.85172014402
1737982020,0.00075097254242227,0.000839131524960605,0.000750338121246955,0.000779981852600448,10685.76716050992
1737981960,0.000753260978569766,0.000802287133483736,0.000730574220720233,0.00075097254242227,9490.12430491861
1737981900,0.000789074064456806,0.000808492889923865,0.000731675213985605,0.000753260978569766,15038.45709912474
1737981840,0.000737082713840975,0.000803633254265414,0.000655253424788785,0.000789074064456806,24229.98870886308
1737981780,0.000852433190415491,0.000852433190415491,0.000648370762585582,0.000737082713840975,40165.69911005059
1737981720,0.000770827527502385,0.000869480541728119,0.000769346343256257,0.000852433190415491,17678.54607415638
1737981660,0.000635478942116734,0.000776409231492649,0.000632616529528268,0.000770827527502385,21481.85745351675
1737981600,0.000831005139521596,0.000837414496995345,0.000580761090905706,0.000635478942116734,72729.32765456152
1737981540,0.000873520524657183,0.00088235848288314,0.000813597883314806,0.000831005139521596,13884.01953599081
1737981480,0.000919857070086605,0.00104340919575037,0.00078071932925067,0.000873520524657183,39979.95780890172
1737981420,0.00103012620625019,0.00103849680949125,0.000868753002525467,0.000919857070086605,14347.44338018509
1737981360,0.000958047524777379,0.00103694923206891,0.000953800954912059,0.00103012620625019,9462.12733293752
1737981300,0.000862052963353726,0.000987148578088523,0.00078325019408611,0.000958047524777379,31793.03650499595
1737981240,0.00105055860935135,0.00107255937336258,0.000853480184075122,0.000862052963353726,33252.98291521459
1737981180,0.0011148144507278,0.0011578265504781,0.000969235166659272,0.00105055860935135,27765.27328625667
1737981120,0.000944575019049928,0.00135823001681867,0.000944575019049928,0.0011148144507278,53768.32567777399
1737981060,0.00131067049830952,0.00134879700797232,0.000906807799950509,0.000944575019049928,57400.81286876826
1737981000,0.00118112322647873,0.00133091218204303,0.00114348250990122,0.00131067049830952,33571.64106879623
1737980940,0.00125381095794739,0.0012730011949849,0.000991986619877683,0.00118112322647873,38145.4598154407
1737980880,0.00123626794097286,0.00135950784283487,0.00117875584411377,0.00125381095794739,38423.31938621128
1737980820,0.00108445270220125,0.00134210984889556,0.00107970463369736,0.00123626794097286,29845.02677889404
1737980760,0.000983659556254441,0.00124892883778863,0.000983659556254441,0.00108445270220125,57607.73792910836
1737980700,0.000973178853500675,0.00103389324931943,0.000923101038191818,0.000983659556254441,17245.86129415894
1737980640,0.000923180731817361,0.000973178853500675,0.00088836473345746,0.000973178853500675,15578.96415806622
1737980580,0.000997085441883333,0.00100259076339321,0.000865395828580702,0.000923180731817361,20353.39773974869
1737980520,0.00108841592531195,0.00110600703399075,0.000942886207139011,0.000997085441883333,22846.24162284542
1737980460,0.00100122502885965,0.00112661044372315,0.000992332878067786,0.00108841592531195,39602.00257575917
1737980400,0.000961865696010559,0.00101177720957444,0.000946336091355277,0.00100122502885965,9997.92325736441
1737980340,0.000970366782045401,0.000972156742654895,0.000880109459911212,0.000961865696010559,18190.21103236668
1737980280,0.000846235770057608,0.00108157301687122,0.000823634109647948,0.000970366782045401,73628.91589541663
1737980220,0.00080951499691293,0.000961647431225886,0.000781145011601474,0.000846235770057608,28503.24193524295
1737980160,0.00074765918809683,0.000825428304208608,0.000740107922374805,0.00080951499691293,8817.50738342478
1737980100,0.000685329341265352,0.000785673340333887,0.000668249290139659,0.00074765918809683,19740.6614227349
1737980040,0.000702351599718323,0.000702351599718323,0.000650650016173503,0.000685329341265352,12843.37773595644
1737979980,0.000777148073577589,0.00078276214214908,0.00069433022199977,0.000702351599718323,12932.90681372858
1737979920,0.00072053754034932,0.000814104914266767,0.000716041499515326,0.000777148073577589,13899.07706948992
1737979860,0.000781557972887681,0.00079167714073257,0.000709952756322932,0.00072053754034932,18616.87305213252
1737979800,0.000676107134710308,0.000795394535058766,0.000670348531522659,0.000781557972887681,23226.78919775069
1737979740,0.000596326439108281,0.000681346557297904,0.000596271689152066,0.000676107134710308,16881.58907266175
1737979680,0.000598229978721344,0.000673519668988414,0.000595497962490864,0.000596326439108281,23468.40480410686
1737979620,0.000529809975494704,0.000601756741533125,0.000528067202985963,0.000598229978721344,9341.86407915926
1737979560,0.000550235267995891,0.000550235267995891,0.000489952088810912,0.000529809975494704,16434.90731052897
1737979500,0.000632839939049251,0.000632839939049251,0.000536187915541853,0.000550235267995891,15753.96238432404
1737979440,0.000626562913912112,0.000692842045443091,0.000586745795647122,0.000632839939049251,25249.646368383
1737979380,0.000611469252742205,0.000644372291285821,0.000596009141197498,0.000626562913912112,9654.03813814208
1737979320,0.000504039175986241,0.000612829569310665,0.000489923946414228,0.000611469252742205,21804.57685334792
1737979260,0.000552501082134255,0.00056321080410707,0.000473897464534646,0.000504039175986241,17565.28211587665
1737979200,0.000610306479121274,0.000682474233665099,0.000551753364359893,0.000552501082134255,20783.08700085672
1737979140,0.000576735427825975,0.000640813511756968,0.000562060419430642,0.000610306479121274,14947.33281308862
1737979080,0.000531478281843658,0.000589528950941041,0.000457103063908127,0.000576735427825975,23362.99550797539
1737979020,0.000543932263293994,0.000770415382507168,0.000495278020738691,0.000531478281843658,42750.99439513456
1737978960,0.000559762423978069,0.000796973485475503,0.000532265769390106,0.000543932263293994,66575.52072932165
1737978900,0.000482859910393207,0.000611786237235123,0.000465588104568329,0.000559762423978069,35928.67939983098
1737978840,0.000605359575201131,0.000607704344528051,0.000453933334303832,0.000482859910393207,57621.73747927836
1737978780,0.000592303195458956,0.000690582122833435,0.000560594357670591,0.000605359575201131,34609.74022470432
1737978720,0.000692128934188143,0.000709245796043267,0.000547548027569612,0.000592303195458956,73833.43282568837
1737978660,0.000795612147345768,0.000829751910559527,0.000601413454778044,0.000692128934188143,54302.43761433477
1737978600,0.000719417358417183,0.000804758674870605,0.000713573547594722,0.000795612147345768,29528.97798641651
1737978540,0.000850247708910578,0.000899825318107109,0.00071043410493976,0.000719417358417183,39940.40673047261
1737978480,0.000786636381265962,0.000961323174153655,0.000786636381265962,0.000850247708910578,75977.12375329147
1737978420,0.000767768931977866,0.000800178281960292,0.000713400427084808,0.000786636381265962,32789.60383624138
1737978360,0.000801498608340472,0.000860750223373701,0.000722127663641485,0.000767768931977866,56896.79949712877
1737978300,0.000875947512055638,0.000955446448510543,0.000722035526967695,0.000801498608340472,86093.27469829358
1737978240,0.000972517139177135,0.000972984407339559,0.000819297738419491,0.000875947512055638,55319.73607118684
1737978180,0.00109572714740901,0.00115642064936468,0.000832726457987144,0.000972517139177135,92739.87557946205
1737978120,0.001211143574024,0.001211143574024,0.0010221948113743,0.00109572714740901,45084.52682156322
1737978060,0.00109041624615754,0.00152344715840971,0.00100120138138156,0.001211143574024,56253.08801084226
1737978000,0.00130759056228269,0.00132005472953381,0.00106630465706754,0.00109041624615754,42418.18307486678
1737977940,0.00153986515863345,0.00157670638401818,0.00129937785682783,0.00130759056228269,34386.50259796265
1737977880,0.0013924883551152,0.00161328095051627,0.00138010086150417,0.00153986515863345,30477.28607137374
1737977820,0.00157202999756831,0.00157833552456633,0.0011819656036104,0.0013924883551152,51716.68349884766
1737977760,0.00160896239144958,0.00171849739342167,0.00152253183736138,0.00157202999756831,47966.72917291226
1737977700,0.00159188452655424,0.00165533626195154,0.00150814941250901,0.00160896239144958,24600.49506832991
1737977640,0.00146401122776653,0.00163132306929158,0.00143277340173501,0.00159188452655424,18711.33323612341
1737977580,0.00131302086827384,0.00147623821854021,0.00129078837376902,0.00146401122776653,27017.90999855706
1737977520,0.00137727835129883,0.00145608578305129,0.00122613840903474,0.00131302086827384,50744.27662004421
1737977460,0.00126138126484435,0.00140643472044207,0.00125545978593062,0.00137727835129883,19053.69787688061
1737977400,0.00110319971018179,0.00134118956241901,0.0010495074320721,0.00126138126484435,64270.99198376806
1737977340,0.00135498605190659,0.00136138250982549,0.00109115793921496,0.00110319971018179,28839.99524790591
1737977280,0.00147158180942093,0.00149343791175752,0.00126640801314913,0.00135498605190659,23518.57330398502
1737977220,0.00150871728456971,0.00150871728456971,0.00122034502514402,0.00147158180942093,36324.16905030219
1737977160,0.00137603498176846,0.00151616585960572,0.00122439814106571,0.00150871728456971,37042.05378223331
1737977100,0.00135607596196719,0.00143060292273279,0.00124968870097708,0.00137603498176846,25815.13791661855
1737977040,0.00149526239298173,0.00154078176425998,0.00116541309512227,0.00135607596196719,72871.37214250666
1737976980,0.00146414094270955,0.00167199973142107,0.00143759916304285,0.00149526239298173,49471.84315194877
1737976920,0.00167606549879454,0.00177980695665402,0.00134346127877923,0.00146414094270955,70862.54188805039
1737976860,0.0015505951751624,0.00178741520318182,0.00151578361999441,0.00167606549879454,39577.55729766456
1737976800,0.00143835760815412,0.00168012156484722,0.00142448270442946,0.0015505951751624,58852.76520417886
1737976740,0.0011405699856335,0.00146276478232351,0.00101029582359638,0.00143835760815412,81580.5532144549
1737976680,0.00141030792359196,0.00146386374588391,0.00110334860804776,0.0011405699856335,41693.33462702546
1737976620,0.00129578995833957,0.00157238087421892,0.00124041731247394,0.00141030792359196,62842.65941147982
1737976560,0.00158365840931731,0.00160683995970256,0.00105122495112452,0.00129578995833957,153132.26241547603
1737976500,0.00168954217077224,0.00170621607288184,0.00147179513437011,0.00158365840931731,53851.85104604446
1737976440,0.00155342496983436,0.00178747793259086,0.00145241021828168,0.00168954217077224,105528.79915654442
1737976380,0.00136443711809346,0.00159161836253242,0.0013435711754494,0.00155342496983436,37253.72520420664
1737976320,0.00142513094192149,0.00185527836995372,0.001200248548443,0.00136443711809346,115206.72186324876
1737976260,0.00150782170105313,0.00156458819959444,0.00135405588572928,0.00142513094192149,51624.39516053178
1737976200,0.00141915997632398,0.00160485387471273,0.00127501732154255,0.00150782170105313,126133.2109831727
1737976140,0.00126113589725274,0.00160378185290984,0.00107787846446002,0.00141915997632398,113858.20681064874
1737976080,0.000854294505469934,0.00145728173171937,0.000854294505469934,0.00126113589725274,161022.52690952682
1737976020,0.000927799222934957,0.000994855867648091,0.000807378608118438,0.000854294505469934,38899.03225848867
1737975960,0.000823825679363205,0.00125835799851714,0.000813497714745258,0.000927799222934957,84786.14676119995
1737975900,0.000856997713425865,0.000856997713425865,0.000626982125537182,0.000823825679363205,39387.34932330861
1737975840,0.000779271037707839,0.000909413849799115,0.000776816470061696,0.000856997713425865,35381.3320197915
1737975780,0.000882391172041497,0.00100797761650355,0.000622302149058975,0.000779271037707839,59207.02414265071
1737975720,0.000875559724830928,0.00113627235368751,0.000832932507427272,0.000882391172041497,76845.35232791606
1737975660,0.00077669964447479,0.000976781321969632,0.000775098331309186,0.000875559724830928,34045.93904537715
1737975600,0.000763048054058274,0.000820026711139102,0.000721752137437283,0.00077669964447479,23537.16759318879
1737975540,0.000695526939767194,0.000854516798271367,0.000694355916829914,0.000763048054058274,31724.99617420942
1737975480,0.000701188554473686,0.000723236456328338,0.000617631933974331,0.000695526939767194,19876.06544626588
1737975420,0.000672938426164054,0.000756490232922294,0.000672938426164054,0.000701188554473686,18461.23708048524
1737975360,0.00076389963838575,0.00100784202909945,0.000588488839323065,0.000672938426164054,104343.13582475978
1737975300,0.00079518200149038,0.000819917911808414,0.000683117174226862,0.00076389963838575,29183.85884550456
1737975240,0.000878315292260653,0.00088523257684274,0.000614306710190897,0.00079518200149038,53373.82298820416
1737975180,0.000885600011624026,0.00104534601284637,0.000767008533341656,0.000878315292260653,84808.39798729008
1737975120,0.000395620441930539,0.000926820790552343,0.000395620441930539,0.000885600011624026,80686.84710388698
1737975060,0.000509519812386637,0.000527645123331596,0.000335749163092761,0.000395620441930539,30897.94200151436
1737975000,0.00057870748440632,0.000587688924785858,0.000492753827340516,0.000509519812386637,8746.317284167
1737974940,0.000577787157737926,0.000619911566747985,0.000572091723742183,0.00057870748440632,9573.24511580542
1737974880,0.000526619389188436,0.000602642921193308,0.000513717601946315,0.000577787157737926,11089.11284530963
1737974820,0.000533215297048258,0.000553527054119227,0.000494912293985519,0.000526619389188436,8513.06142070776
1737974760,0.000581129163698452,0.000600809569256288,0.000502524969121065,0.000533215297048258,29159.09203103439
1737974700,0.000505854729621695,0.000602413687240541,0.000505854729621695,0.000581129163698452,22071.66449225437
1737974640,0.000485890713184283,0.000510879319687692,0.000462618554219161,0.000505854729621695,8759.11474423049
1737974580,0.00048658147240047,0.000636823187195341,0.000467451929510223,0.000485890713184283,21077.3775170742
1737974520,0.000481160531717263,0.000489253282073783,0.000420236392557651,0.00048658147240047,21606.1890838479
1737974460,0.00054792872361411,0.00054792872361411,0.00046679838119995,0.000481160531717263,7800.6591220843
1737974400,0.00050570108019808,0.000550337253950717,0.000490143663507613,0.00054792872361411,13809.20925639281
1737974340,0.000463980447192336,0.000609261708188454,0.000411981569239112,0.00050570108019808,35784.18862454322
1737974280,0.00054301105868245,0.000547147119571758,0.000440805239267291,0.000463980447192336,26360.17377445152
1737974220,0.000506089938959099,0.000597485791014572,0.000495315929434396,0.00054301105868245,36803.6694687435
1737974160,0.00047540968586314,0.000597084466002379,0.000461190020940631,0.000506089938959099,35270.94502163716
1737974100,0.000512534111264873,0.000518868130988187,0.000415626818987808,0.00047540968586314,27842.38900639779
1737974040,0.000526733721861319,0.000556615569331986,0.000346383104289915,0.000512534111264873,91149.77676043345
1737973980,0.000606325455766771,0.000657011577824852,0.000505974243547205,0.000526733721861319,36640.08281303093
1737973920,0.000552069597450863,0.000759509501446869,0.000534299841386126,0.000606325455766771,48890.52444366485
1737973860,0.000496924736109732,0.000633929499723846,0.00041942972720804,0.000552069597450863,53212.11634565028
1737973800,0.000442983349273376,0.00050786056419418,0.000430909205445128,0.000496924736109732,29022.48081191123
1737973740,0.000301395656353894,0.000444603356041398,0.000283616115480284,0.000442983349273376,53259.48822539831
1737973680,0.000238066774498839,0.000327601556645791,0.000237324493176188,0.000301395656353894,17450.10500298715
1737973620,0.000257944896055947,0.000306440457052315,0.000220251247780962,0.000238066774498839,20464.70763651126
1737973560,0.000275166567557926,0.000275245078308853,0.00018812394559361,0.000257944896055947,22229.95821467484
1737973500,0.000276770323655639,0.000302722706814161,0.000274010327720315,0.000275166567557926,6052.14226630839
1737973440,0.000264629172860432,0.000293557652603281,0.000264629172860432,0.000276770323655639,10984.7534280211
1737973380,0.000276598093297897,0.000344239754145594,0.000213688893199483,0.000264629172860432,55337.17148394002
1737973320,0.000284280348328743,0.000374603509391962,0.000275883424151945,0.000276598093297897,22426.21480759936
1737973260,0.000163492837787227,0.000287059058964905,0.000163492837787227,0.000284280348328743,32093.43828426389
1737973200,0.000134474326575203,0.000175968045834662,0.000126520325660755,0.000163492837787227,8149.84835596414
1737973140,0.000146071023370046,0.000152573912456062,0.000123349457603178,0.000134474326575203,10380.32041724065
1737973080,0.000122393598076398,0.000155071008999659,0.000119154757508547,0.000146071023370046,13154.37213467295
1737973020,0.000163085243132373,0.000163085243132373,0.000115444863731331,0.000122393598076398,16592.41386187937
1737972960,0.000167909379093937,0.000176149028701034,0.000155908358464615,0.000163085243132373,6688.27507335329
1737972900,0.000151505074680685,0.000170760337903071,0.000136212474981766,0.000167909379093937,12681.45046808604
1737972840,0.00014373750610476,0.000176571668767937,0.00014373750610476,0.000151505074680685,13957.50312630687
1737972780,0.00021910663751786,0.000220657087093572,0.000134432691398158,0.00014373750610476,14762.97044530035
1737972720,0.000193413599276227,0.000228153585412255,0.00018832176689104,0.00021910663751786,5634.50277135444
1737972660,0.00022306852818035,0.000254471518200308,0.000193413599276227,0.000193413599276227,16091.53797441576
1737972600,0.000174197511560441,0.00022306852818035,0.000170452289227119,0.00022306852818035,9788.40421189379
1737972540,0.000175059175455617,0.000214697120991679,0.000174197511560441,0.000174197511560441,10581.80599850453
1737972480,0.000126921674477569,0.000175851698136668,0.000122174820523465,0.000175059175455617,10160.9093466386
1737972420,0.000152740761448671,0.000155943703872808,0.000117506247450906,0.000126921674477569,13754.8468822408
1737972360,0.000184217240063599,0.00019770939167209,0.000143123712143986,0.000152740761448671,24411.14332227177
1737972300,0.000220709304493019,0.000231284770882362,0.000154611373309237,0.000184217240063599,23915.77443199509
1737972240,0.0002777434864029,0.000339878647150171,0.000186289095992216,0.000220709304493019,40850.48173863701
1737972180,0.000308697500669094,0.000313648446595136,0.000246775689014643,0.0002777434864029,17455.90101913639
1737972120,0.000257611232260555,0.000308697500669094,0.000247542116772542,0.000308697500669094,27624.04053374058
1737972060,0.000243855445391691,0.000278841900503837,0.000217252523729022,0.000257611232260555,25930.93969507722
1737972000,0.000178134729099243,0.000253606213287638,0.000177463229482863,0.000243855445391691,14635.11711937722
1737971940,0.000178105962917977,0.000195197159851124,0.000164916904339836,0.000178134729099243,9605.60603604409
1737971880,0.000153726835594923,0.000209434707454863,0.000147829976604516,0.000178105962917977,12239.95178042346
1737971820,0.000171873231194652,0.000179366668190011,0.000153726835594923,0.000153726835594923,7401.70847821024
1737971760,0.000175962232532482,0.000187595482285512,0.000145214354900747,0.000171873231194652,20500.79331547847
1737971700,0.000175629856375717,0.00018779392466402,0.000127113805905553,0.000175962232532482,21528.70847809667
1737971640,0.000141401927755504,0.000199601796487041,0.000141401927755504,0.000175629856375717,19604.7413626516
1737971580,8.18080852158083e-05,0.000167448656535148,8.18080852158083e-05,0.000141401927755504,33234.71119551525
1737971520,0.000127579108448521,0.000128139952408917,6.68353718274869e-05,8.18080852158083e-05,30757.87948421762
1737971460,0.000147475287912409,0.000153926834239365,0.000122579291416541,0.000127579108448521,16021.7016573916
1737971400,0.000125334737698999,0.000179802611421345,0.000125334737698999,0.000147475287912409,21848.8979755556
1737971340,0.000230527034995215,0.000263000337672039,0.0001247276444393,0.000125334737698999,38742.82260135337
1737971280,0.00015706386123154,0.000256893081633356,0.000148692948787698,0.000230527034995215,46161.36780327111
1737971220,0.000280679895733239,0.000313819875652843,0.000111000309354977,0.00015706386123154,62569.1855154142
1737971160,0.000417655707870476,0.000465836871471002,0.000264187038137955,0.000280679895733239,99459.55378337752
1737971100,0.000499981929288441,0.000566125130586472,0.00035596586247647,0.000417655707870476,69314.22233315336
1737971040,0.000520658168891184,0.000647281148437396,0.000350341666504229,0.000499981929288441,105938.52584119538
1737970980,0.00036757792387395,0.000584604950543378,0.000351077368094647,0.000520658168891184,128751.27510493048
1737970920,0.000241147597934237,0.000384505573655458,0.00020724622881762,0.00036757792387395,55628.98930729364
1737970860,0.00025925633596962,0.000381920117848966,0.000185328114832613,0.000241147597934237,93826.14961516063
1737970800,0.000319875600996684,0.000361414322622626,0.000228818479410509,0.00025925633596962,55822.31010453065
1737970740,0.000309873271380605,0.000414367142422254,0.000245897680240102,0.000319875600996684,81692.32387189209
1737970680,0.000229264278576541,0.000351925396664588,0.000229264278576541,0.000309873271380605,72856.36264545239
1737970620,0.00016882646904229,0.000293886935713186,0.00016882646904229,0.000229264278576541,88438.14669963357
1737970560,0.000133219296825454,0.000199353661968929,0.000133219296825454,0.00016882646904229,48036.63315010176
1737970500,0.000122476792152521,0.000143744419258111,8.09605535632678e-05,0.000133219296825454,54031.24122639735
